p cnf 85 326
-32 85 0
-22 -41 -56 0
-13 -25 39 0
22 -23 -28 0
14 61 -66 0
-7 16 77 0
12 17 -76 0
-22 -36 -82 0
23 36 50 0
-47 -65 -67 0
-36 42 -61 0
-2 -47 -62 0
18 42 68 0
-6 16 75 0
13 50 -79 0
-15 52 58 0
33 37 61 0
6 14 45 0
-11 55 0
-52 -57 -79 0
-4 17 35 0
-35 61 -75 0
-23 -32 -55 0
-11 47 -48 0
-74 -77 80 0
-9 27 0
-6 26 37 0
-13 -68 -81 0
-9 -51 -60 0
-3 -29 45 0
-27 -56 61 0
-22 -74 85 0
24 -29 0
31 41 77 0
10 -31 77 0
19 -42 0
27 -84 0
-26 -36 59 0
22 -30 35 0
-2 -61 85 0
11 -18 -70 0
31 40 -68 0
17 71 -81 0
15 48 0
-71 74 -84 0
8 35 -72 0
2 20 -23 0
-17 -67 0
-28 59 -68 0
3 -5 -15 0
-25 37 0
-62 66 -67 0
33 77 82 0
-14 -68 -79 0
-9 -40 -65 0
-46 58 0
-1 24 60 0
13 37 74 0
12 -80 -83 0
17 -48 0
24 46 -50 0
-2 21 -32 0
-54 -73 0
-1 15 -18 0
-54 58 -71 0
-17 -32 -76 0
-1 -34 0
-55 -61 0
10 -59 -68 0
4 48 -82 0
24 -43 -64 0
5 16 40 0
2 5 47 0
-13 35 -83 0
-49 -57 -61 0
-42 -53 -63 0
-25 43 51 0
-65 -69 0
-5 77 0
13 44 -68 0
8 76 -78 0
-27 45 78 0
-15 26 -59 0
-19 -62 -81 0
-63 -64 69 0
35 -67 0
13 54 -76 0
25 -30 40 0
-33 -63 -80 0
62 -63 0
-20 -21 0
-1 33 -67 0
21 29 60 0
12 -39 45 0
-33 -47 76 0
1 -7 0
-5 42 43 0
-8 -60 73 0
-58 59 -76 0
17 60 -78 0
-4 -14 48 0
-4 -23 47 0
-5 8 33 0
19 44 73 0
-58 -68 0
-57 -79 0
15 22 -57 0
39 56 -78 0
11 14 54 0
-15 68 -74 0
-8 32 70 0
-17 -32 36 0
17 40 84 0
-47 -59 -76 0
-80 -84 0
24 -34 -59 0
11 -32 78 0
23 31 -49 0
37 -45 76 0
6 44 -74 0
-12 -23 -69 0
29 -34 56 0
46 -67 76 0
31 45 63 0
-20 40 76 0
-38 -44 -47 0
16 -20 85 0
12 61 -62 0
30 -63 -69 0
2 -5 -44 0
-71 -78 0
44 48 64 0
24 26 -40 0
-1 39 -44 0
-26 -54 59 0
27 63 0
40 84 0
4 -28 48 0
12 -77 0
9 -28 44 0
12 -47 51 0
-27 37 71 0
-44 -56 83 0
40 45 -85 0
-32 -40 0
2 -31 68 0
-70 82 0
1 -26 -72 0
12 13 85 0
36 -60 71 0
-10 29 -66 0
-35 79 0
-5 15 53 0
16 28 40 0
24 -37 -82 0
-47 83 0
31 -38 73 0
-7 82 0
21 -35 -75 0
-50 -74 -79 0
13 -19 -68 0
52 57 0
69 -78 81 0
18 30 48 0
-41 46 -79 0
-48 -66 0
-50 59 -84 0
57 -67 0
-12 -17 85 0
-13 29 0
48 49 55 0
12 -40 -77 0
3 13 -47 0
11 -26 -71 0
-18 -35 43 0
-49 -84 0
27 45 84 0
-61 -71 0
30 -36 -47 0
58 -72 84 0
-13 35 0
-14 53 0
17 55 63 0
17 29 -68 0
11 -79 83 0
-36 -53 73 0
6 38 -81 0
15 -36 -59 0
-3 -27 81 0
26 -62 -79 0
47 -50 0
-13 21 -58 0
82 85 0
-19 -59 73 0
11 -44 53 0
-10 -65 70 0
-10 18 -50 0
-18 -21 31 0
-40 -50 52 0
12 35 0
-31 63 -78 0
15 29 61 0
24 52 -66 0
-2 50 -52 0
32 -45 72 0
3 49 56 0
-28 -54 -61 0
-3 -41 59 0
35 -50 -82 0
-3 -6 -61 0
57 70 0
51 -85 0
-7 -34 -66 0
33 -51 82 0
-53 61 -74 0
-16 -30 -68 0
16 -37 46 0
-49 53 -78 0
-41 -73 0
2 48 0
30 -31 0
-34 40 0
21 40 45 0
3 53 64 0
-18 78 -84 0
37 63 68 0
-19 27 -71 0
19 41 50 0
-19 -35 -74 0
-20 -44 0
-51 -67 0
35 -43 -72 0
-6 44 -65 0
10 14 27 0
-13 -54 64 0
-3 -17 -44 0
-15 39 50 0
-38 50 -55 0
5 -20 -63 0
3 -24 -74 0
-41 47 73 0
34 69 0
-8 -22 -62 0
-3 18 74 0
-33 47 85 0
27 41 78 0
-3 -11 0
-15 -57 74 0
26 66 0
-9 -16 62 0
-2 -57 -62 0
-11 -46 -68 0
5 -45 77 0
-56 -59 -82 0
-35 -72 -82 0
-21 45 50 0
-17 -36 70 0
4 16 -62 0
6 16 -69 0
2 54 83 0
58 -83 0
-34 -41 0
9 -34 54 0
-32 44 72 0
-24 -48 0
22 38 84 0
-23 -44 59 0
59 -78 0
31 41 83 0
47 56 70 0
14 53 -84 0
-26 27 -51 0
7 -63 0
-23 -71 -79 0
-17 39 -68 0
74 -80 82 0
-33 -36 -71 0
25 29 -59 0
-56 -60 65 0
11 60 -68 0
38 -43 47 0
45 -64 -75 0
4 39 69 0
14 32 58 0
25 55 0
-3 4 0
40 -68 0
1 -20 -61 0
-46 76 -78 0
49 -79 0
-7 16 -17 0
9 -22 27 0
-43 55 0
-4 36 76 0
-24 51 0
-14 47 51 0
53 56 -76 0
10 45 -70 0
8 -25 0
-23 -66 0
-51 -72 0
-19 -66 -82 0
-3 -77 -80 0
-18 36 48 0
-25 82 0
19 -26 0
-12 33 68 0
66 -73 -84 0
-65 73 0
-27 60 0
55 71 0
-11 -28 49 0
13 -18 -69 0
36 -46 -66 0
48 50 56 0
2 38 0
-31 53 -56 0
14 -74 -81 0
4 -56 77 0
8 63 -65 0
10 27 -56 0
5 -58 -73 0
-36 44 0
28 -35 -73 0
-17 21 40 0
-65 -72 -76 0
