p cnf 86 324
-57 66 68 0
16 34 -46 0
2 36 -75 0
13 -61 64 0
-31 -76 0
-10 16 37 0
74 -81 0
-23 54 -81 0
43 -68 -84 0
-38 -46 -86 0
8 -26 -31 0
7 -31 33 0
-33 53 65 0
-20 -47 67 0
52 -68 -70 0
-48 -52 66 0
35 67 -68 0
3 9 64 0
-9 -72 -82 0
-24 -39 -43 0
-28 62 0
-56 -61 -74 0
9 -34 64 0
-66 -71 0
-9 -46 56 0
6 -45 -60 0
-4 20 -25 0
-21 -61 62 0
15 -41 -46 0
29 79 81 0
11 44 45 0
16 23 -68 0
1 31 0
-13 -51 -86 0
-8 -66 -77 0
19 23 -64 0
-33 -35 -85 0
-31 34 0
-56 -74 79 0
-28 59 -83 0
-22 -39 73 0
68 70 82 0
-16 -23 61 0
-21 -32 -73 0
-17 56 0
-24 39 -86 0
14 38 -57 0
21 69 0
14 -37 -68 0
-11 56 -69 0
-14 72 0
-7 8 -52 0
-13 27 44 0
23 -79 0
6 47 -60 0
6 -66 0
7 -37 -64 0
55 58 -60 0
41 64 0
7 35 73 0
24 29 42 0
10 -78 -80 0
-5 -11 85 0
4 -14 0
2 48 -81 0
-3 61 0
-4 -82 0
4 -42 -49 0
10 49 60 0
16 24 -75 0
10 66 69 0
-10 -12 0
-20 -25 -62 0
25 41 84 0
-31 -65 -80 0
39 -43 -45 0
-6 80 82 0
-4 -46 -83 0
-38 -48 -75 0
-49 51 0
-36 -38 -76 0
-51 58 79 0
-6 -53 -72 0
52 -53 -86 0
-42 -49 -58 0
-5 41 69 0
-13 23 77 0
23 35 0
7 69 0
-13 74 0
-57 -65 -81 0
-1 -19 50 0
62 -71 -86 0
31 81 0
40 44 -86 0
-15 -42 60 0
23 -67 0
32 -39 -77 0
-40 83 0
-17 54 -76 0
15 57 -71 0
-38 42 71 0
-2 7 39 0
12 -65 0
2 -48 83 0
-29 -64 0
9 -30 -56 0
-19 -23 50 0
-15 17 75 0
16 69 0
-32 -68 -85 0
1 -22 -78 0
-65 -67 -76 0
-55 62 83 0
38 -73 77 0
38 -59 61 0
38 52 73 0
-3 57 80 0
39 47 77 0
-10 29 47 0
8 -27 0
-26 34 -85 0
4 -11 -43 0
6 -82 0
-20 -86 0
5 50 51 0
40 -59 64 0
-17 25 38 0
-12 18 -36 0
-17 60 -77 0
-22 32 0
-6 48 0
-1 -39 -76 0
-30 55 -58 0
-65 79 -80 0
39 -55 -74 0
-16 32 -53 0
41 43 -51 0
26 59 85 0
8 51 84 0
23 28 -74 0
9 10 0
11 20 32 0
30 36 46 0
-19 -50 -63 0
58 -62 -63 0
9 21 63 0
-35 48 -67 0
17 65 -80 0
2 28 72 0
50 51 0
15 55 -69 0
4 48 -70 0
26 -30 -64 0
6 -14 -63 0
-25 -77 -86 0
22 55 80 0
-16 -63 66 0
-35 85 0
-5 33 62 0
48 56 -77 0
23 40 -53 0
33 48 78 0
-54 -69 -75 0
-58 74 0
-5 48 -64 0
11 84 0
-30 34 -50 0
-15 32 59 0
22 38 39 0
-63 -73 0
-69 78 80 0
2 47 48 0
43 74 -77 0
43 -52 -67 0
18 43 0
-31 68 69 0
20 -49 70 0
-49 52 54 0
58 -79 81 0
33 34 -54 0
-44 -67 -80 0
-10 -67 86 0
-22 -30 44 0
-14 39 -80 0
7 55 82 0
-36 52 -57 0
-16 -42 -44 0
-36 63 85 0
60 63 79 0
5 -12 -80 0
-46 51 79 0
-26 -51 -80 0
-7 28 72 0
15 -47 -75 0
-30 60 0
11 46 0
-30 59 -82 0
-34 -35 -81 0
37 43 -83 0
43 62 65 0
40 48 0
-32 56 73 0
-2 -17 -25 0
-26 -62 -76 0
-50 70 83 0
-49 -72 0
14 41 0
1 59 75 0
-13 -52 -56 0
7 -79 0
64 69 80 0
-33 -48 -84 0
1 -3 -46 0
-36 -53 65 0
30 -56 0
1 -32 42 0
-44 46 71 0
-41 -46 77 0
11 -44 -69 0
-2 12 -69 0
12 -57 -83 0
53 -61 -66 0
1 -33 -76 0
5 -49 0
-10 17 -64 0
41 71 74 0
-18 -80 -82 0
-4 -19 -76 0
11 -68 0
-7 28 -51 0
20 -43 64 0
59 75 -76 0
36 -71 -82 0
-9 37 40 0
7 -48 86 0
7 -47 53 0
1 86 0
2 -18 -26 0
17 30 63 0
-41 -47 -75 0
-66 -74 79 0
-25 -44 68 0
24 25 54 0
11 56 -79 0
-34 -37 81 0
45 47 60 0
-14 69 70 0
1 -66 0
19 28 47 0
22 32 0
11 26 -71 0
35 62 -65 0
17 46 50 0
11 -38 -58 0
6 33 -57 0
34 46 -80 0
-31 -63 -76 0
43 -60 81 0
8 45 57 0
36 38 -52 0
-17 39 -76 0
1 -23 39 0
14 18 -25 0
-13 -44 78 0
8 -64 68 0
8 -46 75 0
-12 -34 83 0
29 42 45 0
-25 -41 -57 0
-8 -63 -67 0
43 51 76 0
1 37 73 0
17 43 -48 0
7 33 -60 0
24 34 -43 0
45 -55 74 0
-32 74 82 0
13 -33 80 0
-26 71 76 0
-54 -73 0
9 43 -59 0
-9 22 -63 0
-4 -57 -67 0
-36 57 66 0
4 20 71 0
-2 -22 -25 0
2 -13 -69 0
24 -25 0
18 -32 49 0
-41 81 -85 0
-53 -76 0
-15 -26 -67 0
28 -42 -63 0
33 -51 84 0
-6 57 0
-28 41 -74 0
-7 15 20 0
39 -64 80 0
67 75 0
20 43 82 0
-38 47 -79 0
40 -65 0
-19 59 85 0
-26 -55 83 0
15 18 0
-30 -77 80 0
-50 -57 -81 0
-35 -58 -77 0
-56 -61 -86 0
-6 41 48 0
-10 -64 0
12 26 -66 0
-47 62 71 0
-14 42 44 0
24 -52 75 0
-1 -3 -65 0
-32 58 -67 0
43 -78 0
-28 -43 65 0
-28 -77 0
19 51 -54 0
52 -60 -65 0
22 -58 66 0
