p cnf 89 335
10 63 83 0
-8 29 57 0
-56 -59 60 0
33 58 80 0
41 -45 -59 0
-15 -21 51 0
-1 -16 62 0
-15 -85 88 0
-19 -78 85 0
5 44 54 0
15 -57 -88 0
-43 61 -66 0
54 -68 0
-45 52 55 0
49 -52 69 0
1 14 56 0
11 50 85 0
27 -88 0
-25 39 -80 0
-22 -43 -87 0
15 -43 71 0
30 33 63 0
21 46 -87 0
-8 61 -70 0
-6 -53 0
-2 -20 -67 0
-13 52 68 0
41 43 -67 0
-41 70 81 0
-23 56 0
6 52 72 0
47 54 0
6 -77 0
20 -28 -29 0
11 42 87 0
-30 -31 55 0
-7 -42 -51 0
38 64 86 0
12 -48 51 0
-39 62 78 0
-15 29 31 0
8 15 86 0
-4 50 63 0
22 -38 53 0
16 49 65 0
17 67 85 0
2 65 85 0
23 -35 62 0
37 -52 87 0
11 41 0
-24 26 -47 0
8 -13 -62 0
-30 68 89 0
8 9 53 0
1 22 52 0
-34 -43 -48 0
-13 -24 31 0
10 13 59 0
-24 -62 -86 0
-7 -65 0
-25 37 42 0
-31 86 0
10 16 -26 0
-4 -47 65 0
37 -83 0
-16 -40 60 0
-11 12 -85 0
-2 -22 -45 0
-17 -19 67 0
-76 82 86 0
-22 -49 -68 0
-54 -66 -79 0
39 -62 -78 0
-22 73 84 0
16 -75 87 0
-41 -73 86 0
12 22 69 0
-78 81 0
-4 14 -24 0
56 -75 -80 0
3 36 87 0
74 -79 0
-2 50 -58 0
-3 -11 41 0
-11 30 -64 0
-19 -27 31 0
-28 64 0
-51 -63 -76 0
-39 -63 -66 0
-60 63 -79 0
-9 62 76 0
43 76 88 0
-51 69 83 0
-8 -36 -73 0
46 -62 77 0
-9 14 38 0
-41 42 67 0
-7 -53 -55 0
-19 39 -86 0
14 -25 -80 0
-29 -68 -71 0
-46 -57 -69 0
-12 36 -40 0
-7 22 62 0
3 60 -87 0
-41 -81 0
-34 -44 0
-26 63 0
-11 55 76 0
-49 63 81 0
-50 55 -73 0
-3 -73 75 0
-1 -25 -55 0
21 25 -55 0
-8 31 -57 0
7 -32 -41 0
-2 -3 -21 0
15 50 53 0
11 47 -68 0
-21 -44 -84 0
8 -15 -65 0
23 -34 65 0
-13 -20 84 0
28 -39 -44 0
10 -11 44 0
-75 84 85 0
-31 -80 0
-16 51 -85 0
20 -57 -60 0
-16 -77 86 0
41 -48 0
-8 55 0
8 10 84 0
14 -21 82 0
5 -8 -62 0
10 -23 -59 0
-71 75 79 0
-18 -23 -30 0
-64 -71 -77 0
-57 -58 86 0
-30 -33 54 0
-18 85 0
-28 -32 -40 0
54 73 0
19 -32 -80 0
69 75 -89 0
-20 40 0
-4 -24 -31 0
5 -50 -68 0
-1 -26 -73 0
-5 42 -83 0
4 -9 84 0
-20 -79 86 0
17 49 71 0
32 45 68 0
-4 80 -83 0
19 65 -80 0
29 -59 0
-30 -71 0
-5 13 45 0
1 -12 -29 0
20 -29 -64 0
11 25 53 0
23 -43 44 0
-1 -58 74 0
-26 -57 89 0
-28 61 -66 0
4 -8 43 0
-29 44 -72 0
16 -42 85 0
-13 -16 33 0
-19 -22 82 0
-16 57 0
-15 30 -85 0
-8 -16 89 0
14 -41 88 0
-1 42 -60 0
-33 47 81 0
-48 -77 85 0
8 28 62 0
22 -43 73 0
-49 59 -65 0
-26 -27 37 0
4 8 -45 0
-20 -51 87 0
16 36 51 0
-38 60 0
-10 -52 -66 0
18 43 -70 0
55 61 0
12 35 -71 0
9 78 83 0
38 49 55 0
-11 -61 -73 0
-5 18 41 0
3 -4 -47 0
10 -15 -76 0
-63 -84 0
-15 -17 80 0
-42 -47 -71 0
15 19 77 0
72 -78 0
21 75 83 0
6 -14 75 0
41 51 -79 0
-35 -81 0
37 49 -65 0
67 -75 0
-39 -42 60 0
-37 -57 0
-45 -80 -88 0
5 -25 56 0
-10 -85 -87 0
13 -36 47 0
51 -63 0
24 33 -44 0
26 30 67 0
-4 -46 75 0
35 -82 84 0
-3 -15 45 0
42 53 -88 0
-18 29 87 0
-39 52 -74 0
21 -39 -42 0
-2 21 -78 0
17 -26 -48 0
-19 39 74 0
-20 50 69 0
24 -48 86 0
11 39 -76 0
1 -45 68 0
-4 6 9 0
-7 18 -44 0
-25 70 78 0
-37 -50 0
-26 -89 0
-16 -40 71 0
24 52 0
-5 68 -83 0
-28 -31 68 0
35 -57 0
51 -79 -85 0
67 86 0
-27 -31 -60 0
4 -12 0
9 -57 -61 0
33 -49 -71 0
-8 -11 -62 0
18 -43 0
-56 -65 -84 0
8 37 -41 0
-31 -42 -46 0
-27 -36 78 0
-2 -19 55 0
52 -54 -64 0
34 37 49 0
1 16 -50 0
34 -76 0
-7 49 79 0
-41 43 -66 0
-76 77 0
21 33 87 0
-33 -65 -85 0
-44 53 -63 0
-37 49 -52 0
-13 30 -75 0
3 33 -88 0
35 47 0
4 7 34 0
24 -26 -57 0
-3 -54 -55 0
14 30 -36 0
-60 -65 -70 0
-63 -70 0
-17 27 69 0
-56 75 -76 0
33 -39 -48 0
-15 18 78 0
-78 85 0
44 -46 70 0
10 14 65 0
11 27 -34 0
-33 -37 0
-20 39 48 0
-1 23 -40 0
-26 -33 -75 0
42 -46 0
2 43 -74 0
-56 60 -68 0
16 -24 -61 0
-5 -82 85 0
-12 -67 -77 0
6 -10 61 0
-54 62 -68 0
-9 16 -55 0
-29 30 57 0
-20 42 80 0
58 -62 86 0
52 -54 -83 0
-40 -45 0
5 -9 16 0
60 79 -81 0
-44 72 -81 0
-56 75 -85 0
13 -16 82 0
59 63 83 0
2 -5 -74 0
-2 -11 -17 0
53 -66 70 0
33 52 -66 0
-10 -84 0
1 -6 -53 0
-15 76 0
-30 -60 -89 0
56 71 0
24 -58 -76 0
-57 -74 0
5 -32 58 0
-10 24 34 0
-1 85 86 0
1 -51 -85 0
21 43 -44 0
-5 32 0
-11 29 -89 0
27 -36 -37 0
34 43 0
-36 -38 64 0
-22 -23 -60 0
-5 -61 70 0
-3 42 -71 0
10 14 -52 0
3 8 -66 0
-7 18 76 0
30 -34 49 0
-22 -68 71 0
