p cnf 88 323
-22 65 78 0
-26 -38 0
-20 -30 84 0
-2 36 -84 0
15 -39 78 0
19 48 -83 0
39 -49 80 0
36 37 74 0
-14 60 -69 0
10 46 -62 0
2 36 85 0
-12 -42 61 0
-2 3 -8 0
-3 -34 -67 0
-7 25 -44 0
-24 -43 -67 0
-20 -36 -38 0
2 -41 -88 0
-9 -38 47 0
47 -59 -87 0
5 -8 78 0
7 -51 82 0
1 -7 -47 0
-22 23 79 0
-10 -47 52 0
-27 -45 -84 0
8 51 64 0
-13 43 0
-26 45 52 0
-29 -40 -81 0
40 41 -63 0
16 42 57 0
-19 60 61 0
-25 -29 -39 0
27 -29 74 0
-3 -5 85 0
32 79 -85 0
-32 -58 -59 0
-3 -38 -80 0
-9 -71 -79 0
-23 34 -77 0
-40 -43 -50 0
10 34 71 0
32 75 0
1 -15 17 0
-37 -67 -79 0
-36 -45 -56 0
43 53 -81 0
81 82 0
-17 39 55 0
37 38 -52 0
36 49 65 0
-57 -63 65 0
-13 28 -63 0
3 -19 77 0
32 38 68 0
-18 47 49 0
-2 -24 -59 0
-43 -50 55 0
45 -60 -82 0
12 -40 0
-30 34 -88 0
-34 53 70 0
27 32 60 0
1 7 17 0
-26 29 80 0
44 55 86 0
56 64 -85 0
17 23 -61 0
-30 50 -60 0
-31 -62 0
-6 41 56 0
-35 -64 74 0
24 75 0
-14 86 -88 0
40 52 58 0
2 55 88 0
4 -24 -56 0
-33 -41 -75 0
7 19 -34 0
-28 70 -88 0
43 -65 -68 0
-37 -42 -63 0
-41 -42 64 0
3 -70 -87 0
-30 -70 76 0
-6 10 25 0
19 -28 71 0
-19 -29 -77 0
-37 43 85 0
2 -71 85 0
-42 -51 71 0
-1 -9 -35 0
-33 -82 0
2 -47 -50 0
-23 28 0
-1 30 55 0
22 46 0
-5 67 83 0
-9 68 0
21 33 47 0
8 -19 30 0
5 -50 -51 0
3 43 74 0
-73 86 -87 0
42 65 71 0
-8 23 -76 0
53 -64 77 0
35 42 65 0
23 -58 0
-5 -12 -53 0
18 -19 70 0
-23 81 0
-19 34 36 0
22 79 -87 0
4 -25 0
-29 -30 -34 0
22 -24 0
8 28 30 0
-7 -50 72 0
-57 66 67 0
-46 -82 0
-2 38 -62 0
13 38 51 0
-48 -56 -57 0
1 -55 85 0
25 -40 41 0
21 44 48 0
15 -27 -48 0
22 -64 0
-26 53 -87 0
-5 -32 42 0
21 37 0
35 37 -52 0
11 44 72 0
18 -53 0
11 -18 -64 0
-13 -71 0
6 -47 -79 0
-46 75 83 0
-42 81 -82 0
41 54 83 0
2 72 0
6 -25 39 0
34 36 0
44 52 -67 0
53 75 87 0
6 36 52 0
19 53 81 0
18 -82 0
-27 -43 45 0
-3 55 56 0
-7 65 -83 0
4 38 -84 0
8 54 86 0
9 38 76 0
-24 57 -72 0
-23 -72 -77 0
-13 -76 0
14 21 0
14 -48 60 0
-41 -59 0
-39 -57 0
43 -53 -69 0
-3 79 81 0
4 -49 56 0
-20 -35 62 0
42 -43 -51 0
13 74 0
5 -59 88 0
-46 -53 -78 0
7 86 0
-28 -84 0
-15 -41 81 0
22 -47 72 0
21 24 72 0
31 -48 59 0
34 48 0
-17 31 0
-15 -30 -70 0
38 67 -85 0
1 -45 0
-81 -82 0
-8 38 0
-15 -33 -74 0
-62 -65 -85 0
17 28 86 0
-9 61 75 0
-10 28 80 0
64 -73 -76 0
-17 20 76 0
11 -18 0
13 -21 58 0
51 -77 0
1 74 -76 0
-40 74 -76 0
8 -19 73 0
-9 78 0
-29 -58 0
24 -47 83 0
1 -27 88 0
-11 -45 62 0
27 53 -61 0
17 82 88 0
4 -48 -88 0
25 -67 70 0
-24 -70 0
-1 -33 -42 0
-1 -20 71 0
39 80 88 0
-16 69 80 0
7 16 -37 0
-50 -58 -81 0
20 -72 86 0
34 -45 -57 0
27 43 -50 0
33 82 0
5 -11 -64 0
-20 43 56 0
18 23 41 0
35 50 87 0
-7 58 67 0
-12 48 -71 0
-6 67 85 0
-9 -60 86 0
-15 19 -77 0
-32 80 83 0
27 -51 67 0
36 -63 87 0
52 -72 -75 0
15 -72 82 0
-25 -42 0
45 77 0
18 -50 -84 0
-35 -50 -79 0
7 -42 0
-12 -33 -73 0
-15 -36 -50 0
2 -37 79 0
-54 -73 0
-21 42 61 0
-22 28 -75 0
13 20 -26 0
30 -40 69 0
16 20 24 0
-40 -70 87 0
-56 60 62 0
43 69 -78 0
-7 -51 -78 0
-23 39 61 0
-14 -24 51 0
-36 -68 76 0
-7 24 -81 0
-28 -29 83 0
10 -81 -86 0
-4 -24 76 0
2 20 -69 0
-7 27 63 0
-54 88 0
1 -58 60 0
41 -56 -76 0
-1 10 13 0
-5 -59 -63 0
-16 60 -83 0
-14 -29 47 0
-9 29 77 0
-2 20 24 0
-2 30 -87 0
9 -47 -61 0
-5 22 66 0
60 74 -85 0
-10 -40 75 0
-16 23 54 0
-50 -76 -83 0
63 85 0
5 39 46 0
3 -57 65 0
-42 58 -59 0
-3 -34 -75 0
24 77 -84 0
-16 -62 -67 0
4 38 0
54 56 0
-38 53 54 0
-4 -79 -82 0
15 -81 87 0
-2 -56 -68 0
8 46 -82 0
21 25 0
-18 44 55 0
-6 -9 -31 0
25 60 -83 0
35 -79 88 0
58 -70 0
-17 63 70 0
15 -58 -87 0
43 -55 59 0
15 -70 0
-5 8 9 0
38 62 -77 0
35 -36 -73 0
47 65 0
7 -13 46 0
6 -47 80 0
34 43 66 0
-15 -30 -40 0
32 40 -61 0
31 59 0
16 -46 70 0
-4 57 67 0
6 -41 0
-27 -54 -62 0
14 18 -56 0
-22 36 0
-19 33 -79 0
51 62 0
21 -48 -57 0
35 55 59 0
-20 -48 -65 0
13 -62 -70 0
-13 41 -57 0
-22 30 47 0
-45 76 -82 0
