p cnf 94 363
11 23 86 0
9 -54 75 0
-4 6 94 0
-40 -80 -84 0
-12 66 69 0
4 -51 -56 0
-13 -79 -92 0
38 -64 93 0
-10 -29 -54 0
-4 7 -54 0
4 9 18 0
41 45 0
-5 30 83 0
-12 40 -63 0
-51 59 64 0
-26 49 82 0
-18 19 93 0
29 -90 0
2 18 -61 0
21 -27 -73 0
-41 43 44 0
-65 -81 0
-21 -68 -93 0
18 27 76 0
-37 -58 65 0
-3 34 44 0
-44 72 -77 0
-9 82 86 0
11 -18 -70 0
15 63 69 0
32 79 81 0
-47 60 75 0
-45 52 -91 0
-8 -22 -59 0
16 -48 51 0
-16 -58 -77 0
17 -61 91 0
8 19 88 0
-7 -58 79 0
-31 46 87 0
14 76 -91 0
-6 7 -51 0
-52 58 69 0
25 47 0
35 55 78 0
-25 31 -64 0
1 49 90 0
43 63 -84 0
7 59 92 0
-2 -15 -26 0
-17 83 -92 0
28 -44 -62 0
-52 -72 85 0
25 -41 -74 0
24 54 88 0
-53 88 91 0
8 25 -32 0
-13 79 85 0
-37 -68 -80 0
10 47 78 0
-1 64 82 0
17 36 -84 0
19 29 0
28 -32 61 0
65 78 -81 0
-14 68 77 0
-67 88 0
8 51 -85 0
73 -87 0
14 -32 0
41 -52 72 0
-24 -32 -61 0
-13 26 64 0
35 44 90 0
-49 55 85 0
3 13 80 0
11 47 -67 0
-9 27 61 0
34 60 -81 0
21 -26 87 0
-5 6 20 0
15 -20 -67 0
16 -35 -71 0
3 -59 -69 0
-4 -68 72 0
-2 -9 -47 0
30 -61 -64 0
-38 -72 0
-1 -39 75 0
-7 30 0
33 59 78 0
40 55 0
-13 -54 56 0
38 64 -79 0
6 -26 45 0
23 -37 -64 0
-12 16 90 0
40 -48 77 0
70 75 0
-24 65 79 0
-54 -58 78 0
-25 -61 -63 0
23 -72 -73 0
46 -50 85 0
-20 44 -46 0
-36 63 65 0
-8 18 40 0
-13 55 -78 0
15 -51 -77 0
62 78 -92 0
-14 63 -65 0
-17 33 -74 0
6 19 91 0
-8 74 75 0
-22 89 -91 0
10 55 63 0
-47 74 85 0
-22 69 -87 0
-30 53 -79 0
65 69 0
10 -49 -65 0
50 73 0
-29 35 58 0
-44 -76 83 0
-18 43 -74 0
2 -41 92 0
30 -37 43 0
-2 -60 82 0
-31 -56 78 0
-5 -63 -71 0
-5 57 58 0
-14 -53 -68 0
-3 -5 -39 0
11 -13 84 0
-17 -93 94 0
-7 68 75 0
-38 -42 -43 0
-56 64 -91 0
10 -30 -54 0
-10 35 -60 0
-39 67 87 0
48 -74 -84 0
40 -62 0
6 9 -15 0
6 18 -85 0
-29 -63 -64 0
27 -94 0
-20 -56 87 0
-41 57 -76 0
-35 -73 77 0
-22 45 -92 0
-45 75 -80 0
37 -62 71 0
-11 54 75 0
-22 50 -79 0
42 57 73 0
19 34 46 0
-19 -29 -91 0
-11 -14 59 0
14 -21 41 0
-34 59 -79 0
-6 43 -68 0
-18 -45 48 0
-34 42 -69 0
40 -55 -70 0
26 -57 -61 0
-15 48 -59 0
-10 11 -90 0
-4 -19 -66 0
-16 -57 59 0
-48 -50 54 0
-6 22 93 0
16 -44 -78 0
-23 -45 64 0
-21 -22 -69 0
-5 34 -78 0
2 79 0
6 76 -90 0
35 61 -82 0
-73 87 94 0
-19 -31 47 0
4 -9 -87 0
-27 -46 60 0
-39 -81 0
31 -60 -73 0
46 -58 -82 0
12 22 -59 0
46 -51 61 0
32 -45 0
-41 56 84 0
10 12 -58 0
-5 32 0
2 -65 80 0
34 -61 89 0
-39 -81 -93 0
-18 29 -90 0
-54 65 69 0
-22 66 76 0
-3 9 26 0
-10 -35 -64 0
6 14 46 0
-11 -31 71 0
-41 54 61 0
-14 26 32 0
-35 -66 -94 0
-60 -79 -80 0
37 62 -72 0
-8 -73 -83 0
-13 -70 -74 0
11 80 0
59 -73 -85 0
-10 36 -42 0
-52 81 82 0
24 34 -40 0
34 -43 86 0
6 21 -59 0
-43 58 74 0
-47 53 -91 0
17 -47 78 0
35 37 65 0
-25 43 91 0
-22 26 -71 0
-61 86 0
35 -41 -87 0
51 53 69 0
-27 -86 0
33 -86 88 0
-19 -78 86 0
17 -73 -80 0
42 53 -62 0
11 23 -38 0
3 -55 61 0
4 54 60 0
-22 47 -63 0
-46 86 -91 0
53 60 87 0
-65 72 -86 0
-9 56 -63 0
-8 -33 -92 0
-47 87 90 0
3 36 89 0
-26 28 53 0
-32 -40 45 0
-46 91 -93 0
18 -27 -85 0
17 35 -75 0
28 -55 72 0
-20 21 -35 0
-5 54 -56 0
-55 -72 79 0
40 -47 53 0
-34 77 -83 0
-55 -58 -74 0
36 -48 58 0
5 51 -73 0
-5 -13 27 0
42 -67 -76 0
-19 44 90 0
30 -65 91 0
73 78 88 0
-31 62 72 0
-5 -50 69 0
-1 -32 0
7 -52 -65 0
-7 20 -81 0
-7 -39 -80 0
-25 -30 69 0
74 -91 -93 0
-7 78 -87 0
-15 47 49 0
1 28 -48 0
-31 64 -91 0
30 -48 -80 0
42 54 -77 0
27 -76 90 0
-64 80 86 0
-25 -37 -76 0
5 52 -69 0
-15 -25 41 0
16 -40 60 0
-10 42 53 0
-69 81 87 0
57 76 80 0
-13 -28 -53 0
4 14 37 0
-14 29 80 0
-50 90 -94 0
-38 -46 75 0
2 71 80 0
9 15 34 0
-16 21 -60 0
-15 -23 -71 0
-40 -85 -88 0
-32 -63 -70 0
26 -32 64 0
-11 -45 85 0
-4 -9 23 0
-45 61 87 0
-5 -22 -58 0
69 -73 80 0
15 -16 -30 0
39 59 67 0
5 -35 -53 0
-11 -83 -93 0
11 -65 72 0
-38 41 51 0
-35 -53 -87 0
-15 72 -85 0
-10 -19 42 0
60 -69 -88 0
4 -81 -83 0
29 -51 -81 0
25 34 57 0
-19 -22 81 0
-57 -77 -85 0
-20 71 -82 0
58 -65 -81 0
-16 56 77 0
-30 86 0
-13 -14 46 0
-13 22 -61 0
-3 32 -64 0
2 -25 -70 0
-4 13 -85 0
3 45 75 0
4 -24 -82 0
-13 -31 -94 0
-9 -61 -63 0
8 -31 -85 0
-16 65 67 0
47 -48 -59 0
12 -22 69 0
44 69 75 0
9 -67 0
61 -62 -74 0
-25 -71 -80 0
36 -37 -55 0
-9 14 -56 0
-50 -63 74 0
1 -82 -89 0
61 62 63 0
4 19 -41 0
13 -37 58 0
52 -63 -85 0
4 -29 77 0
-21 50 51 0
17 -84 90 0
9 66 -90 0
-10 56 -74 0
-9 -36 0
21 -22 -89 0
4 7 -40 0
-8 -25 -71 0
44 -53 61 0
82 -86 88 0
28 43 -94 0
-31 63 -76 0
62 -69 -73 0
52 69 0
-59 -64 78 0
-5 -43 -60 0
22 68 -94 0
28 68 -79 0
