p cnf 73 237
-13 14 -32 0
18 -23 -53 0
-4 36 60 0
35 -63 66 0
20 -50 0
-21 39 -56 0
-4 -23 48 0
-22 -37 0
-12 35 69 0
-11 -46 66 0
10 -55 0
-20 -31 0
-17 -22 -62 0
11 -13 0
-6 33 72 0
-7 -31 -44 0
14 -43 63 0
-9 -40 64 0
-46 70 0
1 13 -36 0
-64 68 0
34 53 -65 0
9 19 -52 0
17 43 68 0
21 -33 0
9 -70 0
12 18 73 0
-17 44 55 0
5 -57 0
-21 -46 71 0
14 -16 -47 0
-14 32 0
8 -11 0
-57 66 0
9 58 61 0
-25 39 68 0
24 28 37 0
3 49 52 0
19 37 0
-42 62 0
2 16 -46 0
-21 50 58 0
16 18 0
-5 62 70 0
4 -18 -35 0
21 -41 -63 0
-19 24 0
-8 -15 -71 0
-26 -27 64 0
-6 -13 -22 0
-17 -38 0
6 -7 -21 0
-8 54 60 0
-26 43 0
33 64 0
46 -61 0
16 17 69 0
-10 35 64 0
25 -43 0
32 41 55 0
43 48 -50 0
41 63 73 0
-2 -52 -68 0
-5 24 58 0
18 -43 0
-37 -41 0
7 25 -31 0
-20 -22 0
-26 66 70 0
-26 57 -65 0
15 -40 -48 0
-8 37 72 0
-19 -29 40 0
-29 -37 0
-2 37 39 0
-5 51 0
-24 -45 0
6 46 56 0
6 -38 -67 0
-7 18 33 0
-30 61 0
-31 64 0
10 18 73 0
39 -50 62 0
22 50 0
-34 -40 0
14 19 57 0
-2 -46 0
8 32 0
41 69 -73 0
-1 16 -38 0
44 -66 73 0
-3 -49 0
-39 60 0
-16 -21 0
-42 -54 0
-12 -17 0
20 -40 -46 0
5 17 47 0
-26 -29 0
-24 -31 60 0
46 47 0
-12 -35 0
-14 -49 71 0
15 48 0
28 -50 -59 0
28 61 68 0
27 47 -49 0
38 41 -66 0
33 -64 0
-12 14 54 0
-42 53 0
26 -59 0
33 -64 0
-26 36 -42 0
12 24 0
31 -59 0
-12 -35 -43 0
-15 -39 0
8 19 -21 0
51 52 0
-38 -60 66 0
-42 -45 58 0
-9 -39 0
-4 -21 0
15 -33 -53 0
-21 -34 -60 0
-7 -48 54 0
-11 23 -43 0
16 -38 -70 0
22 33 54 0
38 -56 72 0
-23 41 -59 0
15 -17 0
-32 44 -66 0
16 38 69 0
29 34 -36 0
9 59 0
-11 -23 66 0
32 -41 58 0
-11 40 -48 0
-4 6 -38 0
-13 55 0
27 48 49 0
-2 5 43 0
-9 -16 30 0
11 -64 -68 0
11 -58 -69 0
38 -54 67 0
-1 16 -30 0
-8 33 -50 0
-39 45 -57 0
-25 -32 55 0
-27 28 -57 0
-4 21 -58 0
-12 19 0
-3 32 34 0
3 34 0
-21 51 66 0
-10 -12 -38 0
-12 -57 70 0
17 -31 -73 0
43 -48 -57 0
-2 -34 -67 0
-7 -46 -57 0
20 72 73 0
39 69 0
-12 64 0
10 37 0
22 44 -71 0
43 -67 0
59 -61 -71 0
-2 11 -19 0
25 37 0
12 -24 -55 0
1 51 0
-49 54 65 0
-9 -55 -66 0
-7 -34 -53 0
24 -27 -33 0
13 40 -53 0
-25 32 44 0
5 -16 63 0
-26 41 -43 0
-50 67 0
1 -10 39 0
9 -46 50 0
7 13 29 0
-9 -27 -46 0
-8 -28 70 0
-4 43 -44 0
-35 -51 70 0
-35 61 0
21 41 -64 0
29 -41 58 0
33 43 61 0
45 -53 0
10 -23 -60 0
9 30 0
-30 39 69 0
18 -45 -49 0
8 -9 0
-12 30 0
19 60 0
-28 -35 46 0
17 64 0
21 -57 0
9 -20 0
18 -27 0
-6 -29 -62 0
-2 -31 -73 0
1 12 -33 0
20 -64 -68 0
7 32 47 0
-21 46 -49 0
29 50 0
-21 32 -42 0
21 31 -41 0
-11 66 -70 0
-28 40 0
-4 11 -27 0
20 25 0
46 69 0
-33 -35 -66 0
-4 66 0
-27 34 53 0
45 -69 72 0
-27 40 -71 0
-14 -41 -65 0
-2 -42 -68 0
-11 26 41 0
-18 -41 -46 0
-1 -4 -72 0
21 -23 70 0
3 -24 38 0
26 71 0
-12 45 65 0
