p cnf 64 176
-27 64 0
-18 28 -50 0
26 39 0
24 -42 46 0
-32 42 0
-17 -38 -52 0
24 -32 -54 0
-18 35 0
36 -40 48 0
-29 -30 0
5 12 59 0
-8 16 -35 0
3 14 -52 0
-18 20 52 0
-38 -50 -55 0
10 20 0
-30 -42 0
-2 6 0
42 48 64 0
-37 55 0
5 12 0
-26 35 -46 0
-22 25 43 0
24 -33 59 0
-24 46 -58 0
13 -20 48 0
42 48 53 0
-1 26 -58 0
-4 -12 -17 0
24 55 0
-25 -50 0
28 64 0
29 -31 0
-9 27 41 0
-44 47 -51 0
16 41 0
-33 40 53 0
-24 34 45 0
-7 62 0
-29 -41 53 0
-34 35 40 0
-4 15 -43 0
-25 -39 -41 0
3 -11 12 0
-48 -58 0
-38 -39 44 0
-2 -3 -19 0
-11 -27 -32 0
-2 51 59 0
-4 -56 57 0
43 -49 0
2 39 0
6 -55 0
-17 -30 0
-17 31 39 0
32 47 50 0
15 -18 -63 0
-52 59 0
-2 9 14 0
22 25 -64 0
34 -35 0
10 16 -50 0
-4 29 50 0
-16 53 0
-23 -38 0
-15 -41 0
1 50 -56 0
-9 -24 58 0
-9 15 0
-34 -48 0
-4 -55 -61 0
-10 33 -53 0
20 31 62 0
-27 42 -43 0
20 38 49 0
17 25 60 0
52 -60 0
23 44 64 0
4 -20 63 0
32 -52 58 0
-13 28 38 0
-42 58 -64 0
6 -27 -35 0
-11 33 47 0
-3 13 0
6 -30 -33 0
14 -49 57 0
37 -64 0
-24 48 52 0
-2 15 24 0
-4 18 -35 0
21 -42 57 0
-10 -43 0
-24 60 0
11 -45 52 0
-8 45 0
5 12 31 0
-56 -61 0
-6 20 35 0
26 -37 59 0
3 38 0
58 60 0
-31 63 0
-8 29 60 0
4 57 0
-4 30 0
4 15 60 0
-8 -29 -48 0
-13 -35 -57 0
15 -30 0
-49 -62 -63 0
-4 31 0
21 31 0
-42 61 0
34 -62 0
-1 -30 -41 0
19 34 0
-15 30 55 0
1 5 0
27 -35 -36 0
2 -3 -60 0
3 10 -43 0
-7 -8 28 0
19 33 -34 0
11 28 34 0
-28 41 0
-12 19 -35 0
-20 40 64 0
24 44 0
22 -34 -35 0
31 39 0
29 55 -57 0
15 -25 0
26 32 44 0
13 15 -56 0
-7 -25 63 0
-17 18 54 0
-16 32 0
-2 -55 0
28 -49 0
-48 -52 -54 0
-9 -29 0
-11 20 42 0
63 -64 0
32 -40 60 0
-17 -50 55 0
31 -38 56 0
-27 51 -54 0
-29 39 45 0
27 38 0
-34 -44 60 0
-7 54 0
16 -19 -54 0
22 -26 -33 0
-48 58 -61 0
9 -31 64 0
-11 -14 0
-50 60 0
-4 -10 -46 0
10 32 42 0
-44 51 0
-9 44 0
18 -19 29 0
-6 -21 0
5 -17 0
-9 15 19 0
13 20 -44 0
6 -12 -15 0
-60 63 0
33 -38 -51 0
46 53 -62 0
-40 50 0
8 -36 0
26 38 49 0
39 47 0
32 -49 -57 0
