p cnf 73 216
10 -60 0
-37 -38 -58 0
-2 53 65 0
19 -36 0
33 45 0
-21 25 70 0
27 -34 0
-8 59 0
9 15 -35 0
28 -52 0
-31 -48 65 0
9 -19 -48 0
19 -72 0
-4 27 -39 0
-38 40 0
-12 13 60 0
-53 70 0
-18 -31 39 0
59 -63 0
-26 -31 -46 0
45 64 0
10 24 50 0
10 27 -39 0
-51 56 0
-20 51 0
17 49 0
-35 -50 -59 0
-16 17 73 0
-14 69 0
-23 24 -43 0
22 -25 -72 0
-1 -14 40 0
2 -30 45 0
-6 -45 0
-5 -8 -69 0
2 49 -64 0
-4 -55 0
9 18 -69 0
-34 47 -63 0
4 -32 -46 0
-20 -73 0
40 -48 65 0
-31 -38 71 0
-13 -49 -70 0
-63 72 0
34 49 70 0
60 -67 0
-2 -26 -46 0
7 27 42 0
13 37 -50 0
7 -29 0
19 -41 -51 0
-1 -21 34 0
11 51 0
-11 -31 66 0
53 -60 0
-4 -7 0
-25 49 0
-14 -33 -72 0
-22 -37 -51 0
-2 -8 -18 0
-4 -8 58 0
-46 71 0
12 17 0
28 55 0
-13 -53 -61 0
-10 25 -64 0
16 -62 -70 0
9 28 60 0
-1 55 0
54 -64 -71 0
-10 19 -66 0
13 18 50 0
18 43 -44 0
-15 41 -68 0
-11 22 -58 0
-2 42 0
-24 27 -68 0
-7 23 -33 0
40 -45 0
-35 -39 55 0
18 61 -64 0
-64 72 0
39 -48 62 0
-2 -7 -20 0
17 -45 0
-10 63 70 0
-10 -16 0
3 21 0
-21 37 39 0
-13 26 -51 0
-3 22 -34 0
2 70 0
-38 65 71 0
-24 38 0
-42 65 0
-1 28 -49 0
-20 -44 -71 0
-16 35 0
19 -26 -44 0
-67 72 0
-4 24 -26 0
-26 36 55 0
-22 -53 57 0
-9 -73 0
-14 -49 0
23 -63 0
-12 -21 36 0
10 61 71 0
37 -67 0
12 59 -60 0
-12 16 45 0
53 66 0
-27 63 -73 0
13 -51 -67 0
-10 64 0
26 35 -65 0
26 52 67 0
19 64 -65 0
-11 19 37 0
13 17 39 0
8 -69 0
-3 -28 0
-18 -51 0
-1 43 -49 0
8 18 23 0
-65 -71 0
6 -39 -48 0
-12 30 0
2 62 69 0
-4 -32 0
23 -28 -49 0
1 14 -42 0
48 52 63 0
-7 51 61 0
-38 -44 49 0
-28 -59 0
-25 42 0
-2 -64 0
11 22 -45 0
-1 -10 18 0
5 -24 0
-19 -24 0
28 33 46 0
12 -39 0
10 63 -68 0
1 9 0
21 31 -47 0
21 -72 0
-24 -32 0
-35 -59 -71 0
12 45 -56 0
2 36 0
-35 41 65 0
-56 67 -71 0
-1 24 52 0
5 23 0
55 -64 0
60 70 0
6 -25 -28 0
-29 46 53 0
13 51 0
-10 -45 0
-20 23 29 0
-9 -48 -51 0
5 14 41 0
-5 -27 0
30 53 -64 0
-17 59 0
31 53 0
26 27 0
-14 -15 72 0
-23 -58 0
33 39 -67 0
-6 -15 0
-20 -29 -47 0
-4 -22 0
25 -46 50 0
-2 -13 -35 0
17 -22 -23 0
6 -31 0
-11 -34 37 0
9 19 43 0
-5 -7 21 0
-61 62 73 0
19 -37 0
-53 72 0
2 13 -31 0
-30 -46 72 0
-16 -44 -68 0
13 -52 0
-25 26 29 0
2 43 -67 0
38 -48 0
-59 63 0
8 20 -40 0
32 -48 49 0
-2 24 51 0
30 35 56 0
-3 38 0
-12 37 -40 0
-12 -27 58 0
-32 52 0
20 -57 0
-27 -52 64 0
-32 47 -67 0
-23 46 51 0
-12 29 71 0
-28 -30 0
28 36 42 0
41 -56 -60 0
32 36 -42 0
-11 45 0
-38 51 -70 0
-2 22 0
32 38 -54 0
