p cnf 84 310
68 -70 74 0
-79 -82 0
1 -3 29 0
-2 32 -64 0
-7 -49 0
71 81 0
36 39 -67 0
53 -61 0
38 -54 -67 0
9 64 75 0
-3 -4 -65 0
-1 10 78 0
9 -67 0
27 39 -40 0
2 -11 -75 0
-54 58 79 0
35 -50 0
23 63 71 0
-32 37 78 0
5 -48 77 0
-22 36 -45 0
-51 -57 -72 0
21 -42 -44 0
-4 58 -84 0
-12 18 76 0
-5 36 -71 0
26 56 0
-10 18 0
25 -55 0
1 77 -84 0
-5 58 -67 0
-40 46 79 0
-19 -42 -50 0
-15 36 -83 0
9 -58 60 0
-39 48 0
13 73 0
51 57 68 0
40 67 0
11 -66 84 0
29 -34 -78 0
41 75 83 0
-37 47 48 0
6 56 -84 0
-5 -33 68 0
-23 -26 -64 0
52 63 0
12 32 -36 0
21 32 -64 0
-5 7 -74 0
-6 47 83 0
-24 -30 -49 0
-22 48 75 0
17 -45 0
-25 -43 52 0
-1 -6 -43 0
9 13 56 0
-26 -47 -56 0
-1 -52 71 0
1 62 84 0
24 35 39 0
-28 60 83 0
-12 -30 69 0
21 50 -67 0
39 43 52 0
11 -38 63 0
23 42 43 0
-54 58 -77 0
-24 72 74 0
15 -19 54 0
-37 43 84 0
-36 -75 0
3 -38 -68 0
33 -77 84 0
-65 -72 83 0
10 11 -69 0
13 -55 65 0
21 48 83 0
-10 -55 57 0
25 -26 42 0
1 5 -78 0
-22 43 45 0
-21 34 41 0
2 15 -71 0
-22 -47 84 0
-44 45 -54 0
22 60 75 0
56 83 0
-34 -58 -78 0
42 -82 0
-43 -63 69 0
20 -35 -53 0
14 -57 59 0
5 38 78 0
41 -57 0
-45 52 -69 0
-45 -54 82 0
-21 -70 0
27 60 62 0
32 -58 0
-24 -42 58 0
-6 -12 -70 0
6 -76 -84 0
30 33 0
-12 -30 37 0
-16 19 -34 0
-21 -33 79 0
60 -68 0
-14 -57 0
29 -34 67 0
-3 59 -75 0
4 -17 -30 0
5 25 57 0
30 -69 0
-2 51 -81 0
-2 -61 -69 0
5 -54 68 0
15 -65 74 0
24 45 -59 0
-26 -27 -59 0
12 48 76 0
45 66 -78 0
-11 13 57 0
22 -62 -80 0
2 -49 60 0
14 -38 -64 0
3 4 54 0
21 75 0
30 31 0
-49 54 0
-6 -48 58 0
-24 -48 64 0
52 -63 82 0
12 -27 65 0
-62 69 0
16 59 0
-19 48 0
-3 -13 -27 0
-9 37 0
26 48 0
-16 -57 -77 0
-21 56 75 0
-7 -42 72 0
46 -48 0
-6 60 -75 0
-9 39 66 0
-14 35 -80 0
5 81 0
15 -37 50 0
-4 52 59 0
25 48 0
8 -52 -59 0
-9 -23 -83 0
-37 73 77 0
-55 -80 0
20 26 76 0
7 19 80 0
50 -54 55 0
-4 26 38 0
-31 -52 0
-18 -32 0
-5 65 -69 0
6 57 0
-42 69 83 0
-30 -32 45 0
-6 27 52 0
26 -29 55 0
-37 -52 70 0
2 55 -74 0
-1 -21 54 0
-29 -49 50 0
17 71 0
19 56 0
-6 27 -83 0
26 55 0
13 -64 81 0
24 45 0
-46 67 -79 0
-44 -73 83 0
22 56 71 0
-45 -73 78 0
48 57 76 0
46 83 0
-28 33 84 0
40 -50 -56 0
-41 61 0
3 7 10 0
-40 -51 -81 0
23 45 0
18 -20 41 0
-13 73 80 0
10 72 0
2 35 50 0
39 -55 -60 0
-20 -79 0
4 19 -54 0
-36 -55 77 0
-42 -75 -76 0
1 53 0
11 50 -61 0
-12 -60 -83 0
20 21 -81 0
-46 51 -64 0
5 -24 -53 0
-9 62 84 0
-8 36 0
19 29 -40 0
7 36 68 0
-10 11 35 0
-13 -70 0
1 5 -36 0
68 80 0
-16 -21 -27 0
-36 -77 0
16 38 58 0
-16 -37 79 0
11 -58 68 0
19 26 42 0
-5 -43 50 0
-12 30 78 0
-14 37 0
-4 33 51 0
-17 63 0
33 -81 0
22 46 -68 0
-30 43 -67 0
-57 -66 71 0
-3 -37 52 0
-43 50 72 0
-45 77 0
66 73 79 0
-55 -63 0
4 11 61 0
11 41 -45 0
-4 23 0
-30 41 -61 0
-20 59 -84 0
-28 -43 -76 0
-14 43 64 0
-81 82 84 0
-13 -45 0
5 -51 0
-10 21 -72 0
-24 -67 0
3 -7 0
21 71 -80 0
-36 -59 0
-6 20 58 0
14 -20 55 0
-16 29 45 0
-28 40 73 0
32 -68 0
7 27 0
14 53 0
-2 -27 61 0
20 22 42 0
17 52 -74 0
7 -9 16 0
-19 31 34 0
-28 35 -77 0
-69 71 -81 0
-10 -44 49 0
17 -33 -61 0
17 34 58 0
53 75 0
-11 61 0
8 -50 63 0
-23 50 -66 0
21 48 0
21 24 -55 0
6 -49 -77 0
7 70 0
-1 37 55 0
33 -48 62 0
28 52 -61 0
42 -46 56 0
36 -66 0
-32 48 81 0
41 76 -80 0
6 24 -64 0
29 -54 71 0
52 80 84 0
31 -34 -78 0
44 53 0
25 62 -65 0
25 29 81 0
2 14 26 0
-33 38 56 0
9 14 46 0
-44 62 63 0
11 18 -73 0
-39 -40 -52 0
56 83 0
-20 -62 -71 0
-21 64 70 0
6 -52 83 0
21 25 -46 0
63 -72 0
-10 51 -69 0
-43 -53 67 0
28 -33 48 0
-31 -62 81 0
-43 66 0
-20 41 -73 0
-37 39 73 0
-6 -27 32 0
-18 -61 83 0
17 -51 -84 0
23 39 -54 0
-47 53 0
