p cnf 91 347
-34 79 90 0
-5 -13 -14 0
-6 71 76 0
8 -9 -29 0
22 65 0
10 -11 -37 0
-5 91 0
9 -21 85 0
-20 44 58 0
5 -44 -70 0
27 -34 -87 0
-16 -37 -57 0
47 77 -79 0
-16 -23 79 0
16 -33 -91 0
49 -68 0
-8 -16 51 0
45 -84 -85 0
14 23 32 0
-7 -52 -55 0
-15 -22 84 0
49 70 -75 0
-36 -56 76 0
-4 51 0
12 49 -83 0
9 -21 71 0
-65 73 -75 0
-21 -24 41 0
-1 7 -48 0
27 68 0
-7 42 57 0
-12 -16 -69 0
13 -27 -43 0
-8 -78 0
-44 85 0
-30 -31 -88 0
11 79 0
-5 -31 71 0
-41 52 -54 0
33 71 -75 0
18 -20 -57 0
5 63 64 0
20 -29 -61 0
-19 32 -88 0
1 15 -50 0
2 -66 0
15 -49 69 0
-30 48 -68 0
59 -66 69 0
-42 -82 0
9 14 83 0
4 -5 -21 0
14 -58 0
2 9 68 0
49 -74 86 0
-13 -53 -56 0
-24 -46 58 0
-27 74 81 0
44 75 -79 0
23 48 81 0
34 41 -75 0
-11 -12 -57 0
6 53 61 0
-5 6 -19 0
-14 34 -45 0
-38 -42 77 0
-15 -16 45 0
-1 9 90 0
56 -81 88 0
-36 -60 -78 0
27 47 81 0
-25 46 -69 0
25 69 74 0
16 37 0
23 31 37 0
-20 45 82 0
4 73 81 0
23 -30 -41 0
15 -35 -85 0
-12 33 -69 0
28 76 -81 0
49 68 -85 0
-19 38 -89 0
25 75 -81 0
8 -17 -43 0
-16 -32 36 0
2 -47 70 0
-54 -65 79 0
21 30 -53 0
43 -55 -72 0
3 42 0
-17 -32 0
-33 74 -83 0
62 -75 84 0
42 -75 -87 0
-50 -59 82 0
-28 -30 0
5 -52 -57 0
59 71 83 0
10 -68 0
11 63 -88 0
6 14 19 0
-17 -20 0
34 43 48 0
11 51 81 0
-22 52 -63 0
-17 -33 63 0
31 -40 -87 0
-33 -46 0
-14 -51 56 0
19 -43 -87 0
-9 65 79 0
43 -78 82 0
-50 -89 0
26 47 89 0
21 49 0
-10 -63 88 0
56 57 0
16 58 -75 0
-48 -64 91 0
25 71 0
37 75 0
28 -58 -77 0
20 30 -47 0
-16 39 -47 0
9 11 56 0
18 -77 -82 0
-28 52 -79 0
-3 51 88 0
-61 -70 82 0
57 58 76 0
27 -71 79 0
7 -62 67 0
-55 -57 75 0
-12 -67 -73 0
10 -23 -75 0
-8 -20 -86 0
40 -86 87 0
-2 4 -22 0
6 -31 -52 0
10 -20 45 0
-3 46 -70 0
20 -73 75 0
-5 19 71 0
35 54 -91 0
34 -51 -57 0
35 66 -82 0
-5 13 -27 0
-20 -39 67 0
41 -70 80 0
-17 21 61 0
10 14 -39 0
-28 66 -75 0
16 29 -38 0
27 -43 76 0
-6 -52 60 0
-9 20 -36 0
33 -54 59 0
46 56 58 0
15 -32 -40 0
27 45 50 0
51 -58 -63 0
-12 -24 -41 0
12 29 91 0
8 60 -69 0
1 87 0
10 33 -40 0
-42 64 -90 0
36 -56 87 0
49 -75 -87 0
-2 34 -45 0
-22 58 -69 0
52 -78 79 0
-43 59 0
-9 59 75 0
-28 38 74 0
28 56 -71 0
-37 -41 -66 0
-18 -33 -54 0
49 62 75 0
13 -38 41 0
-6 -12 -46 0
10 -69 -74 0
-56 -68 -74 0
-7 -19 43 0
-60 69 0
64 -69 88 0
32 -35 44 0
-17 33 -78 0
5 36 43 0
-20 55 -73 0
-17 -79 0
-10 -40 -60 0
4 -13 16 0
12 87 0
13 24 -91 0
-28 -34 -49 0
26 -59 78 0
-4 6 -66 0
-8 39 90 0
-3 80 82 0
-20 -23 -59 0
59 -73 86 0
38 -64 86 0
34 84 85 0
19 -35 -57 0
4 -20 -47 0
-12 24 -71 0
35 -44 61 0
-5 -24 -76 0
11 41 63 0
-6 7 79 0
43 -67 -78 0
30 49 -60 0
-28 40 -58 0
14 52 76 0
-41 47 81 0
38 -54 -58 0
-44 -52 -75 0
42 82 -86 0
16 -44 -88 0
46 -61 71 0
25 29 -88 0
27 -38 87 0
39 62 78 0
33 62 63 0
22 24 -82 0
-13 -20 -88 0
-10 21 36 0
-37 -44 -87 0
23 51 -63 0
-73 -82 -84 0
56 77 0
4 23 -55 0
7 20 26 0
5 25 -27 0
-36 -37 38 0
-21 74 -80 0
-5 -63 -72 0
-14 -61 0
-25 73 88 0
-16 -50 -88 0
-9 10 -64 0
-84 87 -91 0
-56 -66 -85 0
-6 -48 71 0
-39 48 -86 0
-24 30 -45 0
-5 -52 60 0
-4 23 0
6 -64 -80 0
-61 -85 0
-37 82 -87 0
-15 24 -35 0
7 60 0
-20 -89 0
11 -28 39 0
2 -8 -72 0
14 -52 90 0
-50 64 80 0
39 -73 78 0
-10 32 -45 0
11 -60 80 0
1 -9 -88 0
-4 -41 -63 0
58 66 -80 0
14 -54 67 0
32 71 -84 0
34 51 -68 0
-75 80 -91 0
29 -31 -61 0
-2 67 0
65 -68 -81 0
-35 -58 0
-8 -61 -88 0
-48 -81 82 0
18 -26 -88 0
-20 -66 -88 0
-4 -14 39 0
-54 -55 65 0
-25 -43 -53 0
10 -62 66 0
-51 -68 -74 0
26 -62 -63 0
41 -70 89 0
-59 -74 86 0
-51 54 -62 0
-14 -34 56 0
-2 24 -50 0
8 -10 -34 0
-4 57 -70 0
-10 -13 -87 0
57 58 -77 0
13 58 75 0
-13 -35 90 0
-54 -83 88 0
-34 77 0
19 26 58 0
-12 -27 -86 0
6 -8 10 0
-10 -23 68 0
37 -69 78 0
9 14 -39 0
-6 26 0
23 -50 -53 0
-3 -6 -30 0
9 -36 75 0
-14 43 52 0
-31 32 -55 0
7 66 0
-17 77 -88 0
1 47 50 0
-41 -83 0
22 29 -57 0
27 31 84 0
20 76 0
-4 -63 0
-47 -53 0
-12 -57 -85 0
32 -38 75 0
44 71 -83 0
12 -27 -83 0
-71 -72 -77 0
-4 -63 75 0
16 60 67 0
45 68 76 0
-13 -50 -73 0
35 82 90 0
-5 30 -51 0
12 35 -78 0
32 -39 83 0
19 41 -55 0
-4 62 0
-35 43 -64 0
-10 -17 -72 0
71 78 -80 0
-35 57 0
5 31 -70 0
21 -65 0
21 46 -53 0
-39 50 80 0
28 60 75 0
-32 59 0
-5 -33 68 0
-31 -75 85 0
10 32 51 0
24 32 49 0
