p cnf 68 220
8 18 -24 0
37 -52 0
-8 60 0
-23 -40 64 0
-2 -32 0
20 -25 34 0
6 54 -64 0
-20 26 0
-47 -63 0
14 44 0
-19 40 0
-1 64 0
-11 61 62 0
-2 39 53 0
-7 -26 -39 0
-2 46 0
23 41 0
-29 33 -63 0
22 46 0
1 -14 39 0
-5 26 55 0
31 -47 -63 0
38 60 0
6 -21 -49 0
14 44 0
-8 21 35 0
-27 -36 -63 0
12 -32 -47 0
30 49 -50 0
18 -22 0
-17 46 0
37 -53 -62 0
-19 -43 0
-17 36 58 0
-19 -42 -66 0
28 46 0
-60 -61 -62 0
46 -49 63 0
27 -32 38 0
-10 13 50 0
4 -29 36 0
-21 35 0
-13 -60 0
22 23 -63 0
-6 -20 -52 0
39 62 0
34 -65 0
14 30 -55 0
-3 -24 68 0
32 46 47 0
-57 -59 0
23 28 56 0
9 33 43 0
21 26 -52 0
-6 53 0
-15 -22 0
-7 -39 0
-42 -58 67 0
36 54 0
2 59 0
-23 -26 0
-15 33 -41 0
-5 56 0
-41 48 -50 0
45 -63 -65 0
2 -41 63 0
53 -59 0
-12 -13 -41 0
-10 11 0
-11 -24 -64 0
-29 35 0
-58 -60 0
40 49 -64 0
52 55 0
-19 -43 0
35 -59 0
-11 17 -30 0
8 29 0
6 -10 49 0
30 -42 -57 0
5 41 50 0
-10 14 0
17 55 0
23 33 0
12 -33 0
-7 -10 -18 0
-4 -37 59 0
11 17 -19 0
-8 34 43 0
10 -37 55 0
-8 23 62 0
10 -14 0
12 22 -54 0
32 36 -64 0
10 25 37 0
12 52 0
23 58 60 0
4 -46 49 0
-19 -35 -36 0
-35 -47 0
53 -66 68 0
7 -15 46 0
-6 11 -45 0
-17 -45 -57 0
-25 57 0
3 32 -41 0
10 23 0
16 -28 -59 0
34 67 0
31 38 46 0
-14 -16 -30 0
-22 44 57 0
17 -43 -49 0
-8 52 56 0
36 48 -59 0
47 50 0
3 -43 66 0
48 -59 -63 0
13 14 20 0
7 20 32 0
-20 65 0
53 57 -68 0
3 4 6 0
16 -38 0
14 66 0
38 -65 0
28 40 0
38 57 59 0
16 47 0
38 64 0
3 54 -63 0
-47 -48 -54 0
-10 12 52 0
11 -31 -68 0
1 -17 -23 0
-26 -47 -60 0
48 60 -62 0
10 -36 0
11 19 0
11 -15 -54 0
20 28 67 0
5 -42 -51 0
2 -29 46 0
6 -14 -25 0
19 32 -54 0
3 -25 -29 0
12 -33 47 0
-37 41 -46 0
15 -34 45 0
-7 47 -58 0
9 52 63 0
8 -28 0
-37 -54 0
15 41 53 0
5 -46 -67 0
18 63 0
-8 41 -50 0
-49 52 0
13 -35 42 0
-17 -36 63 0
19 32 -48 0
-28 41 51 0
-8 17 22 0
7 29 41 0
4 -32 46 0
-3 -52 59 0
51 53 57 0
-18 -40 -47 0
28 -32 44 0
43 -45 51 0
17 -46 0
10 14 34 0
28 44 -52 0
18 32 -58 0
-22 61 0
13 37 -43 0
-4 -39 45 0
-33 -43 52 0
-18 42 51 0
-13 26 -30 0
65 -68 0
1 -46 0
23 -61 0
3 -42 -59 0
22 61 0
9 -19 51 0
19 -35 55 0
21 -33 -41 0
5 61 0
3 64 0
-7 33 0
-6 -22 48 0
28 43 54 0
-4 5 39 0
-23 -59 -67 0
13 39 0
-26 -34 -44 0
3 -51 62 0
18 -20 45 0
-16 34 35 0
-4 -63 0
55 -65 0
15 21 0
50 -66 0
-55 -58 0
10 21 -30 0
-21 48 61 0
-18 -47 56 0
32 38 -68 0
58 -67 0
-24 -50 58 0
35 57 63 0
25 -39 -54 0
23 30 0
22 64 0
16 50 0
-1 -62 66 0
-27 60 0
7 39 60 0
8 -48 0
