p cnf 50 126
43 -47 0
-2 -26 -44 0
9 -50 0
2 19 0
27 33 0
4 22 0
-8 -25 0
2 -4 -12 0
-19 -49 0
1 -27 0
-13 -26 -39 0
-5 -46 0
6 -15 16 0
-4 11 49 0
-1 -2 0
2 -13 43 0
32 -33 -46 0
-5 8 0
-2 16 -20 0
-15 -45 0
3 39 0
3 25 0
-18 45 0
2 -28 0
29 46 0
-2 4 -34 0
-26 -30 31 0
-19 -48 0
-44 -46 0
-5 38 0
8 -18 0
-36 -40 0
-15 -26 0
25 -41 0
6 38 0
8 -22 0
-11 17 38 0
-2 38 0
24 47 0
-16 -34 0
-6 -32 -41 0
-15 22 0
26 -37 0
-23 -45 0
4 40 0
-30 41 0
-9 33 0
1 -8 -49 0
-7 -29 0
17 -26 0
4 47 0
-9 23 0
-1 6 0
-8 37 0
-12 -40 0
-9 -10 0
-19 -40 0
20 44 0
-20 36 0
-34 -35 0
-14 49 0
5 -31 35 0
-7 41 0
14 -34 0
5 11 0
-2 -43 0
-11 -16 34 0
-15 24 0
-2 37 0
36 -38 0
4 19 0
-8 33 0
18 -50 0
-1 -9 34 0
2 18 21 0
10 -21 0
33 -36 40 0
-6 -50 0
5 -9 -13 0
2 22 -27 0
24 29 -44 0
17 21 0
-40 43 0
17 -25 -38 0
17 -30 0
26 44 -45 0
-2 34 47 0
18 -46 0
-24 -47 0
-7 34 47 0
-28 32 0
-39 -44 0
-2 39 0
-7 39 -44 0
-20 -26 42 0
33 -39 0
21 -29 0
-5 21 22 0
-13 -35 0
-22 -38 0
16 25 50 0
21 -34 0
31 48 0
25 32 0
1 5 0
-5 -22 48 0
-9 -50 0
39 -49 0
25 -36 0
-6 28 -43 0
11 -50 0
-14 -25 0
-12 18 -21 0
-8 27 0
-1 -28 -50 0
7 28 33 0
-21 26 -48 0
19 -29 0
-3 -18 0
7 -27 0
23 41 0
23 42 0
-18 20 -36 0
-19 -39 50 0
7 -28 0
6 -18 0
