p cnf 93 357
16 -35 55 0
-13 49 -72 0
-46 63 -82 0
9 12 -80 0
32 48 0
77 79 -92 0
-26 -56 89 0
-11 -56 -91 0
28 -53 0
9 57 -63 0
28 39 0
22 67 -75 0
-18 -57 0
-57 64 -70 0
27 40 0
-38 49 -75 0
-24 36 76 0
35 64 -68 0
8 18 -77 0
-68 74 -88 0
-9 15 74 0
-40 77 -83 0
-15 -60 73 0
36 -62 0
20 54 -67 0
-10 11 -81 0
41 -59 -74 0
-13 39 -51 0
56 -72 -91 0
-22 55 -79 0
-30 61 -64 0
4 -38 -87 0
7 24 -42 0
-27 39 -83 0
-41 -47 -52 0
5 -42 68 0
-18 32 35 0
18 -31 72 0
-3 8 0
5 16 -57 0
5 -20 71 0
14 -18 0
3 42 -44 0
-49 -56 -85 0
42 45 -68 0
17 50 -90 0
32 -92 0
-2 -39 67 0
-25 33 77 0
-13 -16 36 0
27 33 50 0
-8 -49 -92 0
-29 61 82 0
-36 -58 93 0
44 -71 81 0
69 74 0
-17 78 0
-29 -65 -80 0
-60 -87 -92 0
11 -63 81 0
8 -34 -60 0
-2 -9 -10 0
-20 -24 92 0
17 24 -57 0
-11 -29 54 0
4 -29 -86 0
-9 -25 66 0
33 60 85 0
33 48 67 0
-27 -57 -72 0
-10 14 -55 0
66 -70 80 0
11 38 -87 0
-9 12 -35 0
18 -70 -83 0
18 -26 -50 0
-13 38 -65 0
55 -78 -88 0
-25 27 0
-4 43 -87 0
-30 81 -88 0
1 -62 -87 0
18 -45 -90 0
10 51 87 0
11 14 16 0
45 62 86 0
42 -51 57 0
14 48 50 0
15 -48 92 0
-13 -14 -44 0
-2 9 -47 0
-27 -63 -84 0
86 -87 -92 0
-19 -65 -71 0
-25 26 -70 0
-19 51 73 0
-28 -45 -82 0
16 -28 -77 0
1 -40 76 0
19 33 -53 0
-24 26 45 0
-35 49 56 0
-26 -72 74 0
-24 -31 89 0
12 -15 -89 0
20 61 0
-27 38 -64 0
7 -88 90 0
34 -42 72 0
-20 -34 81 0
-1 -10 -54 0
36 -78 80 0
61 -73 90 0
40 59 -75 0
-12 38 0
-11 25 -85 0
-1 -87 92 0
-34 -39 61 0
50 81 0
-8 46 74 0
3 12 -79 0
14 74 -85 0
29 60 0
9 -48 -81 0
-15 27 -48 0
-17 29 50 0
5 34 -66 0
-23 -35 -87 0
3 50 81 0
16 -27 -59 0
5 52 74 0
-17 21 -72 0
8 -35 55 0
21 -33 60 0
37 53 -89 0
45 -59 -62 0
-43 47 -81 0
-40 -46 71 0
4 19 92 0
4 -11 -40 0
-11 -31 61 0
-25 69 72 0
-6 -13 -26 0
40 50 -91 0
-48 -64 90 0
-48 -71 80 0
-12 34 51 0
11 -74 -81 0
15 69 85 0
6 -30 60 0
42 -49 50 0
-9 33 93 0
2 82 89 0
-29 -74 -92 0
-66 -76 83 0
-33 54 -89 0
61 -74 89 0
66 -82 93 0
-5 52 77 0
-1 -68 -90 0
10 20 -37 0
-16 82 86 0
26 68 -71 0
7 80 -91 0
-22 -28 73 0
13 -32 -68 0
53 -64 -84 0
53 -74 80 0
-14 -64 -85 0
-54 -56 0
-40 45 82 0
18 27 -65 0
10 80 0
46 71 0
-11 -51 -71 0
12 -64 -91 0
45 86 0
22 72 -92 0
-18 -36 49 0
46 -67 68 0
19 -44 68 0
-30 -51 83 0
-35 80 88 0
-1 -50 -87 0
-30 -63 82 0
-30 -36 67 0
-8 -55 69 0
28 -69 86 0
-14 87 -93 0
3 22 45 0
-18 -66 -79 0
57 -71 0
22 -25 0
-11 -52 77 0
1 9 -52 0
-1 -26 31 0
-15 -68 72 0
57 69 -88 0
1 47 -63 0
-45 50 -84 0
31 50 -68 0
52 53 80 0
9 -65 -87 0
37 -41 -63 0
43 79 -93 0
-2 28 60 0
21 -54 -64 0
-15 26 -77 0
-5 -32 -55 0
67 -88 90 0
65 68 88 0
-5 -38 65 0
8 10 -93 0
31 52 -88 0
-5 83 -90 0
-26 78 -83 0
-40 55 -63 0
3 -38 57 0
-39 47 67 0
-13 -61 -79 0
-15 36 52 0
11 -54 85 0
4 31 48 0
31 40 62 0
40 47 65 0
31 57 -84 0
65 -88 93 0
10 -25 -65 0
-10 -38 48 0
-11 22 50 0
37 52 0
21 45 0
16 -18 27 0
8 63 0
-50 52 0
-62 71 -80 0
43 -58 0
40 46 65 0
44 -61 65 0
28 47 -69 0
-13 -37 -79 0
-14 -44 -80 0
21 -74 0
8 89 0
70 -81 0
-5 -8 -79 0
25 73 93 0
15 -16 -47 0
-22 -81 0
31 34 -37 0
-13 -16 -37 0
-24 59 85 0
5 15 -34 0
38 58 62 0
31 79 84 0
-12 17 72 0
-33 39 45 0
-13 -25 -78 0
19 54 65 0
-47 -69 -93 0
-31 -43 72 0
-7 -27 66 0
-7 -35 64 0
14 -23 90 0
47 -64 88 0
26 50 -72 0
-14 45 78 0
20 68 -89 0
5 -84 0
-59 60 83 0
-6 -20 71 0
18 19 67 0
-55 58 -61 0
-27 -29 -92 0
-59 61 91 0
-13 -28 -55 0
5 -63 79 0
22 -35 66 0
42 -77 84 0
38 68 -91 0
33 37 62 0
11 -77 93 0
-14 33 -35 0
34 40 60 0
-21 -46 -77 0
6 -51 -90 0
-12 -47 -70 0
12 -13 -21 0
1 -14 35 0
-11 -64 84 0
-19 -40 -70 0
2 -19 55 0
49 -57 -70 0
11 -34 44 0
-15 -47 91 0
38 -83 0
26 -49 -73 0
57 -60 -88 0
16 28 -84 0
23 35 -77 0
15 28 62 0
-15 -22 68 0
-20 22 55 0
-4 66 -81 0
-41 57 -85 0
6 26 -67 0
-12 -30 -35 0
-11 -53 -91 0
64 -65 76 0
3 70 73 0
-53 59 62 0
2 -59 0
-11 -38 83 0
38 40 43 0
48 -56 -86 0
-19 -21 22 0
-25 27 -41 0
3 -40 48 0
-50 -87 0
29 -64 -79 0
-50 59 0
-19 -33 43 0
-33 -42 -81 0
27 -43 -47 0
-22 73 77 0
41 -80 0
-64 71 0
8 -22 -74 0
-13 57 -92 0
8 -27 -89 0
-79 86 -93 0
7 -83 86 0
-51 78 82 0
1 -8 -87 0
-21 -69 85 0
50 74 -93 0
14 26 -72 0
16 -74 -81 0
3 19 -44 0
46 -50 70 0
20 51 80 0
3 -85 -89 0
-61 -72 -89 0
13 29 34 0
-16 74 92 0
-35 43 -70 0
9 -42 -56 0
-37 -70 -86 0
-55 -65 80 0
2 -44 70 0
-36 59 0
36 -51 -79 0
-12 48 -72 0
-3 10 -38 0
31 64 -81 0
-20 -37 -72 0
50 -57 0
