p cnf 91 354
-54 55 89 0
3 16 -72 0
1 -18 58 0
22 -38 0
16 -61 -86 0
9 42 51 0
6 -64 0
22 -36 58 0
48 62 -81 0
-2 -20 -31 0
-36 -48 66 0
-15 -37 -50 0
-7 -27 -82 0
-27 44 -82 0
-9 81 -83 0
22 55 -65 0
2 -6 -67 0
18 -77 90 0
-17 50 74 0
15 -90 0
-29 36 -91 0
15 74 -89 0
5 -54 -89 0
15 -25 -42 0
35 49 -54 0
-7 12 75 0
45 68 -91 0
26 -28 60 0
19 28 -87 0
8 -29 -67 0
40 43 60 0
18 83 84 0
-31 -56 86 0
-1 -34 61 0
-33 55 -58 0
-33 -56 72 0
-22 76 -87 0
-16 64 83 0
50 58 -75 0
-26 -44 -64 0
14 82 89 0
17 35 0
3 -38 0
44 54 70 0
38 -59 0
36 -50 -51 0
54 77 -80 0
-51 -62 86 0
16 27 -30 0
2 62 78 0
15 74 -77 0
-12 14 49 0
20 53 69 0
55 66 -72 0
22 -35 42 0
-24 57 81 0
-16 -44 -78 0
23 -45 78 0
-9 -43 -72 0
64 74 83 0
34 -36 45 0
15 -24 65 0
-8 -22 29 0
28 33 39 0
13 16 64 0
-11 -18 -55 0
21 24 -88 0
-16 -30 40 0
-19 42 69 0
-33 78 0
42 50 91 0
-28 -53 -66 0
34 -87 0
1 40 0
32 -46 -50 0
-57 -65 0
-11 41 72 0
-8 44 -90 0
29 35 -73 0
-32 45 -57 0
-61 69 -72 0
-3 33 -71 0
-61 -62 0
-27 68 -84 0
-43 66 74 0
35 -67 -82 0
5 64 66 0
-22 31 -58 0
59 60 -64 0
-7 -24 -30 0
-27 67 -81 0
-21 -45 -65 0
-47 -49 -67 0
-2 -66 88 0
7 78 -82 0
56 -64 78 0
-36 -60 87 0
-60 -79 -91 0
7 13 15 0
59 -61 69 0
-10 -31 -51 0
80 84 90 0
21 33 38 0
-3 14 70 0
-9 72 78 0
-9 -11 -15 0
-4 53 70 0
14 52 -71 0
-15 -38 -84 0
8 -20 -52 0
6 52 -70 0
-12 -25 -78 0
-4 44 88 0
-44 60 86 0
12 20 -74 0
62 -75 0
8 25 48 0
26 -58 -79 0
4 45 -72 0
3 -35 54 0
48 51 -61 0
16 36 67 0
6 7 0
-16 77 84 0
12 34 -41 0
33 -45 83 0
3 47 79 0
-2 -20 73 0
-8 43 66 0
-52 -62 77 0
34 56 -79 0
51 -54 66 0
8 43 0
6 -32 65 0
10 41 72 0
33 37 86 0
18 34 -88 0
-57 -63 81 0
51 -83 0
-3 -46 90 0
27 46 -58 0
33 -45 -62 0
-24 -41 47 0
-33 -83 -87 0
-8 -54 -85 0
27 -46 0
-1 71 -77 0
-58 -83 91 0
-43 -68 83 0
-4 27 -78 0
-3 8 -13 0
22 61 73 0
20 37 -53 0
-25 -62 84 0
-14 63 71 0
7 73 82 0
-1 2 78 0
-28 -39 68 0
14 -24 83 0
15 42 -90 0
-42 57 -67 0
-10 -12 62 0
32 -56 87 0
54 74 -90 0
39 -72 91 0
-11 -31 -74 0
46 -56 70 0
-8 -46 -71 0
18 -37 61 0
10 -68 0
-3 4 -80 0
2 -21 48 0
34 60 -88 0
-65 -66 0
-2 -19 49 0
17 -22 79 0
-4 33 70 0
31 82 -89 0
-1 47 48 0
-14 -42 89 0
-54 -58 70 0
13 -41 61 0
-6 73 -79 0
23 -29 37 0
5 -68 -79 0
31 36 -90 0
5 -11 52 0
-10 -12 -28 0
25 77 84 0
24 91 0
49 71 89 0
8 -66 -91 0
18 35 51 0
1 48 82 0
-16 62 0
41 -44 -89 0
54 81 0
-7 37 -52 0
39 56 68 0
-18 65 91 0
-3 66 72 0
-20 -53 60 0
-46 66 79 0
48 -54 0
10 51 -71 0
-33 40 -87 0
-16 -50 0
-16 -29 -89 0
-3 -18 -21 0
32 -36 38 0
-31 -34 -35 0
7 38 87 0
-22 -43 -54 0
12 -30 -79 0
14 -42 -78 0
36 87 89 0
-9 85 -87 0
68 -79 -81 0
-40 -67 -78 0
-8 -12 -37 0
63 71 76 0
10 -80 -90 0
-1 -11 87 0
19 -33 38 0
11 -16 -46 0
-3 -56 90 0
-2 17 -84 0
62 65 0
52 -56 88 0
2 25 82 0
-15 -38 73 0
38 44 -50 0
48 -50 51 0
-17 45 0
16 49 -61 0
-32 62 0
22 -59 -73 0
-18 70 -71 0
-11 -30 33 0
40 -79 -86 0
35 38 -86 0
8 -26 87 0
-22 31 -46 0
24 -55 -74 0
5 -75 91 0
-34 -62 -82 0
-19 20 79 0
-32 -62 -81 0
48 -60 -82 0
-21 43 0
18 67 0
-35 -52 56 0
55 66 -67 0
19 -31 52 0
-40 -62 0
-20 -26 0
-48 63 -76 0
-19 -26 -81 0
27 -57 -60 0
-62 -63 79 0
10 -26 -74 0
-41 86 0
-18 -40 76 0
22 49 82 0
-14 29 89 0
32 42 -55 0
36 55 -82 0
-2 -24 -26 0
12 65 71 0
17 -31 -52 0
14 61 82 0
-19 75 87 0
-13 22 38 0
3 7 0
-12 47 -85 0
-45 69 0
-22 33 -36 0
-5 45 -83 0
66 70 0
-14 36 -68 0
63 -71 -79 0
45 -47 49 0
-30 33 -49 0
15 21 28 0
6 22 -60 0
37 43 76 0
13 22 -35 0
-9 -47 -80 0
-1 -54 -89 0
-32 70 0
37 -43 91 0
4 33 0
-26 -27 85 0
23 -63 89 0
28 66 -73 0
22 -78 -89 0
15 -53 74 0
-16 -23 -31 0
74 76 87 0
-25 54 81 0
55 -61 -66 0
-15 -58 59 0
2 -33 -63 0
32 79 0
62 -65 66 0
48 77 81 0
-6 -14 45 0
5 -61 65 0
32 -42 81 0
41 -72 -89 0
58 -76 79 0
5 45 -56 0
32 -55 0
-12 -45 72 0
-46 -73 0
-1 31 81 0
4 55 -88 0
40 50 76 0
49 52 61 0
-3 -49 -78 0
-14 24 72 0
-32 37 -66 0
-3 -57 -85 0
-18 32 90 0
-24 58 91 0
50 72 74 0
7 -34 72 0
8 -46 90 0
-23 42 67 0
36 -67 76 0
-48 71 86 0
59 70 -84 0
13 -89 0
-28 42 62 0
-31 43 -56 0
-5 -17 -41 0
5 -17 45 0
20 -38 -89 0
2 24 65 0
-1 38 86 0
3 -44 68 0
-13 69 -70 0
11 -40 63 0
-44 -74 90 0
-9 54 61 0
50 -64 86 0
-8 -18 -41 0
-18 -50 55 0
37 -76 77 0
4 17 71 0
-29 -81 -89 0
-28 -34 81 0
25 -48 88 0
25 -54 0
