p cnf 87 324
24 -71 0
-43 71 0
3 67 -70 0
13 -83 -86 0
48 85 0
32 73 0
17 -34 59 0
1 -50 87 0
32 62 -82 0
16 -17 -69 0
3 38 -49 0
9 -39 -66 0
13 -71 -74 0
-12 -57 85 0
-31 -45 0
-54 87 0
36 59 62 0
-35 55 82 0
22 -84 0
15 -47 -61 0
-8 -54 0
8 69 0
64 -68 85 0
13 29 -59 0
30 40 -49 0
1 13 85 0
23 -57 58 0
22 -79 0
36 49 -77 0
35 68 79 0
-15 -63 -74 0
-23 42 62 0
38 45 -87 0
24 28 0
-45 -63 -69 0
6 24 25 0
26 -33 79 0
33 63 76 0
35 75 -81 0
-20 45 54 0
-9 -31 56 0
25 -55 0
9 32 37 0
11 53 -87 0
-68 74 -83 0
-8 -24 50 0
7 15 -29 0
-53 -58 0
24 -40 -48 0
14 37 56 0
-22 37 68 0
1 32 -77 0
-2 -54 -63 0
-15 47 60 0
34 -42 -82 0
3 19 -42 0
11 -28 87 0
-40 -78 -80 0
-11 -73 -82 0
-36 60 -78 0
6 17 -51 0
53 59 70 0
-23 29 62 0
-5 -59 78 0
9 -33 -34 0
-10 46 52 0
15 66 72 0
-15 -31 57 0
21 39 58 0
-5 -10 36 0
16 42 58 0
6 10 -74 0
-14 22 72 0
-43 56 68 0
48 -53 -73 0
19 73 77 0
-11 -13 -21 0
39 -46 67 0
-29 83 -87 0
-67 72 0
17 -61 81 0
23 54 -82 0
-9 44 -73 0
5 -21 -84 0
-25 -36 71 0
20 -21 -71 0
6 20 59 0
-14 -40 75 0
21 63 -71 0
5 -6 28 0
-33 48 -82 0
19 -53 81 0
19 -55 -78 0
53 -77 -80 0
-57 -80 -83 0
-30 38 -43 0
-4 9 -27 0
-60 -61 -63 0
28 -50 59 0
12 -19 -20 0
42 63 76 0
7 -32 0
-3 -65 69 0
25 57 -81 0
29 -34 66 0
21 59 -62 0
-25 54 70 0
49 55 0
20 -31 42 0
7 24 27 0
23 72 -81 0
-4 -65 -68 0
-47 64 0
-5 -14 -61 0
-15 -37 80 0
10 72 -85 0
-35 46 -51 0
-21 -67 -85 0
34 -45 65 0
-13 -41 -57 0
-16 39 0
11 51 -68 0
-9 -45 58 0
-20 -33 -82 0
-47 -79 0
-15 -31 52 0
-27 -39 77 0
-31 32 0
-19 29 -37 0
39 -44 49 0
17 -30 -67 0
-16 -43 -57 0
27 30 72 0
17 -48 76 0
27 -28 47 0
19 67 0
-13 57 -68 0
-16 -45 57 0
-22 33 0
32 62 0
-26 34 78 0
-1 -33 43 0
-7 -10 14 0
21 -36 0
1 -76 -78 0
-42 -68 -71 0
7 -47 -75 0
12 -13 30 0
1 -19 51 0
-59 -74 80 0
4 -26 43 0
32 -39 80 0
-44 -48 77 0
-10 78 0
62 -67 -79 0
23 73 -85 0
6 64 74 0
-25 45 53 0
-48 -78 86 0
44 -48 72 0
-9 -28 60 0
24 -50 72 0
-11 66 74 0
28 -46 -84 0
-47 -77 0
-13 31 -69 0
13 -61 -85 0
5 -42 -64 0
-56 75 0
-11 27 -82 0
-59 72 0
-26 -56 0
40 55 -63 0
4 70 -82 0
2 -80 0
-10 11 -82 0
-3 -19 54 0
29 32 50 0
-4 -75 0
-40 44 70 0
-20 69 0
-7 20 70 0
17 -81 -86 0
11 14 -68 0
-36 69 0
3 -17 -50 0
15 -42 0
22 -32 0
15 -61 69 0
-20 -31 -72 0
-39 61 0
-15 29 0
-18 25 -63 0
-14 -25 47 0
-37 61 84 0
-37 66 0
40 -47 -49 0
-16 49 84 0
41 70 0
5 6 54 0
-36 -47 0
3 36 0
-23 -38 51 0
-2 84 0
-5 -17 -74 0
22 -31 -70 0
45 -74 77 0
20 36 66 0
43 52 -77 0
-10 -22 -59 0
31 -50 0
-34 -67 -78 0
-10 46 60 0
-37 -44 87 0
26 46 59 0
11 -14 -66 0
9 -28 -87 0
14 48 54 0
-54 -72 77 0
-8 24 80 0
9 -84 0
-17 26 -65 0
-10 -40 83 0
-19 36 -51 0
7 14 79 0
36 72 85 0
55 -74 83 0
2 19 -79 0
31 34 -63 0
6 83 0
4 -26 32 0
-4 -38 47 0
-8 -16 -58 0
-29 82 0
-37 58 -60 0
-49 -63 -77 0
-15 -33 -48 0
12 -41 0
25 -47 73 0
5 -64 84 0
-16 44 0
12 -23 77 0
63 68 -74 0
61 -62 0
24 -73 80 0
30 -53 71 0
38 76 0
-2 -34 87 0
6 56 -81 0
-17 18 -34 0
51 53 -69 0
-19 32 -43 0
26 30 -68 0
34 53 79 0
-2 -7 0
-3 -19 -44 0
12 13 23 0
-52 -57 -67 0
-40 -54 85 0
12 -25 82 0
4 -32 80 0
20 62 -64 0
43 54 83 0
-57 66 -72 0
-8 -23 -53 0
-20 -29 31 0
7 34 -41 0
40 -66 74 0
-10 76 0
-3 48 -51 0
11 -26 -71 0
3 -23 32 0
-1 42 0
-12 40 -74 0
26 35 77 0
-10 -83 87 0
-35 49 70 0
16 18 -31 0
-49 53 -64 0
-51 64 74 0
40 47 83 0
-34 -57 0
-5 14 -73 0
-20 -47 -50 0
35 -36 -82 0
38 -40 47 0
38 63 0
-34 -45 0
15 61 0
16 -26 -68 0
34 -56 -82 0
24 -76 81 0
-77 -81 0
-19 43 0
-35 -59 -86 0
4 -49 -79 0
-42 -69 0
-13 27 74 0
49 -58 -65 0
-60 62 86 0
54 72 77 0
12 72 -87 0
-22 -48 62 0
-67 -72 79 0
-59 70 -81 0
-47 67 -71 0
-12 23 -87 0
-50 67 82 0
-25 -42 -72 0
13 -15 41 0
13 37 -48 0
-4 45 -76 0
26 -45 -46 0
19 25 30 0
-5 9 16 0
7 59 78 0
-36 40 -43 0
-7 24 -69 0
19 -55 70 0
4 -15 45 0
-3 -20 80 0
55 56 -63 0
-14 36 0
-10 72 0
