p cnf 97 379
-9 -17 50 0
14 63 -97 0
-30 -93 96 0
-11 -37 41 0
68 74 92 0
23 32 -72 0
-5 -16 -89 0
34 -45 67 0
20 -69 -86 0
25 40 -43 0
7 -23 87 0
1 42 74 0
-57 58 -66 0
15 -31 74 0
33 70 -89 0
-18 -41 91 0
11 -30 -61 0
11 -16 51 0
10 33 66 0
-19 -75 81 0
10 -37 93 0
-38 -50 -55 0
2 34 -44 0
6 27 -91 0
1 -4 29 0
-51 -90 94 0
10 62 71 0
-19 -72 78 0
28 70 86 0
75 -89 95 0
-23 -34 -50 0
18 21 30 0
-8 -72 83 0
-49 59 -66 0
16 -35 -69 0
24 -25 -69 0
-31 57 59 0
54 -64 -73 0
18 55 -60 0
-69 76 78 0
29 -46 -68 0
8 -54 68 0
30 -52 77 0
51 59 -78 0
30 -37 82 0
21 33 -55 0
-9 -22 91 0
-21 72 93 0
-4 -40 0
-34 -89 91 0
-30 34 -40 0
-2 36 79 0
-39 48 82 0
-26 27 -29 0
26 -52 67 0
23 67 78 0
-26 72 78 0
9 -51 -93 0
-27 38 78 0
-27 62 92 0
-66 -74 -92 0
26 55 -81 0
-24 -31 48 0
1 89 0
55 -65 80 0
-24 -62 -96 0
6 -16 -78 0
12 45 93 0
81 -83 0
15 -19 -41 0
52 -54 -67 0
-12 80 94 0
31 89 90 0
51 83 -91 0
-55 -75 0
38 -50 74 0
23 28 -63 0
47 -57 -93 0
-45 86 96 0
-1 -30 93 0
16 25 -67 0
-33 -39 -94 0
-29 -49 56 0
-18 -63 90 0
33 -40 -52 0
-7 55 -76 0
-61 -68 -94 0
-12 18 47 0
-77 -93 0
6 45 72 0
-12 83 95 0
19 -28 -83 0
-40 65 -73 0
-1 28 -52 0
-10 -72 0
-2 64 93 0
-32 -81 86 0
22 -49 -54 0
36 40 -86 0
-3 -4 -26 0
-28 35 -37 0
25 70 75 0
23 -34 -81 0
-9 -75 80 0
-7 -61 -93 0
20 71 90 0
17 28 -30 0
24 45 48 0
35 49 -91 0
-12 34 88 0
76 78 -79 0
-3 -46 -73 0
1 -16 24 0
20 -29 -39 0
13 20 -71 0
16 -27 -37 0
-23 -46 0
-25 -45 52 0
-17 40 41 0
19 -60 87 0
-12 71 -89 0
-36 -70 81 0
-15 17 18 0
36 -55 -64 0
32 37 -57 0
-12 91 -94 0
-2 -72 -94 0
-47 82 92 0
-20 -31 -82 0
29 -65 -95 0
10 27 -43 0
18 29 -73 0
17 62 89 0
-20 50 71 0
32 -51 67 0
23 41 44 0
34 -58 86 0
16 -37 -82 0
-40 -44 88 0
11 25 -46 0
-11 -19 30 0
-82 90 91 0
-46 51 66 0
-39 -68 94 0
-55 -73 88 0
28 -85 86 0
5 11 75 0
-7 -61 -88 0
-1 -71 -95 0
19 36 57 0
7 23 -67 0
28 -46 50 0
-71 81 91 0
-7 23 69 0
22 -29 67 0
18 46 -69 0
24 53 -55 0
-4 54 -62 0
48 75 94 0
-27 43 69 0
1 28 -37 0
32 -64 74 0
-5 50 84 0
-1 -55 -81 0
18 47 68 0
41 56 61 0
41 -63 -74 0
26 30 58 0
19 42 -61 0
22 -57 66 0
20 -64 -66 0
-6 -22 57 0
-30 45 -85 0
-28 -44 85 0
68 -76 -89 0
-5 57 -66 0
-2 -15 46 0
-37 54 -72 0
16 49 -83 0
-19 -42 -61 0
-19 76 -95 0
-8 13 -23 0
21 -45 78 0
1 -20 -83 0
74 -78 84 0
-45 54 -68 0
10 51 -80 0
-18 54 -80 0
-4 -76 81 0
21 49 83 0
12 26 -30 0
-18 -73 86 0
-14 50 -53 0
7 19 -95 0
-13 -54 96 0
63 -66 93 0
-27 65 -92 0
21 -24 54 0
-1 85 97 0
49 54 -56 0
-8 -40 88 0
22 39 -93 0
-15 58 -80 0
24 45 -63 0
-14 -27 -63 0
32 65 73 0
-88 -94 0
68 -90 -92 0
1 25 -37 0
65 -72 93 0
-32 -58 -62 0
24 60 71 0
25 -56 87 0
-48 -58 -76 0
51 -81 87 0
33 -81 -92 0
38 -51 -76 0
-9 -64 -67 0
15 -51 -78 0
-54 -70 89 0
-10 73 93 0
9 36 39 0
7 -24 92 0
57 80 84 0
12 16 39 0
-23 43 -62 0
-3 41 69 0
2 28 79 0
-28 45 72 0
26 -35 -43 0
4 -8 22 0
-32 34 -72 0
13 -75 86 0
-25 -75 0
33 -81 92 0
15 -54 -89 0
-11 -50 64 0
-13 43 -80 0
-44 63 92 0
19 73 -94 0
-16 -66 -78 0
-17 -48 -76 0
-14 46 -84 0
-13 22 -38 0
-16 17 18 0
31 -68 -85 0
35 -41 -89 0
50 -59 -81 0
34 55 61 0
16 62 78 0
5 21 -30 0
36 -78 84 0
17 -48 69 0
-31 -89 -93 0
88 92 94 0
-46 75 -95 0
-2 9 74 0
-13 -14 -26 0
15 64 -89 0
-65 -70 86 0
3 -16 34 0
40 -49 52 0
20 -35 54 0
-11 20 -75 0
23 34 -95 0
-59 -84 -94 0
68 -81 -86 0
-9 10 0
3 -28 83 0
-12 16 61 0
8 -11 -24 0
-8 42 -90 0
8 -26 -65 0
66 -71 77 0
-28 -34 92 0
-27 -40 79 0
-11 13 14 0
4 60 -91 0
49 92 94 0
-9 -13 43 0
6 23 -49 0
-14 -23 75 0
-23 77 86 0
-26 -41 -59 0
-84 -87 -89 0
49 66 69 0
-5 -66 76 0
6 -19 67 0
26 46 -95 0
-65 -70 74 0
53 -72 -93 0
-15 22 96 0
-18 79 90 0
42 -74 -94 0
-2 28 65 0
55 61 -97 0
-65 -71 93 0
8 9 76 0
-10 25 -69 0
-16 -32 77 0
48 62 72 0
23 -33 85 0
47 49 73 0
-50 -88 94 0
72 84 93 0
58 84 86 0
-14 -22 -43 0
26 -50 -59 0
17 -45 47 0
-27 -69 87 0
-30 35 76 0
13 -25 -35 0
3 71 -90 0
35 -54 -94 0
-1 -5 86 0
67 -89 -90 0
-42 -46 69 0
-12 47 -62 0
50 56 96 0
-6 18 -63 0
21 36 -76 0
9 -60 87 0
-1 26 -39 0
-16 -62 96 0
32 40 72 0
-16 -56 63 0
28 -52 -92 0
33 34 -68 0
-13 -30 79 0
-23 -35 -53 0
-16 -74 83 0
-50 52 0
7 74 96 0
-19 -53 -92 0
-2 8 60 0
15 65 94 0
-5 -19 39 0
40 -81 -85 0
-10 -52 -96 0
-53 75 -83 0
8 75 83 0
-48 -92 97 0
-44 81 89 0
11 31 77 0
-7 -35 92 0
19 -25 59 0
-37 40 -42 0
14 -61 92 0
2 54 -58 0
39 -66 0
51 -75 -77 0
15 71 -95 0
-56 60 -93 0
-19 -69 -78 0
-1 -53 77 0
-8 -77 -97 0
-16 28 47 0
-61 64 -68 0
-75 82 -95 0
15 18 60 0
-23 -54 -55 0
67 83 90 0
32 -75 -86 0
12 70 -95 0
23 -25 50 0
72 84 0
72 80 -83 0
2 -39 -83 0
64 68 -95 0
-5 77 -93 0
7 30 -52 0
-7 -49 -89 0
-5 50 89 0
7 -56 95 0
1 -73 -96 0
7 -27 -89 0
14 29 -61 0
-14 -27 84 0
-19 47 66 0
