p cnf 87 310
-14 18 80 0
44 59 -68 0
15 -25 -43 0
11 -49 -86 0
34 62 -70 0
-23 -30 0
18 -57 80 0
24 -32 0
5 19 46 0
43 -59 61 0
-46 -49 67 0
18 29 54 0
-7 52 0
-6 17 -36 0
-10 -71 -77 0
28 -47 -52 0
10 12 75 0
-7 50 53 0
8 46 0
-9 67 0
-28 -46 -55 0
-11 -47 65 0
-32 -35 40 0
-2 24 -48 0
58 70 -75 0
40 -62 69 0
-1 5 71 0
-44 86 87 0
-29 37 -81 0
4 17 -60 0
-42 -55 -81 0
-28 -30 0
-30 -43 73 0
-1 -43 56 0
38 77 0
4 -7 15 0
18 24 34 0
5 42 -80 0
12 -51 -73 0
7 68 77 0
50 -59 -63 0
-25 -52 0
20 55 -79 0
13 -19 54 0
-55 -56 -79 0
31 35 38 0
-52 -72 -74 0
13 -36 78 0
16 35 86 0
40 -49 63 0
-1 40 -79 0
-46 -80 -85 0
-13 -79 0
-27 50 69 0
7 -68 -78 0
7 -43 -66 0
27 44 -61 0
38 49 -59 0
2 27 28 0
-18 -60 -77 0
-32 52 0
23 -40 55 0
14 -82 -83 0
8 21 -27 0
11 16 -62 0
45 -46 64 0
24 48 -56 0
3 38 64 0
1 -55 67 0
-2 16 -33 0
15 49 53 0
-6 -72 0
-18 -26 70 0
-34 -86 0
32 67 70 0
-18 -50 53 0
23 -33 -78 0
-8 11 28 0
-25 26 -76 0
-24 -73 80 0
62 63 80 0
4 -54 -63 0
22 41 66 0
38 65 0
23 36 -38 0
-32 -63 -71 0
-11 72 73 0
-9 15 -37 0
9 33 -78 0
1 8 -80 0
-25 49 62 0
11 -35 65 0
58 75 -77 0
-6 29 -83 0
-17 -21 27 0
11 -43 60 0
28 -67 86 0
-4 -12 27 0
-15 20 -24 0
1 -18 80 0
-40 57 -61 0
-51 60 70 0
-11 -15 63 0
3 18 -54 0
22 -51 -53 0
-34 65 78 0
-23 -63 0
-17 -62 -80 0
-44 45 78 0
-20 26 68 0
28 56 0
-11 31 79 0
-21 82 0
-2 33 -57 0
64 79 0
15 -31 -65 0
-2 -73 0
-8 -29 41 0
73 -77 -78 0
54 -71 0
-58 76 0
10 75 0
-12 58 -72 0
-37 61 -62 0
26 -69 -71 0
44 -53 -85 0
16 -29 -71 0
-39 -49 0
-24 81 0
-6 -27 49 0
24 63 81 0
-21 24 0
-4 21 55 0
-41 82 0
-2 8 -71 0
-16 21 86 0
-2 17 50 0
18 -19 0
21 25 -36 0
28 -32 66 0
-32 -33 59 0
18 -69 -85 0
-35 -43 85 0
1 11 -28 0
-21 -62 87 0
-3 4 25 0
23 -45 50 0
-4 -87 0
5 26 42 0
22 -33 75 0
33 54 70 0
7 -24 72 0
-13 -29 -34 0
8 47 -60 0
-37 -39 58 0
28 -65 0
27 69 0
-36 56 -71 0
-49 51 74 0
-28 70 78 0
5 43 -68 0
-59 -76 -78 0
-23 40 72 0
5 -40 -52 0
1 73 -76 0
30 36 55 0
-34 -79 0
-33 43 45 0
6 -12 77 0
-16 -21 30 0
-16 51 76 0
-13 -46 72 0
-38 -66 74 0
-1 52 76 0
37 76 0
21 30 70 0
-11 21 84 0
14 16 66 0
-37 59 63 0
13 -31 -42 0
-23 47 -59 0
5 -12 34 0
-17 -60 -67 0
50 -65 86 0
63 -69 -83 0
-11 37 49 0
1 -17 78 0
17 -45 -72 0
-21 -26 69 0
52 -81 -87 0
5 -15 -35 0
-4 7 -34 0
42 63 -65 0
-50 -62 81 0
-30 58 0
-3 15 22 0
31 67 74 0
-36 76 -82 0
-68 -70 87 0
-27 78 0
-18 24 78 0
43 -66 0
14 53 -82 0
-4 72 81 0
-4 29 -82 0
-23 42 66 0
-37 56 71 0
2 4 -60 0
-16 37 64 0
-6 -55 -82 0
14 -34 -37 0
68 -74 0
5 -78 0
54 -66 67 0
35 -72 83 0
10 49 81 0
3 -38 -51 0
-5 51 56 0
68 71 84 0
-42 56 77 0
59 -74 0
-56 77 82 0
40 -49 66 0
4 -74 80 0
52 67 -80 0
1 39 -54 0
-1 44 -83 0
-19 44 47 0
-34 73 -87 0
-38 -74 79 0
4 21 -76 0
11 -41 -45 0
47 -61 80 0
4 -52 79 0
-30 49 -51 0
3 57 76 0
-1 -8 -28 0
-10 -39 -84 0
29 -31 -65 0
-13 18 -44 0
-55 -58 -62 0
48 50 82 0
37 44 0
31 41 70 0
21 -28 -30 0
-24 54 72 0
3 -7 -45 0
8 -14 -77 0
11 -15 -38 0
-34 -38 -70 0
-25 44 -49 0
42 44 0
52 -78 84 0
-24 25 -43 0
-13 -40 -58 0
-19 22 27 0
-1 42 63 0
58 -80 -81 0
25 -79 0
15 -57 -64 0
-27 -56 76 0
7 -50 -59 0
-3 60 -85 0
-12 51 -76 0
-34 -54 66 0
-2 87 0
1 81 -83 0
-10 -77 0
27 -36 -66 0
5 51 57 0
-52 64 0
-9 -47 -63 0
-7 43 0
14 -26 32 0
-35 -36 55 0
40 -64 0
5 13 -52 0
34 -76 -83 0
-15 27 28 0
-5 19 50 0
4 -6 60 0
-25 -77 -81 0
16 24 -63 0
18 -42 64 0
39 -40 -83 0
4 35 -84 0
-3 -11 50 0
-13 -31 0
-24 -52 57 0
2 19 -22 0
-53 -71 -83 0
-29 45 61 0
-60 -79 0
4 9 -83 0
40 -56 74 0
-11 -32 55 0
49 50 0
3 -15 79 0
-19 71 76 0
-14 -23 0
16 -47 -86 0
-5 27 -82 0
-16 55 0
-14 -28 -60 0
55 69 81 0
-36 -45 -62 0
-4 39 0
-53 -62 71 0
31 -33 -36 0
24 -29 44 0
