p cnf 77 271
-6 -53 0
7 -67 0
-43 -44 -65 0
-1 58 0
21 29 -42 0
40 50 68 0
28 74 0
-5 -6 66 0
-5 8 22 0
-17 33 -57 0
-36 -52 0
25 53 63 0
19 22 -32 0
21 -22 -76 0
24 59 63 0
-44 46 0
-9 10 67 0
-1 5 -45 0
31 -58 74 0
-20 -36 45 0
25 66 0
5 63 66 0
50 68 70 0
7 27 55 0
-56 62 0
19 54 0
5 12 -65 0
-41 -55 -66 0
-14 19 77 0
-12 72 0
-26 27 -48 0
24 -28 -76 0
-5 23 39 0
-38 -42 63 0
5 -50 66 0
13 -51 -59 0
-7 -39 -75 0
1 -35 50 0
-4 -50 0
-31 54 -72 0
-3 -6 -72 0
1 54 -70 0
-2 53 -61 0
40 41 73 0
-6 -39 0
46 -52 0
-36 -44 75 0
25 -32 0
-9 16 22 0
-10 -54 -74 0
11 76 0
54 74 0
5 -11 0
35 -60 -75 0
10 23 67 0
16 -42 -59 0
23 -37 64 0
10 43 -55 0
-34 37 0
21 -47 -56 0
-29 -46 54 0
8 11 56 0
58 60 -67 0
-22 -28 54 0
-12 -40 -76 0
-31 -62 0
-31 -67 -68 0
-24 -43 -56 0
-1 -6 -20 0
-2 -6 65 0
9 19 0
31 33 61 0
-7 28 -70 0
14 -69 -74 0
-9 -19 -53 0
59 -70 -75 0
-7 21 0
10 20 55 0
-21 -29 -75 0
20 48 -49 0
18 -29 0
-25 39 -52 0
60 -61 63 0
-13 47 -71 0
-8 24 -65 0
-1 39 0
15 -31 39 0
47 -60 -75 0
-27 -48 63 0
46 -50 53 0
24 -37 0
22 -55 72 0
-41 -45 61 0
20 -70 0
19 -25 52 0
11 -70 76 0
45 -52 69 0
-11 -40 42 0
-29 -39 -40 0
15 19 -50 0
-15 -22 -23 0
-7 -14 -22 0
-37 -45 76 0
43 45 0
-10 30 -56 0
-25 -38 0
-31 60 75 0
1 -16 74 0
-44 75 0
-27 44 0
1 -15 66 0
-68 71 0
-14 18 41 0
37 -68 0
21 -30 -49 0
-2 27 -30 0
-30 42 61 0
-25 -41 76 0
-11 34 0
-24 -58 64 0
18 -77 0
-12 -54 0
26 -73 0
-9 42 0
-15 -52 0
7 75 0
-32 -36 67 0
12 -13 -68 0
-9 14 22 0
9 66 -67 0
-25 -32 -54 0
7 -68 0
-9 14 50 0
17 -63 0
28 -31 -75 0
34 -53 -68 0
-9 -42 -53 0
-32 -43 72 0
-7 51 70 0
-42 52 -68 0
30 57 0
16 19 75 0
-8 21 43 0
10 19 45 0
6 60 -72 0
-16 -20 -56 0
-17 -60 0
18 23 54 0
6 20 26 0
-30 -51 0
-8 17 -29 0
4 -45 -52 0
-9 -16 35 0
13 19 22 0
1 69 72 0
-25 -45 -57 0
-21 22 -36 0
-2 31 -38 0
-11 -76 0
26 -33 -54 0
-8 23 -59 0
-18 -21 -66 0
42 -66 73 0
22 45 54 0
-17 18 -51 0
-44 -49 54 0
-33 53 -66 0
-28 -63 0
-1 68 -70 0
23 41 0
8 24 -50 0
23 -53 0
-6 -39 -57 0
16 45 0
3 -27 37 0
-16 -21 -27 0
33 40 0
-5 9 -45 0
-38 -68 0
51 -60 63 0
-27 -31 -43 0
2 -26 -31 0
5 -10 72 0
-27 -38 0
-15 -69 0
-41 -66 -75 0
-15 -41 54 0
17 18 -41 0
18 63 -70 0
9 50 -62 0
1 -22 42 0
-41 47 0
-62 -75 0
-60 69 0
-10 -34 63 0
3 16 77 0
3 26 31 0
-15 -18 73 0
61 -70 0
31 67 74 0
4 -28 -33 0
-18 70 0
-11 25 70 0
-34 58 0
3 -60 65 0
10 32 56 0
19 -27 -29 0
-3 -29 0
-7 -50 0
-37 68 0
-52 -56 0
3 12 47 0
-3 18 0
35 58 -70 0
-17 -47 73 0
-19 -22 66 0
36 58 0
22 26 0
-8 -37 67 0
-12 -13 76 0
-17 -26 -65 0
5 -30 47 0
-4 -13 -16 0
-2 11 -24 0
-4 73 75 0
16 25 -63 0
-1 -10 -41 0
49 -68 74 0
61 -68 70 0
16 -69 -70 0
19 -24 -26 0
4 -36 0
5 -19 0
-18 66 73 0
-17 39 -68 0
21 32 -43 0
31 -58 76 0
-8 22 -76 0
1 10 -36 0
-14 -49 -71 0
10 31 -57 0
-28 30 34 0
32 44 -52 0
-51 -75 0
-18 52 -67 0
6 -46 0
33 -34 -39 0
38 -52 54 0
-1 27 56 0
35 41 62 0
-1 23 24 0
-11 -40 -77 0
-9 43 -46 0
-9 65 0
-22 -38 57 0
25 -64 0
-57 70 0
-26 56 0
-16 -23 73 0
-9 34 75 0
-10 23 -63 0
-30 -65 -68 0
-33 -35 51 0
33 42 0
-47 -51 69 0
15 23 -76 0
47 -62 -67 0
-8 50 53 0
-44 56 -74 0
-1 24 0
38 44 -59 0
