p cnf 84 325
32 -46 -52 0
-42 -44 -60 0
39 53 -79 0
-21 -47 68 0
44 -68 74 0
13 -46 49 0
9 -79 82 0
-9 60 -69 0
4 47 0
-49 62 0
45 -68 0
32 -62 63 0
-8 31 50 0
68 82 0
43 73 -80 0
-41 -58 -71 0
40 42 0
-27 -38 63 0
34 -40 41 0
-26 55 -76 0
-25 -60 0
25 -52 80 0
31 56 83 0
15 22 31 0
-14 37 57 0
33 -78 82 0
-8 10 12 0
-15 -21 23 0
-22 36 -41 0
32 68 -71 0
-9 60 0
23 -39 -57 0
20 68 -69 0
-9 -17 37 0
-53 -77 -82 0
71 80 0
23 -38 80 0
20 29 36 0
54 80 -82 0
8 -24 70 0
30 43 0
-2 -51 0
31 -59 0
11 16 75 0
-18 26 -76 0
7 -23 46 0
48 76 -77 0
6 -12 84 0
-20 -49 81 0
-81 -82 0
-15 54 0
-70 -73 -77 0
27 -44 76 0
65 69 -76 0
-14 -34 64 0
34 -55 58 0
-5 -15 -53 0
-15 -61 0
1 18 -31 0
5 -38 73 0
-24 -37 80 0
14 18 0
15 18 30 0
-26 -42 82 0
-28 -66 73 0
-8 -51 64 0
20 30 -51 0
11 28 -48 0
14 22 72 0
-39 59 65 0
71 76 -80 0
-18 -42 67 0
-9 32 49 0
-11 39 44 0
-53 -57 -63 0
21 26 0
12 43 -51 0
11 -30 0
20 23 66 0
-29 -35 73 0
-5 -42 69 0
28 -30 0
43 47 81 0
-12 50 0
-12 -51 70 0
26 29 -64 0
14 -46 -62 0
7 31 72 0
-13 -28 -71 0
1 -10 -44 0
2 13 41 0
-11 58 0
-20 -25 75 0
43 -44 -68 0
3 50 0
-24 76 -83 0
72 -84 0
12 23 0
13 -22 -42 0
-21 80 0
-35 37 -65 0
-6 -72 0
3 -20 -57 0
-9 -12 -51 0
-26 72 84 0
-33 60 -80 0
-12 30 -59 0
-15 38 -78 0
24 -43 83 0
4 -5 -47 0
5 19 -56 0
17 -61 -68 0
-40 -76 0
16 20 -62 0
-35 37 79 0
-3 68 0
-45 -55 79 0
17 73 0
-12 -13 -52 0
-7 -34 35 0
12 75 82 0
-27 -80 0
29 -43 -56 0
-7 18 74 0
22 -30 50 0
-51 -75 0
-23 -51 71 0
8 12 40 0
-9 44 57 0
48 51 57 0
7 -52 61 0
12 80 83 0
3 6 0
4 72 77 0
25 -29 -44 0
-46 -66 0
-33 62 74 0
40 44 -82 0
-34 84 0
8 -26 -73 0
28 53 67 0
-8 -30 80 0
-57 60 74 0
21 50 0
-37 79 0
2 15 0
-2 38 -42 0
11 28 -41 0
-34 -46 -49 0
-26 66 0
-23 -61 75 0
-23 44 0
77 -81 0
17 67 76 0
7 54 -57 0
-46 -48 50 0
-7 -39 83 0
-20 22 27 0
41 45 -51 0
-38 -55 64 0
-2 9 0
20 31 -62 0
29 -31 -55 0
-40 -48 63 0
-16 -49 -67 0
42 -58 81 0
-19 -23 -25 0
7 -48 -63 0
2 30 62 0
-18 -27 0
18 48 0
4 -21 -43 0
31 -47 -82 0
-5 43 -44 0
16 62 81 0
25 45 66 0
-16 -42 70 0
2 -34 0
-32 -43 0
64 78 -82 0
-15 -50 -69 0
-8 15 -23 0
51 52 55 0
31 66 -75 0
-21 -39 69 0
-4 -66 0
9 26 68 0
23 -61 -82 0
-42 -78 0
21 -43 -63 0
-57 -68 0
-36 51 63 0
3 32 -66 0
42 -47 -50 0
10 -65 -71 0
9 28 -82 0
46 -70 0
-8 -42 43 0
-3 50 0
-24 -41 43 0
14 24 66 0
17 -24 51 0
-17 55 -74 0
-74 81 82 0
-29 64 -81 0
-7 8 21 0
-13 -34 -47 0
7 70 82 0
43 73 0
-57 -72 -78 0
-47 56 78 0
42 -62 78 0
22 -30 -61 0
-10 32 46 0
-37 -44 -74 0
31 -51 79 0
46 71 0
-19 -65 83 0
38 -54 57 0
2 32 -61 0
21 45 50 0
-8 55 60 0
-17 -25 52 0
40 -73 0
45 -47 -74 0
-61 62 64 0
5 -20 71 0
-3 -72 0
-32 -36 -66 0
-3 -9 51 0
24 -45 58 0
19 21 44 0
38 -76 -79 0
44 53 55 0
4 -41 -77 0
55 -67 73 0
-34 -81 -82 0
5 19 -82 0
-33 52 -73 0
13 45 -53 0
48 -57 -58 0
-14 35 -39 0
-2 -6 45 0
16 -33 84 0
-1 -45 -49 0
58 67 79 0
-40 49 -78 0
23 -27 -80 0
19 -58 63 0
2 -12 0
6 -17 37 0
7 47 53 0
24 -26 -37 0
28 -59 0
-8 24 -47 0
-46 70 0
4 6 11 0
2 42 -50 0
-15 24 -55 0
11 40 42 0
58 59 60 0
22 35 0
-3 -63 -78 0
26 58 0
-23 51 75 0
-68 -69 0
2 -21 32 0
-6 -20 -52 0
-22 -30 -62 0
21 34 64 0
27 38 0
-30 -33 65 0
6 62 -79 0
-13 -48 59 0
-41 -57 63 0
3 -22 -45 0
-2 -17 38 0
-62 75 0
31 54 78 0
-3 28 0
-9 -61 0
-57 67 68 0
35 49 0
5 -10 -32 0
-62 -71 0
9 -31 57 0
2 25 -36 0
-40 -41 82 0
46 74 78 0
-41 67 69 0
-26 -29 0
21 -28 -54 0
-5 10 -14 0
47 -63 -75 0
-4 -49 77 0
-12 -57 -70 0
16 38 64 0
-41 48 -49 0
-55 -62 72 0
36 52 -56 0
52 59 63 0
-54 72 83 0
-14 -23 63 0
-27 80 82 0
-8 -72 0
8 -34 42 0
-20 -33 -58 0
20 43 72 0
-36 -47 64 0
44 72 81 0
7 52 57 0
6 -9 -28 0
69 -82 0
7 34 80 0
-14 39 -54 0
57 -82 0
-11 -32 -46 0
9 37 83 0
3 -47 68 0
-20 29 56 0
-17 59 63 0
17 40 0
36 -41 -50 0
8 76 0
41 -52 84 0
