p cnf 80 274
4 -35 0
6 15 78 0
48 -58 0
-8 57 62 0
43 -69 79 0
40 -63 0
-1 24 35 0
11 -72 0
34 -37 80 0
6 -19 -41 0
7 -40 0
-27 -37 38 0
-14 -24 32 0
-21 28 -55 0
21 -27 54 0
41 47 -68 0
-24 30 35 0
10 23 -67 0
-14 56 -75 0
-27 56 -59 0
-2 -41 66 0
-3 -43 46 0
-68 77 0
2 -15 0
14 -15 28 0
5 -12 0
-13 -23 70 0
-1 54 -58 0
-32 53 -56 0
-35 50 -54 0
58 -69 72 0
-23 69 70 0
-5 -13 -16 0
-59 -61 71 0
5 -63 -80 0
-2 -18 -55 0
8 -37 43 0
6 -42 0
-24 33 -65 0
22 -27 -47 0
14 46 -79 0
38 -46 77 0
19 -59 0
47 -55 0
-14 -42 -45 0
20 48 49 0
-60 62 80 0
-2 -53 -67 0
54 -58 74 0
-12 -44 0
33 -40 0
6 -7 23 0
28 49 -67 0
-22 40 -53 0
-7 13 -43 0
39 71 0
-38 -69 0
-9 41 64 0
-20 27 34 0
-5 -42 -72 0
8 47 0
5 -66 0
-13 -14 -79 0
6 -14 16 0
4 77 0
-31 57 60 0
6 39 -63 0
1 -35 0
-36 -57 0
-12 -25 -62 0
-9 -25 -74 0
21 -30 0
15 25 -54 0
-5 -14 0
-57 73 -79 0
-19 -47 -64 0
-5 16 -76 0
15 22 -57 0
10 51 65 0
27 -62 76 0
12 39 -58 0
2 77 0
-18 31 -68 0
-10 -13 0
16 22 26 0
-59 -63 0
-37 -47 0
-12 34 -46 0
-18 63 -71 0
-53 -62 0
5 30 0
-4 -54 -68 0
-18 49 -57 0
-13 21 70 0
-36 -43 0
-5 -6 32 0
-46 52 69 0
-12 -17 -47 0
21 23 41 0
37 47 -68 0
-42 -52 62 0
-10 48 0
14 -64 79 0
-14 -27 0
31 -55 -69 0
37 53 74 0
19 -30 -43 0
-35 41 78 0
-5 -13 51 0
9 -20 79 0
26 -37 0
-50 61 74 0
-35 -77 0
-64 68 -80 0
-13 -49 80 0
24 -59 0
31 -64 0
-4 46 0
-35 -64 66 0
-31 58 75 0
2 -16 0
-62 -69 -75 0
-2 -28 -55 0
37 -77 0
17 23 48 0
-21 33 0
26 -58 0
-9 -57 0
-27 -63 -67 0
-19 -23 47 0
8 -12 -47 0
30 -36 65 0
-16 -74 77 0
24 -80 0
-39 52 -78 0
23 40 79 0
-7 76 0
22 73 78 0
-20 28 74 0
-15 51 0
-24 36 80 0
-23 40 0
-26 30 51 0
-9 -34 -43 0
-11 21 -42 0
47 -80 0
55 -67 74 0
19 66 -69 0
13 14 21 0
-5 -39 71 0
-50 -54 -61 0
2 -22 41 0
19 -43 0
-36 48 0
-34 48 0
12 -72 -78 0
-7 16 -80 0
54 67 0
9 15 -32 0
-2 -12 -30 0
58 -70 0
11 -57 67 0
-46 -61 -78 0
21 33 -45 0
-6 -7 78 0
-18 28 -69 0
-7 29 38 0
2 -17 -44 0
30 73 0
-8 15 25 0
-42 49 73 0
3 -11 0
-2 6 0
11 -65 -76 0
-25 29 37 0
15 69 -70 0
51 75 76 0
35 76 0
42 -64 0
-20 31 58 0
1 17 -63 0
10 62 72 0
-64 79 0
-32 60 0
-38 43 -50 0
12 -40 0
4 -32 0
-2 -30 76 0
-2 -53 -76 0
-14 17 -63 0
-5 45 -48 0
13 -38 -46 0
-14 -27 59 0
22 30 -56 0
1 -25 -72 0
-42 52 73 0
30 37 49 0
26 32 -75 0
5 59 0
-3 29 76 0
44 -63 0
-6 -19 57 0
49 63 0
14 23 57 0
41 -61 62 0
9 -54 -72 0
-52 -55 0
41 48 0
13 -35 73 0
-14 30 40 0
33 58 0
-15 -26 32 0
-7 15 67 0
12 13 38 0
27 71 79 0
9 -14 -31 0
-60 -63 0
-6 35 41 0
1 -22 0
-31 34 46 0
30 -75 0
-14 30 -57 0
25 49 0
51 -58 76 0
33 -72 0
-13 48 0
43 62 0
18 26 -52 0
-13 41 -45 0
9 -41 -66 0
51 -52 68 0
16 62 -67 0
-8 -60 0
-4 17 60 0
7 -29 76 0
12 -35 61 0
9 43 -55 0
1 34 -77 0
-33 55 79 0
33 -62 -76 0
1 9 50 0
-5 37 0
-55 61 -78 0
22 -41 73 0
14 -38 -60 0
-20 -40 -68 0
18 -28 44 0
-12 26 52 0
33 63 -70 0
-9 58 69 0
29 -63 0
23 37 66 0
-6 30 -51 0
-45 46 -47 0
-6 55 -71 0
41 -80 0
21 -25 73 0
24 -71 75 0
-22 52 67 0
16 -26 32 0
4 -11 48 0
6 -16 42 0
-37 38 -57 0
31 41 65 0
-8 -13 0
-47 51 79 0
31 -66 0
38 48 -49 0
-37 -38 44 0
28 61 -76 0
-36 -39 0
57 73 -75 0
3 -34 66 0
29 -64 0
