p cnf 90 331
6 24 61 0
78 -82 -86 0
-3 -51 -79 0
16 -90 0
8 32 68 0
22 -31 -61 0
3 31 85 0
-18 52 64 0
6 40 -61 0
-46 -48 0
-11 -48 -62 0
60 -68 88 0
3 -6 -20 0
-1 23 80 0
36 -74 0
-3 27 -68 0
6 -38 81 0
30 -41 -88 0
-24 66 -72 0
34 -75 -84 0
-31 41 -89 0
-46 76 0
-52 -61 0
-21 -51 -73 0
47 -58 0
-7 -27 -81 0
-25 26 0
-9 -24 77 0
-43 -48 0
-32 39 -74 0
-6 19 89 0
27 -56 0
3 -21 78 0
13 30 -84 0
-44 -55 61 0
63 -64 -81 0
-37 -84 -89 0
29 -41 -49 0
-11 27 56 0
-2 10 -46 0
-7 11 30 0
-32 66 75 0
-3 26 -34 0
-39 -41 -59 0
-25 -80 0
27 -68 79 0
-23 53 -68 0
4 48 -61 0
26 -30 -51 0
-39 77 -81 0
25 41 65 0
-29 -56 80 0
1 62 -65 0
3 -54 0
24 57 81 0
-3 6 -66 0
-2 -11 55 0
-51 -58 60 0
8 -61 63 0
-31 43 -87 0
-7 32 -41 0
-2 50 0
5 11 -13 0
30 33 43 0
-2 78 87 0
11 -29 -88 0
-22 -70 -74 0
-14 42 66 0
6 15 -39 0
1 -25 -51 0
48 -59 -75 0
-8 72 0
-5 33 -72 0
11 -40 -82 0
13 29 69 0
-10 -48 60 0
44 54 -89 0
-35 -39 -49 0
-47 55 -74 0
4 -59 88 0
18 -56 -63 0
-19 28 72 0
-3 16 -49 0
-3 72 0
45 86 0
-26 -62 -66 0
38 -47 0
38 -44 62 0
4 -71 88 0
-17 -83 0
-25 -27 40 0
39 51 -71 0
-28 50 -67 0
6 10 74 0
38 -58 75 0
-16 -44 64 0
-10 51 74 0
14 47 82 0
29 65 -75 0
-26 55 -82 0
32 -38 90 0
-22 82 0
-11 -89 0
-9 43 -57 0
-17 -35 55 0
28 49 -51 0
9 -55 -85 0
61 65 0
-32 59 0
14 -72 -85 0
-30 46 0
6 -18 86 0
-16 42 -44 0
-12 -14 52 0
30 43 56 0
56 -74 -82 0
17 36 0
26 -32 39 0
-11 71 0
-24 64 71 0
-20 -74 0
-16 -17 -77 0
43 -61 -83 0
-83 -84 0
3 13 18 0
5 -57 65 0
-14 26 -33 0
-23 -30 0
-67 -75 0
-31 -33 -74 0
5 34 79 0
-34 39 70 0
13 -38 -76 0
-29 44 57 0
-12 -65 0
17 -37 77 0
34 64 -83 0
-8 -50 -64 0
29 -50 -57 0
-41 75 -87 0
-38 -82 83 0
-66 -68 -88 0
-53 -76 0
13 -23 89 0
34 -62 0
7 -60 68 0
-9 15 75 0
33 34 -73 0
56 59 78 0
1 27 -33 0
5 23 -66 0
32 -39 -62 0
7 19 46 0
-41 77 86 0
-29 58 69 0
-3 30 -78 0
-19 -26 66 0
17 -24 -43 0
-25 -33 45 0
-3 71 0
70 -72 0
6 31 -56 0
-11 -22 64 0
-46 58 62 0
-18 29 -90 0
53 57 -90 0
-30 -71 -74 0
4 -10 17 0
3 29 35 0
17 -35 -77 0
-4 44 0
64 -70 74 0
-32 72 0
2 39 65 0
-38 -49 -86 0
33 63 -67 0
7 -16 -21 0
3 40 -52 0
22 -88 0
-18 -46 -47 0
45 57 -79 0
47 -59 75 0
28 30 35 0
27 -51 73 0
26 42 61 0
6 -14 15 0
-14 45 -48 0
-74 78 -82 0
8 -29 0
-1 74 -88 0
28 -48 -72 0
-38 -58 0
10 28 -58 0
39 47 -82 0
-10 50 0
-9 41 61 0
-49 -61 -78 0
51 79 -80 0
-11 -58 69 0
-3 66 86 0
-9 -25 -43 0
50 55 -85 0
-6 75 88 0
-22 29 -81 0
-71 -82 -85 0
-13 -68 -82 0
-30 -35 44 0
22 53 -69 0
31 51 55 0
-15 -41 -48 0
20 44 87 0
-24 -36 50 0
10 -44 65 0
37 -68 -83 0
-1 49 0
-10 -55 62 0
44 65 0
11 -14 0
12 -45 -86 0
50 63 -67 0
-39 -65 0
44 -54 -88 0
-32 35 56 0
-1 -8 55 0
-9 66 86 0
3 -14 41 0
4 61 0
61 67 86 0
47 -62 -90 0
10 40 -43 0
-32 48 60 0
-15 53 68 0
-1 -28 32 0
-21 -38 64 0
5 -54 63 0
56 -67 0
23 -60 -84 0
-38 -42 70 0
-50 58 67 0
-34 69 -74 0
-22 -73 -79 0
-16 -27 -67 0
-3 50 73 0
-9 73 -79 0
-34 -51 76 0
-24 29 -86 0
48 53 88 0
-47 64 -73 0
-10 -63 0
-5 -22 -53 0
-2 -7 90 0
10 35 -57 0
-19 53 75 0
-24 -35 78 0
59 62 0
19 -28 -32 0
-7 35 40 0
65 72 -75 0
-58 65 -77 0
34 -69 77 0
-21 -68 0
-40 -59 -72 0
26 48 90 0
35 41 -66 0
36 59 -71 0
-37 -46 81 0
60 87 -88 0
56 -86 0
-39 -40 82 0
8 -62 67 0
48 -53 63 0
7 -33 0
-7 -40 87 0
-16 85 -90 0
-14 -63 71 0
73 83 -89 0
48 50 -70 0
-2 -21 0
17 -35 62 0
-38 59 79 0
19 -90 0
35 48 -49 0
-16 56 -60 0
-43 75 84 0
-23 -48 -82 0
-20 29 -35 0
-14 30 -47 0
-14 42 -46 0
28 -50 80 0
-1 8 -53 0
39 -50 -86 0
-1 -59 -72 0
22 32 44 0
-2 46 -57 0
-35 47 -74 0
-13 -15 -54 0
-50 -77 79 0
-5 15 -28 0
26 27 0
-11 15 52 0
-31 53 -89 0
18 37 0
-30 48 -50 0
8 -26 -38 0
30 -49 0
-13 52 69 0
-6 -20 62 0
-30 56 -68 0
-12 37 -51 0
-14 -24 31 0
9 54 64 0
-35 51 -87 0
-2 -36 -49 0
11 52 -67 0
-22 29 -41 0
-27 31 -57 0
2 -35 88 0
-4 -29 -44 0
-30 37 67 0
-28 47 53 0
9 14 -52 0
14 42 75 0
-3 -41 -86 0
62 -64 -80 0
42 -47 76 0
-29 34 -70 0
-31 -73 90 0
3 -9 65 0
1 9 -54 0
50 55 85 0
-29 -44 0
