p cnf 73 223
23 25 0
-33 -43 -45 0
8 -20 44 0
21 23 30 0
-22 -65 70 0
1 -47 0
20 42 0
10 62 70 0
-1 17 0
-26 37 -53 0
12 -55 59 0
-4 -18 0
50 -53 68 0
31 43 -62 0
-14 -26 -44 0
-36 -61 66 0
-1 26 -30 0
17 -32 0
4 33 -47 0
29 -63 73 0
6 46 0
30 -61 0
-7 60 0
-15 54 0
11 -16 0
-32 42 46 0
8 43 0
22 -71 -73 0
-31 33 -53 0
24 -59 -68 0
22 56 0
-38 65 71 0
-20 -21 -45 0
14 61 0
11 -12 -57 0
11 14 34 0
42 -53 0
20 -41 43 0
-49 -59 0
-5 -32 45 0
-14 22 43 0
-18 -32 0
8 36 -48 0
21 69 0
2 -7 -21 0
15 -53 -70 0
15 43 -59 0
-3 -18 43 0
2 19 -61 0
62 -64 0
61 -69 0
-17 -63 0
-23 39 -54 0
3 38 51 0
-26 -35 0
-8 -23 61 0
18 -53 0
11 -25 0
-5 -33 41 0
-1 42 -54 0
30 31 -66 0
17 -61 -66 0
22 30 68 0
-14 -48 0
-15 53 0
-54 59 0
10 -46 70 0
1 -42 68 0
-24 -73 0
23 -32 -57 0
-14 21 0
-46 66 70 0
-11 -38 0
-30 42 68 0
-45 50 51 0
35 -36 -41 0
60 -71 0
-17 -57 69 0
51 54 70 0
-16 25 -41 0
-15 34 0
21 -32 0
6 -30 32 0
-7 -52 0
-1 12 -71 0
35 36 55 0
25 31 -39 0
23 -53 65 0
-13 52 -53 0
-4 53 70 0
9 -13 -55 0
6 -43 0
2 69 0
8 -14 51 0
-14 17 -28 0
34 -57 0
36 -41 52 0
-3 -30 0
6 15 47 0
25 -64 71 0
-21 -37 71 0
10 13 -34 0
48 50 73 0
45 52 0
4 -44 0
26 -37 -42 0
25 -43 -56 0
18 24 -48 0
12 -44 55 0
-4 -7 0
11 53 -56 0
-16 -45 50 0
-29 -61 0
-13 -56 72 0
3 -7 46 0
20 -59 -62 0
6 -67 -73 0
4 50 64 0
30 59 0
-27 -57 -62 0
-5 -46 0
13 -16 38 0
1 43 66 0
5 12 -29 0
-16 -25 -68 0
-16 63 0
-17 60 0
18 -19 -39 0
-13 -59 0
-5 41 51 0
-39 41 0
24 -51 66 0
1 -14 -58 0
-9 32 0
-36 41 0
-2 -20 -63 0
9 -14 -54 0
16 32 35 0
26 -32 -46 0
-6 40 -64 0
-35 -49 -70 0
4 58 -71 0
-30 -58 0
-1 17 -66 0
-45 -52 0
12 19 72 0
44 67 0
-1 32 58 0
15 -40 0
-6 -23 67 0
-17 36 73 0
22 -46 54 0
-22 -39 -58 0
-8 24 -56 0
38 59 71 0
54 63 0
12 -23 -32 0
15 19 -52 0
38 56 0
-12 26 40 0
18 48 61 0
19 67 0
-10 32 71 0
22 -42 0
-3 49 0
-44 69 0
-8 -25 -64 0
-9 -41 49 0
11 14 -60 0
-43 -46 0
-6 -33 -43 0
-8 -45 0
-15 21 0
7 -15 -56 0
-15 47 61 0
-8 13 -33 0
-24 34 47 0
18 68 0
-33 -47 0
-33 -38 -52 0
-43 54 0
-8 -30 32 0
12 -17 53 0
17 45 0
49 -67 70 0
-37 44 72 0
-14 -71 0
2 -9 -23 0
-46 -53 0
18 25 34 0
10 63 73 0
-5 -9 0
25 39 -60 0
-21 -45 0
12 -31 -33 0
19 70 0
-1 -13 24 0
-14 -41 43 0
-1 -44 61 0
24 30 48 0
3 43 0
-17 -52 70 0
32 37 -41 0
-57 -58 0
2 42 -49 0
49 -58 -68 0
-27 40 49 0
-21 -66 0
25 46 0
-51 68 0
-41 -73 0
-57 63 0
29 44 47 0
14 -62 0
43 52 59 0
-5 62 -73 0
-7 -67 0
34 -57 0
-44 65 0
7 -11 35 0
-23 -29 58 0
-2 -26 38 0
-7 11 -62 0
