p cnf 73 223
28 37 -52 0
12 -65 0
33 62 0
40 -53 61 0
-10 15 0
-8 43 52 0
19 -27 39 0
21 25 33 0
-5 -45 56 0
55 56 -71 0
2 17 0
32 71 0
-9 -18 -67 0
-45 47 52 0
23 61 -70 0
4 -25 0
32 -42 0
-27 -46 49 0
23 -46 -48 0
22 -41 66 0
-42 62 0
-3 16 -42 0
-6 61 -71 0
21 23 -63 0
-6 14 0
46 48 51 0
40 58 0
18 -27 42 0
12 50 -56 0
-40 48 0
49 50 0
-33 -38 43 0
18 25 -73 0
-21 67 0
17 22 29 0
-11 63 73 0
4 -50 0
-32 51 -57 0
-22 -56 0
4 -13 71 0
-35 44 73 0
-2 15 26 0
2 -10 11 0
-12 -36 0
-7 -49 -54 0
-37 52 68 0
4 28 -43 0
51 -65 0
20 -52 0
-20 60 67 0
-16 31 -43 0
-21 53 72 0
-19 31 -35 0
-12 28 0
-9 16 0
-35 51 0
-10 -54 0
-23 37 -61 0
-9 47 -66 0
26 67 -69 0
-9 -13 -72 0
-5 9 -67 0
-3 -51 -66 0
-18 48 72 0
35 70 0
5 44 -50 0
-1 -41 0
-19 36 71 0
1 -51 65 0
-45 61 0
-29 -47 49 0
-15 -35 48 0
18 31 -50 0
-20 62 64 0
28 34 -67 0
21 64 67 0
12 -67 0
6 26 -51 0
-8 11 -15 0
-40 -71 73 0
27 29 55 0
41 -47 -53 0
19 59 64 0
-23 -30 -52 0
22 -34 -45 0
-31 43 0
37 47 53 0
-5 39 60 0
12 -27 58 0
-49 52 63 0
-9 15 0
-6 -13 33 0
-19 -64 0
36 37 52 0
58 -59 -71 0
-9 -14 0
-26 -28 -64 0
-2 -20 -23 0
-13 -38 65 0
-3 33 -38 0
-10 14 -70 0
-26 -32 -73 0
-29 33 -71 0
-1 73 0
30 -68 0
-8 43 -62 0
30 65 0
-1 25 28 0
31 -47 -72 0
19 22 59 0
35 55 0
2 53 0
-29 -53 69 0
-3 49 72 0
31 -33 49 0
6 -48 -63 0
-29 48 -50 0
-1 29 0
-36 59 73 0
34 42 45 0
-15 26 53 0
8 43 68 0
-3 -58 0
14 -35 0
-28 -40 48 0
3 -14 -21 0
18 -28 57 0
-11 -34 40 0
4 9 -51 0
-2 12 36 0
-7 -23 70 0
-5 -50 73 0
-49 56 0
5 62 0
-25 32 69 0
29 40 -49 0
-28 62 0
-3 32 52 0
-5 16 -72 0
-12 56 70 0
-20 -39 46 0
4 15 0
13 57 0
3 42 -61 0
-46 55 0
-34 35 0
2 -28 -54 0
-42 49 62 0
15 -49 0
21 24 0
54 -58 0
21 -33 37 0
9 -11 26 0
-2 19 56 0
-2 -33 0
24 35 61 0
21 -73 0
52 65 -68 0
-6 -10 -70 0
-51 63 0
-4 8 66 0
12 41 0
9 67 68 0
30 -43 -52 0
28 -67 -69 0
29 -38 -73 0
-15 -38 0
-10 19 -59 0
-27 -35 42 0
-15 -39 0
38 73 0
-33 -64 0
-6 -58 0
27 43 -49 0
4 -73 0
-9 49 67 0
10 13 -59 0
-26 56 63 0
-1 45 -53 0
-23 -44 -60 0
52 69 0
14 -30 72 0
-15 -20 0
-1 -57 0
-15 62 0
-7 60 0
-11 -25 36 0
-13 -24 0
36 45 62 0
-5 -11 0
9 14 -30 0
-3 -4 -61 0
-8 56 0
-27 29 -68 0
10 -11 46 0
3 -30 -31 0
-26 -69 0
-19 21 0
-26 -62 72 0
-24 -29 68 0
-29 -32 0
35 47 48 0
24 47 67 0
20 -45 0
3 41 -69 0
31 55 70 0
6 -53 0
1 7 -71 0
23 36 -37 0
4 -16 0
-4 -7 -38 0
21 32 -67 0
-5 9 71 0
1 24 60 0
2 24 -67 0
-25 -59 0
4 48 0
-10 -13 19 0
23 36 0
-4 29 42 0
-10 28 62 0
-35 -56 -57 0
-18 25 58 0
