p cnf 89 321
26 30 71 0
-14 -77 82 0
9 22 -31 0
20 47 -66 0
-77 -82 -87 0
-9 78 88 0
-30 -41 70 0
38 -39 51 0
-29 -50 82 0
-39 70 83 0
-2 -35 -41 0
-67 -70 -89 0
30 -37 -85 0
24 -32 43 0
7 69 -82 0
48 53 -56 0
-24 33 0
21 -60 -81 0
16 57 0
-11 -55 -72 0
-23 50 0
9 40 70 0
-1 -71 82 0
-13 79 80 0
-2 49 68 0
-8 -33 -49 0
-2 55 59 0
35 -39 0
29 52 0
-5 21 -56 0
-37 42 -81 0
26 -30 59 0
1 -16 49 0
-5 33 72 0
-34 35 69 0
40 -60 -81 0
-13 -28 30 0
48 78 0
7 -25 -62 0
16 57 67 0
-9 25 44 0
-34 -45 -81 0
15 -58 -67 0
11 -78 81 0
-51 -71 0
14 -41 -60 0
46 54 -64 0
39 62 -63 0
22 -26 83 0
-4 37 -55 0
-19 59 -86 0
-56 62 -82 0
47 -68 -80 0
8 -64 -70 0
35 -57 0
-23 -54 0
-19 45 75 0
-23 -53 -85 0
6 55 0
-30 36 59 0
-78 -79 -80 0
46 79 -83 0
59 -62 81 0
34 -41 48 0
-12 15 63 0
4 -37 45 0
-25 44 0
-15 55 -78 0
26 29 -81 0
-7 -24 -66 0
-35 49 80 0
43 55 -84 0
16 39 -72 0
-3 -31 89 0
41 59 60 0
51 -74 -76 0
29 36 73 0
10 42 54 0
25 33 -66 0
-7 68 88 0
14 -22 86 0
-17 -26 0
-8 -49 56 0
-39 -64 -86 0
-53 -75 87 0
45 56 69 0
2 64 76 0
-3 11 0
3 39 -51 0
-29 -33 -86 0
-17 42 -52 0
-5 73 0
17 61 -77 0
-20 -28 82 0
-52 61 -63 0
58 -81 -84 0
2 -52 81 0
30 -43 -63 0
68 -76 0
-47 68 86 0
-14 -15 -52 0
-12 13 0
-13 -31 -82 0
14 -20 -51 0
27 -37 44 0
20 -75 -78 0
50 62 -82 0
66 72 0
-23 -38 -54 0
44 67 -76 0
-40 44 71 0
-13 19 -39 0
21 25 -88 0
9 -35 37 0
7 -12 62 0
39 -53 -74 0
5 52 63 0
-12 16 0
19 72 0
27 29 42 0
-13 41 -77 0
14 -42 0
-8 -12 -22 0
-8 75 -88 0
-13 -21 65 0
1 -46 -88 0
-4 -47 76 0
-12 -47 -88 0
13 19 -23 0
-9 43 54 0
16 -28 38 0
12 -47 72 0
-9 29 80 0
12 -16 0
14 26 -69 0
-9 23 -55 0
41 45 -82 0
36 -56 -71 0
12 32 47 0
6 30 -38 0
14 66 0
29 75 78 0
4 -59 62 0
-23 -44 -45 0
-35 -44 -60 0
68 -85 89 0
8 -17 59 0
-7 13 -58 0
-19 -58 -74 0
11 15 -63 0
-32 -38 74 0
-25 -27 -47 0
3 41 -52 0
12 29 64 0
26 27 -56 0
18 -36 -76 0
-14 -22 86 0
43 -46 87 0
40 48 59 0
-16 -18 -39 0
-26 57 74 0
-21 -66 0
-2 -21 22 0
19 -54 -62 0
16 43 46 0
-9 66 73 0
45 61 -76 0
60 63 -70 0
3 -54 85 0
61 -76 -81 0
15 16 24 0
8 24 41 0
-11 -24 84 0
13 42 86 0
68 74 -89 0
3 4 7 0
18 -48 88 0
18 19 -67 0
-11 16 85 0
48 -84 0
-27 -53 0
-77 78 79 0
36 50 55 0
48 74 76 0
16 -50 -83 0
18 60 0
51 -56 73 0
-6 11 -70 0
48 82 83 0
-46 -65 -88 0
3 69 -81 0
-60 -61 -69 0
-12 14 66 0
-24 -47 -88 0
13 -40 -89 0
1 -19 -29 0
11 -69 -70 0
-33 -60 -78 0
61 78 -80 0
12 -45 77 0
13 23 0
13 -17 -69 0
-20 31 -63 0
24 36 87 0
5 -53 -65 0
2 -37 59 0
7 -16 -32 0
23 41 -69 0
3 -32 -37 0
14 -42 60 0
-47 52 -59 0
17 -43 58 0
-8 60 -75 0
-8 -10 -21 0
10 66 81 0
9 -36 0
20 -47 -69 0
11 -15 -74 0
17 52 68 0
5 -59 -87 0
22 51 81 0
-9 52 -63 0
42 -51 52 0
-62 66 0
15 -44 53 0
-19 -45 81 0
45 86 -89 0
23 41 -61 0
12 -55 -80 0
-36 52 65 0
20 -27 -86 0
7 -28 30 0
-9 19 26 0
8 37 52 0
4 -41 59 0
-60 -64 0
-12 38 -72 0
-3 -66 76 0
65 68 74 0
-14 -67 85 0
-22 -50 -60 0
83 86 0
36 -41 57 0
54 -58 65 0
35 37 0
18 -40 -77 0
19 -59 0
12 16 43 0
-5 -20 -41 0
36 57 -66 0
22 41 -75 0
-3 -57 -88 0
-26 79 0
15 47 -54 0
14 -51 -83 0
-4 -49 58 0
-20 24 58 0
11 -30 -45 0
15 -64 -88 0
-42 -54 66 0
-27 39 0
-22 53 65 0
6 13 -66 0
29 38 -71 0
-15 33 -39 0
-9 38 52 0
-11 84 -89 0
-20 -53 66 0
1 -30 -59 0
29 -79 0
14 -27 68 0
-53 70 0
3 -53 -76 0
26 67 79 0
10 -23 65 0
23 -44 72 0
25 -42 -52 0
-11 -81 86 0
5 -46 79 0
3 82 83 0
-8 42 -46 0
-7 46 -86 0
-27 56 -70 0
-7 -26 61 0
-3 71 86 0
36 54 69 0
-4 5 49 0
-29 -76 -87 0
-8 68 70 0
15 49 88 0
-33 -43 -57 0
3 -65 80 0
-10 11 87 0
22 -24 58 0
-18 43 44 0
-4 -38 -81 0
72 -84 0
17 25 51 0
63 -85 0
-72 -75 0
12 25 -39 0
-25 61 79 0
-22 -60 73 0
39 47 70 0
41 48 -89 0
75 -87 88 0
38 56 -75 0
6 -8 -33 0
-31 -63 75 0
44 74 81 0
32 -49 -69 0
29 39 -71 0
26 64 82 0
-41 -64 -68 0
18 63 0
-2 -55 64 0
3 6 9 0
-1 -80 85 0
-34 77 78 0
8 49 78 0
9 -38 -61 0
