p cnf 92 342
-1 24 74 0
44 45 67 0
-29 43 62 0
-22 27 -87 0
-2 -31 67 0
-28 66 -88 0
-1 -22 0
-13 -38 -77 0
-32 -76 -85 0
-27 -49 60 0
26 -45 85 0
7 12 -41 0
25 -33 70 0
17 -27 56 0
-16 -71 75 0
-58 -62 69 0
15 -50 0
69 -82 -89 0
13 38 65 0
37 73 75 0
21 -73 0
-31 41 -47 0
-51 69 -75 0
16 -59 66 0
10 -69 -88 0
-31 35 -62 0
-19 41 -92 0
-51 82 92 0
29 -61 -86 0
-26 41 0
-19 66 85 0
24 48 -73 0
-5 -30 -66 0
13 -58 78 0
81 -87 89 0
13 -60 62 0
-49 -67 -90 0
48 63 65 0
45 -47 53 0
50 67 87 0
8 39 84 0
26 91 0
-56 77 83 0
-5 11 19 0
26 60 67 0
-31 33 54 0
-14 -40 76 0
2 43 -65 0
-3 37 -67 0
6 26 43 0
12 32 41 0
81 -84 0
41 47 65 0
-53 -62 -70 0
-2 8 0
14 -24 70 0
-8 -43 -85 0
1 15 -41 0
-43 -56 -63 0
-3 -75 -81 0
-32 40 -92 0
-49 71 -78 0
-29 66 73 0
11 18 -46 0
30 -36 81 0
-14 32 -60 0
25 34 70 0
-1 2 0
60 92 0
-2 -42 -88 0
13 -27 -73 0
-47 64 73 0
20 58 -69 0
-29 -51 0
-13 52 -69 0
-16 -65 -88 0
-11 25 84 0
1 27 62 0
1 14 62 0
-36 -76 77 0
-14 69 0
1 37 92 0
36 -51 -78 0
-6 13 63 0
-11 -61 -86 0
59 -79 -87 0
-8 10 54 0
33 51 -62 0
4 -34 -81 0
-73 -81 -85 0
-40 -74 90 0
-37 49 57 0
-49 -50 75 0
16 -22 -51 0
-30 -40 -73 0
-35 62 -75 0
-1 -44 -90 0
15 -57 69 0
21 77 90 0
-33 -61 71 0
52 -70 77 0
11 -42 -92 0
44 46 64 0
-6 -35 -50 0
15 34 -79 0
-5 42 0
19 62 -89 0
32 -51 0
-26 34 52 0
-1 11 65 0
6 -70 0
-42 -51 -88 0
-16 40 -92 0
29 -57 -62 0
37 -61 -91 0
54 56 -83 0
27 -58 61 0
-62 -70 74 0
40 84 91 0
53 63 -82 0
14 71 -90 0
-39 79 -83 0
35 -83 91 0
39 45 54 0
2 15 51 0
-31 33 0
-21 32 -84 0
-12 -15 -46 0
9 57 68 0
-40 52 -68 0
-29 -52 77 0
-1 -45 -46 0
29 45 -64 0
-82 -83 -86 0
31 -51 -80 0
-34 -46 51 0
15 -43 -54 0
-18 -52 -76 0
22 -59 62 0
-55 62 88 0
5 58 92 0
-29 41 -87 0
5 -44 74 0
17 33 0
56 -58 -83 0
43 64 81 0
-18 -60 -74 0
-12 -28 -84 0
-44 82 0
6 -40 -54 0
-56 61 82 0
8 38 68 0
6 8 51 0
-32 72 -88 0
13 -43 66 0
-32 72 75 0
-2 -26 -32 0
-19 -23 47 0
39 -60 68 0
-52 -62 -71 0
-51 68 85 0
-19 -73 81 0
-33 60 70 0
-2 -49 -57 0
20 -30 -37 0
37 -56 -73 0
58 64 -69 0
-32 -46 -58 0
48 56 78 0
-7 -76 -92 0
-20 -34 -50 0
-3 41 63 0
6 87 91 0
43 -65 -79 0
1 58 -89 0
43 48 91 0
19 32 75 0
-10 88 0
-28 38 -76 0
-36 -70 -71 0
4 -36 0
-29 33 -49 0
-7 -10 -20 0
26 56 -81 0
-30 -52 -58 0
-16 33 59 0
-24 -56 -90 0
19 -36 41 0
61 -70 -83 0
39 -67 78 0
-12 -18 56 0
15 21 80 0
3 23 -81 0
4 45 63 0
-70 87 0
-3 22 31 0
-9 25 -91 0
-25 65 68 0
10 34 44 0
-13 16 54 0
8 9 37 0
-11 25 39 0
8 -21 22 0
47 75 0
-8 -10 30 0
-74 84 -91 0
-63 78 -90 0
-3 -26 36 0
-8 -36 53 0
-27 -28 69 0
5 11 70 0
36 -49 -73 0
-1 -2 90 0
4 29 88 0
17 -48 80 0
-16 -43 69 0
-47 75 -79 0
35 75 84 0
3 -5 38 0
-52 60 -79 0
58 91 92 0
29 33 62 0
17 34 -39 0
37 -48 60 0
5 65 0
19 25 -56 0
25 -46 -73 0
-26 35 -48 0
57 -67 -77 0
-40 69 -91 0
-26 28 0
22 -49 -89 0
5 53 84 0
-28 53 0
21 -26 58 0
-3 -74 -92 0
-15 -65 -74 0
8 -55 -90 0
13 -22 -27 0
-2 -35 -66 0
15 41 61 0
24 32 -45 0
56 84 0
8 9 -88 0
5 -31 -67 0
75 85 92 0
-7 29 81 0
16 -49 -75 0
-5 -39 -76 0
-28 38 -77 0
-32 -59 -69 0
-31 65 -79 0
-28 -68 89 0
-11 50 67 0
-9 29 -34 0
70 89 0
-38 53 -58 0
39 63 -65 0
-10 12 44 0
-5 46 -65 0
16 24 -43 0
5 -23 25 0
32 -82 -86 0
16 24 61 0
-16 -20 -42 0
-40 -57 -62 0
9 -11 -90 0
26 40 88 0
-6 -19 62 0
-38 -62 88 0
-41 65 70 0
29 -56 -75 0
9 -70 -73 0
18 -26 -51 0
7 -22 -49 0
10 -21 -38 0
-25 -90 91 0
-27 -50 -57 0
-4 -17 0
20 -33 87 0
30 66 90 0
-33 53 71 0
42 71 87 0
35 -52 0
-20 39 -85 0
36 55 83 0
-31 34 36 0
-28 54 -85 0
-27 73 0
-11 26 46 0
13 54 0
53 -64 74 0
36 60 -79 0
1 -64 -70 0
-27 -36 -83 0
1 -13 -91 0
-26 30 -57 0
-6 22 -56 0
15 -32 62 0
-3 19 -92 0
-79 82 0
21 33 -68 0
34 -43 56 0
27 81 88 0
-12 -63 87 0
11 -19 -73 0
-34 80 86 0
-41 44 -72 0
26 46 48 0
58 -80 0
-1 -56 73 0
5 37 -60 0
2 52 67 0
-38 63 66 0
-2 -41 -62 0
10 -33 0
16 -70 0
40 63 74 0
-16 40 -61 0
-13 29 31 0
-12 18 69 0
-15 -41 -47 0
-29 60 68 0
8 -40 -50 0
-3 53 80 0
-24 73 0
-56 74 81 0
7 -58 -92 0
-34 -57 -60 0
-26 30 45 0
-35 76 84 0
-1 15 -71 0
-9 14 -31 0
27 -46 71 0
10 37 62 0
-50 -63 -90 0
21 57 0
5 62 -88 0
-11 57 -67 0
-3 -49 90 0
-26 32 -80 0
-37 39 0
