p cnf 80 299
-52 60 62 0
14 30 -42 0
2 32 -69 0
-27 -70 0
-8 14 33 0
68 -75 0
-19 50 -75 0
39 -62 -78 0
-34 -42 -80 0
6 -22 -27 0
5 -27 29 0
-29 49 59 0
-16 -43 61 0
48 -62 -64 0
-44 -48 60 0
31 61 -62 0
7 58 0
-7 -66 -76 0
-20 -35 -39 0
7 -30 58 0
-60 -65 0
-7 -42 0
4 -41 -55 0
-3 16 -21 0
13 -37 -42 0
25 73 75 0
9 40 41 0
14 19 -62 0
1 27 0
-11 -47 -80 0
-6 -60 -71 0
15 19 -58 0
-29 -31 -79 0
-27 30 0
-24 54 -77 0
-18 -35 67 0
62 64 76 0
-14 -19 0
-17 -28 -67 0
-20 35 -80 0
35 -60 0
12 34 -52 0
17 63 0
12 -33 -62 0
-9 -63 0
-12 66 0
-5 6 -48 0
-11 23 40 0
19 -73 0
4 43 -55 0
4 -60 0
5 -33 -58 0
51 53 -55 0
37 58 0
5 31 67 0
20 25 38 0
8 -72 -74 0
-9 79 0
3 -12 0
2 44 -75 0
-3 -76 0
3 -38 -45 0
8 45 55 0
14 20 -69 0
8 60 63 0
-8 -10 0
-16 -21 -56 0
21 37 78 0
-27 -59 -74 0
35 -39 -41 0
-4 74 76 0
-3 -42 -77 0
-34 -44 -69 0
-45 47 0
-32 -34 -70 0
-47 53 73 0
-4 -49 -66 0
48 -49 -80 0
-38 -45 -53 0
37 63 0
-11 19 71 0
19 31 0
5 63 0
-11 68 0
-52 -59 -75 0
-1 -15 46 0
56 -65 -80 0
27 75 0
36 40 -80 0
-13 -38 55 0
19 -61 0
28 -35 -71 0
-36 77 0
37 51 0
13 52 -65 0
-34 38 65 0
-2 5 35 0
10 -59 0
2 -44 77 0
-25 -58 0
-15 -19 46 0
-13 69 0
14 63 0
-28 -62 -79 0
1 -18 -72 0
-59 -61 -70 0
-51 56 77 0
34 -67 71 0
34 -54 0
34 48 67 0
35 43 71 0
-8 25 43 0
6 -23 0
-22 30 -79 0
3 -9 -39 0
4 -76 0
-16 -80 0
36 -54 58 0
-18 28 0
-4 44 0
1 -2 0
-1 -35 -70 0
-26 51 -53 0
-59 73 -74 0
35 -51 -68 0
-14 28 -49 0
37 39 -47 0
22 54 79 0
6 47 78 0
-72 75 0
19 24 -68 0
7 8 0
9 16 28 0
26 32 42 0
-15 -46 -57 0
53 -56 -57 0
7 17 57 0
-31 44 -61 0
59 -74 0
2 24 66 0
46 47 0
13 51 -63 0
3 44 -64 0
22 -26 -58 0
4 -12 -57 0
-21 -71 -80 0
18 51 74 0
-14 -57 60 0
-31 79 0
29 56 0
44 -71 0
19 36 -49 0
29 44 72 0
-50 -63 -69 0
-53 68 0
44 -58 0
9 78 0
-26 30 -46 0
-13 28 54 0
18 34 35 0
-57 -67 0
-63 72 74 0
2 43 44 0
39 68 -71 0
39 -48 -61 0
-27 62 63 0
16 -45 64 0
-45 48 50 0
53 -73 75 0
29 30 -50 0
-40 -61 -74 0
-8 -61 80 0
-18 -26 40 0
-12 35 -74 0
5 51 76 0
-32 48 -52 0
-14 -38 -40 0
-32 57 79 0
55 57 73 0
-42 47 73 0
-22 -47 -74 0
-5 24 66 0
13 -43 -69 0
-26 55 0
9 42 0
-26 54 -76 0
-30 -31 -75 0
33 39 -77 0
39 56 59 0
36 44 0
-28 67 0
-22 -56 -70 0
-46 64 77 0
-45 -66 0
12 37 0
1 54 69 0
5 -73 0
58 63 74 0
-29 -44 -78 0
-32 -49 59 0
1 -28 38 0
-40 42 65 0
-37 -42 71 0
9 -40 -63 0
-2 10 -63 0
10 -52 -77 0
1 -29 -70 0
-8 -58 0
37 65 68 0
-74 -76 0
-3 -15 -70 0
9 -62 0
-5 24 -47 0
16 -39 58 0
54 69 -70 0
32 -65 -76 0
-7 33 36 0
5 -44 80 0
5 -43 49 0
1 80 0
2 -22 0
26 57 0
-37 -43 -69 0
-60 -68 73 0
-21 -40 62 0
20 21 50 0
9 -73 0
-30 -33 75 0
41 43 55 0
-12 63 64 0
1 -60 0
15 24 43 0
18 28 0
9 22 -65 0
31 56 -59 0
42 46 0
9 -34 -53 0
4 29 -52 0
30 42 -74 0
-27 -57 -70 0
39 -55 75 0
6 41 52 0
32 34 -48 0
1 -19 35 0
-11 -40 72 0
6 -58 62 0
6 -42 69 0
-10 -30 77 0
25 38 41 0
-21 -37 -52 0
-6 -57 -61 0
39 47 70 0
1 33 67 0
39 -44 0
5 29 -55 0
20 30 -39 0
41 -51 68 0
-28 68 76 0
11 -29 74 0
-22 65 70 0
-50 -67 0
7 39 -54 0
-7 18 -57 0
-3 -52 -61 0
-32 52 60 0
3 16 65 0
-2 -18 -21 0
2 -11 -63 0
20 -21 0
-37 75 -79 0
-49 -70 0
-13 -22 -61 0
24 -38 -57 0
29 -47 78 0
-24 37 -68 0
-5 13 16 0
35 -58 74 0
61 69 0
16 39 76 0
-34 43 -73 0
36 -59 0
-15 54 79 0
-22 -51 77 0
-26 -71 74 0
-46 -52 -75 0
-31 -53 -71 0
-4 37 44 0
-8 -58 0
10 22 -60 0
-43 56 65 0
-12 38 40 0
20 -48 69 0
-28 53 -61 0
39 -72 0
-24 -39 59 0
-24 -71 0
15 47 -50 0
48 -55 -59 0
18 -53 60 0
