p cnf 81 275
32 -46 0
7 50 -51 0
-9 -35 74 0
-13 15 40 0
-10 69 0
17 -54 72 0
-18 -22 -70 0
8 22 -75 0
-18 35 56 0
-18 52 0
-4 -5 -46 0
-27 -47 0
17 59 -61 0
-75 81 0
6 60 80 0
-2 -25 -46 0
3 31 73 0
-39 -47 -78 0
-23 -59 0
-45 46 -55 0
-2 7 40 0
24 -28 31 0
47 -71 -72 0
-6 28 34 0
-31 -60 0
-29 -73 0
-10 31 0
-36 53 -70 0
31 57 -72 0
-20 -67 76 0
15 -20 -48 0
1 10 17 0
-1 -15 61 0
-25 -74 0
13 -32 43 0
-4 50 78 0
-47 58 0
15 53 0
-9 15 79 0
11 39 -70 0
-21 -47 61 0
-15 -50 51 0
35 -50 -53 0
40 -60 -73 0
-8 13 79 0
35 -45 -67 0
22 -57 -70 0
-50 68 0
10 47 0
52 67 0
32 66 0
7 -39 57 0
-58 65 -80 0
-10 17 70 0
-46 -53 60 0
-54 67 0
-16 -53 64 0
14 -32 51 0
-10 68 76 0
-9 -74 -80 0
14 -54 0
6 -54 -71 0
-4 -21 -49 0
23 -46 -79 0
-29 -38 0
-2 -63 -74 0
30 -32 0
-22 69 76 0
40 -59 80 0
-55 -68 -74 0
-15 -73 76 0
-41 56 -66 0
-16 42 -44 0
-8 52 -61 0
-18 40 0
-1 75 0
-18 36 -78 0
30 -47 -76 0
-14 67 80 0
-31 -43 -49 0
5 13 -77 0
-29 60 -68 0
17 -54 -77 0
-1 -49 0
7 35 73 0
-14 41 55 0
-11 66 75 0
-5 9 50 0
53 63 0
-3 -20 78 0
3 44 -56 0
-31 47 -64 0
-42 45 66 0
-18 -25 0
-20 -70 74 0
24 75 -76 0
47 61 0
-13 -16 -29 0
17 34 0
-9 12 -44 0
-29 51 0
-2 -64 -71 0
4 43 0
-28 32 0
18 22 -71 0
-25 48 -71 0
-5 -12 60 0
5 25 -80 0
16 -46 81 0
-36 46 51 0
-5 57 -60 0
16 39 80 0
-22 67 -70 0
10 57 0
-26 64 0
-56 -78 0
-39 -47 -76 0
-39 50 65 0
-13 -48 81 0
37 -62 -77 0
8 15 52 0
33 40 62 0
13 42 0
45 77 0
18 -54 -67 0
9 53 0
26 52 60 0
5 47 73 0
45 -61 0
-41 -68 0
-4 -42 -50 0
33 -62 0
6 -8 -27 0
2 15 -56 0
68 72 0
-64 71 77 0
-15 39 -60 0
29 -66 73 0
-27 37 -44 0
18 46 0
-23 35 43 0
47 -73 0
26 55 -75 0
-11 30 41 0
10 33 -61 0
2 -45 0
9 -23 28 0
29 -43 58 0
39 -76 0
51 -81 0
36 -53 60 0
-36 78 0
-52 53 -57 0
-7 56 -61 0
-18 -28 80 0
-3 -5 -80 0
40 -70 0
30 31 36 0
2 -16 -31 0
-15 38 70 0
-11 23 -60 0
-10 -17 -78 0
4 -52 0
21 -34 -62 0
-11 -17 -18 0
14 22 -56 0
27 -41 49 0
-40 65 0
-44 -65 74 0
-25 31 0
49 -54 -77 0
21 23 37 0
26 58 -76 0
-4 21 44 0
-13 -15 -30 0
-9 -51 72 0
-42 -43 0
-5 12 -59 0
-22 -59 0
-16 -25 32 0
-7 17 -46 0
-9 -26 32 0
28 66 0
-19 28 46 0
-15 52 -77 0
-63 78 0
18 50 -52 0
1 -70 0
2 3 -37 0
-34 39 78 0
7 37 60 0
32 -35 43 0
23 -40 0
-9 -47 -53 0
5 11 -50 0
17 30 -69 0
-7 44 71 0
-18 -77 0
56 57 -64 0
13 45 47 0
-10 -54 78 0
32 -55 0
5 30 0
-28 -72 -73 0
-27 -55 0
-2 -31 0
12 -39 -41 0
-29 47 75 0
11 -74 -77 0
-37 39 56 0
14 55 56 0
8 -47 -58 0
-10 -35 0
43 -49 0
9 68 0
35 67 80 0
68 75 0
-23 -69 78 0
-27 -32 -68 0
-30 81 0
-6 -12 0
7 -51 -73 0
40 48 -67 0
12 23 79 0
27 32 -53 0
14 69 0
13 -67 68 0
-20 55 0
28 -57 0
10 -69 78 0
30 -68 78 0
-9 60 81 0
35 -47 68 0
6 -28 71 0
13 25 47 0
-3 38 0
17 -22 -75 0
50 -72 -77 0
-18 -19 -36 0
57 70 -76 0
-38 -59 -67 0
78 -79 0
-1 80 0
5 21 -43 0
-4 33 0
-37 44 0
62 -71 -78 0
55 61 0
-25 -41 0
-21 66 72 0
22 64 -80 0
-13 36 0
-17 -19 -78 0
41 53 -73 0
-25 -31 80 0
-10 44 0
-35 44 -66 0
4 -35 44 0
-14 -32 0
4 -30 -32 0
15 -37 0
54 65 79 0
-10 26 0
-32 33 53 0
-6 40 -75 0
23 71 0
-57 61 0
-8 -9 32 0
-1 22 0
27 -62 0
-24 -53 61 0
-5 -7 -80 0
-31 -46 0
-33 59 -66 0
-29 37 70 0
