p cnf 71 222
-32 -68 0
-2 11 41 0
16 71 0
6 24 47 0
-18 -51 0
14 19 -64 0
-18 -46 -68 0
18 25 57 0
6 -8 46 0
-1 -58 0
-35 40 0
1 -35 0
-23 32 0
-33 70 -71 0
-34 43 66 0
-2 40 64 0
-22 -44 66 0
-17 -66 0
-8 -61 70 0
-8 48 0
-1 -10 61 0
-11 16 70 0
-13 -30 42 0
-8 -11 16 0
-38 45 -67 0
-5 20 49 0
32 48 0
11 28 -70 0
40 -55 70 0
6 40 58 0
62 71 0
-20 30 0
-6 -49 0
12 -56 -69 0
-9 -25 52 0
-21 -24 53 0
-27 44 0
23 -67 0
6 46 -48 0
36 41 57 0
18 -40 46 0
9 -17 -25 0
45 56 0
-19 61 0
-17 -32 -35 0
-28 31 55 0
-3 30 61 0
-3 -5 8 0
48 59 -71 0
65 69 0
9 26 27 0
1 9 0
-32 59 0
-45 57 0
3 37 -45 0
6 61 66 0
-38 46 -50 0
-34 57 0
-15 22 0
5 -34 -63 0
-37 64 0
-17 -32 56 0
-53 57 -59 0
7 -33 0
46 67 0
21 55 0
4 -63 0
5 -7 70 0
-23 29 -69 0
-3 22 36 0
-8 23 -47 0
-6 18 -21 0
-7 -24 -47 0
46 -65 0
1 23 0
1 -52 -57 0
-12 47 -63 0
-2 36 -54 0
23 -34 -44 0
7 -28 50 0
39 57 0
30 56 -71 0
-3 14 0
-25 -30 70 0
8 -25 48 0
12 52 63 0
36 54 68 0
2 39 63 0
19 67 0
-3 12 23 0
-15 61 0
38 -68 0
-9 -59 71 0
9 34 -40 0
-37 54 0
2 -5 -37 0
-47 54 -55 0
20 59 0
-9 -36 -48 0
-1 29 -66 0
51 64 0
-38 54 0
5 38 59 0
-49 53 67 0
17 -32 45 0
-18 -42 71 0
6 -25 -55 0
-5 15 -19 0
-25 46 58 0
-27 44 -45 0
6 10 -46 0
-5 -19 -51 0
18 -55 -65 0
-24 -35 0
-13 19 -44 0
33 -56 61 0
-30 61 0
35 55 0
-7 10 0
2 53 70 0
27 -43 -55 0
-19 -28 0
-45 -54 -66 0
18 -46 -65 0
-18 50 54 0
8 -29 48 0
-61 71 0
24 37 0
23 26 64 0
-7 -69 0
-4 49 57 0
-4 -9 -32 0
6 -15 -21 0
-3 -15 43 0
-36 -60 0
-46 53 0
-19 -32 0
-17 22 -41 0
-26 63 0
7 -32 0
-10 -44 -50 0
16 65 0
47 -54 0
6 7 9 0
-12 52 0
41 -43 64 0
27 67 0
-5 -51 -59 0
49 -61 65 0
-8 -46 -49 0
-37 40 69 0
7 48 0
5 55 0
-2 34 0
-33 -48 0
8 -50 60 0
-34 37 -71 0
26 28 -59 0
-3 36 51 0
-8 -17 25 0
-24 -53 56 0
29 59 0
-8 -11 0
1 41 -65 0
-17 59 0
5 59 0
-4 -33 36 0
-14 31 0
12 38 -47 0
-6 -22 0
13 21 -62 0
16 -49 57 0
20 -35 -69 0
3 4 0
-1 45 -70 0
21 -61 65 0
-26 -28 0
6 7 -32 0
-29 38 67 0
4 10 31 0
-4 35 52 0
-45 65 0
-10 -60 0
-32 34 0
-12 -18 32 0
-17 25 71 0
11 -26 -27 0
3 -24 -60 0
43 61 0
26 36 0
20 22 -37 0
-1 58 71 0
20 32 65 0
-35 -36 -57 0
41 61 0
3 6 0
4 -55 -69 0
16 -26 -46 0
-27 30 -42 0
-3 25 70 0
-5 -10 -15 0
38 -54 0
-25 54 0
33 -41 -54 0
7 21 -69 0
-19 -28 -55 0
7 9 66 0
-13 -14 -47 0
-20 52 -58 0
-12 46 0
19 33 0
18 46 -56 0
18 -32 -67 0
-14 -45 -67 0
3 -23 -70 0
-40 -46 0
-4 -24 0
-14 -62 0
-16 39 0
-15 -36 -57 0
-9 37 -54 0
33 39 55 0
