p cnf 95 372
-11 -22 -74 0
-2 32 45 0
58 95 0
24 -39 48 0
35 -36 -60 0
-2 -68 -71 0
28 -39 -82 0
-41 -66 -95 0
2 62 -70 0
-4 75 0
-63 -88 91 0
-7 -37 72 0
-26 32 55 0
-4 52 91 0
45 -62 82 0
9 -42 63 0
-30 -49 76 0
-6 14 -24 0
11 -15 -59 0
4 15 -68 0
23 47 92 0
-13 39 -85 0
71 80 -89 0
38 -55 68 0
19 -61 -87 0
-22 -39 65 0
57 -86 0
-40 82 0
20 23 68 0
-6 12 42 0
-4 -64 89 0
-4 17 58 0
-41 -42 -81 0
12 64 -72 0
-68 -87 89 0
38 54 -69 0
6 62 -83 0
-64 66 -80 0
23 24 -57 0
19 62 76 0
-15 49 -95 0
-14 -42 -93 0
-21 87 94 0
43 83 -90 0
-48 -64 -67 0
-2 -4 -71 0
-10 29 82 0
-31 45 -91 0
-8 54 73 0
14 56 83 0
20 69 73 0
-53 74 0
-6 31 -64 0
-18 26 -79 0
-39 74 91 0
24 -39 -65 0
44 63 -78 0
55 -83 -95 0
36 -41 -81 0
37 47 63 0
-9 31 50 0
-24 29 50 0
-44 -55 71 0
-24 36 86 0
-68 -79 80 0
25 45 50 0
16 -66 -67 0
-24 28 0
-30 64 90 0
-62 -86 -87 0
39 -65 -87 0
-44 -49 92 0
-59 70 -87 0
-2 -18 -89 0
13 -49 -77 0
-4 -26 57 0
9 -55 0
-3 -16 31 0
-5 31 -91 0
24 -56 -78 0
37 -45 88 0
-9 50 51 0
-22 52 0
-7 -13 -51 0
-4 26 56 0
53 63 67 0
-18 -20 -36 0
26 45 83 0
-33 63 79 0
-39 -44 -67 0
-7 60 -88 0
-11 -18 75 0
-30 71 81 0
-6 7 59 0
-5 17 -95 0
26 73 -79 0
-70 78 -95 0
-34 -49 73 0
-18 -38 -92 0
21 49 56 0
13 68 -71 0
27 64 -80 0
27 36 70 0
-7 -44 83 0
-39 -65 88 0
8 -63 0
-1 -12 -35 0
24 29 -45 0
-2 70 -86 0
7 -22 44 0
79 -82 95 0
-35 43 -53 0
38 86 -88 0
-25 31 -44 0
6 56 74 0
55 78 0
24 -63 66 0
-52 -82 -88 0
60 -67 -78 0
56 -78 85 0
-16 -65 77 0
-22 -42 50 0
16 40 -42 0
-10 -14 -76 0
63 -69 70 0
42 -76 89 0
72 81 -94 0
28 -61 -75 0
-13 -20 74 0
17 -23 76 0
-48 56 92 0
-12 13 48 0
24 53 -56 0
10 58 84 0
31 74 -79 0
-28 -32 68 0
-10 14 31 0
13 21 28 0
-9 -35 67 0
-6 64 88 0
-15 66 75 0
-22 28 -78 0
-20 60 86 0
-17 45 49 0
19 56 76 0
-7 -10 74 0
70 79 0
-34 37 -46 0
20 21 35 0
12 65 91 0
-7 25 38 0
31 -45 -68 0
-13 -46 48 0
-37 63 65 0
-29 -44 59 0
15 -54 -67 0
-75 -87 88 0
3 -21 -67 0
-11 69 -76 0
13 15 58 0
-6 15 18 0
-16 34 47 0
-44 -58 95 0
-21 50 56 0
-45 49 82 0
20 -36 -90 0
26 77 -88 0
49 58 75 0
18 38 45 0
43 84 91 0
-13 68 -75 0
-52 93 94 0
73 85 89 0
-28 -52 77 0
-70 84 0
-53 67 86 0
27 -58 79 0
13 -38 -70 0
14 30 -73 0
-8 33 84 0
27 -43 70 0
-3 42 95 0
-3 76 -78 0
-13 62 -64 0
3 30 -63 0
-8 -16 -20 0
9 -24 -90 0
17 -45 70 0
9 -47 60 0
-50 60 73 0
5 28 58 0
-72 74 81 0
-39 -83 89 0
8 22 83 0
-19 41 93 0
24 -62 71 0
63 71 -86 0
-11 52 -64 0
-14 83 -88 0
-57 80 -81 0
14 -23 62 0
-28 -40 -95 0
-2 52 -53 0
-34 53 65 0
-5 56 -67 0
33 45 -84 0
18 -20 30 0
-10 -72 91 0
17 -28 41 0
-74 -76 79 0
-42 -49 78 0
21 -34 88 0
18 45 -61 0
6 -31 -90 0
-8 20 34 0
-2 -72 0
56 -70 85 0
-9 -63 70 0
50 -56 93 0
79 -91 94 0
34 -54 71 0
31 -90 0
14 59 82 0
13 -75 -90 0
-13 22 -77 0
4 -31 0
-23 -24 38 0
42 -67 88 0
21 24 42 0
-5 -25 -43 0
-2 47 -52 0
-65 72 -84 0
51 -71 -92 0
22 67 69 0
7 25 -39 0
44 -47 -60 0
-5 -57 -88 0
4 37 41 0
-7 33 92 0
-81 -83 0
-23 66 91 0
-34 39 0
11 14 -17 0
-12 -40 -60 0
15 42 57 0
30 32 72 0
2 -10 43 0
40 -71 79 0
-34 -56 -68 0
8 -22 58 0
-11 58 0
10 25 91 0
14 22 41 0
-19 -78 -94 0
14 34 46 0
28 -37 -56 0
-6 -33 89 0
11 -29 -92 0
-20 42 51 0
4 -8 54 0
-20 32 -53 0
-11 68 0
47 68 85 0
-26 49 88 0
-5 -65 -91 0
-42 -49 50 0
-29 55 81 0
12 -34 90 0
2 15 67 0
40 -52 -81 0
20 -28 -46 0
3 8 59 0
25 35 84 0
-10 44 54 0
40 72 91 0
25 -52 -85 0
-33 -59 -69 0
-8 66 -84 0
20 -41 -44 0
-1 -75 -81 0
-19 -28 -90 0
-11 -21 60 0
-28 70 -92 0
-6 14 -84 0
50 -61 90 0
11 23 -49 0
-5 59 -70 0
-33 57 -83 0
25 52 -85 0
19 41 -72 0
80 -82 -89 0
4 -29 37 0
60 66 0
-41 81 -91 0
-41 79 -82 0
43 -67 91 0
58 69 -84 0
-16 63 -68 0
8 -15 -65 0
-33 -50 73 0
-3 -27 -94 0
-2 -52 -70 0
-10 -35 65 0
-1 -26 -80 0
-5 29 -86 0
46 68 69 0
-26 31 59 0
24 -28 84 0
67 73 -91 0
4 61 -82 0
-22 -41 -94 0
33 56 63 0
22 -69 -85 0
-11 -42 -91 0
-35 37 -44 0
-7 -46 -84 0
-26 29 -81 0
-44 56 69 0
19 49 -93 0
3 19 -61 0
26 -27 77 0
-42 -58 86 0
-68 85 0
-49 -50 -82 0
-27 -53 80 0
-13 45 -94 0
-16 61 0
-24 29 58 0
-58 72 -79 0
-17 29 -73 0
-16 -47 -65 0
-9 57 -64 0
46 65 -86 0
20 -21 -42 0
34 -68 0
-11 16 -72 0
20 -51 -71 0
1 42 44 0
13 34 64 0
32 -45 91 0
42 -50 56 0
10 -20 50 0
23 47 94 0
21 -77 81 0
-9 56 76 0
33 -37 68 0
6 -32 84 0
30 56 -76 0
21 -59 -88 0
-3 33 0
-7 -42 58 0
-15 -31 -74 0
26 -30 -46 0
40 51 -95 0
-4 8 -95 0
-31 -71 77 0
-18 28 51 0
-26 40 89 0
-30 -37 95 0
-1 -13 -61 0
-14 -52 -85 0
-33 -34 73 0
6 9 -21 0
-15 58 61 0
-35 74 -86 0
1 -37 -44 0
-8 -43 66 0
14 75 81 0
-24 -53 -75 0
47 -54 -81 0
-2 -20 22 0
21 -95 0
