p cnf 82 298
-2 27 37 0
49 82 0
21 39 0
29 -51 0
25 -69 0
-33 -57 -82 0
-4 64 0
-54 -75 78 0
-7 -30 61 0
-23 27 46 0
-4 43 78 0
37 -53 69 0
9 -34 54 0
-40 65 0
-6 13 -21 0
-14 -50 0
60 67 -76 0
31 -46 0
17 -52 -74 0
-19 56 0
48 -73 0
-32 69 0
-6 11 34 0
-4 -55 76 0
-4 16 49 0
-33 -34 -68 0
11 55 -61 0
31 45 -59 0
6 53 -70 0
-55 57 -67 0
20 21 -48 0
17 53 65 0
-14 40 -82 0
-13 -34 -80 0
-18 74 81 0
35 70 -77 0
-39 -55 -58 0
-2 -4 -60 0
-10 69 0
-26 37 -78 0
-8 45 62 0
13 47 70 0
-44 63 0
-6 26 -55 0
63 78 0
21 -56 0
36 54 0
46 -70 -82 0
-9 26 41 0
-21 41 0
-36 -46 60 0
22 37 41 0
15 -57 -58 0
-21 25 0
55 77 0
-53 -73 -74 0
-36 -40 79 0
-50 -74 0
12 -40 -66 0
-4 -23 48 0
9 -46 0
-3 -15 26 0
-5 26 -78 0
21 -47 0
30 -37 75 0
-9 41 42 0
-19 43 0
-7 -12 -42 0
-4 23 47 0
44 54 58 0
23 37 70 0
-36 -58 0
-7 51 -75 0
60 68 0
-6 7 50 0
-5 16 -82 0
23 62 0
-40 62 0
18 40 47 0
12 -60 0
24 55 -67 0
-7 -36 70 0
-56 75 0
8 -54 0
-1 -11 -29 0
21 -37 0
-2 -73 0
7 -19 36 0
-29 35 -44 0
31 73 -75 0
-22 26 -36 0
6 47 63 0
21 -54 57 0
-43 -69 -75 0
51 -58 0
47 72 0
-15 -56 66 0
-19 -34 41 0
15 32 -34 0
-10 -13 -65 0
54 -59 0
34 -65 76 0
61 68 -81 0
25 -52 -64 0
-12 63 0
16 -20 65 0
-39 47 79 0
-11 12 39 0
21 44 -47 0
10 49 71 0
26 63 0
-25 -27 0
-10 13 26 0
12 18 25 0
-9 -29 58 0
-6 55 75 0
-14 57 64 0
-19 25 0
51 73 0
-16 37 40 0
17 47 65 0
-7 -10 63 0
30 -38 0
11 56 78 0
-7 22 31 0
-12 -38 39 0
-30 54 56 0
14 -45 -58 0
-64 -74 75 0
3 -18 -58 0
12 14 49 0
-6 14 0
-36 -49 82 0
-18 41 47 0
-37 40 69 0
23 66 -75 0
40 49 64 0
31 37 0
35 71 78 0
-12 -64 0
-43 80 81 0
62 72 76 0
-25 -43 66 0
-44 58 73 0
-8 28 71 0
24 -35 0
-3 34 82 0
-3 65 0
-12 53 -55 0
-8 -15 0
9 -21 -77 0
16 -37 0
9 51 0
-41 51 62 0
5 25 49 0
-61 63 68 0
-70 76 0
8 19 70 0
-17 33 80 0
21 -53 60 0
54 60 -73 0
-13 70 -75 0
-48 67 -68 0
13 -20 53 0
-25 -32 -82 0
-2 43 -44 0
44 56 0
-5 47 -58 0
28 37 -71 0
-10 -61 78 0
16 -25 33 0
18 75 0
37 -52 0
6 -26 -77 0
-2 -61 0
-9 -54 0
41 -47 80 0
26 -77 0
13 50 69 0
12 -64 -77 0
-12 19 -66 0
4 -26 0
-20 -21 31 0
34 -58 75 0
18 21 34 0
-5 -22 -35 0
-56 61 -71 0
42 -60 -79 0
19 58 59 0
7 22 0
36 -51 0
-5 -48 -75 0
4 30 33 0
-7 28 79 0
-68 -70 0
-20 57 78 0
13 -16 0
-11 -32 -51 0
14 34 48 0
2 -10 35 0
8 -19 49 0
10 22 78 0
13 19 33 0
-17 -81 0
25 -30 -47 0
-6 -28 76 0
34 42 0
4 -8 45 0
27 -44 0
-23 40 75 0
-5 -56 -78 0
-34 -40 41 0
11 77 0
2 14 58 0
32 -43 -68 0
3 8 50 0
22 29 71 0
-10 36 45 0
32 61 78 0
22 -43 -72 0
-28 -50 -59 0
-8 57 -71 0
-1 -64 -68 0
-17 -25 -77 0
-25 -79 0
-6 13 -71 0
41 -52 77 0
20 -40 0
-28 48 -70 0
22 43 -72 0
17 33 -61 0
67 -69 -76 0
51 57 0
-33 68 -78 0
35 -58 78 0
49 59 -71 0
8 -14 -56 0
-28 -41 62 0
-3 -24 -81 0
-10 -29 56 0
-1 -23 -67 0
-5 -73 0
38 59 0
-23 26 50 0
21 -25 71 0
58 62 -78 0
4 52 -69 0
-19 -33 -81 0
28 47 54 0
19 -59 -72 0
-29 30 -36 0
-7 -38 -71 0
-23 -68 0
-36 47 59 0
17 40 -80 0
3 17 -52 0
23 -24 66 0
-34 -49 73 0
-40 -41 -69 0
-24 -44 67 0
-12 37 -81 0
-15 52 0
-21 49 0
-49 61 0
-16 -62 0
-15 -56 0
-9 48 -55 0
38 56 -73 0
1 34 36 0
27 -37 78 0
34 -41 47 0
10 41 0
18 -66 68 0
-9 47 65 0
28 -30 0
6 -27 71 0
18 -50 -75 0
-3 28 0
-7 -34 49 0
-14 -26 -63 0
23 -38 0
32 42 -82 0
-4 8 -82 0
-26 -60 66 0
-23 32 76 0
-30 82 0
-1 -12 -52 0
-13 -43 -72 0
-28 62 0
6 9 -18 0
-14 49 52 0
-29 63 -73 0
1 -30 -36 0
-8 -35 57 0
13 64 68 0
-21 -44 -64 0
-2 19 0
18 -82 0
