p cnf 85 305
28 -52 0
44 56 85 0
4 -35 41 0
54 -63 -73 0
-18 26 -82 0
22 40 -67 0
2 -20 -79 0
71 77 0
-3 -37 -64 0
-16 -43 -77 0
6 -20 58 0
-1 36 52 0
55 59 0
46 -67 68 0
68 76 0
-4 -18 -82 0
-73 -75 79 0
4 -5 -14 0
21 32 -57 0
-6 -37 -46 0
7 10 27 0
-3 14 -52 0
-37 60 -61 0
19 -72 -80 0
38 -42 -49 0
15 -49 0
57 73 0
18 35 73 0
2 -48 85 0
4 -16 21 0
15 21 -61 0
3 -38 46 0
-17 44 -80 0
28 -37 66 0
32 39 -70 0
23 64 -77 0
10 -46 73 0
-9 -26 53 0
39 53 77 0
14 -85 0
-28 -36 -73 0
12 28 78 0
-48 66 -67 0
32 -65 0
38 45 -76 0
33 63 78 0
21 50 60 0
21 24 -31 0
56 77 78 0
38 -61 -84 0
-44 78 0
-11 -17 -85 0
27 34 47 0
-36 -45 -53 0
10 -59 0
25 65 85 0
-45 -65 -79 0
-56 62 85 0
-11 43 84 0
-14 15 20 0
-15 -22 30 0
40 -85 0
-36 -73 81 0
-13 27 -49 0
-39 -60 72 0
-1 -31 80 0
-8 -11 49 0
16 -35 0
14 -23 -44 0
-2 -32 67 0
38 50 -81 0
34 70 -80 0
58 69 -72 0
-24 56 -82 0
8 -16 -36 0
25 43 81 0
-19 64 78 0
-10 -29 46 0
7 -30 0
-10 20 37 0
3 -29 68 0
51 -84 85 0
21 32 0
35 58 77 0
24 -81 82 0
30 -36 -48 0
27 -48 64 0
14 -39 0
8 45 -70 0
-18 53 -63 0
-8 -29 -46 0
-4 60 -85 0
-19 -36 0
22 27 45 0
40 -84 0
25 66 85 0
-9 27 69 0
28 65 -85 0
29 65 -85 0
-1 13 0
3 -52 85 0
-62 -74 0
7 24 -56 0
-32 35 0
28 -33 75 0
-5 41 -77 0
26 47 -79 0
-41 46 -56 0
23 -68 84 0
3 35 -46 0
-4 7 37 0
23 61 -74 0
-3 7 -16 0
-21 53 -56 0
-67 -69 83 0
-20 66 78 0
51 83 0
-3 13 0
-39 58 -85 0
-42 -45 -75 0
-16 -31 -61 0
41 -61 0
-19 -37 -45 0
-64 -84 0
35 -53 75 0
-74 75 82 0
-15 38 51 0
28 77 79 0
22 45 0
-32 73 0
-14 46 76 0
-18 29 0
-15 -18 -43 0
-40 -71 0
9 -73 -82 0
-61 -74 -75 0
24 36 -85 0
1 -20 26 0
1 9 29 0
48 77 0
-19 33 -81 0
14 61 -80 0
-71 -78 83 0
13 20 -76 0
-13 14 -28 0
3 -49 -58 0
-31 -42 66 0
67 73 0
-69 -74 76 0
-20 61 74 0
-39 53 54 0
41 42 46 0
32 48 -85 0
48 85 0
-18 -31 46 0
-18 52 0
-31 33 0
18 -29 -32 0
-30 84 0
-38 41 62 0
7 31 -43 0
-54 -72 -80 0
-17 32 81 0
-53 -59 0
-11 44 49 0
-13 -17 77 0
-46 59 -70 0
-32 64 85 0
-21 -31 0
-4 60 77 0
13 -24 -51 0
1 11 -58 0
-59 -66 82 0
-29 -44 -77 0
-38 -60 0
-10 -70 0
-22 35 -73 0
-13 -32 -50 0
-29 35 -53 0
8 -71 0
16 -22 -54 0
-15 -21 -31 0
17 26 66 0
-5 7 71 0
-33 -77 0
11 14 -81 0
26 81 0
-53 -71 74 0
-58 -61 -72 0
-2 18 -84 0
-5 17 -63 0
18 64 -70 0
3 -56 0
-23 -30 -43 0
31 -45 84 0
8 -12 35 0
-14 25 0
-26 30 75 0
-5 -28 48 0
-11 40 50 0
15 -44 61 0
30 41 -49 0
-21 68 -83 0
20 35 38 0
14 -53 -62 0
-26 -38 -75 0
-17 68 78 0
-71 83 0
7 53 0
5 -18 48 0
-38 53 0
-21 81 0
18 -24 0
32 33 -50 0
-7 59 0
-16 47 85 0
27 -51 65 0
-26 37 77 0
-36 65 75 0
2 11 -36 0
-9 -30 53 0
-10 54 66 0
1 28 80 0
55 58 79 0
-17 56 76 0
-6 78 85 0
-10 18 0
15 -41 -55 0
-17 52 64 0
15 -20 -81 0
2 -6 47 0
-4 -36 67 0
25 -29 -33 0
-2 -72 82 0
-15 -43 -51 0
41 -71 0
48 -64 0
-15 17 -73 0
5 -74 -85 0
-30 69 0
-36 39 54 0
-4 -52 75 0
10 -16 41 0
13 58 -65 0
21 35 0
-2 -37 -82 0
4 28 37 0
29 80 83 0
-2 7 18 0
5 34 -65 0
25 79 81 0
-76 80 0
28 -53 -76 0
48 62 -82 0
-28 83 0
-6 -37 -69 0
9 -21 -24 0
-2 -36 0
-2 -8 37 0
8 57 -71 0
15 -20 0
-21 -26 60 0
-5 15 -70 0
26 -77 0
-6 -24 26 0
30 69 -84 0
7 -47 -56 0
52 79 -84 0
-3 -6 78 0
55 -63 0
21 26 -82 0
53 70 76 0
17 -31 -73 0
3 73 -80 0
-12 13 -62 0
16 71 -75 0
-22 57 82 0
12 26 -60 0
6 43 -61 0
-12 47 -83 0
23 -32 -71 0
25 -34 -39 0
-7 8 49 0
50 -84 0
27 62 75 0
-49 -57 65 0
23 74 0
-7 -39 42 0
-70 73 -82 0
6 43 0
18 25 0
-11 -42 -74 0
-25 52 -76 0
11 -40 -66 0
8 52 -63 0
-14 53 72 0
-20 -57 75 0
11 -40 52 0
-48 60 0
-11 54 -70 0
-10 -19 41 0
-21 80 85 0
23 62 -67 0
51 -83 0
17 -41 53 0
