p cnf 79 277
-8 -13 38 0
-20 -75 78 0
-10 -26 29 0
55 59 74 0
17 22 -58 0
-33 54 0
18 28 -31 0
6 -17 69 0
30 59 0
-44 45 -53 0
12 -21 59 0
10 -20 -48 0
9 23 53 0
-14 -60 65 0
9 -26 75 0
-27 -38 -42 0
1 -32 0
5 -73 0
-39 -72 76 0
9 49 57 0
-14 -58 63 0
60 -71 77 0
15 20 0
-7 -58 0
-37 46 -53 0
-24 -56 0
-18 -56 0
-21 44 46 0
42 -47 0
-56 61 63 0
20 -40 62 0
39 46 -63 0
20 -26 66 0
15 23 -42 0
-8 -16 73 0
-15 58 75 0
-3 -28 0
-20 -28 0
-1 25 64 0
36 66 0
-40 54 0
17 54 63 0
8 -39 -75 0
-53 -59 -74 0
42 -65 0
11 33 75 0
12 -14 -29 0
21 71 72 0
39 -73 0
-42 -60 0
27 -38 59 0
17 19 -50 0
35 -44 -75 0
-33 68 78 0
18 -54 0
-23 -76 0
-37 43 0
23 -28 -40 0
-6 42 -61 0
-48 -55 -76 0
-11 35 0
-62 -75 0
5 33 58 0
-11 77 0
-22 63 0
-9 -58 0
-1 51 75 0
-22 -65 68 0
25 28 -68 0
-19 24 -26 0
-6 -48 -75 0
13 19 -20 0
33 36 0
24 37 -73 0
-11 70 0
61 63 -64 0
20 -47 0
-17 -34 0
-18 -33 40 0
-13 28 29 0
14 -47 69 0
-11 57 -71 0
-25 65 0
-12 13 0
25 -42 -51 0
22 26 -44 0
-11 73 -76 0
-1 -58 -76 0
-35 66 74 0
-21 -66 0
9 -31 0
13 49 71 0
38 57 0
22 -39 54 0
17 29 32 0
-45 68 0
-26 -66 0
-28 -32 70 0
10 18 -34 0
-10 -14 20 0
-66 72 73 0
-34 39 53 0
-55 76 0
19 -67 68 0
4 10 60 0
-6 -48 -70 0
14 25 44 0
6 17 -54 0
19 -34 38 0
-57 65 73 0
-6 17 56 0
16 54 0
34 -56 0
41 -42 0
-3 -49 0
36 60 76 0
19 -26 0
22 -51 59 0
-4 38 0
35 55 0
29 43 48 0
29 -50 -59 0
20 45 0
14 30 -48 0
16 -44 53 0
-5 -16 44 0
-20 33 -67 0
-19 -32 67 0
55 -61 -71 0
-4 44 -53 0
-1 -12 34 0
-26 -58 0
-14 -30 -48 0
-14 61 -77 0
-7 -17 0
15 -33 63 0
59 -63 0
-33 -55 0
9 39 0
-3 -61 65 0
15 37 0
11 -20 0
38 -41 0
6 14 -77 0
50 -53 75 0
37 -43 0
-28 52 0
-7 -28 70 0
-12 45 0
33 -50 0
22 52 0
-70 -76 0
55 -72 -74 0
18 -26 0
52 -58 75 0
-22 -45 -49 0
47 57 0
18 -43 69 0
-36 -45 -61 0
39 -65 69 0
23 -65 -74 0
27 -39 -61 0
-8 -51 -54 0
12 -39 -63 0
-9 75 0
-17 31 -49 0
-2 29 56 0
1 19 64 0
-19 33 58 0
-24 -31 0
3 -7 16 0
-22 -58 0
-60 68 0
-18 -60 0
23 -65 74 0
-10 -38 51 0
-32 50 74 0
14 -76 0
-13 -36 -61 0
-58 74 0
21 -55 -67 0
24 -29 -71 0
38 -46 -65 0
42 48 0
49 63 0
4 15 -20 0
25 -63 0
13 -36 56 0
-21 -71 -75 0
70 74 76 0
-34 60 -77 0
-1 8 59 0
70 78 0
12 51 -71 0
-52 68 0
28 -37 40 0
17 -77 0
55 -65 -68 0
2 -19 0
-11 48 0
-7 30 -72 0
53 -57 62 0
3 47 -73 0
37 74 76 0
5 17 -37 0
-17 60 0
-17 62 68 0
37 53 56 0
-4 -53 61 0
5 -14 54 0
34 -77 0
-52 59 0
41 -58 -75 0
-12 16 78 0
30 -59 -76 0
-1 19 52 0
42 48 -79 0
-52 -57 75 0
7 8 61 0
-9 18 -56 0
36 49 58 0
17 -23 67 0
35 37 0
-38 -70 76 0
58 75 0
45 68 0
-16 -31 0
-38 -46 0
13 -33 35 0
-20 24 61 0
-18 -24 0
2 57 -72 0
54 -71 -72 0
-30 -34 56 0
-11 35 -49 0
38 43 78 0
-5 -50 0
15 25 -61 0
8 -47 69 0
22 28 58 0
19 -40 -74 0
23 -55 0
-17 -24 -41 0
-38 40 0
6 59 78 0
-14 -41 -74 0
-1 7 47 0
12 52 76 0
28 -65 -67 0
-9 -40 -78 0
7 60 0
-36 -74 79 0
-32 65 71 0
10 21 62 0
-6 -24 74 0
14 -18 46 0
-26 28 -30 0
1 -45 0
39 -60 -62 0
12 57 -77 0
-25 -26 0
-43 47 -75 0
-14 -56 -63 0
-7 -62 -79 0
-48 51 -55 0
-60 66 -77 0
12 47 0
54 72 0
22 -60 -68 0
17 -18 38 0
51 55 -77 0
-4 62 -75 0
6 20 -40 0
-6 -37 -71 0
-4 38 71 0
6 -43 77 0
-14 35 53 0
