p cnf 83 304
5 -50 62 0
-23 -78 -82 0
20 38 0
31 38 -69 0
38 61 -78 0
-1 -19 -81 0
9 10 79 0
9 20 -62 0
-34 -38 57 0
6 -20 -66 0
-7 58 78 0
-24 40 -61 0
43 50 -55 0
-29 57 76 0
-8 10 18 0
42 44 65 0
-42 -44 -53 0
21 32 43 0
-5 -61 64 0
-45 55 83 0
-12 -17 63 0
42 -69 76 0
53 -76 0
-21 73 75 0
5 45 -60 0
-40 -64 -78 0
-11 -70 0
8 -37 -54 0
51 -74 -79 0
-20 -65 66 0
5 46 75 0
16 -52 75 0
-20 43 77 0
6 15 61 0
34 -40 64 0
4 -29 -43 0
10 -31 0
-4 -38 50 0
-23 41 0
-21 34 42 0
9 67 79 0
-2 11 71 0
12 -32 -81 0
67 73 -74 0
-27 75 80 0
-13 -51 -56 0
22 67 76 0
-21 -46 71 0
15 -35 60 0
-37 53 -57 0
-19 -59 75 0
17 -21 -37 0
14 -55 -60 0
-34 74 0
-35 62 -69 0
-3 12 0
-36 39 -61 0
2 42 64 0
44 74 76 0
-12 19 -64 0
21 57 68 0
19 -51 -61 0
4 -22 -79 0
22 -28 0
46 81 0
4 38 -79 0
18 -27 57 0
34 47 -77 0
32 -34 -69 0
66 -76 0
-3 -25 -54 0
-56 -59 -71 0
-52 72 80 0
-17 29 -37 0
-30 -55 0
-17 23 -67 0
-56 -73 0
-40 -41 79 0
25 59 -65 0
-12 -50 0
-9 -31 44 0
7 -76 0
-24 -36 0
12 -39 -77 0
-13 -16 -47 0
10 -26 -42 0
-51 54 -56 0
-20 -21 0
9 43 -74 0
-43 -51 0
-11 47 81 0
-47 51 72 0
-49 -53 0
-26 -78 -80 0
-6 -19 -25 0
-17 20 24 0
-37 41 -68 0
-20 -36 -58 0
-45 -67 74 0
49 -50 78 0
-40 -58 0
11 69 75 0
-46 57 58 0
-37 -47 48 0
-4 36 -46 0
23 24 42 0
9 16 -59 0
13 -23 67 0
-3 -5 -22 0
-16 38 -73 0
47 62 0
11 38 0
-28 41 -65 0
-6 38 -63 0
9 -21 -78 0
21 50 74 0
-24 -41 -53 0
25 -28 -74 0
30 -61 -67 0
-11 71 81 0
30 35 -59 0
-16 28 -68 0
9 -65 72 0
-11 48 63 0
53 -63 69 0
14 60 65 0
49 63 81 0
35 40 0
5 7 -17 0
28 56 70 0
35 -67 -81 0
29 -32 68 0
-16 -22 64 0
-22 -70 0
6 -36 -83 0
21 71 -76 0
-9 34 0
5 -66 82 0
-2 41 48 0
-46 -83 0
-22 61 -72 0
8 -66 0
43 -53 71 0
9 14 24 0
3 -18 35 0
-24 -31 42 0
22 -32 82 0
8 25 57 0
-70 74 0
1 -64 65 0
14 -45 0
18 54 72 0
55 -79 0
-60 70 0
-36 66 0
-18 25 67 0
10 -19 83 0
57 74 0
-1 -24 52 0
-14 66 -71 0
5 19 -21 0
16 24 32 0
-11 -56 0
-31 51 71 0
-11 -14 81 0
6 -17 52 0
21 -33 68 0
-32 45 0
32 -34 0
-3 71 0
-31 68 81 0
-5 73 83 0
25 -30 -63 0
47 -60 73 0
-1 15 -28 0
-60 67 0
31 -57 0
44 81 0
-6 -21 -62 0
-15 28 -48 0
30 -75 -78 0
-26 -40 0
31 38 -69 0
-24 -38 61 0
-26 -71 -73 0
-17 -27 31 0
12 33 71 0
27 -69 -78 0
17 -22 35 0
33 -48 -51 0
-1 -24 77 0
-26 76 0
-5 50 0
38 39 62 0
-6 -37 61 0
25 30 80 0
-43 -55 83 0
-15 -18 0
-3 -7 36 0
50 -77 0
16 19 -45 0
-62 74 0
1 -33 -52 0
-4 -65 69 0
-43 -59 0
37 -65 0
-5 40 -74 0
19 -21 0
31 63 -71 0
-48 -56 0
2 -33 0
-2 60 -64 0
-46 -73 0
11 -19 0
22 -52 -66 0
-19 -26 69 0
-35 -40 0
15 44 -76 0
31 -49 52 0
7 -51 -52 0
-25 -64 72 0
59 64 -71 0
20 48 -70 0
-1 -30 -64 0
-52 53 0
21 -45 72 0
28 -41 43 0
-22 34 73 0
10 13 -60 0
38 64 74 0
-18 59 0
3 24 -27 0
-30 -50 0
57 59 -76 0
7 38 55 0
74 77 0
-8 -13 81 0
-12 31 -79 0
4 -66 78 0
22 -71 77 0
30 -32 52 0
66 71 0
-29 57 0
20 66 76 0
32 60 0
4 -19 59 0
13 -28 38 0
-20 -30 -58 0
14 -37 46 0
20 44 54 0
-61 67 77 0
-4 8 -44 0
17 31 -40 0
66 71 -78 0
14 46 -81 0
28 -33 -79 0
21 -59 65 0
-10 -16 43 0
12 -49 0
33 -39 53 0
-4 -37 76 0
39 -42 50 0
25 41 -78 0
-47 -60 73 0
8 -37 60 0
47 -72 78 0
12 37 76 0
-39 75 0
-32 41 -71 0
-4 -71 73 0
-12 -34 59 0
46 60 -79 0
7 9 -73 0
42 45 -80 0
-29 -41 -72 0
23 -36 79 0
30 35 0
13 52 76 0
11 -40 57 0
19 66 -70 0
-32 83 0
4 -52 -55 0
55 59 76 0
14 -72 0
-36 39 -72 0
-26 59 0
56 -66 -69 0
-28 48 -80 0
2 41 44 0
-51 -52 0
-3 -72 0
-8 -19 28 0
21 77 0
-4 57 67 0
-9 21 -48 0
65 68 70 0
-7 61 0
22 -30 71 0
-62 -66 79 0
58 69 0
23 -61 -69 0
9 -30 35 0
4 12 -46 0
-42 -55 -83 0
