p cnf 88 327
45 80 0
-4 43 52 0
1 34 74 0
14 39 79 0
27 -37 0
-16 32 -67 0
-21 67 0
-29 -53 -55 0
25 39 80 0
10 -59 68 0
27 -38 65 0
-6 -49 -51 0
46 52 -67 0
6 19 -26 0
-36 62 -66 0
7 -25 -64 0
19 -20 54 0
-35 -57 -59 0
-26 56 -68 0
9 45 71 0
-3 -11 73 0
-34 63 65 0
29 54 55 0
44 49 -66 0
-10 13 -29 0
-41 49 -69 0
5 -49 -84 0
-56 72 82 0
-27 -36 -64 0
-11 42 59 0
26 45 72 0
32 68 69 0
4 29 82 0
26 -53 67 0
-6 30 52 0
-54 -56 -73 0
27 71 0
2 3 65 0
-16 -28 62 0
2 -15 0
30 -49 -54 0
8 55 59 0
-55 -75 83 0
6 -20 0
20 -22 -39 0
35 -75 -85 0
-37 49 -78 0
-81 -82 0
-7 -49 -58 0
39 -64 71 0
31 -68 -82 0
24 -77 0
5 -25 -71 0
53 74 77 0
35 -69 -86 0
-9 -10 80 0
-37 62 0
-33 45 62 0
-5 8 -82 0
-12 -34 -44 0
40 -86 0
47 -51 -53 0
42 66 -80 0
-11 19 -67 0
46 61 63 0
7 -11 53 0
26 66 85 0
18 -51 77 0
-21 34 72 0
-24 -27 58 0
68 -75 77 0
-9 15 59 0
-57 -86 0
-11 51 -87 0
21 51 82 0
-5 -10 38 0
-2 -53 84 0
65 -78 0
34 64 71 0
-37 -40 74 0
-49 72 -81 0
-24 -42 -54 0
-15 21 78 0
-22 25 59 0
-15 32 -52 0
-7 -9 38 0
-60 77 -78 0
-6 55 77 0
-11 -33 79 0
-8 -17 46 0
-21 29 -39 0
-8 -30 -59 0
13 14 -44 0
44 67 -78 0
5 30 -82 0
-55 -57 69 0
19 23 64 0
-5 12 53 0
-30 44 48 0
-38 -48 0
26 38 -65 0
-27 -37 80 0
22 -55 -61 0
-13 -15 -55 0
-37 -49 -66 0
12 -15 -78 0
-1 -61 62 0
30 -34 0
-43 67 75 0
-76 -80 85 0
-56 -66 80 0
38 -81 0
15 68 85 0
-1 54 -78 0
6 24 -85 0
-10 -16 70 0
-31 -37 55 0
-15 -71 75 0
-4 44 -75 0
2 -17 -37 0
5 26 54 0
32 -35 53 0
-1 10 -63 0
54 -55 0
-16 40 80 0
9 47 -59 0
-9 -27 -62 0
-1 -46 57 0
-38 79 87 0
11 61 0
16 42 0
14 81 0
51 76 -80 0
-34 78 -79 0
38 -44 88 0
-33 36 -58 0
58 61 69 0
-3 66 86 0
-17 50 -73 0
41 -45 0
19 55 67 0
4 37 -39 0
27 35 37 0
30 -63 -65 0
-29 -51 0
30 70 84 0
-11 43 0
-32 35 -82 0
1 58 -75 0
50 72 78 0
-12 -19 0
-18 33 58 0
46 65 86 0
38 56 -64 0
-11 -66 0
18 45 0
15 -30 82 0
7 -40 -65 0
-55 -63 64 0
25 27 38 0
-46 -67 -84 0
-7 18 36 0
43 66 84 0
64 -71 80 0
16 -69 0
2 22 -65 0
-19 -40 0
10 62 -72 0
-27 -62 83 0
-10 -37 0
-21 85 0
3 -16 38 0
-10 -27 -54 0
-44 -45 67 0
-59 73 -88 0
11 25 88 0
37 62 75 0
-51 -52 56 0
-5 -8 63 0
17 -32 -58 0
1 48 -75 0
27 -32 52 0
23 -54 57 0
6 -36 56 0
22 -81 0
30 -51 84 0
-40 56 0
-39 74 -83 0
-11 18 -57 0
-9 -46 -55 0
-50 61 -65 0
-12 17 37 0
28 59 74 0
13 79 -82 0
24 -60 80 0
-6 27 32 0
22 38 73 0
18 -20 0
3 -53 -66 0
-13 -25 -52 0
-25 71 -86 0
6 22 -56 0
-14 -20 80 0
-18 -68 82 0
-25 65 -80 0
-14 41 -83 0
-63 65 77 0
28 52 -60 0
6 51 -78 0
21 -29 48 0
59 -77 0
-23 48 77 0
-38 -77 0
25 -34 0
7 36 -58 0
34 51 79 0
20 -51 75 0
-19 38 0
-9 -56 84 0
-37 -41 56 0
-15 -17 48 0
-18 -47 -80 0
-23 -31 75 0
34 52 79 0
2 62 81 0
-73 77 -78 0
18 -50 -76 0
-13 18 -44 0
10 -47 81 0
-46 63 0
-44 -46 83 0
-27 28 36 0
6 71 0
-49 -51 0
-20 43 -86 0
46 -49 53 0
30 77 0
8 -32 -40 0
-33 -39 -70 0
-24 -42 56 0
3 33 -81 0
3 -86 0
22 -43 59 0
45 76 -86 0
37 -40 -51 0
-21 53 81 0
-35 41 -42 0
17 68 -84 0
8 -15 -41 0
12 42 0
-24 -65 -73 0
-43 59 -64 0
-12 37 38 0
-1 -14 -80 0
-10 11 0
5 14 67 0
19 49 59 0
15 66 -75 0
-27 -37 67 0
23 80 0
2 -27 68 0
70 82 85 0
4 68 -82 0
20 26 -34 0
-22 -47 -68 0
-13 -61 -67 0
-33 42 85 0
-61 62 67 0
5 -25 -26 0
30 -70 87 0
-17 30 -74 0
25 37 -40 0
39 42 -73 0
10 -36 69 0
-14 -36 -55 0
-49 73 0
-19 61 -65 0
-15 45 61 0
-33 64 0
-22 -48 70 0
13 -63 -69 0
-3 38 51 0
-31 -44 45 0
-10 39 -58 0
44 69 78 0
36 39 0
-56 -68 -82 0
49 -70 -77 0
65 -82 0
36 52 77 0
6 -45 -82 0
14 70 75 0
-16 -84 -87 0
-51 -76 -83 0
-36 -43 54 0
13 -67 -72 0
-50 -62 84 0
-2 -3 -24 0
25 -56 73 0
30 34 78 0
12 53 86 0
26 -52 88 0
-50 -52 76 0
50 -63 87 0
-12 32 79 0
-10 70 -80 0
33 44 -58 0
19 -54 70 0
25 33 -62 0
-40 55 58 0
-17 24 39 0
10 27 29 0
-13 15 29 0
-4 -59 70 0
17 85 0
-13 79 80 0
9 -60 -76 0
-1 -23 -64 0
-14 -17 18 0
16 -49 -65 0
-5 -60 84 0
5 20 39 0
-8 52 81 0
-49 -51 -60 0
48 58 88 0
51 -82 0
12 -13 0
