p cnf 89 326
-9 38 -64 0
11 14 -76 0
-53 -54 -74 0
26 36 -52 0
49 61 78 0
-31 35 87 0
30 41 -50 0
-8 -9 75 0
10 18 -51 0
-8 12 27 0
-22 -28 -85 0
-22 42 -67 0
6 83 86 0
10 -26 -63 0
24 27 -40 0
26 -27 -88 0
21 -29 -84 0
-4 41 -55 0
32 69 72 0
38 -54 56 0
-13 15 76 0
-3 30 0
-2 8 -55 0
7 21 82 0
39 -68 87 0
-25 -45 55 0
8 72 75 0
-37 -45 -62 0
61 78 81 0
11 34 66 0
11 41 -55 0
24 30 65 0
8 17 -74 0
-14 58 68 0
-51 -66 -75 0
-19 24 89 0
-17 85 0
-33 34 -59 0
32 -35 -88 0
-8 28 48 0
-47 -52 72 0
8 -61 75 0
-1 -17 56 0
2 -44 61 0
-6 -61 -82 0
2 65 -81 0
-4 64 -71 0
8 26 82 0
4 -47 -62 0
49 51 86 0
-9 -48 58 0
-29 48 -89 0
-45 -54 0
-13 21 27 0
-15 -65 -87 0
16 -80 88 0
50 65 87 0
8 -16 -31 0
-2 -37 -62 0
15 28 76 0
21 -52 -69 0
28 -46 73 0
7 41 58 0
15 53 -66 0
7 -43 46 0
26 -57 0
-1 -31 50 0
-36 -56 65 0
-12 -45 83 0
68 70 -76 0
-4 -7 20 0
4 82 86 0
8 41 81 0
-27 -35 65 0
-17 -49 -88 0
-39 -82 0
-39 -76 -78 0
-32 -53 0
-2 -9 -25 0
-4 -9 74 0
16 -38 74 0
-62 85 0
13 24 -82 0
39 42 71 0
-15 -68 -77 0
-11 35 -81 0
19 -79 -87 0
10 42 76 0
-13 -24 -64 0
-1 70 71 0
-11 26 -83 0
15 25 66 0
25 59 -60 0
23 -36 0
48 -63 0
70 -71 72 0
-7 22 71 0
-18 57 -84 0
-12 32 -74 0
-2 48 58 0
-34 41 -84 0
20 -39 48 0
-7 33 -49 0
-34 -59 72 0
56 -61 64 0
32 -46 77 0
27 -66 0
-38 66 0
-51 -55 71 0
25 77 -81 0
24 63 0
56 72 0
16 -81 88 0
55 -63 79 0
-30 41 74 0
-2 -7 -29 0
-16 -49 52 0
-36 -48 -49 0
20 24 -61 0
-11 80 87 0
-20 -27 -28 0
-11 -19 -27 0
-46 -55 88 0
3 31 -82 0
-31 53 55 0
-15 37 0
-3 32 -50 0
-47 -82 0
-39 70 0
2 -21 87 0
-16 22 -85 0
30 -34 54 0
-45 -58 -85 0
2 -20 75 0
-1 42 -65 0
-19 23 51 0
46 58 -78 0
-1 -12 -46 0
26 -37 -60 0
-30 60 0
-9 20 82 0
-4 34 -37 0
-37 52 71 0
-51 88 0
31 -70 76 0
-32 -68 73 0
-10 23 -89 0
-17 -65 -82 0
33 -80 -86 0
-13 -31 52 0
-20 -63 0
11 77 0
-40 -45 76 0
17 -18 -78 0
-13 19 27 0
13 75 -76 0
-14 40 -89 0
-40 -65 0
-13 19 61 0
22 -72 -80 0
43 -64 -78 0
28 35 -50 0
-13 -52 -64 0
-41 80 -89 0
-40 -53 0
-11 81 0
37 51 0
-52 63 -78 0
37 67 0
26 81 0
21 24 0
-12 26 53 0
15 24 55 0
-3 -42 0
-21 -25 0
-22 38 -70 0
23 28 65 0
-1 59 -65 0
9 25 33 0
-12 22 -36 0
6 -55 -63 0
-13 -21 44 0
18 24 27 0
2 79 0
-55 -67 0
-26 27 -45 0
-4 39 -47 0
-16 50 -88 0
33 -42 -65 0
-12 28 -69 0
1 17 -58 0
-23 -26 -75 0
52 -75 86 0
27 55 65 0
-5 -39 -77 0
63 67 80 0
-54 -60 65 0
-42 64 -75 0
-35 58 -72 0
-2 78 -81 0
14 28 51 0
12 32 -61 0
28 50 -64 0
-13 -14 25 0
21 41 42 0
-9 -48 -67 0
-1 -11 25 0
21 55 0
5 -34 46 0
-21 -26 -34 0
42 49 62 0
7 14 -85 0
-8 13 -55 0
-10 -47 -78 0
11 80 -84 0
-70 72 0
-34 -39 -53 0
4 -33 -39 0
1 10 14 0
31 45 0
8 -15 0
-34 -47 0
-20 30 -79 0
-20 -51 65 0
22 23 -51 0
23 72 -81 0
13 61 0
-65 67 -85 0
2 -27 52 0
-70 79 -82 0
-1 34 67 0
-15 -43 72 0
5 21 89 0
5 33 39 0
-20 -23 86 0
30 71 -81 0
39 76 87 0
6 -35 -42 0
-23 -31 81 0
-3 58 86 0
-43 62 68 0
5 -70 74 0
-17 70 82 0
24 -34 -36 0
1 -5 -36 0
-11 14 -61 0
-46 78 0
-29 33 43 0
-10 -63 0
5 17 57 0
22 40 -85 0
-16 17 82 0
-5 23 -41 0
44 68 -81 0
-22 -57 86 0
-24 -27 75 0
45 68 0
14 27 33 0
-12 -46 76 0
37 41 46 0
-17 -18 88 0
-22 -33 -74 0
8 -37 57 0
-6 -18 -21 0
-29 -43 0
-4 16 -32 0
35 -62 66 0
-6 86 0
-2 -15 -51 0
60 -78 87 0
71 -78 81 0
21 -79 -81 0
-3 -46 81 0
24 -32 -33 0
6 -45 85 0
1 8 -24 0
-12 -50 53 0
-85 89 0
-23 75 86 0
50 -80 -85 0
-22 48 -78 0
10 26 59 0
-3 -6 -16 0
-5 -7 31 0
-77 79 89 0
26 40 -53 0
39 -68 88 0
-12 27 -88 0
1 -38 69 0
2 15 -45 0
-44 -62 88 0
-19 -60 -84 0
15 39 -67 0
-14 37 -64 0
-35 37 43 0
40 54 -63 0
-75 80 -86 0
-23 63 -76 0
9 29 -56 0
42 -43 -48 0
47 -63 65 0
-2 28 32 0
-16 -49 -89 0
-3 48 54 0
-13 53 -56 0
-13 -41 74 0
-27 -47 67 0
-38 -47 78 0
-41 -67 81 0
-21 -28 86 0
-13 43 0
-15 28 -72 0
-6 26 82 0
-37 -74 -78 0
-42 -44 0
42 52 58 0
-23 83 -89 0
20 28 -88 0
57 -76 0
47 52 -58 0
-12 61 64 0
-8 48 82 0
-30 -43 51 0
-7 -20 50 0
-2 32 0
47 54 -69 0
