p cnf 83 310
-63 -79 0
-16 28 61 0
-3 15 32 0
-24 64 0
25 -40 -80 0
2 22 -46 0
14 38 -49 0
-18 -50 0
34 57 80 0
13 23 -55 0
-35 -82 0
-29 31 69 0
4 23 0
3 54 -55 0
20 69 0
-12 -23 -76 0
47 67 70 0
76 -82 0
-8 21 -24 0
27 -62 0
-17 -64 0
-17 39 -51 0
49 -56 61 0
-1 -67 68 0
-30 -59 0
5 79 0
18 -26 -29 0
1 -18 -83 0
36 -76 0
11 -15 -83 0
18 56 -81 0
-32 -60 83 0
-50 74 0
-21 24 80 0
-11 -19 48 0
9 33 56 0
-11 -55 0
-18 38 0
25 26 -80 0
-13 50 51 0
54 -63 -64 0
-30 -65 0
49 -55 0
3 45 59 0
10 -69 73 0
26 77 0
7 20 27 0
-9 -41 45 0
-9 38 -78 0
34 50 77 0
-35 -43 -52 0
-48 75 0
2 5 0
36 59 0
20 -35 73 0
-5 53 0
-37 -51 68 0
-67 70 -78 0
15 32 0
-19 -62 0
-12 -40 67 0
-6 57 70 0
-9 23 39 0
-10 -16 -24 0
9 57 0
32 -46 -69 0
-13 -19 66 0
4 24 60 0
-4 9 76 0
43 -46 58 0
17 -20 -61 0
-14 -20 60 0
-34 -50 83 0
3 -29 61 0
13 29 50 0
-17 -67 -79 0
15 39 -79 0
-20 -80 0
-54 -74 83 0
-2 36 -67 0
-4 -71 -82 0
-65 -80 0
-58 65 -74 0
29 -38 42 0
-29 -32 43 0
-20 -80 83 0
21 -61 72 0
-6 50 0
13 -15 0
-12 -33 0
-21 52 0
-23 -43 50 0
-36 37 47 0
-16 -57 -74 0
-25 -41 66 0
41 -48 61 0
27 69 -74 0
15 -33 -59 0
-46 61 71 0
-38 52 79 0
26 45 53 0
-29 -52 53 0
1 -60 78 0
17 -51 66 0
4 -57 77 0
68 -81 0
-12 21 27 0
21 31 0
29 -32 38 0
8 59 75 0
46 58 -82 0
9 29 55 0
-48 -57 -77 0
-11 29 0
-6 61 70 0
19 23 65 0
-27 29 71 0
1 58 80 0
-59 77 0
-23 -60 0
25 33 -73 0
32 -62 81 0
-8 19 59 0
28 -44 69 0
-28 -54 -57 0
-28 -46 -83 0
6 19 61 0
3 -15 -77 0
14 -20 0
44 54 79 0
-23 -59 0
33 34 63 0
-16 56 57 0
5 26 38 0
7 -33 0
48 -64 69 0
3 -67 -82 0
19 38 67 0
-27 50 -68 0
-20 -68 75 0
-15 25 -47 0
7 -45 -71 0
1 15 -32 0
-32 63 64 0
-9 -12 -59 0
-11 34 0
-9 67 0
-14 39 71 0
76 82 0
32 -39 -66 0
33 -35 0
-43 75 0
1 77 0
1 9 -65 0
13 -30 -73 0
-15 24 40 0
-5 25 -49 0
-41 -50 -74 0
-24 -26 38 0
10 -56 -70 0
23 -66 80 0
-36 -56 74 0
3 10 -27 0
9 54 83 0
33 69 0
8 26 -58 0
-3 4 11 0
-14 -15 -46 0
31 32 -40 0
23 -46 -63 0
46 65 -82 0
4 61 76 0
-19 -60 -66 0
-34 -55 82 0
-4 33 -69 0
-9 54 61 0
-13 36 54 0
3 -16 -48 0
19 75 77 0
9 -44 -45 0
6 -31 -83 0
-13 50 -60 0
23 62 0
17 26 0
20 41 -55 0
18 -45 0
13 -39 0
-39 40 -75 0
12 27 -42 0
-25 -29 72 0
-20 47 65 0
-47 -77 0
8 -27 -50 0
35 45 -58 0
7 19 -63 0
30 64 0
-1 12 64 0
-5 -19 66 0
-16 61 0
-28 -33 78 0
-5 -37 0
-3 -28 -56 0
32 52 0
-25 -59 77 0
-15 -48 -64 0
48 49 -56 0
-5 13 -30 0
5 -54 -59 0
15 17 -72 0
9 22 -28 0
-59 -75 -80 0
32 -47 74 0
4 61 0
38 -41 -53 0
-12 21 57 0
51 52 79 0
-20 -65 -79 0
-12 39 72 0
3 -61 77 0
-1 -46 68 0
19 -41 55 0
-12 -31 36 0
-13 52 0
8 -38 -44 0
26 29 -52 0
-7 -10 61 0
-21 46 80 0
2 11 0
76 -81 0
2 -41 -79 0
4 16 73 0
-9 68 81 0
4 -38 49 0
-29 60 71 0
-34 72 0
-9 -52 57 0
-6 -35 83 0
-25 36 -66 0
-10 -74 0
-35 -77 0
-11 -14 45 0
14 -39 69 0
11 -18 -59 0
-16 52 0
-19 -51 -58 0
-4 -10 -72 0
40 -65 -82 0
47 54 -79 0
22 64 68 0
13 -22 24 0
8 -33 -79 0
-34 43 0
-26 61 -62 0
-46 72 0
45 75 -79 0
-64 -82 0
-46 48 71 0
-16 22 -35 0
-26 -60 0
-36 -38 -48 0
-16 -58 0
48 81 0
39 55 -58 0
-20 -48 62 0
45 -56 60 0
-56 -57 59 0
11 -61 -83 0
-41 54 0
12 -20 -51 0
13 28 61 0
4 13 36 0
27 -31 81 0
-10 77 -81 0
13 22 63 0
13 -36 -75 0
1 25 -78 0
-20 28 -66 0
8 -50 77 0
-43 77 0
34 35 -58 0
20 -51 -70 0
-17 -32 33 0
4 57 0
17 82 0
-19 -30 0
63 -75 0
22 44 -59 0
-22 28 -73 0
-42 58 77 0
-1 81 0
-17 -77 0
-50 56 60 0
-7 11 -25 0
17 -31 -37 0
-17 -28 34 0
10 54 -56 0
-55 -69 83 0
3 10 15 0
-15 -53 62 0
-1 26 -78 0
-39 82 0
23 -55 73 0
-12 23 28 0
38 -53 70 0
25 -69 0
6 -39 61 0
-18 37 0
-67 71 -83 0
-4 41 -42 0
1 48 51 0
