p cnf 81 281
-14 -70 75 0
9 21 -30 0
-70 -75 -80 0
-9 71 0
-28 -46 75 0
-2 -38 0
-62 -81 0
29 -35 -78 0
23 -31 40 0
7 64 -75 0
44 48 -51 0
-23 32 0
20 -55 -74 0
16 52 0
-11 -50 -65 0
-22 46 0
-1 75 0
-13 72 73 0
-2 45 63 0
-8 -32 -45 0
-2 50 54 0
28 47 0
-5 20 -51 0
-35 39 -74 0
25 -29 54 0
1 -16 45 0
-5 32 65 0
37 -55 -74 0
-13 -27 29 0
44 71 0
7 -24 -57 0
16 52 62 0
-9 24 41 0
-33 -42 -74 0
15 -53 -62 0
11 -71 74 0
14 -38 -55 0
36 57 -58 0
21 -25 76 0
-4 35 -50 0
-19 54 -79 0
-51 57 -75 0
43 -63 -73 0
8 -59 0
-22 -49 0
-19 42 68 0
-22 -48 -78 0
6 50 0
-29 34 54 0
-71 -72 -73 0
54 -57 74 0
33 -38 44 0
-12 15 58 0
4 -35 42 0
-24 41 0
-15 50 -71 0
25 28 -74 0
-7 -23 -61 0
45 73 0
40 50 -77 0
16 36 -65 0
-3 -30 81 0
38 54 55 0
-67 -69 0
28 34 66 0
10 39 49 0
24 32 -61 0
-7 63 0
14 -21 79 0
-17 -25 0
-8 -45 51 0
-36 -59 -79 0
-48 -68 80 0
42 51 64 0
2 59 69 0
-3 11 0
-28 -32 -79 0
-17 39 -47 0
-5 66 0
17 56 -70 0
-27 75 0
-47 56 -58 0
53 -74 -77 0
2 -47 74 0
29 -40 -58 0
63 -69 0
-43 63 79 0
-14 -15 -47 0
-12 13 0
-13 -30 -75 0
26 -35 41 0
46 57 -75 0
61 65 0
-22 -49 0
41 62 -69 0
-13 19 -36 0
9 35 0
7 -12 57 0
36 -48 -67 0
5 47 58 0
-12 16 0
19 65 0
26 28 39 0
-13 38 -70 0
14 -39 0
-8 -12 -21 0
-13 -20 60 0
-4 -43 69 0
13 19 -22 0
-9 40 49 0
12 -43 65 0
-9 28 73 0
12 -16 0
14 25 -64 0
-9 22 -50 0
38 42 -75 0
34 -51 0
12 31 43 0
6 29 0
14 61 0
28 68 71 0
4 -54 57 0
-22 -41 -42 0
-41 -55 0
63 -78 81 0
8 -17 54 0
-7 13 -53 0
-19 -53 -67 0
11 15 -58 0
-31 67 0
-24 -26 -43 0
3 38 -47 0
12 28 59 0
25 26 -51 0
18 -34 -69 0
-14 -21 79 0
40 80 0
37 44 54 0
-16 -18 -36 0
-25 52 67 0
-20 -61 0
-2 -20 21 0
19 -49 -57 0
-9 61 66 0
42 56 -69 0
55 58 0
3 -49 78 0
56 -69 -74 0
15 16 23 0
8 23 38 0
-11 -23 77 0
13 39 79 0
63 67 -81 0
3 4 7 0
18 -44 0
18 19 -62 0
-11 16 78 0
44 -77 0
-26 -48 0
-70 71 72 0
34 46 50 0
44 67 69 0
16 -46 -76 0
18 55 0
-51 66 0
-6 11 0
44 75 76 0
3 64 -74 0
-55 -56 -64 0
-12 14 61 0
13 -37 -81 0
1 -19 -28 0
11 -64 0
-32 -55 -71 0
56 71 -73 0
12 -42 70 0
13 22 0
13 -17 -64 0
30 -58 0
23 34 80 0
5 -48 -60 0
2 -35 54 0
7 -16 -31 0
22 38 -64 0
3 -31 -35 0
14 -39 55 0
-43 47 -54 0
17 -40 53 0
-8 55 -68 0
-8 -10 -20 0
10 61 74 0
9 -34 0
11 -15 -67 0
17 47 63 0
5 -54 -80 0
21 74 0
-9 47 -58 0
-57 61 0
15 -41 48 0
-19 -42 74 0
42 79 -81 0
22 38 -56 0
12 -50 -73 0
-34 47 60 0
7 -27 29 0
-9 19 25 0
8 35 47 0
4 -38 54 0
-55 -59 0
-3 -61 69 0
60 63 67 0
-14 -62 78 0
-21 -46 -55 0
76 79 0
34 -38 52 0
49 -53 60 0
18 -37 -70 0
19 -54 0
12 16 40 0
-5 -38 0
34 52 -61 0
21 38 -68 0
-25 72 0
15 43 -49 0
-4 -45 53 0
23 53 0
11 -29 -42 0
-39 -49 61 0
-26 36 0
-21 48 60 0
6 13 -61 0
-15 32 -36 0
-11 77 -81 0
-48 61 0
1 -29 -54 0
28 -72 0
14 -26 63 0
3 -48 -69 0
25 62 72 0
10 -22 60 0
22 -41 65 0
24 -39 -47 0
-11 -74 79 0
5 72 0
3 75 76 0
-8 39 0
-26 51 0
-7 -25 56 0
34 49 64 0
-4 5 45 0
-28 -69 -80 0
15 45 0
-32 -40 -52 0
3 -60 73 0
-10 11 80 0
21 -23 53 0
-18 40 41 0
-4 -74 0
65 -77 0
17 24 0
58 -78 0
-65 -68 0
12 24 -36 0
-24 56 72 0
-21 -55 66 0
38 44 -81 0
68 -80 0
6 -8 -32 0
-30 -58 68 0
41 67 74 0
31 -45 -64 0
28 36 0
25 59 75 0
-38 -59 -63 0
18 58 0
-2 -50 59 0
3 6 9 0
-1 -73 78 0
-33 70 71 0
8 45 71 0
9 -56 0
