p cnf 92 359
-4 -6 -64 0
-16 -89 92 0
60 61 -62 0
-41 71 -87 0
-70 83 84 0
19 -56 86 0
5 45 89 0
-4 -38 0
-72 -81 83 0
-13 -24 -65 0
-45 -76 84 0
-18 -36 82 0
-63 64 83 0
1 -43 -63 0
-62 -64 -68 0
-9 -71 -87 0
-12 -35 40 0
-24 -38 -88 0
-12 -50 68 0
-53 -61 84 0
-22 -32 0
-2 74 91 0
-3 24 42 0
-56 -64 65 0
-6 -21 35 0
10 49 83 0
-3 -52 82 0
-33 -36 50 0
-5 46 -78 0
-6 -55 -61 0
30 46 85 0
32 -74 -91 0
-17 28 47 0
12 -22 49 0
29 72 81 0
-25 -53 61 0
21 33 -71 0
30 41 73 0
-41 -67 85 0
-16 25 -29 0
-4 8 72 0
-52 -65 84 0
-22 -28 -86 0
-58 -62 0
-7 65 84 0
-17 42 -74 0
18 -30 -54 0
11 -30 71 0
2 21 28 0
-21 48 -56 0
-54 57 74 0
-1 78 81 0
9 -15 45 0
-7 48 -63 0
-13 -28 -76 0
4 -77 -91 0
27 66 86 0
30 -52 -53 0
-18 -39 -64 0
12 -49 59 0
22 -25 -60 0
-11 17 -73 0
4 -48 78 0
66 -80 -91 0
-71 83 86 0
46 -58 0
-36 70 80 0
27 -57 -88 0
-26 -36 74 0
8 13 66 0
42 -59 66 0
-8 -31 63 0
-3 12 68 0
3 -11 -30 0
5 -67 -82 0
-40 49 87 0
13 70 89 0
-43 -52 -90 0
-15 50 -68 0
-50 54 -82 0
19 33 -65 0
11 21 -55 0
1 3 92 0
-64 72 0
-25 65 -70 0
20 -63 82 0
3 51 81 0
15 -61 -88 0
-7 16 -22 0
37 -50 -76 0
-19 -66 74 0
7 -79 -91 0
-11 64 0
-30 42 78 0
5 -53 -90 0
44 46 -84 0
9 37 68 0
-6 -31 -35 0
-8 -25 81 0
41 -46 57 0
-19 -28 -41 0
-20 66 0
22 -38 89 0
62 65 90 0
17 27 -50 0
40 51 0
70 -75 0
-1 22 32 0
1 -14 -75 0
5 43 56 0
-78 -86 0
-11 -17 0
-1 -12 34 0
-38 46 55 0
19 -41 64 0
-8 -35 -86 0
-3 -18 -57 0
-78 82 88 0
20 -25 -56 0
77 -81 0
-17 -24 -25 0
-19 -77 0
4 13 -28 0
10 60 66 0
-25 29 67 0
-52 63 0
-5 56 0
27 -31 -70 0
-6 7 -33 0
3 8 87 0
-16 -21 -76 0
-6 12 -70 0
-16 -79 -91 0
18 72 80 0
49 -74 0
33 -90 92 0
13 60 -76 0
18 -32 -57 0
17 27 -48 0
15 34 69 0
-41 -72 -81 0
-37 54 65 0
-32 -45 -59 0
30 79 -81 0
66 67 -80 0
-9 29 46 0
-16 42 57 0
-13 -42 -82 0
42 -54 -83 0
32 41 0
1 -11 26 0
-42 -82 88 0
25 35 -77 0
-9 -11 83 0
49 -87 -91 0
16 44 -86 0
-2 11 -34 0
6 -60 86 0
5 45 -73 0
-62 75 -81 0
-46 -70 0
-11 -40 -60 0
1 -66 -77 0
84 -90 91 0
-3 24 -85 0
13 80 -87 0
-4 -78 91 0
39 69 -89 0
6 -74 0
30 -32 45 0
11 -28 30 0
-5 -36 -51 0
-29 34 62 0
24 46 -81 0
14 63 73 0
-7 -8 -36 0
-7 -10 30 0
-38 -59 83 0
-25 -38 -39 0
-8 12 -79 0
7 -8 54 0
33 -43 -58 0
-22 -53 -68 0
-45 -67 78 0
1 71 0
18 -67 -72 0
-26 64 -75 0
-5 51 -58 0
44 45 62 0
22 -36 51 0
-21 61 81 0
-4 12 33 0
-42 87 -92 0
36 -49 -89 0
-10 -24 57 0
25 26 0
-7 -16 0
-36 -44 -63 0
-21 22 0
-32 43 -86 0
34 57 81 0
43 54 -66 0
29 38 71 0
53 -64 67 0
-18 -39 78 0
19 56 69 0
-49 91 0
-29 -47 72 0
11 -18 -89 0
-41 -49 82 0
36 -57 -58 0
14 -23 -26 0
15 26 76 0
34 44 0
52 -64 73 0
1 47 -64 0
18 -19 0
-10 -22 56 0
11 42 0
-49 54 82 0
9 22 -38 0
-3 -53 60 0
23 81 -82 0
12 35 48 0
22 -47 -66 0
14 19 -39 0
-20 -26 0
-6 36 0
10 -57 91 0
68 78 80 0
23 -37 68 0
74 -86 0
6 25 61 0
-24 56 79 0
-6 11 -32 0
28 -35 0
-15 32 -43 0
-5 -65 0
-22 30 92 0
-39 -42 -62 0
24 57 85 0
-5 15 85 0
49 -72 -75 0
26 -46 -77 0
-3 -10 50 0
-50 -87 -88 0
-14 25 30 0
-20 -74 0
-31 -50 -59 0
69 84 0
-22 48 -90 0
1 63 86 0
16 57 65 0
-22 91 -92 0
-4 -50 -89 0
17 -55 -89 0
51 -62 89 0
26 -50 -56 0
-15 -82 0
-10 11 -60 0
14 15 -26 0
4 40 59 0
-3 -80 89 0
50 57 68 0
-30 -38 -73 0
3 -51 -67 0
-12 38 50 0
16 63 0
-66 -78 -90 0
-25 -68 73 0
-14 15 -75 0
-3 -26 -86 0
-21 -49 -60 0
-32 40 92 0
33 -43 -73 0
-19 31 -89 0
30 -42 79 0
-36 70 -81 0
-19 41 43 0
-1 -71 85 0
-47 -63 0
53 -63 71 0
8 68 76 0
51 -52 77 0
-45 -66 79 0
20 83 -90 0
37 -62 0
-39 -80 0
-17 18 -45 0
-9 28 -40 0
40 88 92 0
-54 71 -78 0
22 -43 -82 0
40 65 -92 0
-26 -44 57 0
1 -16 -80 0
-29 -33 -92 0
51 69 -70 0
-14 22 -78 0
8 -18 -59 0
20 -26 51 0
-38 57 -59 0
-5 -73 -79 0
-54 -55 -61 0
27 -59 63 0
-53 -56 -64 0
3 -31 0
1 36 -67 0
10 -11 12 0
-1 -17 -82 0
5 17 92 0
-29 -41 -66 0
-13 20 0
69 -74 0
-17 -18 54 0
-6 61 -89 0
-75 -82 83 0
16 23 -75 0
-21 -30 -76 0
22 61 -68 0
-6 8 -68 0
-31 79 -84 0
31 -44 79 0
-55 -61 -68 0
29 -30 85 0
36 -65 -71 0
-16 -23 -29 0
43 -75 0
-12 25 -58 0
-3 -6 43 0
1 34 -41 0
-5 -34 -91 0
-46 -60 -91 0
-40 49 91 0
-7 -42 -58 0
-17 -73 81 0
-43 59 -62 0
-12 -29 -76 0
-19 -69 -74 0
5 -25 31 0
9 22 -72 0
52 -70 -73 0
-3 -31 -54 0
-37 56 65 0
7 -45 -80 0
23 -78 -84 0
-21 45 73 0
37 -40 57 0
12 44 53 0
50 -51 67 0
-2 -51 -75 0
-33 86 0
4 19 -29 0
5 -12 -91 0
32 61 -70 0
18 26 67 0
-57 65 69 0
-27 -44 -88 0
-23 -36 -52 0
