p cnf 76 252
-45 60 0
9 21 -55 0
-40 44 -47 0
9 15 -21 0
50 61 64 0
13 21 45 0
9 -23 60 0
6 -30 -65 0
19 -47 58 0
-25 37 -72 0
5 -15 0
7 -21 -43 0
12 -49 0
28 -30 -59 0
-14 -40 43 0
45 -64 -72 0
23 -27 -31 0
3 -9 -73 0
-15 -20 0
-12 -16 -22 0
28 34 72 0
36 55 0
32 40 0
35 66 71 0
-16 38 65 0
43 46 0
-16 -36 -75 0
-22 28 62 0
23 -29 -42 0
7 9 20 0
-24 47 -73 0
6 -14 49 0
-2 -19 25 0
-7 65 72 0
55 67 -72 0
4 -20 60 0
6 26 -32 0
-1 -14 -22 0
-11 -56 0
4 25 56 0
12 -14 76 0
-2 60 0
-12 -28 -58 0
9 -18 39 0
2 -62 0
-15 23 -59 0
36 47 -54 0
-32 49 61 0
26 55 0
5 -9 -69 0
19 40 -71 0
14 48 0
15 58 -67 0
4 -35 52 0
-27 36 72 0
-18 41 -47 0
-28 35 -41 0
30 61 68 0
61 67 -68 0
-35 55 73 0
36 -43 58 0
24 56 -73 0
-1 15 -71 0
3 -22 35 0
57 72 0
63 68 70 0
17 -56 0
32 37 0
8 63 64 0
-35 -45 -46 0
10 -11 0
-26 -59 0
-31 39 45 0
48 -49 -63 0
3 49 0
-1 17 -22 0
34 -64 -75 0
-29 -40 0
4 -26 0
-34 53 -70 0
-50 -55 69 0
-32 -71 0
4 -41 -72 0
-34 41 -53 0
10 12 0
-33 -36 74 0
-29 53 -69 0
-8 70 0
-35 54 72 0
-26 -35 0
-9 75 0
-17 47 -70 0
55 58 75 0
-50 -72 0
48 -63 64 0
30 -76 0
-32 -45 76 0
12 -38 59 0
-30 -76 0
-3 25 0
23 -45 -72 0
-31 -39 76 0
4 -29 68 0
9 -35 0
-3 15 -60 0
48 -53 68 0
33 -54 75 0
-18 38 65 0
21 37 -53 0
13 -15 69 0
-36 -73 0
19 27 -66 0
10 29 -60 0
31 -52 -58 0
-21 -40 49 0
4 46 54 0
15 60 76 0
-5 -42 0
-9 20 63 0
29 -30 53 0
30 63 -70 0
17 70 -74 0
-14 53 0
-19 41 -76 0
4 13 14 0
-57 -60 0
-19 -35 0
14 30 -75 0
-39 -49 53 0
55 72 74 0
-3 -11 -75 0
-28 43 49 0
22 33 0
28 -52 0
12 -35 -48 0
36 -65 0
-23 -41 -55 0
-7 21 -53 0
-50 59 0
-8 -51 -57 0
-10 11 66 0
-17 23 -68 0
-38 -42 53 0
10 -62 -67 0
-28 76 0
-12 -47 52 0
4 21 43 0
28 -62 66 0
43 63 0
-2 -6 0
2 12 0
-16 26 -36 0
1 -7 30 0
-1 -54 62 0
17 -30 55 0
-36 46 0
10 -34 -48 0
-41 -62 -69 0
26 56 60 0
57 -64 0
-6 54 0
29 47 -56 0
-28 73 0
-6 41 -57 0
5 62 75 0
-3 20 0
40 45 0
21 -49 -76 0
39 45 0
-4 58 -73 0
5 -27 49 0
14 -35 0
-22 -51 -56 0
40 73 0
-1 -2 0
61 65 -66 0
17 72 0
28 45 0
27 54 -69 0
-12 70 75 0
1 32 -52 0
9 67 0
-3 -32 0
7 14 34 0
1 -11 24 0
-32 46 -63 0
-8 -25 -61 0
23 49 0
-11 -26 70 0
20 30 -65 0
-27 45 -61 0
1 36 57 0
-11 -26 -37 0
-36 64 -65 0
18 51 -76 0
6 25 69 0
11 -47 0
45 50 -64 0
-14 -22 75 0
-24 43 53 0
-19 -76 0
-22 64 -71 0
50 -76 0
31 -75 0
-2 -35 68 0
43 69 75 0
22 -24 0
24 29 70 0
-8 -12 18 0
23 68 0
17 37 -52 0
9 -39 67 0
-32 54 0
-3 -4 -29 0
20 -65 0
11 -48 64 0
-24 -39 0
2 52 -65 0
63 -72 0
1 -40 70 0
-53 63 0
-47 57 -65 0
-18 -34 71 0
-1 -69 0
-1 7 56 0
9 -19 -38 0
-17 -48 65 0
13 17 49 0
42 -48 -67 0
33 43 47 0
-10 39 0
11 -29 -70 0
22 30 49 0
6 11 51 0
-1 22 29 0
-26 -36 40 0
-5 7 19 0
-28 -49 68 0
59 -73 0
-5 33 -73 0
44 -73 0
-26 27 -76 0
12 -18 0
-6 -36 0
-23 25 -44 0
-6 -36 -64 0
27 38 -52 0
33 -43 0
-1 -25 -45 0
-19 44 0
-5 -28 42 0
-9 39 0
