p cnf 88 333
55 -60 0
7 24 83 0
-42 -54 -76 0
-23 -39 49 0
-9 -11 -86 0
17 35 56 0
-3 -62 -79 0
5 19 0
-6 68 79 0
67 -78 0
-7 33 72 0
-27 70 -75 0
-17 -67 72 0
-24 33 -67 0
11 -51 -82 0
-16 47 72 0
5 68 -73 0
9 49 58 0
-57 -70 0
-8 18 21 0
-5 -30 76 0
-2 -42 -75 0
-27 -77 86 0
10 -21 -83 0
-6 8 -23 0
23 -56 84 0
63 70 0
15 23 -77 0
-9 13 -36 0
16 22 -30 0
39 65 -75 0
-24 -50 0
-19 -31 0
-11 -49 -72 0
4 9 12 0
-8 -79 0
1 30 -69 0
-19 -53 -74 0
-21 44 70 0
-30 54 -72 0
2 33 72 0
10 -20 88 0
-15 -28 -30 0
30 51 0
22 39 -54 0
46 88 0
-17 -20 -72 0
-14 -72 86 0
-21 25 60 0
-17 87 0
-10 75 88 0
-34 68 -76 0
18 -39 40 0
79 86 -88 0
19 23 56 0
26 43 0
37 -39 79 0
-60 71 -84 0
10 11 0
33 -37 72 0
-56 -74 83 0
-50 57 -88 0
-9 27 -47 0
63 -67 83 0
63 71 84 0
-61 71 -79 0
-18 45 47 0
-28 56 -75 0
8 70 -81 0
-22 34 65 0
39 -74 -88 0
27 36 0
-47 -54 -67 0
35 -50 -84 0
48 51 88 0
-18 26 -79 0
3 8 47 0
-13 -76 0
21 27 54 0
2 -39 0
-7 -58 -74 0
-19 -22 62 0
-41 -63 -70 0
-26 -45 0
10 39 0
14 31 -72 0
34 54 -73 0
-28 -67 82 0
-5 -18 -42 0
-11 17 -55 0
19 50 -53 0
11 -14 -27 0
-21 29 84 0
14 -26 0
-21 80 0
17 -26 55 0
17 -71 0
-14 20 -62 0
-11 -43 -53 0
4 -11 18 0
1 23 -27 0
13 33 -49 0
11 -25 -41 0
-14 38 0
4 -12 -48 0
-8 -47 71 0
43 -76 0
4 45 -73 0
-29 -32 61 0
-21 43 65 0
9 -29 -31 0
35 -71 -80 0
-3 -62 63 0
-14 41 69 0
28 -32 -72 0
8 17 -63 0
-22 -25 64 0
-79 -80 0
-29 -79 0
-31 63 88 0
-1 19 -24 0
-18 52 55 0
-14 -21 30 0
-16 20 0
-64 87 0
-16 41 70 0
-31 41 69 0
52 64 68 0
-14 53 58 0
-12 63 -87 0
-8 35 -76 0
-57 -81 84 0
-10 -63 75 0
39 -42 -45 0
19 -55 58 0
-5 -58 65 0
-23 64 -74 0
-31 41 76 0
4 9 -47 0
15 18 -82 0
-11 58 -71 0
-5 73 85 0
-17 60 82 0
53 58 63 0
-3 26 46 0
10 64 85 0
-4 32 -77 0
47 81 -85 0
-19 60 0
6 -12 -52 0
-11 -24 0
-3 -43 -46 0
19 -67 83 0
-4 13 -53 0
7 72 0
-5 -58 -85 0
-12 -74 86 0
44 -64 -74 0
5 33 -59 0
37 -41 81 0
-8 40 -42 0
64 -72 0
-1 -56 58 0
-43 62 85 0
-18 50 82 0
-4 -22 64 0
41 -60 0
2 10 -22 0
-12 -52 74 0
59 66 0
26 -47 78 0
-17 -22 63 0
13 -22 64 0
-33 62 80 0
59 66 -77 0
-39 71 85 0
12 72 82 0
-59 60 0
8 -25 54 0
2 -65 69 0
-13 52 69 0
-8 10 -87 0
-37 -40 74 0
52 65 67 0
-2 9 0
13 -23 -53 0
-19 67 84 0
5 -34 47 0
-15 18 82 0
6 -34 0
7 -68 0
-32 37 -66 0
14 -56 69 0
17 -23 -57 0
-51 73 0
9 -31 -57 0
21 -47 -85 0
-2 18 78 0
-10 44 -58 0
4 -61 -68 0
18 -40 -65 0
-26 47 0
43 67 81 0
-38 43 -71 0
52 78 0
-7 46 0
-4 38 51 0
-25 48 -71 0
-37 -75 0
-15 45 63 0
61 73 0
-56 79 -83 0
3 -63 -88 0
-7 -12 -81 0
-4 -10 -59 0
-37 -76 83 0
-15 19 48 0
-17 87 -88 0
11 -19 -37 0
-1 -26 -77 0
22 86 -88 0
6 -38 -64 0
-5 13 -74 0
-33 36 66 0
55 72 86 0
-44 -65 80 0
-43 82 85 0
16 38 -80 0
69 -78 88 0
-5 -30 54 0
-24 78 82 0
10 57 73 0
9 25 57 0
3 18 0
-19 -55 74 0
75 82 0
-13 14 -58 0
-1 13 65 0
44 -58 -70 0
1 -35 -43 0
20 67 84 0
11 -42 0
45 62 -75 0
-32 63 77 0
-29 -66 -73 0
50 72 -76 0
10 -50 59 0
-23 -42 62 0
-8 28 79 0
19 -37 -63 0
-27 86 0
-3 8 45 0
-3 31 84 0
-58 -79 -82 0
-3 29 59 0
-14 -17 83 0
13 -52 -65 0
9 45 46 0
-18 -47 63 0
8 45 80 0
-1 50 84 0
-19 43 0
14 -50 -53 0
8 -46 88 0
-12 -41 -81 0
-27 -45 -76 0
-25 -35 -47 0
17 44 -78 0
-13 25 28 0
6 -10 -88 0
-8 -9 46 0
20 -36 63 0
-41 54 -76 0
54 -56 -65 0
-15 84 88 0
2 -5 17 0
54 -83 0
-8 9 59 0
55 66 83 0
-8 -43 66 0
-4 -80 0
-9 -75 0
27 50 0
5 56 -87 0
-4 -34 -79 0
10 68 -83 0
23 87 0
-51 -72 -80 0
57 -79 0
-9 48 61 0
1 -80 -82 0
-32 33 -50 0
-3 -24 -69 0
-77 -80 87 0
57 69 -71 0
19 -21 -46 0
24 -50 62 0
2 43 -88 0
-3 37 71 0
26 46 -59 0
-42 77 -80 0
30 73 78 0
49 55 0
-4 28 70 0
-8 -31 39 0
-27 34 -88 0
2 18 47 0
2 -40 -52 0
56 76 0
58 66 77 0
6 37 -74 0
-23 -31 -87 0
6 46 50 0
18 -57 58 0
6 -64 67 0
40 59 73 0
-26 28 -76 0
3 59 82 0
25 72 -78 0
-7 -47 53 0
-7 8 -13 0
15 52 -83 0
37 64 82 0
4 -12 -67 0
31 -36 -87 0
-70 80 0
9 -26 -74 0
69 -80 84 0
-57 -81 -83 0
7 25 -38 0
4 -25 -51 0
-45 -51 -68 0
21 -81 0
