p cnf 90 341
15 -18 -77 0
27 49 55 0
2 -9 -74 0
-33 59 -80 0
-39 45 67 0
23 -33 0
-28 47 -58 0
-17 20 -81 0
-2 29 -60 0
22 39 0
-35 -90 0
42 -55 68 0
-22 34 -84 0
-11 44 -46 0
-7 -53 57 0
-7 25 -39 0
12 31 -76 0
-69 71 77 0
-60 -67 -70 0
15 32 80 0
-2 33 48 0
71 78 -80 0
-1 13 -79 0
-2 -4 69 0
9 58 59 0
-49 72 -89 0
-28 -83 -85 0
34 77 0
7 12 -23 0
-44 -54 -76 0
14 -31 65 0
5 -49 -52 0
-6 31 71 0
24 -87 0
6 -64 74 0
12 36 82 0
12 -14 -80 0
6 -65 0
13 -70 74 0
-42 52 55 0
10 -17 57 0
26 33 0
-19 -46 -68 0
18 -58 83 0
39 41 88 0
-29 34 -43 0
7 22 73 0
49 56 90 0
41 -68 -70 0
-16 -73 84 0
6 -14 -30 0
49 54 81 0
2 12 -82 0
-9 69 0
5 42 -54 0
-42 -67 75 0
-22 -40 70 0
21 -34 -85 0
37 -62 90 0
-10 -62 63 0
40 54 -89 0
21 52 85 0
9 13 52 0
45 84 88 0
9 -38 -41 0
24 28 -78 0
-22 51 82 0
-2 -31 33 0
5 18 54 0
-4 -20 86 0
-20 22 52 0
-24 28 -74 0
-2 -25 -75 0
46 62 86 0
-14 -33 -58 0
-18 27 -43 0
-73 -79 -90 0
-9 31 -74 0
61 -87 89 0
-34 43 -56 0
24 77 86 0
-24 28 -67 0
-31 43 -51 0
-23 69 -90 0
-55 -62 70 0
-51 -68 74 0
22 40 -77 0
-26 -65 90 0
-19 21 0
-12 16 38 0
6 35 70 0
20 37 0
-29 -49 53 0
-51 67 -86 0
1 4 17 0
11 34 -71 0
54 57 70 0
19 -66 -78 0
-15 -62 -81 0
8 -34 -41 0
-12 -68 85 0
24 -28 0
20 34 77 0
-23 63 82 0
-13 -25 38 0
-50 66 -74 0
-13 56 0
-23 -31 51 0
-39 -67 80 0
-69 84 87 0
13 -50 -78 0
49 -56 -63 0
-71 83 -85 0
19 40 81 0
60 64 84 0
8 50 -56 0
-47 -49 0
-39 -72 -77 0
19 42 -69 0
34 -60 62 0
-50 76 0
-34 -39 0
-51 53 -81 0
-1 -29 -50 0
-3 -50 -59 0
-6 84 89 0
22 35 60 0
-46 -47 -70 0
13 47 -83 0
19 30 -84 0
-67 -72 88 0
1 20 -42 0
-27 49 -86 0
49 54 60 0
6 -48 -85 0
-84 87 0
-36 79 0
39 -54 65 0
-37 -51 69 0
-46 53 -75 0
-59 -88 0
-6 20 -34 0
56 81 0
85 88 0
-86 -87 0
17 34 -64 0
-14 54 -84 0
-48 61 88 0
48 -88 0
-25 -72 -83 0
10 -35 -72 0
14 19 29 0
11 27 -38 0
57 58 0
-14 32 -36 0
-25 -42 -82 0
-20 -23 -76 0
43 47 0
44 52 -77 0
-34 76 0
9 24 69 0
37 47 -68 0
6 -20 -78 0
-50 -53 63 0
-21 84 0
56 61 71 0
21 -26 -79 0
-53 66 86 0
27 -50 -86 0
25 -88 0
-10 -41 46 0
29 55 -65 0
33 78 86 0
10 -78 84 0
21 -46 -68 0
32 -47 -86 0
-11 -43 -74 0
-30 -31 -36 0
-35 75 0
-1 -18 -84 0
-39 51 -80 0
-7 -13 59 0
11 -13 51 0
-21 37 66 0
-40 -43 82 0
4 21 0
6 70 85 0
-60 75 80 0
-55 64 -79 0
-51 82 -86 0
75 -77 -78 0
7 -51 66 0
63 -77 -79 0
53 65 78 0
46 -80 89 0
19 -41 55 0
-21 -68 79 0
-5 -17 -43 0
-29 -64 89 0
-75 82 -88 0
37 -39 51 0
-46 49 84 0
-3 -27 85 0
1 71 73 0
10 24 50 0
-74 81 -87 0
-14 -40 -88 0
14 -34 -85 0
-15 18 -58 0
3 -69 0
45 -73 0
17 25 40 0
10 -37 -56 0
52 -53 -61 0
50 -74 82 0
-17 53 -71 0
-8 76 -86 0
44 -50 84 0
-53 -55 0
24 -74 89 0
15 -36 -56 0
21 -30 -44 0
5 34 -36 0
-1 -36 -79 0
-3 9 31 0
-8 -15 -90 0
-24 -87 0
-27 -34 70 0
26 54 0
-8 13 24 0
8 23 0
-7 11 49 0
-11 20 52 0
-28 -60 88 0
-54 77 87 0
26 -69 -74 0
-4 -53 0
-9 -10 11 0
-8 13 41 0
-19 -38 45 0
-48 -73 81 0
-9 -25 -29 0
-17 -83 84 0
6 -20 0
51 -63 0
12 28 0
23 41 50 0
-32 -40 83 0
-15 47 57 0
33 -46 62 0
-14 57 0
-12 -24 86 0
-5 42 -88 0
-21 -82 -90 0
-4 -37 -42 0
42 59 -87 0
30 45 75 0
6 9 25 0
25 30 -38 0
-32 55 67 0
-11 49 88 0
-22 -58 90 0
32 82 0
-19 51 66 0
-48 72 -88 0
-35 54 -77 0
-16 32 -43 0
-2 -37 -57 0
55 -71 -89 0
-17 -22 -40 0
28 -74 0
-10 -60 66 0
43 -79 -82 0
24 30 -32 0
-42 79 0
-34 90 0
3 63 -90 0
13 -81 88 0
-34 71 -89 0
-1 14 0
17 21 82 0
8 82 0
14 20 89 0
-7 38 70 0
-2 79 81 0
17 -19 77 0
-8 16 45 0
49 -82 83 0
-19 -37 -89 0
-9 34 82 0
35 41 -72 0
-21 -24 -56 0
19 -30 -62 0
-3 -10 -13 0
-55 61 -71 0
13 79 -82 0
5 19 -44 0
-57 -67 0
-21 -29 -50 0
-9 -22 33 0
40 -71 -81 0
-3 -84 0
-36 -48 -66 0
-62 65 -79 0
25 68 -74 0
33 -65 88 0
11 13 0
39 -84 0
43 64 -84 0
-10 30 0
-2 6 -84 0
-18 43 73 0
-1 10 -37 0
8 24 86 0
-53 -58 0
-37 67 -88 0
-18 -52 81 0
16 44 54 0
-30 35 70 0
-5 7 0
-34 44 0
-32 34 0
-25 59 60 0
-32 64 65 0
-7 12 41 0
-23 -43 -87 0
-18 33 0
-28 31 43 0
-21 -23 -26 0
-29 33 42 0
16 33 -88 0
-9 54 -55 0
-11 -81 89 0
-19 -21 29 0
14 -45 -66 0
-31 -57 -81 0
-30 -62 -76 0
59 85 90 0
-23 71 -90 0
-64 89 0
50 53 83 0
