p cnf 87 343
15 25 -32 0
-18 -51 -66 0
45 77 -84 0
-1 66 -68 0
9 38 -39 0
-21 34 68 0
35 41 -82 0
-41 45 -50 0
23 58 79 0
-13 -48 54 0
-39 -50 72 0
20 -37 51 0
7 -66 80 0
-1 -33 -59 0
50 59 0
-53 -54 0
66 -80 -82 0
37 54 0
48 -57 0
-5 16 0
15 18 27 0
-67 -75 -77 0
-58 67 83 0
11 13 65 0
-33 44 70 0
-5 -9 -85 0
-11 -16 58 0
14 70 -81 0
-35 53 57 0
-21 -53 63 0
13 -58 0
-12 38 -47 0
41 45 0
-63 -81 0
-1 25 0
14 -26 52 0
32 69 -78 0
-42 -72 0
5 66 -70 0
-11 57 0
-37 47 -81 0
-9 -16 0
1 17 -65 0
-54 60 73 0
40 43 0
48 85 0
-24 -30 -85 0
-22 -24 -69 0
6 35 40 0
7 25 75 0
-28 47 -80 0
28 -85 0
-26 -39 79 0
26 70 86 0
-6 19 -67 0
-34 50 -72 0
24 -35 37 0
40 -46 52 0
-2 -71 79 0
14 45 -85 0
-16 52 0
-4 29 42 0
6 -29 -49 0
-24 -55 -87 0
-10 13 26 0
32 -55 -68 0
13 26 0
8 11 40 0
-42 -47 -67 0
-51 -53 -63 0
-2 33 68 0
16 -31 32 0
13 -23 -72 0
-47 64 -65 0
34 54 66 0
-45 -71 -87 0
-19 69 -73 0
26 67 0
-26 76 0
-25 39 -87 0
31 -72 -84 0
8 -47 -56 0
36 64 0
16 44 -66 0
-16 18 22 0
8 34 -76 0
1 -60 -79 0
-7 27 -85 0
19 29 0
-13 -20 0
14 -28 54 0
-20 -37 -66 0
-28 -37 -44 0
8 34 86 0
-4 -14 42 0
49 -63 -68 0
1 28 73 0
-17 -51 -53 0
-40 59 -75 0
-29 -36 0
-22 -58 84 0
-21 23 53 0
-28 -87 0
28 -58 -79 0
-44 78 0
-10 65 77 0
5 -50 -74 0
10 29 -56 0
-14 -50 -59 0
-31 34 -87 0
-20 28 53 0
43 70 -82 0
-33 -57 0
27 29 0
-38 -53 75 0
15 54 0
-2 24 -84 0
35 61 -81 0
-11 -60 -80 0
37 -70 0
33 -45 -55 0
-22 45 71 0
24 27 -87 0
-16 32 50 0
1 2 77 0
-43 69 -77 0
23 -34 75 0
5 13 -75 0
18 -30 -78 0
35 66 0
-8 -52 -86 0
-15 -73 -81 0
10 22 36 0
-14 16 -22 0
-32 53 -71 0
68 -72 0
31 62 -68 0
-27 -60 0
11 25 -52 0
38 53 0
31 -71 -87 0
79 83 -84 0
15 -16 81 0
-63 70 81 0
4 10 0
26 -31 -84 0
3 -85 0
21 31 -85 0
-4 -45 -64 0
11 37 66 0
-63 -71 0
20 39 73 0
4 35 36 0
-14 20 0
-42 -86 0
-22 -66 -73 0
-14 -73 -81 0
-43 79 81 0
17 63 -82 0
29 59 -73 0
5 -60 0
-41 -82 85 0
-25 -29 -46 0
-17 -57 72 0
-21 -24 -49 0
38 50 0
17 44 47 0
-79 82 0
6 20 84 0
-2 -40 42 0
-40 65 0
11 -22 -61 0
30 -75 81 0
9 -63 65 0
-8 -16 -33 0
-16 -27 0
25 -41 45 0
-1 -46 -54 0
3 -48 0
6 8 86 0
-23 -75 -83 0
-11 -37 59 0
-24 -66 73 0
-15 -48 71 0
-8 -51 -74 0
-21 -59 86 0
19 22 -74 0
28 60 0
-14 -16 80 0
2 -57 -60 0
-1 21 -27 0
3 32 0
-6 57 -65 0
-14 34 37 0
20 45 -46 0
10 55 73 0
75 77 81 0
-9 33 82 0
28 -41 0
-6 -35 -50 0
58 -69 0
33 -58 0
-24 79 83 0
16 43 -66 0
18 -42 -57 0
-62 -71 80 0
-25 -33 -81 0
54 78 86 0
23 25 43 0
6 26 -65 0
44 69 -72 0
-8 -16 -43 0
-2 17 57 0
10 -49 -72 0
22 -44 57 0
-6 -18 48 0
-8 75 77 0
30 -85 0
31 -33 66 0
36 -38 -73 0
57 62 0
-15 -58 -64 0
20 24 69 0
-4 13 36 0
-9 -29 -57 0
44 85 0
4 -30 80 0
9 -26 44 0
63 -68 -72 0
7 -31 80 0
-29 -73 0
-65 -82 85 0
15 -35 51 0
-8 27 -42 0
41 -56 58 0
15 39 -52 0
29 70 -84 0
-16 39 78 0
-33 -74 84 0
67 83 0
6 -20 0
5 8 -35 0
-1 -7 -44 0
28 -29 -80 0
-55 58 -80 0
-25 -50 -61 0
-40 -57 0
4 -41 71 0
3 35 -46 0
17 54 -55 0
-18 50 0
30 -34 48 0
-25 -65 -73 0
17 -40 -57 0
-25 -73 0
-69 75 0
27 58 -65 0
2 50 0
2 -4 9 0
1 5 75 0
-20 -45 79 0
-19 45 79 0
38 43 -84 0
37 -54 75 0
7 57 0
35 -46 -62 0
-6 -36 82 0
-37 -42 72 0
18 53 -75 0
49 -76 77 0
13 23 69 0
-38 60 83 0
22 -23 -84 0
-41 82 0
-6 -59 77 0
23 40 69 0
-33 -38 43 0
-17 -61 -72 0
1 35 85 0
-2 -46 -53 0
-49 -62 82 0
-29 -56 -63 0
-17 -18 0
-18 -62 86 0
-2 -62 -86 0
-28 30 -46 0
21 51 64 0
36 87 0
23 -35 61 0
2 -41 74 0
-47 64 0
58 -67 84 0
2 30 -84 0
-27 -41 -80 0
-1 3 0
5 -11 28 0
14 31 61 0
11 -19 -60 0
-3 47 0
-26 55 72 0
-12 25 -74 0
9 -10 -47 0
22 26 44 0
15 -31 66 0
-44 57 -79 0
18 19 -44 0
26 -47 58 0
-31 70 0
-34 61 68 0
10 27 34 0
-54 69 80 0
48 -64 65 0
-38 -42 62 0
51 -64 -66 0
49 -52 71 0
28 38 49 0
22 -26 76 0
6 -18 -61 0
9 66 -68 0
2 -36 0
5 -28 -33 0
-16 -52 -85 0
13 31 -79 0
-29 -40 45 0
29 -79 80 0
-5 26 -84 0
-14 -49 0
39 71 -81 0
27 -37 81 0
33 -35 55 0
15 -43 -53 0
-26 48 0
32 45 -53 0
-38 78 81 0
-42 45 80 0
-24 29 -62 0
-16 -20 66 0
-9 30 -78 0
2 -79 0
3 -41 -63 0
41 60 -79 0
2 41 52 0
-23 -28 -57 0
