p cnf 93 363
88 90 0
-4 32 36 0
3 45 0
-1 -30 -78 0
23 -54 -74 0
-3 81 83 0
26 27 89 0
1 -44 67 0
4 12 25 0
4 85 0
-26 -60 -61 0
-18 -24 48 0
-32 38 -63 0
62 -76 -88 0
14 24 67 0
45 49 86 0
-17 -26 -75 0
25 -40 77 0
4 -42 -62 0
4 5 30 0
-28 92 0
5 -61 63 0
-3 4 -81 0
-12 -46 78 0
16 63 0
-20 53 93 0
-3 -80 81 0
25 -53 61 0
55 -87 -90 0
16 58 -75 0
-1 -65 68 0
-11 42 63 0
-13 -65 77 0
-43 72 81 0
21 -47 -91 0
-22 -28 62 0
10 28 46 0
54 -70 -71 0
9 19 -37 0
42 -76 -87 0
11 -57 64 0
-22 23 63 0
20 -68 81 0
-37 55 0
-42 44 86 0
-39 46 90 0
18 -52 -92 0
-18 35 61 0
13 -24 64 0
-17 54 -84 0
-54 59 -67 0
27 -32 -33 0
-12 -19 30 0
-8 -44 -89 0
4 -49 89 0
3 32 67 0
-15 -33 89 0
-20 -61 74 0
-19 26 -39 0
36 62 91 0
8 -62 85 0
-30 -39 -42 0
-21 46 -54 0
20 -53 85 0
27 51 0
-1 79 0
-18 81 0
20 -38 81 0
-14 15 -43 0
-19 -89 0
-83 87 89 0
-61 63 70 0
-50 -71 -89 0
-3 39 86 0
10 84 -93 0
-27 -40 -82 0
-2 -14 50 0
-10 -37 -67 0
-6 24 89 0
-10 37 -70 0
-1 -41 -86 0
18 83 -90 0
-6 86 -90 0
-15 -64 74 0
7 -18 21 0
55 -56 88 0
-47 -57 66 0
-66 -68 -87 0
24 47 62 0
54 -87 0
1 -6 78 0
4 73 84 0
10 -52 -65 0
-18 -21 65 0
-7 9 57 0
-9 17 84 0
14 48 84 0
-36 40 -65 0
34 -44 76 0
22 -88 -93 0
-11 -46 74 0
-4 22 55 0
-66 68 -91 0
44 -57 75 0
-23 -41 83 0
12 33 0
28 -56 93 0
-10 27 -68 0
-7 -40 61 0
-25 65 0
-31 34 -71 0
6 28 -87 0
55 -61 78 0
-47 73 -74 0
18 -42 -44 0
-14 31 -38 0
25 28 30 0
-8 21 -31 0
14 -41 -68 0
13 -42 0
45 71 -78 0
-10 12 66 0
46 69 85 0
-8 45 -60 0
17 -30 0
15 26 -51 0
-12 -45 70 0
-27 29 0
51 72 0
-56 -72 83 0
-41 46 -83 0
7 -16 59 0
-19 -39 53 0
8 46 -47 0
36 71 0
7 -40 48 0
13 32 71 0
6 -23 53 0
-19 -39 76 0
24 32 58 0
-32 53 0
9 44 -91 0
-51 -77 -92 0
68 -76 88 0
6 -53 -63 0
20 44 47 0
3 -46 -76 0
-28 -57 85 0
-61 -66 -68 0
10 -50 -57 0
-2 32 46 0
26 -53 84 0
5 25 -46 0
-9 -43 75 0
-30 53 -78 0
-11 -26 36 0
53 -73 75 0
-35 74 85 0
24 71 -82 0
19 26 78 0
44 69 74 0
-28 -63 67 0
17 37 47 0
-14 40 -88 0
28 -61 72 0
-40 -43 48 0
24 -83 -86 0
24 -50 -60 0
10 -62 0
2 68 84 0
7 -37 75 0
23 -69 84 0
33 43 -84 0
21 -48 65 0
57 75 0
-5 14 -84 0
6 29 -37 0
-8 49 -87 0
3 40 -54 0
37 39 -88 0
5 25 -70 0
5 9 -57 0
3 -74 -91 0
40 44 -78 0
5 -68 -74 0
-8 32 72 0
40 46 51 0
12 -40 87 0
-40 45 -76 0
-85 -91 0
-13 41 70 0
40 82 0
7 14 -67 0
-17 43 -66 0
-38 -59 -83 0
-8 18 -56 0
12 14 -85 0
10 30 0
21 24 -26 0
50 58 -63 0
-28 35 0
-4 -49 -58 0
-47 90 92 0
-31 -54 91 0
24 -36 -77 0
20 -22 66 0
27 52 81 0
30 42 65 0
4 51 69 0
30 -41 71 0
48 49 64 0
47 -56 87 0
-2 30 -66 0
23 39 0
23 -55 72 0
-2 -81 89 0
-41 66 87 0
18 32 -40 0
-43 -54 -64 0
49 71 -90 0
37 60 -85 0
-25 -51 -93 0
12 -30 -68 0
-12 -21 -46 0
43 57 -71 0
-23 -51 -69 0
-51 64 0
33 45 -90 0
-87 -91 -93 0
-15 -82 83 0
6 -12 79 0
-4 -74 -87 0
-57 72 84 0
56 -59 -73 0
57 -59 61 0
-15 -89 0
-24 59 82 0
8 66 77 0
-13 70 -75 0
76 -85 87 0
12 28 -36 0
64 70 78 0
24 46 93 0
14 69 0
18 40 87 0
-22 -34 88 0
62 -66 -90 0
20 -78 79 0
24 -34 -51 0
19 -72 75 0
79 -89 92 0
14 17 -71 0
15 -29 -79 0
-25 -54 -55 0
-41 -65 -84 0
-2 25 -46 0
16 29 -87 0
26 58 80 0
-22 32 -91 0
-50 67 82 0
25 51 -62 0
14 70 0
36 -66 74 0
23 80 -87 0
-27 -78 -81 0
-18 -37 49 0
-68 91 0
31 40 -47 0
-9 30 45 0
-1 19 0
4 -64 77 0
23 59 76 0
-7 -53 55 0
32 -54 -71 0
-17 22 -46 0
-47 -63 -82 0
-33 45 0
51 -65 68 0
16 -75 93 0
12 45 0
-46 51 90 0
41 -47 -62 0
24 45 -67 0
-64 -67 -68 0
30 68 77 0
-17 43 86 0
38 -62 68 0
-2 -51 92 0
-67 -78 -93 0
10 -39 -90 0
-32 -36 -78 0
-12 13 39 0
-35 44 -73 0
23 30 61 0
-5 14 -67 0
43 -68 73 0
57 -62 -76 0
33 38 -76 0
12 -31 78 0
-21 31 51 0
27 36 64 0
15 -64 68 0
15 27 -64 0
-37 -64 -89 0
-26 47 -84 0
39 60 63 0
61 -66 -71 0
-18 31 -85 0
-6 15 -18 0
47 -51 66 0
31 48 -49 0
49 62 68 0
7 34 -43 0
-2 -40 -93 0
-26 42 62 0
-10 -14 67 0
-18 28 46 0
32 59 -78 0
59 67 90 0
-4 -29 34 0
35 -52 -53 0
-12 28 75 0
-37 -67 77 0
32 47 -69 0
19 -54 -61 0
-15 67 77 0
-19 42 -78 0
-10 -32 -81 0
31 -35 -89 0
24 -60 -90 0
25 28 -88 0
7 -10 46 0
-1 -67 -89 0
33 -74 92 0
11 -19 88 0
-22 -42 -83 0
-31 55 -61 0
8 -26 -92 0
12 52 -80 0
23 -86 0
-41 76 -92 0
-30 -42 -77 0
5 10 -86 0
41 43 53 0
15 -43 -65 0
27 -46 -54 0
3 -17 -45 0
20 -32 71 0
-17 29 0
21 34 -79 0
-16 38 82 0
11 81 85 0
-4 7 76 0
-54 -62 63 0
59 -74 -83 0
9 -62 65 0
-49 72 -88 0
-42 -61 -72 0
9 -17 87 0
25 26 28 0
-1 -53 -80 0
29 -49 86 0
-8 47 62 0
