p cnf 93 358
-15 -17 -62 0
46 -79 -92 0
29 -38 0
-29 35 90 0
-30 62 0
6 -14 93 0
-3 13 33 0
-75 88 91 0
-19 27 93 0
-61 73 84 0
20 41 62 0
3 12 -21 0
56 -84 85 0
56 89 -92 0
-16 66 -73 0
6 -37 -63 0
22 42 66 0
-6 -16 63 0
-2 25 -37 0
-11 -26 -27 0
-1 11 -91 0
-2 -74 0
23 27 28 0
-24 -29 -80 0
19 39 -91 0
33 -68 85 0
-52 -67 72 0
-43 81 90 0
-1 -74 93 0
68 80 -88 0
-33 66 75 0
-44 55 84 0
-16 -25 83 0
27 -30 0
-84 91 0
16 41 -69 0
15 -54 -90 0
45 64 75 0
52 82 90 0
-2 -3 65 0
-24 27 -89 0
-43 -59 92 0
-6 10 -58 0
10 -21 -49 0
15 -73 74 0
4 24 52 0
-29 -47 60 0
-20 -58 -78 0
14 73 -90 0
7 47 51 0
-24 82 0
24 -49 56 0
-23 36 84 0
-49 70 0
39 49 87 0
-11 70 -82 0
57 -72 0
-8 -23 -71 0
-10 54 85 0
27 33 45 0
-3 11 -18 0
12 -36 -64 0
-14 15 -73 0
-50 -65 0
3 -50 -55 0
61 -65 70 0
42 61 -76 0
-18 -57 80 0
66 -72 80 0
5 65 -68 0
22 -36 -64 0
-77 79 0
-13 49 93 0
-15 -61 78 0
41 65 77 0
-12 89 -93 0
36 46 50 0
9 -43 0
32 -87 -90 0
22 34 92 0
-20 26 92 0
-8 -26 -48 0
11 64 68 0
9 -23 -67 0
29 -69 92 0
35 -38 -70 0
60 -73 79 0
1 -6 92 0
-37 -63 -74 0
30 -41 87 0
-49 -53 76 0
-3 -27 -83 0
69 -72 0
2 3 82 0
-10 -46 -80 0
13 44 76 0
-4 8 -78 0
-9 17 -71 0
15 42 -81 0
11 28 -73 0
-14 -49 66 0
-2 -37 -79 0
41 -60 67 0
-48 -61 -72 0
-29 -52 91 0
-3 14 0
30 -65 -80 0
9 52 87 0
32 -68 74 0
-20 -67 -87 0
27 42 52 0
2 -70 90 0
-50 58 76 0
-61 -68 -86 0
-25 35 -61 0
26 -80 0
-27 31 61 0
46 71 91 0
19 61 -77 0
-10 -39 -78 0
15 42 57 0
-5 -69 93 0
-8 72 -88 0
-15 -40 60 0
-27 -49 56 0
-61 64 -77 0
37 55 -56 0
-7 33 -58 0
-20 24 -74 0
-20 56 -72 0
58 -67 86 0
-4 45 57 0
16 -41 53 0
-10 -29 49 0
47 79 0
36 38 56 0
44 -90 0
-11 20 -54 0
-2 -40 -57 0
-27 37 -81 0
-21 41 62 0
20 87 0
20 25 30 0
-2 -25 -29 0
15 48 -49 0
-36 40 -54 0
62 89 0
-28 34 -74 0
-61 79 93 0
15 -24 0
-14 -27 68 0
1 -26 0
-54 74 -92 0
2 18 45 0
-13 -45 88 0
31 77 -79 0
-37 -40 46 0
4 -48 90 0
63 66 86 0
39 -51 -58 0
4 -21 60 0
-14 23 60 0
28 -64 -74 0
2 4 74 0
-1 4 -51 0
-10 -36 -63 0
-20 -40 -45 0
20 51 59 0
48 -61 77 0
52 69 77 0
22 73 86 0
14 37 55 0
-2 -49 -71 0
22 68 -81 0
-11 69 80 0
35 67 -81 0
-53 89 -93 0
-14 -71 -73 0
-15 42 -50 0
46 55 83 0
-27 83 0
2 -11 28 0
-39 57 -66 0
19 64 -75 0
-11 -71 0
13 -15 62 0
5 58 83 0
-25 -58 86 0
19 -36 -78 0
32 -44 50 0
2 14 -22 0
-10 23 75 0
7 82 -88 0
15 59 -82 0
-26 -34 -37 0
-29 -32 70 0
5 -67 -92 0
-5 60 77 0
-1 -54 87 0
44 78 81 0
-6 -27 -89 0
12 -49 0
-21 27 50 0
-55 62 -80 0
-58 -70 0
-11 -15 88 0
-1 15 -83 0
-30 -69 0
55 62 -63 0
-19 -36 82 0
33 42 56 0
-6 29 -73 0
-6 36 -73 0
-50 -75 0
-27 -51 -66 0
6 41 -63 0
-24 37 66 0
-3 38 -56 0
27 30 87 0
-5 11 91 0
-2 82 0
-49 65 0
-41 -47 78 0
14 26 -40 0
1 17 -30 0
5 -9 -17 0
-42 60 -84 0
25 38 58 0
7 -49 0
-61 90 0
49 -83 -93 0
-37 77 0
11 66 -79 0
-13 57 74 0
13 -35 61 0
-35 -36 -56 0
17 -65 78 0
-11 -34 72 0
-7 43 50 0
27 42 -59 0
-61 -82 0
48 -52 67 0
-17 58 -88 0
-44 -58 -59 0
3 46 83 0
-1 4 -9 0
-42 -54 -88 0
31 -65 85 0
51 61 -68 0
2 -19 -52 0
-30 -35 -86 0
-59 87 0
-1 -70 -91 0
4 -65 69 0
20 -46 -80 0
47 -81 83 0
9 58 77 0
-12 -38 80 0
47 68 -91 0
15 -16 -29 0
-52 -70 93 0
12 74 0
26 85 0
-9 61 80 0
17 -23 45 0
-19 -30 -58 0
75 -85 0
19 92 0
-23 -64 -74 0
-5 -42 49 0
-6 -7 -31 0
11 36 87 0
4 -20 -74 0
6 74 87 0
-60 65 0
-54 -68 -71 0
7 53 70 0
-26 -30 48 0
39 75 83 0
29 -44 87 0
-49 54 74 0
-7 -62 91 0
26 -47 -83 0
-13 74 0
11 -24 0
16 -33 73 0
11 -37 55 0
2 -14 -62 0
-8 21 23 0
8 -27 -56 0
10 -18 86 0
-31 55 -93 0
-22 -25 -42 0
5 17 50 0
52 62 69 0
58 -62 -74 0
-27 -68 83 0
-1 64 -75 0
-8 53 0
-72 80 0
-40 -54 -83 0
41 85 91 0
18 20 -92 0
-8 10 -59 0
-13 -64 67 0
-10 56 -86 0
-20 -55 -69 0
-2 18 -54 0
-14 -35 38 0
-4 -67 -76 0
57 -80 89 0
3 50 74 0
-6 -16 0
-69 83 0
-42 64 -92 0
-16 -29 -44 0
-40 -66 75 0
49 -70 -87 0
-31 37 78 0
15 23 -79 0
-4 -37 0
-63 -69 -84 0
31 39 89 0
38 -43 -46 0
-36 -53 55 0
-19 76 -83 0
35 74 84 0
-26 40 -62 0
23 -38 -82 0
-18 -60 83 0
6 63 67 0
-7 -69 0
-29 48 73 0
-6 10 -92 0
12 23 40 0
-75 -86 -92 0
21 -47 -85 0
-42 -63 79 0
-50 -56 -90 0
26 41 -90 0
-4 53 -78 0
4 -5 -26 0
16 74 90 0
-25 40 -44 0
15 -37 -53 0
58 -66 -78 0
-17 27 -64 0
49 -73 -85 0
19 24 -54 0
41 43 78 0
-6 26 -58 0
13 -20 59 0
13 19 55 0
-34 -62 -80 0
-10 -70 82 0
6 39 83 0
-22 -47 63 0
13 -40 -42 0
