p cnf 87 307
49 -76 81 0
10 -43 0
-55 67 -82 0
-22 46 -68 0
26 -44 -70 0
-26 32 42 0
16 -39 -43 0
19 -22 0
12 42 61 0
30 35 0
45 54 -87 0
22 -37 -49 0
1 -53 -56 0
1 22 24 0
-7 -46 -69 0
-13 -27 -61 0
24 -49 53 0
11 -49 84 0
1 78 -82 0
-46 -55 -86 0
12 74 -77 0
-33 -77 79 0
15 -48 -54 0
3 42 59 0
2 -64 0
24 -68 -69 0
13 33 -83 0
3 -40 -67 0
5 -14 -36 0
15 -34 -78 0
-34 -49 -63 0
-1 -3 -84 0
20 28 -45 0
-6 63 -76 0
-3 29 0
-20 68 0
39 57 0
-44 -47 -72 0
24 -47 -79 0
-14 42 63 0
-28 50 -55 0
-32 40 -43 0
16 -17 -38 0
21 44 0
20 40 -65 0
-35 -41 49 0
-24 59 -82 0
6 -17 77 0
-20 -64 -67 0
-30 31 -33 0
-8 -52 77 0
-7 -51 -80 0
-32 -46 -54 0
-16 47 54 0
14 -32 58 0
-18 -40 -44 0
-32 -52 -60 0
-27 -38 52 0
24 -31 55 0
-14 -24 31 0
-27 69 -74 0
14 37 -85 0
42 -47 -51 0
-6 -10 -14 0
17 -29 87 0
12 22 40 0
-23 41 -82 0
-76 -84 0
42 43 71 0
31 68 81 0
63 -66 0
10 -27 -57 0
17 -32 79 0
-42 -64 -71 0
28 -36 -63 0
-25 28 60 0
-28 -32 74 0
5 63 71 0
-9 -28 0
4 -73 -85 0
24 30 -76 0
-21 -55 -82 0
18 -37 -64 0
66 83 -85 0
-4 -19 -76 0
46 60 65 0
-63 76 0
-7 -56 78 0
-4 12 -68 0
9 44 54 0
-1 56 -65 0
-9 23 76 0
57 -61 -78 0
-19 -67 70 0
27 -60 76 0
-31 -54 0
56 -71 85 0
22 -61 0
-13 -25 66 0
21 44 78 0
-33 -43 78 0
-34 37 60 0
7 32 -51 0
-41 -68 77 0
4 -49 86 0
4 -35 -76 0
53 54 -78 0
3 19 68 0
-22 -65 -81 0
10 -44 -47 0
-37 -39 79 0
-43 54 77 0
-48 -71 -85 0
13 -22 -84 0
-14 32 71 0
24 44 68 0
21 -59 -79 0
34 70 -87 0
-36 41 -54 0
24 -48 83 0
4 -36 72 0
-16 -42 51 0
5 -26 59 0
-20 -73 -76 0
38 -49 56 0
-17 32 78 0
6 71 -87 0
31 -66 -80 0
14 49 60 0
8 42 69 0
4 37 76 0
5 52 -78 0
26 32 43 0
34 49 54 0
6 78 83 0
-51 59 -62 0
9 21 0
39 -61 -67 0
38 -54 76 0
10 51 64 0
-31 50 -77 0
-22 -24 -47 0
-7 15 -81 0
46 56 -63 0
6 12 87 0
3 5 28 0
-5 63 79 0
12 -64 -82 0
3 -37 -42 0
-41 51 -53 0
64 66 75 0
-3 -42 84 0
-34 37 83 0
-16 -39 -55 0
-36 -78 0
23 53 -56 0
43 70 0
37 -73 75 0
-36 68 -71 0
33 58 0
11 24 70 0
-22 -58 -73 0
-2 36 54 0
-45 -51 85 0
12 50 -63 0
-45 -68 79 0
56 -57 75 0
22 39 82 0
-27 53 -54 0
20 -35 46 0
-47 50 -76 0
18 -25 48 0
-6 -23 -40 0
13 47 81 0
-24 35 -86 0
-60 69 75 0
-32 -49 86 0
50 72 -83 0
25 -26 79 0
59 -74 0
-15 -58 -64 0
-5 -40 72 0
-24 -33 41 0
6 33 -44 0
20 35 -47 0
16 -49 52 0
-59 63 -73 0
79 -86 87 0
24 -26 49 0
-10 33 -62 0
-4 -87 0
1 -37 71 0
34 78 -84 0
-14 -49 86 0
1 28 53 0
6 48 -72 0
-17 65 -79 0
-16 -54 69 0
-21 42 -63 0
6 33 -44 0
-4 -22 49 0
13 -48 -50 0
-34 -44 -84 0
3 10 -39 0
-16 17 41 0
-56 -57 0
-14 71 83 0
70 -79 0
-22 37 55 0
-30 59 -62 0
-20 -40 -77 0
23 46 67 0
-9 32 74 0
-10 -50 68 0
20 35 -36 0
48 -60 84 0
3 -38 53 0
-14 28 -63 0
52 79 83 0
39 56 -73 0
43 -65 71 0
7 -31 -84 0
-31 55 0
-32 -73 0
-22 24 71 0
29 -59 -76 0
-70 -71 0
-8 34 68 0
26 45 -63 0
-29 -42 66 0
64 -65 68 0
27 -44 -67 0
-2 80 -86 0
18 23 -80 0
5 -25 30 0
-17 36 -41 0
23 -30 -47 0
-18 43 -81 0
-3 37 -63 0
-15 -22 0
-4 -31 -87 0
12 -52 -67 0
-7 -49 62 0
2 -21 80 0
17 26 77 0
34 -47 71 0
-22 86 -87 0
-25 61 -83 0
6 -62 0
-2 -46 -64 0
21 28 0
10 28 -41 0
-16 -49 -60 0
-31 63 0
1 41 -63 0
16 -47 -63 0
43 87 0
-11 -30 48 0
-13 46 -59 0
-20 -69 -81 0
-17 85 86 0
-33 49 -87 0
-13 19 -28 0
-9 81 -82 0
-23 -86 0
-15 -30 84 0
28 -55 0
-50 -51 62 0
26 50 66 0
-22 27 59 0
6 -27 -62 0
-10 -42 0
4 -26 -41 0
13 -21 -47 0
-24 30 87 0
-12 -13 0
-24 44 -51 0
-71 -86 0
-22 27 86 0
-1 29 74 0
-5 39 -60 0
21 -27 37 0
-2 22 -40 0
-8 31 42 0
43 83 -87 0
8 9 23 0
8 17 67 0
22 52 70 0
-12 54 0
-10 -11 38 0
37 40 76 0
18 82 0
25 41 -47 0
-13 -20 -47 0
-72 75 0
-1 -23 -37 0
-3 10 86 0
5 -37 -52 0
25 44 65 0
-15 -51 0
-19 -36 68 0
19 65 75 0
-8 30 -76 0
-37 -49 0
9 20 -60 0
25 -63 0
52 59 62 0
