p cnf 91 351
-8 -47 -77 0
12 49 55 0
19 -43 76 0
1 -42 65 0
-22 38 -58 0
-21 -47 86 0
-16 -58 -80 0
12 -17 -84 0
-31 40 -49 0
-1 51 -64 0
-15 -16 -22 0
-50 67 69 0
-31 -32 -65 0
20 -66 0
2 27 0
29 -39 -62 0
-2 -70 -71 0
-40 -48 0
-8 11 0
-17 -42 -49 0
52 70 71 0
42 -75 -87 0
-68 -71 84 0
-5 -10 -18 0
56 60 -83 0
-8 -55 0
6 -53 -90 0
-23 69 91 0
-32 -37 -62 0
-20 -59 0
-70 -72 81 0
-7 51 -71 0
53 -59 -72 0
16 28 -78 0
-18 71 -82 0
35 -49 83 0
10 30 -51 0
14 -27 -86 0
-8 -42 57 0
-4 14 60 0
-35 45 -53 0
8 -31 57 0
63 68 -83 0
64 -80 -87 0
41 42 -66 0
-18 -74 -87 0
26 -60 -89 0
-2 -67 83 0
-32 -58 -73 0
-49 66 -75 0
-7 39 68 0
-2 85 90 0
-3 6 76 0
-34 -39 90 0
-20 29 -82 0
-5 -35 38 0
-3 -44 54 0
-54 -69 -75 0
59 69 76 0
-8 23 33 0
-13 65 -89 0
-7 -35 -82 0
4 21 -73 0
15 -21 77 0
-11 35 0
47 56 -86 0
7 -21 -60 0
-29 -60 -65 0
-15 -49 58 0
27 52 0
-36 48 -89 0
-45 74 -91 0
-36 40 -84 0
54 72 91 0
-42 -81 88 0
19 -34 -83 0
-12 62 -86 0
1 68 -87 0
-12 -15 59 0
-6 76 0
-1 -25 -51 0
-33 44 -84 0
43 79 90 0
-3 6 -51 0
21 -30 90 0
9 39 0
15 -18 77 0
-27 -38 42 0
-12 19 -89 0
11 -20 76 0
-65 76 -77 0
57 73 -79 0
8 83 0
45 58 -72 0
33 -72 -84 0
57 -65 67 0
23 31 63 0
57 64 -65 0
-59 85 -88 0
62 85 -86 0
-53 60 -90 0
1 -7 -39 0
-38 78 0
-2 -18 -82 0
14 -24 -58 0
-48 -90 0
-2 43 66 0
16 -32 -69 0
-36 46 -74 0
13 17 53 0
2 43 -85 0
-65 -84 0
54 79 -81 0
-20 26 -78 0
36 54 64 0
-22 -50 52 0
26 56 87 0
13 62 -64 0
19 60 -67 0
32 46 -68 0
-30 47 0
-35 52 82 0
-15 20 26 0
8 -36 78 0
13 56 63 0
14 -45 47 0
31 39 89 0
17 26 0
-16 31 48 0
-2 -30 75 0
22 -34 52 0
-27 46 -69 0
-15 16 0
5 23 50 0
-21 57 86 0
-38 43 51 0
-33 -38 49 0
13 54 72 0
-5 21 -55 0
-21 -84 0
-20 -72 -74 0
36 -55 -83 0
-5 -32 76 0
6 -69 0
-43 -61 70 0
32 83 -87 0
-15 -20 28 0
3 -17 -76 0
40 50 -72 0
-54 76 0
-57 85 -87 0
-35 -51 -84 0
-6 -40 0
2 21 -22 0
-37 -45 86 0
-24 81 82 0
28 -62 -63 0
-18 40 -71 0
31 53 -62 0
10 -36 73 0
56 -61 -72 0
2 41 0
53 -87 -90 0
7 25 68 0
-20 22 39 0
-20 22 40 0
35 56 -65 0
-20 -48 60 0
-3 -8 -21 0
28 38 52 0
1 -37 60 0
-16 41 43 0
7 -79 0
43 -57 74 0
7 -83 88 0
12 -85 89 0
-1 -33 88 0
40 -82 -89 0
34 -39 -81 0
21 -70 80 0
15 -18 -66 0
-2 51 84 0
-15 -18 42 0
5 -28 -65 0
-10 -21 75 0
-32 -42 44 0
-24 -44 -50 0
-10 20 43 0
-5 39 81 0
6 24 35 0
-18 37 -54 0
24 -44 53 0
-27 -68 0
17 -35 -78 0
-23 -26 -66 0
50 52 0
-19 69 -88 0
-16 -36 76 0
3 -61 -80 0
-54 -64 81 0
-10 30 70 0
-58 71 0
70 76 -86 0
23 34 -78 0
-34 -55 -72 0
-12 16 43 0
9 -18 -53 0
4 -24 -80 0
24 50 85 0
8 -14 48 0
-13 46 -74 0
-13 38 -71 0
-13 -80 0
3 -7 89 0
26 -27 -77 0
1 22 -48 0
13 30 75 0
17 -34 -72 0
-24 58 0
50 75 -86 0
-14 31 -88 0
13 18 -35 0
6 20 60 0
-10 44 0
-46 -65 0
22 -71 -86 0
-21 -46 0
-24 -43 -59 0
11 20 -37 0
-35 43 75 0
-7 26 74 0
-15 44 84 0
-3 -27 -72 0
-9 33 49 0
1 20 27 0
-3 18 -62 0
-27 70 -84 0
-1 15 -31 0
14 32 -54 0
1 -31 49 0
-14 20 -25 0
-32 82 0
-36 -47 -53 0
34 37 90 0
-24 -26 -51 0
20 25 57 0
11 -28 67 0
26 -38 67 0
-11 18 -32 0
-13 -62 87 0
33 47 49 0
-3 -16 -40 0
67 87 0
44 -91 0
-65 69 -85 0
1 -5 9 0
17 40 -71 0
35 -60 -64 0
37 84 -87 0
-5 6 16 0
-16 -58 -91 0
-12 -31 0
-25 57 -58 0
-2 32 41 0
-27 -63 81 0
31 52 0
6 64 -73 0
-10 27 -88 0
-1 -34 -62 0
12 65 91 0
13 26 0
-56 63 -76 0
-32 60 86 0
-8 -57 0
-53 -86 0
38 50 53 0
13 -23 44 0
22 27 -44 0
-7 56 -79 0
13 75 0
-15 -34 35 0
-38 46 63 0
28 -65 66 0
-22 -38 50 0
-3 -20 59 0
-12 -27 45 0
8 21 25 0
31 59 -89 0
-49 -67 -76 0
2 82 -86 0
24 53 -82 0
22 27 -51 0
-8 18 23 0
17 18 -49 0
-5 -29 -38 0
59 80 -86 0
32 -33 46 0
39 41 -59 0
60 88 89 0
8 -11 -51 0
-29 58 -88 0
12 54 79 0
-57 85 -90 0
34 44 -53 0
5 38 -80 0
7 28 48 0
28 67 -88 0
61 -73 0
5 22 -34 0
2 53 78 0
34 -61 76 0
54 -56 -84 0
-20 29 0
12 -13 68 0
13 -16 46 0
17 -59 65 0
29 -45 63 0
-19 83 0
-15 67 88 0
-4 -69 78 0
15 -16 45 0
-36 44 -81 0
-36 78 0
8 -31 -56 0
10 20 -46 0
2 28 79 0
-12 15 -19 0
-21 51 86 0
-43 56 -58 0
-11 -35 43 0
-58 66 83 0
8 80 0
33 62 73 0
12 25 44 0
-2 -19 21 0
-39 -43 -50 0
-17 40 -43 0
-17 -40 54 0
-43 49 88 0
44 55 -90 0
1 -31 43 0
30 33 -70 0
4 -79 83 0
-10 45 59 0
-2 -36 72 0
-19 -58 -76 0
22 -37 39 0
21 48 0
-5 64 -81 0
7 -10 67 0
-18 -34 43 0
