p cnf 92 361
32 -73 79 0
-1 -33 0
44 53 -88 0
-21 36 -47 0
6 -22 -59 0
-49 52 90 0
-41 -73 -86 0
44 72 79 0
20 -43 -78 0
10 -22 -92 0
16 -52 -54 0
49 52 -82 0
-21 30 -80 0
-48 85 -87 0
1 51 -80 0
-11 -75 -91 0
19 32 -82 0
14 -28 0
-12 -33 -54 0
-5 -41 -88 0
-6 8 19 0
-71 76 82 0
20 33 0
24 61 85 0
-13 -38 -86 0
-52 -54 70 0
37 64 80 0
-54 74 -80 0
-37 47 -51 0
-27 -66 -74 0
-4 50 -80 0
34 61 92 0
-4 20 -80 0
-30 -61 92 0
8 -24 38 0
21 -68 74 0
24 -30 61 0
-3 -34 -72 0
-37 77 81 0
18 53 91 0
-76 86 0
23 67 -92 0
-47 -55 -57 0
19 -34 67 0
2 -57 -83 0
-3 -20 51 0
-39 -47 67 0
20 29 72 0
49 51 58 0
-72 87 -90 0
8 62 -73 0
-10 -14 -52 0
-5 28 -74 0
-2 92 0
47 63 86 0
-52 84 0
1 -11 -49 0
-9 -13 -77 0
-14 -19 0
55 -61 -77 0
16 -23 77 0
-7 20 -25 0
-2 14 34 0
24 31 90 0
-69 -85 0
14 -22 -69 0
4 51 83 0
-36 -50 -57 0
-57 78 -87 0
-43 -58 75 0
27 -62 -86 0
-16 25 -65 0
-7 69 -77 0
24 86 0
-6 -16 -58 0
7 -48 79 0
-26 -44 89 0
43 70 73 0
-7 63 66 0
33 -39 0
-34 -40 -42 0
-18 -32 83 0
7 73 88 0
23 30 -64 0
-27 -70 79 0
-49 52 -74 0
-6 -61 68 0
5 10 21 0
-36 81 0
-4 56 -59 0
-3 -22 -62 0
-25 -49 -83 0
12 43 -46 0
2 -32 50 0
-58 -79 82 0
-19 32 -82 0
43 68 0
-28 -29 -62 0
-12 44 -85 0
36 -59 0
-19 -44 59 0
42 -51 -58 0
4 5 -90 0
-3 7 -36 0
-37 79 -92 0
14 23 -31 0
41 47 -70 0
24 39 65 0
4 -21 71 0
-3 30 83 0
-1 -40 91 0
11 -21 -61 0
43 -61 85 0
-25 49 -68 0
-7 65 -70 0
-32 -50 86 0
12 33 43 0
-27 -65 85 0
27 -45 -84 0
-29 -36 -57 0
-30 35 -54 0
-10 -66 -92 0
-21 27 -57 0
20 -22 54 0
-19 -47 -71 0
-11 87 -90 0
10 -59 0
-33 72 -84 0
67 75 -90 0
5 -30 78 0
-18 24 -85 0
2 -14 -41 0
16 31 -83 0
7 -9 47 0
15 -52 0
-31 -50 92 0
52 -73 -90 0
10 50 -74 0
-5 -14 -89 0
30 47 -92 0
45 -70 73 0
11 21 47 0
76 79 0
15 67 89 0
17 84 -88 0
6 -29 -82 0
-3 15 64 0
-15 66 72 0
22 -57 77 0
27 -28 -34 0
31 79 82 0
-22 -71 0
-3 26 37 0
-67 -70 89 0
29 -70 0
-41 -81 84 0
30 -35 74 0
38 -85 0
19 -36 -40 0
39 46 -80 0
40 55 -57 0
-7 -13 -62 0
30 -75 90 0
-1 -38 48 0
53 -55 -63 0
-25 56 -57 0
-20 48 90 0
-8 11 17 0
-26 -54 -88 0
13 -51 -85 0
-12 60 0
-35 36 -70 0
6 -18 -62 0
26 -31 39 0
-12 -56 92 0
-49 -62 -68 0
38 -47 66 0
80 90 0
-27 -77 -83 0
-13 -77 92 0
-10 -75 89 0
17 28 -49 0
-34 -49 -62 0
-23 -58 71 0
-55 -76 89 0
22 88 90 0
-6 -65 84 0
3 -7 -11 0
-11 26 -78 0
1 9 -71 0
38 -75 0
-17 -35 40 0
13 23 -87 0
-5 -28 46 0
60 70 -83 0
-70 88 0
-18 -34 70 0
16 40 71 0
-13 49 0
7 -16 33 0
-8 18 -49 0
8 44 57 0
12 15 -89 0
-9 37 -86 0
9 46 82 0
14 -53 -59 0
-63 -81 -84 0
-22 -90 0
24 -57 63 0
5 78 -91 0
20 -45 -55 0
20 26 -42 0
-26 -32 90 0
-22 -56 -86 0
-41 50 -82 0
-7 -32 33 0
23 -49 54 0
-16 50 62 0
-13 34 -63 0
-30 41 48 0
30 56 -63 0
24 -47 -50 0
5 -67 81 0
50 -51 84 0
4 63 73 0
-41 60 -80 0
-5 40 -90 0
5 -46 80 0
-8 -22 78 0
-3 -51 -90 0
-19 -59 70 0
-48 -63 87 0
-20 72 86 0
-33 38 -79 0
-23 -31 -81 0
43 -67 0
13 84 86 0
2 19 23 0
5 32 -52 0
30 33 -80 0
35 -47 -62 0
-46 59 81 0
3 -45 -87 0
-3 -41 -77 0
-35 -36 0
-11 -45 55 0
-21 -33 -51 0
13 -24 54 0
-1 73 79 0
4 34 -39 0
14 -81 -91 0
-68 -80 83 0
-44 -48 -53 0
14 -30 -41 0
19 84 -92 0
39 -80 -91 0
45 79 90 0
-68 -78 -92 0
17 90 0
-4 -80 -92 0
17 -33 63 0
-1 -47 52 0
45 -65 -90 0
8 -48 -50 0
-62 -66 0
50 71 77 0
-24 64 -85 0
21 87 89 0
-42 52 56 0
77 -82 -92 0
32 -71 81 0
2 -24 -42 0
-6 -30 -49 0
15 55 57 0
48 -55 -79 0
-28 79 92 0
12 17 -40 0
15 38 -72 0
50 -59 -65 0
-44 -45 -76 0
-23 34 -81 0
12 -23 70 0
-22 57 0
19 62 -74 0
-4 31 -88 0
10 -35 73 0
-17 78 -80 0
-11 72 -77 0
25 -50 85 0
-4 -69 -72 0
45 -49 -89 0
33 39 -63 0
-60 -65 -89 0
-31 -34 61 0
47 -55 62 0
57 -60 91 0
39 -62 70 0
-38 44 76 0
45 74 84 0
-44 76 89 0
-47 -57 65 0
42 63 0
11 89 90 0
5 -27 -37 0
-4 59 0
32 -44 -51 0
-13 -62 -73 0
-21 -83 -89 0
-10 51 86 0
7 -13 -46 0
-37 41 76 0
-4 7 74 0
-45 -54 0
-39 55 -59 0
-13 -25 -91 0
-63 65 -83 0
-1 -35 39 0
6 -69 74 0
17 29 44 0
35 -52 -67 0
58 73 78 0
-72 76 -87 0
-50 71 -78 0
-8 34 74 0
-23 33 -50 0
41 -90 0
-25 -33 84 0
29 -58 87 0
-7 -64 -77 0
65 -72 0
38 72 -92 0
-40 -51 -56 0
-11 -34 -40 0
-53 91 0
17 25 -79 0
4 -42 46 0
-10 14 85 0
-29 -60 -62 0
19 -25 -35 0
2 58 90 0
59 67 -82 0
-30 49 -55 0
-13 -57 70 0
3 -89 91 0
-28 52 -84 0
-2 -14 -88 0
21 49 54 0
-4 -21 72 0
38 -71 83 0
24 -48 82 0
9 -12 38 0
14 -71 81 0
-38 -61 79 0
35 -39 -53 0
-20 -28 32 0
11 37 -47 0
13 23 -49 0
2 -35 0
-15 19 88 0
-30 -76 88 0
14 50 60 0
