p cnf 79 274
31 -66 72 0
-35 46 57 0
-38 -41 -47 0
53 56 0
32 -38 48 0
-30 -67 -71 0
34 -47 78 0
-3 53 0
29 77 0
-6 23 44 0
-14 -21 23 0
-46 -69 0
-14 -26 0
15 76 -78 0
13 -31 0
3 24 -72 0
6 -16 -22 0
-21 38 -50 0
7 25 40 0
-14 -21 0
13 24 -45 0
34 -61 64 0
4 -71 -76 0
24 -33 59 0
-40 63 0
15 24 30 0
31 46 61 0
25 50 0
-2 50 64 0
-18 -46 -79 0
-31 -51 -54 0
3 -30 53 0
-16 52 71 0
-43 48 55 0
-5 25 27 0
-33 49 0
-4 34 -55 0
15 69 76 0
4 16 0
3 6 -52 0
20 60 64 0
-4 -38 64 0
34 63 0
-3 5 43 0
-66 -68 0
2 6 40 0
-23 30 65 0
-28 35 -67 0
-21 -46 0
-14 -29 0
-47 -68 0
-13 -62 -74 0
5 -25 -47 0
21 -28 -63 0
-26 38 -64 0
-6 -10 -13 0
-17 -21 0
-9 37 66 0
15 18 -49 0
16 -71 -73 0
13 75 77 0
-12 -48 -65 0
-40 -57 0
9 -18 -74 0
-10 33 -66 0
-30 -33 -53 0
2 36 57 0
30 -46 -54 0
-13 -18 36 0
48 -58 -73 0
24 39 64 0
-66 -72 0
34 -39 0
4 -31 0
-47 63 0
39 -56 -60 0
-51 64 75 0
37 57 0
-29 -72 -79 0
17 26 0
-16 -18 -48 0
-18 -35 66 0
12 -18 0
21 56 66 0
28 33 -39 0
37 -59 0
-43 -61 -64 0
17 43 67 0
18 -46 0
2 29 47 0
-9 12 -57 0
-7 -61 66 0
-59 -75 0
5 21 -65 0
8 63 0
-12 33 0
19 -32 75 0
5 13 64 0
4 47 61 0
2 -49 0
20 57 0
-10 -50 -74 0
-23 58 -68 0
28 -42 66 0
12 -35 52 0
13 -17 -70 0
-2 34 39 0
-9 41 0
-9 -15 60 0
45 48 50 0
8 21 70 0
-57 71 76 0
11 20 23 0
-6 -47 0
7 35 71 0
1 22 -23 0
8 33 67 0
16 46 -57 0
25 57 0
-32 -64 0
24 43 52 0
-37 -50 68 0
32 36 -52 0
3 -62 64 0
-2 15 -78 0
-25 -38 -40 0
-10 -47 -59 0
-4 -10 -58 0
-39 -64 0
-9 -22 26 0
-13 -23 0
-11 43 -57 0
-46 -69 0
41 76 0
-37 -61 -78 0
-64 65 0
24 -31 -52 0
45 -77 0
-6 -15 23 0
-27 33 -43 0
2 24 -38 0
-18 -77 0
-22 -66 67 0
-51 62 -64 0
-63 76 0
2 -39 -67 0
3 71 0
-15 30 0
-45 -50 -70 0
-4 57 -58 0
9 -19 0
-41 -50 68 0
-40 -64 0
-1 27 69 0
66 78 0
13 61 0
41 -45 0
-43 59 0
-18 -56 76 0
-3 -10 64 0
7 -9 -24 0
-6 34 -58 0
23 44 -72 0
-5 39 -57 0
21 56 -76 0
-3 49 -72 0
23 -60 62 0
-35 -61 -69 0
55 -58 0
1 16 17 0
45 49 64 0
18 -41 56 0
-15 34 0
14 23 0
13 -39 67 0
-7 49 0
-5 -9 -50 0
-30 70 0
-43 -49 51 0
-2 -27 -44 0
14 -36 0
26 56 72 0
57 -60 0
-72 74 0
17 -40 58 0
-7 66 0
29 55 68 0
21 -26 65 0
4 27 -32 0
47 -48 -54 0
-25 70 79 0
-3 -31 -45 0
-28 67 0
-15 56 66 0
-52 66 0
-21 38 48 0
-15 58 75 0
23 34 -49 0
-2 38 54 0
-48 -68 -75 0
-31 -40 0
31 38 0
3 -55 76 0
-28 41 75 0
-28 -32 -45 0
18 -55 -57 0
17 -67 71 0
1 -56 -61 0
21 61 0
22 25 43 0
-58 -70 75 0
-10 75 0
-25 41 -62 0
-36 -61 0
12 33 57 0
-43 -63 64 0
19 -49 62 0
-68 69 0
-17 23 0
-61 74 0
10 -62 -65 0
44 63 77 0
-14 22 74 0
20 64 72 0
-47 -48 -72 0
-17 -30 40 0
-30 -55 0
15 22 45 0
-32 48 -58 0
55 -76 -79 0
23 28 65 0
-14 38 -54 0
-60 71 0
41 -76 0
5 -11 25 0
6 39 45 0
37 54 74 0
-14 -55 0
33 58 0
23 -43 0
-3 -12 26 0
-4 -58 0
25 -27 72 0
10 14 -29 0
20 34 -61 0
-1 55 -59 0
10 -15 65 0
21 50 0
-12 -20 0
22 -54 -57 0
51 75 0
2 -15 57 0
-39 70 73 0
-32 -54 0
11 30 -39 0
12 -19 26 0
-41 -59 78 0
-13 -16 28 0
23 -34 79 0
67 77 0
39 -53 58 0
19 40 68 0
-46 -74 79 0
7 -17 -49 0
-50 56 -63 0
-35 70 -79 0
-8 -10 -44 0
5 9 -60 0
1 3 -71 0
2 -64 0
-28 47 58 0
-7 -28 55 0
25 -31 -39 0
-10 -42 48 0
