p cnf 91 359
15 -47 79 0
28 -82 87 0
18 -57 83 0
-6 -58 -68 0
-19 51 -76 0
15 -20 41 0
49 75 -87 0
39 53 -57 0
11 30 37 0
-15 -50 -55 0
-50 53 0
-19 47 53 0
68 69 72 0
-1 60 -65 0
-75 76 -81 0
-3 34 59 0
71 -74 0
-7 16 43 0
11 18 -83 0
31 55 61 0
26 44 70 0
-16 -58 -64 0
62 76 84 0
-10 82 0
49 -51 -85 0
1 -62 -72 0
10 35 -60 0
46 -88 89 0
14 -20 61 0
35 48 88 0
1 29 77 0
22 45 87 0
-11 -24 66 0
22 47 60 0
-11 -16 91 0
49 74 87 0
-23 -58 80 0
19 61 87 0
41 64 0
-50 51 -75 0
-6 22 70 0
44 -67 -77 0
7 -16 0
-22 -68 -72 0
-15 -45 56 0
-1 -18 0
34 54 -67 0
17 24 -77 0
-33 -38 -85 0
-3 -15 -60 0
-21 42 79 0
-20 26 0
-4 -5 50 0
16 42 -77 0
-9 -31 0
30 -60 -83 0
-82 88 -90 0
-47 -54 79 0
72 85 91 0
61 -69 -90 0
24 65 66 0
-2 -32 -41 0
-1 -65 0
30 34 43 0
-52 -77 -88 0
13 -35 -67 0
17 28 -29 0
12 -19 36 0
26 30 0
-19 -67 88 0
-20 -62 0
56 -68 0
55 74 -91 0
-24 -56 68 0
28 -53 -77 0
19 -75 85 0
39 48 0
8 -18 -19 0
26 -30 50 0
-23 31 -37 0
-29 -53 -81 0
26 74 -78 0
-33 65 -90 0
-2 -59 -70 0
30 -72 -82 0
-36 45 0
22 54 -75 0
-14 22 -35 0
-27 -72 80 0
-57 72 -85 0
40 58 77 0
21 -22 -64 0
44 -53 70 0
15 -18 -53 0
-76 77 0
-24 -45 81 0
-67 74 0
-57 -60 70 0
4 -20 -52 0
-20 -41 69 0
69 -83 -87 0
13 -21 -71 0
16 -65 71 0
-26 66 67 0
-51 52 -86 0
-37 -45 61 0
29 -31 35 0
-26 43 -58 0
-1 36 91 0
-34 42 86 0
11 -38 60 0
-12 -33 81 0
-47 -58 -91 0
19 -87 90 0
-66 -68 -85 0
21 -68 0
1 -36 78 0
20 -54 -86 0
13 50 85 0
-36 -45 81 0
84 86 0
11 -14 22 0
16 -18 -56 0
-12 -43 -54 0
-34 -42 -71 0
17 -34 45 0
37 -77 -81 0
14 40 76 0
-27 28 -80 0
12 -25 67 0
-5 41 -50 0
36 46 -52 0
55 -86 91 0
-27 -35 57 0
6 28 -91 0
-1 6 -64 0
5 -21 74 0
29 -45 51 0
7 -33 -84 0
8 -15 41 0
25 -56 0
-31 80 86 0
-13 -23 34 0
49 61 -66 0
-5 -64 0
-1 6 52 0
-50 -59 82 0
12 -62 -86 0
7 30 -52 0
-6 79 0
58 66 88 0
21 36 84 0
18 -21 -34 0
-18 -39 58 0
-17 56 -66 0
-39 80 88 0
36 51 -54 0
31 -64 84 0
9 11 -83 0
18 -25 -59 0
-6 -17 56 0
-26 65 -66 0
-44 -74 82 0
28 87 0
-31 65 -85 0
84 90 0
16 75 0
-41 -62 -87 0
27 -48 56 0
-49 64 89 0
42 -53 -68 0
-53 -75 0
-15 18 81 0
-39 -48 -83 0
-33 37 -51 0
5 -78 -79 0
-17 -55 69 0
13 52 -83 0
-17 -27 -29 0
28 -37 0
3 -9 -76 0
-8 -52 -53 0
-34 66 0
8 42 57 0
-29 -43 -61 0
35 -36 81 0
38 -44 0
56 -77 -79 0
-11 -19 -40 0
-3 -39 -75 0
-16 74 0
-13 -90 0
-7 -37 48 0
-64 80 -82 0
-17 32 -55 0
-6 28 71 0
-32 -62 -76 0
-55 -70 -88 0
13 -24 -38 0
9 44 72 0
-7 67 -79 0
33 -65 -86 0
-57 -59 -60 0
-16 25 -76 0
-7 -10 -56 0
-22 -56 -58 0
-15 -23 56 0
-59 -85 -88 0
13 49 62 0
-54 -81 83 0
10 -71 0
-43 50 82 0
-8 48 -67 0
15 -88 -89 0
55 -73 0
-64 -77 0
17 -68 0
15 -23 0
-34 48 -65 0
-10 16 70 0
-56 -87 0
-29 -74 83 0
-23 41 61 0
4 -62 -87 0
17 -27 -29 0
11 -30 55 0
-26 53 0
-26 27 76 0
7 -55 0
22 66 84 0
10 18 -72 0
15 -41 -85 0
15 -17 82 0
22 -24 44 0
22 54 61 0
37 -74 77 0
4 -7 -38 0
-50 71 -83 0
34 41 0
24 -31 -49 0
-2 16 45 0
-18 -42 64 0
5 -74 -87 0
-33 -74 78 0
27 46 -57 0
9 -83 86 0
33 69 0
-24 53 -88 0
4 -58 71 0
-35 -85 0
8 83 -85 0
-19 58 66 0
6 -71 0
8 -33 -51 0
-2 -39 81 0
-2 27 90 0
31 -50 80 0
-47 57 64 0
32 -44 46 0
9 14 -49 0
-25 68 -89 0
-27 35 -69 0
-7 10 -90 0
13 -36 74 0
7 20 63 0
9 22 -45 0
-4 -28 90 0
39 42 91 0
-6 -46 -53 0
45 -68 -79 0
-21 48 55 0
8 28 -56 0
19 60 70 0
-41 44 -89 0
8 -20 -36 0
4 45 57 0
5 -71 -91 0
12 69 -76 0
-7 13 90 0
13 -32 84 0
-15 47 -67 0
22 38 -44 0
-44 -58 -82 0
-16 -67 80 0
-44 -51 -60 0
8 22 37 0
4 23 -64 0
-12 -31 -57 0
40 73 -83 0
-33 50 -69 0
26 -48 -63 0
15 56 -84 0
-62 -63 -67 0
-16 -40 -87 0
18 66 0
-66 -76 0
3 -13 43 0
26 -41 -85 0
52 72 91 0
-4 52 58 0
1 -35 -61 0
8 28 -76 0
71 78 0
1 62 -71 0
18 54 67 0
-32 44 63 0
40 -56 62 0
8 10 0
2 48 79 0
1 32 -48 0
18 23 29 0
31 50 73 0
-14 33 72 0
72 -79 0
8 33 84 0
9 -23 56 0
-2 -23 -54 0
14 48 -84 0
-21 54 86 0
-11 -45 74 0
26 -86 0
-10 -15 -25 0
-10 -23 -56 0
10 33 49 0
-15 17 -60 0
24 30 74 0
-7 -61 89 0
-46 -52 80 0
28 32 -82 0
27 80 0
-47 49 78 0
26 -57 0
-55 69 0
-9 -66 90 0
57 -59 0
-8 -9 54 0
19 29 0
17 -46 -65 0
-63 -69 -73 0
46 57 68 0
-33 -42 -91 0
19 -20 73 0
43 -44 70 0
21 -58 -66 0
-19 -29 -90 0
28 62 0
-5 -15 70 0
-40 72 75 0
13 -34 -85 0
39 -65 -77 0
5 -34 -65 0
50 -53 -84 0
-30 -54 60 0
26 89 -91 0
-46 -47 -79 0
-17 -32 77 0
29 -34 62 0
-48 58 -65 0
9 -40 -63 0
