p cnf 87 338
-23 -35 -51 0
21 -43 -52 0
-13 -43 -57 0
21 -46 0
9 51 76 0
-56 -73 78 0
25 -51 0
10 -87 0
6 10 23 0
6 -31 -65 0
-20 28 45 0
-48 75 -81 0
-17 40 -74 0
-24 -49 -52 0
-15 -57 -59 0
24 40 42 0
20 22 -73 0
-7 35 -70 0
22 35 52 0
34 84 -86 0
27 -39 50 0
4 62 79 0
-51 -84 87 0
32 -81 0
-34 -87 0
-32 51 0
-62 73 84 0
-5 29 -72 0
-22 -37 67 0
42 64 86 0
4 76 83 0
-33 68 87 0
15 -45 59 0
-21 40 84 0
-74 79 -82 0
2 58 0
-15 -82 0
2 37 64 0
1 -63 -85 0
-58 72 0
-21 -52 55 0
15 -56 -85 0
-2 -5 81 0
-9 -10 -82 0
14 -24 -81 0
42 -46 55 0
-9 26 54 0
-1 13 -41 0
-3 45 79 0
4 -14 37 0
-47 59 62 0
-2 -29 77 0
64 74 0
-56 -72 0
-7 32 -50 0
49 73 79 0
-42 -64 72 0
-34 -54 63 0
-18 -37 57 0
-16 24 -42 0
-9 47 0
-6 22 -51 0
-5 28 -81 0
-38 -54 -69 0
3 15 -70 0
10 34 -75 0
-38 -43 -57 0
40 58 72 0
-9 26 40 0
24 -35 61 0
60 70 75 0
-16 19 80 0
-26 -84 86 0
-6 9 66 0
23 -32 -53 0
28 37 53 0
38 -63 -66 0
-20 68 87 0
-20 -36 -63 0
-19 -67 0
-47 -57 -69 0
-1 -41 -59 0
11 -18 -22 0
-3 18 58 0
-23 51 59 0
23 46 51 0
-35 -57 72 0
-11 31 -87 0
32 -50 84 0
12 63 0
-15 -54 0
12 -32 -77 0
-23 37 -76 0
-21 49 75 0
-9 33 -68 0
14 33 0
25 -61 64 0
6 -18 0
40 -74 -79 0
-28 -60 -81 0
-12 21 41 0
49 -81 0
-13 -63 -75 0
18 -24 35 0
-12 85 0
51 63 0
-50 -75 0
50 -61 74 0
-25 58 70 0
-45 -62 0
-30 73 86 0
-3 -9 -42 0
-55 71 77 0
6 -22 -60 0
-16 -87 0
-10 -43 44 0
8 11 72 0
-27 56 85 0
-16 18 44 0
16 -42 87 0
5 28 -57 0
-22 59 -80 0
1 -18 -27 0
-3 28 38 0
26 75 0
17 25 41 0
25 77 -79 0
-19 42 44 0
-18 -76 0
-14 -22 38 0
24 31 -59 0
-31 -43 68 0
62 87 0
-51 72 0
-43 65 79 0
14 58 -80 0
28 56 87 0
-36 -80 0
28 -66 71 0
23 39 -77 0
6 -48 85 0
29 -38 -41 0
9 -22 28 0
-10 19 -83 0
-19 -44 0
-16 -20 0
20 53 -71 0
-13 -72 85 0
8 34 -76 0
-40 -43 76 0
20 51 -77 0
4 6 12 0
25 -73 87 0
1 24 86 0
41 63 -69 0
-11 76 81 0
-54 87 0
9 -32 86 0
17 53 0
-6 -78 0
37 -68 86 0
-16 -46 0
2 -61 69 0
28 -62 0
-12 -25 -67 0
21 -67 -78 0
18 22 66 0
56 64 0
-16 -23 0
8 71 -72 0
-40 64 0
-41 47 -82 0
-13 -26 -55 0
-7 11 41 0
-5 -46 -68 0
-8 -57 -66 0
17 -46 85 0
53 72 -74 0
-11 62 71 0
-50 60 -87 0
-2 9 65 0
-23 45 -79 0
24 -54 77 0
22 -40 -67 0
-16 -24 -42 0
2 -73 -76 0
-11 29 -32 0
36 71 0
-49 81 84 0
-51 -75 -80 0
-30 -36 52 0
-1 73 -76 0
-17 -38 -42 0
-22 64 71 0
15 -67 71 0
-7 -42 -68 0
-24 42 -71 0
-45 60 81 0
25 -29 -73 0
-18 24 -28 0
25 37 56 0
36 59 68 0
-36 -60 -66 0
9 -69 -82 0
-3 22 77 0
-4 43 -47 0
23 51 -87 0
8 -9 46 0
-18 25 0
10 63 -80 0
44 59 -72 0
45 -46 -68 0
-7 22 23 0
-1 -69 -78 0
-61 -74 87 0
-42 -50 -60 0
-47 50 55 0
6 -8 13 0
-34 62 66 0
6 -46 56 0
1 -12 69 0
-13 60 76 0
-4 27 0
-7 -23 86 0
14 59 -86 0
69 -77 -79 0
11 -27 -29 0
-41 -80 83 0
-24 78 79 0
-12 39 73 0
-13 61 -86 0
-15 37 39 0
-45 -71 0
42 -47 83 0
-5 35 -45 0
-15 60 0
-17 45 -56 0
-4 31 48 0
-6 73 75 0
18 44 59 0
5 68 -73 0
-24 51 87 0
-13 -40 60 0
-8 62 0
-74 85 0
-8 -58 -75 0
20 49 77 0
45 59 70 0
8 80 0
-52 84 0
-4 -34 0
35 -58 75 0
-21 65 0
1 -58 79 0
46 -69 -79 0
22 -59 -79 0
39 -54 -64 0
-32 -38 41 0
43 48 54 0
-1 -10 -67 0
-8 18 62 0
-29 30 -53 0
-43 -67 -71 0
6 -54 81 0
4 37 -54 0
11 -65 -81 0
-28 -29 55 0
43 60 -84 0
20 -56 -70 0
-27 63 0
7 -54 -65 0
-34 68 -71 0
28 40 -79 0
-2 53 57 0
-9 34 -42 0
-61 62 -87 0
10 -26 -60 0
16 40 -57 0
-3 -4 -35 0
10 -22 -25 0
34 68 0
55 64 -69 0
-9 16 -84 0
-23 -72 83 0
-5 10 -44 0
-4 -15 38 0
17 -63 -77 0
-24 47 76 0
11 45 76 0
-25 53 -60 0
45 -61 67 0
3 78 83 0
-40 -41 -56 0
6 38 -39 0
2 -38 -47 0
-19 43 -47 0
-6 -55 -77 0
-6 -13 -55 0
-27 -60 0
9 -10 0
39 53 72 0
20 69 -86 0
-10 -51 86 0
32 -42 44 0
-27 76 -81 0
-69 83 0
-7 18 -85 0
7 -15 -73 0
21 40 0
12 -35 58 0
14 -52 73 0
9 -53 -85 0
8 -29 57 0
-53 64 0
2 16 0
6 -35 71 0
-1 -64 -83 0
-16 63 -73 0
68 -76 0
-1 -15 53 0
-21 26 -78 0
54 -76 79 0
1 -20 59 0
61 -64 80 0
1 40 -58 0
15 18 -80 0
-4 -61 -75 0
-54 -58 -75 0
26 -49 -59 0
-28 55 -85 0
-49 61 67 0
-16 39 40 0
-15 -77 84 0
23 -30 -79 0
19 50 52 0
10 -12 -76 0
-40 -70 79 0
39 -61 -74 0
