p cnf 70 224
8 11 -57 0
-40 -56 0
18 28 -39 0
38 46 58 0
-23 27 67 0
-17 32 -52 0
5 63 66 0
25 49 55 0
18 -69 0
24 53 55 0
29 41 0
-10 12 57 0
-2 21 -25 0
-11 -24 -48 0
46 58 62 0
8 26 51 0
6 14 -56 0
-11 43 0
-14 65 0
26 -44 0
24 -27 -69 0
-6 19 37 0
-36 -39 55 0
15 -48 -53 0
-8 -37 -68 0
-1 -14 41 0
-3 49 -54 0
6 18 0
7 -65 0
38 66 0
-20 37 -70 0
-34 68 0
11 25 -30 0
-12 -50 -67 0
13 -60 69 0
50 67 0
6 -13 -23 0
33 -68 0
57 -64 0
12 19 57 0
19 -35 0
31 43 0
12 40 -51 0
18 -42 0
-1 -23 0
-28 -41 50 0
-9 -34 63 0
3 66 0
6 31 62 0
-27 50 0
-14 -38 -69 0
-24 -40 0
13 -29 56 0
12 22 -37 0
32 54 0
-8 27 -62 0
-59 -67 0
7 32 57 0
-10 -49 0
53 -62 -68 0
-8 18 -63 0
12 51 0
22 46 0
-18 -28 -68 0
44 -45 0
-22 -28 0
-15 42 0
-9 24 -56 0
37 43 0
-26 31 0
42 -68 0
-26 -44 55 0
41 -46 49 0
-29 51 64 0
41 55 0
13 -62 69 0
-21 31 56 0
-25 -64 65 0
-13 -38 39 0
-28 -37 -38 0
-8 60 67 0
-16 -19 0
-23 40 0
22 -59 -65 0
-1 32 -50 0
-20 -45 -68 0
35 43 -58 0
-11 -49 -61 0
-1 -9 -35 0
18 -45 0
61 -64 69 0
-21 45 0
-3 26 0
39 54 0
23 57 0
-7 -70 0
-10 -23 39 0
-30 -34 57 0
14 -15 -58 0
16 40 -64 0
-11 30 -70 0
-25 -30 -50 0
8 47 -58 0
-10 46 0
17 -55 -60 0
-49 -58 0
25 63 0
-10 -39 -49 0
-31 60 -70 0
-30 -40 65 0
12 -64 0
-8 48 62 0
22 -47 0
-39 -58 0
18 62 0
-9 18 40 0
-2 -32 61 0
-17 29 0
19 50 0
-1 44 -50 0
-48 61 0
35 -68 0
-9 17 -28 0
-10 33 0
-3 -36 0
-13 -69 0
-9 19 -53 0
1 14 -43 0
39 66 0
-17 -48 0
52 60 0
-45 50 0
-32 49 0
-27 43 -55 0
58 -62 0
11 19 0
3 22 -70 0
9 24 -46 0
19 -49 0
-10 -11 0
-1 -8 0
4 -26 35 0
-18 -26 0
32 38 0
-7 -36 -58 0
8 60 0
48 55 0
22 -34 36 0
1 7 11 0
23 34 -47 0
6 -12 65 0
23 25 -69 0
-26 -36 61 0
-16 21 -59 0
55 -62 0
10 46 0
-61 64 0
64 -68 0
-1 26 52 0
21 54 -62 0
57 67 0
5 -27 -32 0
-13 25 62 0
-2 43 66 0
4 56 0
1 -4 -28 0
-8 11 -46 0
-35 58 61 0
22 -52 -55 0
15 22 -39 0
4 14 42 0
-13 14 0
-4 -31 0
33 -62 0
-17 -42 66 0
34 61 0
-9 -35 57 0
-14 -15 69 0
-17 -56 0
38 -64 0
6 42 0
-5 -15 0
-3 13 -24 0
-5 66 68 0
45 -58 67 0
54 -58 62 0
-2 -35 62 0
5 -34 0
1 6 0
22 35 0
-17 37 -58 0
7 18 44 0
-2 -5 -13 0
59 70 0
18 30 -40 0
1 -29 53 0
22 -54 0
12 -52 0
60 -66 0
-48 -68 0
20 -41 0
19 24 0
-13 -38 -70 0
22 -61 0
-10 40 -41 0
-10 -31 56 0
-36 52 0
-29 -36 58 0
-31 -52 62 0
-36 47 -64 0
-19 66 0
-10 68 0
-12 19 -55 0
-5 18 0
-56 -58 0
-32 -33 48 0
32 39 43 0
-42 -48 59 0
16 19 -69 0
42 -57 0
36 39 -43 0
-9 46 49 0
-6 37 0
24 61 0
