p cnf 89 323
-14 19 82 0
45 60 -69 0
15 -26 -44 0
11 -50 -88 0
35 63 -71 0
-24 -31 0
19 -58 82 0
25 -33 0
5 20 47 0
44 -60 62 0
-47 -50 68 0
19 30 55 0
-7 53 0
-6 18 -37 0
-10 -72 -79 0
29 -48 -53 0
10 12 77 0
-7 51 54 0
8 47 0
-9 68 0
-29 -47 -56 0
-11 -48 66 0
-33 -36 41 0
-2 25 -49 0
59 71 -77 0
41 -63 70 0
-1 5 72 0
-45 88 89 0
-30 38 -83 0
4 18 -61 0
-43 -56 -83 0
-29 -31 0
-31 -44 74 0
-1 -44 57 0
39 79 0
4 -7 15 0
19 25 35 0
5 43 -82 0
12 -52 -74 0
7 69 79 0
51 -60 -64 0
17 -26 -53 0
21 56 -81 0
13 -20 55 0
-56 -57 -81 0
32 36 39 0
-53 -73 -75 0
13 -37 80 0
16 36 88 0
41 -50 64 0
-1 41 -81 0
-47 -82 -87 0
-13 -81 0
-28 51 70 0
7 -69 -80 0
7 -44 -67 0
28 45 -62 0
39 50 -60 0
2 28 29 0
-19 -61 -79 0
-33 53 0
24 -41 56 0
14 -84 -85 0
8 22 -28 0
11 16 -63 0
46 -47 65 0
25 49 -57 0
3 39 65 0
1 -56 68 0
-2 16 -34 0
15 50 54 0
-6 -73 0
-19 -27 71 0
-35 -88 0
33 68 71 0
-19 -51 54 0
24 -34 -80 0
-8 11 29 0
-26 27 -78 0
-25 -74 82 0
63 64 82 0
4 -55 -64 0
23 42 67 0
39 66 76 0
24 37 -39 0
-33 -64 -72 0
-11 73 74 0
-9 15 -38 0
9 34 -80 0
1 8 -82 0
-26 50 63 0
-10 -76 -82 0
11 -36 66 0
59 77 -79 0
-6 30 -85 0
-18 -22 28 0
11 -44 61 0
29 -68 88 0
-4 -12 28 0
-15 21 -25 0
1 -19 82 0
-41 58 -62 0
-52 61 71 0
-11 -15 64 0
3 19 -55 0
23 -52 -54 0
-35 66 80 0
-24 -64 0
-18 -63 -82 0
-45 46 80 0
-21 27 69 0
29 57 0
-11 32 81 0
17 -22 84 0
-2 34 -58 0
65 81 0
15 -32 -66 0
-2 -74 0
-8 -30 42 0
74 -79 -80 0
55 -72 0
-59 78 0
10 77 0
-12 59 -73 0
-38 62 -63 0
27 -70 -72 0
45 -54 -87 0
16 -30 -72 0
-40 -50 0
-25 83 0
-6 -28 50 0
25 64 83 0
-22 25 0
-4 22 56 0
-42 84 0
-2 8 -72 0
-16 22 88 0
-2 18 51 0
-17 31 0
19 -20 0
22 26 -37 0
29 -33 67 0
-33 -34 60 0
19 -70 -87 0
-36 -44 87 0
1 11 -29 0
-22 -63 89 0
-3 4 26 0
24 -46 51 0
-4 76 -89 0
5 27 43 0
23 -34 77 0
34 55 71 0
7 -25 73 0
-13 -30 -35 0
8 48 -61 0
-38 -40 59 0
29 -66 0
28 70 0
-37 57 -72 0
-50 52 75 0
-29 71 80 0
5 44 -69 0
-60 -78 -80 0
-24 41 73 0
5 -41 -53 0
1 74 -78 0
31 37 56 0
-35 -81 0
-34 44 46 0
6 -12 79 0
-16 -22 31 0
-16 52 78 0
-13 -47 73 0
-39 -67 75 0
-1 53 78 0
-59 64 -76 0
38 78 0
22 31 71 0
-11 22 86 0
14 16 67 0
-38 60 64 0
13 -32 -43 0
-24 48 -60 0
5 -12 35 0
-18 -61 -68 0
51 -66 88 0
64 -70 -85 0
-11 38 50 0
1 -18 80 0
18 -46 -73 0
-22 -27 70 0
53 -83 -89 0
5 -15 -36 0
-4 7 -35 0
-20 -76 0
43 64 -66 0
-76 -86 89 0
53 -76 81 0
-51 -63 83 0
-31 59 0
-3 15 23 0
32 68 75 0
-37 78 -84 0
-41 -76 85 0
-69 -71 89 0
-28 80 0
14 16 -76 0
-19 25 80 0
-46 49 -76 0
44 -67 0
14 54 -84 0
-4 73 83 0
-4 30 -84 0
-24 43 67 0
-38 57 72 0
2 4 -61 0
-16 38 65 0
-6 -56 -84 0
14 -35 -38 0
69 -75 0
5 -80 0
55 -67 68 0
33 -47 -76 0
36 -73 85 0
-28 -76 85 0
10 50 83 0
3 -39 -52 0
-5 52 57 0
69 72 86 0
-43 57 79 0
60 -75 0
-57 79 84 0
41 -50 67 0
4 -75 82 0
53 68 -82 0
1 40 -55 0
-1 45 -85 0
-20 45 48 0
-35 74 -89 0
-39 -75 81 0
4 22 -78 0
11 -42 -46 0
48 -62 82 0
4 -53 81 0
-31 50 -52 0
3 58 78 0
-1 -8 -29 0
-10 -40 -86 0
30 -32 -66 0
-13 19 -45 0
-56 -59 -63 0
49 51 84 0
38 45 0
32 42 71 0
22 -29 -31 0
-25 55 73 0
3 -7 -46 0
8 -14 -79 0
11 -15 -39 0
-35 -39 -71 0
-26 45 -50 0
43 45 0
53 -80 86 0
-25 26 -44 0
-13 -41 -59 0
-20 23 28 0
-1 43 64 0
59 -82 -83 0
26 -81 0
15 -58 -65 0
-28 -57 78 0
7 -51 -60 0
-3 61 -87 0
-12 52 -78 0
-35 -55 67 0
-2 89 0
1 83 -85 0
-10 -79 0
28 -37 -67 0
5 52 58 0
-53 65 76 0
-9 -48 -64 0
-7 44 0
14 -27 33 0
-36 -37 56 0
41 -65 0
5 13 -53 0
35 -78 -85 0
-15 28 29 0
-5 20 51 0
4 -6 61 0
-26 -79 -83 0
-17 -19 -48 0
16 25 -64 0
19 -43 65 0
40 -41 -85 0
4 36 -86 0
-3 -11 51 0
-13 17 -32 0
-25 -53 58 0
2 20 -23 0
-54 -72 -85 0
-30 46 62 0
-61 -81 0
4 9 -85 0
41 -57 75 0
-11 -33 56 0
50 51 0
66 -76 0
3 -15 81 0
-20 72 78 0
-14 -24 0
16 -48 -88 0
-5 28 -84 0
-16 56 0
-14 -29 -61 0
56 70 83 0
-37 -46 -63 0
-4 40 76 0
-54 -63 72 0
32 -34 -37 0
25 -30 45 0
