p cnf 91 341
-25 52 -75 0
-11 39 -57 0
-23 42 75 0
15 -25 -76 0
-56 87 0
46 -85 -90 0
13 -45 62 0
-3 12 -46 0
78 -79 81 0
-1 -25 -88 0
-28 53 65 0
-3 51 -53 0
-29 57 83 0
-4 -44 70 0
-25 73 -85 0
-11 -42 44 0
-27 -37 -68 0
-69 73 84 0
-25 51 0
-4 55 -89 0
-6 70 0
-1 36 91 0
-3 11 71 0
49 53 -59 0
18 -27 -74 0
35 70 76 0
53 -67 -78 0
-21 -26 68 0
2 42 79 0
-52 -69 -78 0
18 37 -85 0
56 -66 -75 0
27 -74 77 0
-12 -75 76 0
-6 13 -76 0
-33 -61 66 0
35 -79 0
3 -71 79 0
-27 74 75 0
43 50 -91 0
-3 -42 65 0
-9 -64 -81 0
-45 -60 -63 0
-5 -19 -89 0
-83 -86 89 0
-18 -50 60 0
-13 -47 -49 0
52 -62 -83 0
11 -29 60 0
-56 65 75 0
-9 -17 -53 0
6 32 -69 0
-5 10 14 0
48 -60 0
-2 -38 0
30 -60 -86 0
-6 36 51 0
-17 -18 -52 0
-14 -69 -91 0
9 -38 82 0
-29 81 -86 0
-23 61 -78 0
21 -24 -34 0
-25 69 0
-47 52 -54 0
33 -35 66 0
42 63 -91 0
-1 -35 43 0
-16 59 -61 0
22 -30 59 0
22 -59 -62 0
-10 40 -75 0
-26 -31 38 0
-30 33 36 0
4 -73 80 0
1 44 58 0
-22 45 47 0
40 62 68 0
-26 -73 -81 0
-29 48 -55 0
-1 -25 75 0
45 -52 -70 0
58 70 73 0
28 34 74 0
-32 -57 79 0
-4 -43 47 0
-24 47 0
-27 -32 -63 0
-7 42 -82 0
-9 22 65 0
21 65 -71 0
-7 31 -43 0
28 -37 -91 0
7 48 -49 0
-10 20 29 0
11 22 59 0
-55 -70 88 0
34 -57 71 0
3 22 0
-52 -70 71 0
33 -72 89 0
20 35 -79 0
-47 75 91 0
-34 62 81 0
53 -62 84 0
28 -54 -55 0
-2 -55 -76 0
12 -50 -73 0
-34 35 -50 0
35 -39 68 0
-42 59 70 0
9 -88 0
-8 -30 59 0
-3 -64 0
-7 31 74 0
-14 -49 73 0
-15 -39 -50 0
1 26 -35 0
-10 -26 56 0
-36 44 0
46 75 -81 0
-19 55 83 0
-48 71 83 0
-51 86 0
-7 -22 -29 0
-6 -50 68 0
47 -55 59 0
24 56 91 0
-3 47 -75 0
7 38 -42 0
-34 -44 -64 0
1 33 -54 0
2 -7 -32 0
66 -80 0
-20 32 58 0
-6 25 -54 0
35 -83 0
-8 -14 60 0
-6 37 -83 0
48 76 78 0
-1 74 0
42 49 -51 0
-3 -56 79 0
-11 -35 60 0
10 87 -90 0
-18 32 84 0
30 -51 -73 0
30 -38 75 0
21 -28 88 0
31 62 85 0
11 -31 41 0
7 82 0
-11 52 0
-38 -44 46 0
-4 -16 27 0
9 18 -46 0
-1 49 -53 0
-46 -89 90 0
-60 67 85 0
-5 -60 69 0
16 33 -59 0
-51 78 85 0
-1 22 30 0
28 40 -75 0
-5 -27 -71 0
33 50 -72 0
5 38 -57 0
35 54 55 0
-7 -34 0
-14 -65 -69 0
37 66 72 0
38 -47 52 0
1 57 72 0
-8 -61 89 0
-68 78 0
-11 -18 25 0
53 -75 0
48 52 -64 0
36 54 -74 0
20 -33 -36 0
-22 37 88 0
-6 -8 -18 0
-1 -45 -74 0
-4 -73 -83 0
20 -33 0
-2 29 60 0
1 -24 -44 0
22 -89 0
-24 43 58 0
-62 75 -84 0
-2 42 -58 0
19 -27 49 0
15 79 0
12 28 -48 0
40 67 -86 0
-11 -18 86 0
29 32 -75 0
65 85 91 0
-26 -45 68 0
9 -40 67 0
-29 76 -88 0
12 -28 46 0
7 74 82 0
58 64 -69 0
-6 73 90 0
34 79 88 0
3 47 -59 0
-40 85 86 0
-4 -18 -70 0
20 -61 79 0
16 -52 -75 0
10 60 91 0
-12 -32 0
-20 -56 78 0
-29 67 73 0
27 -46 70 0
-2 71 0
-4 -33 56 0
1 60 -72 0
-30 74 75 0
25 55 -87 0
12 -61 -80 0
33 -81 83 0
-45 -74 0
26 49 64 0
52 72 -89 0
68 83 -88 0
-60 76 0
-2 -10 50 0
-21 44 0
-7 38 0
25 -27 -53 0
-22 -37 0
31 77 0
-7 46 64 0
56 64 65 0
26 -61 -79 0
-35 -69 -91 0
-9 -14 -36 0
-44 65 -66 0
29 -74 -81 0
1 69 82 0
-9 78 81 0
-3 23 47 0
-29 -47 62 0
-23 -24 30 0
-44 64 -91 0
6 -34 83 0
10 -43 57 0
-16 49 69 0
1 -29 -40 0
-9 53 61 0
25 34 43 0
-41 89 -91 0
38 56 62 0
5 66 0
-22 -42 73 0
7 12 53 0
50 77 0
-7 -66 -74 0
-34 -74 91 0
-6 39 66 0
55 -64 76 0
39 -49 78 0
5 -11 61 0
-60 -76 84 0
17 29 -90 0
-12 -73 -91 0
20 -66 68 0
-48 -69 0
-66 -79 -89 0
23 -51 65 0
13 -23 -81 0
-3 41 -60 0
23 24 -33 0
13 -18 36 0
-7 -20 72 0
30 49 -52 0
38 73 -88 0
-40 -45 50 0
2 -7 20 0
48 61 -86 0
-27 -61 75 0
63 -72 -80 0
40 51 -82 0
-4 47 -84 0
-8 15 -89 0
-23 -56 81 0
27 -58 62 0
44 82 0
-32 -52 61 0
-46 78 79 0
22 -41 -74 0
15 -69 82 0
-2 17 65 0
5 6 0
-43 -61 71 0
-20 -50 -82 0
32 77 0
-2 7 56 0
15 -29 0
17 31 65 0
-15 29 -81 0
66 -68 0
-12 68 -90 0
-27 -39 -66 0
-15 25 -30 0
-25 31 -64 0
-18 -59 91 0
20 59 67 0
6 -39 82 0
-8 -33 90 0
12 45 -61 0
5 -64 74 0
18 -58 -64 0
-12 -34 -51 0
-2 22 -76 0
-14 15 -74 0
-28 35 0
-40 -87 0
29 -69 71 0
-37 -42 84 0
5 -22 65 0
-16 52 66 0
-9 12 50 0
-9 45 -65 0
11 75 91 0
16 -23 74 0
-64 73 0
3 -30 41 0
-20 68 -91 0
15 41 63 0
45 65 74 0
18 -25 -37 0
12 51 0
-1 24 -69 0
-29 65 -86 0
-2 24 61 0
75 86 89 0
19 21 87 0
-48 -52 91 0
