p cnf 89 336
-69 -85 0
-16 30 67 0
-3 15 34 0
-26 70 0
27 -43 -86 0
2 23 -49 0
-25 27 54 0
14 41 -52 0
-18 -22 -53 0
36 63 86 0
13 24 -60 0
-37 -88 0
-31 33 75 0
4 24 62 0
3 58 -60 0
20 75 0
-12 -24 -82 0
22 -23 57 0
50 73 76 0
82 -88 0
-8 21 -26 0
29 -68 0
-17 -22 -70 0
-17 42 -55 0
52 -61 67 0
39 65 66 0
-1 -73 74 0
-32 -54 -65 0
5 85 0
25 -36 0
59 -84 -87 0
18 -28 -31 0
1 -18 -89 0
-25 38 -82 0
11 -15 -89 0
16 -30 -62 0
18 61 -87 0
-34 -66 89 0
-53 80 0
-21 26 86 0
-11 -19 51 0
9 35 61 0
-11 -60 0
-18 41 0
27 28 -86 0
-13 53 55 0
58 -69 -70 0
-32 62 -71 0
52 -54 -60 0
3 48 65 0
10 -75 79 0
-25 28 83 0
7 20 29 0
-9 -44 48 0
-9 41 -84 0
36 53 83 0
-37 -46 -56 0
-25 -51 81 0
2 5 -22 0
38 65 0
20 -37 79 0
-5 57 0
-40 -55 74 0
-73 76 -84 0
15 34 0
-19 -25 -68 0
-12 -43 73 0
-6 63 76 0
-9 24 42 0
-10 -16 -26 0
9 63 0
34 -49 -75 0
-13 -19 72 0
4 26 66 0
-4 9 82 0
46 -49 64 0
17 -20 -67 0
-14 -20 66 0
-36 -53 89 0
3 -31 67 0
13 31 53 0
-17 -73 -85 0
15 42 -85 0
-20 -86 0
-58 -80 89 0
-2 38 -73 0
-4 -77 -88 0
-22 -71 -86 0
11 40 59 0
-64 71 -80 0
31 -41 45 0
-31 -34 46 0
-20 -86 89 0
21 -67 78 0
-6 53 0
13 -15 0
-12 -35 -39 0
-21 56 0
-24 -46 53 0
-38 40 50 0
-16 -63 -80 0
-62 75 -77 0
-27 -44 72 0
44 -51 67 0
29 75 -80 0
15 -35 -65 0
-49 67 77 0
-41 56 85 0
28 48 57 0
-31 -56 57 0
1 -66 84 0
54 67 87 0
17 -55 72 0
4 -63 83 0
74 -87 0
-2 -62 82 0
-12 21 29 0
21 33 0
31 -34 41 0
8 65 81 0
56 59 83 0
49 64 -88 0
9 31 60 0
-51 -63 -83 0
-11 31 -59 0
-6 67 76 0
19 24 71 0
-29 31 77 0
1 64 86 0
-65 83 0
-24 -25 -66 0
27 35 -79 0
34 -68 87 0
-8 19 65 0
30 -47 75 0
22 62 0
-30 -58 -63 0
-30 -49 -89 0
6 19 67 0
3 -15 -83 0
14 -20 0
47 58 85 0
-24 -65 0
35 36 69 0
-16 61 63 0
5 28 41 0
7 -35 0
51 -70 75 0
3 -73 -88 0
19 41 73 0
-29 53 -74 0
-20 -74 81 0
-15 27 -50 0
7 -48 -77 0
1 15 -34 0
-34 69 70 0
-9 -12 -65 0
-11 36 0
-9 73 0
-14 42 77 0
82 88 0
-27 -48 54 0
34 -42 -72 0
35 -37 0
-46 81 0
1 83 0
1 9 -71 0
13 -32 -79 0
-15 26 43 0
-5 27 -52 0
-44 -53 -80 0
-26 -28 41 0
10 -61 -76 0
59 76 0
24 -72 86 0
-38 -61 80 0
3 10 -29 0
-4 16 54 0
9 58 89 0
35 75 0
8 28 -64 0
-3 4 11 0
-14 -15 -49 0
33 34 -43 0
24 -49 -69 0
49 71 -88 0
4 67 82 0
-19 -66 -72 0
-36 -60 88 0
-4 35 -75 0
-9 58 67 0
-13 38 58 0
3 -16 -51 0
19 81 83 0
9 -47 -48 0
6 -33 -89 0
-13 53 -66 0
6 -26 59 0
24 68 0
17 -25 28 0
20 44 -60 0
18 -48 0
13 -25 -42 0
-42 43 -81 0
12 29 -45 0
-27 -31 78 0
-20 50 71 0
-3 25 -87 0
-50 -83 0
21 59 70 0
8 -29 -53 0
37 48 -64 0
7 19 -69 0
32 62 70 0
-1 12 70 0
-5 -19 72 0
-16 67 0
-30 -35 84 0
-5 -40 0
-3 -30 -61 0
34 56 0
-27 -65 83 0
-15 -51 -70 0
51 52 -61 0
-5 13 -32 0
5 -58 -65 0
15 17 -78 0
-2 25 44 0
9 23 -30 0
-65 -81 -86 0
34 -50 80 0
4 -39 67 0
41 -44 -57 0
-12 21 63 0
55 56 85 0
-20 -71 -85 0
-12 42 78 0
3 -67 83 0
13 25 -44 0
-1 -49 74 0
19 -44 60 0
-12 -33 38 0
-13 56 62 0
8 -41 -47 0
28 31 -56 0
-7 -10 67 0
-21 49 86 0
2 11 0
82 -87 0
2 -44 -85 0
30 48 54 0
-12 22 -89 0
4 16 79 0
-9 74 87 0
4 -41 52 0
-31 66 77 0
-36 78 0
-24 25 55 0
-9 -56 63 0
-6 -37 89 0
-27 38 -72 0
-10 -80 0
-37 -83 0
-11 -14 48 0
14 -42 75 0
11 -18 -65 0
-16 56 0
-19 -55 -64 0
-4 -10 -78 0
43 -71 -88 0
50 58 -85 0
23 70 74 0
13 -23 26 0
8 -35 -85 0
-36 46 0
-28 67 -68 0
-49 78 0
48 81 -85 0
62 -70 -88 0
-49 51 77 0
-16 23 -37 0
-28 -39 -66 0
-38 -41 -51 0
-16 -64 0
51 87 0
42 60 -64 0
-20 -51 68 0
48 -61 66 0
-61 -63 65 0
11 -67 -89 0
-39 -44 58 0
12 -20 -55 0
13 30 67 0
4 13 38 0
29 -33 87 0
-10 83 -87 0
13 23 69 0
13 -38 -81 0
1 27 -84 0
-20 30 -72 0
8 -53 83 0
-22 -46 83 0
36 37 -64 0
20 -55 -76 0
-17 -34 35 0
4 62 63 0
17 88 0
-19 -32 0
69 -81 0
23 47 -65 0
-23 30 -79 0
-45 64 83 0
-1 87 0
9 23 25 0
-17 -83 0
-53 61 66 0
-7 11 -27 0
17 -33 -40 0
-17 -30 36 0
10 58 -61 0
59 69 76 0
-60 -75 89 0
3 10 15 0
-15 -57 68 0
-1 28 -84 0
-42 -59 88 0
24 -60 79 0
-12 24 30 0
41 -57 76 0
27 -75 0
6 -42 67 0
-18 40 0
-73 77 -89 0
26 -62 68 0
-4 44 -45 0
1 51 55 0
