p cnf 94 370
90 92 0
16 27 -34 0
-20 -55 -71 0
47 82 -89 0
7 52 0
-1 71 -73 0
-25 -51 -72 0
10 40 -41 0
-30 38 -51 0
-23 36 73 0
37 43 -87 0
-43 47 -54 0
25 63 84 0
-14 -50 59 0
-41 -54 77 0
22 -39 55 0
8 -71 85 0
-1 -35 -64 0
51 -57 -59 0
71 -85 -87 0
39 59 0
50 -62 0
-5 17 0
16 20 29 0
-72 -80 -82 0
-63 72 88 0
12 14 70 0
-35 46 75 0
-5 -10 -91 0
-12 -17 63 0
15 75 -86 0
-37 57 62 0
-23 -57 68 0
14 -63 0
-13 40 -49 0
43 47 51 0
53 -68 -86 0
6 -58 -92 0
-1 27 0
15 -28 56 0
34 74 -83 0
-44 -77 0
5 71 -75 0
-12 62 90 0
-6 -28 -77 0
-39 49 -86 0
-10 -17 51 0
1 19 -70 0
-59 65 78 0
42 45 58 0
50 91 0
-26 -32 -91 0
-24 -26 -74 0
7 37 42 0
8 27 80 0
-30 49 -85 0
18 30 -91 0
-28 -41 84 0
28 75 93 0
38 -51 64 0
-7 21 -72 0
-36 54 -77 0
26 -37 39 0
42 -48 56 0
-2 -76 84 0
15 47 -91 0
-18 -39 -48 0
-17 56 0
-4 31 44 0
7 -31 -52 0
-26 -60 -94 0
-11 14 28 0
34 -60 -73 0
14 28 -92 0
9 12 42 0
-44 -49 -72 0
-55 -57 -68 0
-2 35 73 0
17 -33 34 0
14 -25 -77 0
-49 69 -70 0
36 59 71 0
-47 -76 -94 0
-21 74 -78 0
46 92 0
-28 81 0
-27 41 -94 0
33 -77 -89 0
9 -49 -61 0
6 38 69 0
17 46 -71 0
-17 20 24 0
9 36 -81 0
1 -65 -84 0
-8 29 -91 0
18 21 31 0
15 -30 59 0
-22 -39 -71 0
-30 -39 -46 0
9 36 93 0
-4 -15 44 0
52 -68 -73 0
1 30 78 0
-19 -55 -57 0
-42 64 -80 0
-31 -38 0
-24 -63 89 0
-23 25 57 0
-30 -94 0
30 -63 -84 0
18 -46 83 0
-11 70 82 0
5 -54 -79 0
11 31 -61 0
-15 -54 -64 0
-33 36 -94 0
-22 30 57 0
45 75 -87 0
-35 -62 0
29 31 0
-40 -57 80 0
16 59 0
-2 26 -89 0
16 -18 -92 0
37 66 -86 0
-12 -65 -85 0
-13 -18 92 0
39 -75 0
10 -43 -58 0
35 -47 -60 0
-24 47 76 0
26 29 -94 0
-17 34 54 0
1 2 82 0
-45 74 -82 0
25 -36 80 0
5 14 -80 0
20 -32 -83 0
18 37 71 0
-9 -56 -93 0
-16 -78 -86 0
12 -58 -59 0
11 24 38 0
-15 17 -24 0
-34 57 -76 0
18 73 -77 0
33 67 -73 0
-29 51 -65 0
12 27 -56 0
40 53 57 0
33 -76 -94 0
84 88 -89 0
16 -17 86 0
-68 75 86 0
4 11 58 0
28 -33 -89 0
3 -91 0
23 33 -91 0
-4 -47 -69 0
12 39 71 0
-68 -76 0
22 41 78 0
4 37 38 0
-15 22 0
-44 -93 0
-24 -71 -78 0
-21 46 0
-15 -78 -86 0
-45 84 86 0
-1 -31 92 0
19 68 -87 0
31 64 -78 0
5 -65 -92 0
-23 -79 0
-43 -87 91 0
-27 -31 -48 0
-19 -62 77 0
15 -59 -90 0
17 -46 92 0
-23 -26 -52 0
40 54 90 0
19 46 49 0
15 52 -58 0
-84 87 0
7 22 89 0
-2 -42 44 0
-42 58 70 0
12 -24 -66 0
32 -80 86 0
10 -68 70 0
-9 -17 -35 0
-17 -29 53 0
27 -43 47 0
-1 -48 -59 0
3 -50 53 0
7 9 93 0
-25 -80 -88 0
-12 -39 64 0
10 20 0
-26 -71 78 0
-16 -50 76 0
-9 -55 -79 0
-23 -64 93 0
21 24 -79 0
30 51 65 0
-15 -17 85 0
3 11 -51 0
2 -62 -65 0
-1 23 -29 0
3 34 -92 0
6 -12 -53 0
-7 62 -70 0
-15 36 39 0
22 47 -48 0
11 60 78 0
80 82 86 0
-10 35 87 0
30 -43 53 0
-7 -37 -54 0
63 -74 0
-26 84 88 0
17 45 -71 0
20 -44 -62 0
-67 -76 85 0
-27 -35 -86 0
-40 -53 0
59 83 93 0
25 27 45 0
7 28 -70 0
46 74 -77 0
-9 -17 -45 0
-2 19 62 0
11 -52 -77 0
24 -46 62 0
-7 -20 50 0
-9 80 82 0
32 51 -91 0
22 70 0
33 -35 71 0
38 -40 -78 0
53 62 67 0
-16 -63 -69 0
22 26 74 0
-4 14 38 0
-10 -31 -62 0
46 58 91 0
4 -32 85 0
10 -28 46 0
68 -73 -77 0
8 -33 85 0
-31 58 -78 0
-70 -87 91 0
16 -37 55 0
-9 29 -44 0
43 -61 63 0
15 62 -90 0
16 41 -56 0
31 75 -89 0
-17 41 83 0
-35 -79 89 0
7 18 -22 0
5 9 -37 0
-1 -8 -46 0
30 -31 -85 0
-60 63 -85 0
-27 -54 -66 0
4 -43 76 0
-18 51 -81 0
3 37 -48 0
19 59 -60 0
-20 54 0
32 -36 50 0
-27 -70 -78 0
-58 87 0
-18 -57 -74 0
19 -42 -62 0
-27 -78 90 0
-74 80 0
29 63 -70 0
2 18 54 0
2 -4 10 0
1 5 80 0
-22 -47 84 0
-21 47 84 0
40 45 -89 0
39 -59 80 0
37 -48 -67 0
-7 -38 87 0
-39 -44 77 0
20 57 -80 0
52 -81 82 0
14 25 74 0
-40 65 88 0
24 -25 -89 0
-43 87 0
-7 -64 82 0
25 42 74 0
-35 -40 45 0
-19 -66 -77 0
1 37 91 0
-2 -48 -57 0
-52 -67 87 0
-31 -61 -68 0
10 64 92 0
6 -19 -20 0
-20 -67 93 0
-2 -67 -93 0
-30 32 -48 0
23 55 69 0
38 -92 94 0
25 -37 66 0
2 -43 79 0
-49 51 69 0
63 -72 89 0
2 32 -89 0
-29 -43 -85 0
-1 3 51 0
5 -12 30 0
15 33 66 0
12 -21 -65 0
-3 49 0
-28 60 77 0
-13 27 -79 0
10 -11 -49 0
24 28 46 0
-9 -74 -90 0
16 -33 71 0
-46 62 -84 0
20 21 -46 0
28 -49 63 0
18 -33 75 0
-36 66 73 0
11 29 36 0
-59 74 85 0
-6 34 -71 0
50 -69 70 0
-40 -44 67 0
55 -69 -71 0
52 -56 76 0
30 40 52 0
24 -28 81 0
7 -20 -66 0
10 71 -73 0
2 18 -38 0
5 -30 -35 0
-17 -56 -91 0
14 33 -84 0
-31 -42 47 0
31 -84 85 0
-5 28 -89 0
6 -15 -52 0
41 76 -86 0
29 -39 86 0
35 -37 60 0
16 -45 -57 0
-28 50 51 0
-20 54 92 0
34 47 -57 0
-40 83 86 0
-44 47 85 0
-26 31 -67 0
-17 -22 71 0
39 -58 63 0
-10 32 -83 0
2 -84 0
3 -43 -68 0
-34 -51 53 0
43 65 -84 0
2 43 56 0
-25 -30 -62 0
