p cnf 84 325
15 25 -32 0
-18 -50 -64 0
44 74 -81 0
-1 64 -66 0
9 37 -38 0
-21 33 66 0
34 40 -79 0
-40 44 -49 0
23 76 0
-13 -47 53 0
-38 -49 69 0
20 -36 50 0
7 -64 77 0
49 57 0
-52 -53 0
64 -77 -79 0
36 53 0
47 -56 0
-5 16 0
15 18 27 0
-65 -72 -74 0
11 13 63 0
-5 -9 -82 0
-11 -16 0
14 67 -78 0
-34 52 56 0
-21 -52 61 0
-12 37 -46 0
40 44 0
-61 -78 0
-1 25 0
14 -26 51 0
32 -75 0
-41 -69 0
5 64 -67 0
-11 56 0
-36 46 -78 0
-9 -16 0
1 17 -63 0
-53 58 70 0
39 42 0
47 82 0
-24 -30 -82 0
6 34 39 0
7 25 72 0
-28 46 -77 0
28 -82 0
-26 -38 76 0
26 67 83 0
-6 19 -65 0
-33 49 -69 0
24 -34 36 0
39 -45 51 0
-2 -68 76 0
14 44 -82 0
-16 51 0
-4 29 41 0
6 -29 -48 0
-24 -54 -84 0
-10 13 26 0
32 -54 -66 0
13 26 0
8 11 39 0
-41 -46 -65 0
-50 -52 -61 0
-2 66 0
16 -31 32 0
13 -23 -69 0
-46 62 -63 0
33 53 64 0
-44 -68 -84 0
-19 -70 0
26 65 0
-26 73 0
-25 38 -84 0
31 -69 -81 0
8 -46 -55 0
35 62 0
16 43 -64 0
-16 18 22 0
8 33 -73 0
1 -58 -76 0
-7 27 -82 0
19 29 0
-13 -20 0
14 -28 53 0
-20 -36 -64 0
-28 -36 -43 0
8 33 83 0
-4 -14 41 0
48 -61 -66 0
1 28 70 0
-17 -50 -52 0
-39 57 -72 0
-29 -35 0
-21 23 52 0
-28 -84 0
-43 75 0
-10 63 74 0
5 -49 -71 0
10 29 -55 0
-14 -49 -57 0
-31 33 -84 0
-20 28 52 0
42 67 -79 0
27 29 0
-37 -52 72 0
15 53 0
-2 24 -81 0
34 59 -78 0
-11 -58 -77 0
36 -67 0
-44 -54 0
-22 44 68 0
24 27 -84 0
-16 32 49 0
1 2 74 0
-42 -74 0
23 -33 72 0
5 13 -72 0
18 -30 -75 0
34 64 0
-8 -51 -83 0
-15 -70 -78 0
10 22 35 0
-14 16 -22 0
-32 52 -68 0
66 -69 0
31 60 -66 0
-27 -58 0
11 25 -51 0
37 52 0
31 -68 -84 0
76 80 -81 0
15 -16 78 0
-61 67 78 0
4 10 0
26 -31 -81 0
3 -82 0
21 31 -82 0
-4 -44 -62 0
11 36 64 0
-61 -68 0
20 38 70 0
4 34 35 0
-14 20 0
-41 -83 0
-22 -64 -70 0
-14 -70 -78 0
-42 76 78 0
17 61 -79 0
29 57 -70 0
5 -58 0
-40 -79 82 0
-25 -29 -45 0
-17 -56 69 0
-21 -24 -48 0
37 49 0
17 43 46 0
-76 79 0
6 20 81 0
-2 -39 41 0
-39 63 0
11 -22 -59 0
30 -72 78 0
9 -61 63 0
-16 -27 0
25 -40 44 0
-1 -45 -53 0
3 -47 0
6 8 83 0
-23 -72 -80 0
-11 -36 57 0
-24 -64 70 0
-15 -47 68 0
-8 -50 -71 0
-21 -57 83 0
19 22 -71 0
28 58 0
-14 -16 77 0
2 -56 -58 0
-1 21 -27 0
3 32 0
-6 56 -63 0
-14 33 36 0
20 44 -45 0
10 54 70 0
72 74 78 0
-9 79 0
28 -40 0
-6 -34 -49 0
-24 76 80 0
16 42 -64 0
18 -41 -56 0
-60 -68 77 0
53 75 83 0
23 25 42 0
6 26 -63 0
43 -69 0
-8 -16 -42 0
-2 17 56 0
10 -48 -69 0
22 -43 56 0
-6 -18 47 0
-8 72 74 0
30 -82 0
35 -37 -70 0
56 60 0
20 24 0
-4 13 35 0
-9 -29 -56 0
43 82 0
4 -30 77 0
9 -26 43 0
61 -66 -69 0
7 -31 77 0
-29 -70 0
-63 -79 82 0
15 -34 50 0
-8 27 -41 0
40 -55 0
15 38 -51 0
29 67 -81 0
-16 38 75 0
65 80 0
6 -20 0
5 8 -34 0
-1 -7 -43 0
28 -29 -77 0
-54 -77 0
-25 -49 -59 0
-39 -56 0
4 -40 68 0
3 34 -45 0
17 53 -54 0
-18 49 0
30 -33 47 0
-25 -63 -70 0
17 -39 -56 0
-25 -70 0
27 -63 0
2 49 0
2 -4 9 0
1 5 72 0
-20 -44 76 0
-19 44 76 0
37 42 -81 0
36 -53 72 0
7 56 0
34 -45 -60 0
-6 -35 79 0
-36 -41 69 0
18 52 -72 0
48 -73 74 0
13 23 0
-37 58 80 0
22 -23 -81 0
-40 79 0
-6 -57 74 0
23 39 0
-17 -59 -69 0
1 34 82 0
-2 -45 -52 0
-48 -60 79 0
-29 -55 -61 0
-17 -18 0
-18 -60 83 0
-2 -60 -83 0
-28 30 -45 0
21 50 62 0
35 84 0
23 -34 59 0
2 -40 71 0
-46 62 0
-65 81 0
2 30 -81 0
-27 -40 -77 0
-1 3 0
5 -11 28 0
14 31 59 0
11 -19 -58 0
-3 46 0
-26 54 69 0
-12 25 -71 0
9 -10 -46 0
22 26 43 0
15 -31 64 0
-43 56 -76 0
18 19 -43 0
26 -46 0
-31 67 0
-33 59 66 0
10 27 33 0
-53 77 0
47 -62 63 0
-37 -41 60 0
50 -62 -64 0
48 -51 68 0
28 37 48 0
22 -26 73 0
6 -18 -59 0
9 64 -66 0
2 -35 0
-16 -51 -82 0
13 31 -76 0
-29 -39 44 0
29 -76 77 0
-5 26 -81 0
-14 -48 0
38 68 -78 0
27 -36 78 0
-34 54 0
15 -42 -52 0
-26 47 0
32 44 -52 0
-37 75 78 0
-41 44 77 0
-24 29 -60 0
-16 -20 64 0
-9 30 -75 0
2 -76 0
3 -40 -61 0
40 58 -76 0
2 40 51 0
-23 -28 -56 0
