p cnf 87 329
-67 -83 0
-16 29 65 0
-3 15 33 0
-25 68 0
26 -42 -84 0
2 22 -48 0
-24 26 53 0
14 40 -51 0
-18 -52 0
35 61 84 0
13 23 -59 0
-36 -86 0
-30 32 73 0
4 23 0
3 57 -59 0
20 73 0
-12 -23 -80 0
49 71 74 0
80 -86 0
-8 21 -25 0
28 -66 0
-17 -68 0
-17 41 -54 0
51 -60 65 0
38 63 64 0
-1 -71 72 0
-31 -53 -63 0
5 83 0
24 -35 0
58 -82 -85 0
18 -27 -30 0
1 -18 -87 0
-24 37 -80 0
11 -15 -87 0
18 60 -85 0
-33 -64 87 0
-52 78 0
-21 25 84 0
-11 -19 50 0
9 34 60 0
-11 -59 0
-18 40 0
26 27 -84 0
-13 52 54 0
57 -67 -68 0
-31 -69 0
51 -53 -59 0
3 47 63 0
10 -73 77 0
-24 27 81 0
7 20 28 0
-9 -43 47 0
-9 40 -82 0
35 52 81 0
-36 -45 -55 0
-24 -50 79 0
2 5 0
37 63 0
20 -36 77 0
-5 56 0
-39 -54 72 0
-71 74 -82 0
15 33 0
-19 -24 -66 0
-12 -42 71 0
-6 61 74 0
-9 23 41 0
-10 -16 -25 0
9 61 0
33 -48 -73 0
-13 -19 70 0
4 25 64 0
-4 9 80 0
45 -48 62 0
17 -20 -65 0
-14 -20 64 0
-35 -52 87 0
3 -30 65 0
13 30 52 0
-17 -71 -83 0
15 41 -83 0
-20 -84 0
-57 -78 87 0
-2 37 -71 0
-4 -75 -86 0
-69 -84 0
11 39 58 0
-62 69 -78 0
30 -40 44 0
-30 -33 45 0
-20 -84 87 0
21 -65 76 0
-6 52 0
13 -15 0
-12 -34 -38 0
-21 55 0
-23 -45 52 0
-37 39 49 0
-16 -61 -78 0
-26 -43 70 0
43 -50 65 0
28 73 -78 0
15 -34 -63 0
-48 65 75 0
-40 55 83 0
27 47 56 0
-30 -55 56 0
1 -64 82 0
53 65 85 0
17 -54 70 0
4 -61 81 0
72 -85 0
-12 21 28 0
21 32 0
30 -33 40 0
8 63 79 0
55 58 81 0
48 62 -86 0
9 30 59 0
-50 -61 -81 0
-11 30 -58 0
-6 65 74 0
19 23 69 0
-28 30 75 0
1 62 84 0
-63 81 0
-23 -24 -64 0
26 34 -77 0
33 -66 85 0
-8 19 63 0
29 -46 73 0
-29 -57 -61 0
-29 -48 -87 0
6 19 65 0
3 -15 -81 0
14 -20 0
46 57 83 0
-23 -63 0
34 35 67 0
-16 60 61 0
5 27 40 0
7 -34 0
50 -68 73 0
3 -71 -86 0
19 40 71 0
-28 52 -72 0
-20 -72 79 0
-15 26 -49 0
7 -47 -75 0
1 15 -33 0
-33 67 68 0
-9 -12 -63 0
-11 35 0
-9 71 0
-14 41 75 0
80 86 0
-26 -47 53 0
33 -41 -70 0
34 -36 0
-45 79 0
1 81 0
1 9 -69 0
13 -31 -77 0
-15 25 42 0
-5 26 -51 0
-43 -52 -78 0
-25 -27 40 0
10 -60 -74 0
58 74 0
23 -70 84 0
-37 -60 78 0
3 10 -28 0
-4 16 53 0
9 57 87 0
34 73 0
8 27 -62 0
-3 4 11 0
-14 -15 -48 0
32 33 -42 0
23 -48 -67 0
48 69 -86 0
4 65 80 0
-19 -64 -70 0
-35 -59 86 0
-4 34 -73 0
-9 57 65 0
-13 37 57 0
3 -16 -50 0
19 79 81 0
9 -46 -47 0
6 -32 -87 0
-13 52 -64 0
6 -25 58 0
23 66 0
17 -24 27 0
20 43 -59 0
18 -47 0
13 -24 -41 0
-41 42 -79 0
12 28 -44 0
-26 -30 76 0
-20 49 69 0
-3 24 -85 0
-49 -81 0
21 58 68 0
8 -28 -52 0
36 47 -62 0
7 19 -67 0
31 68 0
-1 12 68 0
-5 -19 70 0
-16 65 0
-29 -34 82 0
-5 -39 0
-3 -29 -60 0
33 55 0
-26 -63 81 0
-15 -50 -68 0
50 51 -60 0
-5 13 -31 0
5 -57 -63 0
15 17 -76 0
-2 24 43 0
9 22 -29 0
-63 -79 -84 0
33 -49 78 0
4 -38 65 0
40 -43 -56 0
-12 21 61 0
54 55 83 0
-20 -69 -83 0
-12 41 76 0
3 -65 81 0
13 24 -43 0
-1 -48 72 0
19 -43 59 0
-12 -32 37 0
-13 55 0
8 -40 -46 0
27 30 -55 0
-7 -10 65 0
-21 48 84 0
2 11 0
80 -85 0
2 -43 -83 0
29 47 53 0
4 16 77 0
-9 72 85 0
4 -40 51 0
-30 64 75 0
-35 76 0
-23 24 54 0
-9 -55 61 0
-6 -36 87 0
-26 37 -70 0
-10 -78 0
-36 -81 0
-11 -14 47 0
14 -41 73 0
11 -18 -63 0
-16 55 0
-19 -54 -62 0
-4 -10 -76 0
42 -69 -86 0
49 57 -83 0
22 68 72 0
13 -22 25 0
8 -34 -83 0
-35 45 0
-27 65 -66 0
-48 76 0
47 79 -83 0
-68 -86 0
-48 50 75 0
-16 22 -36 0
-27 -38 -64 0
-37 -40 -50 0
-16 -62 0
50 85 0
41 59 -62 0
-20 -50 66 0
47 -60 64 0
-60 -61 63 0
11 -65 -87 0
-38 -43 57 0
12 -20 -54 0
13 29 65 0
4 13 37 0
28 -32 85 0
-10 81 -85 0
13 22 67 0
13 -37 -79 0
1 26 -82 0
-20 29 -70 0
8 -52 81 0
-45 81 0
35 36 -62 0
20 -54 -74 0
-17 -33 34 0
4 61 0
17 86 0
-19 -31 0
67 -79 0
22 46 -63 0
-22 29 -77 0
-44 62 81 0
-1 85 0
9 22 24 0
-17 -81 0
-52 60 64 0
-7 11 -26 0
17 -32 -39 0
-17 -29 35 0
10 57 -60 0
58 67 74 0
-59 -73 87 0
3 10 15 0
-15 -56 66 0
-1 27 -82 0
-41 -58 86 0
23 -59 77 0
-12 23 29 0
40 -56 74 0
26 -73 0
6 -41 65 0
-18 39 0
-71 75 -87 0
-4 43 -44 0
1 50 54 0
