p cnf 84 301
-19 52 57 0
-43 -74 0
-34 75 78 0
25 -48 -61 0
-27 -43 0
10 -60 76 0
11 -13 54 0
-62 72 0
11 39 -66 0
-7 -65 0
39 -44 54 0
4 38 -57 0
8 -49 64 0
3 62 -69 0
11 -25 51 0
-4 -49 -75 0
39 45 71 0
-44 -51 -68 0
12 -24 74 0
-1 -70 -71 0
-24 -81 0
14 -26 36 0
51 -84 0
10 28 -64 0
5 -27 -43 0
8 30 40 0
-22 -66 77 0
3 -44 0
-2 4 -59 0
-16 -21 42 0
14 45 -75 0
-6 12 -13 0
22 -26 -74 0
17 -61 -63 0
-11 -12 -82 0
2 -19 -55 0
-9 -59 -67 0
35 69 75 0
-6 -51 -58 0
44 46 0
29 -51 -52 0
-18 33 50 0
58 84 0
29 -43 0
-17 43 -59 0
-25 -73 0
1 9 -32 0
5 50 60 0
-1 -16 -65 0
-2 61 0
-17 -35 -63 0
-51 68 0
-1 81 83 0
-9 -32 0
27 28 0
36 -62 80 0
-4 7 15 0
-11 56 -63 0
-33 35 0
19 77 78 0
60 -61 -73 0
6 -29 0
7 54 -77 0
43 50 -62 0
23 -30 -78 0
-9 19 -54 0
5 13 20 0
5 -29 -55 0
46 -71 78 0
7 17 -60 0
-45 57 0
6 73 0
-3 -30 -79 0
31 -34 -84 0
10 23 48 0
-15 69 78 0
-9 -35 -53 0
3 13 0
-29 59 68 0
-15 -35 41 0
-45 70 -83 0
-58 -59 0
17 52 0
18 48 -63 0
23 -62 0
-36 58 -75 0
7 20 51 0
40 -68 75 0
-52 72 -84 0
-14 -82 0
-9 30 -38 0
11 27 55 0
7 -27 56 0
-18 -22 73 0
9 -18 81 0
20 59 0
39 -61 0
20 -36 67 0
26 35 62 0
-43 -63 68 0
18 -24 -33 0
-38 -71 77 0
-3 45 -78 0
-20 30 0
13 -18 46 0
-21 -24 68 0
-3 -50 82 0
5 36 -48 0
47 -73 0
11 -18 62 0
61 -68 0
37 59 0
10 17 -67 0
9 29 -51 0
18 -38 68 0
3 22 -58 0
4 -54 0
22 -63 -65 0
19 -79 0
-68 78 81 0
-12 44 79 0
13 -24 0
9 -16 -64 0
27 -69 79 0
48 51 -72 0
3 8 79 0
30 -55 78 0
-15 -16 -25 0
2 -4 55 0
-7 -27 -46 0
17 -54 80 0
39 -63 0
-19 48 83 0
-9 24 76 0
26 40 -43 0
-7 -68 -81 0
53 -56 60 0
-6 59 61 0
-19 -32 43 0
14 39 58 0
3 -46 0
20 -46 81 0
-16 19 -82 0
36 62 0
-41 78 -83 0
10 -42 -61 0
40 52 82 0
-13 44 -61 0
5 -36 49 0
11 -22 36 0
-25 55 -84 0
-23 70 79 0
-28 55 60 0
-39 77 -80 0
19 72 -79 0
11 -69 0
-24 -49 -78 0
41 -77 78 0
-8 19 -82 0
1 15 -25 0
-2 46 0
-12 66 -79 0
-8 -28 61 0
-17 -24 62 0
-47 -53 -74 0
-16 -48 75 0
2 52 0
10 -69 -72 0
1 64 0
-31 -37 69 0
-35 -47 75 0
-62 -64 66 0
5 25 -75 0
2 7 -80 0
19 46 66 0
11 30 -51 0
4 -22 0
-22 -28 0
-49 -81 84 0
-29 -46 -70 0
9 -23 50 0
-24 31 -34 0
-2 -32 43 0
51 53 83 0
17 -35 76 0
3 -10 -77 0
73 -78 84 0
-16 57 -80 0
26 -60 78 0
-33 76 81 0
-9 -29 35 0
55 -66 -68 0
33 -40 -42 0
33 -59 80 0
28 -47 48 0
-4 22 27 0
-12 42 -59 0
10 26 0
22 69 -77 0
18 -44 -77 0
-3 29 83 0
-27 59 61 0
-29 55 -73 0
-51 71 -83 0
-15 59 -76 0
62 -64 0
32 -71 0
-36 -79 0
8 -24 -31 0
-6 26 38 0
-11 58 -74 0
-16 -26 60 0
27 -30 63 0
-30 -34 42 0
14 -21 -51 0
44 72 79 0
-29 38 -50 0
21 56 -67 0
33 -67 -80 0
-13 17 -78 0
-6 -32 -47 0
-27 50 -65 0
38 66 84 0
-1 -36 -67 0
-41 -49 -84 0
-23 42 64 0
6 25 0
-45 -61 -62 0
-35 -74 -77 0
19 23 46 0
-24 -39 52 0
15 33 52 0
-17 20 -51 0
37 -70 84 0
16 18 80 0
54 -67 -70 0
11 -79 -80 0
43 -77 0
-12 -18 -41 0
-4 37 78 0
-14 67 0
-2 -75 0
9 -31 -77 0
-36 -42 78 0
-33 70 0
-4 7 0
-4 25 54 0
-19 -29 63 0
-32 50 -83 0
2 -7 -17 0
-29 41 80 0
-19 -29 0
28 54 82 0
-13 -44 49 0
6 -74 -76 0
-9 10 -69 0
49 58 -84 0
-4 -30 -51 0
28 -30 56 0
11 -47 -59 0
52 65 77 0
-2 -7 0
54 -61 -75 0
22 -40 43 0
35 59 -69 0
-73 -74 -80 0
26 28 29 0
-38 -40 -48 0
10 48 0
48 -59 0
14 44 -57 0
-22 49 -77 0
22 -38 -45 0
-3 -57 76 0
48 55 0
13 -14 -15 0
13 -37 -62 0
-23 64 0
-22 -66 -74 0
-14 -51 80 0
42 49 -80 0
9 46 0
-28 -30 -81 0
-3 33 84 0
13 23 47 0
35 78 0
-3 -75 0
-43 57 -75 0
15 -23 25 0
7 29 0
-19 56 -60 0
-5 36 -45 0
1 -56 57 0
-9 51 64 0
-12 29 69 0
22 -55 0
-1 5 18 0
-10 20 -54 0
-3 -47 -63 0
44 -54 -69 0
-4 29 -59 0
