p cnf 88 336
-65 75 82 0
-36 76 -79 0
-27 -72 -79 0
-1 52 -76 0
-8 -10 -82 0
7 -29 69 0
-4 -22 56 0
-52 -53 -73 0
-11 -51 0
54 -74 -83 0
31 41 85 0
-1 34 48 0
-5 20 -60 0
-30 -85 0
8 -69 -74 0
48 66 84 0
8 61 71 0
-16 49 -59 0
6 -64 0
60 -68 0
-13 38 -74 0
-19 37 87 0
3 -16 0
-60 -68 83 0
-10 -39 -88 0
34 -52 71 0
-47 76 0
-16 -59 74 0
-5 -18 53 0
-46 73 86 0
-32 46 57 0
-36 74 76 0
51 75 0
-37 -79 0
-41 73 80 0
3 10 -56 0
5 10 86 0
-7 16 26 0
-69 -79 -84 0
-4 57 -82 0
-38 -60 87 0
-24 34 59 0
6 60 0
-5 15 64 0
20 37 41 0
-9 27 87 0
-16 -52 -78 0
19 -26 37 0
13 -49 73 0
-17 -41 80 0
-31 49 57 0
-38 49 -62 0
33 39 59 0
-63 76 -83 0
36 -42 -67 0
50 -51 -55 0
-27 -44 -55 0
6 -20 0
-7 58 -78 0
49 -78 0
-37 73 83 0
-8 62 -84 0
25 -41 -86 0
-58 -86 87 0
-53 -83 0
16 25 0
-19 28 49 0
1 -46 82 0
-10 57 -63 0
23 31 0
-13 41 -56 0
-3 4 -7 0
65 -85 0
25 63 -70 0
-45 -47 78 0
19 -44 71 0
3 -26 -60 0
-15 39 0
35 42 0
25 69 -82 0
6 13 79 0
47 50 -66 0
-9 18 -51 0
22 42 43 0
20 -62 0
51 54 -77 0
44 -47 86 0
-56 78 -87 0
15 54 -84 0
42 -43 60 0
35 -41 67 0
45 57 -72 0
-25 -70 82 0
18 -59 72 0
9 12 27 0
4 56 -57 0
-40 -72 -73 0
1 42 87 0
-12 22 42 0
-50 -63 66 0
-34 -51 63 0
26 61 -77 0
1 -4 -13 0
49 -69 -77 0
-24 -34 -53 0
-29 44 -71 0
-7 69 0
-22 -30 49 0
-4 -10 74 0
-7 -10 51 0
6 -31 -33 0
68 -84 -87 0
-67 71 -80 0
-15 -29 -84 0
-19 86 -87 0
-5 85 0
-24 -34 52 0
-29 -56 -84 0
-14 36 -54 0
-14 37 0
59 -60 0
40 -60 84 0
-16 17 72 0
2 -7 58 0
-4 81 0
31 -78 80 0
4 -37 -83 0
-20 -28 29 0
33 76 0
24 -84 0
-44 -65 83 0
24 58 -73 0
8 -36 86 0
-82 86 0
45 -78 85 0
3 39 63 0
14 -52 -66 0
-23 49 84 0
39 -73 80 0
45 65 0
7 -44 88 0
-3 48 0
22 64 -65 0
-28 45 47 0
16 32 52 0
3 -32 -47 0
-56 -68 0
-3 13 -50 0
-13 30 38 0
-13 -46 -85 0
-38 -52 73 0
52 80 -87 0
-16 17 -72 0
-60 75 -81 0
-3 -30 -67 0
59 60 -81 0
-23 -34 -51 0
21 28 51 0
-29 -65 0
78 83 88 0
23 36 62 0
23 -44 60 0
-3 -28 38 0
-12 -81 88 0
61 71 0
-9 52 -67 0
-8 -14 32 0
-2 61 0
11 -28 86 0
-10 -72 0
1 -12 0
24 47 49 0
4 17 -68 0
-31 -72 87 0
-35 83 0
37 -39 69 0
-36 41 76 0
-53 80 -86 0
-4 -15 -51 0
15 56 57 0
50 58 -75 0
42 -45 67 0
-33 48 -88 0
53 66 0
-39 42 -81 0
-17 27 -52 0
-30 66 0
40 -48 -72 0
27 47 81 0
-35 39 -54 0
9 26 -52 0
5 56 72 0
-1 38 48 0
-15 35 0
-62 -70 -75 0
-31 -38 -47 0
-10 56 73 0
-2 -34 72 0
-2 -44 -54 0
61 -78 0
4 21 49 0
-18 -74 78 0
28 -41 63 0
53 56 87 0
21 61 -74 0
-42 -45 -68 0
53 -84 0
-20 -38 -82 0
48 79 0
29 -36 45 0
-29 -37 -42 0
10 27 70 0
47 65 -72 0
20 36 42 0
-13 -80 88 0
15 -66 -80 0
-26 72 -85 0
-1 7 23 0
49 -74 0
-3 -23 -28 0
-26 -78 79 0
18 -80 -82 0
2 39 -65 0
-47 49 64 0
-16 -24 52 0
12 -78 -86 0
-18 23 28 0
13 33 42 0
-34 -53 -69 0
-16 36 50 0
30 -46 -75 0
-8 -9 -34 0
17 34 -64 0
13 -57 84 0
33 -86 0
-19 23 0
4 50 0
16 -77 78 0
1 -7 -48 0
-23 -57 79 0
55 -56 -61 0
-14 22 72 0
13 -47 69 0
33 73 -74 0
-28 58 -64 0
-28 56 -58 0
30 -37 78 0
40 -83 84 0
-27 -77 0
1 76 0
4 21 33 0
27 -62 -88 0
-42 77 -81 0
-20 27 85 0
5 31 73 0
-32 -35 -62 0
3 20 -38 0
-8 49 55 0
-44 -71 88 0
-25 -48 0
37 -65 0
-21 23 39 0
-6 41 46 0
-9 39 -65 0
15 22 -66 0
40 49 53 0
7 29 -33 0
35 -53 57 0
2 16 20 0
63 -76 -82 0
-11 -54 -86 0
47 49 63 0
-2 -30 31 0
-5 -31 -41 0
-8 64 0
-34 -61 -76 0
-31 -42 87 0
-4 9 28 0
-7 38 66 0
6 60 69 0
6 16 72 0
60 -61 0
-20 25 43 0
-2 57 -70 0
39 51 -81 0
-45 73 78 0
55 -57 68 0
-4 29 -60 0
-55 79 88 0
4 6 -80 0
-14 24 -84 0
-16 -45 -70 0
-54 -81 0
54 82 0
3 -34 -40 0
41 -50 57 0
-22 -44 0
45 62 0
-10 -14 -34 0
-39 53 -78 0
23 52 61 0
-30 -71 0
53 -58 -67 0
1 -79 85 0
-6 16 85 0
-29 -31 71 0
4 -27 -76 0
43 -48 -69 0
-40 75 0
-21 -31 -82 0
27 63 -86 0
10 33 0
40 -46 81 0
-11 33 -34 0
63 72 86 0
17 20 63 0
14 -50 57 0
68 88 0
17 -24 0
-8 -11 -62 0
4 -56 84 0
3 7 45 0
-50 -56 57 0
18 -22 -41 0
22 -27 -60 0
-20 -37 0
35 41 -81 0
-1 -16 52 0
5 -20 59 0
11 16 0
73 -82 -83 0
16 -46 51 0
-23 -45 -77 0
-12 39 86 0
1 -16 -81 0
5 -10 18 0
