p cnf 89 333
-18 45 87 0
15 57 -68 0
3 -6 88 0
17 -34 -37 0
-1 -19 86 0
29 59 89 0
11 35 75 0
47 -72 -76 0
46 -50 64 0
20 -38 -86 0
48 78 87 0
27 29 36 0
10 -15 -72 0
4 14 19 0
52 68 81 0
-28 -71 -76 0
44 52 -77 0
-11 -33 -78 0
-33 -38 40 0
-13 -23 44 0
4 35 -86 0
-24 -48 -59 0
9 -36 0
32 -34 -38 0
-5 -47 -79 0
-58 -68 -78 0
-18 41 -49 0
-4 43 59 0
-64 -71 80 0
-58 -61 0
21 36 55 0
-6 41 -45 0
-27 -43 69 0
3 35 -64 0
10 15 0
-61 -64 -69 0
-41 51 58 0
76 77 0
6 39 -52 0
57 59 82 0
10 -17 -50 0
50 66 -67 0
-37 38 82 0
-33 -47 56 0
-5 68 -80 0
28 38 40 0
-31 80 87 0
-9 -27 77 0
14 -45 59 0
16 -18 81 0
-33 -39 -58 0
11 63 -86 0
62 -78 0
7 77 0
-79 84 86 0
-8 13 65 0
-42 -73 -86 0
13 39 -74 0
16 28 -39 0
-34 -44 -69 0
-25 44 53 0
-3 -11 -16 0
8 17 -84 0
-18 -36 -60 0
4 44 -48 0
-29 -31 -38 0
15 73 80 0
72 -78 86 0
-2 -57 -86 0
9 -54 69 0
17 47 62 0
15 22 0
-4 -33 0
38 -40 46 0
-34 -65 0
33 -72 0
-31 -52 -65 0
-6 70 82 0
-2 -65 71 0
56 -73 86 0
28 58 89 0
-66 77 0
10 -49 0
-51 -81 -83 0
12 67 -75 0
-15 -56 85 0
30 -43 -57 0
39 58 -76 0
12 33 -41 0
5 -7 -32 0
-22 75 0
39 -81 83 0
-9 38 -53 0
23 25 -60 0
13 15 -43 0
83 -86 -87 0
6 83 0
-21 36 -84 0
32 -38 -82 0
83 87 0
-21 -81 0
-12 71 79 0
-1 -57 -58 0
1 32 89 0
-18 49 79 0
-7 17 0
41 -63 0
57 80 88 0
-21 -32 -75 0
-17 29 80 0
38 -57 68 0
-2 12 -24 0
-6 24 50 0
42 -63 0
-1 18 77 0
19 -42 0
-9 -49 60 0
17 61 -75 0
35 57 80 0
24 57 0
13 -50 66 0
-1 -17 39 0
8 42 -43 0
38 -72 76 0
9 -66 85 0
62 -68 -83 0
-15 -37 -89 0
21 -45 69 0
37 83 -84 0
12 23 -59 0
-18 -40 52 0
-17 34 87 0
23 -74 -85 0
-15 -21 60 0
-38 -61 74 0
-5 -6 -47 0
29 43 48 0
1 -23 -46 0
1 60 0
48 -53 -78 0
62 -63 85 0
26 -30 84 0
-31 32 0
9 31 -38 0
10 -18 -22 0
-18 -44 -79 0
58 -82 -85 0
1 67 -83 0
11 21 72 0
-15 48 -49 0
34 48 50 0
-23 27 -62 0
78 82 0
69 -78 88 0
1 10 -85 0
6 -19 46 0
1 40 -68 0
61 75 77 0
-2 -23 34 0
-17 24 30 0
30 -72 85 0
34 -80 82 0
-64 -79 85 0
22 -62 82 0
9 82 -83 0
-48 -57 -67 0
-63 65 68 0
-17 -27 -50 0
59 -86 0
-12 75 82 0
48 80 0
-35 -51 -81 0
7 12 71 0
45 -60 83 0
11 -49 82 0
-53 67 84 0
52 55 -71 0
2 13 76 0
-25 -53 -62 0
51 60 68 0
-21 24 58 0
3 -14 0
6 -30 62 0
-2 -9 -56 0
23 32 44 0
71 73 0
-34 -51 0
19 32 -56 0
5 38 -76 0
-17 82 0
-3 -7 -35 0
22 26 -72 0
-63 72 89 0
-33 -63 -88 0
40 68 84 0
8 -11 80 0
8 40 -57 0
-48 50 -58 0
7 -28 -35 0
61 -87 0
51 -82 -88 0
-3 15 42 0
-28 38 60 0
27 50 76 0
56 74 88 0
15 31 32 0
7 -61 0
-16 67 0
-30 -49 78 0
-13 -34 48 0
-1 62 73 0
2 -32 -69 0
-59 -60 63 0
6 -13 27 0
13 53 55 0
26 50 51 0
23 31 -76 0
-31 -35 86 0
42 -52 -66 0
-4 37 -55 0
-3 22 -37 0
3 41 -82 0
44 53 56 0
-11 -13 -26 0
4 -19 -69 0
-7 58 79 0
30 -72 -81 0
13 -23 -39 0
40 69 86 0
-12 23 0
8 -11 29 0
23 -51 -52 0
-8 -29 64 0
64 -87 0
-1 -18 -26 0
-35 -62 79 0
62 72 -76 0
-4 24 -83 0
-4 -50 -73 0
-41 -51 -86 0
8 48 76 0
-10 -54 -61 0
-4 -14 -49 0
-36 55 78 0
-3 -30 -71 0
58 77 0
4 -5 -45 0
51 58 68 0
39 -42 -59 0
3 -36 -72 0
42 66 75 0
-34 -46 57 0
10 -15 56 0
-22 30 75 0
21 58 0
-7 19 -49 0
-16 22 70 0
82 -85 -88 0
-5 -35 -50 0
1 22 -39 0
-25 -80 0
5 -42 -57 0
48 -49 85 0
-20 40 -72 0
-26 -50 -84 0
38 43 49 0
-3 -31 -53 0
56 -59 73 0
8 -57 0
-4 48 -85 0
-1 -8 -80 0
-16 -38 -65 0
6 -36 -40 0
13 24 -41 0
-3 15 -65 0
-9 -12 -20 0
26 51 -77 0
41 64 -66 0
2 -10 -89 0
15 47 88 0
13 28 30 0
-25 -54 -86 0
-32 -83 0
-52 -60 80 0
12 45 63 0
-4 28 -42 0
-7 34 81 0
-9 -17 77 0
24 -55 79 0
-13 21 78 0
-25 -73 -81 0
-45 -52 74 0
2 3 35 0
33 55 59 0
11 44 80 0
-5 40 -72 0
-29 43 0
17 -22 56 0
61 72 -83 0
-4 -5 89 0
-30 -33 49 0
-26 -49 -58 0
-49 70 -75 0
9 36 -75 0
-1 14 22 0
-43 53 -63 0
-7 -44 48 0
59 65 79 0
-12 -49 65 0
16 82 89 0
-2 48 -57 0
-51 53 -76 0
-3 -47 84 0
-16 -51 -68 0
29 -57 -79 0
24 75 -84 0
-11 38 49 0
48 -71 0
15 -89 0
-5 55 85 0
-5 -59 81 0
-17 35 74 0
3 18 61 0
-29 -56 -59 0
5 14 74 0
19 48 56 0
3 57 0
-45 -66 75 0
-23 33 -36 0
-19 65 0
79 -82 0
-50 51 67 0
-48 55 63 0
