p cnf 73 243
5 21 51 0
64 -70 0
-3 -43 -65 0
14 -73 0
3 27 0
5 34 -51 0
2 -38 -40 0
-11 -40 -52 0
3 -5 -18 0
5 -32 67 0
26 -35 0
-21 55 0
29 -61 -69 0
-27 35 -72 0
2 -38 62 0
2 -44 -51 0
-19 -43 -60 0
39 -48 0
-6 -67 0
8 -22 23 0
-9 -21 63 0
-5 17 72 0
-2 -3 0
3 -19 64 0
26 -69 0
-46 51 0
53 -67 0
-31 -69 -72 0
25 -35 -41 0
-1 10 -38 0
-6 11 26 0
55 61 0
-3 23 -29 0
-33 -35 -49 0
-22 -66 0
4 60 0
4 40 -51 0
23 -26 -43 0
-33 63 -67 0
22 35 54 0
-25 66 0
52 -54 0
3 -45 0
21 47 67 0
-3 5 -55 0
-1 -11 46 0
-43 -48 50 0
7 -51 53 0
-27 -71 0
-65 -67 0
-1 42 0
26 28 0
-1 64 71 0
11 -25 0
-13 36 55 0
5 -33 0
-22 -43 0
40 -49 -61 0
11 -34 0
25 58 0
-10 -40 50 0
-30 -33 -41 0
16 -53 0
-3 14 -41 0
37 70 0
-23 -52 -55 0
-8 -53 -61 0
32 52 0
8 -15 -68 0
-22 34 0
33 43 -59 0
-36 -66 0
-24 42 -56 0
5 10 0
32 -48 61 0
-10 43 0
25 54 -61 0
-23 46 0
2 -11 -72 0
-9 -47 0
-15 -30 46 0
24 41 -43 0
51 54 0
2 49 0
2 -26 38 0
5 -16 70 0
-14 36 0
-2 8 0
-12 -13 44 0
23 33 0
-11 59 0
-14 -15 -63 0
-51 -68 0
-68 -69 0
3 16 0
-47 54 0
-13 23 -28 0
-20 -26 0
-56 -61 0
29 65 0
-32 -62 0
-12 -54 0
15 -31 63 0
-7 -42 0
25 -42 -47 0
-35 61 -71 0
-32 68 0
-55 -57 0
-20 72 0
6 -50 57 0
-9 61 0
28 29 -60 0
20 -55 0
6 17 38 0
-35 63 70 0
-25 48 58 0
-3 26 -64 0
-17 -23 55 0
-22 -28 37 0
-3 59 0
5 27 0
-38 48 52 0
-16 25 -73 0
-2 -14 55 0
4 -10 15 0
3 25 30 0
15 -30 -63 0
1 33 54 0
-32 -41 -70 0
28 53 -56 0
-8 -16 -73 0
6 -14 -19 0
3 34 -44 0
-16 -38 -39 0
37 47 -65 0
39 -49 61 0
24 26 30 0
23 36 51 0
5 -13 0
-13 37 -40 0
7 8 -25 0
24 -40 0
8 -32 -48 0
10 24 -48 0
33 39 0
-10 42 0
-9 35 51 0
-41 -51 -64 0
43 65 -66 0
-11 -48 58 0
-3 55 70 0
25 -67 0
27 43 46 0
-21 43 0
-21 42 0
10 54 0
31 -57 -68 0
-10 -46 52 0
11 -13 0
12 -37 -70 0
42 53 -56 0
-33 -54 0
-9 55 70 0
3 -13 35 0
4 51 0
51 56 70 0
39 -52 -73 0
40 50 0
-45 53 0
20 -50 -69 0
-42 48 56 0
-60 -65 0
-14 -56 0
-3 42 60 0
-9 60 -65 0
-29 -43 62 0
-21 25 -70 0
-10 -53 0
-1 -6 73 0
10 30 -47 0
-21 -30 64 0
49 52 0
17 -24 0
-6 30 34 0
-48 54 -63 0
29 -58 63 0
-19 -57 0
-34 -49 0
23 40 73 0
30 35 -55 0
-31 -38 67 0
50 71 0
7 -52 56 0
40 53 0
2 6 -28 0
-6 -34 71 0
-14 -73 0
-13 -53 59 0
60 68 -72 0
40 42 0
-1 -2 -64 0
-1 8 -19 0
15 -30 52 0
-8 -41 0
-8 45 -64 0
-32 49 65 0
17 -73 0
30 40 -41 0
-20 -40 0
-18 25 -30 0
-13 26 -39 0
-13 36 -38 0
24 -42 66 0
33 -42 -70 0
-1 38 -47 0
-42 -63 65 0
-11 44 0
16 31 0
-26 40 -42 0
-2 -45 -73 0
7 -23 -32 0
26 -41 0
-5 -18 52 0
-12 31 -43 0
-13 -21 27 0
-30 43 -71 0
-1 -41 0
11 44 -56 0
25 -35 0
27 -47 0
-4 -25 0
-26 31 56 0
9 13 -44 0
13 36 61 0
-3 -35 -70 0
52 -66 0
36 -39 62 0
-25 29 0
-27 -60 73 0
3 -9 54 0
9 -45 0
42 46 0
8 -25 0
