p cnf 69 231
6 20 46 0
61 -66 0
-4 -40 -62 0
14 -69 0
8 51 0
4 26 0
-16 41 48 0
6 33 -46 0
3 -37 0
-11 -47 0
4 -6 -18 0
-1 63 0
6 -31 64 0
25 -34 0
-20 -55 0
-26 34 -68 0
3 -37 59 0
3 -41 -46 0
-19 -40 -56 0
38 -44 0
-7 -64 0
9 -21 22 0
-10 -20 60 0
-6 17 68 0
-3 -4 0
4 -19 61 0
-42 46 0
-48 -64 0
24 -34 -39 0
-7 11 25 0
-4 22 -28 0
-32 -34 -45 0
-21 -63 0
5 56 0
22 -25 -40 0
-32 60 -64 0
21 34 49 0
-24 63 0
1 47 -49 0
20 43 64 0
-2 -11 42 0
8 -46 0
-26 -67 0
-62 -64 0
-7 -34 0
25 27 0
-2 61 67 0
-7 55 0
11 -24 0
-53 -57 0
-13 35 0
6 -32 0
1 -21 -40 0
-8 9 55 0
11 -33 0
24 52 0
-29 -32 -39 0
-38 42 -57 0
-17 23 55 0
-4 14 -39 0
-4 55 0
36 66 0
31 47 0
9 -15 -65 0
-21 33 0
32 40 -54 0
-35 -63 0
31 -44 58 0
-14 48 0
40 57 0
24 49 -58 0
-22 42 0
-31 69 0
3 -11 -68 0
-10 -43 0
-15 -29 42 0
23 39 -40 0
46 49 0
3 -25 37 0
6 -16 66 0
-14 35 0
-3 9 0
-12 -13 41 0
-11 54 0
-20 48 54 0
-18 -57 0
-14 -15 -60 0
-46 -65 0
4 16 0
-43 49 0
-13 22 -27 0
-50 -58 0
-26 -27 -57 0
28 62 0
-28 32 53 0
-31 -59 0
-12 -49 0
15 -30 60 0
28 48 -65 0
-8 -48 0
24 -43 0
-34 58 -67 0
-31 65 0
7 51 0
-10 58 0
27 28 -56 0
-32 -47 0
7 17 37 0
-34 60 66 0
-24 44 52 0
-4 25 -61 0
-17 -22 0
-21 -27 36 0
-4 54 0
53 -55 0
6 26 0
-11 48 0
-37 44 47 0
-16 24 -69 0
-25 -54 -57 0
-3 -14 0
5 15 0
4 24 29 0
15 -29 -60 0
48 -53 57 0
2 32 49 0
-31 -39 -66 0
27 -50 0
-9 -16 -69 0
7 -14 -19 0
4 33 -41 0
-16 -37 -38 0
36 43 -62 0
38 -45 58 0
23 25 29 0
22 35 46 0
6 -13 0
-13 36 0
-57 61 0
8 9 -24 0
-1 57 0
23 -55 0
9 -31 -44 0
32 38 0
-10 34 46 0
-39 -46 -61 0
40 62 -63 0
-11 -44 52 0
-4 66 0
24 -64 0
26 40 42 0
-20 40 0
30 -51 -65 0
-1 39 0
-42 47 0
11 -13 0
12 -36 -66 0
-32 -49 0
-1 -8 42 0
-10 66 0
4 -13 34 0
5 46 0
46 50 66 0
38 -47 -69 0
-1 -23 0
-19 -31 48 0
-31 -35 53 0
44 50 0
-28 52 -57 0
-56 -62 0
-14 -50 0
-10 56 -62 0
-28 -40 59 0
-20 24 -66 0
-38 48 -56 0
-2 -7 69 0
-20 -29 61 0
45 47 0
-7 29 33 0
49 55 -58 0
-44 49 -60 0
28 -52 60 0
-19 -51 0
-33 -45 -55 0
-30 -37 64 0
8 -47 50 0
3 7 -27 0
-7 -33 67 0
-14 -69 0
56 65 -68 0
-2 -3 -61 0
-2 9 -19 0
15 -29 47 0
-9 -39 0
-9 -61 0
-31 45 62 0
17 -69 0
-18 24 -29 0
-13 25 -38 0
-13 35 -37 0
23 63 0
-1 8 0
32 -66 0
-1 -45 -55 0
-2 37 -43 0
-29 38 -57 0
-60 62 0
-11 41 0
16 30 0
8 -22 -31 0
25 -39 0
-6 -18 47 0
-12 30 -40 0
-13 -20 26 0
10 48 0
-29 40 -67 0
-2 -39 0
11 41 -50 0
24 -34 0
26 -43 0
-5 -24 0
-25 30 50 0
10 13 -41 0
13 35 58 0
-4 -34 -66 0
47 -48 -63 0
35 -38 59 0
-24 28 -53 0
-26 -56 69 0
4 -10 49 0
9 -24 0
