p cnf 72 244
29 -41 -69 0
-10 21 0
9 -31 41 0
8 29 59 0
-48 58 0
45 71 -72 0
29 -42 56 0
39 71 0
2 -33 -64 0
-36 40 66 0
-13 53 0
-2 -51 0
-2 12 0
-18 31 -67 0
18 -71 0
32 36 -41 0
-49 -62 0
42 -67 0
-25 -54 0
1 -5 -42 0
-9 -23 24 0
17 68 0
1 47 0
-14 -32 -42 0
26 -56 -65 0
24 63 -68 0
30 45 -66 0
2 -16 -22 0
27 -38 -55 0
-23 -26 64 0
39 -52 -69 0
-1 39 58 0
27 46 -50 0
-4 -47 0
40 -42 0
-17 27 72 0
-9 53 -59 0
2 -22 -34 0
-17 -38 0
-28 46 0
13 39 71 0
-12 -16 -19 0
2 -15 62 0
-6 -22 -29 0
-17 29 67 0
2 8 50 0
7 -10 0
15 -22 -36 0
-38 -50 0
-26 32 -61 0
-43 -49 -50 0
-4 58 0
-22 -36 49 0
-63 -67 0
-9 34 38 0
12 -48 -53 0
-4 -39 -70 0
-4 19 -39 0
16 18 0
-43 68 0
-31 -53 0
40 -51 -67 0
-59 61 65 0
-30 38 62 0
1 -65 0
33 65 0
-20 -21 -56 0
6 13 -60 0
26 50 -61 0
-33 -61 -66 0
-3 12 53 0
17 57 0
-62 72 0
1 -27 -56 0
-1 -34 0
36 37 38 0
-3 -30 61 0
-39 61 0
-12 31 68 0
39 -40 0
12 -23 0
14 71 0
6 8 31 0
-7 -60 0
3 -41 -67 0
-14 -33 68 0
1 7 -63 0
-20 35 -64 0
-24 29 42 0
6 -21 0
14 -59 0
5 14 60 0
2 54 56 0
36 -37 -39 0
-28 35 0
15 -42 66 0
-47 66 0
13 -19 33 0
-31 55 0
11 25 0
-29 39 -48 0
-42 62 0
-44 -55 -65 0
-17 23 52 0
35 44 0
-4 6 68 0
23 33 0
3 -27 63 0
1 -18 0
1 35 -54 0
1 -17 -52 0
2 -8 69 0
-14 -25 -43 0
-42 66 0
-39 54 0
52 -66 0
-34 -53 -54 0
21 -53 69 0
22 62 0
4 -38 0
6 18 -49 0
-2 41 0
-18 -69 0
25 34 -69 0
-19 -27 51 0
-18 -38 0
-5 -16 0
-11 -34 0
-24 36 71 0
-4 47 0
-21 -68 0
24 -29 58 0
-18 -30 -41 0
35 -50 51 0
4 19 -53 0
2 -54 0
28 -55 -63 0
-16 -24 -42 0
-16 -35 0
20 -25 48 0
-38 -44 69 0
17 33 0
21 36 0
-20 -58 0
8 -51 60 0
4 24 0
-32 -39 -54 0
14 55 0
1 -11 0
-7 -11 0
-10 -35 -59 0
-18 31 0
-41 -63 -68 0
15 64 -69 0
-44 -47 -52 0
-30 -67 0
-25 -63 -68 0
-51 -62 0
11 59 -70 0
-5 7 0
4 -12 45 0
-47 -63 0
8 -53 0
40 -60 69 0
-40 71 0
-5 42 68 0
-2 -35 0
15 16 -29 0
-16 -49 66 0
-10 29 -50 0
-17 21 -53 0
4 -34 51 0
-21 -45 52 0
6 57 0
-4 -19 57 0
11 -36 0
-11 27 28 0
-26 29 37 0
47 -53 0
-13 -22 52 0
-19 26 -28 0
-2 -50 0
26 -35 0
-25 -46 50 0
16 43 0
4 16 -35 0
35 -37 0
-32 -60 0
-41 -51 0
4 -56 0
-5 9 25 0
1 69 -71 0
9 -12 44 0
29 -34 0
-56 61 71 0
6 67 0
-3 32 68 0
-27 -33 55 0
-33 -48 69 0
-29 37 38 0
-4 41 0
11 -39 -55 0
-1 29 -56 0
19 35 -53 0
-2 -12 0
4 -9 0
38 -65 0
27 28 -34 0
5 8 58 0
27 -54 0
-33 47 -54 0
-19 -58 0
6 -39 0
-2 -21 72 0
25 -53 -71 0
-18 45 -48 0
-51 -56 0
-10 28 0
-55 -56 0
-8 -33 0
56 63 -70 0
58 67 0
-8 14 0
41 58 70 0
-22 -31 0
37 -65 0
-53 -70 0
-3 -55 57 0
-22 25 51 0
26 35 53 0
6 -58 0
17 -43 -70 0
34 56 72 0
-8 -19 0
-12 31 60 0
-39 55 -60 0
-14 42 0
-12 27 72 0
16 -21 48 0
-1 -16 0
-2 20 0
-36 -57 0
-11 -15 59 0
5 -14 -15 0
