p cnf 76 253
-27 64 75 0
-4 -11 0
57 61 0
6 -7 -22 0
16 51 0
-4 76 0
7 -15 70 0
20 -27 -72 0
36 62 -64 0
-17 64 0
38 -54 0
-6 40 0
-69 -70 0
-5 -41 -44 0
38 56 0
-28 -45 61 0
-3 40 0
10 38 -68 0
7 -15 57 0
-51 59 0
-15 -18 32 0
5 -37 0
20 54 0
-10 -55 0
11 -20 -34 0
-6 -63 0
-23 -24 -73 0
9 64 0
-4 -24 57 0
-32 41 -43 0
26 57 0
12 -14 0
4 49 50 0
-13 25 -73 0
1 -52 0
-38 55 0
-23 37 -54 0
46 -52 55 0
-33 -67 0
3 -4 -15 0
1 7 54 0
38 -60 71 0
-11 -42 -45 0
-20 60 66 0
17 37 66 0
27 32 0
-9 -10 0
-29 -33 62 0
7 75 0
45 -66 73 0
-28 -47 -63 0
20 36 66 0
-19 35 -55 0
19 55 60 0
17 24 0
-14 67 0
3 59 66 0
17 -23 -32 0
-10 26 -55 0
21 61 -66 0
38 54 -70 0
-13 29 -74 0
-25 28 0
1 -36 56 0
-43 -51 64 0
15 23 -42 0
34 -44 -58 0
2 33 0
-26 60 -68 0
48 69 0
33 -72 0
-39 -46 67 0
-21 -23 0
4 -41 0
46 57 68 0
8 -54 0
9 49 -73 0
27 34 37 0
9 40 66 0
-16 41 -49 0
24 -31 -72 0
-26 -35 0
-40 45 0
13 -34 -72 0
-7 51 64 0
34 -63 67 0
-39 -74 0
15 38 0
-8 -49 73 0
-37 -50 76 0
19 57 0
21 -62 0
14 23 -36 0
30 -36 0
7 9 45 0
12 -62 -67 0
-21 41 -64 0
-2 40 73 0
20 -57 64 0
5 -48 53 0
-10 -53 -59 0
8 -17 0
-6 -14 -71 0
31 -71 72 0
-1 3 -16 0
8 -14 0
-2 35 -56 0
-4 13 57 0
43 -76 0
27 -40 0
52 -67 0
-4 11 -20 0
-14 -30 53 0
32 -56 65 0
-21 52 0
20 -34 61 0
-41 47 0
-7 14 -28 0
26 -43 46 0
-25 -31 0
20 39 0
40 -49 0
-10 -18 -32 0
10 22 76 0
6 47 -55 0
8 26 -31 0
-33 50 -75 0
28 -45 72 0
38 -72 0
41 -63 64 0
-34 46 0
-21 29 60 0
21 45 -57 0
-12 -26 -43 0
11 -29 32 0
-10 -35 0
8 -55 -60 0
-45 -54 -60 0
-5 -13 34 0
-47 55 0
50 -55 73 0
4 28 34 0
-14 44 -59 0
-8 -31 -47 0
10 72 0
11 18 -76 0
-21 -27 -38 0
-6 30 75 0
-2 65 67 0
-14 -17 -46 0
46 -59 71 0
29 -50 71 0
27 69 70 0
3 -14 -36 0
-10 18 -57 0
-4 -18 -61 0
9 32 49 0
5 64 0
34 -53 -63 0
23 38 -47 0
-21 31 0
-32 36 66 0
29 -43 0
33 67 -71 0
19 22 -73 0
20 -29 72 0
30 48 63 0
26 48 49 0
16 18 -67 0
-11 -14 -73 0
-8 15 28 0
17 40 -49 0
-59 -67 -69 0
45 62 0
3 17 -44 0
4 19 -20 0
-15 60 -65 0
-4 -49 -58 0
-19 59 73 0
-39 -73 0
-7 8 -50 0
-69 72 -76 0
-45 -52 -70 0
-37 57 0
-30 37 -71 0
-4 -41 47 0
-3 17 0
5 47 0
-14 -74 0
9 -21 30 0
1 -6 -58 0
-39 50 65 0
30 -59 63 0
9 -47 65 0
-3 -32 -49 0
25 57 -69 0
27 40 -54 0
65 -76 0
-1 53 0
51 -54 -66 0
-37 -66 67 0
12 -73 0
-14 -52 -73 0
-3 30 0
-43 -44 51 0
-19 -34 -42 0
8 -48 52 0
-40 -54 -60 0
32 -56 74 0
-46 -60 71 0
-40 43 -48 0
-27 45 0
-1 18 -39 0
6 -8 -27 0
-8 -11 -72 0
-43 -68 73 0
-27 62 0
-10 -20 -71 0
-8 -17 54 0
-55 63 0
17 -39 -42 0
-2 -23 0
34 41 0
-24 25 -44 0
5 52 0
-32 -68 0
16 22 0
20 24 69 0
14 61 0
-3 -49 0
-36 -42 0
-10 -70 0
57 -68 0
10 -20 -68 0
-57 -58 -62 0
54 61 0
-11 -39 -59 0
67 75 0
-4 23 -40 0
10 -63 0
25 -30 68 0
13 32 -44 0
-3 48 0
57 63 -65 0
4 24 -56 0
15 -51 0
15 35 -42 0
-30 39 65 0
-25 46 0
-4 -26 54 0
-24 70 0
8 25 40 0
18 25 38 0
