p cnf 89 331
-22 -40 57 0
-9 55 -82 0
-37 -71 0
56 83 -86 0
-24 38 -50 0
-20 -55 -89 0
34 54 -55 0
10 -89 0
51 58 60 0
-2 80 0
-13 -34 0
-17 36 -71 0
-18 35 88 0
-36 39 64 0
23 -45 67 0
-62 75 87 0
-20 60 88 0
45 68 84 0
-2 -12 44 0
17 -42 -48 0
56 66 68 0
2 31 65 0
-21 65 -68 0
12 -41 73 0
24 -57 -80 0
7 24 65 0
-18 34 0
50 -53 60 0
27 45 -57 0
38 42 0
-30 -49 -87 0
-47 71 85 0
22 -67 -89 0
-21 72 -78 0
7 -33 -38 0
18 39 75 0
-1 -29 77 0
-28 -66 79 0
-15 -28 41 0
28 34 55 0
-61 67 69 0
9 48 55 0
12 38 61 0
-10 -48 56 0
-10 33 -78 0
-23 37 77 0
-14 -49 70 0
-14 -29 52 0
-27 50 61 0
4 -12 -49 0
63 -67 0
3 -33 52 0
-36 42 73 0
-34 -41 -48 0
-4 52 89 0
5 -22 76 0
-19 37 60 0
21 -41 -81 0
29 -63 0
-17 -57 72 0
45 -48 57 0
-17 33 88 0
-7 43 -45 0
16 65 -75 0
31 -40 -54 0
-15 35 59 0
-9 23 63 0
-26 -75 -78 0
6 32 -36 0
21 52 57 0
1 52 72 0
31 -83 0
-43 47 -87 0
11 33 -85 0
-12 -18 -43 0
-76 -85 87 0
-17 50 -74 0
-24 -71 76 0
-6 36 69 0
-37 43 56 0
30 -48 65 0
-27 69 80 0
16 -61 73 0
6 9 -65 0
13 45 71 0
-50 53 -73 0
-16 29 43 0
44 86 89 0
17 46 -86 0
-26 -72 0
15 54 85 0
-2 53 76 0
-8 -61 -72 0
9 -40 -74 0
-29 -44 62 0
43 -60 0
53 -71 0
-3 -10 -57 0
-28 -70 -72 0
15 37 85 0
35 40 66 0
9 10 83 0
-18 84 0
3 27 -38 0
-36 -52 56 0
23 40 -84 0
-41 78 -80 0
-58 80 -82 0
-38 -48 -77 0
-26 -38 0
-9 70 -78 0
2 -9 32 0
-25 -50 0
15 -44 0
28 -57 88 0
10 35 44 0
-32 50 -60 0
-29 -48 73 0
-8 28 -38 0
-24 66 -68 0
53 75 -79 0
-15 -40 84 0
-27 -33 63 0
-47 59 83 0
-43 -60 86 0
-33 -51 -58 0
7 36 -81 0
1 -27 -75 0
-13 25 -58 0
34 -41 -59 0
31 -34 -88 0
-25 -56 80 0
-43 -72 89 0
-1 -6 78 0
-43 -48 0
-30 47 65 0
-24 34 83 0
-74 -80 0
47 79 84 0
-46 54 -85 0
-5 34 -41 0
31 60 0
-3 38 43 0
9 -50 56 0
-31 78 81 0
-6 -39 57 0
9 73 79 0
-34 37 50 0
3 -9 42 0
-37 -43 -57 0
-41 -63 -88 0
-10 -62 -68 0
11 -22 -24 0
-17 49 74 0
27 -48 65 0
-4 -31 82 0
-61 65 -77 0
-58 67 71 0
10 -20 55 0
-1 11 73 0
37 76 -82 0
31 67 86 0
-4 20 -64 0
-36 41 -51 0
58 -72 -77 0
-26 42 -49 0
-27 69 83 0
27 42 57 0
10 13 63 0
-9 -36 84 0
12 -46 0
2 15 83 0
-34 35 -77 0
-42 -60 85 0
-4 -59 61 0
-2 -60 -71 0
10 45 89 0
39 64 -76 0
-15 -77 87 0
-14 -39 -58 0
18 79 0
-21 28 79 0
14 59 64 0
19 40 60 0
-2 -34 41 0
-9 -78 79 0
-64 70 0
23 -86 0
-41 -70 80 0
1 -5 64 0
7 13 66 0
-35 -46 -49 0
-13 27 -75 0
-52 68 74 0
5 -23 67 0
38 -61 64 0
-61 80 83 0
54 66 -69 0
17 31 62 0
6 -34 -44 0
-21 64 85 0
-9 -23 -80 0
2 40 51 0
-24 48 71 0
-27 44 -78 0
9 -64 -66 0
44 59 60 0
5 58 0
-14 24 -64 0
4 -23 68 0
12 23 -83 0
9 53 -58 0
4 12 -26 0
2 52 -70 0
57 77 83 0
-5 14 81 0
14 -44 60 0
-27 -56 -61 0
-14 -64 0
7 45 48 0
-11 -41 65 0
48 79 0
42 48 65 0
-17 52 -61 0
19 -28 -48 0
-18 -51 81 0
-7 -10 -11 0
-11 -34 -78 0
9 21 86 0
-27 29 87 0
-27 59 -81 0
11 24 62 0
-4 -11 -59 0
37 76 0
48 51 0
-26 -27 -73 0
-14 85 0
-14 22 37 0
-30 -36 43 0
-53 55 64 0
6 -11 42 0
10 -53 0
-27 -34 79 0
14 -20 34 0
-6 -57 -70 0
24 -36 -78 0
23 -27 -49 0
-12 70 0
-38 -61 0
73 87 0
53 -85 0
7 -15 32 0
-10 -21 52 0
-50 -57 0
-25 -37 -82 0
-33 -41 49 0
-10 41 48 0
-6 53 72 0
27 -80 86 0
19 -79 86 0
-47 54 0
-7 62 87 0
-29 38 81 0
-49 -80 89 0
-3 24 -26 0
22 -45 -64 0
7 20 61 0
9 10 -20 0
-19 20 69 0
-11 -38 61 0
24 -59 0
8 -22 -29 0
-23 24 0
-7 27 52 0
26 -53 59 0
5 64 -84 0
30 56 -74 0
-30 -35 -42 0
-20 -38 -67 0
-12 -21 -49 0
-28 29 46 0
-45 -77 80 0
16 25 39 0
-6 -81 -89 0
-9 -74 -85 0
-34 60 0
-54 -78 0
37 65 -85 0
62 79 89 0
-26 -60 -66 0
-20 -47 88 0
-1 -11 -20 0
-10 -14 -80 0
19 -32 -61 0
23 25 48 0
62 -73 74 0
48 -81 0
-40 -43 -85 0
28 -41 61 0
15 19 26 0
-61 -88 0
-25 -50 0
6 -50 56 0
-36 -68 0
27 84 -87 0
41 52 67 0
-4 -17 -68 0
-1 83 0
-15 34 0
29 -68 75 0
16 -34 -75 0
30 -74 -85 0
14 21 -77 0
21 -56 -67 0
-11 -43 -87 0
26 37 -48 0
-29 -64 87 0
-37 -47 84 0
-17 -32 -82 0
-31 -63 -75 0
-16 -20 25 0
-16 -62 74 0
-7 28 -65 0
10 -30 75 0
-14 63 88 0
36 65 74 0
22 -26 -89 0
47 -65 77 0
25 31 0
7 44 0
-71 -87 0
