p cnf 77 257
-27 65 76 0
-4 -11 0
57 62 0
6 -7 -22 0
16 51 0
8 -9 -29 0
-4 77 0
7 -15 71 0
20 -27 -73 0
37 63 -65 0
-17 65 0
39 -54 0
-6 41 0
-70 -71 0
-5 -42 -45 0
39 56 -61 0
-28 62 0
-3 41 0
10 39 -69 0
7 -15 57 0
-51 59 -61 0
-15 -18 33 0
5 -38 0
20 54 0
-5 34 0
-10 -55 0
11 -20 -35 0
-6 -64 0
-23 -24 -74 0
9 65 0
-4 -24 57 0
-33 42 -44 0
26 57 -61 0
4 49 50 0
-13 25 -74 0
1 -52 0
-39 55 0
-23 38 -54 0
46 -52 55 0
-34 -68 0
3 -4 -15 0
1 7 54 0
39 -60 72 0
-11 -43 0
-20 60 67 0
61 -65 0
17 38 67 0
27 33 -61 0
-30 -34 63 0
7 76 0
-28 -47 -64 0
20 37 67 0
-19 36 -55 0
19 55 60 0
17 24 29 0
-14 68 0
3 59 67 0
17 -23 -33 0
-10 26 -55 0
21 62 -67 0
39 54 -71 0
-13 30 -75 0
19 61 -67 0
-25 28 0
1 -37 56 0
-44 -51 65 0
15 23 -43 0
35 -45 -58 0
2 34 0
-26 60 -69 0
48 -61 70 0
34 -61 -73 0
-40 -46 68 0
-21 -23 0
46 57 69 0
8 -54 0
9 49 -74 0
27 35 38 0
9 41 67 0
-16 42 -49 0
24 -32 -73 0
-26 -36 0
13 -35 -73 0
-7 51 65 0
35 -64 68 0
-40 -75 0
15 39 0
-8 -49 74 0
-38 -50 77 0
19 57 0
29 61 0
21 -63 0
14 23 -37 0
31 -37 0
12 -63 -68 0
-21 42 -65 0
-2 41 74 0
20 -57 65 0
5 -48 53 0
-10 -53 -59 0
8 -17 -61 0
-6 -14 -72 0
32 -72 73 0
-1 3 -16 0
8 -14 0
-2 36 -56 0
14 -59 61 0
-4 13 57 0
44 -77 0
52 -68 0
-4 11 -20 0
-14 -31 53 0
33 -56 66 0
-21 52 -61 0
20 -35 62 0
-42 47 0
-7 14 -28 0
26 -44 46 0
-25 -32 0
20 40 0
41 -49 0
-10 -18 -33 0
10 22 77 0
6 47 -55 0
8 26 -32 0
-34 50 -76 0
28 73 0
39 -61 -73 0
42 -64 65 0
-35 46 0
-7 46 61 0
-21 30 60 0
-29 -33 -52 0
-12 -26 -44 0
39 48 61 0
11 -30 33 0
-10 -36 0
8 -55 -60 0
-54 -60 0
-5 -13 35 0
-47 55 0
50 -55 74 0
4 28 35 0
-14 45 -59 0
-8 -32 -47 0
10 73 0
11 18 -77 0
-21 -27 -39 0
-6 31 76 0
-2 66 68 0
-14 -17 -46 0
46 -59 72 0
30 -50 72 0
27 70 71 0
3 -14 -37 0
-10 18 -57 0
-4 -18 -62 0
9 33 49 0
5 65 0
35 -53 -64 0
23 39 -47 0
-21 32 0
-33 37 67 0
30 -44 0
34 68 -72 0
19 22 -74 0
20 -30 73 0
31 48 64 0
26 48 49 0
16 18 -68 0
-11 -14 -74 0
-8 15 28 0
17 41 -49 0
-59 -68 -70 0
3 17 -45 0
4 19 -20 0
-28 -29 30 0
-15 60 -66 0
-4 -49 -58 0
-19 59 74 0
-40 -74 0
-7 8 -50 0
-70 73 -77 0
-52 -71 0
-38 57 0
-31 38 -72 0
-4 -42 47 0
-3 17 0
-29 68 -73 0
5 47 0
-14 -75 0
9 -21 31 0
1 -6 -58 0
-40 50 66 0
31 -59 64 0
9 -47 66 0
-3 -33 -49 0
25 57 -70 0
27 41 -54 0
-61 66 -77 0
-1 53 0
51 -54 -67 0
-38 -67 68 0
12 -74 0
-14 -52 -74 0
-3 31 0
-44 -45 51 0
-19 -35 -43 0
8 -48 52 0
-41 -54 -60 0
33 -56 75 0
-46 -60 72 0
-41 44 -48 0
-1 18 -40 0
6 -8 -27 0
-3 -56 0
-8 -11 -73 0
-44 -69 74 0
-27 63 0
-10 -20 -72 0
-8 -17 54 0
29 -55 64 0
17 -40 -43 0
-2 -23 0
7 -28 61 0
35 42 0
-24 25 -45 0
5 52 0
-33 -69 0
20 24 70 0
14 62 0
-3 -49 0
-37 -43 0
25 -30 61 0
57 -69 0
10 -20 -69 0
-57 -58 -63 0
-3 -49 61 0
54 62 0
-11 -40 -59 0
68 76 0
-4 23 -41 0
10 -64 0
25 -31 69 0
13 33 -45 0
-3 48 0
57 64 -66 0
4 24 -56 0
15 -51 0
15 36 -43 0
-31 40 66 0
21 47 61 0
-25 46 0
-4 -26 54 0
-24 -61 71 0
8 25 41 0
18 25 39 0
