p cnf 90 347
-20 46 57 0
13 -48 83 0
2 -25 84 0
-14 24 -48 0
-6 -34 45 0
-15 -42 -61 0
23 -35 -46 0
-48 -67 -78 0
11 -30 0
6 47 -84 0
63 75 88 0
-48 52 89 0
15 -52 85 0
12 -26 -55 0
9 -49 -80 0
-28 55 -89 0
-65 70 0
-4 43 -48 0
-4 -44 60 0
29 -59 -77 0
-27 30 -48 0
-21 22 -63 0
-19 -38 43 0
36 -54 -74 0
43 -65 -78 0
-57 -70 76 0
-3 -10 21 0
-26 -28 39 0
-45 -67 -70 0
-28 40 0
20 29 76 0
-4 9 -32 0
50 -63 -66 0
40 -57 -63 0
2 88 -90 0
6 59 64 0
1 -24 65 0
-40 -43 58 0
41 78 90 0
20 31 69 0
-38 -39 -83 0
-29 69 76 0
-41 -48 69 0
-63 -84 89 0
-27 -30 50 0
-11 -18 -54 0
30 71 79 0
-4 53 -85 0
11 67 82 0
-21 33 -44 0
24 -55 -64 0
3 58 76 0
-27 47 65 0
-32 67 -84 0
60 -79 0
-25 -62 0
56 60 77 0
43 66 -79 0
-12 -41 0
72 -85 87 0
31 -35 0
7 11 53 0
13 -22 71 0
19 33 -36 0
-8 -21 85 0
56 -65 -77 0
36 84 0
-12 17 -89 0
-1 30 -77 0
19 -30 56 0
-35 -85 0
-29 79 81 0
8 61 0
1 58 -83 0
-28 -65 -67 0
-17 -36 -50 0
39 43 0
-32 -38 44 0
12 53 69 0
13 26 29 0
1 15 -32 0
-33 -34 0
-43 -86 -88 0
-30 -48 -81 0
-4 5 72 0
-1 -9 29 0
23 -72 81 0
19 47 0
27 -70 78 0
-7 8 10 0
1 39 -84 0
-34 59 71 0
31 -79 0
7 12 15 0
48 62 88 0
84 86 -89 0
-5 -24 -88 0
3 39 0
22 -66 89 0
10 -40 -84 0
-13 -68 -73 0
-4 17 79 0
-4 15 50 0
23 36 -60 0
-15 31 40 0
-2 -34 -38 0
-13 -17 83 0
5 58 81 0
38 -50 83 0
-24 -58 -75 0
27 58 64 0
-23 -41 82 0
-8 53 83 0
-43 79 0
-32 78 -84 0
-13 83 0
-8 -14 -47 0
1 46 -47 0
-41 -52 83 0
1 10 -14 0
23 35 40 0
-44 -59 80 0
13 74 -85 0
-31 -49 -80 0
12 58 -72 0
34 -58 -85 0
54 -78 81 0
-3 21 34 0
-4 -44 0
-37 -73 81 0
-19 79 82 0
-1 -61 -88 0
49 90 0
-79 81 -87 0
-16 52 -76 0
-15 37 -46 0
12 60 82 0
31 54 63 0
56 65 -82 0
17 -69 0
14 81 82 0
21 -26 58 0
30 -32 85 0
-64 69 -78 0
70 -71 -85 0
-51 64 -68 0
29 86 -89 0
23 73 -87 0
4 -89 0
-47 -51 -73 0
-22 53 68 0
44 49 77 0
72 75 0
6 78 79 0
-20 -31 62 0
-13 -25 43 0
-31 55 -56 0
-36 73 0
18 24 68 0
-28 -59 0
19 31 0
50 -52 88 0
-13 38 90 0
22 -27 -90 0
47 -56 0
58 -62 0
-33 -49 -60 0
-13 46 -53 0
8 -34 -67 0
-5 34 -58 0
-33 42 72 0
-30 -42 52 0
15 36 42 0
-11 -23 -86 0
18 39 63 0
19 -29 47 0
14 -52 -59 0
13 -61 88 0
-44 -54 -89 0
38 -41 43 0
1 -46 0
50 67 81 0
-54 -71 -73 0
-21 22 72 0
6 40 -63 0
13 82 0
72 78 86 0
-18 75 90 0
-3 26 81 0
38 90 0
-20 62 -66 0
-32 -76 0
50 -75 -86 0
-12 27 54 0
33 49 87 0
-6 -36 -54 0
8 47 74 0
-50 76 -89 0
39 76 90 0
-9 23 -62 0
39 -74 76 0
57 -72 0
5 15 41 0
-22 81 -82 0
-33 -85 0
38 -53 -74 0
9 -38 -56 0
8 90 0
-48 -83 -86 0
-2 11 -17 0
-6 46 58 0
31 57 -69 0
-34 -36 75 0
-13 -29 45 0
-6 -13 -59 0
11 28 80 0
3 -69 86 0
61 -65 0
1 -47 -89 0
15 -69 0
3 -42 68 0
73 -74 0
10 67 86 0
23 33 0
20 66 73 0
-23 39 -42 0
-23 -58 -62 0
25 61 -71 0
-50 57 0
15 56 -58 0
-83 84 89 0
5 13 -58 0
28 33 63 0
31 -39 -66 0
27 -66 -79 0
16 -31 -40 0
-5 -14 -39 0
33 48 75 0
4 -32 -74 0
-24 27 0
50 -65 86 0
-25 27 64 0
-9 -55 -79 0
14 40 -82 0
-35 -51 59 0
39 40 -79 0
-50 70 89 0
-44 49 -54 0
1 26 0
-38 51 60 0
-27 50 -90 0
-46 -51 -70 0
28 72 -80 0
-20 -43 80 0
-12 26 -74 0
-16 -49 -77 0
12 13 -65 0
-26 27 53 0
-11 -13 -64 0
-41 -48 -58 0
38 52 -68 0
24 28 70 0
-59 -75 87 0
-81 89 -90 0
10 44 90 0
5 -23 44 0
-51 81 0
2 26 0
27 -36 -63 0
-50 61 67 0
4 17 33 0
32 -37 81 0
7 34 -41 0
-24 32 51 0
39 -62 -65 0
1 -31 84 0
-2 17 19 0
-18 -47 77 0
10 14 83 0
20 -40 0
57 63 0
36 37 -59 0
-23 -32 -55 0
-25 90 0
16 -42 -53 0
6 15 -90 0
14 23 -74 0
-60 64 -88 0
-9 -61 0
3 35 -70 0
21 -44 -76 0
33 -52 71 0
2 21 -36 0
-11 16 -39 0
-22 -53 -83 0
-27 -77 0
26 -81 -86 0
36 63 -88 0
-14 -64 69 0
10 -32 -67 0
-26 29 -67 0
50 55 0
24 -53 -77 0
14 53 -54 0
8 46 71 0
17 -64 -70 0
-40 68 -76 0
65 -79 0
27 -73 0
-13 29 -45 0
-10 15 -35 0
17 -51 -57 0
-1 4 -59 0
5 20 41 0
-1 -10 -15 0
36 72 -79 0
-58 63 -76 0
-10 32 61 0
19 -72 90 0
-41 -58 82 0
20 -66 0
-25 50 55 0
20 -50 -58 0
-46 -75 -78 0
-6 -36 -86 0
7 -22 44 0
35 58 -84 0
-28 60 -69 0
19 -44 55 0
-10 58 84 0
6 11 79 0
24 66 -70 0
25 44 0
2 57 -85 0
56 -77 78 0
22 53 58 0
-16 34 78 0
-9 45 0
21 49 0
-23 -25 -34 0
41 -76 -87 0
59 -74 75 0
1 7 0
-31 62 -74 0
8 46 -85 0
29 58 79 0
-24 28 -41 0
