p cnf 87 319
82 84 0
29 33 0
-1 -27 -73 0
21 -50 -69 0
-2 76 78 0
23 24 83 0
1 -41 62 0
-23 -56 -57 0
-16 -22 44 0
-29 35 -59 0
58 -71 -82 0
12 22 62 0
-15 -23 -70 0
-25 86 0
3 -57 59 0
-10 -42 73 0
14 59 0
-18 49 87 0
-2 -75 76 0
51 -81 -84 0
14 54 -70 0
-1 63 0
-9 39 59 0
-11 72 0
-40 67 76 0
19 -43 -85 0
-20 -25 58 0
8 25 42 0
50 -65 -66 0
7 17 -34 0
39 -71 -81 0
9 -53 60 0
-20 21 59 0
18 -63 76 0
-34 51 0
-39 41 80 0
-36 42 84 0
16 -48 -86 0
-16 32 57 0
11 -22 60 0
-15 50 -79 0
-50 55 -62 0
24 -29 -30 0
-10 -17 27 0
-6 -41 -83 0
2 29 62 0
-13 -30 83 0
-18 -57 69 0
-17 23 -36 0
33 58 85 0
6 -58 0
-27 -36 -39 0
-19 42 -50 0
18 -49 0
24 47 0
-1 74 0
-16 76 0
18 -35 76 0
-12 13 -40 0
-17 -83 0
-78 81 83 0
-57 59 65 0
-46 -66 -83 0
-2 36 80 0
8 79 -87 0
-24 -37 -77 0
-8 -34 -62 0
-4 22 83 0
-8 34 -65 0
-1 -38 -80 0
16 78 -84 0
-4 80 -84 0
-13 -60 69 0
5 -16 19 0
51 -52 82 0
-43 -53 61 0
-61 -63 -81 0
22 43 58 0
50 -81 0
1 -4 73 0
8 -48 0
-5 7 53 0
-7 15 79 0
12 44 79 0
-33 37 0
31 -41 71 0
20 -82 -87 0
-9 -42 69 0
20 51 0
-61 63 -85 0
41 -53 70 0
-21 -38 78 0
10 30 0
25 -52 87 0
-8 24 -63 0
-5 -37 57 0
-28 31 -66 0
4 25 -81 0
51 -57 73 0
-43 68 -69 0
16 -39 -41 0
-12 28 -35 0
-6 19 -28 0
12 -38 -63 0
11 -39 0
-8 10 61 0
42 64 0
15 -27 0
13 23 -47 0
-10 65 0
-24 26 0
47 67 0
-52 -67 78 0
-38 42 -78 0
5 -14 55 0
-17 -36 49 0
6 42 -43 0
33 66 0
5 -37 44 0
11 29 66 0
4 -21 49 0
-17 -36 71 0
22 29 54 0
-29 49 0
7 41 -85 0
-47 -72 -86 0
63 -71 82 0
4 -49 -59 0
18 41 43 0
2 -42 -71 0
-25 -53 0
-57 -61 -63 0
8 -46 -53 0
23 -49 79 0
-7 -40 70 0
-27 49 -73 0
-9 -23 33 0
49 -68 70 0
-32 69 0
22 66 -77 0
17 23 73 0
41 64 69 0
-25 -59 62 0
15 34 43 0
-12 37 -82 0
25 -57 67 0
-37 -40 44 0
22 -78 -80 0
22 -46 -56 0
8 -58 0
63 79 0
5 -34 70 0
21 -64 79 0
30 40 -79 0
53 70 0
-3 12 -79 0
4 26 -34 0
-6 45 -81 0
2 37 -50 0
34 36 -82 0
3 7 -53 0
2 -69 -85 0
37 41 -73 0
3 -63 -69 0
-6 29 67 0
37 42 47 0
10 -37 81 0
-11 38 65 0
37 77 0
5 12 -62 0
-15 40 -61 0
-35 -55 -78 0
-6 16 -52 0
8 27 0
19 22 -23 0
46 54 -59 0
-25 32 0
-45 -54 0
-43 84 86 0
-28 -50 85 0
22 -33 -72 0
18 -20 61 0
24 48 76 0
27 -38 66 0
44 45 60 0
43 -52 81 0
21 36 0
21 -51 67 0
-38 61 81 0
16 29 -37 0
-40 -50 -60 0
45 66 -84 0
-47 -87 0
10 -27 -63 0
-10 -19 -42 0
40 53 -66 0
-21 -47 -64 0
-47 60 0
-81 -85 -87 0
-13 -77 78 0
4 -10 74 0
-69 -81 0
-53 67 79 0
52 -55 -68 0
53 -55 57 0
-13 -83 0
-22 55 77 0
6 61 72 0
-11 65 -70 0
10 25 -33 0
60 65 73 0
22 42 87 0
12 64 0
16 37 81 0
-20 -31 82 0
58 -61 -84 0
18 -73 74 0
22 -31 -47 0
17 -67 70 0
74 -83 86 0
12 15 -66 0
13 -26 -74 0
-50 -51 0
-38 -79 0
14 26 -81 0
23 54 75 0
-20 29 -85 0
-46 62 77 0
12 65 0
33 -61 69 0
21 75 -81 0
-24 -73 -76 0
-16 -34 45 0
-63 85 0
28 37 -43 0
-1 17 0
21 55 71 0
-5 -49 51 0
29 -50 -66 0
-15 20 -42 0
-43 -59 -77 0
47 63 0
14 -70 87 0
-42 47 84 0
38 -43 -58 0
-60 -62 -63 0
27 63 72 0
-15 40 80 0
35 -58 63 0
-62 -73 -87 0
8 -36 -84 0
-29 -33 -73 0
-10 11 36 0
-32 41 -68 0
21 27 57 0
-3 12 -62 0
40 -63 68 0
53 -58 -71 0
30 35 -71 0
10 -28 73 0
-19 28 47 0
24 33 60 0
13 -60 63 0
13 24 -60 0
-34 -60 -83 0
-23 43 -79 0
36 56 59 0
57 -61 -66 0
-4 13 -16 0
43 -47 61 0
28 44 -45 0
45 58 63 0
5 31 -40 0
-23 39 58 0
-8 -12 62 0
-16 25 42 0
29 55 -73 0
55 62 84 0
-26 31 0
32 -48 -49 0
-10 25 70 0
-34 -62 72 0
29 43 -64 0
17 -50 -57 0
-13 62 72 0
-17 39 -73 0
-8 -29 -76 0
28 -32 -83 0
22 -56 -84 0
5 -8 42 0
-1 -62 -83 0
30 -69 86 0
9 -17 82 0
-20 -39 -78 0
-28 51 -57 0
6 -23 -86 0
10 48 -75 0
21 -80 0
-38 71 -86 0
-27 -39 -72 0
3 8 -80 0
38 40 49 0
13 -40 0
24 -42 -50 0
2 -15 0
18 -29 66 0
-15 26 0
19 31 -74 0
-14 35 77 0
9 76 0
5 71 0
-50 -58 59 0
55 -69 -78 0
-45 67 -82 0
-39 -57 -67 0
7 -15 81 0
-1 -49 -75 0
26 -45 80 0
-6 43 58 0
