p cnf 93 359
1 44 58 0
-30 49 0
-3 -32 -37 0
-21 -85 86 0
-69 -73 93 0
39 -48 82 0
-14 43 88 0
37 -38 -93 0
26 -35 63 0
-21 57 0
6 -32 -77 0
-23 27 43 0
-5 17 78 0
-15 75 0
22 34 -77 0
32 -39 -56 0
-3 19 -52 0
-13 -18 -63 0
28 31 85 0
-34 49 76 0
4 -54 56 0
-8 33 40 0
73 92 0
5 28 67 0
40 -44 -85 0
22 34 65 0
11 12 -42 0
-52 -53 -69 0
25 33 65 0
-14 -46 -58 0
38 -51 -92 0
-65 78 79 0
-26 -67 -72 0
-3 -35 -71 0
-12 -18 -57 0
11 -12 0
-5 -48 -83 0
47 49 92 0
1 37 -72 0
35 50 0
53 -64 -77 0
6 46 50 0
9 29 -66 0
-23 -64 0
-26 76 81 0
-12 -30 60 0
-70 85 0
-34 -68 0
-42 45 -61 0
-33 42 -57 0
36 -38 70 0
-34 76 -85 0
44 -72 -85 0
18 -49 85 0
44 46 76 0
59 -68 93 0
25 42 -57 0
-62 -63 0
63 84 -87 0
-38 -64 -79 0
36 -51 -80 0
-16 -31 -35 0
-73 -83 0
-29 70 0
-30 -32 49 0
-65 -89 0
-6 23 -93 0
28 30 31 0
-1 54 -64 0
-16 26 -52 0
-42 -58 79 0
13 -57 -62 0
38 -89 0
-25 36 -90 0
5 -66 84 0
6 -34 -43 0
-25 46 -72 0
12 28 -71 0
-77 84 87 0
-29 -52 63 0
5 -6 -88 0
7 -86 89 0
47 -60 65 0
15 -16 -90 0
2 15 -83 0
6 11 55 0
-43 45 -91 0
-9 51 -59 0
42 52 -79 0
-33 -51 82 0
43 -76 79 0
-38 -61 83 0
-33 -90 0
-5 22 -68 0
-9 -72 76 0
24 50 -91 0
-29 39 0
-76 -77 89 0
-13 -36 80 0
8 21 43 0
-8 -39 89 0
57 -76 -77 0
-23 79 82 0
1 -27 53 0
-28 33 66 0
-2 -46 -66 0
33 42 -83 0
64 82 93 0
-6 -47 59 0
-15 46 93 0
6 78 0
-21 -84 0
4 44 86 0
-1 -44 -88 0
33 -68 78 0
38 -70 89 0
-23 56 91 0
-38 -42 -90 0
-13 -57 -68 0
-7 -46 -71 0
-1 -27 84 0
20 30 -47 0
35 52 91 0
-10 -33 -88 0
49 86 -88 0
-30 50 -79 0
-36 64 -83 0
9 13 -55 0
-9 -31 53 0
-19 -56 60 0
-14 -27 -55 0
20 -32 0
-10 -61 -79 0
-21 25 -52 0
-4 60 85 0
-54 -82 0
53 -82 -92 0
-7 -26 -47 0
37 -69 78 0
-3 -21 -67 0
50 90 -91 0
-16 -26 69 0
47 51 86 0
25 30 74 0
12 -14 74 0
-42 -44 62 0
33 -53 -88 0
13 -74 75 0
-24 -38 -60 0
21 22 -89 0
-15 35 41 0
-74 -78 91 0
64 73 -87 0
35 46 51 0
14 -15 -33 0
21 32 81 0
-17 52 63 0
4 14 80 0
-17 -35 -46 0
4 12 -45 0
6 -7 -34 0
-23 46 93 0
24 -32 82 0
-19 -38 -60 0
-50 67 0
51 -68 -93 0
34 78 0
-15 -86 -88 0
17 18 -72 0
18 54 85 0
-2 -36 65 0
-3 65 -87 0
-46 -63 71 0
22 -30 37 0
-27 46 -54 0
-73 90 0
-10 19 -72 0
49 59 66 0
-9 -66 82 0
-23 32 60 0
-8 -61 -77 0
8 58 71 0
46 -74 0
50 -58 -91 0
4 19 -33 0
-10 -12 -66 0
-11 65 69 0
-10 35 42 0
41 -61 79 0
-7 16 87 0
44 -63 0
-24 32 -70 0
19 31 86 0
-9 52 -89 0
8 -12 -28 0
-50 -73 77 0
52 -72 73 0
22 -45 -49 0
3 -25 41 0
9 76 0
16 32 -60 0
-21 -29 -50 0
-24 -61 -79 0
-27 -58 -63 0
2 -68 -88 0
42 49 54 0
6 -86 0
-2 47 -84 0
77 -85 -89 0
68 87 -92 0
-47 56 65 0
-64 -71 0
30 -37 -65 0
-15 -54 -75 0
67 -84 0
47 63 89 0
-37 -42 85 0
-47 -52 62 0
22 27 42 0
9 -56 0
-29 -57 65 0
74 75 -93 0
68 -79 82 0
8 56 62 0
11 27 45 0
-8 45 46 0
-40 51 -52 0
-41 46 89 0
-9 51 88 0
-4 33 -77 0
17 -21 -43 0
-15 71 -92 0
-22 -71 -73 0
-6 42 57 0
16 25 -81 0
-22 81 0
-5 30 37 0
11 40 -78 0
29 34 0
-5 -65 73 0
43 -54 -88 0
26 -58 0
-18 -44 57 0
26 -65 83 0
-5 13 -62 0
-31 -36 -68 0
-8 45 72 0
-12 21 67 0
42 52 68 0
-10 78 87 0
21 38 -41 0
-43 -50 -60 0
-19 -67 92 0
17 -65 -93 0
4 43 54 0
-6 67 -84 0
-4 15 35 0
2 -50 -90 0
-6 67 -75 0
11 70 -84 0
3 -6 78 0
13 21 -58 0
54 73 -86 0
-35 -65 67 0
38 -84 88 0
44 82 -83 0
35 41 43 0
-3 -70 73 0
23 38 59 0
14 -35 52 0
-6 29 0
-26 -49 77 0
-39 58 86 0
-75 -91 0
3 33 -74 0
33 39 46 0
3 7 -19 0
-31 -34 0
-56 -80 90 0
-8 -20 -83 0
-23 -72 87 0
-39 65 -84 0
13 29 0
30 46 -68 0
12 23 -71 0
-9 60 -82 0
-35 -59 0
-19 46 -87 0
-9 -19 93 0
7 -19 -86 0
-5 37 41 0
14 -33 -79 0
-60 -62 -66 0
-1 15 -66 0
-33 -48 -80 0
-4 39 90 0
24 -27 -48 0
54 -81 0
-3 4 -6 0
-2 22 -42 0
-19 41 78 0
-1 -42 75 0
-53 61 0
15 -28 49 0
-20 -59 -69 0
-8 39 45 0
13 -34 -93 0
41 64 72 0
-24 -82 0
-25 -44 58 0
-10 39 48 0
21 -54 61 0
-8 14 0
11 -51 84 0
-11 -37 -93 0
-9 75 82 0
-57 -69 -79 0
-17 20 54 0
-30 42 86 0
-39 -77 0
-8 -78 80 0
39 42 -83 0
-32 42 -44 0
3 -55 70 0
-33 34 58 0
53 -75 -87 0
-14 -23 -78 0
-14 -26 85 0
-7 -17 93 0
44 80 -89 0
27 34 86 0
-35 -55 78 0
33 42 -67 0
25 49 -70 0
-31 -32 -50 0
32 -54 82 0
19 41 -81 0
-22 -49 -51 0
33 -78 79 0
22 -46 -70 0
-16 -37 86 0
-16 74 0
-8 -55 68 0
22 44 73 0
44 52 -69 0
15 63 -82 0
-52 -59 -66 0
1 -5 37 0
19 58 -66 0
-18 30 -92 0
46 -72 0
-16 -25 -50 0
48 -63 93 0
-22 -36 -61 0
-3 22 24 0
30 43 -92 0
15 -66 0
47 -62 -73 0
-33 -49 -55 0
