p cnf 80 263
-12 15 73 0
38 53 -61 0
28 56 -63 0
15 -51 73 0
20 -26 0
4 16 40 0
37 -53 55 0
-40 -43 60 0
15 24 48 0
-6 46 0
-5 14 -30 0
-9 -64 -70 0
9 10 68 0
-6 44 47 0
7 40 0
-8 60 0
-40 -49 0
-41 58 0
-26 -29 34 0
-1 20 -42 0
52 63 -68 0
34 -56 62 0
-38 79 80 0
-24 31 -74 0
3 14 -54 0
-36 -49 -74 0
32 70 0
15 20 28 0
4 36 -73 0
10 -45 -66 0
6 61 70 0
44 -53 0
-21 -46 0
17 49 -72 0
11 -16 48 0
-49 -50 -72 0
25 29 32 0
-46 -65 -67 0
11 -30 71 0
13 29 79 0
-40 -73 -78 0
-11 -72 0
-23 44 62 0
6 -61 -71 0
6 -37 -59 0
23 38 -55 0
32 43 -53 0
-15 -54 -70 0
-26 46 0
-34 49 0
12 -75 -76 0
7 18 -23 0
39 -40 57 0
20 42 -50 0
2 32 57 0
-49 60 0
-1 13 -27 0
-5 -65 0
-15 -22 63 0
-28 -79 0
26 60 63 0
-15 -44 47 0
-27 -71 0
-21 22 -69 0
-20 -66 73 0
3 -48 0
19 35 59 0
32 58 0
30 -32 0
-26 -64 0
65 66 0
8 27 -71 0
7 -73 0
-21 43 56 0
52 68 -70 0
-5 24 -76 0
-14 -18 23 0
-3 -10 23 0
17 -20 0
-15 73 0
-34 51 -55 0
-45 54 63 0
2 15 -48 0
19 -45 -47 0
-28 58 71 0
-14 -56 -73 0
-38 39 71 0
-17 22 61 0
25 72 0
-18 75 0
-1 27 -51 0
57 72 0
-1 -66 0
-7 -24 35 0
66 -70 -71 0
48 -64 0
-52 69 0
9 68 0
-10 52 -65 0
-31 55 -56 0
22 -62 -64 0
38 -47 -78 0
13 -24 -64 0
-33 -43 0
-20 74 0
-5 -23 43 0
-18 20 0
-3 18 49 0
-35 75 0
-1 7 -64 0
-13 18 79 0
-1 14 44 0
15 -16 0
18 21 -30 0
-26 -27 53 0
15 -62 -78 0
-29 -37 78 0
-18 -56 80 0
-2 3 21 0
-39 44 0
-3 -80 0
4 22 36 0
19 -27 68 0
27 48 63 0
6 -20 65 0
-11 -24 -28 0
7 41 -54 0
-31 -33 52 0
23 62 0
-30 50 -64 0
-43 45 67 0
63 71 0
4 37 -61 0
-53 -69 -71 0
4 -34 -46 0
66 -69 0
30 49 0
-28 -72 0
-27 37 39 0
5 -10 70 0
-13 -18 0
-13 45 69 0
-11 -40 65 0
-32 -59 67 0
31 69 0
18 63 0
18 77 0
12 13 59 0
11 -25 -36 0
4 -10 28 0
-14 -54 -60 0
44 -58 79 0
31 43 0
-14 71 0
14 -39 -65 0
-18 -22 62 0
46 -74 -80 0
4 -29 0
-3 6 -28 0
-44 -56 74 0
25 60 67 0
-30 69 -75 0
-61 -63 80 0
-23 71 0
-15 20 71 0
37 -59 0
12 47 -75 0
-3 65 74 0
-3 24 -75 0
-31 50 64 0
1 3 -54 0
-13 31 57 0
-5 -49 -75 0
12 -28 -31 0
61 -67 0
4 -71 0
48 -59 60 0
29 -65 76 0
9 43 74 0
2 -32 -45 0
-4 45 50 0
61 64 77 0
-36 50 70 0
53 -67 0
-50 70 75 0
34 -43 59 0
3 -67 73 0
46 60 -73 0
33 -48 0
-16 38 41 0
-28 66 -80 0
-32 -67 72 0
3 18 -69 0
41 -55 73 0
3 -46 72 0
2 51 69 0
-9 -33 -77 0
24 -25 -58 0
-11 15 -38 0
-49 -52 -56 0
42 44 75 0
31 38 0
25 35 63 0
-20 48 65 0
2 -6 -39 0
7 -12 -70 0
-28 -32 -63 0
-21 38 -43 0
36 38 0
46 -71 77 0
-20 21 -37 0
-11 -34 -52 0
-16 19 23 0
52 -73 -74 0
21 -72 0
-23 -50 69 0
6 -44 -53 0
-2 54 -78 0
-10 45 -69 0
-28 -48 59 0
-1 80 0
74 -76 0
-9 -70 0
23 -30 -59 0
4 45 51 0
-46 57 0
-8 -41 0
-6 37 0
12 -22 26 0
-29 -30 49 0
34 -57 0
4 11 -46 0
28 -69 -76 0
-4 16 44 0
3 -5 54 0
-21 -70 -74 0
13 20 0
15 -36 57 0
33 -34 -76 0
3 29 -77 0
-2 44 0
-11 -25 0
-20 -46 51 0
1 16 -19 0
-47 -64 -76 0
-24 39 55 0
-54 -72 0
3 8 -76 0
34 -50 67 0
-26 49 0
43 44 0
2 72 0
-16 64 69 0
13 -41 -79 0
-4 23 -75 0
-13 49 0
-12 -54 0
49 62 74 0
-30 -39 -56 0
-3 33 0
-47 -56 64 0
25 -27 -30 0
20 -24 38 0
