p cnf 79 268
31 -45 0
26 -40 52 0
7 48 -49 0
-8 -34 71 0
-12 14 39 0
-9 66 0
16 -52 70 0
-17 -21 -68 0
-4 49 67 0
-17 34 54 0
-17 50 -79 0
-4 -5 -45 0
16 56 -59 0
-72 78 0
6 58 77 0
-2 -24 -45 0
-38 -75 0
-22 -56 0
-44 45 -53 0
-2 7 39 0
23 -27 30 0
-20 67 0
-6 27 33 0
-30 -58 0
-28 -67 0
-9 30 0
-35 51 -68 0
30 55 -70 0
-19 -64 73 0
14 -19 -46 0
1 9 16 0
-1 -14 59 0
24 -49 57 0
-24 -71 0
12 -31 42 0
-4 48 75 0
14 51 0
-8 14 76 0
10 38 -68 0
-20 59 0
-14 -48 49 0
34 -48 -51 0
39 -58 0
12 76 0
34 -44 -64 0
21 -55 -68 0
-48 65 0
50 64 0
31 63 0
7 -38 55 0
62 -77 0
-9 16 68 0
-45 -51 58 0
-52 64 0
-17 -37 79 0
-15 -51 61 0
13 -31 49 0
-9 65 73 0
-8 -71 -77 0
13 -52 0
6 -52 -69 0
-4 -20 -47 0
22 -45 -76 0
-23 26 -27 0
-28 -37 0
-2 -60 -71 0
29 -31 0
-21 66 73 0
39 -56 77 0
-53 -65 -71 0
-14 73 0
-40 54 -63 0
-15 41 -43 0
26 44 60 0
50 -59 0
-17 39 0
-1 72 0
-17 35 -75 0
29 -73 0
-13 64 77 0
-30 -42 -47 0
5 12 -74 0
-28 58 -65 0
16 -52 -74 0
4 47 67 0
-1 -47 0
-13 40 53 0
-10 63 72 0
-5 8 48 0
51 60 0
-3 -19 75 0
3 43 -54 0
-41 44 63 0
-17 -24 0
-19 -68 71 0
23 72 -73 0
-12 -15 -28 0
21 -63 67 0
16 63 67 0
16 33 0
-8 11 -43 0
-28 49 0
-2 -61 -69 0
4 42 0
-27 31 0
17 21 -69 0
-24 46 -69 0
-5 -11 58 0
5 24 -77 0
15 -45 78 0
-35 45 49 0
-5 55 -58 0
15 38 77 0
-21 64 -68 0
9 55 -79 0
-25 61 0
-26 -54 -75 0
-38 -73 0
-38 48 62 0
-12 -46 78 0
32 39 0
44 74 0
17 -52 -64 0
8 51 0
25 50 58 0
44 -59 0
-40 -65 0
-4 -41 -48 0
-13 67 0
2 14 -54 0
65 70 0
-61 69 74 0
-14 38 -58 0
17 45 -57 0
-22 34 42 0
25 53 -72 0
-10 29 40 0
9 32 -59 0
2 -44 0
8 -22 27 0
38 -73 0
58 63 67 0
49 -78 0
35 -51 58 0
-35 75 0
-50 51 -55 0
-7 54 -59 0
-17 -27 77 0
-3 -5 -77 0
39 -68 -79 0
29 30 35 0
2 -15 -30 0
-14 37 68 0
-10 22 -58 0
-9 -16 -75 0
4 -50 0
-10 -16 -17 0
13 21 -54 0
-40 47 0
-39 62 0
-43 -62 71 0
-24 30 0
47 -52 -74 0
20 22 36 0
26 36 -70 0
-4 20 43 0
-12 -14 -29 0
-8 -49 70 0
-41 -42 0
-5 11 -56 0
-21 -56 0
4 67 74 0
-15 -24 31 0
-7 16 -45 0
-8 -25 31 0
27 63 0
-18 27 45 0
-14 50 -74 0
-60 75 0
17 48 -50 0
1 -68 0
-25 26 0
2 3 -36 0
-33 38 75 0
7 36 58 0
31 -34 42 0
22 -39 0
-8 -51 0
5 10 -48 0
16 29 -66 0
-7 43 69 0
-7 26 -50 0
19 -67 79 0
-17 -74 0
54 55 -61 0
-9 -52 75 0
-26 31 -53 0
5 29 -67 0
-30 -47 79 0
-27 -70 0
-2 -30 0
11 -38 -40 0
10 -71 -74 0
-36 38 54 0
13 53 54 0
-9 -34 -79 0
42 -47 0
-33 67 0
8 65 0
34 64 77 0
65 72 0
-22 -66 75 0
-26 -29 78 0
-6 -11 0
7 -49 0
39 46 -64 0
4 -19 79 0
11 22 76 0
31 -51 0
12 -64 65 0
-19 53 0
27 -55 0
9 -66 75 0
29 -65 75 0
-8 58 78 0
34 65 0
6 -27 69 0
-3 37 0
16 -21 -72 0
48 -70 -74 0
-17 -18 -35 0
55 68 -73 0
-37 -56 -64 0
75 -76 0
-1 77 0
5 20 -42 0
-4 32 0
-36 43 0
-69 -75 0
53 -57 59 0
-24 -40 0
-20 63 70 0
21 61 -77 0
-12 35 0
-16 -18 -75 0
40 51 0
-24 -30 77 0
-38 -63 67 0
-34 43 -63 0
4 -34 43 0
-13 -31 -67 0
4 -29 -31 0
14 -26 -36 0
52 62 76 0
-31 32 51 0
-6 39 -72 0
22 69 0
-55 59 0
73 79 0
-21 57 -70 0
-8 31 0
-1 21 0
-23 -51 59 0
-5 -7 -77 0
-30 -45 0
-32 56 -63 0
56 67 78 0
-28 36 68 0
