p cnf 67 212
14 -15 -61 0
-25 -38 -49 0
-6 27 -42 0
2 18 0
14 -37 0
50 61 64 0
21 -59 0
-8 52 0
-49 -54 0
-20 -41 62 0
-42 52 0
-30 -39 0
13 67 0
-16 21 -44 0
-7 67 0
46 59 65 0
-64 65 0
2 -54 0
-3 17 0
-38 -41 0
-22 25 -44 0
-3 8 46 0
14 60 0
-21 -56 -63 0
24 -26 -53 0
-64 65 0
16 -28 -41 0
47 -52 0
6 -7 -52 0
-7 -35 -62 0
43 52 0
21 -34 0
3 -58 0
-6 -47 0
14 -43 -54 0
-39 -53 0
12 -19 0
-4 -14 0
41 52 -59 0
6 -26 46 0
-1 47 -53 0
-36 -37 -62 0
-6 -49 -67 0
19 54 0
-3 22 46 0
-32 -39 0
-52 60 -63 0
-20 43 0
-6 -15 0
-32 36 0
-2 -11 -21 0
30 54 0
-48 -59 0
-55 66 0
25 -33 0
-7 42 0
25 33 34 0
34 -45 0
-13 -30 0
8 -20 -62 0
6 35 -49 0
-18 23 63 0
3 -6 -54 0
-5 -26 -39 0
-20 45 0
24 -52 -67 0
-15 20 0
-28 39 -56 0
46 52 -56 0
-11 -13 0
4 5 27 0
-14 -24 0
1 40 -41 0
-25 31 45 0
-33 -40 -56 0
30 -34 58 0
-23 38 43 0
30 -38 -60 0
2 -37 0
21 -55 0
30 41 -59 0
-54 64 0
-15 -31 -66 0
-25 -62 0
7 -54 61 0
-30 -46 0
10 -64 0
9 -10 47 0
-42 -55 59 0
29 -53 0
-32 -39 -49 0
-22 -49 -67 0
4 22 0
11 -25 0
-17 -33 0
9 -66 -67 0
28 47 54 0
48 -59 0
8 -46 -63 0
6 -12 -55 0
-12 57 0
5 20 -48 0
-47 49 -61 0
-26 31 0
40 -58 0
-17 -43 52 0
-1 -24 0
9 55 0
-22 59 0
23 24 0
-15 -42 -59 0
13 -26 -53 0
-11 23 56 0
11 17 0
-18 -52 55 0
16 33 0
29 -41 43 0
14 22 38 0
16 -32 -54 0
-57 65 0
31 -42 58 0
-52 -53 67 0
46 -58 0
-27 -57 0
-4 -26 32 0
-39 -49 0
-32 34 0
34 44 0
-18 43 0
4 12 59 0
15 -16 52 0
32 -37 59 0
2 10 16 0
-28 31 0
11 -64 0
4 -38 0
-14 25 44 0
1 34 55 0
18 -52 0
-38 55 -56 0
-4 -14 -18 0
-46 -58 62 0
41 47 -61 0
-17 32 -63 0
19 -46 -53 0
38 -42 -47 0
-10 -51 0
-2 49 -62 0
-41 -61 0
12 17 51 0
-26 41 0
-47 61 0
-6 33 66 0
-9 -40 0
-8 -17 0
-11 54 -59 0
-12 -21 -33 0
29 40 44 0
-41 -51 -62 0
9 -17 0
-39 -47 67 0
-19 -31 -64 0
-47 57 -60 0
-31 -34 -52 0
-15 37 -63 0
-12 50 53 0
-35 -40 -62 0
-3 36 0
-36 47 -49 0
-56 -58 60 0
33 43 0
48 63 -67 0
29 46 -54 0
7 35 -37 0
-25 -62 0
1 -41 -42 0
-19 49 0
-26 -31 -65 0
-35 -55 0
8 -13 14 0
12 57 0
-39 50 0
-16 -22 -29 0
-18 -60 0
-45 51 -52 0
9 46 57 0
-9 -12 59 0
18 -43 -56 0
40 -52 57 0
-41 -51 0
47 -65 0
17 -44 51 0
31 -65 -67 0
6 -15 59 0
1 59 0
4 9 -34 0
-2 31 48 0
-5 24 66 0
-18 -40 0
24 -26 0
-6 12 0
8 17 -51 0
6 -7 -50 0
21 27 -54 0
-2 29 66 0
11 -18 -52 0
10 -25 64 0
30 41 0
-28 38 64 0
-2 67 0
-34 -38 61 0
20 -40 -46 0
