p cnf 75 254
-22 30 0
11 -38 0
-44 -45 46 0
18 -60 62 0
-28 43 67 0
-32 -43 -50 0
9 -14 -25 0
-3 27 0
55 -62 63 0
-46 -67 -72 0
-40 -59 75 0
-21 26 -46 0
-18 32 72 0
62 68 0
-50 67 0
-12 -56 66 0
-14 28 -38 0
-7 -27 -63 0
4 -58 70 0
-65 66 0
24 -35 0
-24 -47 56 0
10 14 -38 0
-1 33 37 0
-24 -51 -61 0
-43 66 68 0
52 -72 0
-59 -60 -70 0
30 -37 0
-12 18 -21 0
25 31 -73 0
-16 -26 -33 0
19 46 52 0
14 -60 0
28 -38 -52 0
-15 69 72 0
-1 3 -44 0
-18 46 61 0
-53 -55 61 0
-9 -20 45 0
-3 -5 -23 0
-2 45 0
57 -58 0
-5 9 65 0
-19 32 67 0
20 47 54 0
-10 -14 22 0
-8 9 14 0
-64 72 73 0
26 -27 -32 0
23 30 -71 0
-7 52 0
27 -41 -55 0
10 -28 -54 0
-1 6 0
-1 19 0
6 19 52 0
-30 31 -32 0
-4 28 -62 0
9 17 44 0
7 32 42 0
1 -4 69 0
41 -46 66 0
8 28 0
-14 -32 39 0
-40 45 -52 0
9 -30 54 0
-31 -35 -62 0
-6 20 -33 0
-50 -51 -61 0
4 23 57 0
-29 -64 -72 0
45 -47 -48 0
-11 -55 -71 0
-14 68 0
7 75 0
15 -33 0
26 -61 0
-21 -32 -53 0
36 39 64 0
1 -12 49 0
28 -60 0
-13 -19 -31 0
-39 61 0
16 -33 -45 0
-3 -21 35 0
-20 41 0
24 -49 68 0
-37 -56 0
-5 75 0
-19 -25 -67 0
14 32 43 0
-17 65 70 0
2 -45 58 0
-47 70 0
3 -12 -61 0
6 -26 0
5 51 -66 0
-7 -28 64 0
30 38 -53 0
-4 -39 -44 0
-9 26 -28 0
-40 64 0
13 35 -70 0
47 -55 0
-4 17 -52 0
-4 -38 -39 0
-8 20 37 0
-36 -41 -67 0
-52 62 64 0
20 60 0
1 -15 61 0
-16 21 75 0
53 57 0
-10 -69 0
11 56 67 0
-2 17 -29 0
19 -54 0
34 49 0
1 -32 -66 0
-10 19 0
40 -44 75 0
10 21 -35 0
42 54 64 0
20 -32 -67 0
-1 16 0
-23 54 72 0
-5 -46 -49 0
-7 -45 -51 0
31 32 74 0
-24 68 0
-6 -37 51 0
4 -38 0
31 -43 0
-38 -55 0
27 28 43 0
-61 -67 68 0
10 37 -61 0
-9 -18 0
7 -47 70 0
20 -60 -61 0
18 20 49 0
28 -44 59 0
-49 -66 0
8 -47 -56 0
-2 33 0
-16 53 0
36 68 0
-2 -10 34 0
-38 -41 0
9 56 57 0
-26 51 0
31 -40 51 0
46 60 -62 0
-23 50 -55 0
-2 48 -65 0
-69 -71 -73 0
-43 56 0
-26 -34 -72 0
-9 55 65 0
4 74 0
13 18 -44 0
7 -13 0
16 -38 0
-5 -26 41 0
25 38 -46 0
-22 51 56 0
-17 57 -58 0
-12 31 0
-7 49 0
-13 28 0
27 -59 72 0
-52 -58 0
3 9 0
1 -60 65 0
12 -22 41 0
-24 -47 64 0
32 63 -70 0
49 60 0
3 11 -13 0
-37 49 52 0
-66 70 -71 0
-16 32 -41 0
-11 14 42 0
-4 -71 0
32 67 68 0
-23 29 71 0
53 69 0
50 -60 -63 0
-25 -43 72 0
1 25 -73 0
-23 42 -65 0
-32 -61 0
-32 -36 0
-13 47 0
47 -65 -69 0
-17 47 0
8 -26 0
3 -40 -61 0
31 68 75 0
13 65 74 0
-8 -40 45 0
-9 -49 -56 0
20 33 -44 0
-6 -37 44 0
6 -17 70 0
23 63 0
21 -44 -54 0
-13 21 0
36 64 0
-26 40 -49 0
57 64 70 0
-26 -38 -58 0
-29 52 0
38 -57 75 0
6 25 37 0
41 -50 59 0
-10 -69 0
36 49 50 0
-34 66 -70 0
-47 65 0
-23 54 -61 0
41 -75 0
-32 65 0
-10 64 0
-10 28 -51 0
-9 68 0
23 -36 55 0
10 69 -74 0
28 -41 73 0
56 -67 0
22 33 0
-67 69 0
18 19 -52 0
13 -35 0
17 -43 -49 0
40 54 66 0
-48 53 -67 0
46 51 -56 0
35 -64 -71 0
7 8 21 0
-39 53 0
-7 -20 -39 0
12 45 58 0
-15 -17 -24 0
29 65 -75 0
-29 48 75 0
-7 -43 0
-29 -37 -48 0
-21 -26 -48 0
3 -28 0
-1 30 34 0
45 64 0
30 33 59 0
