p cnf 81 304
25 52 70 0
-48 69 0
-6 10 -52 0
1 -29 42 0
16 32 -81 0
-35 -59 0
42 -43 -76 0
13 19 -51 0
-40 -58 77 0
61 -62 76 0
18 -67 -72 0
22 28 0
16 -68 0
-26 -41 0
10 15 67 0
-15 35 0
-1 -6 69 0
26 28 48 0
-39 -71 0
-6 -10 -52 0
-10 -52 81 0
-19 38 61 0
7 -18 -47 0
-7 -44 0
-3 -23 -52 0
12 18 0
-42 47 -59 0
-11 -65 0
6 -42 -62 0
16 -38 55 0
-1 -70 0
14 -26 -78 0
-32 -36 -81 0
11 -67 0
38 61 -67 0
-4 20 52 0
7 -12 -36 0
25 -56 -66 0
17 58 74 0
-11 36 60 0
16 -19 0
4 73 76 0
2 -59 -70 0
20 43 0
-15 -44 67 0
-3 -34 -38 0
20 -43 -53 0
29 -69 0
-8 -57 0
16 31 -75 0
-18 21 0
5 75 81 0
-14 65 0
-57 61 -77 0
41 54 56 0
-1 -36 53 0
-22 38 -44 0
-7 41 66 0
-12 -29 -35 0
59 -79 0
8 -21 -34 0
10 -51 -78 0
-37 -76 0
4 -18 75 0
35 -36 0
36 49 73 0
-19 50 -60 0
60 -70 -75 0
35 40 -80 0
72 76 -79 0
-26 -54 0
-26 50 -57 0
22 25 -39 0
2 5 -47 0
69 -74 0
17 -23 0
-11 30 66 0
-16 22 54 0
-29 -30 0
33 -50 0
-39 60 0
22 -35 -65 0
34 -61 74 0
3 4 -46 0
-37 79 -81 0
-28 -41 61 0
10 -11 -30 0
-19 -69 77 0
-2 -19 0
20 -52 0
7 -20 27 0
23 -45 -62 0
-2 4 -40 0
33 75 0
29 -54 61 0
34 -56 -79 0
4 17 48 0
21 -68 0
-1 26 0
38 -44 48 0
51 -73 79 0
-19 24 0
-42 -51 74 0
-27 -56 -67 0
27 40 -64 0
-6 27 -50 0
-56 -59 -70 0
-21 -51 53 0
18 -59 0
9 -10 58 0
30 -31 -32 0
23 35 59 0
-10 -53 -58 0
-57 71 73 0
28 -30 75 0
25 40 60 0
-49 50 -75 0
15 19 -21 0
30 41 -68 0
70 -73 75 0
-6 21 81 0
8 -24 -57 0
-61 -63 0
13 -31 71 0
-17 51 0
-2 67 -81 0
6 25 0
-40 75 0
3 -7 0
49 65 -66 0
-6 23 -61 0
7 -21 0
-38 40 -44 0
-6 39 51 0
-25 36 73 0
-46 -63 76 0
9 24 0
16 25 -65 0
14 25 -39 0
26 -32 0
-4 -57 74 0
-1 33 -39 0
8 -53 -54 0
21 43 52 0
45 -52 0
-11 40 76 0
26 51 57 0
-49 76 0
-25 35 -76 0
-16 -69 0
50 65 67 0
16 -40 78 0
-27 -54 72 0
-4 -7 25 0
-29 -46 -79 0
-21 41 73 0
-61 67 71 0
4 17 -43 0
18 -32 -64 0
3 -54 -69 0
-9 -52 -66 0
7 -31 -66 0
13 49 0
9 -16 -22 0
30 -69 0
2 20 52 0
3 17 52 0
-9 41 -65 0
1 -22 -69 0
5 72 -76 0
-29 -50 -64 0
39 46 0
-33 -49 0
3 -48 -77 0
-24 50 -71 0
7 16 20 0
-39 43 0
20 22 58 0
-14 35 79 0
15 51 76 0
-68 -73 0
10 76 0
-31 -39 76 0
23 33 -36 0
-4 -16 -61 0
-5 -9 -26 0
-6 65 -78 0
46 -53 -54 0
-31 36 -47 0
27 37 -44 0
-13 17 50 0
35 -47 0
-65 -71 -77 0
7 -25 40 0
-27 -38 50 0
29 -54 70 0
-6 -12 -70 0
-15 -33 63 0
15 73 -79 0
54 -69 -78 0
24 -43 -50 0
-2 23 -43 0
5 64 -73 0
63 80 0
5 -17 -75 0
-34 -48 0
-3 -10 -20 0
-15 24 -69 0
-2 -15 -78 0
15 -76 78 0
-7 -30 65 0
-50 -61 -77 0
11 -39 -58 0
12 27 -57 0
13 -24 0
24 36 -44 0
4 -66 81 0
-20 43 -61 0
39 45 -62 0
-5 10 20 0
10 -52 -77 0
-9 -80 0
-25 60 77 0
2 20 -22 0
-19 71 -81 0
53 -70 -80 0
33 -43 58 0
-19 -56 -59 0
23 52 -71 0
10 61 -76 0
3 -6 23 0
-4 5 -52 0
-51 -57 -72 0
-13 -29 -58 0
38 60 0
26 28 46 0
-2 -14 -73 0
4 74 0
34 53 0
8 28 76 0
-19 71 0
29 -35 -38 0
42 -65 69 0
-18 -64 0
3 -78 0
30 -48 80 0
-10 -56 74 0
-38 39 0
-39 63 0
-30 33 0
46 59 -76 0
47 -68 -78 0
-6 69 70 0
13 -40 48 0
16 -42 68 0
7 -17 38 0
-15 66 0
24 63 70 0
27 -29 46 0
-9 19 -31 0
-7 22 0
-34 70 71 0
5 10 -31 0
-13 73 75 0
-9 19 0
-20 -32 0
-25 -72 0
7 16 66 0
12 81 0
-3 43 79 0
-25 -30 48 0
-3 -28 0
-11 42 0
-11 47 79 0
-42 46 0
2 -48 -60 0
-35 -70 0
22 62 0
11 32 36 0
-3 44 -47 0
5 -8 -13 0
-21 44 -80 0
53 56 0
32 -52 -55 0
-35 -54 -59 0
32 -66 73 0
6 -11 -44 0
-49 -50 -73 0
4 -22 -62 0
1 64 72 0
-6 15 39 0
7 47 62 0
-19 27 74 0
15 -53 0
-23 32 46 0
-19 51 79 0
15 -34 77 0
-17 -24 73 0
14 22 42 0
11 -25 -38 0
1 -75 0
-30 -70 0
19 25 0
49 62 -81 0
