p cnf 95 369
-4 12 -86 0
-4 -23 83 0
22 26 34 0
7 66 84 0
-51 -63 -70 0
-46 82 90 0
-31 -60 -91 0
-27 61 84 0
33 -63 -77 0
21 -53 -69 0
36 72 86 0
-42 -55 73 0
-16 -37 -50 0
2 43 -78 0
-19 -25 -92 0
21 34 -60 0
-9 80 -87 0
-16 -37 0
-16 -39 80 0
-63 -73 80 0
-60 81 0
8 -15 18 0
12 65 95 0
6 -8 33 0
-9 27 47 0
32 85 88 0
30 36 -38 0
15 60 -83 0
9 31 95 0
-58 -85 0
-56 -64 81 0
-46 -52 86 0
-4 -41 55 0
9 -25 29 0
9 -77 89 0
46 -84 -87 0
-28 35 62 0
20 49 66 0
-5 40 43 0
-26 -27 -43 0
19 -29 -76 0
-21 -50 74 0
-11 36 -38 0
-28 -33 82 0
-65 75 89 0
-7 15 -67 0
-54 -71 0
-68 -80 -92 0
7 -60 0
-23 41 90 0
-15 62 78 0
-5 67 94 0
20 30 -80 0
15 27 71 0
22 -78 -79 0
-8 -9 -18 0
40 87 -91 0
15 60 86 0
13 58 -68 0
12 15 75 0
47 53 92 0
-8 11 -57 0
51 57 -79 0
-1 66 -85 0
-45 57 92 0
27 -38 -63 0
1 -47 -59 0
6 -15 -42 0
-1 -75 81 0
-4 -8 -79 0
34 52 -62 0
13 18 64 0
-2 22 -48 0
-13 -59 0
25 38 49 0
-7 -29 55 0
-9 -10 -56 0
-23 -36 -91 0
44 71 -81 0
39 46 -88 0
-69 73 -84 0
10 -44 45 0
19 23 -54 0
23 -28 90 0
41 69 -77 0
27 36 -56 0
29 42 65 0
-34 -35 -62 0
-16 -43 53 0
-11 76 -82 0
-31 -38 -54 0
-35 -54 -57 0
-29 -52 89 0
26 -58 -76 0
20 29 -46 0
30 71 -80 0
22 37 56 0
-24 -46 93 0
51 81 89 0
25 -56 93 0
10 -33 -47 0
12 71 -84 0
-17 26 -75 0
22 -51 -79 0
3 52 -58 0
24 -36 -80 0
-11 -14 49 0
-5 -37 -79 0
-42 44 63 0
-36 -68 -89 0
5 -7 -22 0
-32 57 -87 0
45 63 -83 0
-16 53 86 0
17 40 -85 0
13 73 -86 0
-70 -84 0
9 66 0
-37 -70 -91 0
-76 -93 0
18 -37 80 0
65 -77 95 0
-10 34 -94 0
-34 70 89 0
-9 18 -78 0
-16 -93 95 0
7 15 95 0
24 -25 -28 0
39 90 0
31 58 -82 0
12 21 -88 0
54 59 87 0
61 79 0
56 84 87 0
-2 11 59 0
25 33 -80 0
29 -44 78 0
66 69 0
-46 48 92 0
-6 -21 0
-8 -42 51 0
-3 50 93 0
-13 -31 -50 0
25 86 91 0
22 -59 91 0
1 56 0
56 -72 81 0
61 71 0
-38 50 -70 0
78 -79 90 0
5 -8 -58 0
47 56 -57 0
-37 70 93 0
41 -61 -69 0
-20 -28 51 0
15 -31 -41 0
-8 20 -47 0
12 24 66 0
3 8 41 0
41 -43 48 0
-47 70 72 0
64 70 87 0
30 45 -51 0
-29 62 -73 0
-21 -32 -84 0
-26 -43 -59 0
8 45 65 0
1 5 89 0
19 81 94 0
13 48 81 0
44 81 0
-37 44 -85 0
-8 -64 74 0
52 -55 -61 0
-16 -39 -54 0
-10 28 -85 0
47 -62 67 0
33 68 83 0
58 -81 89 0
-18 39 -52 0
-52 65 91 0
-1 41 -66 0
29 -59 77 0
-62 -69 82 0
-6 64 0
51 83 88 0
27 69 90 0
5 -37 -39 0
68 -91 0
20 -42 -81 0
-21 -66 76 0
-11 -76 -83 0
-5 56 -69 0
-25 56 70 0
-1 73 -91 0
80 -83 0
-24 -33 -79 0
35 -38 -55 0
-26 39 -75 0
-22 27 51 0
10 -28 87 0
-7 -47 82 0
1 36 -94 0
-7 51 67 0
19 -75 -87 0
-73 -80 -86 0
-42 -72 -91 0
-9 -32 36 0
9 75 77 0
-12 -51 52 0
-11 -45 -58 0
-73 -80 89 0
13 16 -74 0
16 41 79 0
37 -51 78 0
-3 -28 -66 0
9 36 0
28 72 83 0
12 39 -60 0
6 23 -44 0
-9 -15 56 0
-12 -86 0
14 32 95 0
-20 26 -49 0
-67 73 -86 0
44 -50 -75 0
-17 81 85 0
53 -69 0
-36 -51 78 0
36 42 -63 0
-14 -39 51 0
18 72 -79 0
34 -47 93 0
-22 24 63 0
-39 53 74 0
5 -20 -26 0
3 -30 58 0
8 64 92 0
19 -33 -34 0
-9 63 65 0
-31 -32 72 0
19 -50 -77 0
19 29 66 0
78 92 0
8 25 78 0
9 -12 -25 0
43 -65 0
-11 46 88 0
29 55 -80 0
-35 -63 65 0
12 39 50 0
8 -56 -69 0
25 73 82 0
1 -58 64 0
-29 -40 -58 0
22 26 50 0
-49 68 83 0
-60 74 -93 0
-16 39 57 0
47 -66 0
22 -23 -40 0
40 -46 58 0
-20 -37 -88 0
30 -35 63 0
-9 71 95 0
-57 63 -89 0
31 72 -80 0
25 78 0
4 54 -72 0
27 -36 43 0
6 38 69 0
33 -51 -85 0
21 58 95 0
23 -25 -46 0
34 43 45 0
38 44 73 0
-9 51 80 0
17 31 -78 0
-4 60 70 0
66 -79 90 0
14 -16 72 0
11 -87 0
9 -31 60 0
-3 76 81 0
-14 -41 -62 0
-29 -83 -89 0
-16 47 54 0
-18 -27 0
-9 -28 83 0
9 28 59 0
35 -69 89 0
-9 -93 94 0
-3 -55 0
3 -4 -8 0
12 -52 95 0
-17 73 78 0
-24 -34 -63 0
16 -24 -32 0
13 -30 35 0
72 75 -87 0
21 26 53 0
14 -54 65 0
-10 11 36 0
-2 -5 9 0
59 -79 0
-25 50 -86 0
48 85 -95 0
-12 -41 -47 0
21 62 73 0
47 -61 85 0
-26 -53 80 0
-47 -84 -94 0
-6 22 -76 0
-58 -65 -80 0
43 -45 64 0
-39 -52 -75 0
-43 -72 81 0
-5 35 62 0
52 57 63 0
1 -53 -72 0
9 59 0
-23 42 -50 0
-32 -37 84 0
5 -41 -86 0
-4 34 90 0
-14 17 -94 0
11 -16 -94 0
-27 78 -84 0
-9 -43 94 0
63 -80 0
-24 41 44 0
10 -14 71 0
12 -74 94 0
19 -39 43 0
-17 -59 86 0
-19 -60 -79 0
-12 -55 68 0
-79 -91 -92 0
30 38 71 0
3 -5 -10 0
16 -68 -94 0
-50 66 84 0
5 64 84 0
-19 -35 40 0
-73 77 93 0
-65 82 0
42 -55 56 0
48 -87 90 0
-40 -41 59 0
-49 -55 -57 0
-5 -90 -91 0
30 -74 -86 0
-34 40 -56 0
-11 22 -71 0
-6 -76 -79 0
-28 -43 -62 0
-34 -44 77 0
17 27 61 0
19 -43 -70 0
-16 -45 -89 0
12 -80 95 0
8 -17 19 0
62 -67 77 0
20 25 63 0
1 9 -63 0
-14 27 -39 0
33 -42 54 0
-15 31 69 0
1 2 -11 0
