p cnf 45 123
25 -35 0
-27 42 0
-2 -22 0
6 37 -42 0
26 28 0
14 31 0
-9 -30 -38 0
-16 27 0
-1 42 0
-2 30 32 0
-19 23 -41 0
6 -33 0
14 31 0
-18 -24 -41 0
9 41 0
20 33 0
-4 19 -30 0
-15 32 0
33 -42 0
-16 -29 0
-15 24 0
-16 -28 -44 0
5 30 0
32 -33 41 0
18 -22 26 0
4 -19 24 0
-13 30 0
14 20 -38 0
22 32 0
-39 -40 0
8 23 29 0
-6 36 0
2 40 0
-3 9 0
2 41 0
36 -40 0
-12 -13 0
-10 11 0
27 33 -42 0
35 38 0
-16 -29 0
-11 15 -20 0
6 -10 33 0
20 -28 -39 0
-10 14 0
15 38 0
12 -23 0
-7 -10 0
-4 -25 40 0
11 15 -16 0
10 -25 38 0
10 -14 0
16 -30 0
22 24 -42 0
10 17 25 0
12 35 0
4 -32 33 0
-16 -24 0
36 -44 45 0
-6 11 0
-15 -39 0
9 13 0
-17 39 0
3 22 0
21 26 32 0
-14 -20 0
31 39 0
15 -29 -33 0
3 -29 44 0
13 14 0
7 22 0
36 39 -45 0
3 4 6 0
-9 14 44 0
26 -43 0
26 39 40 0
-5 9 0
26 42 0
3 37 -41 0
-10 12 35 0
11 -21 -45 0
1 -15 0
9 -37 0
10 -24 0
11 16 0
-28 -34 0
2 -19 32 0
6 -14 -17 0
16 22 -37 0
3 -17 -19 0
12 -23 0
8 35 41 0
-25 -37 0
9 -13 -39 0
-33 35 0
13 28 0
-15 -24 41 0
16 22 0
4 -22 32 0
-3 -35 40 0
34 36 39 0
29 34 0
15 -32 0
13 25 -29 0
9 -24 0
-23 -29 35 0
28 34 0
5 11 -35 0
-13 -20 0
-9 43 -45 0
1 -32 0
3 -28 -40 0
8 -16 34 0
16 38 0
3 42 0
-7 23 0
3 -34 0
-8 9 0
-4 -41 0
38 -43 0
22 26 -45 0
17 -37 0
-2 -30 0
