p cnf 80 272
-41 -72 0
-33 75 0
24 -46 0
-26 -41 0
10 -58 73 0
11 -13 52 0
-59 70 0
3 37 -55 0
7 -47 61 0
11 -24 49 0
63 -75 0
-42 -49 -66 0
12 -23 72 0
-1 -68 -69 0
-23 -77 0
8 -57 64 0
14 -25 35 0
49 -80 0
8 18 40 0
10 27 -61 0
4 -26 -41 0
7 29 38 0
-21 -64 74 0
-2 3 -57 0
-16 -20 40 0
-5 12 -13 0
21 -25 -72 0
17 -60 0
-11 -12 -78 0
-9 -57 -65 0
34 67 0
-5 -49 -56 0
42 44 0
28 -49 -50 0
-18 32 48 0
56 80 0
28 -41 0
-17 41 -57 0
-24 -71 0
1 9 -31 0
8 55 0
4 48 58 0
-1 -16 -62 0
-17 -34 -60 0
-49 66 0
-1 77 79 0
-9 -31 0
-8 26 27 0
35 -59 76 0
-3 6 15 0
-11 54 -60 0
-32 34 0
74 75 0
58 -71 0
5 -28 0
6 52 -74 0
41 48 -59 0
22 -29 -75 0
-9 -52 0
4 13 19 0
4 -28 -53 0
44 -69 75 0
6 17 -58 0
-43 55 0
5 -63 71 0
30 -33 -80 0
10 22 46 0
-15 67 75 0
-9 -34 -51 0
-28 57 66 0
-15 -34 39 0
-43 68 -79 0
-56 -57 0
11 63 -75 0
-8 17 50 0
18 46 -60 0
22 -59 0
6 19 49 0
38 -66 0
-50 70 -80 0
-14 -78 0
-9 29 -37 0
11 26 53 0
8 59 73 0
6 -26 54 0
-18 -21 71 0
9 -18 77 0
19 57 0
19 -35 65 0
25 34 59 0
-41 -60 66 0
18 -23 -32 0
-37 -69 74 0
43 -75 0
-19 29 0
63 -73 -75 0
13 -18 44 0
-20 -23 66 0
-48 78 0
8 -69 -74 0
4 35 -46 0
45 -71 0
11 -18 59 0
36 57 0
10 17 -65 0
9 28 -49 0
18 -37 66 0
3 -52 0
21 -60 -62 0
-66 75 77 0
-12 42 0
9 -16 -61 0
26 -67 0
46 49 -70 0
29 -53 75 0
-15 -16 -24 0
2 -3 53 0
-6 -26 -44 0
17 -52 76 0
-9 23 73 0
25 38 -41 0
-6 -66 -77 0
51 -54 58 0
19 -44 77 0
-16 -78 0
35 59 0
-39 75 -79 0
10 -40 0
38 50 78 0
-13 42 0
4 -35 47 0
11 -21 35 0
-24 53 -80 0
-22 68 0
-27 53 58 0
74 -76 0
-23 -47 -75 0
39 -74 75 0
-7 -78 0
1 15 -24 0
-2 44 0
-17 -23 59 0
-45 -51 -72 0
-16 -46 0
2 -8 50 0
10 -67 -70 0
1 61 0
-30 -36 67 0
-34 -45 0
-59 -61 64 0
2 6 -76 0
44 64 0
11 29 -49 0
3 -21 0
8 -63 0
-21 -27 0
-47 -77 80 0
-28 -44 -68 0
9 -22 48 0
-23 30 -33 0
-2 -31 41 0
49 51 79 0
17 -34 73 0
71 -75 80 0
-16 55 -76 0
25 -58 75 0
-32 73 77 0
-9 -28 34 0
53 -64 -66 0
32 -38 -40 0
32 -57 76 0
27 -45 46 0
-3 21 26 0
-12 40 -57 0
10 25 0
21 67 -74 0
18 -42 -74 0
28 79 0
-28 53 -71 0
-49 69 -79 0
-15 57 -73 0
59 -61 0
31 -69 0
7 -23 -30 0
-5 25 37 0
-11 56 -72 0
-16 -25 58 0
26 -29 60 0
-29 -33 40 0
14 -20 -49 0
42 70 0
-28 37 -48 0
20 54 -65 0
32 -65 -76 0
-13 17 -75 0
39 -41 63 0
-5 -31 -45 0
-26 48 -62 0
37 64 80 0
-1 -35 -65 0
-39 -47 -80 0
-22 40 61 0
1 -74 0
5 24 0
-43 -59 0
-34 -72 -74 0
22 44 0
-23 50 0
15 32 50 0
-17 19 -49 0
36 -68 80 0
16 18 76 0
52 -65 -68 0
41 -74 0
-12 -18 -39 0
-3 36 75 0
-14 65 0
9 -30 -74 0
-35 -40 75 0
-32 68 0
-3 6 -8 0
-3 24 52 0
-31 48 -79 0
2 -6 -17 0
-28 39 76 0
27 52 78 0
6 8 53 0
-13 -42 47 0
5 -72 -73 0
-9 10 -67 0
47 56 -80 0
-3 -29 -49 0
27 -29 54 0
11 -45 -57 0
50 62 74 0
-2 -6 0
21 -38 41 0
34 57 -67 0
-71 -72 -76 0
25 27 28 0
-37 -38 -46 0
10 46 0
46 -57 0
14 42 -55 0
-21 47 -74 0
21 -37 -43 0
-55 73 0
46 53 0
13 -14 -15 0
13 -36 -59 0
-22 61 0
-21 -64 -72 0
-14 -49 76 0
40 47 -76 0
9 44 0
-27 -29 -77 0
51 62 0
32 80 0
13 22 45 0
34 75 0
15 -22 24 0
6 28 0
-4 35 -43 0
1 -54 55 0
-9 49 61 0
-12 28 67 0
21 -53 0
-1 4 18 0
-10 19 -52 0
-45 -60 0
42 -52 -67 0
-3 28 -57 0
