p cnf 85 302
26 31 -33 0
4 -25 0
-4 33 36 0
-23 29 0
-17 49 64 0
2 51 0
23 -37 53 0
-24 -32 -34 0
4 -45 83 0
12 49 -80 0
-18 -44 -78 0
42 62 -70 0
67 84 85 0
19 -67 70 0
-20 36 0
-18 62 -69 0
-4 -12 -34 0
-3 17 -75 0
3 42 53 0
-26 -32 50 0
66 76 0
9 -21 28 0
-33 -41 64 0
-21 -68 74 0
2 17 0
12 -65 0
12 62 -72 0
37 62 -67 0
-26 44 -69 0
42 44 -74 0
-26 40 43 0
37 -73 -75 0
12 -40 50 0
27 70 -79 0
-12 -26 -41 0
-29 -66 -73 0
18 -19 -77 0
18 63 0
-14 34 81 0
8 -46 0
-58 -60 77 0
-34 53 65 0
8 14 51 0
-17 29 -43 0
-1 -14 -27 0
35 51 -74 0
-11 -36 -63 0
4 10 36 0
1 -58 81 0
-12 56 -81 0
-36 -39 83 0
45 -53 -79 0
-5 23 -29 0
26 -44 -64 0
4 -25 -51 0
13 21 70 0
13 -27 -76 0
10 -31 -36 0
-24 77 -79 0
-55 62 75 0
-46 62 76 0
-22 39 71 0
3 -25 80 0
-38 41 52 0
-26 33 0
52 75 79 0
-52 -59 -65 0
45 57 65 0
-8 -52 -54 0
49 -53 0
31 -40 -81 0
-40 -47 55 0
37 71 -82 0
-2 -4 -10 0
-29 -36 -74 0
5 -18 85 0
5 11 0
16 28 36 0
-34 36 0
6 -21 -46 0
18 -69 -83 0
-41 -60 -75 0
-4 -67 70 0
18 -32 -44 0
-77 -79 81 0
14 42 62 0
-36 -42 -57 0
-14 -56 -70 0
47 85 0
19 -62 0
2 23 -27 0
5 -15 30 0
19 -67 -83 0
-4 -10 0
-62 -82 83 0
26 31 -59 0
-63 75 82 0
30 32 78 0
17 68 -72 0
-28 -37 75 0
-25 56 83 0
-36 -50 77 0
-13 -23 49 0
-28 -38 50 0
-22 46 -62 0
35 72 -80 0
19 41 43 0
-2 11 -71 0
9 14 -38 0
1 -5 -54 0
14 -19 40 0
14 -18 24 0
57 -67 77 0
-32 -38 -64 0
-27 33 58 0
-7 61 66 0
17 -34 56 0
60 -75 0
-14 65 -70 0
-28 -42 -46 0
-43 -46 69 0
3 -63 85 0
34 -40 44 0
35 53 61 0
-27 49 -63 0
-3 -14 -80 0
-9 42 55 0
-40 -48 -83 0
29 -63 77 0
25 -35 76 0
46 62 -63 0
17 -19 -51 0
-19 -24 83 0
9 52 0
-43 -46 -79 0
-38 -51 61 0
-5 70 85 0
-21 66 81 0
40 -53 55 0
43 45 -47 0
-14 -16 26 0
10 27 -84 0
26 -30 84 0
5 42 -77 0
-21 -23 52 0
7 -68 72 0
-33 -70 -83 0
-18 -37 57 0
21 -33 77 0
14 -45 0
49 -66 69 0
33 48 -73 0
-4 -18 20 0
45 -59 -82 0
-2 15 -20 0
-4 -61 -65 0
-13 61 0
9 27 0
-31 52 -78 0
-19 68 -74 0
-9 60 82 0
3 -24 81 0
-21 30 36 0
13 -23 40 0
-43 59 -70 0
-8 22 -29 0
8 -29 67 0
-42 52 77 0
18 -47 53 0
51 -60 62 0
2 -57 -60 0
8 -50 0
-26 68 -70 0
-32 41 71 0
47 78 0
56 -61 -71 0
-36 -69 75 0
-42 70 0
6 81 0
16 24 56 0
-17 -70 83 0
39 -58 65 0
18 25 42 0
-36 -50 -59 0
-23 -78 84 0
-6 46 47 0
-7 -22 27 0
25 43 -45 0
-19 -21 -39 0
4 -65 80 0
11 27 -39 0
-63 73 0
-13 35 -80 0
25 -35 -55 0
-5 -29 -64 0
7 17 53 0
16 -72 0
-3 -13 0
-24 -26 -52 0
8 -37 81 0
5 34 60 0
-3 -7 -48 0
-27 48 0
-47 -61 0
-13 36 60 0
33 -62 84 0
-12 -35 66 0
-15 33 -44 0
-19 20 32 0
-41 -44 80 0
42 56 0
-17 26 -65 0
45 -54 0
12 66 -74 0
28 38 70 0
-13 -41 -85 0
21 29 50 0
-51 61 -67 0
1 -42 -67 0
-12 -28 -70 0
54 -60 69 0
5 -31 0
45 60 -72 0
9 46 80 0
-35 -63 -81 0
-12 -30 79 0
32 -51 53 0
36 -75 0
3 85 0
31 56 -78 0
-22 -37 0
12 21 -30 0
-6 -35 45 0
14 -71 0
3 -7 -72 0
-13 -27 -30 0
12 -52 -83 0
-4 49 -85 0
18 -77 -83 0
-12 22 -28 0
42 -58 0
-15 40 -52 0
-28 -37 0
37 42 -52 0
-13 -49 0
32 -42 44 0
43 -78 0
34 56 85 0
-37 -55 -80 0
69 -71 0
13 -15 32 0
27 -36 -78 0
-4 -68 -70 0
-27 -53 73 0
3 11 -54 0
47 73 0
-12 24 36 0
-1 -43 59 0
-43 -70 -74 0
45 48 85 0
-42 -66 -82 0
12 82 0
16 -69 0
20 24 -55 0
-3 49 -52 0
32 -61 -65 0
-2 -51 -66 0
3 -28 51 0
-6 -46 83 0
-20 -31 73 0
37 -77 0
25 -51 0
-4 -29 -48 0
-7 34 -59 0
-22 56 62 0
19 -37 53 0
-49 -54 0
7 -51 -53 0
-14 -69 74 0
-9 -14 40 0
-42 49 82 0
-8 50 -54 0
14 27 -66 0
22 64 -81 0
3 -84 0
34 -50 -60 0
44 -71 -78 0
18 58 0
50 -56 74 0
-19 21 -73 0
-12 71 -81 0
31 -39 -61 0
-6 -19 29 0
-68 -75 0
19 -54 -69 0
-12 -65 79 0
59 -68 -76 0
-18 30 -51 0
1 -4 23 0
-17 80 0
17 54 62 0
41 -57 0
