p cnf 58 158
17 19 0
-27 -34 -36 0
6 35 0
16 17 24 0
8 49 55 0
9 -43 46 0
-3 -14 0
25 34 -49 0
-11 -20 -35 0
-30 -48 52 0
13 -26 0
23 -50 58 0
24 -48 0
-5 47 0
-26 37 0
6 34 0
-56 -58 0
18 -46 0
-16 -36 0
11 48 0
-39 -46 0
-4 -26 36 0
-11 34 0
-14 -26 0
6 30 -38 0
16 54 0
1 -5 -16 0
34 -46 0
-2 -14 34 0
1 15 -48 0
48 -54 0
-13 -50 0
-17 32 -42 0
-20 -29 0
-6 -17 48 0
-4 -27 33 0
24 25 -52 0
13 -48 -52 0
-11 -38 0
-42 46 0
8 -37 55 0
-18 -58 0
17 -26 -44 0
-11 16 0
-37 52 55 0
29 -30 -33 0
47 -56 0
-13 -44 54 0
-12 19 -33 0
16 -26 0
-5 -41 0
29 30 43 0
19 25 -32 0
-3 55 0
7 -10 -43 0
1 54 0
-11 13 -22 0
28 -44 0
30 -33 41 0
-2 -24 0
-16 -31 56 0
8 10 -28 0
38 40 58 0
36 41 0
3 -35 0
19 -34 0
14 18 -38 0
9 -35 43 0
-3 -5 0
-12 -36 40 0
-23 -48 0
-10 57 0
2 -5 37 0
3 40 0
24 46 0
-21 -44 -49 0
-4 -37 0
10 -12 0
34 52 0
4 9 -23 0
-12 -19 0
-12 50 0
-13 47 0
14 -15 -32 0
-10 -46 0
-32 33 0
18 52 0
-11 -45 0
-7 26 0
-30 33 0
-1 -50 0
7 -11 -42 0
12 26 29 0
20 -26 -37 0
-29 -39 -55 0
3 45 -56 0
-24 -45 0
-36 -41 0
9 15 57 0
35 53 0
-17 53 0
-13 30 58 0
-37 42 0
-6 18 0
46 56 0
42 50 0
9 -17 -26 0
15 -41 0
-9 20 0
14 38 48 0
15 53 0
-8 26 56 0
-2 39 0
-35 54 0
-7 -33 39 0
-34 -37 0
-27 -34 0
-6 -36 0
-6 10 -27 0
-18 28 0
-34 42 0
-6 -24 26 0
9 -13 0
13 36 0
39 -53 55 0
-31 35 57 0
-11 -56 0
1 -7 -17 0
14 19 28 0
8 50 58 0
-4 -7 0
19 32 -47 0
-16 -36 0
9 -25 -27 0
15 55 0
-11 -33 34 0
18 24 38 0
2 34 0
-13 -41 55 0
26 31 -33 0
-44 -45 0
1 -39 0
39 -45 0
-21 39 0
-16 -52 0
19 37 0
-33 -58 0
-44 50 0
23 35 0
11 -49 0
34 41 46 0
-4 49 -58 0
-5 -53 0
28 -44 0
-35 51 0
5 29 0
-17 -23 45 0
-1 -20 0
