p cnf 74 231
10 -44 0
-42 69 0
8 -11 37 0
34 -46 0
30 31 0
-30 38 53 0
5 21 43 0
12 -51 -63 0
-26 40 -68 0
6 29 -37 0
24 30 -43 0
36 -43 0
7 20 0
64 -71 -72 0
2 18 -43 0
-59 -72 74 0
57 -70 0
38 67 -74 0
6 29 0
62 -63 66 0
5 12 0
39 59 0
5 22 49 0
9 31 -64 0
24 -45 0
-31 -54 0
14 -17 0
-3 71 0
-42 50 0
-11 33 66 0
-16 20 0
-18 -19 -52 0
-7 15 -49 0
14 65 0
4 -59 0
-11 27 -72 0
15 20 -66 0
29 -54 74 0
12 -49 67 0
-64 68 0
-5 7 37 0
38 62 65 0
12 -74 0
22 -59 71 0
-62 -69 0
-31 -45 0
-50 -57 60 0
30 -41 47 0
-9 40 -59 0
52 74 0
25 49 -71 0
-7 39 0
2 -29 63 0
40 60 0
6 27 -31 0
-12 37 0
-10 -55 -56 0
23 57 61 0
-37 -43 0
31 59 -68 0
-51 60 0
-29 -30 0
17 -38 -41 0
45 -48 70 0
12 -26 31 0
-29 -32 57 0
41 -58 -59 0
-19 -23 -37 0
-23 58 -62 0
-15 17 0
-47 66 0
-17 -36 38 0
2 -36 0
-14 36 58 0
-36 -46 -68 0
11 12 55 0
32 -58 66 0
60 -69 0
-27 -63 -67 0
30 55 0
15 23 -25 0
23 -74 0
-21 60 67 0
2 36 0
14 -72 0
-39 -48 67 0
12 -26 61 0
37 49 68 0
27 61 67 0
48 70 73 0
-3 -61 -62 0
-8 -46 60 0
23 -42 0
-53 57 0
9 26 -34 0
-2 -17 0
10 71 0
-3 -34 -50 0
9 66 -71 0
-63 -67 -71 0
2 -40 -72 0
3 57 -71 0
14 -28 -59 0
21 -73 0
27 -39 -65 0
-13 -53 0
-22 27 0
-33 -65 0
34 74 0
-35 -72 0
10 -17 -66 0
33 66 0
62 -69 0
48 -53 72 0
-29 31 -64 0
3 16 -38 0
-26 -52 0
-5 -35 -39 0
4 -9 10 0
-56 -58 74 0
-32 -49 -63 0
13 -44 57 0
-17 29 64 0
-41 -44 50 0
-26 52 67 0
1 -34 -70 0
-37 53 74 0
-57 -64 0
-53 61 -64 0
28 54 69 0
17 21 52 0
34 56 69 0
58 -72 0
-28 59 -60 0
17 -20 -50 0
-57 -59 -74 0
24 -56 67 0
27 40 0
-11 24 52 0
-20 -22 0
-60 -66 0
2 -39 0
-14 39 61 0
30 45 68 0
15 44 0
-31 -36 0
-5 -30 61 0
25 -49 -67 0
5 -67 -70 0
18 41 56 0
-13 -34 51 0
-11 15 -55 0
21 -27 -61 0
-11 -37 -69 0
-32 -46 -57 0
-1 -71 0
14 -18 -40 0
-2 -11 -27 0
5 7 -67 0
-19 31 48 0
4 65 0
7 19 -32 0
11 21 0
7 49 74 0
-45 -71 0
2 -58 -64 0
-3 56 -57 0
10 -12 0
43 -57 -60 0
9 -21 58 0
-52 60 64 0
64 68 0
27 29 -36 0
-5 -24 -43 0
-1 -32 71 0
-40 45 -52 0
2 -41 -63 0
30 -71 0
10 -12 -49 0
-10 -48 60 0
39 65 0
-21 -70 0
-7 69 -70 0
7 40 57 0
-15 30 -72 0
-21 34 -56 0
5 14 62 0
-1 -19 0
24 58 -60 0
-7 28 29 0
-7 -11 -17 0
-14 53 67 0
8 24 53 0
-9 -40 74 0
-26 60 0
9 39 -50 0
49 59 0
-24 -27 54 0
-4 38 -58 0
-8 -15 39 0
-30 -46 -52 0
36 -74 0
-39 54 -66 0
7 24 -61 0
34 -35 0
-21 -29 -56 0
23 -41 0
54 60 0
25 42 -56 0
-32 65 67 0
-52 64 0
21 -62 -70 0
-51 -52 -70 0
12 31 -74 0
-33 55 58 0
14 55 0
-57 72 0
47 -63 0
5 26 -60 0
11 -42 49 0
23 -24 64 0
6 -12 0
44 59 67 0
13 -21 -62 0
-21 -58 63 0
49 68 0
19 -21 59 0
24 72 0
7 9 -68 0
-16 -27 -65 0
33 44 62 0
