p cnf 89 347
-4 -6 -61 0
-16 -86 89 0
57 58 -59 0
11 47 0
-41 68 -84 0
-67 80 81 0
19 -54 83 0
5 45 86 0
-4 -38 0
-69 -78 80 0
-13 -24 -62 0
-45 -73 81 0
-18 -36 79 0
-60 61 80 0
1 -43 -60 0
-59 -61 -65 0
-9 -68 -84 0
-12 -35 40 0
-24 -38 -85 0
-12 -49 65 0
-58 81 0
-22 -32 0
-2 71 88 0
-3 24 42 0
-54 -61 62 0
-6 -21 35 0
10 48 80 0
-3 -51 79 0
-33 -36 49 0
-5 -75 0
-6 -53 -58 0
30 82 0
32 -71 -88 0
-17 28 46 0
12 -22 48 0
3 30 0
29 69 78 0
-25 58 0
21 33 -68 0
30 41 70 0
-41 -64 82 0
-16 25 -29 0
-4 8 69 0
-51 -62 81 0
-22 -28 -83 0
-7 62 81 0
-17 42 -71 0
18 -30 -52 0
11 -30 68 0
2 21 28 0
-21 47 -54 0
-52 55 71 0
-1 75 78 0
9 -15 45 0
-7 47 -60 0
-13 -28 -73 0
4 -74 -88 0
27 63 83 0
30 -51 0
-18 -39 -61 0
12 -48 56 0
22 -25 -57 0
-11 17 -70 0
4 -47 75 0
77 -85 0
63 -77 -88 0
-68 80 83 0
-36 67 77 0
27 -55 -85 0
-26 -36 71 0
8 13 63 0
42 -56 63 0
-8 -31 60 0
-3 12 65 0
3 -11 -30 0
5 -64 -79 0
-40 48 84 0
13 67 86 0
-43 -51 -87 0
-15 49 -65 0
-49 52 -79 0
19 33 -62 0
11 21 -53 0
1 3 89 0
-61 69 0
-25 62 -67 0
20 -60 79 0
3 50 78 0
15 -58 -85 0
-7 16 -22 0
37 -49 -73 0
-19 -63 71 0
7 -76 -88 0
-11 61 0
-30 42 75 0
5 -87 0
44 -81 0
9 37 65 0
-6 -31 -35 0
-8 -25 78 0
-19 -28 -41 0
-20 63 0
22 -38 86 0
59 62 87 0
17 27 -49 0
40 50 0
67 -72 0
-1 22 32 0
1 -14 -72 0
5 43 54 0
-75 -83 0
-11 -17 0
-1 -12 34 0
-38 53 0
19 -41 61 0
-8 -35 -83 0
-3 -18 -55 0
-75 79 85 0
20 -25 -54 0
74 -78 0
-17 -24 -25 0
-19 -74 0
4 13 -28 0
10 57 63 0
-25 29 64 0
-51 60 0
-5 54 0
27 -31 -67 0
-6 7 -33 0
3 8 84 0
-16 -21 -73 0
-6 12 -67 0
-16 -76 -88 0
18 69 77 0
48 -71 0
33 -87 89 0
13 57 -73 0
18 -32 -55 0
17 27 -47 0
15 34 66 0
-41 -69 -78 0
-37 52 62 0
-32 -45 -56 0
30 76 -78 0
63 64 -77 0
-9 29 0
-16 42 55 0
-13 -42 -79 0
42 -52 -80 0
32 41 0
1 -11 26 0
-42 -79 85 0
25 35 -74 0
-9 -11 80 0
48 -84 -88 0
16 44 -83 0
-2 11 -34 0
6 -57 83 0
5 45 -70 0
-59 72 -78 0
-11 -40 -57 0
1 -63 -74 0
81 -87 88 0
-3 24 -82 0
13 77 -84 0
-4 -75 88 0
39 66 -86 0
6 -71 0
30 -32 45 0
11 -28 30 0
-5 -36 -50 0
-29 34 59 0
24 -78 0
14 60 70 0
-7 -8 -36 0
-7 -10 30 0
-38 -56 80 0
-25 -38 -39 0
-8 12 -76 0
7 -8 52 0
-22 -65 0
-45 -64 75 0
1 68 0
18 -64 -69 0
-26 61 -72 0
44 45 59 0
22 -36 50 0
-21 58 78 0
-4 12 33 0
-42 84 -89 0
36 -48 -86 0
-10 -24 55 0
25 26 0
-7 -16 0
-36 -44 -60 0
-21 22 0
-32 43 -83 0
34 55 78 0
43 52 -63 0
29 38 68 0
-18 -39 75 0
19 54 66 0
-48 88 0
-29 -46 69 0
11 -18 -86 0
-41 -48 79 0
14 -23 -26 0
15 26 73 0
34 44 0
51 -61 70 0
1 46 -61 0
18 -19 0
-10 -22 54 0
11 42 0
-48 52 79 0
9 22 -38 0
-3 57 0
23 78 -79 0
12 35 47 0
22 -46 -63 0
14 19 -39 0
-20 -26 0
-6 36 0
10 -55 88 0
65 75 77 0
23 -37 65 0
71 -83 0
6 25 58 0
-24 54 76 0
-6 11 -32 0
28 -35 0
-15 32 -43 0
-5 -62 0
-22 30 89 0
-39 -42 -59 0
24 55 82 0
-5 15 82 0
48 -69 -72 0
-3 -10 49 0
-49 -84 -85 0
-14 25 30 0
-20 -71 0
-31 -49 -56 0
66 81 0
-22 47 -87 0
1 60 83 0
16 55 62 0
-22 88 -89 0
-4 -49 -86 0
17 -53 -86 0
50 -59 86 0
26 -49 -54 0
-10 11 -57 0
14 15 -26 0
4 40 56 0
-3 -77 86 0
49 55 65 0
-30 -38 -70 0
3 -50 -64 0
-12 38 49 0
16 60 0
-63 -75 -87 0
-25 -65 70 0
-14 15 -72 0
-3 -26 -83 0
-21 -48 -57 0
-32 40 89 0
33 -43 -70 0
-19 31 -86 0
30 -42 76 0
-36 67 -78 0
-19 41 43 0
-1 -68 82 0
-46 -60 0
8 65 73 0
50 -51 74 0
-45 -63 76 0
20 80 -87 0
-39 -77 0
-17 18 -45 0
-9 28 -40 0
40 85 89 0
-52 68 -75 0
22 -43 -79 0
40 62 -89 0
-26 -44 55 0
1 -16 -77 0
-29 -33 -89 0
50 66 -67 0
-14 22 -75 0
8 -18 -56 0
20 -26 50 0
-38 55 -56 0
-5 -70 -76 0
-52 -53 -58 0
27 -56 60 0
-54 -61 0
3 -31 0
1 36 -64 0
10 -11 12 0
-1 -17 -79 0
5 17 89 0
-29 -41 -63 0
-13 20 0
66 -71 0
-17 -18 52 0
-6 58 -86 0
-72 -79 80 0
16 23 -72 0
-21 -30 -73 0
22 58 -65 0
-6 8 -65 0
-31 76 -81 0
31 -44 76 0
-53 -58 -65 0
51 80 0
29 -30 82 0
36 -62 -68 0
-16 -23 -29 0
43 -72 0
-3 -6 43 0
1 34 -41 0
-5 -34 -88 0
-40 48 88 0
-17 -70 78 0
-43 56 -59 0
-12 -29 -73 0
-19 -66 -71 0
5 -25 31 0
9 22 -69 0
51 -67 -70 0
-3 -31 -52 0
-37 54 62 0
7 -45 -77 0
23 -75 -81 0
-21 45 70 0
37 -40 55 0
49 -50 64 0
-2 -50 -72 0
-33 83 0
4 19 -29 0
5 -12 -88 0
32 58 -67 0
18 26 64 0
-55 62 66 0
-27 -44 -85 0
-23 -36 -51 0
