p cnf 90 334
14 89 0
-12 26 -78 0
43 82 -87 0
3 7 39 0
11 20 45 0
50 -64 0
-45 67 -82 0
10 31 54 0
5 -57 -75 0
-29 43 -83 0
-27 -30 -86 0
14 -19 -28 0
-60 62 81 0
35 -61 79 0
-62 -66 -73 0
-11 13 -44 0
7 -8 71 0
12 -66 88 0
4 -30 -45 0
10 72 -86 0
39 -64 0
-41 -67 76 0
-14 -63 88 0
29 79 0
-14 -23 51 0
-6 -7 -9 0
-25 -46 89 0
-12 -33 -62 0
-67 -89 0
3 4 34 0
5 -38 -46 0
-54 63 64 0
-77 83 88 0
-75 79 0
42 63 -88 0
-31 43 55 0
-56 -63 89 0
-11 35 -82 0
-11 -30 -86 0
-6 -79 -80 0
18 33 74 0
53 -80 -82 0
-33 67 0
21 42 66 0
59 69 -84 0
-24 -66 -83 0
43 -62 68 0
-29 -65 0
32 33 -77 0
-15 28 -48 0
-15 -23 -65 0
41 -44 57 0
-20 58 76 0
8 -47 -62 0
35 -69 90 0
2 16 -66 0
50 -83 0
38 -88 89 0
-7 -52 84 0
22 61 64 0
2 -45 65 0
-45 -75 87 0
6 -16 81 0
-2 -30 -88 0
3 -17 54 0
-58 59 0
-14 -20 52 0
40 79 90 0
-64 71 73 0
6 -90 0
-11 -15 47 0
-38 -73 80 0
14 25 0
-6 -37 -68 0
26 88 0
-12 -57 67 0
-26 52 71 0
45 -50 79 0
3 4 59 0
-41 -53 66 0
-5 29 -35 0
18 -59 0
-1 23 -25 0
-19 -44 50 0
-23 26 28 0
27 -33 -60 0
59 65 83 0
12 62 90 0
-10 14 -41 0
2 82 0
24 -51 79 0
31 36 -45 0
12 -58 -76 0
-34 70 85 0
32 34 79 0
-24 27 -76 0
5 -6 -55 0
9 12 -63 0
-7 82 0
42 -75 76 0
20 48 55 0
-10 -63 -79 0
-19 -20 -81 0
-35 52 -76 0
-2 -37 43 0
-32 68 -85 0
-11 30 81 0
38 -58 -62 0
-38 -51 -80 0
-26 48 73 0
-23 84 0
30 -35 0
54 -76 81 0
-65 66 76 0
-9 10 -89 0
50 -54 70 0
40 -58 87 0
-4 -14 20 0
43 69 81 0
-18 -19 -69 0
12 -67 68 0
3 -31 35 0
-5 38 43 0
25 -63 0
9 -69 -86 0
51 -72 -86 0
-23 58 78 0
-3 41 -48 0
-19 58 71 0
29 78 -87 0
24 -51 53 0
-10 -55 63 0
-61 78 89 0
-9 -20 0
-9 28 -49 0
-25 43 -53 0
18 81 -89 0
76 -78 0
18 80 0
25 52 55 0
13 -39 62 0
-16 24 48 0
9 18 66 0
-36 68 -78 0
30 40 0
-24 42 59 0
-1 5 63 0
-44 -58 67 0
8 41 -59 0
5 -35 -70 0
-30 54 -55 0
-73 -83 -89 0
12 54 0
-14 -21 0
19 -36 0
-25 70 89 0
5 39 73 0
-12 42 -59 0
-12 -48 -82 0
16 -22 71 0
-37 47 0
21 54 65 0
-11 -76 85 0
19 -62 -68 0
-15 -16 51 0
53 76 0
-10 14 -39 0
43 87 -88 0
-35 -46 69 0
-15 -57 -71 0
13 -73 75 0
2 7 -60 0
-11 -17 -88 0
27 56 -57 0
-5 -11 -52 0
1 30 78 0
-12 44 48 0
-43 -51 -83 0
19 49 68 0
51 -82 83 0
-12 20 70 0
-22 -33 -77 0
22 -41 71 0
12 -30 -86 0
77 -88 0
30 -58 0
10 34 84 0
-19 37 81 0
28 57 -73 0
-27 -57 64 0
-4 -85 0
10 29 -64 0
13 -31 57 0
-75 -85 -90 0
2 -83 0
19 -64 -66 0
-64 67 -72 0
-2 -59 -66 0
-7 -43 -68 0
14 36 -82 0
-24 -50 0
-43 -46 -73 0
11 -43 -52 0
-45 70 -79 0
32 -61 -64 0
8 53 63 0
68 -82 -85 0
1 -20 25 0
18 -72 -77 0
-14 49 63 0
12 55 0
-37 46 49 0
26 -54 -63 0
-30 66 -73 0
26 73 74 0
-26 47 -74 0
66 68 -75 0
-2 -34 -44 0
-22 32 41 0
-34 51 57 0
19 -32 -90 0
-25 44 -68 0
-26 30 -46 0
-48 78 -84 0
18 -52 53 0
29 51 74 0
-14 -62 85 0
-59 -70 0
1 29 44 0
25 -63 88 0
-17 18 -33 0
46 -50 60 0
-12 -56 -78 0
-1 -68 0
56 -75 89 0
45 -49 -62 0
-16 -24 52 0
26 32 44 0
-12 -20 59 0
19 -33 -81 0
3 -43 -75 0
15 18 87 0
45 -88 89 0
-61 78 85 0
-39 -44 56 0
-26 36 -49 0
34 -56 -86 0
-30 -46 -86 0
-5 6 -89 0
-15 -53 69 0
1 -58 72 0
76 -82 -88 0
-6 -25 -45 0
48 -49 56 0
-46 -77 -79 0
-55 -58 -87 0
26 36 -51 0
18 23 -79 0
-48 52 -58 0
37 46 -53 0
-42 -56 -67 0
-3 -77 81 0
10 -35 -54 0
19 21 -34 0
8 16 49 0
-76 80 84 0
-17 19 -62 0
37 -53 -78 0
29 61 0
33 47 -80 0
33 55 86 0
44 65 0
-3 19 63 0
13 15 89 0
32 -42 43 0
7 45 -89 0
-11 -55 -69 0
37 42 -68 0
-50 -58 0
5 -84 -88 0
17 -35 -86 0
61 -79 0
-23 29 83 0
-19 -63 -81 0
6 -59 68 0
-15 -48 0
1 39 -62 0
-1 9 19 0
-12 -85 86 0
24 57 -86 0
25 -36 -90 0
-28 -55 -58 0
27 64 0
-27 -66 -75 0
-6 56 -80 0
-3 83 85 0
32 37 83 0
-28 -61 74 0
13 37 -68 0
32 -52 -62 0
-43 48 0
10 30 81 0
-4 5 82 0
-21 -33 68 0
-62 -66 -77 0
47 49 52 0
58 -60 -75 0
-45 -69 71 0
11 27 -52 0
-13 23 -29 0
20 -41 68 0
22 -55 -86 0
-41 -50 -65 0
-22 51 57 0
-15 25 -39 0
43 -45 -86 0
19 42 80 0
13 25 0
47 75 0
57 -61 0
17 -34 0
63 87 0
-16 -37 59 0
-10 -43 -86 0
-37 50 85 0
34 -76 80 0
-24 40 70 0
25 48 -69 0
19 23 -28 0
11 -24 26 0
48 -49 54 0
1 15 -16 0
-47 72 0
8 16 0
