p cnf 90 337
15 89 0
-13 27 -78 0
44 82 -87 0
3 8 40 0
12 21 46 0
51 -65 0
-46 67 -82 0
11 32 55 0
5 -58 -75 0
-30 44 -83 0
-28 -31 -86 0
15 -20 -29 0
-61 63 81 0
35 -62 79 0
-37 -46 -63 0
-12 14 -45 0
8 -9 71 0
4 -31 -46 0
11 72 -86 0
40 -65 0
-42 -67 76 0
-15 -64 88 0
30 79 0
-15 -24 52 0
-7 -8 -10 0
-26 -47 89 0
-13 -33 -63 0
37 -67 -89 0
3 4 34 0
5 -39 -47 0
-55 64 65 0
-77 83 88 0
-75 79 0
43 64 -88 0
-32 44 56 0
-57 -64 89 0
-12 35 -82 0
-12 -31 -86 0
-7 -79 -80 0
-37 -64 78 0
19 33 74 0
54 -80 -82 0
-33 67 0
22 43 0
60 69 -84 0
44 -63 68 0
-30 -66 0
-6 21 54 0
-16 29 -49 0
-16 -24 -66 0
42 -45 58 0
-21 59 76 0
9 -48 -63 0
35 -69 90 0
51 -83 0
39 -88 89 0
-8 -53 84 0
23 62 65 0
2 -46 66 0
-46 -75 87 0
7 -17 81 0
-2 -31 -88 0
3 -18 55 0
-59 60 0
-15 -21 53 0
41 79 90 0
-65 71 73 0
7 -90 0
-12 -16 48 0
-39 -73 80 0
15 26 0
-7 -38 -68 0
27 88 0
-13 -58 67 0
-27 53 71 0
46 -51 79 0
-22 -37 -47 0
3 4 60 0
-42 -54 0
-5 30 -35 0
19 -60 0
-1 24 -26 0
-20 -45 51 0
-24 27 29 0
28 -33 -61 0
60 66 83 0
13 63 90 0
-11 15 -42 0
25 -52 79 0
6 -37 0
32 36 -46 0
13 -59 -76 0
-34 70 85 0
-25 28 -76 0
5 -7 -56 0
10 13 -64 0
-8 82 0
43 -75 76 0
21 49 56 0
-11 -64 -79 0
-20 -21 -81 0
-35 53 -76 0
-2 -38 44 0
-6 44 -45 0
68 -85 0
-12 31 81 0
39 -59 -63 0
-4 -17 0
-39 -52 -80 0
-27 49 73 0
-24 84 0
31 -35 0
55 -76 81 0
-66 76 0
-10 11 -89 0
51 -55 70 0
-6 33 0
41 -59 87 0
-4 -15 21 0
44 69 81 0
-19 -20 -69 0
13 -67 68 0
3 -32 35 0
-5 39 44 0
10 -69 -86 0
52 -72 -86 0
-24 59 78 0
-3 42 -49 0
-20 59 71 0
30 78 -87 0
25 -52 54 0
-11 -56 64 0
-8 16 -37 0
-62 78 89 0
-10 29 -50 0
-26 44 -54 0
19 81 -89 0
76 -78 0
19 80 0
26 53 56 0
14 -40 63 0
-17 25 49 0
10 19 0
2 -6 -25 0
2 -37 -46 0
-36 68 -78 0
31 41 0
-37 75 76 0
-25 43 60 0
-1 5 64 0
-45 -59 67 0
9 42 -60 0
5 -35 -70 0
-31 55 -56 0
-73 -83 -89 0
13 55 0
-15 -22 0
20 -36 0
-26 70 89 0
5 40 73 0
-13 43 -60 0
-13 -49 -82 0
17 -23 71 0
-6 26 59 0
-38 48 0
-6 42 59 0
22 55 66 0
-12 -76 85 0
20 -63 -68 0
-16 -17 52 0
54 76 0
-11 15 -40 0
44 87 -88 0
-35 -47 69 0
-16 -58 -71 0
14 -73 75 0
2 8 -61 0
-12 -18 -88 0
28 57 -58 0
-5 -12 -53 0
1 31 78 0
-13 45 49 0
-44 -52 -83 0
20 50 68 0
52 -82 83 0
-13 21 70 0
-23 -33 -77 0
23 -42 71 0
13 -31 -86 0
77 -88 0
6 31 -59 0
11 34 84 0
-20 38 81 0
29 58 -73 0
-28 -58 65 0
-4 -85 0
11 30 -65 0
14 -32 58 0
-75 -85 -90 0
2 -83 0
-65 67 -72 0
-6 -21 -22 0
-8 -44 -68 0
15 36 -82 0
-25 -51 0
-44 -47 -73 0
12 -44 -53 0
-46 70 -79 0
9 54 64 0
68 -82 -85 0
1 -21 26 0
19 -72 -77 0
-15 50 64 0
-37 43 -49 0
13 56 0
-38 47 50 0
27 -55 -64 0
-31 -73 0
27 73 74 0
-27 48 -74 0
68 -75 0
-2 -34 -45 0
-34 52 58 0
20 -90 0
-26 45 -68 0
-27 31 -47 0
-49 78 -84 0
19 -53 54 0
30 52 74 0
8 40 0
-15 -63 85 0
-37 -44 57 0
-60 -70 0
1 30 45 0
26 -64 88 0
-18 19 -33 0
47 -51 61 0
-13 -57 -78 0
57 -75 89 0
46 -50 -63 0
-17 -25 53 0
-13 -21 60 0
20 -33 -81 0
3 -44 -75 0
16 19 87 0
46 -88 89 0
-62 78 85 0
-40 -45 57 0
-27 36 -50 0
-49 82 0
34 -57 -86 0
-31 -47 -86 0
16 31 -37 0
-5 7 -89 0
-16 -54 69 0
1 -59 72 0
76 -82 -88 0
-7 -26 -46 0
49 -50 57 0
-47 -77 -79 0
-56 -59 -87 0
27 36 -52 0
19 24 -79 0
-49 53 -59 0
38 47 -54 0
-43 -57 -67 0
-3 -77 81 0
11 -35 -55 0
20 22 -34 0
9 17 50 0
-76 80 84 0
-18 20 -63 0
38 -54 -78 0
30 62 0
33 48 -80 0
33 56 86 0
45 66 0
-3 20 64 0
14 16 89 0
8 46 -89 0
-12 -56 -69 0
38 43 -68 0
-51 -59 0
5 -84 -88 0
18 -35 -86 0
6 62 -79 0
-24 30 83 0
-20 -64 -81 0
7 -60 68 0
1 40 -63 0
-1 10 20 0
-13 -85 86 0
25 58 -86 0
26 -36 -90 0
-29 -56 -59 0
28 65 0
-7 57 -80 0
-3 83 85 0
-37 -47 0
-29 -62 74 0
14 38 -68 0
-44 49 0
11 31 81 0
-4 5 82 0
-22 -33 68 0
48 50 53 0
59 -61 -75 0
-46 -69 71 0
12 28 -53 0
-14 24 -30 0
21 -42 68 0
23 -56 -86 0
-42 -51 -66 0
-23 52 58 0
-52 -84 0
-16 26 -40 0
44 -46 -86 0
20 43 80 0
14 26 0
48 75 0
-6 63 -73 0
6 58 -62 0
18 -34 0
37 64 87 0
-17 -38 60 0
-11 -44 -86 0
-38 51 85 0
-37 44 75 0
34 -76 80 0
-25 41 70 0
26 49 -69 0
20 24 -29 0
12 -25 27 0
49 -50 55 0
1 16 -17 0
6 -48 72 0
9 17 0
