p cnf 92 353
56 -61 0
32 80 0
7 24 86 0
-43 -55 -79 0
-23 -39 50 0
-9 -11 -90 0
17 35 57 0
-48 51 -89 0
-3 -64 -82 0
5 19 0
-6 71 82 0
70 -81 89 0
-7 33 75 0
-27 73 -78 0
-17 -70 75 0
-24 33 -70 0
11 -52 -85 0
-16 48 75 0
2 67 -92 0
5 71 -76 0
9 50 59 0
-58 -67 -73 0
-8 18 21 0
-5 -30 79 0
-2 -43 -78 0
-27 -80 90 0
10 -21 -86 0
-6 8 -23 0
23 -57 87 0
42 65 73 0
15 23 -80 0
-9 13 -36 0
16 22 -30 0
39 68 -78 0
-24 -51 0
-19 -31 0
-11 -50 -75 0
4 9 12 0
-8 42 -82 0
1 30 -72 0
-19 -54 -77 0
-21 45 73 0
-30 55 -75 0
2 33 75 0
10 -20 92 0
-15 -28 -30 0
30 52 89 0
22 39 -55 0
47 92 0
-17 -20 -75 0
-14 -75 90 0
-21 25 61 0
-17 42 91 0
-10 78 92 0
-34 71 -79 0
18 -39 40 0
82 90 -92 0
19 23 57 0
26 42 44 0
37 -39 82 0
-61 74 -87 0
10 11 89 0
33 -37 75 0
-57 -77 86 0
-51 58 -92 0
-9 27 -48 0
65 -70 86 0
3 -31 -42 0
65 74 87 0
-62 74 -82 0
-18 46 48 0
-28 57 -78 0
8 73 -84 0
-22 34 68 0
39 -77 -92 0
27 36 89 0
-48 -55 -70 0
35 -51 -87 0
49 52 92 0
-18 26 -82 0
3 8 48 0
-13 -79 0
21 27 55 0
2 -39 89 0
-7 -59 -77 0
-19 -22 64 0
-41 -65 -73 0
-26 -46 0
67 73 -88 0
10 39 0
14 31 -75 0
34 55 -76 0
-28 -70 85 0
-5 -18 -43 0
-11 17 -56 0
19 51 -54 0
11 -14 -27 0
-21 29 87 0
14 -26 0
-21 83 89 0
17 -26 56 0
17 -74 0
-14 20 -64 0
-11 -44 -54 0
4 -11 18 0
1 23 -27 0
13 33 -50 0
11 -25 -41 0
-14 38 0
4 -12 -49 0
-8 -48 74 0
44 -67 -79 0
4 46 -76 0
-29 -32 62 0
-21 44 68 0
9 -29 -31 0
35 -74 -83 0
-6 49 -89 0
-3 -64 65 0
-14 41 72 0
28 -32 -75 0
8 17 -65 0
-22 -25 66 0
-82 -83 0
-29 42 -82 0
-31 65 92 0
-1 19 -24 0
-18 53 56 0
-14 -21 30 0
42 67 0
-16 20 0
-66 -67 91 0
-16 41 73 0
-31 41 72 0
53 66 71 0
-14 54 59 0
-12 65 -91 0
-8 35 -79 0
-58 -84 87 0
-10 -65 78 0
39 -43 -46 0
49 -63 -89 0
19 -56 59 0
-5 -59 68 0
-23 66 -77 0
-31 41 79 0
4 9 -48 0
15 18 -85 0
-11 59 -74 0
-5 76 88 0
-17 61 85 0
54 59 65 0
-3 26 47 0
10 66 88 0
-36 63 -85 0
-4 32 -80 0
48 84 -88 0
-19 61 0
6 -12 -53 0
-11 -24 0
-3 -44 -47 0
34 -42 60 0
19 -70 86 0
11 30 -42 0
-4 13 -54 0
7 75 0
-12 67 85 0
-5 -59 -88 0
-12 -77 90 0
45 -66 -77 0
5 33 -60 0
37 -41 84 0
-8 40 -43 0
-1 -57 59 0
-44 64 88 0
-18 51 85 0
-4 -22 66 0
2 10 -22 0
-12 -53 77 0
60 -67 69 0
26 -48 81 0
-17 -22 65 0
13 -22 66 0
-33 64 83 0
60 69 -80 0
-39 74 88 0
12 75 85 0
-60 61 0
8 -25 55 0
41 58 67 0
2 -68 72 0
-13 53 72 0
-8 10 -91 0
-37 -40 77 0
53 68 70 0
-2 9 42 0
13 -23 -54 0
-19 70 87 0
5 -34 48 0
-15 18 85 0
7 -71 0
-32 37 -69 0
14 -57 72 0
17 -23 -58 0
-52 -63 76 0
9 -31 -58 0
21 -48 -88 0
-2 18 81 0
-10 45 -59 0
4 -62 -71 0
18 -40 -68 0
-26 42 48 0
44 70 84 0
-38 44 -74 0
53 81 0
-7 47 0
-4 38 52 0
-25 49 -74 0
-37 -78 0
-15 46 65 0
62 -67 76 0
-57 82 -86 0
3 -65 -92 0
-7 -12 -84 0
-4 -10 -60 0
-37 -79 86 0
-15 19 49 0
-17 91 -92 0
11 -19 -37 0
-1 -26 -80 0
22 90 -92 0
6 -38 -66 0
-5 13 -77 0
-33 36 69 0
56 75 90 0
-25 -43 -89 0
-45 -68 83 0
-44 85 88 0
16 38 -83 0
72 -81 92 0
-5 -30 55 0
-24 81 85 0
10 58 76 0
9 25 58 0
3 18 0
-19 -56 77 0
78 85 89 0
-13 14 -59 0
-1 13 68 0
45 -59 -73 0
1 -35 -44 0
20 70 87 0
11 -43 0
-6 40 67 0
46 64 -78 0
-32 65 80 0
-29 -69 -76 0
51 75 -79 0
10 -51 60 0
-23 -43 64 0
-7 -60 -89 0
-8 28 82 0
19 -37 -65 0
23 63 69 0
-27 90 0
-3 8 46 0
-3 31 87 0
-59 -82 -85 0
-3 29 60 0
-14 -17 86 0
13 -53 -68 0
9 46 47 0
-18 -48 65 0
8 46 83 0
-1 51 87 0
-19 44 -67 0
14 -51 -54 0
8 -47 92 0
-2 23 -42 0
-12 -41 -84 0
-27 -46 -79 0
-25 -35 -48 0
17 45 -81 0
-13 25 28 0
6 -10 -92 0
-8 -9 47 0
20 -36 65 0
9 63 -66 0
-41 55 -79 0
55 -57 -68 0
-15 87 92 0
2 -5 17 0
55 -86 0
-8 9 60 0
56 69 86 0
-13 65 67 0
-8 -44 69 0
-4 42 -83 0
-9 -78 0
5 57 -91 0
-22 63 -72 0
-4 -34 -82 0
10 71 -86 0
23 91 0
-52 -75 -83 0
42 58 -82 0
-9 49 62 0
1 -83 -85 0
-32 33 -51 0
-3 -24 -72 0
-80 -83 91 0
-48 63 -75 0
58 72 -74 0
19 -21 -47 0
24 -51 64 0
2 44 -92 0
-3 37 74 0
26 47 -60 0
-43 80 -83 0
30 76 81 0
50 56 -63 0
-4 28 73 0
-8 -31 39 0
-27 34 -92 0
2 18 48 0
2 -40 -53 0
57 79 0
-39 63 92 0
59 69 80 0
6 37 -77 0
-23 -31 -91 0
6 47 51 0
18 -58 59 0
6 -66 70 0
40 60 76 0
-16 -42 -71 0
-26 28 -79 0
3 60 85 0
25 75 -81 0
-7 -48 54 0
-7 8 -13 0
15 53 -86 0
37 66 85 0
4 -12 -70 0
31 -36 -91 0
-73 83 0
9 -26 -77 0
72 -83 87 0
-58 -84 -86 0
7 25 -38 0
4 -25 -52 0
-46 -52 -71 0
21 -84 89 0
