p cnf 88 320
-14 -34 88 0
31 47 61 0
18 61 62 0
10 39 77 0
-34 -43 0
-34 -42 88 0
10 -50 -85 0
21 38 0
-47 -59 0
-57 68 75 0
4 27 81 0
6 35 52 0
-13 -27 -58 0
12 31 59 0
40 43 -56 0
-55 -75 81 0
-23 37 0
-59 -65 -78 0
-42 47 -76 0
-6 70 74 0
20 43 -57 0
-38 53 0
30 53 -64 0
-9 13 14 0
-14 -38 -67 0
51 -68 83 0
-25 -49 0
-1 -42 57 0
34 54 -88 0
-25 -30 -51 0
-14 -45 77 0
18 -38 52 0
-25 60 0
-29 -82 0
12 -23 -79 0
-39 -48 0
17 -63 -78 0
21 -31 0
39 62 72 0
-57 -70 -71 0
-2 -85 0
22 -44 47 0
-18 -21 68 0
28 -53 0
-21 -24 -44 0
25 -54 -85 0
13 -15 0
18 50 66 0
3 -13 -41 0
47 75 -88 0
-1 -39 -40 0
9 23 -36 0
26 -75 76 0
40 54 -87 0
65 67 -72 0
-55 72 78 0
14 -20 -57 0
22 -46 -66 0
15 69 -75 0
9 53 60 0
25 36 46 0
-21 61 81 0
58 66 0
7 62 74 0
-26 41 -54 0
36 -76 87 0
8 9 32 0
4 8 71 0
-10 -66 -86 0
19 -23 56 0
21 25 -32 0
-9 15 66 0
34 -66 -72 0
-4 -25 53 0
53 65 -74 0
-8 -37 65 0
-37 54 88 0
31 35 -48 0
12 -34 -39 0
17 37 0
1 -7 -25 0
-24 48 -57 0
18 -42 -51 0
8 -69 -72 0
77 -86 0
-7 46 -77 0
-3 -55 -81 0
55 56 -85 0
21 58 -88 0
-15 -39 -64 0
-1 -41 61 0
17 -62 -86 0
-5 -10 -33 0
-4 11 85 0
2 -27 -67 0
18 -34 80 0
4 38 -55 0
-61 65 -79 0
-26 -35 -73 0
-17 -28 44 0
36 -45 -48 0
-23 -37 60 0
7 -39 51 0
-34 70 0
-35 -48 0
-6 -24 69 0
29 77 0
-17 77 -85 0
-20 -47 87 0
2 -42 58 0
-24 -63 71 0
6 20 0
3 26 -67 0
26 -47 0
59 -77 80 0
27 52 -67 0
-37 38 88 0
-45 47 -69 0
-19 -25 -38 0
-11 -28 67 0
-6 -26 63 0
1 -55 60 0
42 57 -74 0
9 -40 75 0
-17 39 0
32 -56 -75 0
-24 -29 -59 0
5 -40 0
14 -23 -82 0
7 -60 -63 0
-18 38 -41 0
2 11 0
19 -47 57 0
15 22 52 0
33 40 0
-44 -57 0
22 38 0
53 65 0
-2 78 0
-36 -60 -77 0
-2 5 -55 0
-21 50 82 0
-8 45 0
-9 40 -63 0
7 74 -75 0
-12 39 -57 0
-5 -56 -63 0
-39 72 -88 0
6 -23 -86 0
-2 24 68 0
-39 -53 72 0
12 52 -80 0
39 41 -60 0
-58 -79 87 0
8 27 -72 0
34 68 0
6 28 37 0
33 -53 68 0
23 -62 67 0
-20 46 61 0
12 69 -75 0
-14 18 42 0
-5 48 -64 0
2 62 76 0
-33 -47 77 0
-22 -53 -72 0
-24 -54 70 0
-2 13 -82 0
59 62 -63 0
-22 -46 -58 0
16 -45 -80 0
11 -13 -75 0
-24 -59 -66 0
36 -52 54 0
-14 -46 56 0
-40 -79 0
-3 -42 84 0
-41 -82 0
-4 -42 64 0
29 50 -59 0
-32 -67 87 0
14 -30 -40 0
1 46 -72 0
-4 23 -29 0
-50 62 0
11 63 -85 0
-13 45 -50 0
-11 -19 79 0
-61 -74 -80 0
8 -40 80 0
5 -51 -85 0
35 -55 58 0
-46 59 80 0
-9 24 -85 0
23 30 64 0
7 -14 83 0
-21 36 -69 0
-32 -51 -82 0
-38 69 -73 0
6 11 -64 0
47 59 -71 0
24 -29 -67 0
-19 -61 79 0
1 25 -55 0
16 -22 38 0
-27 74 0
-21 35 80 0
4 21 57 0
56 -72 86 0
2 -46 52 0
1 -11 -49 0
-30 71 -88 0
40 -44 0
12 17 67 0
-27 -61 75 0
-52 77 87 0
-35 -54 -76 0
61 -68 88 0
-8 -50 0
13 -32 76 0
-34 -44 78 0
-25 38 72 0
5 -43 82 0
24 47 -80 0
28 -35 75 0
28 48 -65 0
36 39 72 0
11 -12 -37 0
-22 30 -39 0
-61 72 -83 0
78 -80 -85 0
-9 -84 0
-27 31 -79 0
16 22 -36 0
-6 25 65 0
-34 -65 85 0
49 -68 -84 0
6 -16 43 0
5 6 -24 0
2 60 0
-33 -35 36 0
27 -63 71 0
-14 -29 31 0
2 -52 69 0
6 25 56 0
-15 -62 0
19 -39 -62 0
-1 77 0
-42 -52 68 0
-36 51 52 0
17 -29 -54 0
-54 -72 0
-29 48 -53 0
26 42 -72 0
-22 34 -50 0
13 -76 83 0
-26 -70 -81 0
10 19 -35 0
9 74 83 0
18 32 -75 0
-11 59 62 0
10 -76 -86 0
24 -53 -62 0
-28 -88 0
-4 -64 0
15 -44 -53 0
-15 21 -67 0
-14 58 0
37 -65 -84 0
36 37 61 0
-69 -75 -86 0
33 -37 78 0
10 -71 -74 0
17 68 -70 0
44 76 77 0
-27 55 60 0
-32 -38 -40 0
-38 -40 53 0
-2 80 86 0
-4 9 -48 0
-81 -86 -87 0
47 51 0
30 -46 -72 0
-2 12 -26 0
5 -12 -47 0
13 15 76 0
13 -37 58 0
47 -70 -84 0
-50 57 70 0
-15 -53 82 0
1 67 0
27 -82 0
21 28 56 0
-39 44 -66 0
-6 -24 -65 0
32 64 69 0
10 -15 -74 0
-6 40 -42 0
-11 -75 -85 0
-60 -77 -84 0
59 -79 -81 0
21 50 -59 0
-8 -40 0
12 22 0
26 -72 79 0
-48 68 71 0
-39 66 0
36 51 -74 0
-10 -47 -60 0
-6 53 69 0
1 39 -44 0
-28 49 50 0
52 57 -81 0
-16 -31 72 0
-13 -43 -69 0
1 -27 -54 0
-42 -53 73 0
9 66 -69 0
61 71 83 0
6 53 -84 0
