p cnf 83 306
-6 20 80 0
-71 -75 0
29 -34 -63 0
44 -46 0
5 -7 -35 0
22 81 0
-44 75 0
-60 -77 -80 0
41 55 56 0
-16 53 0
-36 55 58 0
15 -21 -22 0
9 -68 79 0
-23 38 -51 0
30 33 0
-8 40 0
29 40 -66 0
4 -10 81 0
31 -54 -62 0
12 13 0
4 42 -51 0
19 29 -40 0
-26 -49 59 0
-4 -10 58 0
30 73 80 0
13 -44 -57 0
15 -18 -77 0
26 -58 63 0
-3 11 64 0
16 -52 66 0
11 24 -32 0
-8 70 0
-1 -39 -65 0
3 -27 -36 0
8 -12 -65 0
23 -47 -83 0
57 67 0
3 -6 48 0
-4 6 8 0
24 38 -58 0
-26 69 0
-4 -39 82 0
-61 -68 79 0
4 -74 0
-34 -51 68 0
33 50 -56 0
-29 80 0
-4 -24 -48 0
-10 45 73 0
19 43 69 0
12 70 -79 0
-4 -45 73 0
20 49 69 0
-33 44 -79 0
-3 52 0
-38 -72 -78 0
6 -50 77 0
12 54 0
-19 -69 79 0
23 -32 41 0
12 15 47 0
-23 -28 -43 0
10 -64 -68 0
12 52 -70 0
9 11 -74 0
-12 22 27 0
53 69 -79 0
-7 36 66 0
-6 45 -74 0
-20 48 61 0
-9 -24 56 0
21 28 -62 0
29 -33 65 0
71 -79 83 0
-47 50 -78 0
9 16 64 0
35 58 70 0
-1 39 40 0
52 -79 0
27 -54 73 0
-3 -20 0
53 58 -82 0
42 49 -81 0
-34 72 0
5 7 39 0
11 21 0
-43 -76 0
-8 -14 58 0
21 -22 81 0
-2 28 76 0
-52 72 75 0
38 45 77 0
27 28 57 0
-39 44 69 0
-27 78 0
-17 41 55 0
-6 -25 0
30 -31 -83 0
5 -29 30 0
-38 52 75 0
55 -76 0
24 25 -82 0
21 30 57 0
8 -64 75 0
-9 -13 29 0
-59 -77 0
-15 16 39 0
40 -56 -74 0
21 -59 -77 0
62 75 0
-11 -52 76 0
43 72 0
-6 21 -83 0
3 -74 82 0
-60 -67 82 0
-3 4 0
-10 -30 0
-32 -37 43 0
22 38 74 0
-14 16 -68 0
-3 -17 55 0
5 54 0
-4 31 -64 0
-21 46 -69 0
66 71 0
-3 -50 -72 0
-26 61 -74 0
-11 28 -43 0
-35 -54 -58 0
62 -68 0
-22 41 0
-33 59 80 0
6 22 80 0
8 64 71 0
37 40 -43 0
24 -49 -76 0
26 68 0
32 -62 81 0
33 -53 73 0
-16 -78 -80 0
-11 70 -71 0
49 62 65 0
7 -57 -63 0
12 -22 44 0
44 47 -49 0
-21 -22 -62 0
-10 13 33 0
18 35 -81 0
36 -48 53 0
-72 79 0
15 17 -50 0
-46 57 0
20 -26 47 0
-1 -33 66 0
21 23 72 0
-28 32 -44 0
43 -47 -49 0
-21 24 -39 0
-11 43 67 0
22 43 62 0
37 -45 79 0
-45 73 77 0
54 -60 -68 0
-17 -77 83 0
-50 -54 -72 0
-55 57 -70 0
-16 38 44 0
-30 66 76 0
18 -53 70 0
-7 -78 81 0
-35 -40 0
-11 -58 -76 0
-4 17 -58 0
8 -69 79 0
14 46 66 0
66 80 0
-41 47 49 0
-6 -29 0
-26 66 -70 0
5 40 -72 0
-10 -11 70 0
-18 38 66 0
13 -24 -52 0
37 -48 -74 0
-12 73 -75 0
50 -55 56 0
10 56 -57 0
3 37 0
-4 59 -68 0
6 -40 60 0
-55 61 0
-42 -56 69 0
17 -29 -83 0
27 77 -81 0
14 19 42 0
26 47 72 0
-36 -37 0
24 73 0
-32 54 -55 0
13 -26 47 0
-20 33 -67 0
34 48 54 0
10 32 0
-47 50 0
-42 -46 63 0
39 40 -55 0
-16 -32 0
11 63 0
20 -62 77 0
26 -30 -77 0
22 -52 -53 0
40 -61 79 0
-62 -64 -71 0
-3 -10 16 0
-41 57 81 0
-10 76 0
-29 79 81 0
2 40 0
2 -28 -45 0
28 -30 0
-26 50 81 0
34 -37 48 0
9 40 -79 0
-8 -49 -76 0
16 42 -47 0
-6 -53 75 0
-13 -68 -73 0
-2 -14 0
-20 -50 -75 0
-13 -69 0
-18 -33 72 0
-26 -46 63 0
-29 -77 0
-42 -61 -79 0
14 45 0
62 -71 73 0
-8 19 47 0
45 55 70 0
-12 -36 70 0
-28 45 63 0
40 -53 56 0
9 13 -24 0
12 29 -36 0
-56 72 -79 0
-35 -41 69 0
32 69 76 0
17 39 -43 0
11 18 50 0
-3 63 -72 0
50 53 55 0
-3 -78 0
-29 42 -59 0
-26 43 0
19 59 80 0
-24 -31 -75 0
-12 51 79 0
-27 -45 -77 0
23 -35 52 0
36 38 74 0
-13 -24 75 0
-12 22 52 0
24 51 80 0
7 34 0
43 -47 0
4 13 -65 0
35 -71 0
8 -29 -81 0
10 43 0
-9 -49 62 0
25 -37 53 0
33 -38 0
-6 -62 76 0
7 -26 0
-8 -32 55 0
-2 -37 55 0
-7 -28 -71 0
-6 30 62 0
20 25 -71 0
28 39 41 0
20 67 73 0
-24 -68 69 0
-7 11 -20 0
-55 -58 -64 0
16 -25 -80 0
-22 26 -55 0
12 -19 -23 0
37 -38 -56 0
-40 44 -47 0
2 24 0
17 -77 0
-24 -61 -74 0
-37 74 0
15 31 -69 0
16 -19 -57 0
-7 42 60 0
32 75 -82 0
-19 -36 57 0
15 29 55 0
-14 36 0
11 72 73 0
-58 76 0
-45 58 62 0
7 -73 -74 0
-36 -54 67 0
-7 -14 18 0
40 61 -72 0
