p cnf 69 217
-17 21 0
-13 37 50 0
17 -25 40 0
-33 67 0
8 37 -64 0
-14 -32 -62 0
30 48 -56 0
53 68 69 0
15 -53 56 0
-14 48 -55 0
2 30 40 0
-23 38 0
52 61 0
7 20 0
-29 50 0
-54 60 0
8 -51 0
8 48 -58 0
25 48 -53 0
32 -55 0
30 32 -60 0
28 31 0
8 -28 38 0
19 56 -63 0
-8 -29 0
-21 -52 -59 0
14 49 0
-10 65 0
6 -34 0
-44 -46 0
6 10 0
-13 21 -31 0
-1 -10 -19 0
24 -60 0
1 -44 65 0
-8 42 -65 0
33 -40 -63 0
-3 17 -21 0
9 -19 -61 0
-18 -63 0
-41 48 0
-34 48 61 0
-16 27 57 0
-26 29 39 0
39 63 0
-39 -45 -51 0
33 43 51 0
37 -40 0
22 -28 -65 0
-28 -35 41 0
25 57 -66 0
3 -14 69 0
12 20 0
4 -34 0
14 -55 -67 0
14 -23 -32 0
10 30 48 0
-10 -42 -56 0
35 69 0
15 -48 0
15 -53 -67 0
-48 -66 67 0
-49 66 0
13 54 -58 0
-20 -25 0
-9 -17 37 0
-20 -26 38 0
-16 34 -48 0
24 58 -64 0
15 29 31 0
7 10 -26 0
10 -15 28 0
10 -14 18 0
43 -53 0
-23 -26 -50 0
-5 47 52 0
-10 51 -56 0
-20 -30 -34 0
-31 -34 55 0
2 -49 69 0
-28 32 0
24 40 47 0
-19 37 -49 0
-2 -10 -64 0
-7 30 41 0
-28 -36 -67 0
21 -49 0
-24 61 0
34 48 -49 0
-15 -18 67 0
7 39 0
-31 -34 -63 0
-3 56 69 0
52 65 0
28 -40 41 0
31 33 -35 0
-17 39 0
5 -54 58 0
-56 -67 0
-14 -25 43 0
10 -33 0
37 -52 55 0
33 -45 -66 0
-9 47 0
7 19 0
-22 39 -62 0
-15 54 -60 0
-7 46 66 0
2 -18 65 0
9 -17 28 0
-31 45 -56 0
-6 16 -21 0
6 -21 53 0
-30 39 0
14 -35 40 0
-46 48 0
6 -38 0
54 -56 0
-23 29 57 0
35 62 0
42 -47 -57 0
-30 56 0
4 65 0
12 18 42 0
-13 -56 67 0
27 -44 51 0
14 30 0
-17 -62 68 0
-4 34 35 0
-5 -16 19 0
31 -33 0
-15 -27 0
-51 64 0
-49 59 0
-9 24 -64 0
-24 -41 0
-3 -21 -50 0
5 13 40 0
12 -58 0
-2 -9 0
-18 -39 0
6 -25 65 0
3 46 0
-2 -5 -36 0
-19 36 0
-35 -47 0
-9 46 0
-8 -24 52 0
-15 23 0
-29 -32 64 0
30 42 0
8 52 -60 0
20 26 56 0
-9 -29 -69 0
1 -30 -53 0
-8 -20 -56 0
-46 55 0
3 -22 0
33 46 -58 0
7 34 64 0
-24 -49 -65 0
-8 63 0
2 69 0
22 42 -62 0
-16 -25 0
-4 -24 33 0
10 -57 0
2 -5 -58 0
-9 -19 0
8 -39 -67 0
-8 16 -20 0
30 -44 0
-11 28 -39 0
-20 -25 0
25 30 -39 0
-9 -37 0
23 -30 32 0
31 -62 0
42 69 0
-25 -41 -64 0
55 -57 0
9 -11 23 0
-19 -40 59 0
35 59 0
-8 18 0
-1 -31 45 0
-31 -56 -60 0
33 36 69 0
-30 -52 -66 0
8 66 0
12 -55 0
18 -41 0
-2 37 -39 0
23 -47 -51 0
2 -20 0
-4 -34 67 0
-5 -45 0
-16 42 48 0
15 -25 40 0
-10 -55 60 0
-7 -10 28 0
-30 37 66 0
10 19 -52 0
16 50 -65 0
2 -68 0
-38 -46 0
32 -57 -62 0
14 44 0
38 -42 60 0
-8 57 -65 0
22 -27 -47 0
-4 -15 21 0
-8 -51 63 0
45 -54 -61 0
-13 64 0
13 48 0
29 -43 0
