p cnf 92 355
38 -76 84 0
-42 55 67 0
-45 -49 -56 0
-10 63 66 0
39 -45 57 0
55 -62 85 0
-37 -77 -83 0
41 -56 91 0
28 34 0
-17 83 85 0
-3 63 0
36 90 0
-6 27 52 0
-17 -25 27 0
53 -55 -81 0
-17 -32 0
18 89 -91 0
-10 15 -38 0
3 29 -84 0
6 -19 -26 0
-25 45 -60 0
3 10 -13 0
7 31 47 0
-17 -25 -80 0
15 29 -54 0
41 -58 -87 0
41 -71 74 0
4 -83 -89 0
29 -40 69 0
-19 -27 85 0
-47 73 79 0
18 29 37 0
38 55 71 0
-7 -53 -60 0
31 60 0
-2 60 74 0
-22 -55 -92 0
-38 -61 -64 0
3 -37 63 0
-48 76 0
-64 -79 -82 0
-34 48 0
-19 62 83 0
-51 57 65 0
25 49 -58 0
24 28 -38 0
-5 31 33 0
20 -40 59 0
-30 57 -71 0
-3 14 -18 0
-4 41 -65 0
18 81 89 0
4 19 53 0
3 6 -62 0
-35 80 0
24 70 74 0
-4 -45 74 0
41 73 -80 0
-3 5 51 0
48 -76 -78 0
2 6 47 0
-27 37 75 0
14 -49 51 0
-35 42 -77 0
-25 48 -55 0
-17 34 -36 0
-56 -78 0
27 -46 -48 0
-15 -72 -87 0
5 -31 -56 0
25 -35 -73 0
-32 45 -74 0
37 85 -90 0
-6 -11 -15 0
-1 41 85 0
-21 -25 0
-9 44 76 0
18 22 -59 0
19 -83 -86 0
15 88 90 0
-34 -49 -76 0
-20 -22 65 0
18 -20 34 0
-13 -57 -75 0
17 -79 -82 0
-47 -67 0
9 -22 -87 0
-10 40 -79 0
-11 40 -76 0
44 85 -90 0
-14 59 -79 0
10 59 69 0
-37 -40 -63 0
2 43 67 0
37 -55 -64 0
-15 -22 43 0
57 -68 -86 0
29 46 74 0
-10 -76 -84 0
34 41 -46 0
4 -38 -85 0
-56 73 -85 0
-24 -34 74 0
46 -66 -70 0
-61 74 88 0
44 67 0
-36 -84 -92 0
-14 -79 0
21 32 0
-19 -22 -57 0
-22 -42 76 0
-16 48 0
28 74 76 0
13 -22 0
25 66 76 0
35 40 -46 0
-10 44 -69 0
-51 -71 -74 0
21 51 77 0
22 -55 0
2 36 56 0
-9 13 -67 0
-7 -71 76 0
-69 79 -88 0
5 25 -75 0
8 73 -80 0
-10 -13 40 0
23 -39 88 0
10 55 -90 0
5 15 74 0
4 56 71 0
2 -59 0
24 67 0
-11 -60 -87 0
36 -48 0
-27 68 -78 0
35 -50 76 0
13 -42 62 0
15 -21 -82 0
-2 41 46 0
-9 49 -85 0
-9 -18 70 0
54 57 60 0
8 25 82 0
-67 83 89 0
12 24 27 0
-6 -28 -56 0
-11 -20 -80 0
7 42 83 0
1 26 -27 0
-6 -20 61 0
8 40 77 0
19 55 -67 0
14 -28 0
31 67 0
-39 -74 -80 0
-20 -25 83 0
-34 -43 85 0
29 51 62 0
-44 -60 78 0
39 43 -62 0
-2 -20 -34 0
3 -72 74 0
-2 18 -91 0
-31 -45 -47 0
-11 -56 -69 0
-4 -11 -68 0
20 -46 -74 0
-9 -26 32 0
19 -20 -83 0
-15 -27 -28 0
-12 51 -67 0
-28 -55 -81 0
-14 49 89 0
-44 -71 -91 0
-28 -74 75 0
29 -38 -62 0
-14 54 -90 0
-6 -18 27 0
-52 -55 80 0
-53 79 0
-33 40 -51 0
2 29 -45 0
-16 -32 -39 0
-22 48 -90 0
-26 -76 77 0
-61 72 -74 0
53 -73 89 0
-20 60 72 0
2 -46 -77 0
-12 -16 -79 0
3 83 0
-18 37 53 0
-54 -60 -82 0
-4 67 -68 0
9 -23 0
24 -32 -34 0
-49 -60 78 0
-33 37 -48 0
-47 -74 0
-1 33 81 0
76 91 0
-1 -21 28 0
20 28 47 0
-10 15 71 0
14 -55 57 0
49 -54 0
-28 -51 69 0
-22 -66 89 0
-3 -11 74 0
7 -9 -29 0
-6 41 -68 0
27 52 -84 0
-5 46 -67 0
25 66 -89 0
-3 59 -84 0
78 85 88 0
27 -70 72 0
53 80 0
-57 80 85 0
-42 -71 -81 0
53 65 -68 0
1 19 21 0
54 59 74 0
22 -49 66 0
-18 34 41 0
17 27 48 0
15 -46 77 0
-7 59 0
-5 -9 -60 0
30 -37 82 0
-51 -59 61 0
-2 -33 -52 0
-34 42 82 0
17 -43 79 0
32 66 84 0
20 67 -70 0
-84 -85 87 0
21 -47 68 0
28 48 -62 0
-7 -10 76 0
36 65 78 0
9 54 -79 0
25 -32 75 0
4 33 -39 0
-34 -45 80 0
56 -57 -64 0
-31 82 92 0
10 -89 0
-3 -38 -54 0
-14 85 0
-10 -35 77 0
-18 66 76 0
14 -25 -39 0
-10 -62 76 0
-25 45 57 0
-18 68 88 0
27 41 -59 0
-2 45 64 0
-57 -78 -88 0
-38 -47 -85 0
-48 65 81 0
38 45 0
3 -65 89 0
-35 49 88 0
-35 -39 -54 0
10 -28 -82 0
22 -65 -67 0
28 -52 0
21 -77 83 0
1 -66 -71 0
25 71 -80 0
26 31 51 0
-68 -82 88 0
-11 88 0
2 51 85 0
-10 80 81 0
-31 49 -72 0
16 -43 -71 0
13 40 67 0
-51 -73 74 0
23 -59 72 0
-78 81 0
-21 27 0
24 -48 -66 0
53 -71 87 0
11 -72 -75 0
43 -79 -83 0
52 73 90 0
-17 26 87 0
24 74 84 0
-56 -57 -84 0
-21 -37 47 0
-37 -65 0
18 26 54 0
-39 57 -68 0
-34 -62 77 0
65 -89 -92 0
27 35 75 0
-17 45 -64 0
-14 -70 83 0
28 74 90 0
-14 49 -89 0
5 -12 31 0
57 -75 80 0
-14 16 -20 0
6 46 54 0
44 64 87 0
-17 20 -65 0
40 58 68 0
16 27 -51 0
-3 -13 32 0
-4 -68 0
31 -33 84 0
11 17 -36 0
24 41 -71 0
-1 65 -69 0
-29 40 -53 0
11 -18 75 0
25 60 -80 0
-13 -24 0
26 -64 -67 0
48 61 88 0
2 -18 67 0
-46 82 86 0
20 -39 -64 0
12 37 -46 0
13 -23 32 0
-49 -69 91 0
-15 -19 35 0
27 -41 92 0
77 90 0
46 -63 68 0
23 47 78 0
-55 -87 92 0
-28 -61 80 0
-20 -24 -67 0
-56 62 -79 0
7 -21 -59 0
48 -58 0
14 18 -63 0
-60 66 -73 0
-42 82 -92 0
-8 -11 -52 0
5 9 -70 0
1 3 -83 0
-3 10 20 0
2 30 -74 0
60 80 81 0
-35 56 68 0
-7 -35 65 0
7 -60 -79 0
31 -38 -46 0
21 27 -58 0
-11 -50 57 0
