p cnf 90 346
-10 77 -85 0
44 -47 -90 0
1 81 -82 0
-44 -53 -57 0
-22 -58 71 0
29 -34 -71 0
34 -49 -59 0
-33 -40 0
38 -42 67 0
-1 -25 -61 0
64 -65 75 0
-45 58 -90 0
-4 -24 50 0
8 37 42 0
-28 -75 86 0
6 10 43 0
29 45 -50 0
-43 54 -80 0
-18 -34 79 0
44 -52 0
-43 -59 84 0
-5 -58 -59 0
31 32 45 0
-15 85 -88 0
-24 28 -87 0
39 41 77 0
31 32 59 0
-9 53 80 0
20 47 -67 0
-14 46 64 0
-23 28 -54 0
1 -27 49 0
-29 49 59 0
42 54 60 0
13 19 88 0
16 -61 -70 0
1 62 0
22 -23 63 0
-52 -87 89 0
23 61 -71 0
36 62 81 0
2 26 0
24 -25 -38 0
2 -37 -45 0
6 19 -55 0
-31 -59 83 0
58 -70 -77 0
28 -39 -71 0
-43 -73 -87 0
65 67 79 0
-26 -46 90 0
-14 -26 46 0
-15 -45 57 0
-27 -46 -64 0
8 -17 21 0
-15 -51 -66 0
18 22 78 0
-8 -11 0
17 -24 43 0
-38 44 76 0
21 -39 0
33 -39 88 0
-14 18 44 0
1 -54 -64 0
20 -29 72 0
8 -69 90 0
-23 -59 85 0
11 -33 -70 0
29 -39 -67 0
46 51 -86 0
13 36 81 0
32 -37 -60 0
15 -44 -56 0
-30 -65 -78 0
20 75 82 0
-8 -61 0
13 -15 33 0
-28 -35 61 0
-34 82 0
-41 55 -77 0
-7 46 -82 0
37 42 0
25 -45 82 0
25 -44 69 0
48 -70 0
-48 60 90 0
-12 -62 87 0
-8 -70 76 0
20 -70 79 0
1 -9 12 0
-33 -37 77 0
-4 -40 86 0
-4 -48 71 0
4 34 -73 0
-77 81 87 0
13 51 55 0
4 -37 0
-8 65 0
53 70 -84 0
35 48 0
-25 53 71 0
17 20 39 0
12 52 88 0
50 54 81 0
-14 84 -87 0
-11 51 66 0
-5 -15 -36 0
7 27 -32 0
6 60 -90 0
-41 -49 -50 0
21 -66 67 0
36 70 -74 0
24 71 -78 0
-24 25 -56 0
25 -26 65 0
-25 37 74 0
-40 -53 76 0
13 21 -77 0
11 35 75 0
42 87 90 0
8 -80 -86 0
-12 -32 79 0
21 34 -42 0
9 -26 -33 0
23 -24 29 0
-17 55 82 0
30 -50 -90 0
2 22 58 0
77 85 -89 0
-30 -39 -40 0
47 -73 -85 0
17 46 90 0
-32 -64 -82 0
-36 -37 85 0
22 23 -30 0
-49 60 72 0
19 44 -88 0
38 52 73 0
74 -89 0
27 -46 -81 0
11 37 -82 0
26 -43 58 0
-1 64 83 0
-32 50 0
14 36 61 0
-18 -26 0
-9 -12 57 0
-28 89 0
37 45 -82 0
7 32 70 0
-25 -38 -39 0
-18 -39 -44 0
-16 -55 0
32 43 85 0
-23 62 -66 0
-17 -29 -80 0
6 9 41 0
-10 22 44 0
-33 -58 62 0
39 -83 88 0
-42 -55 0
73 -83 -89 0
45 62 -90 0
4 24 -60 0
-17 -48 49 0
-5 31 43 0
34 47 0
14 -34 -85 0
17 52 58 0
-37 50 85 0
2 -23 73 0
-17 57 0
7 -82 0
1 4 58 0
79 83 84 0
19 63 -80 0
-53 -60 62 0
-9 75 79 0
-29 52 63 0
7 48 -68 0
-16 27 63 0
-14 27 -42 0
35 -76 82 0
10 16 -66 0
27 47 -81 0
33 86 -87 0
-2 17 -82 0
-32 -39 -41 0
-42 50 -70 0
22 31 -66 0
36 58 0
-28 34 0
3 -8 -18 0
-16 -70 0
-2 70 -74 0
1 -79 -89 0
-12 57 -63 0
-4 43 51 0
3 -11 64 0
-85 86 0
-71 -77 0
19 -52 55 0
-50 52 -81 0
29 65 88 0
-6 37 -66 0
-22 -24 0
47 86 -90 0
-10 -49 89 0
8 -43 0
16 54 -77 0
-7 30 -51 0
-12 66 0
5 33 -84 0
-35 65 -77 0
20 -33 -48 0
45 46 -65 0
12 -21 0
-26 -37 43 0
28 -73 76 0
68 -76 0
32 -68 0
22 69 89 0
16 24 -78 0
-52 -57 -79 0
75 76 0
-43 69 88 0
-19 -38 -85 0
-41 70 -74 0
-38 83 0
-3 7 -9 0
20 38 -59 0
-15 -16 -72 0
-13 -31 0
14 -54 -76 0
43 -59 86 0
13 -46 -76 0
13 -46 83 0
-23 -46 -88 0
-32 -72 88 0
-22 30 0
14 -35 -86 0
-32 89 0
-52 73 77 0
33 48 81 0
7 63 -70 0
40 76 77 0
-35 44 -51 0
-13 31 61 0
72 -75 -78 0
11 -12 -14 0
15 48 57 0
-18 19 -44 0
-7 23 75 0
53 -85 -86 0
2 -28 33 0
-7 19 74 0
-37 51 63 0
13 36 -47 0
-25 71 -79 0
5 18 29 0
46 82 0
-37 61 0
-46 68 85 0
33 -54 82 0
-25 75 90 0
-1 63 -74 0
-50 -52 -88 0
33 -39 -59 0
-6 -64 79 0
-35 54 71 0
11 -34 35 0
66 69 -88 0
31 -60 65 0
-29 62 89 0
47 50 61 0
9 -55 -87 0
11 46 -88 0
35 54 -55 0
24 -47 -70 0
18 50 57 0
27 39 73 0
-23 -44 68 0
-42 -70 73 0
41 52 63 0
11 35 68 0
59 -86 0
-8 61 73 0
46 -60 -90 0
-19 -31 90 0
-21 -24 51 0
-19 -20 -44 0
36 -85 0
36 68 77 0
32 -85 -89 0
20 43 -49 0
-6 37 -62 0
13 -27 -45 0
13 -18 0
-54 80 0
-59 70 -90 0
-6 7 -33 0
20 -74 0
-23 -44 -74 0
-54 -67 82 0
12 55 74 0
4 -14 41 0
-6 68 -84 0
43 48 -66 0
-34 65 -73 0
-28 -32 58 0
70 71 90 0
-51 -56 -89 0
18 45 0
-71 -74 89 0
48 -73 77 0
-33 37 -64 0
38 79 81 0
-15 -35 -82 0
43 77 0
-19 -22 -65 0
-39 51 66 0
35 -51 85 0
11 46 0
13 38 90 0
-35 37 -72 0
-25 51 0
34 -49 50 0
-28 -36 -77 0
17 -49 -56 0
-12 17 82 0
32 -44 46 0
23 -34 0
4 -17 55 0
15 73 0
11 -24 -69 0
43 -53 -57 0
-13 -49 0
26 -47 87 0
-1 17 39 0
-70 82 0
14 49 60 0
20 -35 -50 0
4 6 60 0
14 25 -54 0
-26 60 63 0
-16 -80 0
