p cnf 62 186
-6 40 0
-8 -47 0
-37 -56 0
-19 50 0
-25 47 0
-21 -25 29 0
-39 42 0
-12 -23 55 0
29 33 -42 0
-24 37 0
-41 50 -60 0
32 44 -47 0
5 40 0
-31 61 0
37 42 -43 0
15 37 -45 0
-32 -49 0
-40 -56 0
-20 -33 0
-11 -17 -32 0
13 23 0
-15 -41 0
-12 27 -38 0
-2 -18 56 0
-43 57 0
11 -22 39 0
22 -54 0
-17 59 0
-41 45 58 0
-12 22 39 0
-15 29 -32 0
45 -50 0
5 45 0
21 24 -45 0
21 25 62 0
-8 55 0
-3 11 -39 0
-25 26 0
-4 -5 0
-6 -24 42 0
-36 -41 0
19 60 0
-19 45 0
4 23 53 0
-19 29 30 0
-23 -28 38 0
-5 -29 0
30 40 49 0
10 35 0
1 -43 56 0
-11 56 0
13 -14 -26 0
6 -36 51 0
22 -24 0
-6 28 0
34 -41 -44 0
4 6 57 0
27 30 0
-6 54 57 0
6 -10 -11 0
-2 26 55 0
-9 -13 48 0
26 30 57 0
-17 -58 0
7 14 0
-18 -42 0
16 -45 0
-27 40 45 0
-28 -56 0
-26 29 47 0
15 37 56 0
41 -44 0
12 -18 53 0
19 -41 0
5 -19 58 0
-14 48 50 0
13 -33 0
-4 43 53 0
47 51 54 0
3 -24 0
5 52 -58 0
2 41 -58 0
23 -47 0
25 37 0
-23 -32 -47 0
4 -46 0
-6 14 28 0
-13 60 0
37 -58 0
-19 -43 0
-4 48 -49 0
-44 62 0
-9 14 0
36 42 48 0
-3 -30 0
20 -37 38 0
-17 -26 -32 0
-38 -45 -57 0
-12 25 49 0
-32 45 0
-23 24 -42 0
-2 45 0
18 -33 0
12 -15 19 0
-1 2 -11 0
10 -23 -27 0
27 -32 0
-53 54 0
18 -28 0
45 46 0
57 -61 0
6 51 0
15 -35 50 0
-29 50 0
24 -29 59 0
27 -46 0
-56 60 0
23 36 -59 0
-46 -56 0
-8 26 0
6 -24 0
-19 35 0
-56 -59 0
47 55 0
-15 -17 18 0
-17 44 0
43 50 0
-47 -48 0
4 25 0
-6 25 35 0
19 -24 29 0
5 -38 43 0
13 -31 41 0
-21 -37 -57 0
-57 60 0
29 45 48 0
7 9 -10 0
39 -46 0
9 13 31 0
7 -11 -22 0
38 -42 0
-20 -22 0
-47 -55 0
21 23 0
36 -52 0
-46 -48 0
-6 -21 -32 0
40 -42 -61 0
24 26 30 0
3 35 0
10 25 44 0
6 22 58 0
-19 -60 0
-8 -50 51 0
-51 -62 0
29 46 0
10 32 -62 0
-23 -24 55 0
-26 60 0
-3 -21 -22 0
-12 -19 28 0
-10 -47 -54 0
25 34 0
8 51 0
47 53 57 0
-29 38 48 0
2 -5 -7 0
-32 55 0
4 7 0
27 38 50 0
-11 47 0
-2 49 0
-6 -42 0
-23 -31 -40 0
38 55 0
11 -14 -50 0
-13 18 -57 0
33 43 0
-7 -17 48 0
18 36 -54 0
-27 51 0
-11 12 -43 0
24 49 0
38 42 0
-8 -52 0
-17 -36 52 0
