p cnf 84 291
-21 38 -57 0
29 31 0
-16 -22 -40 0
-33 -44 77 0
-9 54 0
-41 -51 -53 0
9 -25 52 0
-6 -11 -18 0
26 29 37 0
-28 -75 81 0
19 44 84 0
1 18 -56 0
25 33 50 0
12 71 81 0
-1 -8 22 0
-32 45 -62 0
14 -64 68 0
14 -78 80 0
-4 -23 0
59 -62 78 0
39 51 -71 0
-17 -32 -52 0
-44 -70 76 0
-1 32 -37 0
22 -40 0
-10 -27 43 0
4 41 -56 0
36 -73 84 0
19 76 77 0
6 33 55 0
-19 37 -70 0
-7 69 0
-20 63 0
-18 24 -57 0
13 -21 0
-40 50 55 0
9 51 0
8 72 0
28 -82 -84 0
-39 41 -62 0
30 -68 -78 0
-5 -51 -72 0
28 65 0
-46 75 82 0
-25 -26 -53 0
38 -59 76 0
-13 -27 -50 0
17 70 0
33 54 69 0
13 -14 -66 0
13 17 42 0
-16 -69 75 0
50 -62 0
25 -49 51 0
-16 36 0
-58 -68 0
-5 -40 53 0
-17 28 51 0
-23 -40 -80 0
9 44 -57 0
26 79 0
2 -7 -26 0
20 -62 -81 0
20 51 -68 0
-3 -23 51 0
2 24 -70 0
-19 71 -74 0
-10 70 -79 0
-42 61 -72 0
-22 -73 0
-29 47 -63 0
3 46 60 0
-32 -43 0
-9 -29 70 0
23 -54 -62 0
13 -31 0
-5 -41 49 0
10 -46 -71 0
-1 50 -63 0
37 39 -76 0
22 -70 -76 0
28 37 78 0
-17 -57 0
-20 -38 62 0
-63 68 0
12 -55 81 0
1 -50 78 0
16 -30 -84 0
2 76 80 0
29 -40 -66 0
-17 26 0
-55 76 81 0
23 29 80 0
-8 -13 -46 0
-33 -35 43 0
-37 50 78 0
-53 59 60 0
43 -44 -49 0
69 -82 0
-22 -66 79 0
60 63 81 0
-21 31 -49 0
-20 42 0
26 -40 -54 0
6 -37 40 0
-7 -10 -61 0
-1 14 -82 0
43 44 64 0
31 39 -47 0
29 -62 75 0
-15 61 -62 0
-4 62 81 0
-19 -33 0
11 -15 -64 0
6 -51 0
2 27 79 0
9 -17 60 0
-17 22 -35 0
42 -66 0
-33 66 0
44 -49 61 0
-3 -37 -80 0
6 20 56 0
31 -74 82 0
-26 -45 82 0
12 15 -42 0
57 59 84 0
53 61 0
4 -52 0
8 65 0
-16 -62 0
32 -45 -50 0
31 -51 -65 0
23 30 -57 0
14 -52 64 0
16 -27 50 0
23 38 77 0
32 41 -72 0
10 30 0
-4 -7 0
13 62 -65 0
-21 -53 59 0
19 62 0
3 19 71 0
36 54 59 0
-36 -70 0
-15 -65 83 0
-7 -11 19 0
3 -7 55 0
25 -68 -71 0
6 -77 -84 0
4 59 74 0
-8 37 68 0
-34 -66 -71 0
-5 -55 -80 0
15 -21 46 0
1 51 76 0
5 14 -36 0
-21 -31 -78 0
-21 73 0
-22 69 0
-51 -72 0
23 -24 -47 0
10 -19 0
-27 63 -82 0
-15 -68 0
-11 19 -62 0
-5 49 60 0
-47 49 -80 0
30 -60 76 0
1 -17 -67 0
-11 40 0
33 -44 49 0
-2 -25 -73 0
11 -17 -63 0
21 40 43 0
32 -40 -55 0
-6 48 -74 0
3 43 54 0
-43 -58 -81 0
4 67 -82 0
-18 -42 75 0
-6 19 53 0
-37 -54 -67 0
-23 -42 54 0
-1 22 -76 0
8 18 40 0
-53 -61 0
14 24 83 0
52 77 0
-1 40 67 0
20 33 -48 0
-6 -29 77 0
-22 44 84 0
28 -55 63 0
-28 -47 -67 0
12 -16 52 0
-9 30 -65 0
46 68 82 0
-38 63 73 0
14 -29 -40 0
20 24 -61 0
-19 46 65 0
-14 32 48 0
23 57 70 0
24 -38 77 0
-46 54 -57 0
6 38 82 0
10 -55 -81 0
-12 40 82 0
18 80 0
28 -50 -54 0
-3 58 0
-18 -21 0
-52 79 0
-8 10 70 0
-9 -31 -74 0
-11 -49 58 0
13 17 -69 0
-51 -55 0
-18 -20 -32 0
-6 -41 -51 0
-9 -53 0
43 80 0
18 -20 26 0
7 -20 -65 0
-20 56 70 0
-9 15 -41 0
-30 42 56 0
-11 -18 48 0
-35 -70 -72 0
23 78 0
-19 -41 -56 0
-4 -33 55 0
-41 -46 -61 0
18 -51 63 0
10 -63 -67 0
-9 -37 40 0
15 54 0
14 -22 62 0
30 38 -79 0
22 53 0
58 -77 81 0
-45 52 83 0
-17 27 -82 0
61 80 -84 0
2 -11 -29 0
-55 -62 0
23 31 42 0
12 73 84 0
-5 -11 -19 0
31 47 -69 0
-26 -53 0
14 -39 -41 0
24 -38 81 0
-1 -15 30 0
-17 -49 51 0
-1 -52 70 0
30 37 57 0
3 -19 51 0
20 -27 -61 0
-22 -61 81 0
10 -49 51 0
40 45 -49 0
-66 -67 0
23 -72 74 0
2 50 -58 0
58 -67 -78 0
10 42 -62 0
-34 48 58 0
18 -26 -76 0
27 31 55 0
-19 -60 78 0
-49 -84 0
-66 73 0
36 52 56 0
17 -71 0
-18 27 59 0
51 61 68 0
-5 71 -84 0
-7 -77 0
42 -66 0
-19 -52 75 0
7 -13 43 0
15 -16 -29 0
-4 10 17 0
-33 71 78 0
-29 -36 67 0
-2 -32 46 0
16 -18 0
-7 13 -71 0
