p cnf 58 164
33 -43 49 0
-7 11 0
15 -22 32 0
17 20 27 0
-4 -37 0
45 -56 0
2 13 0
26 56 0
-6 -14 -53 0
-37 39 42 0
26 -34 0
-22 -38 0
-3 12 -34 0
-5 49 -56 0
-5 10 0
38 40 41 0
33 47 0
14 -22 34 0
-33 40 0
-27 -31 35 0
14 20 -58 0
-17 53 0
13 18 23 0
-8 50 58 0
-26 41 -46 0
-29 36 58 0
-2 11 21 0
2 -7 8 0
-30 42 54 0
41 -52 0
16 -42 0
-16 53 0
-12 25 -35 0
-17 43 57 0
-15 25 -29 0
-6 12 0
-29 41 0
-7 -44 0
30 -49 0
-6 39 0
21 53 -55 0
-6 -9 -57 0
-4 6 -53 0
-3 -41 0
-14 40 57 0
4 36 0
-15 56 0
1 -41 52 0
-37 49 0
-23 -39 0
-11 -29 40 0
14 25 0
17 51 53 0
5 21 -41 0
-33 -56 58 0
22 23 45 0
-39 -43 0
15 48 51 0
-24 -42 0
18 -28 -37 0
-25 35 0
30 39 43 0
-4 32 0
-6 11 0
-5 -9 27 0
-15 -51 0
30 42 0
47 -48 -56 0
-6 -10 0
-21 -51 0
-2 -16 0
-9 -31 52 0
-3 27 -31 0
-7 10 0
-21 -26 -58 0
-23 27 -56 0
-1 58 0
24 -54 0
24 52 0
25 -39 -57 0
15 18 48 0
29 45 0
2 43 0
-23 -43 55 0
-3 57 0
25 -27 0
5 -40 -50 0
-23 40 0
-1 23 0
28 34 37 0
-11 21 43 0
35 54 0
-3 -47 0
10 -29 0
-33 40 0
3 -10 -17 0
14 46 0
-8 -28 33 0
-4 58 0
-20 26 55 0
-3 26 42 0
-4 12 -57 0
-16 -32 38 0
9 46 0
3 34 -49 0
-38 45 0
-28 29 0
2 -44 0
17 19 0
44 -47 0
17 -27 30 0
6 -8 21 0
-2 15 0
-2 -27 0
19 29 49 0
17 -58 0
42 52 -54 0
-5 -7 0
-41 50 0
6 53 54 0
24 -35 -42 0
23 -31 -58 0
-11 -31 0
-7 15 -48 0
-22 -29 34 0
-11 -32 0
31 58 0
-27 -51 0
-5 -47 0
-6 53 0
7 9 -48 0
-21 50 0
-1 37 -43 0
42 55 0
10 -24 57 0
-11 -16 0
-1 -46 0
-8 -20 0
-9 -19 0
-4 -8 0
6 10 -24 0
-3 -49 0
-22 23 -54 0
7 -8 38 0
3 -24 -25 0
-21 -55 0
-15 17 0
-21 57 0
-19 -23 54 0
-23 -26 0
29 39 40 0
19 39 53 0
16 -37 0
3 -55 0
5 -43 0
1 -56 0
17 26 -53 0
-4 6 56 0
1 19 0
2 19 -53 0
-20 -48 0
-7 -9 15 0
23 34 0
-14 20 47 0
