p cnf 81 309
25 53 70 0
-49 69 0
-6 10 -53 0
1 -29 43 0
16 33 -81 0
-36 -59 0
43 -44 -76 0
13 19 -52 0
61 -62 76 0
18 -67 -72 0
22 28 0
16 -68 0
-26 -42 0
10 15 67 0
-15 36 0
-1 -6 69 0
26 28 49 0
-40 -71 0
-6 -10 -53 0
-10 -53 81 0
-19 39 61 0
7 -18 -48 0
-7 -45 0
-3 -23 -53 0
12 18 -32 0
-43 48 -59 0
-11 -65 0
6 -43 -62 0
16 -39 56 0
14 -26 -78 0
-33 -37 -81 0
11 -67 0
39 61 -67 0
-4 20 53 0
7 -12 -37 0
25 -57 -66 0
17 74 0
-11 37 60 0
16 -19 0
14 48 0
4 73 76 0
2 -59 -70 0
20 44 0
-15 -45 67 0
-3 -35 -39 0
20 -44 -54 0
29 -69 0
-8 -58 0
16 31 -75 0
-18 21 0
5 75 81 0
-14 65 0
-58 61 -77 0
42 55 57 0
-1 -37 54 0
-22 39 -45 0
-7 42 66 0
-12 -29 -36 0
59 -79 0
8 -21 -35 0
10 -52 -78 0
-38 -76 0
4 -18 75 0
36 -37 0
37 50 73 0
-19 51 -60 0
60 -70 -75 0
36 41 -80 0
72 76 -79 0
-26 -55 0
-26 51 -58 0
22 25 -40 0
2 5 -48 0
69 -74 0
17 -23 0
-11 30 66 0
-16 22 55 0
-29 -30 0
34 -51 0
-40 60 0
-1 19 0
22 -36 -65 0
35 -61 74 0
3 4 -47 0
-38 79 -81 0
-28 -42 61 0
10 -11 -30 0
-19 -69 77 0
-2 -19 0
20 -53 0
7 -20 27 0
23 -46 -62 0
-2 4 -41 0
34 75 0
29 -55 61 0
35 -57 -79 0
4 17 49 0
21 -68 0
-1 26 0
39 -45 49 0
52 -73 79 0
-19 24 0
-43 -52 74 0
-4 -76 0
-27 -57 -67 0
27 41 -64 0
-6 27 -51 0
-57 -59 -70 0
-21 -52 54 0
9 -10 0
30 -31 -33 0
23 36 59 0
32 57 0
-58 71 73 0
28 -30 75 0
25 41 60 0
-50 51 -75 0
15 19 -21 0
30 42 -68 0
70 -73 75 0
-6 21 81 0
8 -24 -58 0
-61 -63 0
6 32 0
13 -31 71 0
-17 52 0
-2 67 -81 0
6 25 0
-41 75 0
3 -7 -32 0
50 65 -66 0
-6 23 -61 0
7 -21 0
-39 41 -45 0
-6 40 52 0
-25 37 73 0
-47 -63 76 0
-27 32 67 0
9 24 0
16 25 -65 0
14 25 -40 0
26 -33 0
-4 -58 74 0
-1 34 -40 0
8 -54 -55 0
21 44 53 0
46 -53 0
-11 41 76 0
26 52 58 0
-25 36 -76 0
-16 -69 0
51 65 67 0
16 -41 78 0
25 -27 32 0
-27 -55 72 0
-4 -7 25 0
-29 -47 -79 0
-21 42 73 0
-61 67 71 0
4 17 -44 0
18 -33 -64 0
-1 6 0
3 -55 -69 0
-9 -53 -66 0
7 -31 -66 0
13 50 0
9 -16 -22 0
30 -69 0
2 20 53 0
3 17 53 0
-9 42 -65 0
1 -22 -69 0
5 72 -76 0
-37 43 0
-29 -51 -64 0
40 47 0
-32 -34 -50 0
3 -49 -77 0
-24 51 -71 0
7 16 20 0
-40 44 0
20 22 0
-14 36 79 0
43 -49 0
15 52 76 0
-68 -73 0
10 76 0
-31 -40 76 0
23 34 -37 0
32 62 0
-4 -16 -61 0
-5 -9 -26 0
-6 65 -78 0
47 -54 -55 0
-31 37 -48 0
27 38 -45 0
-13 17 51 0
36 -48 0
-65 -71 -77 0
7 -25 41 0
-27 -39 51 0
29 -55 70 0
-6 -12 -70 0
-15 -34 63 0
15 73 -79 0
55 -69 -78 0
24 -44 -51 0
-2 23 -44 0
5 64 -73 0
63 80 0
5 -17 -75 0
-35 -49 0
-3 -10 -20 0
-15 24 -69 0
-2 -15 -78 0
15 -76 78 0
-7 -30 65 0
-51 -61 -77 0
12 27 -58 0
13 -24 0
24 37 -45 0
4 -66 81 0
-20 44 -61 0
40 46 -62 0
-5 10 20 0
10 -53 -77 0
-9 -80 0
-25 60 77 0
2 20 -22 0
-19 71 -81 0
54 -70 -80 0
34 -44 0
-19 -57 -59 0
23 53 -71 0
10 61 -76 0
3 -6 23 0
-4 5 -53 0
-52 -58 -72 0
-32 39 60 0
26 28 47 0
-2 -14 -73 0
4 74 0
35 54 0
8 28 76 0
-19 -32 71 0
29 -36 -39 0
43 -65 69 0
-18 -64 0
3 -78 0
30 -49 80 0
-10 -57 74 0
-39 40 0
-40 63 0
-30 34 0
47 59 -76 0
48 -68 -78 0
-6 69 70 0
13 -41 49 0
16 -43 68 0
7 -17 39 0
-15 66 0
24 63 70 0
27 -29 47 0
-9 19 -31 0
-7 22 0
-35 70 71 0
5 10 -31 0
-13 73 75 0
-9 19 0
-20 -33 0
-25 -72 0
7 16 66 0
12 81 0
-3 44 79 0
-25 -30 49 0
-3 -28 0
-11 43 0
-11 48 79 0
-43 47 0
2 -49 -60 0
-36 -70 0
22 62 0
11 33 37 0
-3 45 -48 0
5 -8 -13 0
-21 45 -80 0
54 57 0
33 -53 -56 0
-36 -55 -59 0
33 -66 73 0
6 -11 -45 0
-50 -51 -73 0
4 -22 -62 0
-18 32 -59 0
1 64 72 0
-6 15 40 0
7 48 62 0
-19 27 74 0
15 -54 0
-23 33 47 0
-19 52 79 0
15 -35 77 0
-17 -24 73 0
14 22 43 0
11 -25 -39 0
1 -75 0
-30 -70 0
19 25 0
50 62 -81 0
