p cnf 66 205
8 11 -55 0
-39 -54 0
18 28 -38 0
37 45 56 0
-23 27 63 0
25 48 53 0
18 -65 0
24 51 53 0
29 40 0
-10 12 55 0
-2 21 -25 0
-11 -24 -47 0
45 56 59 0
8 26 50 0
6 14 -54 0
-11 42 0
-14 61 0
26 -43 0
24 -27 -65 0
-6 19 36 0
15 -47 -51 0
-8 -36 -64 0
-1 -14 40 0
-3 48 -52 0
6 18 0
7 -61 0
37 62 0
-20 36 -66 0
-34 64 0
11 25 -30 0
-12 -49 -63 0
13 65 0
49 63 0
6 -13 -23 0
33 -64 0
55 -60 0
12 19 55 0
19 -35 0
31 42 0
12 39 -50 0
18 -41 0
-1 -23 0
-28 -40 49 0
3 62 0
6 31 59 0
-27 49 0
-14 -37 -65 0
-24 -39 0
13 -29 54 0
12 22 -36 0
32 52 0
-8 27 -59 0
-57 -63 0
7 32 55 0
-10 -48 0
51 -59 -64 0
-8 18 0
12 50 0
22 45 0
-18 -28 -64 0
43 -44 0
-22 -28 0
-15 41 0
-9 24 -54 0
36 42 0
-26 31 0
41 -64 0
-26 -43 53 0
40 -45 48 0
-29 50 60 0
40 53 0
13 -59 65 0
-21 31 54 0
-25 -60 61 0
-13 -37 38 0
-28 -36 -37 0
-16 -19 0
-23 39 0
22 -57 -61 0
-1 32 -49 0
-20 -44 -64 0
35 42 -56 0
-11 -48 -58 0
-1 -9 -35 0
18 -44 0
58 -60 65 0
-21 44 0
-3 26 0
38 52 0
23 55 0
-7 -66 0
-10 -23 38 0
-30 -34 55 0
14 -15 -56 0
16 39 -60 0
-11 30 -66 0
-25 -30 -49 0
8 46 -56 0
-10 45 0
17 -53 0
-48 -56 0
-10 -38 -48 0
-30 -39 61 0
12 -60 0
-8 47 59 0
22 -46 0
-38 -56 0
18 59 0
-9 18 39 0
-2 -32 58 0
-17 29 0
19 49 0
-1 43 -49 0
-47 58 0
35 -64 0
-9 17 -28 0
-10 33 0
-13 -65 0
-9 19 -51 0
1 14 -42 0
38 62 0
-17 -47 0
-44 49 0
-32 48 0
-27 42 -53 0
56 -59 0
11 19 0
3 22 -66 0
9 24 -45 0
19 -48 0
-10 -11 0
-1 -8 0
4 -26 35 0
-18 -26 0
32 37 0
47 53 0
22 -34 0
1 7 11 0
23 34 -46 0
6 -12 61 0
23 25 -65 0
-16 21 -57 0
53 -59 0
10 45 0
-58 60 0
60 -64 0
-1 26 0
21 52 -59 0
55 63 0
5 -27 -32 0
-13 25 59 0
-2 42 62 0
4 54 0
1 -4 -28 0
-8 11 -45 0
-35 56 58 0
15 22 -38 0
4 14 41 0
-13 14 0
-4 -31 0
33 -59 0
-17 -41 62 0
34 58 0
-9 -35 55 0
-14 -15 65 0
-17 -54 0
37 -60 0
6 41 0
-5 -15 0
-3 13 -24 0
-5 62 64 0
44 -56 63 0
52 -56 59 0
-2 -35 59 0
5 -34 0
1 6 0
22 35 0
-17 36 -56 0
7 18 43 0
-2 -5 -13 0
57 66 0
18 30 -39 0
1 -29 51 0
22 -52 0
-47 -64 0
20 -40 0
19 24 0
-13 -37 -66 0
22 -58 0
-10 39 -40 0
-10 -31 54 0
-19 62 0
-10 64 0
-12 19 -53 0
-5 18 0
-54 -56 0
-32 -33 47 0
32 38 42 0
-41 -47 57 0
16 19 -65 0
41 -55 0
38 -42 0
-9 45 48 0
-6 36 0
24 58 0
