p cnf 75 236
-15 -34 75 0
-25 35 -62 0
8 -52 61 0
33 38 50 0
31 -53 57 0
10 62 0
-43 53 0
19 42 0
-23 -49 -64 0
11 40 0
31 -43 -66 0
-25 46 0
47 -51 59 0
8 -39 42 0
-36 -37 0
8 16 70 0
-11 22 -46 0
24 -41 0
4 18 -64 0
-25 27 64 0
24 49 68 0
-49 -62 -67 0
13 27 0
-37 -53 0
-13 42 -68 0
-3 9 -15 0
53 59 75 0
6 8 62 0
-2 5 0
5 11 0
-2 -35 0
-48 67 0
-6 8 16 0
-33 46 -57 0
-19 -33 66 0
15 -29 -72 0
-27 -40 69 0
4 24 0
33 61 68 0
-29 32 54 0
31 -44 70 0
-31 57 -69 0
-17 -19 0
-5 24 0
17 -27 59 0
53 59 65 0
-2 33 -69 0
-22 -40 58 0
-7 -16 -23 0
31 67 0
36 -41 0
-12 34 52 0
21 24 0
-55 58 -63 0
22 52 0
-44 51 65 0
-31 45 56 0
-10 73 0
-36 -52 65 0
-45 46 51 0
-7 21 -54 0
-9 24 48 0
-4 -35 -40 0
-32 -50 -52 0
4 -14 16 0
5 13 -38 0
-9 15 0
-59 -69 0
-49 -50 55 0
-3 -4 -26 0
-14 -34 -43 0
-3 63 70 0
54 -60 0
3 -5 50 0
9 -67 0
5 -31 61 0
-23 -37 0
-23 41 50 0
43 58 62 0
21 -25 -74 0
-64 70 0
-3 12 18 0
29 32 -75 0
2 -19 27 0
-1 51 67 0
-1 48 64 0
16 24 0
45 -46 0
-4 7 -38 0
13 22 -62 0
-21 24 0
-7 36 62 0
-19 -24 -59 0
-19 28 -73 0
-22 65 0
-30 -49 0
-21 -52 0
-12 -31 69 0
-12 21 0
-45 -59 0
-7 -67 -72 0
-13 44 -65 0
27 41 73 0
-34 53 -54 0
27 49 60 0
23 32 71 0
19 64 -71 0
15 -52 -56 0
30 55 75 0
7 -27 74 0
43 -64 69 0
-17 35 49 0
-53 69 -75 0
-1 54 0
9 -34 -46 0
-14 44 58 0
-4 17 0
9 -37 -44 0
18 -60 68 0
-24 -40 0
42 44 75 0
38 48 -75 0
-31 59 64 0
-3 21 31 0
-1 40 -59 0
-25 -38 -63 0
-7 25 -46 0
28 -53 68 0
-13 -54 0
-31 71 0
14 -56 64 0
-11 56 0
8 16 41 0
-9 27 46 0
33 -48 70 0
4 -24 49 0
39 69 71 0
-41 74 0
-33 36 61 0
-11 36 71 0
-44 -66 0
7 68 0
-7 37 0
7 21 71 0
-11 -36 -59 0
-17 -46 -68 0
21 -37 0
-60 -73 -74 0
1 -7 41 0
28 41 -42 0
18 51 0
-6 -40 -68 0
5 -64 0
-53 72 0
14 -55 0
-2 -37 -52 0
39 42 -43 0
15 51 -68 0
26 45 0
-1 -20 40 0
-21 37 67 0
2 8 39 0
34 -46 -47 0
5 57 -69 0
40 61 0
3 -4 -71 0
4 13 -54 0
-10 -11 35 0
26 44 -45 0
14 35 45 0
-35 38 52 0
-16 26 -46 0
-27 51 75 0
-6 31 55 0
29 -45 -46 0
41 50 0
36 67 -68 0
21 -32 0
33 43 55 0
15 16 -19 0
-5 -19 0
-10 -32 74 0
-23 25 66 0
1 15 0
24 45 -67 0
-22 43 0
-3 -67 0
35 -42 -60 0
-38 -58 0
-59 -64 -66 0
19 -39 0
-12 -36 -42 0
-14 27 53 0
-42 74 -75 0
43 -51 71 0
-23 -62 67 0
-34 61 70 0
-37 -38 53 0
41 -49 0
-34 63 -66 0
5 -19 0
-36 50 56 0
-15 34 49 0
-45 -55 71 0
-10 -24 66 0
22 -26 -66 0
29 -33 -44 0
-59 69 -72 0
12 -41 75 0
-14 -18 0
5 38 0
-20 -62 71 0
-7 -13 -57 0
13 43 53 0
-55 63 0
6 -15 0
5 -18 64 0
-12 55 0
5 -37 -45 0
25 -26 36 0
-9 -24 -28 0
8 -23 0
-12 21 26 0
17 27 -55 0
9 -16 -21 0
-71 74 0
-39 -46 0
44 -49 -63 0
57 65 -73 0
1 -51 62 0
-11 -28 -40 0
-5 11 -47 0
-39 -60 0
33 49 60 0
-24 50 58 0
43 -60 -68 0
