p cnf 84 310
-3 31 71 0
28 -47 78 0
5 -7 -25 0
-11 -23 -80 0
22 -41 56 0
-56 -78 81 0
44 60 -75 0
8 -83 0
-51 68 69 0
-14 46 0
22 23 62 0
31 43 80 0
-38 44 -78 0
35 45 53 0
-4 35 38 0
-64 70 -82 0
4 -49 0
-1 21 -38 0
-16 18 24 0
23 -79 0
-19 -36 39 0
-21 22 -68 0
11 42 0
-22 67 0
22 38 -68 0
16 -34 0
50 -74 77 0
24 -43 59 0
34 -63 -66 0
25 -43 0
-9 10 43 0
18 27 57 0
11 -14 20 0
-51 -76 -84 0
30 40 54 0
10 -25 84 0
-15 50 -77 0
-3 -42 84 0
11 -21 -49 0
10 49 73 0
49 53 0
9 66 -83 0
-30 -36 -63 0
-25 -58 81 0
-4 53 83 0
-6 -45 -52 0
35 49 79 0
78 80 0
-7 39 -57 0
7 37 -57 0
-2 35 40 0
13 -83 0
-22 27 -68 0
-20 -46 -66 0
59 -61 0
-4 36 -60 0
14 -44 0
4 31 -74 0
4 13 70 0
-1 39 53 0
-38 46 -74 0
-22 -28 -79 0
-17 -51 69 0
-19 -38 50 0
6 -71 0
-33 -37 -69 0
-48 -64 79 0
6 -56 -63 0
9 27 -58 0
2 -65 0
-26 -77 0
-35 49 -58 0
62 67 0
-24 -41 -77 0
1 -51 58 0
10 -23 -43 0
7 52 0
51 -61 77 0
-8 51 0
-27 -73 -82 0
-18 49 79 0
15 26 35 0
55 -71 -74 0
26 -42 -51 0
21 -46 -82 0
15 53 0
-1 -8 -35 0
22 74 76 0
11 20 -37 0
1 18 -62 0
-17 -29 55 0
15 38 72 0
-7 -43 -59 0
11 -58 63 0
60 -62 0
-2 -36 52 0
17 45 64 0
24 46 70 0
27 40 44 0
-34 -69 -84 0
-8 59 63 0
-47 -59 -78 0
7 -50 -70 0
-19 -39 -60 0
-8 -49 -81 0
-42 -79 0
-21 -76 0
15 40 -77 0
20 26 -71 0
-42 -50 -51 0
20 -25 -53 0
47 -63 64 0
15 28 -36 0
11 15 0
5 35 -72 0
-40 44 0
-7 59 74 0
10 19 -41 0
66 84 0
49 69 71 0
-20 30 -68 0
-23 -54 58 0
-1 20 28 0
37 -75 0
24 63 0
15 -33 54 0
-8 -30 -46 0
-29 34 -37 0
-50 -52 0
-56 -82 -83 0
56 -71 80 0
-56 63 0
-18 -29 68 0
17 -34 0
40 80 0
-10 44 -77 0
-10 -41 42 0
-14 52 58 0
-14 -21 78 0
-22 -28 43 0
-10 49 -81 0
-11 -26 42 0
22 51 -74 0
10 31 -79 0
-8 -84 0
-1 4 40 0
-9 -25 -33 0
17 31 45 0
36 -61 62 0
26 81 0
28 33 66 0
12 -24 -27 0
4 22 0
20 23 58 0
33 64 66 0
28 -58 -77 0
12 -52 -69 0
-2 -44 -77 0
35 -47 68 0
5 -10 0
-4 -41 0
-28 -54 0
24 -59 -65 0
-3 55 0
-11 -20 -79 0
24 -30 55 0
-21 -64 0
-51 59 -73 0
-2 -56 -70 0
-46 63 -72 0
6 -74 0
35 54 -81 0
-18 78 0
9 43 76 0
-19 -73 0
30 37 80 0
-15 -23 43 0
-34 39 -43 0
75 -83 -84 0
-17 49 64 0
7 -47 74 0
41 -53 82 0
-4 -43 79 0
-9 -34 0
-39 83 0
38 -77 0
40 -65 0
-4 -22 -70 0
10 -29 44 0
19 31 -62 0
24 -76 -83 0
-37 53 -70 0
-28 57 61 0
1 -17 27 0
38 45 57 0
-3 -27 74 0
15 51 52 0
8 -11 16 0
13 -71 76 0
22 -54 -80 0
29 -83 84 0
-30 -33 59 0
29 49 64 0
26 -83 0
20 53 54 0
45 58 70 0
11 -30 -41 0
20 72 -84 0
18 -52 78 0
33 -40 0
-17 -69 -82 0
-22 45 -68 0
29 -61 73 0
-6 46 -81 0
-19 -71 83 0
-24 -53 72 0
40 -52 69 0
-9 16 -48 0
19 23 46 0
-52 -68 -69 0
-11 63 83 0
-35 -41 53 0
55 62 -63 0
-23 62 0
-30 31 52 0
26 33 71 0
-43 57 -60 0
-47 -74 0
2 -14 -45 0
40 53 -54 0
50 69 0
8 -29 59 0
-67 74 0
17 -26 38 0
15 -73 75 0
-35 -55 0
27 50 66 0
-27 54 -65 0
5 -75 0
5 -23 70 0
52 -59 -67 0
-9 -20 -45 0
-27 -42 0
-8 54 -67 0
-25 41 -51 0
-15 -26 39 0
33 76 -78 0
-13 19 58 0
36 40 42 0
-7 -10 33 0
-4 46 71 0
11 73 0
5 26 -74 0
-50 -74 0
-41 -62 76 0
7 -19 -60 0
36 -38 61 0
7 12 26 0
22 23 -55 0
-17 -53 -54 0
43 -70 0
64 -81 0
-22 -30 -35 0
-5 37 -39 0
5 26 47 0
-21 57 61 0
16 73 0
1 -17 48 0
20 -43 -66 0
-44 47 66 0
-14 32 78 0
-35 -72 0
23 43 83 0
-16 -79 0
2 31 77 0
42 -46 77 0
-57 67 73 0
60 -73 0
11 -46 0
50 -70 80 0
13 -32 51 0
59 -83 0
46 48 55 0
-5 -39 82 0
50 -55 0
-32 -51 62 0
3 26 27 0
-11 67 0
-6 -54 58 0
-66 82 83 0
10 -31 -78 0
-68 -71 0
-43 54 -78 0
-39 -50 -58 0
7 57 0
16 -55 63 0
-28 -30 -38 0
-36 -65 76 0
-2 14 -36 0
20 -42 82 0
14 -20 -50 0
41 60 -62 0
-23 -42 -70 0
-4 35 58 0
-2 34 45 0
-34 44 0
34 -41 60 0
20 60 70 0
22 -77 -81 0
-25 -37 56 0
