p cnf 77 260
9 12 -63 0
-44 -62 0
-2 69 0
22 32 -43 0
42 50 64 0
-27 31 74 0
-19 36 -58 0
6 70 73 0
29 54 61 0
22 -76 0
28 59 61 0
33 45 0
-11 13 63 0
-3 25 -29 0
-12 -28 -53 0
-21 -38 0
-38 -51 0
50 64 68 0
9 30 56 0
-24 57 64 0
7 15 -62 0
-12 47 0
-15 72 0
30 -48 0
28 -31 -76 0
-7 23 41 0
-40 -43 61 0
16 -53 -59 0
-9 -41 -75 0
-1 -15 45 0
2 -37 50 0
2 55 -68 0
-4 54 -60 0
7 22 0
8 21 -72 0
4 -40 -51 0
42 73 0
-24 41 -77 0
-38 75 0
12 29 -34 0
-13 -55 -74 0
14 -66 76 0
55 74 0
7 -14 -27 0
37 -75 0
20 63 -71 0
-2 -51 0
13 23 63 0
23 -39 0
35 47 0
13 44 -56 0
22 -46 -57 0
-1 -27 0
-32 -45 55 0
10 14 57 0
-10 -38 70 0
4 73 0
7 35 68 0
-31 55 0
-15 -42 -76 0
-28 -44 -57 0
14 -33 62 0
-51 75 0
13 26 -41 0
36 60 0
-9 31 -68 0
17 -65 -74 0
8 36 63 0
-11 -54 0
59 -68 -75 0
-9 22 -70 0
13 21 56 0
26 50 0
-22 -32 -75 0
21 48 -49 0
20 -26 -32 0
-16 46 0
-10 28 -62 0
-2 41 47 0
-30 35 0
46 -75 0
-30 -48 61 0
45 -50 54 0
-33 56 71 0
45 61 -69 0
14 -68 76 0
-25 35 62 0
-29 -71 72 0
-14 -42 43 0
-32 -41 -42 0
-9 66 74 0
-18 -23 0
-9 -17 0
-21 -33 -71 0
-27 44 0
26 -65 -72 0
2 74 0
69 75 0
25 -47 69 0
-1 36 -55 0
-24 -49 -75 0
-17 20 0
39 47 -64 0
-12 -54 -67 0
-1 -10 -39 0
22 -49 0
67 -71 76 0
-25 49 -69 0
-4 30 0
43 60 0
-20 -25 -53 0
27 63 0
-14 69 0
-8 20 -77 0
-11 -27 43 0
-34 -38 63 0
15 -16 -64 0
18 44 -71 0
-12 34 -77 0
-29 -34 -55 0
9 52 -64 0
-11 17 50 0
19 -61 -66 0
-54 -64 0
29 70 0
-11 -43 -54 0
-35 66 -77 0
-34 -44 72 0
13 -57 -71 0
-9 53 68 0
26 -52 0
-43 -64 0
22 68 -69 0
-10 22 44 0
-3 -36 67 0
-21 -57 0
-19 33 0
20 23 55 0
-1 48 -55 0
-53 67 0
39 -69 -75 0
-10 19 -32 0
-11 37 0
2 65 72 0
-4 -40 0
-14 -76 0
-10 23 -59 0
1 15 -47 0
-20 -22 0
43 73 0
-19 20 -53 0
58 66 0
-49 55 0
-36 54 0
-31 47 -61 0
-2 64 -68 0
12 23 0
4 26 -77 0
10 28 -50 0
23 -54 0
-11 -12 21 0
-1 -9 21 0
5 -30 39 0
-22 -30 0
36 42 51 0
-21 -57 -67 0
-8 -40 -64 0
9 66 0
53 61 0
26 -38 40 0
1 8 12 0
27 38 -52 0
7 -13 72 0
27 29 -76 0
-30 -40 67 0
-18 25 -65 0
20 61 -68 0
11 50 0
2 43 0
-67 71 0
71 -75 0
-1 30 58 0
-18 -20 73 0
25 60 -68 0
63 74 0
6 -31 -36 0
-20 -27 68 0
-14 29 68 0
-3 47 73 0
5 62 0
13 34 57 0
1 -5 -32 0
-9 12 -50 0
-39 64 67 0
26 -58 -61 0
16 26 -43 0
5 15 46 0
-14 15 0
-5 20 -35 0
37 -68 0
-19 -46 73 0
38 67 0
-10 -39 63 0
-15 -16 76 0
-19 -62 0
42 -71 0
7 46 0
-6 -16 0
-4 14 -28 0
31 -51 56 0
-6 73 75 0
49 -64 74 0
60 -64 68 0
-3 -39 68 0
6 -38 0
1 7 0
26 39 0
-19 41 -64 0
8 22 48 0
-3 -6 -14 0
65 77 0
22 34 -44 0
1 -33 59 0
26 -60 0
2 13 -38 0
-37 -51 76 0
-17 -49 0
13 -58 0
2 48 -71 0
66 -73 0
-53 -75 0
-20 -63 0
24 -45 0
-2 30 57 0
-2 23 28 0
-14 -42 -77 0
26 -67 0
-11 44 -45 0
-11 -35 62 0
-40 58 0
-33 -40 64 0
-35 -58 68 0
-40 52 -71 0
51 57 0
-23 73 0
-11 75 0
-13 23 -61 0
-6 22 0
-62 -64 0
-36 -37 53 0
36 43 47 0
-20 70 -77 0
-46 -53 65 0
18 23 -76 0
46 -63 0
40 43 -47 0
-10 50 54 0
-7 41 0
57 -74 0
-2 28 67 0
