p cnf 67 205
-7 -57 0
9 32 38 0
1 -30 0
-15 27 -41 0
-13 -41 -60 0
9 -14 0
-1 34 -47 0
-12 -13 -15 0
-33 48 50 0
21 -28 -45 0
-51 -52 0
-14 -30 -32 0
35 51 52 0
30 -56 -65 0
39 43 -62 0
-7 -38 0
5 -36 0
-16 50 67 0
-51 -53 61 0
-6 34 -52 0
36 -42 -53 0
13 20 -58 0
25 -32 62 0
22 -34 0
11 -19 -64 0
-7 -30 40 0
-3 11 43 0
-25 31 -36 0
7 -23 40 0
46 49 -62 0
47 -60 -65 0
-48 62 0
-41 -54 0
-32 -56 0
-6 28 49 0
-4 -25 27 0
-2 37 0
-29 -64 0
-37 -50 -56 0
-10 -66 0
-6 -25 0
3 -54 0
-12 -32 41 0
19 35 0
-26 -66 0
-31 55 -67 0
37 53 67 0
-24 -62 0
-9 45 -64 0
1 49 -65 0
-9 -12 42 0
-1 -18 -34 0
-2 5 -34 0
8 28 0
-19 -27 30 0
-9 -66 0
40 54 -59 0
7 62 0
31 41 -53 0
16 23 46 0
-42 63 0
45 63 -64 0
-36 43 0
1 -6 -28 0
-27 58 0
11 -17 -41 0
13 -50 0
-26 -55 0
10 14 36 0
37 59 -61 0
26 37 47 0
-15 -33 35 0
10 45 -47 0
-16 62 0
43 -48 0
7 -26 58 0
10 39 46 0
23 28 66 0
-13 23 0
-22 56 0
15 -24 35 0
-19 -50 0
4 16 33 0
-27 32 0
10 37 53 0
-4 -38 0
26 -38 -62 0
5 -50 0
-44 51 0
2 -14 0
-40 63 -65 0
-25 -34 0
20 -45 -46 0
23 36 -45 0
-26 54 0
39 -44 -53 0
36 -65 0
6 18 49 0
16 -33 0
13 52 0
20 27 35 0
6 -59 0
9 -63 66 0
24 -28 -61 0
-51 60 0
-17 -33 0
-4 28 61 0
5 17 25 0
17 36 0
26 -51 0
14 -25 -58 0
2 -44 -60 0
-37 -47 61 0
-41 52 0
16 24 -58 0
-24 -38 -53 0
3 -17 -60 0
17 33 63 0
7 -11 0
-10 -55 0
-10 27 -52 0
-10 -60 0
2 -6 66 0
10 22 56 0
14 -24 -53 0
33 56 -64 0
-11 23 0
10 -25 0
5 43 0
15 -52 -64 0
-17 -18 0
-17 -42 0
-2 -19 -53 0
1 19 0
-2 -45 0
-19 51 0
-1 12 -23 0
1 -23 32 0
-11 -18 0
-26 -36 0
-17 -34 0
18 40 0
-20 48 0
-10 -45 65 0
-2 -13 0
48 65 0
1 -4 8 0
25 -43 -47 0
-4 5 13 0
-13 -41 -67 0
-18 40 -41 0
-19 -46 61 0
23 35 0
5 47 -54 0
-1 -24 -45 0
9 67 0
-39 46 0
43 64 0
-36 -64 0
27 33 36 0
15 19 0
-6 39 -59 0
10 56 0
23 29 0
-12 -24 25 0
-27 46 0
-15 -27 33 0
-9 -19 31 0
7 18 0
23 42 -66 0
22 24 0
-32 -48 0
17 36 0
15 19 -34 0
-7 16 0
14 -32 0
-4 -21 -27 0
42 60 -64 0
28 29 -42 0
14 18 0
-21 41 0
9 37 59 0
-40 63 0
4 27 -60 0
6 20 0
20 48 0
44 -54 0
4 15 -24 0
37 -39 0
9 -10 49 0
10 -13 0
14 -42 0
21 -31 46 0
-3 -50 58 0
12 -13 31 0
-26 58 0
7 -23 -39 0
39 -41 0
-41 62 0
7 60 0
-28 -33 0
-14 37 0
3 -59 62 0
-26 53 0
-4 47 -61 0
