p cnf 72 211
10 -59 0
-36 -37 -57 0
-2 52 64 0
19 -35 0
32 44 0
-21 25 69 0
26 -33 0
-8 58 0
9 15 -34 0
27 -51 0
-30 -47 64 0
9 -19 -47 0
19 -71 0
-4 26 -38 0
-37 39 0
-12 13 59 0
-52 69 0
-18 -30 38 0
58 -62 0
-30 -45 0
44 63 0
10 24 49 0
10 26 -38 0
-50 55 0
-20 50 0
17 48 0
-34 -49 -58 0
-16 17 72 0
-14 68 0
-23 24 -42 0
22 -25 -71 0
-1 -14 39 0
2 -29 44 0
-6 -44 0
-5 -8 -68 0
2 48 -63 0
-4 -54 0
9 18 -68 0
-33 46 -62 0
4 -31 -45 0
-20 -72 0
39 -47 64 0
-30 -37 70 0
-13 -48 -69 0
-62 71 0
33 48 69 0
59 -66 0
-2 -45 0
7 26 41 0
13 36 -49 0
7 -28 0
19 -40 -50 0
-1 -21 33 0
11 50 0
-11 -30 65 0
52 -59 0
-4 -7 0
-25 48 0
-14 -32 -71 0
-22 -36 -50 0
-2 -8 -18 0
-4 -8 57 0
-45 70 0
12 17 0
27 54 0
-13 -52 -60 0
-10 25 -63 0
16 -61 -69 0
9 27 59 0
-1 54 0
53 -63 -70 0
-10 19 -65 0
13 18 49 0
18 42 -43 0
-15 40 -67 0
-11 22 -57 0
-2 41 0
-24 26 -67 0
-7 23 -32 0
39 -44 0
-34 -38 54 0
18 60 -63 0
-63 71 0
38 -47 61 0
-2 -7 -20 0
17 -44 0
-10 62 69 0
-10 -16 0
3 21 0
-21 36 38 0
-3 22 -33 0
2 69 0
-37 64 70 0
-24 37 0
-41 64 0
-1 27 -48 0
-20 -43 -70 0
-16 34 0
19 -43 0
-66 71 0
-4 24 0
35 54 0
-22 -52 56 0
-9 -72 0
-14 -48 0
23 -62 0
-12 -21 35 0
10 60 70 0
36 -66 0
12 58 -59 0
-12 16 44 0
52 65 0
-26 62 -72 0
13 -50 -66 0
-10 63 0
19 63 -64 0
-11 19 36 0
13 17 38 0
8 -68 0
-3 -27 0
-18 -50 0
-1 42 -48 0
8 18 23 0
-64 -70 0
6 -38 -47 0
-12 29 0
2 61 68 0
-4 -31 0
23 -27 -48 0
1 14 -41 0
47 51 62 0
-7 50 60 0
-37 -43 48 0
-27 -58 0
-25 41 0
-2 -63 0
11 22 -44 0
-1 -10 18 0
5 -24 0
-19 -24 0
27 32 45 0
12 -38 0
10 62 -67 0
1 9 0
21 30 -46 0
21 -71 0
-24 -31 0
-34 -58 -70 0
12 44 -55 0
2 35 0
-34 40 64 0
-55 66 -70 0
-1 24 51 0
5 23 0
54 -63 0
59 69 0
6 -25 -27 0
-28 45 52 0
13 50 0
-10 -44 0
-20 23 28 0
-9 -47 -50 0
5 14 40 0
-5 -26 0
29 52 -63 0
-17 58 0
30 52 0
-14 -15 71 0
-23 -57 0
32 38 -66 0
-6 -15 0
-20 -28 -46 0
-4 -22 0
25 -45 49 0
-2 -13 -34 0
17 -22 -23 0
6 -30 0
-11 -33 36 0
9 19 42 0
-5 -7 21 0
-60 61 72 0
19 -36 0
-52 71 0
2 13 -30 0
-29 -45 71 0
-16 -43 -67 0
13 -51 0
2 42 -66 0
37 -47 0
-58 62 0
8 20 -39 0
31 -47 48 0
-2 24 50 0
29 34 55 0
-3 37 0
-12 36 -39 0
-12 -26 57 0
-31 51 0
20 -56 0
-26 -51 63 0
-31 46 -66 0
-23 45 50 0
-12 28 70 0
-27 -29 0
27 35 41 0
40 -55 -59 0
31 35 -41 0
-11 44 0
-37 50 -69 0
-2 22 0
31 37 -53 0
