p cnf 83 303
-7 34 -57 0
9 12 -68 0
-45 -67 0
-2 74 0
23 32 -44 0
43 52 69 0
-27 31 80 0
-19 -24 -78 0
-19 37 -61 0
-39 -56 74 0
5 75 79 0
8 -23 -56 0
29 57 65 0
23 -82 0
-4 36 -46 0
28 62 65 0
34 47 0
-11 13 68 0
-3 25 -29 0
-2 6 -46 0
-12 -28 -55 0
-22 -39 46 0
-33 -39 -53 0
52 69 73 0
9 30 59 0
9 36 -46 0
21 25 58 0
6 15 -67 0
-12 49 0
-17 21 83 0
-15 77 78 0
28 -31 -82 0
-6 24 42 0
-41 -44 65 0
16 -55 -62 0
-9 -42 -81 0
-1 -15 47 0
2 -38 52 0
-7 -77 0
2 58 -73 0
-4 57 -64 0
6 23 0
8 22 -77 0
4 -41 -53 0
43 79 0
-7 -42 49 0
47 -56 74 0
-39 81 0
12 29 -35 0
-13 -58 -80 0
14 -71 82 0
58 80 0
6 -14 -27 0
38 -63 -81 0
20 68 -76 0
-2 -33 -53 0
13 24 68 0
24 -40 66 0
36 49 0
13 45 -59 0
23 -48 -60 0
-1 -27 0
-32 -47 58 0
4 60 -78 0
10 14 60 0
-10 -39 75 0
63 -68 0
4 79 0
6 36 73 0
-31 58 0
-15 -43 -82 0
-28 -45 -60 0
-2 -7 -22 0
-4 -7 67 0
14 -34 67 0
-53 78 81 0
13 26 -42 0
37 64 0
-9 31 -73 0
17 -70 -80 0
8 37 68 0
-11 -21 -57 0
-1 63 64 0
62 -73 -81 0
-9 23 -75 0
13 22 59 0
26 52 0
-23 -32 -81 0
22 50 -51 0
20 -26 -32 0
-29 42 -56 0
63 -64 65 0
-16 48 0
-10 28 -67 0
-2 42 49 0
-30 36 0
48 -63 -81 0
-30 -50 65 0
47 -52 57 0
-34 59 76 0
21 -29 56 0
47 65 -74 0
14 -73 82 0
46 -56 70 0
-25 36 67 0
-29 -76 77 0
-14 -43 44 0
-32 -42 -43 0
18 21 -52 0
-9 71 80 0
-18 -24 0
-9 -17 0
-22 -34 -76 0
-40 -46 82 0
-27 45 46 0
-13 33 -60 0
26 -70 -77 0
2 80 0
-14 19 -78 0
74 81 0
25 -49 74 0
-39 -49 -78 0
-1 37 -58 0
-17 20 0
40 49 -69 0
-12 -57 -72 0
-1 -10 -40 0
23 -33 -51 0
72 -76 82 0
-25 51 -74 0
-7 18 0
-4 30 -33 0
-33 44 64 0
-20 -25 -55 0
27 -63 68 0
-14 74 0
-8 20 -83 0
-71 -79 0
-11 -27 44 0
-18 -56 76 0
-35 -39 68 0
15 -16 -69 0
18 45 -76 0
-12 35 -83 0
-29 -35 -58 0
9 54 -69 0
-11 17 52 0
19 -65 -71 0
-57 -69 0
29 75 0
-11 -44 -57 0
-36 71 -83 0
-35 -45 77 0
13 -60 -76 0
-9 55 73 0
26 -54 0
33 -74 0
-44 56 -69 0
33 61 76 0
23 73 -74 0
-10 23 45 0
13 21 46 0
7 63 -77 0
-3 -37 72 0
-22 -60 0
-19 34 -63 0
20 24 58 0
-1 50 -58 0
7 22 0
-33 -55 72 0
40 -74 -81 0
-10 19 -32 0
5 -46 -56 0
-11 38 0
2 70 77 0
-29 -46 -61 0
-4 -41 0
-14 -82 0
-20 74 -78 0
-37 -58 0
-10 24 -62 0
1 15 -49 0
-20 -23 0
44 79 0
-19 20 -55 0
56 61 71 0
-51 58 0
-37 57 0
-31 49 -65 0
-2 69 -73 0
12 24 0
4 26 -83 0
10 28 -52 0
24 -57 0
-11 -12 22 0
-7 -42 -61 0
-1 -9 22 0
-23 -30 0
37 43 53 0
12 -78 0
-22 -60 -72 0
-6 11 -46 0
-8 -41 -69 0
9 71 0
55 -63 65 0
26 -39 41 0
1 8 12 0
27 39 -54 0
6 -13 77 0
27 29 -82 0
-30 -41 72 0
-18 25 -70 0
20 65 -73 0
11 52 0
-58 61 -78 0
2 44 0
-72 76 78 0
76 -81 0
-1 30 61 0
-18 -20 79 0
25 64 -73 0
68 80 0
5 -31 -37 0
-20 -27 73 0
-14 29 73 0
-3 49 79 0
-15 63 0
13 35 60 0
21 -30 -32 0
1 -32 0
-9 12 -52 0
-40 69 72 0
26 -61 -65 0
-8 -56 -60 0
16 26 -44 0
19 35 -78 0
-14 15 0
20 -36 0
38 -73 0
-19 -48 79 0
39 72 0
-10 -40 68 0
33 36 40 0
-15 -16 82 0
43 46 -76 0
6 -33 48 0
-5 -16 0
-4 14 -28 0
31 -53 59 0
-5 79 81 0
51 -69 80 0
64 -69 73 0
-3 -40 73 0
5 -39 78 0
1 6 -21 0
26 40 78 0
-74 -78 83 0
-71 -78 0
-19 42 -69 0
8 23 50 0
-3 -5 -14 0
70 83 0
23 35 -45 0
1 -34 62 0
-21 26 -64 0
2 13 -39 0
-38 -53 82 0
-17 -51 0
13 -61 0
-12 33 -57 0
-31 33 0
2 50 -76 0
71 -79 0
-55 -81 0
-20 56 -68 0
7 -47 0
41 -56 58 0
-2 30 60 0
-2 24 28 0
-14 -43 -83 0
-11 45 -47 0
-11 -36 67 0
-41 61 0
29 -66 0
-34 -41 69 0
-36 -61 73 0
-41 54 -76 0
-24 79 0
-11 81 0
-13 24 -65 0
-5 23 0
-33 -67 -69 0
-37 -38 55 0
37 44 49 0
-20 75 -83 0
-48 -55 70 0
18 24 -82 0
48 -68 0
41 44 -49 0
-10 52 57 0
-6 42 0
60 -80 0
-2 28 72 0
