p cnf 98 396
39 -53 -81 0
31 -48 62 0
-74 -77 83 0
7 58 -59 0
-9 -42 89 0
-14 16 47 0
-10 80 -83 0
64 83 95 0
20 -62 87 0
83 86 -97 0
-22 -26 -84 0
24 -36 77 0
-4 59 82 0
21 66 80 0
8 26 -90 0
18 -55 0
-22 42 64 0
28 -35 -42 0
-22 60 -98 0
-4 -5 -53 0
18 -32 -54 0
20 67 -70 0
-90 -93 97 0
6 69 96 0
-18 63 -94 0
-67 81 -93 0
-2 -29 -53 0
3 38 88 0
-46 -54 -94 0
-27 -33 -67 0
-52 53 -63 0
6 44 0
27 -35 79 0
-8 76 77 0
-2 7 47 0
28 -34 38 0
-12 14 77 0
54 -86 -87 0
-25 76 82 0
-6 34 41 0
-38 -69 -93 0
-36 -82 -88 0
-26 -45 81 0
-10 38 76 0
-43 61 -84 0
37 71 85 0
38 65 -87 0
-24 -78 91 0
16 -24 -56 0
1 10 20 0
-1 -16 70 0
29 -59 68 0
-12 -29 -89 0
-35 54 75 0
27 77 79 0
14 -39 50 0
70 -78 0
-4 58 94 0
-54 66 -81 0
16 18 61 0
-9 16 95 0
11 46 -84 0
-25 -54 70 0
8 -51 81 0
-16 -58 59 0
12 18 19 0
42 -58 -61 0
47 -69 -88 0
-8 14 95 0
42 -52 -78 0
-18 -73 92 0
26 -65 -84 0
-12 -58 79 0
37 -46 81 0
31 -54 -55 0
10 -33 54 0
12 -53 -74 0
-12 60 78 0
-33 39 75 0
7 -46 65 0
-66 74 -96 0
-10 20 84 0
-53 -61 69 0
21 26 -66 0
20 21 67 0
-21 -62 78 0
-22 -45 98 0
-19 -61 73 0
15 -39 59 0
-10 79 91 0
-9 -89 -96 0
15 -62 -81 0
6 -62 -86 0
-4 -25 -57 0
27 -53 -95 0
-16 21 -48 0
-28 31 -34 0
-36 -45 55 0
-12 78 85 0
7 85 -95 0
-2 -72 -89 0
37 -39 0
-26 80 91 0
38 76 93 0
47 -67 96 0
-13 33 -70 0
-63 -79 -89 0
12 -73 -80 0
-16 -88 91 0
-48 64 -75 0
-19 49 -51 0
31 52 72 0
-8 60 -70 0
-22 47 76 0
-1 90 0
-22 43 -94 0
37 -54 -91 0
-15 78 96 0
-38 -50 -57 0
5 14 -92 0
-26 -83 93 0
33 44 87 0
-36 69 -79 0
20 -62 -92 0
4 57 82 0
-1 -57 -83 0
21 55 74 0
7 42 88 0
-15 48 63 0
-11 75 90 0
-5 9 58 0
-21 61 72 0
-3 -24 94 0
3 51 -64 0
-13 -93 0
-38 54 -73 0
-49 52 75 0
-22 -29 55 0
-24 -84 89 0
28 90 -91 0
-2 56 85 0
-14 -19 -36 0
26 -75 82 0
20 75 82 0
-55 57 91 0
20 -33 41 0
-37 65 0
-15 21 -79 0
-9 13 -51 0
-2 -73 -86 0
4 50 -93 0
-34 39 0
22 26 -86 0
-29 56 -86 0
-5 -13 69 0
12 91 -92 0
21 -43 -97 0
5 64 77 0
5 29 -96 0
19 -53 97 0
-43 53 59 0
85 88 -92 0
-5 65 -69 0
19 46 96 0
-26 78 -84 0
10 65 -98 0
-8 11 12 0
33 -36 63 0
-30 73 -93 0
-31 -64 -94 0
-46 -54 -91 0
-46 58 74 0
28 36 81 0
-14 -56 97 0
44 -71 -92 0
8 16 60 0
40 47 71 0
-36 -48 83 0
14 -17 49 0
-54 -76 -84 0
52 -81 92 0
22 -62 -78 0
9 61 0
30 60 69 0
-10 34 93 0
5 54 88 0
52 -70 76 0
-33 -48 -79 0
-14 -48 77 0
-4 -49 -58 0
-17 18 21 0
40 -71 -98 0
6 -8 -32 0
-8 -15 82 0
2 16 -64 0
-12 79 87 0
76 -83 93 0
-73 86 92 0
-16 46 -69 0
36 -75 88 0
-33 -35 -54 0
-32 44 -51 0
22 53 -68 0
-27 42 50 0
54 55 -88 0
-19 -60 85 0
18 21 -66 0
30 63 -90 0
-11 37 48 0
31 55 0
10 40 -70 0
2 35 -52 0
9 -27 34 0
8 31 -54 0
-32 33 79 0
36 -50 66 0
46 76 -91 0
69 75 82 0
35 59 -97 0
21 -55 68 0
43 -61 69 0
-43 55 94 0
-60 61 -65 0
-7 64 -70 0
-22 -34 96 0
-3 -5 -96 0
-17 31 -83 0
47 -84 -98 0
37 38 43 0
51 60 85 0
2 -19 -38 0
-19 -87 93 0
-16 45 84 0
-11 27 -69 0
-10 -20 -94 0
4 18 -60 0
17 88 0
25 -41 -71 0
4 7 81 0
-11 -20 -22 0
15 26 -64 0
-18 -25 57 0
32 -48 57 0
-47 55 74 0
-54 -76 90 0
-51 -74 89 0
-29 38 -93 0
12 52 -83 0
57 -62 -92 0
25 27 44 0
30 66 -91 0
31 44 -87 0
-4 25 51 0
-14 -16 -37 0
-9 -59 87 0
-49 -50 0
-14 -55 63 0
-5 13 -67 0
-26 35 -67 0
8 -9 12 0
29 59 83 0
4 82 92 0
-19 -29 39 0
58 77 91 0
-7 20 -53 0
-10 12 -65 0
-9 -30 39 0
34 35 75 0
-55 -75 77 0
-23 34 53 0
-16 60 -92 0
-72 76 94 0
22 58 -60 0
1 76 -84 0
-30 31 -66 0
2 3 -44 0
37 38 93 0
-41 46 94 0
7 44 69 0
-30 -35 -59 0
39 -42 50 0
-21 27 -47 0
-9 -54 -61 0
5 11 -58 0
-15 41 77 0
20 37 -80 0
-7 51 86 0
-7 31 -60 0
24 -82 98 0
-22 -77 -92 0
44 -61 81 0
64 65 -73 0
14 52 54 0
-10 -62 94 0
54 -78 93 0
-31 39 -63 0
5 37 -82 0
-38 -57 98 0
33 75 -77 0
-34 -87 -88 0
-32 -63 -93 0
13 -46 -48 0
-36 54 90 0
11 -89 -92 0
-54 -56 81 0
-44 46 64 0
15 63 64 0
8 -54 -66 0
-10 -42 -98 0
-21 50 -57 0
-41 -66 82 0
9 79 -85 0
-17 -74 81 0
-18 41 62 0
42 78 96 0
38 -55 -70 0
79 -83 90 0
-27 -80 94 0
-32 -39 -79 0
-31 -37 97 0
-6 -13 -93 0
7 -59 -88 0
47 56 -78 0
4 -24 98 0
13 27 95 0
32 39 -61 0
-16 -73 85 0
15 -17 80 0
14 -78 79 0
-24 63 -81 0
-33 34 -65 0
10 -80 94 0
37 -79 94 0
-9 69 97 0
42 -54 79 0
-5 -50 93 0
6 -34 86 0
14 29 54 0
-3 -21 45 0
20 -26 -90 0
58 -87 -92 0
-22 -23 -43 0
65 84 -91 0
-45 -67 -78 0
-85 94 -95 0
-1 -12 96 0
5 25 -50 0
-4 -21 40 0
33 -71 89 0
-44 51 -93 0
71 -86 -94 0
56 67 85 0
18 65 0
63 -68 70 0
-29 -48 -85 0
-25 75 87 0
-18 -34 -62 0
-34 85 -90 0
26 73 -96 0
-14 43 -81 0
-20 -23 -94 0
48 61 -88 0
-29 -38 96 0
-46 -75 82 0
-18 -43 -47 0
21 38 46 0
-10 -17 51 0
-42 51 -75 0
4 -42 51 0
21 -24 -51 0
-15 -39 -82 0
4 -37 -39 0
16 -31 -44 0
40 -87 0
-51 93 -94 0
62 74 95 0
-59 77 -82 0
-10 -17 30 0
-39 40 61 0
-6 47 -90 0
27 -74 85 0
27 55 86 0
-65 70 -83 0
55 91 98 0
83 86 87 0
-26 68 -87 0
-8 -9 39 0
20 -76 97 0
-1 26 -83 0
32 -71 -83 0
-28 -61 70 0
-5 -7 -96 0
-33 -38 -53 0
-40 67 -75 0
67 82 97 0
-36 44 84 0
