p cnf 38 72
-18 -20 0
2 38 0
8 16 0
20 -27 0
-26 -35 38 0
12 20 -28 0
13 -16 0
-28 -33 0
15 -35 36 0
-12 -28 0
14 -22 0
32 -35 0
2 33 0
13 -17 0
16 19 -24 0
24 -28 0
-5 22 0
-26 -38 0
-3 -6 0
-2 7 0
31 -37 0
-15 -19 -34 0
-19 -24 0
-4 32 0
4 12 0
15 -23 0
-21 23 -32 0
-4 -15 0
1 -26 0
17 -27 -35 0
11 -23 28 0
3 -26 0
-13 25 0
5 -35 0
-8 -28 0
8 32 -35 0
-3 24 -30 0
-14 -22 -29 0
9 -21 0
7 -35 0
21 -25 0
-7 -11 37 0
19 -26 29 0
32 -34 0
4 7 -30 0
23 -33 0
-11 37 0
1 -26 0
2 13 28 0
1 -7 0
-19 -36 0
3 -20 0
7 -8 0
9 14 0
-4 31 0
-18 -31 0
4 -9 20 0
3 4 0
4 27 0
-14 18 -25 0
-15 -38 0
6 11 -19 0
10 17 -35 0
-2 -30 0
8 -15 0
3 -8 -23 0
-4 -31 0
17 30 32 0
-37 -38 0
8 14 0
-9 -16 0
-20 -32 0
