p cnf 74 262
-54 -70 0
-13 25 52 0
-21 55 0
22 -36 -71 0
2 19 -41 0
12 34 -44 0
30 49 71 0
-31 -73 0
-26 28 60 0
4 20 0
3 46 -47 0
17 60 0
-11 -20 -67 0
42 58 61 0
67 -73 0
-7 18 -21 0
24 -53 0
-14 -55 0
-14 35 0
44 -48 52 0
-1 -58 59 0
-27 -51 0
5 70 0
15 -23 -26 0
1 -15 -74 0
32 -67 0
10 -74 0
15 48 -72 0
-18 21 71 0
-10 -16 43 0
8 29 48 0
-10 -47 0
-15 34 0
22 23 -71 0
46 -54 -55 0
-27 -56 0
44 -47 0
3 40 51 0
9 -60 64 0
23 68 0
6 17 24 0
-8 -37 40 0
-8 34 -69 0
30 68 0
-31 -38 0
-43 66 0
2 5 0
32 51 0
17 -31 64 0
-5 45 0
-33 59 0
-58 61 -69 0
-16 -53 0
-11 -36 58 0
-8 20 35 0
-9 -13 -21 0
8 49 0
-41 -60 0
-16 57 0
4 21 0
-4 8 67 0
38 -41 50 0
14 -17 -52 0
-12 -17 0
3 -26 52 0
-14 -58 -70 0
-17 -71 0
-46 -65 74 0
-2 32 -58 0
-4 -62 -73 0
-56 -71 0
-50 56 -65 0
-17 -71 74 0
18 -52 63 0
-11 -29 0
-20 -38 0
-32 33 42 0
-13 -49 -65 0
-22 -37 57 0
37 -43 52 0
24 60 -65 0
-41 52 62 0
23 40 45 0
-26 45 0
14 57 0
4 -49 68 0
59 -72 0
-11 18 24 0
18 28 0
7 51 66 0
41 50 -73 0
8 26 47 0
-43 -49 -68 0
-10 26 0
16 20 56 0
-24 26 62 0
1 50 71 0
-51 68 0
22 29 -64 0
-53 72 0
-7 16 51 0
25 -39 60 0
-25 -46 -49 0
-25 -41 -74 0
16 52 0
3 -68 0
12 -17 0
39 46 70 0
-20 -51 0
29 30 54 0
-13 48 49 0
5 23 34 0
6 -29 0
43 -55 60 0
3 -58 -73 0
16 34 58 0
-24 -59 0
-17 -59 66 0
22 -42 0
6 -40 -62 0
-8 -11 -51 0
-10 30 0
-8 58 0
-12 35 62 0
67 73 0
-35 -57 0
29 -31 0
-38 66 0
1 68 0
1 8 -56 0
21 36 0
-5 22 -44 0
-21 -23 34 0
9 -48 -61 0
20 -57 71 0
-32 -48 65 0
3 9 -24 0
8 46 74 0
29 60 0
7 23 -50 0
-3 4 10 0
-12 -41 0
28 -36 0
20 -41 -54 0
41 56 -73 0
4 52 67 0
-30 -47 73 0
-4 29 -60 0
-8 46 52 0
32 46 0
3 -13 -43 0
16 66 68 0
8 -39 -40 0
-28 -74 0
20 53 0
14 23 0
17 37 -47 0
15 -40 0
-35 36 -66 0
11 24 0
-22 -26 63 0
-17 42 56 0
-42 -68 0
31 40 -50 0
6 16 -54 0
27 55 0
-1 11 55 0
-5 -16 57 0
-13 52 0
-25 -29 69 0
-5 -33 0
-3 -25 -48 0
-22 -51 68 0
-43 -55 0
43 44 -48 0
5 -46 -51 0
8 19 -25 0
-51 -66 -71 0
-42 65 0
4 52 0
34 -37 -45 0
-11 18 49 0
-17 -56 -70 0
-11 35 63 0
3 -52 68 0
-1 -41 59 0
16 -37 47 0
-11 -28 32 0
7 -34 -39 0
23 26 0
-6 -9 52 0
-18 41 71 0
2 10 0
67 -72 0
2 -37 -70 0
4 13 64 0
-8 59 72 0
4 -34 44 0
-26 62 0
-30 63 0
-8 49 0
-22 32 -57 0
-9 -65 0
-31 -68 0
-10 -12 40 0
12 -35 60 0
10 -15 -51 0
-16 -50 0
-4 -9 -63 0
36 -56 -73 0
42 46 -70 0
19 55 59 0
7 -29 -70 0
-30 38 0
-23 52 -53 0
-41 63 0
40 66 -70 0
-55 -73 0
-41 43 62 0
-13 19 -31 0
-32 -34 -43 0
-13 -50 0
43 72 0
35 47 -50 0
-17 -43 53 0
40 -48 0
-48 -49 51 0
10 -52 -74 0
-37 46 0
11 -17 0
24 -28 72 0
-9 68 -72 0
1 22 -69 0
-17 25 -57 0
-38 68 0
30 31 -50 0
17 -61 0
4 49 0
14 73 0
-16 -27 0
54 -66 0
19 39 -51 0
-19 25 -64 0
50 68 0
-1 72 0
-14 -68 0
-6 10 -22 0
14 -28 -33 0
-14 -25 30 0
9 46 -48 0
-47 -60 74 0
-45 53 0
-1 23 -69 0
-35 73 0
20 -47 64 0
-11 20 25 0
34 -45 61 0
22 -60 0
-35 52 0
-15 33 0
-58 62 -74 0
-4 37 0
