p cnf 81 265
32 41 -57 0
21 -55 77 0
13 -71 0
37 68 0
45 -58 67 0
-11 16 -27 0
-9 48 57 0
21 -31 43 0
23 29 37 0
-6 -50 61 0
60 61 -79 0
2 19 0
36 79 0
-10 -20 -74 0
-50 52 57 0
26 67 -78 0
5 -29 0
4 -17 -30 0
36 -47 0
-31 -51 54 0
26 -51 -53 0
12 27 -57 0
25 -53 -64 0
25 -46 72 0
-47 68 0
-4 18 -47 0
-7 67 -79 0
3 -54 76 0
23 26 -69 0
-7 15 0
-6 33 73 0
51 53 56 0
45 63 0
20 -31 47 0
13 55 -61 0
17 -45 53 0
54 55 0
-37 -42 48 0
20 29 -81 0
-23 -27 74 0
19 25 33 0
-12 69 81 0
5 -55 0
-36 56 -62 0
-25 -61 0
5 -14 79 0
-39 49 81 0
-2 16 30 0
2 -11 12 0
-13 -40 0
-20 27 33 0
3 64 0
-8 -54 -59 0
-41 57 75 0
5 32 -48 0
56 -71 0
22 -57 -73 0
-22 66 74 0
-18 35 -48 0
-23 58 80 0
-21 35 -39 0
-13 32 0
-10 18 -27 0
-39 56 0
-11 -59 0
-26 41 -67 0
-17 -33 -53 0
-10 52 -72 0
-24 30 -49 0
30 74 -76 0
-10 -14 -80 0
8 44 64 0
-6 10 -74 0
-4 -56 -72 0
-20 53 80 0
39 -44 78 0
6 49 -55 0
-1 -46 0
-21 40 79 0
1 -56 71 0
-50 67 0
-33 -52 54 0
-16 -39 53 0
20 35 -55 0
-22 68 70 0
32 38 -74 0
23 70 74 0
13 -74 0
7 30 -56 0
-9 12 -16 0
-45 -79 81 0
31 33 60 0
-17 23 38 0
46 -52 -58 0
61 -64 79 0
21 65 70 0
-26 -34 -57 0
25 -38 -50 0
-35 48 0
41 52 58 0
-6 43 66 0
13 -31 63 0
-54 57 69 0
-10 16 0
-7 -14 37 0
27 -44 0
-17 64 0
-21 -70 0
-24 63 0
40 41 57 0
63 -65 -79 0
-10 -15 0
-30 -32 -70 0
-2 -22 -26 0
-14 -42 71 0
-4 37 -42 0
44 -77 0
-11 15 -78 0
-30 -36 -81 0
-33 37 -79 0
-1 81 0
34 -75 0
-20 -24 -54 0
-9 48 -68 0
34 71 0
-1 29 32 0
35 -52 -80 0
21 25 65 0
39 60 0
2 58 0
7 44 81 0
-33 -58 76 0
-4 54 80 0
35 -37 54 0
7 -53 -69 0
-33 53 -55 0
-1 -3 33 0
-40 65 81 0
38 47 50 0
-16 30 58 0
17 24 77 0
9 48 75 0
-4 17 -63 0
15 -39 0
-32 -45 53 0
-2 27 0
4 -15 -23 0
20 -32 62 0
-7 27 31 0
-12 -38 45 0
5 10 -56 0
-2 13 40 0
-8 -26 78 0
-6 -55 81 0
-54 61 0
-32 73 0
6 68 0
1 -24 -53 0
-29 36 76 0
-19 44 54 0
33 45 -54 0
-32 68 0
-4 36 57 0
-6 18 -80 0
-13 61 78 0
-22 -43 51 0
5 16 64 0
-3 14 62 0
4 47 -67 0
-33 73 0
25 44 0
-51 60 -73 0
-38 39 0
2 -32 -59 0
3 28 0
-47 54 68 0
16 -54 0
27 -58 69 0
23 28 0
-10 -34 73 0
59 -63 0
27 39 0
23 -37 41 0
10 -12 30 0
-2 21 61 0
-2 -37 0
-23 37 77 0
-11 -64 0
1 -44 73 0
28 39 67 0
-3 23 -81 0
57 71 -75 0
-7 -11 -78 0
-24 64 0
-56 69 0
-5 9 72 0
13 46 0
10 74 75 0
34 -48 -57 0
32 -74 -76 0
33 -42 -81 0
-16 -42 0
-11 21 -65 0
10 -24 -58 0
-31 -39 47 0
-16 -43 0
42 81 0
-37 64 -70 0
-7 -63 0
1 27 73 0
31 48 -54 0
44 62 0
5 -81 0
-10 54 74 0
11 14 -65 0
-30 61 69 0
-1 50 -58 0
-26 -49 -66 0
-27 57 76 0
15 -34 80 0
-16 -22 0
-1 -62 0
-16 68 0
-8 17 66 0
-12 -29 40 0
-14 -28 0
40 50 68 0
-6 -12 -77 0
10 15 -34 0
10 -24 43 0
-4 -5 -67 0
-9 -27 61 0
-31 33 -75 0
11 -12 51 0
4 -34 -35 0
-30 -76 0
-21 23 0
-30 -68 80 0
-28 -33 75 0
-17 -61 0
-33 -36 0
-15 -33 -64 0
39 52 53 0
28 52 74 0
22 -50 0
-15 -64 0
4 46 -76 0
35 60 78 0
7 -58 0
1 8 -79 0
26 40 -41 0
5 -18 0
-5 -8 -42 0
23 36 -74 0
-6 10 79 0
1 28 66 0
2 28 -74 0
-29 -65 0
5 53 0
-11 -14 21 0
26 40 64 0
-5 33 47 0
-11 32 68 0
-39 -61 -62 0
-20 29 63 0
