p cnf 73 239
25 -68 0
-45 69 0
-38 53 -57 0
10 -12 47 0
30 48 72 0
-3 33 0
47 -55 0
-16 43 -53 0
-43 -45 -72 0
26 -36 48 0
-38 -50 -55 0
-43 71 0
11 65 69 0
9 -14 -68 0
-25 -66 0
9 -24 26 0
39 43 0
-33 49 -68 0
18 53 61 0
-8 13 26 0
47 -51 -56 0
-11 -54 -56 0
12 14 36 0
-6 51 -53 0
-64 -66 72 0
-48 65 -68 0
52 -67 0
43 -49 -64 0
16 -64 0
-18 -28 46 0
-25 42 56 0
26 46 0
7 -33 0
51 -66 0
4 27 -35 0
45 47 0
-9 -48 -51 0
32 -59 61 0
-34 -52 0
1 -15 69 0
5 60 0
10 43 45 0
4 -40 0
-6 35 -39 0
2 25 0
35 62 0
-62 64 -65 0
12 42 59 0
-13 33 -51 0
20 -51 73 0
24 -45 0
-10 -33 0
-20 -39 54 0
-49 66 68 0
11 -24 0
-3 47 57 0
-5 -12 55 0
-35 -60 67 0
11 -17 -33 0
-31 66 0
-7 41 -71 0
49 -51 -69 0
4 50 0
-6 41 50 0
21 -31 36 0
-17 35 54 0
21 22 0
7 13 -18 0
16 -65 68 0
-45 68 0
-7 9 64 0
-21 -49 0
-9 44 0
31 43 -49 0
26 -28 0
-26 51 -64 0
-4 -9 55 0
-11 51 0
-10 -14 -46 0
-6 23 -29 0
-9 -55 -63 0
16 24 0
-32 63 0
21 -70 0
21 -24 0
3 -14 46 0
22 -39 0
12 -35 0
36 49 0
-5 -11 27 0
-27 -59 0
49 55 -59 0
-28 -42 64 0
-28 -58 65 0
-1 3 15 0
14 -19 23 0
-17 -52 71 0
-2 -63 65 0
-13 -25 0
25 53 62 0
-6 19 0
-27 41 0
-30 46 72 0
7 29 62 0
8 28 0
26 -42 0
-13 36 -47 0
-8 55 0
-14 -42 68 0
-33 48 0
3 59 0
-28 72 0
-33 -46 -70 0
-27 34 65 0
-6 -35 0
23 -41 -71 0
-3 -66 0
-40 -55 67 0
18 -47 53 0
-10 55 0
-49 -68 0
5 14 -24 0
-25 46 0
47 -53 0
1 4 70 0
3 10 32 0
19 34 43 0
3 62 -67 0
-16 38 68 0
9 42 46 0
-40 -42 63 0
-7 -34 -67 0
27 -37 -53 0
-9 29 -49 0
-22 -48 -62 0
-2 -34 0
-3 5 29 0
33 -48 67 0
26 29 -63 0
46 -50 70 0
-34 67 -72 0
-2 15 48 0
9 18 -70 0
-44 51 -59 0
-9 -12 -19 0
-50 51 0
-19 36 65 0
-8 18 -64 0
26 50 55 0
-14 -42 -64 0
-4 -37 0
10 19 -65 0
11 27 52 0
-5 -48 0
-37 -52 55 0
-36 71 0
-14 18 -45 0
-17 -46 47 0
23 41 42 0
47 -66 0
-6 -23 -36 0
-33 -68 0
25 -54 0
22 31 -58 0
-14 17 0
-29 -36 0
-15 61 63 0
11 -28 50 0
35 -37 56 0
-11 15 -52 0
46 47 0
7 25 -40 0
20 56 0
13 54 57 0
15 56 -60 0
-35 -38 -50 0
26 39 -60 0
17 -65 67 0
9 18 -58 0
-2 -54 58 0
10 -13 -62 0
-26 -33 -38 0
-3 -39 43 0
-25 -59 0
-21 -52 -73 0
-3 -8 58 0
-31 44 0
9 19 44 0
-18 -73 0
33 56 0
-41 -59 68 0
-30 -46 0
-49 -66 0
38 -42 -64 0
34 59 -69 0
-17 26 34 0
-21 -42 62 0
-18 -65 -73 0
31 56 0
-29 -48 0
-2 36 48 0
-25 58 -61 0
-25 26 47 0
8 14 -19 0
-5 32 -50 0
-23 -48 53 0
-38 49 66 0
-19 21 0
-35 -42 57 0
-9 -18 -33 0
-36 -65 0
10 72 0
21 -50 73 0
8 -58 0
33 -42 0
27 -35 -71 0
3 -33 54 0
-4 -68 -69 0
-3 -27 32 0
13 -41 42 0
3 55 57 0
-44 -49 0
11 -18 0
-9 20 -47 0
22 -73 0
-4 -40 -52 0
-11 62 0
36 -39 42 0
-58 -66 -73 0
-11 -13 -47 0
16 58 0
-12 -58 -72 0
19 -47 0
-25 -47 -48 0
71 73 0
21 -30 54 0
-34 -53 -59 0
-28 -50 0
-7 29 59 0
