p cnf 91 343
25 29 72 0
-13 -78 83 0
8 21 -30 0
19 47 -67 0
-78 -83 -88 0
-8 79 89 0
-29 -40 71 0
37 -38 51 0
-28 -50 83 0
-38 71 84 0
-2 -34 -40 0
-45 91 0
-68 -71 -90 0
29 -36 -86 0
23 -31 42 0
-2 -45 -68 0
6 70 -83 0
48 53 -56 0
-23 32 0
20 -61 -82 0
15 57 0
-10 -55 -73 0
-22 50 91 0
8 39 71 0
-1 -72 83 0
-12 80 81 0
-2 49 69 0
-7 -32 -49 0
6 -78 0
-2 55 60 0
41 72 -91 0
34 -38 0
28 52 0
-4 20 -56 0
-36 41 -82 0
25 -29 60 0
1 -15 49 0
-4 32 73 0
-33 34 70 0
39 -61 -82 0
-12 -27 29 0
48 79 0
6 -24 -63 0
15 57 68 0
-8 24 43 0
-33 -44 -82 0
14 -58 -68 0
10 -79 82 0
-51 -72 0
13 -40 -61 0
46 54 -65 0
38 63 -64 0
21 -25 84 0
-45 50 66 0
-18 60 -87 0
-45 56 0
-56 63 -83 0
47 -69 -81 0
11 -60 0
7 -65 -71 0
34 -57 0
-22 -54 0
-18 44 76 0
-22 -53 -86 0
4 -21 0
5 55 0
-29 35 60 0
-79 -80 -81 0
46 80 -84 0
60 -63 82 0
33 -40 48 0
-11 14 64 0
-36 44 0
-15 -45 64 0
45 59 0
-14 55 -79 0
25 28 -82 0
-6 -23 -67 0
-34 49 81 0
42 55 -85 0
15 38 -73 0
-3 -30 90 0
40 60 61 0
51 -75 -77 0
28 35 74 0
9 41 54 0
34 59 68 0
24 32 -67 0
12 59 -68 0
-6 69 89 0
13 -21 87 0
-16 -25 0
-7 -49 56 0
-38 -65 -87 0
-53 -76 88 0
44 56 70 0
2 65 77 0
-3 10 0
3 38 -51 0
-28 -32 -87 0
6 -88 0
-16 41 -52 0
-4 74 0
16 62 -78 0
-19 -27 83 0
12 57 -91 0
-52 62 -64 0
58 -82 -85 0
2 -52 82 0
29 -42 -64 0
-47 69 87 0
-13 -14 -52 0
-11 12 0
-12 -30 -83 0
13 -19 -51 0
2 -52 59 0
26 -36 43 0
19 -76 -79 0
50 63 -83 0
45 67 73 0
-22 -37 -54 0
43 68 -77 0
-39 43 72 0
-12 18 -38 0
20 24 -89 0
8 -34 36 0
6 -11 63 0
38 -53 -75 0
4 52 64 0
-11 15 0
29 76 0
18 73 0
26 28 41 0
-12 40 -78 0
13 -41 91 0
-7 -11 -21 0
-7 76 -89 0
-12 -20 66 0
16 -86 0
1 -46 -89 0
-11 -47 -89 0
12 18 -22 0
-8 42 54 0
15 -27 37 0
11 -47 73 0
-8 28 81 0
11 -15 0
13 25 -70 0
-8 22 -55 0
40 44 -83 0
35 -56 -72 0
-32 -45 -76 0
11 31 47 0
5 29 -37 0
13 45 67 0
28 76 79 0
-60 63 0
-22 -43 -44 0
-34 -43 -61 0
69 -86 90 0
7 -16 60 0
-6 12 -58 0
-18 -58 -75 0
10 14 -64 0
-31 -37 75 0
-24 -26 -47 0
3 40 -52 0
11 28 65 0
25 26 -56 0
17 -35 -77 0
59 -60 -87 0
-13 -21 87 0
42 -46 88 0
39 48 60 0
-15 -17 -38 0
-25 57 75 0
-20 -67 0
-2 -20 21 0
18 -54 -63 0
15 42 46 0
-8 67 74 0
-15 88 0
44 62 -77 0
61 64 -71 0
20 87 0
3 -54 86 0
62 -77 -82 0
14 15 23 0
7 23 40 0
-10 -23 85 0
12 41 87 0
69 75 -90 0
3 6 0
17 -48 89 0
17 18 -68 0
53 -58 -91 0
37 84 0
-10 15 86 0
-19 44 -91 0
48 -85 0
-26 -53 0
-78 79 80 0
35 50 55 0
48 75 77 0
15 -50 -84 0
17 61 0
-62 87 -91 0
51 -56 74 0
-5 10 -71 0
48 83 84 0
-46 -66 -89 0
59 75 83 0
3 70 -82 0
-61 -62 -70 0
-11 13 67 0
-23 -47 -89 0
12 -39 -90 0
1 -18 -28 0
10 -70 -71 0
-32 -61 -79 0
62 79 -81 0
11 -44 78 0
12 22 0
12 -16 -70 0
-19 30 -64 0
23 35 88 0
4 -53 -66 0
2 -36 60 0
6 -15 -31 0
22 40 -70 0
3 -31 -36 0
13 -41 61 0
30 -63 -91 0
-47 52 -60 0
16 -42 58 0
-7 61 -76 0
-7 -9 -20 0
9 67 82 0
8 -35 45 0
19 -47 -70 0
10 -14 -75 0
16 52 69 0
4 -60 -88 0
21 51 82 0
-8 52 -64 0
41 -51 52 0
-59 -63 67 0
14 -43 53 0
-18 -44 82 0
44 87 -90 0
22 40 -62 0
11 -55 -81 0
-35 52 66 0
19 -26 -87 0
6 -27 29 0
-8 18 25 0
7 36 52 0
-40 60 0
-61 -65 91 0
-11 37 -73 0
-3 -67 77 0
66 69 75 0
-13 -68 86 0
-17 59 -66 0
-21 -50 -61 0
84 87 0
35 -40 57 0
54 -58 66 0
17 -39 -78 0
11 15 42 0
-4 -19 -40 0
35 57 -67 0
21 40 -76 0
-3 -57 -89 0
-25 80 0
14 47 -54 0
13 -51 -84 0
-19 23 58 0
10 -29 -44 0
14 -65 -89 0
-41 -54 67 0
-26 38 45 0
-21 53 66 0
5 12 -67 0
28 37 -72 0
-14 32 -38 0
-8 37 52 0
-10 85 -90 0
-19 -53 67 0
1 -29 -60 0
28 -80 0
13 -26 69 0
-53 71 0
3 -53 -77 0
25 68 80 0
9 -22 66 0
22 -43 73 0
24 -41 -52 0
-10 -82 87 0
4 -46 80 0
3 83 84 0
-7 41 -46 0
-6 46 -87 0
-7 -61 0
-26 56 -71 0
-6 -25 62 0
-3 72 87 0
35 54 70 0
-28 -77 -88 0
-7 69 71 0
14 49 89 0
-7 -53 59 0
-32 -42 -57 0
3 -66 81 0
-9 10 88 0
21 -23 58 0
-17 42 43 0
73 -85 0
16 24 51 0
35 -45 75 0
64 -86 0
-73 -76 0
11 24 -38 0
-24 62 80 0
-21 -61 74 0
38 47 71 0
40 48 -90 0
76 -88 89 0
37 56 -76 0
5 -7 -32 0
-30 -64 76 0
43 75 82 0
31 -49 -70 0
28 38 -72 0
25 65 83 0
-40 -65 -69 0
-2 -55 65 0
3 5 8 0
-1 -81 86 0
-33 78 79 0
7 49 79 0
8 -37 -62 0
-18 -91 0
