p cnf 93 365
-8 -47 -78 0
12 49 55 0
19 -43 77 0
1 -42 65 0
-22 38 -58 0
-21 -47 88 0
-16 -58 -81 0
12 -17 -86 0
-31 40 -49 0
-1 51 -64 0
-15 -16 -22 0
-50 67 69 0
-31 -32 -65 0
20 -66 0
2 27 0
29 -39 -62 0
-9 -82 92 0
-2 -70 -71 0
-40 -48 74 0
-8 11 82 0
-17 -42 -49 0
52 70 71 0
42 -76 -89 0
-68 -71 86 0
-5 -10 -18 0
56 60 -85 0
-8 -55 0
6 -53 -92 0
-23 69 93 0
-32 -37 -62 0
-20 -59 0
-70 -72 83 0
-7 51 -71 0
53 -59 -72 0
16 28 -79 0
-18 71 -84 0
35 -49 85 0
2 -33 -82 0
10 30 -51 0
14 -27 -88 0
-8 -42 57 0
-4 14 60 0
-35 45 -53 0
8 -31 57 0
63 68 -85 0
64 -81 -89 0
41 42 -66 0
-18 -75 -89 0
26 -60 -91 0
-2 -67 85 0
-32 -58 -73 0
-49 66 -76 0
-7 39 68 0
-2 87 92 0
-3 6 77 0
-34 -39 92 0
-20 29 -84 0
-5 -35 38 0
-3 -44 54 0
-41 -88 0
-54 -69 -76 0
59 69 77 0
-8 23 33 0
-13 65 -91 0
-7 -35 -84 0
4 21 -73 0
19 -74 0
15 -21 78 0
-11 35 0
47 56 -88 0
7 -21 -60 0
-29 -60 -65 0
-15 -49 58 0
27 52 0
-36 48 -91 0
-45 75 -93 0
-36 40 -86 0
54 72 93 0
-42 -83 90 0
19 -34 -85 0
-12 62 -88 0
1 68 -89 0
-12 -15 59 0
-6 77 0
-1 -25 -51 0
-33 44 -86 0
43 80 92 0
-3 6 -51 0
21 -30 92 0
9 39 0
15 -18 78 0
-27 -38 42 0
-12 19 -91 0
11 -20 77 0
-65 77 -78 0
57 73 -80 0
8 85 0
45 58 -72 0
33 -72 -86 0
57 -65 67 0
23 31 63 0
57 64 -65 0
-59 87 -90 0
62 87 -88 0
-53 60 -92 0
1 -7 -39 0
-38 79 0
-2 -18 -84 0
14 -24 -58 0
-48 -92 0
-2 43 66 0
16 -32 -69 0
-74 82 0
-36 46 -75 0
13 17 53 0
2 43 -87 0
-65 -86 0
54 80 -83 0
-20 26 -79 0
36 54 64 0
-22 -50 52 0
26 56 89 0
13 62 -64 0
-23 85 0
19 60 -67 0
32 46 -68 0
-30 47 0
-35 52 84 0
-15 20 26 0
8 -36 79 0
13 56 63 0
14 -45 47 0
31 39 91 0
17 26 0
-16 31 48 0
-2 -30 76 0
22 -34 52 0
-27 46 -69 0
5 23 50 0
-21 57 88 0
-38 43 51 0
-33 -38 49 0
13 54 72 0
-5 21 -55 0
-21 -86 0
-20 -72 -75 0
36 -55 -85 0
-5 -32 77 0
6 -69 0
-43 -61 70 0
32 85 -89 0
-15 -20 28 0
3 -17 -77 0
40 50 -72 0
-54 77 0
-57 87 -89 0
-35 -51 -86 0
2 21 -22 0
-37 -45 88 0
-24 83 84 0
28 -62 -63 0
-18 40 -71 0
31 53 -62 0
10 -36 73 0
56 -61 -72 0
2 41 82 0
53 -89 -92 0
7 25 68 0
23 -50 0
-20 22 39 0
40 -82 0
-20 22 40 0
35 56 -65 0
-20 -48 60 0
-3 -8 -21 0
16 71 0
28 38 52 0
1 -37 60 0
-16 41 43 0
7 -80 0
43 -57 75 0
7 -85 90 0
12 -87 91 0
-1 -33 90 0
40 -84 -91 0
34 -39 -83 0
21 -70 81 0
15 -18 -66 0
-2 51 86 0
-15 -18 42 0
5 -28 -65 0
-10 -21 76 0
-32 -42 44 0
-24 -44 -50 0
-10 20 43 0
-5 39 83 0
6 24 35 0
-18 37 -54 0
24 -44 53 0
36 -70 -82 0
17 -35 -79 0
-23 -26 -66 0
50 52 82 0
-19 69 -90 0
-16 -36 77 0
3 -61 -81 0
-54 -64 83 0
-10 30 70 0
-58 71 74 0
70 77 -88 0
23 34 -79 0
-34 -55 -72 0
-12 16 43 0
9 -18 -53 0
4 -24 -81 0
24 50 87 0
8 -14 48 0
-13 46 -75 0
-13 38 -71 0
-13 -81 0
3 -7 91 0
26 -27 -78 0
1 22 -48 0
13 30 76 0
17 -34 -72 0
50 76 -88 0
-14 31 -90 0
13 18 -35 0
6 20 60 0
-10 44 0
-46 -65 0
22 -71 -88 0
-21 -46 74 0
-24 -25 -82 0
-24 -43 -59 0
11 20 -37 0
-35 43 76 0
-7 26 75 0
-15 44 86 0
-3 -27 -72 0
-9 33 49 0
1 20 27 0
-3 18 -62 0
-27 70 -86 0
-1 15 -31 0
14 32 -54 0
1 -31 49 0
-14 20 -25 0
-32 84 0
-36 -47 -53 0
34 37 92 0
-24 -26 -51 0
20 25 57 0
11 -28 67 0
26 -38 67 0
-17 23 -74 0
-11 18 -32 0
-13 -62 89 0
33 47 49 0
-3 -16 -40 0
67 89 0
-65 69 -87 0
1 -5 9 0
17 40 -71 0
35 -60 -64 0
37 86 -89 0
-5 6 16 0
-16 -58 -93 0
-12 -31 82 0
-25 57 -58 0
-2 32 41 0
-27 -63 83 0
31 52 0
6 64 -73 0
-10 27 -90 0
-1 -34 -62 0
12 65 93 0
13 26 0
-56 63 -77 0
-32 60 88 0
-53 74 -88 0
38 50 53 0
13 -23 44 0
22 27 -44 0
-7 56 -80 0
13 76 0
31 41 -82 0
-15 -34 35 0
-38 46 63 0
28 -65 66 0
-22 -38 50 0
-3 -20 59 0
-12 -27 45 0
8 21 25 0
31 59 -91 0
30 34 0
-49 -67 -77 0
-19 -66 0
2 84 -88 0
24 53 -84 0
22 27 -51 0
-8 18 23 0
17 18 -49 0
-5 -29 -38 0
59 81 -88 0
-44 -74 86 0
32 -33 46 0
39 41 -59 0
60 90 91 0
17 25 -82 0
8 -11 -51 0
-29 58 -90 0
12 54 80 0
-57 87 -92 0
26 -82 91 0
34 44 -53 0
5 38 -81 0
7 28 48 0
28 67 -90 0
61 -73 74 0
5 22 -34 0
2 53 79 0
34 -61 77 0
54 -56 -86 0
-20 29 0
12 -13 68 0
13 -16 46 0
17 -59 65 0
29 -45 63 0
-19 82 85 0
-15 67 90 0
-4 -69 79 0
15 -16 45 0
-36 44 -83 0
-36 79 0
-13 -74 -82 0
8 -31 -56 0
10 20 -46 0
2 28 80 0
1 -74 0
-12 15 -19 0
-21 51 88 0
-43 56 -58 0
-11 -35 43 0
-58 66 85 0
8 81 0
33 62 73 0
12 25 44 0
-2 -19 21 0
-39 -43 -50 0
-17 40 -43 0
-17 -40 54 0
-43 49 90 0
44 55 -92 0
1 -31 43 0
30 33 -70 0
4 -80 85 0
-10 45 59 0
-2 -36 72 0
-19 -58 -77 0
22 -37 39 0
21 48 82 0
-5 64 -83 0
7 -10 67 0
-18 -34 43 0
