p cnf 90 339
-7 35 -61 0
9 12 -75 0
-49 -50 -73 0
-1 66 82 0
24 33 -48 0
46 57 77 0
32 87 0
-6 -7 74 0
8 16 -47 0
-6 10 25 0
-20 -26 -85 0
-20 39 -65 0
-42 -60 82 0
8 -24 -60 0
29 61 71 0
22 25 -37 0
24 -25 -89 0
19 -27 -83 0
-2 38 -51 0
28 67 71 0
35 -50 52 0
-11 13 75 0
-1 6 -51 0
-12 -28 -59 0
36 -66 87 0
-23 -42 51 0
29 74 -79 0
6 71 74 0
-34 -42 -58 0
57 77 81 0
9 31 63 0
9 38 -51 0
-64 70 0
-27 64 77 0
22 62 0
6 15 -73 0
-12 54 66 0
-47 -63 -74 0
-17 22 90 0
-15 84 85 0
-30 31 -55 0
28 -32 -89 0
-6 26 45 0
-44 -48 71 0
6 -57 74 0
16 -59 -67 0
-9 -45 -88 0
1 -41 57 0
-4 -57 0
-36 62 -84 0
-3 -7 -84 0
1 62 -81 0
-2 61 -69 0
8 23 -84 0
2 -44 -58 0
46 47 86 0
-7 -45 54 0
-27 45 -90 0
52 -60 82 0
-42 -50 88 0
12 29 -37 0
-11 19 25 0
-13 -62 -87 0
14 -79 89 0
62 87 0
6 -14 0
41 -68 -88 0
-1 -34 -58 0
13 26 75 0
19 -48 -67 0
26 -43 72 0
5 38 54 0
13 49 -63 0
5 -40 43 0
24 -53 -64 0
-33 -52 62 0
2 64 -85 0
10 14 64 0
66 68 -75 0
-2 -5 18 0
6 38 81 0
-25 -32 62 0
-15 -46 -89 0
-36 -70 0
-36 -75 -77 0
-28 -49 -64 0
-1 -7 -23 0
-2 -7 73 0
14 -35 73 0
-58 85 88 0
11 22 0
36 39 69 0
-13 -66 -76 0
-9 32 -81 0
17 -78 -87 0
8 39 75 0
-11 -22 -61 0
67 -81 -88 0
-9 24 0
13 23 63 0
-24 -33 -88 0
23 55 -56 0
21 -33 0
-29 45 -60 0
68 -69 71 0
-5 20 69 0
-16 53 -83 0
-10 28 -73 0
-1 45 54 0
-31 38 -83 0
18 -36 45 0
-5 30 -46 0
53 -68 -88 0
-31 -55 71 0
52 -57 61 0
28 -43 76 0
25 -63 84 0
-35 63 0
-47 -51 69 0
23 76 -81 0
22 -29 60 0
52 71 -82 0
14 -81 89 0
51 -60 78 0
-1 -5 -27 0
-14 -46 48 0
-33 -45 -46 0
18 22 -57 0
-9 79 87 0
-18 -25 -26 0
-9 -17 -25 0
-43 -51 89 0
49 51 0
-13 34 -64 0
-29 -44 0
-36 68 88 0
1 -19 87 0
-14 20 -85 0
-50 82 88 0
-31 50 0
-54 82 0
-42 -54 -85 0
1 -18 74 0
-77 82 83 0
-27 -56 -88 0
-17 21 47 0
43 54 -77 0
-12 -61 -80 0
24 -34 -56 0
-2 31 -34 0
-34 48 69 0
-29 -47 89 0
-14 40 82 0
-28 -66 72 0
-8 21 -90 0
-15 -62 0
30 -79 -86 0
-11 48 0
-18 -60 0
9 76 88 0
-37 -42 75 0
15 -16 -77 0
-11 17 25 0
11 74 -75 0
-12 37 -90 0
-29 -37 -62 0
9 -77 0
-11 17 57 0
20 -71 -79 0
32 -36 -88 0
40 -61 -77 0
-11 -48 -61 0
-38 79 -90 0
-37 -49 84 0
-9 59 81 0
-5 33 -59 0
34 47 -82 0
-48 60 -77 0
34 65 0
24 81 -82 0
19 22 88 0
-10 24 49 0
13 22 51 0
7 68 -84 0
-19 -23 -64 0
-20 35 -68 0
21 26 62 0
7 23 30 0
-34 -59 80 0
43 -82 -88 0
-10 20 -33 0
4 -51 -60 0
-11 -19 41 0
16 22 25 0
1 78 84 0
-29 -51 -65 0
-24 25 -42 0
-2 36 -44 0
-14 -89 0
-21 82 -85 0
30 -39 -62 0
-10 26 -67 0
15 -54 0
-21 -24 -74 0
48 -74 86 0
25 51 62 0
-3 -36 -76 0
-20 21 -59 0
60 65 79 0
-5 64 76 0
-50 -56 62 0
-39 61 -74 0
-32 54 -71 0
-1 77 -81 0
12 26 47 0
10 28 -57 0
26 -61 0
-11 -12 23 0
19 38 39 0
-7 -45 -65 0
19 51 0
3 -31 43 0
-19 -24 -31 0
39 46 58 0
5 12 -85 0
-23 -64 -80 0
-6 11 -51 0
-8 -44 -77 0
9 79 -83 0
59 -68 71 0
-31 -36 -49 0
2 -30 -36 0
8 12 0
6 -13 84 0
-31 -44 80 0
-18 -78 0
-47 -74 -88 0
-18 -47 62 0
20 21 -47 0
21 71 -81 0
11 57 -70 0
-62 65 -85 0
1 -25 48 0
-47 53 82 0
-80 85 0
-70 -88 0
-68 78 0
-13 -40 71 0
3 19 90 0
3 30 36 0
-18 -21 86 0
69 -81 0
36 75 87 0
4 -32 -39 0
-21 81 0
-14 29 81 0
-40 58 66 0
3 -68 73 0
13 37 64 0
22 -31 -33 0
-3 -33 0
-9 12 -57 0
-43 77 80 0
-27 30 40 0
-8 -60 -64 0
3 15 53 0
20 37 -85 0
-3 21 -38 0
41 66 -81 0
-20 -53 86 0
-22 -25 74 0
42 66 80 0
12 25 30 0
-10 -43 75 0
34 38 43 0
-15 -16 89 0
-20 -30 -73 0
6 -34 53 0
-4 -16 -19 0
-2 14 -28 0
32 -58 63 0
-4 86 88 0
19 29 -71 0
-1 -13 -47 0
56 -77 87 0
69 -77 81 0
19 -78 -81 0
22 -28 -30 0
4 -42 85 0
6 -22 0
-82 -85 90 0
-21 74 86 0
-79 -85 0
-20 45 -77 0
8 24 55 0
-76 78 90 0
24 37 -49 0
36 -66 89 0
-10 25 -89 0
-35 67 0
1 13 -42 0
-41 -58 89 0
-17 -56 -83 0
13 36 -65 0
-12 34 -61 0
-32 34 40 0
37 50 -60 0
-74 79 -86 0
5 -59 -88 0
-21 60 -75 0
7 27 -52 0
39 -40 -45 0
44 -60 62 0
-1 31 64 0
41 47 70 0
-1 26 28 0
-14 -46 -90 0
-11 49 -52 0
-11 -38 73 0
-25 -44 65 0
27 29 -72 0
-35 -44 77 0
-38 -65 81 0
-30 58 64 0
-19 -26 86 0
-11 40 88 0
-13 26 -71 0
-34 -73 -77 0
-39 -41 59 0
39 48 54 0
-53 -59 78 0
18 26 -89 0
53 -70 -75 0
44 48 -54 0
-10 57 61 0
-50 64 -87 0
-5 -18 0
-1 28 80 0
44 50 -67 0
