p cnf 83 296
12 82 0
24 -71 0
40 75 -80 0
3 7 36 0
10 18 42 0
46 -58 0
-42 61 -75 0
29 50 0
5 -51 -68 0
-27 40 -76 0
-25 -28 -79 0
12 -17 -26 0
-54 56 74 0
-55 72 0
-56 -60 -66 0
-10 11 -41 0
7 -8 65 0
4 -28 -42 0
36 -58 0
-38 -61 69 0
-12 -57 81 0
27 72 0
-12 -21 47 0
-6 -7 -9 0
-23 -43 82 0
-31 -56 0
-61 -82 0
3 4 32 0
5 -35 -43 0
-50 57 58 0
-70 76 81 0
-68 72 0
39 57 -81 0
-29 40 0
-10 -75 0
-10 -28 -79 0
-6 -72 -73 0
16 31 67 0
49 -73 -75 0
-31 61 0
19 39 60 0
53 63 -77 0
-22 -60 -76 0
40 -56 62 0
-27 -59 0
30 31 -70 0
-13 26 -45 0
-13 -21 -59 0
38 -41 51 0
-18 52 69 0
8 -44 -56 0
-63 83 0
2 14 -60 0
46 -76 0
35 -81 82 0
-7 -48 77 0
20 55 58 0
2 -42 59 0
-42 -68 80 0
6 -14 74 0
-2 -28 -81 0
3 -15 50 0
-52 53 0
-12 -18 48 0
37 72 83 0
-58 65 66 0
6 -83 0
-10 -13 44 0
-35 -66 73 0
12 23 0
-6 -34 -62 0
24 81 0
-51 61 0
-24 48 65 0
42 -46 72 0
3 4 53 0
-38 -49 60 0
16 -53 0
-1 21 -23 0
-17 -41 46 0
-21 24 26 0
25 -31 -54 0
53 59 76 0
2 75 0
22 -47 72 0
29 33 -42 0
-32 64 78 0
30 32 72 0
-22 25 -69 0
-7 75 0
39 -68 69 0
18 45 0
-17 -18 -74 0
-2 -34 40 0
-30 62 -78 0
-10 28 74 0
35 -52 -56 0
-35 -47 -73 0
-24 45 66 0
-21 77 0
50 -69 74 0
-59 60 69 0
-9 -82 0
46 -50 64 0
37 -52 80 0
-4 -12 18 0
40 63 74 0
-16 -17 -63 0
3 -29 0
-5 35 40 0
23 -57 0
9 -63 -79 0
47 -79 0
-21 52 71 0
-3 38 -45 0
-17 52 65 0
27 71 -80 0
22 -47 49 0
-55 71 82 0
-9 -18 0
-23 40 -49 0
16 74 -82 0
69 -71 0
16 73 0
23 48 0
11 -36 56 0
-14 22 45 0
9 16 60 0
-33 62 -71 0
28 37 0
-22 39 53 0
-1 5 57 0
-41 -52 61 0
8 38 -53 0
-66 -76 -82 0
-12 -19 0
17 -33 0
-23 64 82 0
5 36 66 0
39 -53 0
-45 -75 0
14 -20 65 0
-34 44 0
19 50 59 0
-10 -69 78 0
17 -56 -62 0
-13 -14 47 0
49 69 0
40 80 -81 0
-13 -51 -65 0
11 -66 68 0
2 7 -54 0
-10 -15 -81 0
25 -51 0
-5 -10 -48 0
1 28 71 0
41 45 0
-40 -47 -76 0
17 62 0
47 -75 76 0
18 64 0
-20 -31 -70 0
20 -38 65 0
70 -81 0
28 -52 0
32 77 0
-17 34 74 0
26 51 -66 0
-25 -51 58 0
-4 -78 0
27 -58 0
11 -29 51 0
-68 -78 -83 0
2 -76 0
17 -58 -60 0
-58 61 0
-2 -53 -60 0
-7 -40 -62 0
12 33 -75 0
-22 -46 0
-40 -43 -66 0
10 -40 -48 0
-42 64 -72 0
30 -55 -58 0
8 49 57 0
62 -75 -78 0
1 -18 23 0
16 -70 0
-12 57 0
-34 43 0
24 -50 -57 0
-28 60 -66 0
24 66 67 0
-24 44 -67 0
60 62 -68 0
-2 -32 -41 0
-20 30 38 0
-32 47 51 0
17 -30 -83 0
-23 41 -62 0
-24 28 -43 0
-45 71 -77 0
16 -48 49 0
27 47 67 0
-12 -56 78 0
-53 -64 0
1 27 41 0
23 -57 81 0
-15 16 -31 0
43 -46 54 0
-1 -62 0
-68 82 0
-14 -22 48 0
24 30 41 0
-18 53 0
17 -31 -74 0
3 -40 -68 0
13 16 80 0
42 -81 82 0
-55 71 78 0
-36 -41 0
-28 -43 -79 0
-5 6 -82 0
-13 -49 63 0
69 -75 -81 0
-6 -23 -42 0
-43 -70 -72 0
24 33 -47 0
16 21 -72 0
-45 48 -52 0
34 43 -49 0
-3 -70 74 0
17 19 -32 0
8 14 0
-69 73 77 0
-15 17 -56 0
34 -49 -71 0
27 55 0
31 44 -73 0
31 79 0
41 59 0
-3 17 57 0
11 13 82 0
30 -39 40 0
7 42 -82 0
34 39 -62 0
-46 -52 0
5 -77 -81 0
55 -72 0
-21 27 76 0
-17 -57 -74 0
6 -53 62 0
-13 -45 0
1 36 -56 0
-1 9 17 0
-78 79 0
22 51 -79 0
23 -33 -83 0
25 58 0
-25 -60 -68 0
-6 -73 0
-3 76 78 0
30 34 76 0
-26 -55 67 0
11 34 -62 0
30 -48 -56 0
-40 45 0
28 74 0
-4 5 75 0
-19 -31 62 0
-56 -60 -70 0
44 48 0
52 -54 -68 0
-42 -63 65 0
10 25 -48 0
-11 21 -27 0
18 -38 62 0
-38 -46 -59 0
-20 47 51 0
-13 23 -36 0
40 -42 -79 0
17 39 73 0
11 23 0
44 68 0
51 -55 0
15 -32 0
57 80 0
-14 -34 53 0
-34 46 78 0
32 -69 73 0
-22 37 64 0
23 45 -63 0
17 21 -26 0
10 -22 24 0
1 13 -14 0
8 14 0
