p cnf 84 297
33 42 -59 0
22 -57 80 0
8 14 -74 0
46 -60 70 0
-12 17 -29 0
-10 49 59 0
22 -32 44 0
24 30 38 0
-6 -52 64 0
62 64 -82 0
2 20 0
37 82 0
-11 -21 -77 0
-52 54 59 0
28 70 -81 0
5 -30 0
4 -18 -31 0
-8 -44 -49 0
43 -46 0
-25 37 -48 0
-32 -53 56 0
28 -53 -55 0
40 50 -84 0
13 29 -59 0
27 -55 -67 0
27 -47 75 0
-8 11 47 0
-4 19 -48 0
-7 70 -82 0
-56 79 0
24 28 -72 0
-7 16 -50 0
-6 34 76 0
53 55 58 0
46 66 0
21 -32 48 0
14 57 -64 0
18 -46 55 0
56 57 0
-22 50 53 0
-38 -43 49 0
21 30 -84 0
33 50 -68 0
-24 -29 77 0
20 27 34 0
-5 -8 -79 0
-13 72 84 0
5 -25 -57 0
12 25 63 0
-37 58 -65 0
-27 -64 0
5 -15 82 0
-40 51 84 0
-2 17 31 0
25 -28 59 0
2 -12 13 0
3 -14 -41 0
-21 29 34 0
-25 67 0
-9 -56 -61 0
-42 59 78 0
5 33 -49 0
58 -74 0
23 -59 -76 0
-23 69 77 0
-3 -55 72 0
-19 36 -49 0
-24 60 83 0
-22 36 -40 0
-11 19 -29 0
-40 58 0
-12 -50 -61 0
-28 42 -70 0
45 -63 -81 0
-18 -34 -55 0
-11 54 -75 0
-26 31 -51 0
25 35 0
31 77 -79 0
16 -49 0
-11 -15 -83 0
9 45 67 0
-6 11 -77 0
-4 -58 -75 0
-21 55 83 0
40 -45 81 0
6 51 -57 0
-1 -47 -50 0
-22 41 82 0
1 -58 74 0
-52 70 0
-34 -54 56 0
-17 -40 55 0
21 36 -57 0
-23 71 73 0
33 39 -77 0
24 73 77 0
14 -77 0
7 31 -58 0
-9 25 -78 0
-3 16 -59 0
-10 13 -17 0
-46 -82 84 0
32 34 62 0
10 50 66 0
-18 24 39 0
47 -54 -60 0
64 -67 82 0
22 68 73 0
-28 -35 -59 0
16 -63 -68 0
27 -39 -52 0
8 -36 49 0
42 54 60 0
-6 44 69 0
14 -32 66 0
-56 59 72 0
-11 17 0
-7 -15 38 0
29 -45 0
-18 67 0
-22 -73 0
57 60 -63 0
-26 66 0
41 42 59 0
66 -68 -82 0
8 -11 -16 0
-31 -33 -73 0
-2 -23 -28 0
-15 -43 74 0
-4 38 -43 0
45 -80 0
-12 16 -81 0
-31 -37 -84 0
-34 38 -82 0
-1 84 0
-6 50 -58 0
35 -78 0
-21 -26 -56 0
7 10 25 0
-10 49 -71 0
35 -50 74 0
-1 30 33 0
36 -54 -83 0
-6 54 -63 0
22 27 68 0
-25 40 62 0
2 3 60 0
7 45 84 0
-34 -60 79 0
-3 30 -80 0
-4 56 83 0
36 -38 56 0
7 -55 -72 0
-34 55 -57 0
-41 68 84 0
39 48 52 0
-17 31 60 0
-1 25 -57 0
18 26 80 0
10 49 78 0
-4 18 -66 0
16 -25 -40 0
-3 62 71 0
-33 -46 55 0
-2 29 0
4 -16 -24 0
21 -33 65 0
-3 11 32 0
-7 29 32 0
25 -49 59 0
-13 -39 46 0
5 11 -58 0
-2 14 41 0
-9 -28 81 0
16 58 0
-6 -57 84 0
3 -56 64 0
-33 -50 76 0
6 71 0
1 -26 -55 0
-30 37 79 0
-20 45 56 0
34 46 -56 0
-44 -63 0
-33 71 0
-4 37 59 0
2 -63 66 0
-6 19 -83 0
-14 64 81 0
-23 -44 53 0
10 -12 25 0
5 17 67 0
4 48 -70 0
-34 76 0
-3 38 62 0
8 27 45 0
-53 62 -76 0
8 -39 40 0
2 -33 -61 0
-48 56 71 0
17 -56 0
29 -60 72 0
-11 -35 76 0
-7 -63 -71 0
61 -66 0
29 40 63 0
24 -38 42 0
11 -13 31 0
-2 22 64 0
-2 -38 0
-63 -67 0
-24 38 80 0
-12 -67 0
1 -45 76 0
59 74 -78 0
-7 -12 -81 0
-26 67 0
-58 72 0
16 34 -63 0
-3 27 -58 0
-5 10 75 0
14 47 0
11 77 78 0
35 -49 -59 0
33 -77 -79 0
34 -43 -84 0
-29 50 -71 0
-17 -43 0
-12 22 -68 0
11 -26 -60 0
-32 -40 48 0
-17 -44 0
25 -62 69 0
-8 27 -37 0
43 84 0
-38 67 -73 0
3 -7 -66 0
1 29 76 0
32 49 -56 0
10 -42 50 0
45 65 0
25 63 0
5 63 -84 0
-11 56 77 0
12 15 -68 0
-31 64 72 0
8 73 0
-1 52 -60 0
-28 -51 -69 0
-29 59 79 0
16 -35 83 0
-17 -23 0
-1 -65 0
-17 71 0
-33 40 0
-9 18 69 0
-13 -30 41 0
8 -15 0
41 52 71 0
-6 -13 -80 0
11 16 -35 0
11 -26 44 0
-4 -5 -70 0
-10 -29 64 0
-32 34 -78 0
12 -13 53 0
4 -35 -36 0
-31 -79 0
-22 24 0
-31 -71 83 0
-34 78 0
-18 -50 -64 0
-34 -37 0
-3 10 -82 0
-16 -34 -67 0
40 54 55 0
23 -52 0
-16 -50 -67 0
4 47 -79 0
36 62 81 0
7 -60 0
1 9 -82 0
28 41 -42 0
5 -19 0
-5 -9 -43 0
24 37 -77 0
-3 -8 48 0
-6 11 82 0
-30 -68 0
5 55 0
-12 -15 22 0
28 41 67 0
-5 34 48 0
-12 33 71 0
-40 -64 -65 0
-21 30 66 0
