p cnf 95 373
-1 24 76 0
-36 69 94 0
45 46 68 0
-29 43 63 0
-22 27 -90 0
-2 -31 68 0
-28 67 -91 0
-51 53 0
-1 -22 0
-13 -38 -80 0
14 -24 69 0
-32 -78 -88 0
-27 -50 61 0
26 -46 88 0
7 12 -41 0
25 -33 72 0
17 -27 57 0
-16 -73 77 0
47 76 -79 0
1 10 -79 0
-59 -63 71 0
15 -51 -69 0
71 -85 -92 0
13 38 66 0
37 75 77 0
21 -75 0
-31 41 -48 0
-52 71 -77 0
16 -60 67 0
10 -71 -91 0
-31 35 -63 0
-19 41 -95 0
-52 85 95 0
29 -62 -89 0
-26 41 44 0
-19 67 88 0
24 49 -75 0
-5 -30 -67 0
13 -59 81 0
84 -90 92 0
13 -61 63 0
-50 -68 -93 0
49 64 66 0
46 -48 54 0
51 68 90 0
8 39 87 0
26 79 94 0
-57 80 86 0
-5 11 19 0
26 61 68 0
-31 33 55 0
-14 -40 78 0
2 43 -66 0
-3 37 -68 0
6 26 43 0
36 -41 -44 0
12 32 41 0
41 48 66 0
-54 -63 -72 0
-2 8 -69 0
14 -24 72 0
-8 -43 -88 0
1 15 -41 0
-43 -57 -64 0
-3 -77 -84 0
-32 40 -95 0
-50 73 -81 0
-29 67 75 0
11 18 -47 0
30 -36 84 0
-14 32 -61 0
25 34 72 0
-1 2 44 0
61 95 0
-2 -42 -91 0
13 -27 -75 0
-48 65 75 0
20 59 -71 0
-29 -52 0
-13 53 -71 0
-53 69 81 0
-16 -66 -91 0
-11 25 87 0
-16 -44 92 0
1 27 63 0
1 14 63 0
-36 -78 80 0
-14 71 0
1 37 95 0
18 -44 88 0
36 -52 -81 0
-6 13 64 0
-11 -62 -89 0
60 -82 -90 0
-8 10 55 0
33 52 -63 0
4 -34 -84 0
-75 -84 -88 0
-40 -76 93 0
-37 50 58 0
-50 -51 77 0
16 -22 -52 0
-30 -40 -75 0
-35 63 -77 0
-1 -45 -93 0
15 -58 71 0
21 80 93 0
-33 -62 73 0
53 -72 80 0
11 -42 -95 0
45 47 65 0
11 69 89 0
-6 -35 -51 0
15 34 -82 0
19 63 -92 0
32 -52 0
-26 34 53 0
-1 11 66 0
6 44 -72 0
-42 -52 -91 0
-16 40 -95 0
29 -58 -63 0
37 -62 -94 0
55 57 -86 0
27 -59 62 0
-63 -72 76 0
40 87 94 0
54 64 -85 0
14 73 -93 0
44 -79 0
26 -44 77 0
-39 82 -86 0
35 -86 94 0
39 46 55 0
2 15 52 0
-31 33 0
-21 32 -87 0
-12 -15 -47 0
9 58 70 0
-40 53 -70 0
-29 -53 80 0
-1 -46 -47 0
29 46 -65 0
-85 -86 -89 0
31 -52 -83 0
-34 -47 52 0
15 -43 -55 0
-18 -53 -78 0
22 -60 63 0
-56 63 91 0
5 59 95 0
-29 41 -90 0
5 -45 76 0
5 -79 -94 0
17 33 0
57 -59 -86 0
43 65 84 0
-18 -61 -76 0
-12 -28 -87 0
6 -40 -55 0
-57 62 85 0
8 38 70 0
6 8 52 0
-32 74 -91 0
13 -43 67 0
-32 74 77 0
-2 -26 -32 0
-19 -23 48 0
39 -61 70 0
-53 -63 -73 0
-52 70 88 0
-19 -75 84 0
-33 61 72 0
-2 -50 -58 0
20 -30 -37 0
6 -44 -61 0
37 -57 -75 0
59 65 -71 0
-32 -47 -59 0
49 57 81 0
-7 -78 -95 0
-20 -34 -51 0
29 -44 45 0
-3 41 64 0
6 90 94 0
43 -66 -82 0
1 59 -92 0
43 49 94 0
19 32 77 0
-10 91 0
-28 38 -78 0
-36 -72 -73 0
-29 33 -50 0
-7 -10 -20 0
26 57 -84 0
25 58 0
-30 -53 -59 0
-16 33 60 0
-24 -57 -93 0
19 -36 41 0
62 -72 -86 0
39 -68 81 0
-12 -18 57 0
15 21 83 0
3 23 -84 0
4 46 64 0
-72 79 90 0
-3 22 31 0
-9 25 -94 0
-25 66 70 0
14 -44 -78 0
10 34 45 0
-13 16 55 0
8 9 37 0
-11 25 39 0
8 -21 22 0
48 77 79 0
-8 -10 30 0
-76 87 -94 0
-64 81 -93 0
-3 -26 36 0
-23 38 0
-8 -36 54 0
-66 -81 0
-27 -28 71 0
5 11 72 0
36 -50 -75 0
-1 -2 93 0
4 29 91 0
17 -49 83 0
13 68 0
-16 -43 71 0
-25 69 87 0
-48 77 -82 0
35 77 87 0
-18 -44 -85 0
3 -5 38 0
-53 61 -82 0
40 59 69 0
59 94 95 0
29 33 63 0
17 34 -39 0
37 -49 61 0
5 66 0
19 25 -57 0
-19 -62 69 0
25 -47 -75 0
16 77 0
-26 35 -49 0
58 -68 -80 0
-40 71 -94 0
-26 28 0
22 -50 -92 0
5 54 87 0
-28 54 0
21 -26 59 0
-3 -76 -95 0
21 43 -79 0
-15 -66 -76 0
8 -56 -93 0
13 -22 -27 0
-2 -35 -67 0
15 41 62 0
24 32 -46 0
57 87 0
8 9 -91 0
5 -31 -68 0
3 -44 46 0
77 88 95 0
-7 29 84 0
16 -50 -77 0
-5 -39 -78 0
-28 38 -80 0
-32 -60 -71 0
-31 66 -82 0
-28 -70 92 0
-11 51 68 0
43 -62 69 0
-9 29 -34 0
72 92 0
-38 54 -59 0
39 64 -66 0
-17 66 -79 0
-10 12 45 0
-5 47 -66 0
16 24 -43 0
5 -23 25 0
32 -85 -89 0
16 24 62 0
-16 -20 -42 0
-40 -58 -63 0
9 -11 -93 0
26 40 91 0
-6 -19 63 0
-38 -63 91 0
-41 66 72 0
29 -57 -77 0
9 -72 -75 0
17 59 -79 0
18 -26 -52 0
7 -22 -50 0
10 -21 -38 0
-25 -93 94 0
-27 -51 -58 0
-4 -17 0
20 -33 90 0
37 76 0
30 67 93 0
-16 -32 -79 0
-33 54 73 0
42 73 90 0
35 -53 0
-20 39 -88 0
36 56 86 0
-31 34 36 0
-28 55 -88 0
-27 -69 75 0
-11 26 47 0
13 55 0
54 -65 76 0
42 55 69 0
36 61 -82 0
1 -65 -72 0
-27 -36 -86 0
1 -13 -94 0
-26 30 -58 0
-6 22 -57 0
15 -32 63 0
-3 19 -95 0
-82 85 0
21 33 -70 0
34 -43 57 0
27 84 91 0
-12 -64 90 0
11 -19 -75 0
-34 83 89 0
-44 -65 95 0
57 -63 -79 0
-41 45 -74 0
26 47 49 0
-1 -57 75 0
5 37 -61 0
2 53 68 0
-38 64 67 0
30 -78 -79 0
-2 -41 -63 0
10 -33 0
16 -72 0
40 64 76 0
-16 40 -62 0
-13 29 31 0
-12 18 71 0
-15 -41 -48 0
-29 61 70 0
8 -40 -51 0
-3 54 83 0
-24 -69 75 0
-57 76 84 0
7 -59 -95 0
-34 -58 -61 0
-26 30 46 0
-35 78 87 0
-1 15 -73 0
-9 14 -31 0
27 -47 73 0
10 37 63 0
-51 -64 -93 0
21 58 -69 0
5 63 -91 0
-11 58 -68 0
-3 -50 93 0
-26 32 -83 0
-37 39 44 0
