p cnf 90 342
55 -56 -59 0
-32 46 47 0
-17 -25 -76 0
26 -69 -78 0
-18 -21 76 0
-5 61 0
19 -51 72 0
51 62 -73 0
-23 50 -71 0
48 -59 77 0
11 52 -68 0
23 34 -64 0
-64 73 -85 0
4 10 -47 0
-1 20 -43 0
58 72 -83 0
14 -26 -44 0
-17 -22 -83 0
-6 74 75 0
-28 -31 -44 0
-30 55 72 0
2 -72 -82 0
-60 -83 -87 0
-4 45 89 0
13 22 -84 0
-35 41 -68 0
-1 -38 82 0
1 -32 75 0
6 10 16 0
-15 21 40 0
-51 72 78 0
5 74 77 0
-26 78 -87 0
13 -48 0
-33 41 -90 0
10 -15 -43 0
10 -12 0
-2 -35 56 0
4 39 64 0
-20 -74 -82 0
8 -47 -48 0
-51 -69 89 0
-17 -79 90 0
7 12 -15 0
5 7 -86 0
-23 -46 88 0
6 -9 45 0
37 -50 0
12 -79 0
-41 60 -77 0
-39 -56 74 0
24 -34 46 0
1 4 -62 0
-41 -52 -79 0
12 33 -34 0
7 -38 -63 0
-22 48 -56 0
1 86 0
48 -64 -68 0
13 -73 0
35 -68 -83 0
-4 -22 84 0
22 69 -77 0
18 65 66 0
-45 55 -73 0
-33 -61 68 0
-42 -53 77 0
40 -65 -77 0
2 10 62 0
26 34 83 0
-15 60 -71 0
-17 31 -56 0
-6 -19 54 0
-83 -86 0
-10 16 33 0
10 -43 -53 0
25 -52 77 0
-7 -36 -50 0
46 -68 -88 0
9 11 23 0
-63 78 0
-18 28 42 0
-16 -58 60 0
26 42 0
7 -22 52 0
29 -39 62 0
6 26 -57 0
39 -79 0
24 79 87 0
54 56 62 0
44 -81 -87 0
16 45 0
29 47 67 0
-5 -20 28 0
9 42 -52 0
12 -28 -57 0
5 -48 65 0
-11 17 40 0
-38 43 68 0
53 -81 85 0
-29 66 -73 0
-35 -36 58 0
31 54 -76 0
35 -42 -86 0
-38 74 76 0
30 37 -38 0
-5 -46 50 0
36 -59 -65 0
-24 51 83 0
-10 49 81 0
13 33 37 0
5 -71 90 0
-23 -24 71 0
29 -66 78 0
-25 -36 0
34 49 56 0
-13 -26 -51 0
21 44 81 0
15 46 80 0
-13 44 56 0
-2 55 85 0
-15 18 -44 0
56 -69 70 0
-41 -61 70 0
-13 35 0
-34 75 -82 0
3 25 88 0
-11 12 -21 0
-4 -58 62 0
18 37 0
-32 62 -65 0
-6 7 -11 0
9 -32 76 0
-53 72 -80 0
-5 -13 -85 0
5 -38 46 0
19 78 -83 0
9 -59 -60 0
6 65 0
-25 82 -86 0
18 29 84 0
-33 58 90 0
43 70 -72 0
18 -22 -43 0
-34 37 -64 0
56 77 81 0
-64 -78 87 0
-24 30 46 0
-1 25 48 0
14 17 86 0
6 -46 -70 0
24 47 77 0
-14 -26 -84 0
-10 13 54 0
-25 -49 79 0
-35 39 49 0
19 26 82 0
3 50 -89 0
-23 -29 0
-51 -61 -83 0
6 34 -70 0
19 -52 88 0
15 29 77 0
3 25 -43 0
29 -56 -74 0
-11 52 64 0
-4 11 79 0
23 26 56 0
-35 -49 75 0
81 83 -89 0
-44 -69 86 0
-19 -33 -43 0
-14 32 -44 0
53 -68 80 0
-41 -74 -84 0
41 49 54 0
11 46 -69 0
5 -49 -65 0
35 -42 -77 0
24 76 0
-13 55 84 0
32 -79 -83 0
4 -11 -39 0
7 -45 64 0
5 19 69 0
40 -75 -86 0
-11 40 -56 0
9 -17 -75 0
34 44 -62 0
14 56 60 0
-30 72 0
-62 -88 -90 0
16 -32 75 0
21 28 0
-28 -59 85 0
-2 -53 0
24 -27 55 0
40 -84 -88 0
3 36 -37 0
-11 -49 -64 0
-44 83 -87 0
17 -47 74 0
25 43 -73 0
-52 -70 0
-32 65 -75 0
2 4 -37 0
5 -65 -82 0
-77 -86 0
-44 45 76 0
77 -83 0
58 68 71 0
14 -25 -29 0
-3 -4 37 0
30 49 53 0
8 31 0
-44 72 -83 0
-1 62 78 0
-20 -22 78 0
56 69 -77 0
18 35 40 0
29 -35 -67 0
-14 -40 -83 0
27 -43 69 0
14 -32 78 0
2 48 0
27 35 63 0
7 -41 -50 0
12 -77 88 0
10 63 78 0
19 -21 -76 0
18 -72 90 0
-4 -10 87 0
24 42 -45 0
-3 66 -85 0
6 50 0
27 -65 75 0
39 75 79 0
66 -72 0
-6 31 -90 0
64 -68 -70 0
-47 53 58 0
7 60 -74 0
36 -59 0
-37 56 0
11 79 88 0
-14 26 70 0
10 65 0
40 70 -87 0
-23 -27 -48 0
-11 33 -54 0
32 88 89 0
1 55 70 0
-37 -50 84 0
44 57 82 0
38 57 -58 0
-4 -9 54 0
56 -70 -78 0
20 -40 -52 0
-27 -73 77 0
1 21 0
-7 -40 0
-3 -24 51 0
-13 29 -52 0
-24 -44 46 0
-10 -60 63 0
16 31 76 0
-5 28 -74 0
-53 74 -80 0
22 -34 81 0
22 -58 -63 0
1 9 20 0
-40 59 -86 0
-34 79 0
-22 71 -81 0
-30 -52 -60 0
15 32 85 0
24 -66 0
-34 47 -57 0
44 48 78 0
-50 -52 -71 0
12 -74 79 0
1 82 83 0
-24 34 90 0
1 -35 -51 0
1 66 76 0
-25 -42 65 0
36 70 82 0
38 53 -64 0
10 81 83 0
-31 -49 65 0
15 -24 -75 0
-5 -9 46 0
29 54 73 0
44 65 69 0
-15 -73 -80 0
-54 55 -79 0
1 -12 -39 0
-7 -62 79 0
4 -26 -81 0
-41 -60 -76 0
12 -32 -82 0
-51 85 0
-38 53 -86 0
-2 42 -70 0
36 41 90 0
41 -52 -66 0
4 -13 25 0
-20 -25 34 0
16 -41 -52 0
3 17 39 0
-2 -5 80 0
48 -62 76 0
-16 -58 -88 0
-36 37 86 0
-23 -86 -87 0
14 -82 89 0
27 36 -39 0
1 62 -85 0
10 32 87 0
57 58 -84 0
44 -65 73 0
-72 86 0
-24 -35 -79 0
10 -13 -45 0
-45 56 -90 0
-42 -47 73 0
3 43 72 0
-1 7 -83 0
6 55 0
24 41 53 0
31 -39 57 0
-10 15 67 0
-39 50 -64 0
34 58 -61 0
-53 -57 -83 0
48 60 78 0
-26 41 -46 0
12 68 -87 0
-4 53 59 0
-16 56 -69 0
37 46 57 0
28 31 53 0
