p cnf 80 280
32 -67 73 0
-36 47 58 0
-39 -42 -48 0
-10 54 57 0
33 -39 49 0
-31 -68 -72 0
35 -48 79 0
-3 54 0
30 78 0
-6 24 45 0
-15 -22 24 0
-47 -70 0
-15 -27 0
16 77 -79 0
-10 14 -32 0
3 25 -73 0
6 -17 -23 0
-22 39 -51 0
3 10 -13 0
7 26 41 0
-15 -22 0
14 25 -46 0
35 -62 65 0
4 -72 -77 0
25 -34 60 0
-41 64 0
16 25 31 0
32 47 62 0
26 51 0
-2 51 65 0
-19 -47 -80 0
-32 -52 -55 0
3 -31 54 0
-17 53 72 0
-44 49 56 0
-5 26 28 0
-34 50 0
-4 35 -56 0
16 70 77 0
4 17 0
3 6 -53 0
21 61 65 0
-4 -39 65 0
35 64 0
-3 5 44 0
-67 -69 0
2 6 41 0
-24 31 66 0
-29 36 -68 0
-22 -47 0
-15 -30 0
-48 -69 0
-14 -63 -75 0
5 -26 -48 0
22 -29 -64 0
-27 39 -65 0
-6 -11 -14 0
-18 -22 0
-9 38 67 0
16 19 -50 0
17 -72 -74 0
14 76 78 0
-13 -49 -66 0
-41 -58 0
9 -19 -75 0
-11 34 -67 0
10 50 60 0
-31 -34 -54 0
2 37 58 0
31 -47 -55 0
-14 -19 37 0
49 -59 -74 0
25 40 65 0
-10 -67 -73 0
35 -40 0
4 -32 0
-48 64 0
40 -57 -61 0
-52 65 76 0
38 58 0
-30 -73 -80 0
18 27 0
-17 -19 -49 0
-19 -36 67 0
13 -19 0
22 57 67 0
29 34 -40 0
-10 38 -60 0
-44 -62 -65 0
18 44 68 0
19 -47 0
2 30 48 0
-9 13 -58 0
-7 -62 67 0
-60 -76 0
5 22 -66 0
8 64 0
-10 -13 34 0
20 -33 76 0
10 47 -78 0
5 14 65 0
4 48 62 0
2 -50 0
21 58 0
-11 -51 -75 0
-24 59 -69 0
29 -43 67 0
13 -36 53 0
14 -18 -71 0
-2 35 40 0
-9 42 0
-9 -16 61 0
46 49 51 0
8 22 71 0
-58 72 77 0
12 21 24 0
-6 -48 0
7 36 72 0
1 23 -24 0
8 34 68 0
17 47 -58 0
26 58 0
-33 -65 0
25 44 53 0
-38 -51 69 0
33 37 -53 0
3 -63 65 0
-2 16 -79 0
-26 -39 -41 0
-11 -48 -60 0
-4 -11 -59 0
-40 -65 0
-9 -23 27 0
-14 -24 0
-12 44 -58 0
-47 -70 0
42 77 0
-38 -62 -79 0
-65 66 0
25 -32 -53 0
46 -78 0
-6 -16 24 0
-28 34 -44 0
2 25 -39 0
-19 -78 0
-23 -67 68 0
-52 63 -65 0
-64 77 0
2 -40 -68 0
3 72 0
-16 31 0
-46 -51 -71 0
-4 58 -59 0
9 -20 0
-42 -51 69 0
-41 -65 0
-1 28 70 0
67 79 0
-10 14 62 0
42 -46 0
-44 60 0
-19 -57 77 0
-3 -11 65 0
7 -9 -25 0
-6 35 -59 0
24 45 -73 0
-5 40 -58 0
22 57 -77 0
-3 50 -73 0
24 -61 63 0
-36 -62 -70 0
56 -59 0
1 17 18 0
46 50 65 0
19 -42 57 0
-16 35 0
15 24 0
14 -40 68 0
-7 50 0
-5 -9 -51 0
-31 71 0
-44 -50 52 0
-2 -28 -45 0
15 -37 0
27 57 73 0
58 -61 0
-73 75 0
18 -41 59 0
-7 -10 67 0
30 56 69 0
22 -27 66 0
4 28 -33 0
48 -49 -55 0
-26 71 80 0
10 -77 0
-3 -32 -46 0
-10 -29 68 0
-16 57 67 0
-10 -53 67 0
-22 39 49 0
-16 59 76 0
24 35 -50 0
-2 39 55 0
-49 -69 -76 0
-32 -41 0
32 39 0
3 -56 77 0
-29 42 76 0
-29 -33 -46 0
10 -71 0
19 -56 -58 0
18 -68 72 0
1 -57 -62 0
22 62 0
23 26 44 0
-59 -71 76 0
-11 76 0
-26 42 -63 0
-37 -62 0
13 34 58 0
-44 -64 65 0
20 -50 63 0
-69 70 0
-18 24 0
-62 75 0
11 -63 -66 0
45 64 78 0
-15 23 75 0
21 65 73 0
-48 -49 -73 0
-18 -31 41 0
-31 -56 0
16 23 46 0
-33 49 -59 0
56 -77 -80 0
24 29 66 0
-15 39 -55 0
-61 72 0
42 -77 0
5 -12 26 0
6 40 46 0
38 55 75 0
-15 -56 0
34 59 0
24 -44 0
-3 -13 27 0
-4 -59 0
26 -28 73 0
11 15 -30 0
21 35 -62 0
-1 56 -60 0
11 -16 66 0
22 51 0
-13 -21 0
23 -55 -58 0
52 76 0
2 -16 58 0
-40 71 74 0
-33 -55 0
12 31 -40 0
13 -20 27 0
-42 -60 79 0
-14 -17 29 0
24 -35 80 0
68 78 0
40 -54 59 0
20 41 69 0
-47 -75 80 0
7 -18 -50 0
-51 57 -64 0
-36 71 -80 0
-8 -11 -45 0
5 9 -61 0
1 3 -72 0
-3 10 0
2 -65 0
-29 48 59 0
-7 -29 56 0
26 -32 -40 0
-11 -43 49 0
