p cnf 86 308
13 85 0
25 -74 0
40 78 -83 0
3 7 36 0
11 19 42 0
47 -60 0
-42 63 -78 0
10 29 51 0
5 -53 -71 0
-28 40 -79 0
-26 -82 0
13 -18 -27 0
-56 58 77 0
-58 -62 -69 0
-11 12 -41 0
7 -8 67 0
4 -42 0
10 68 -82 0
36 -60 0
-38 -63 72 0
-13 -59 84 0
28 75 0
-13 -22 48 0
-6 -7 -9 0
-24 -43 85 0
-31 -58 0
-63 -85 0
3 4 32 0
5 -35 -43 0
-51 59 60 0
-73 79 84 0
-71 75 0
39 59 -84 0
-29 40 0
-52 -59 85 0
-11 -82 0
-6 -75 -76 0
17 31 70 0
50 -76 -78 0
-31 63 0
20 39 62 0
55 65 -80 0
-23 -62 -79 0
40 -58 64 0
-28 -61 0
30 31 -73 0
-14 27 -45 0
-14 -22 -61 0
38 -41 53 0
-19 54 72 0
8 -44 -58 0
2 15 -62 0
47 -79 0
35 -84 85 0
-7 -49 80 0
21 57 60 0
2 -42 61 0
-42 -71 83 0
6 -15 77 0
-2 -84 0
3 -16 51 0
-54 55 0
-13 -19 49 0
37 75 86 0
-60 67 69 0
6 -86 0
-11 -14 44 0
-35 -69 76 0
13 24 0
-6 -34 -64 0
25 84 0
-53 63 0
-25 49 67 0
42 -47 75 0
3 4 55 0
-38 -50 62 0
-5 28 0
17 -55 0
-1 22 -24 0
-18 -41 47 0
-22 25 27 0
26 -31 -56 0
55 61 79 0
-10 13 -38 0
2 78 0
23 -48 75 0
29 33 -42 0
-32 66 81 0
30 32 75 0
-23 26 -72 0
-7 78 0
39 -71 72 0
19 45 0
-10 -59 -75 0
-18 -19 -77 0
49 -72 0
-2 -34 40 0
-30 64 -81 0
35 -54 -58 0
-35 -48 -76 0
-25 45 69 0
-22 80 0
51 -72 77 0
-61 62 72 0
-9 10 -85 0
47 -51 66 0
37 -54 83 0
-4 -13 19 0
40 65 77 0
-17 -18 -65 0
-5 35 40 0
24 -59 0
9 -65 -82 0
48 -68 -82 0
-22 54 74 0
-3 38 -45 0
-18 54 67 0
28 74 -83 0
23 -48 50 0
-57 74 85 0
-9 -19 0
-9 27 -46 0
-24 40 -50 0
17 77 -85 0
72 -74 0
17 76 0
24 49 0
12 -36 58 0
-15 23 45 0
9 17 62 0
-33 64 -74 0
-23 39 55 0
-1 5 59 0
-41 -54 63 0
8 38 -55 0
5 -66 0
-69 -79 -85 0
-13 -20 0
18 -33 0
-24 66 85 0
5 36 69 0
39 -55 0
-45 -78 0
15 -21 67 0
-34 44 0
20 51 61 0
-11 -72 81 0
18 -58 -64 0
-14 -15 48 0
50 72 0
-10 13 -36 0
40 83 -84 0
-43 65 0
-14 -53 -67 0
12 -69 71 0
2 7 -56 0
-11 -16 -84 0
26 52 -53 0
-5 -11 -49 0
41 45 0
-40 -48 -79 0
18 46 64 0
48 -78 79 0
19 66 0
-21 -31 -73 0
21 -38 67 0
73 -84 0
10 32 80 0
-18 34 77 0
27 53 -69 0
-26 -53 60 0
-4 -81 0
10 28 -60 0
12 -29 53 0
-71 -81 -86 0
2 -79 0
18 -60 -62 0
-60 63 -68 0
-2 -55 -62 0
-7 -40 -64 0
13 33 -78 0
-23 -47 0
-40 -43 -69 0
11 -40 -49 0
-42 66 -75 0
30 -57 -60 0
8 50 59 0
64 -78 -81 0
1 -19 24 0
17 -68 -73 0
-13 46 59 0
-34 43 46 0
25 -51 -59 0
62 -69 0
25 69 70 0
-25 44 -70 0
62 64 -71 0
-2 -32 -41 0
-21 30 38 0
-32 48 53 0
18 -30 -86 0
-24 41 -64 0
-45 74 -80 0
17 -49 50 0
28 48 70 0
-13 -58 81 0
-55 -66 0
1 28 41 0
24 -59 84 0
-16 17 -31 0
43 -47 56 0
-52 -74 0
-1 -64 0
52 -71 85 0
42 -46 -58 0
-15 -23 49 0
25 30 41 0
-19 55 0
18 -31 -77 0
3 -40 -71 0
14 17 83 0
42 -84 85 0
-57 74 81 0
-36 -41 52 0
-25 33 -46 0
32 -52 -82 0
-43 -82 0
-5 6 -85 0
-14 -50 65 0
1 -54 68 0
72 -78 -84 0
-6 -24 -42 0
45 -46 52 0
-43 -73 -75 0
25 33 -48 0
17 22 -75 0
-45 49 -54 0
34 43 -50 0
-39 -52 -63 0
-3 -73 77 0
10 -51 0
18 20 -32 0
8 15 46 0
-72 76 80 0
-16 18 -58 0
34 -50 -74 0
28 57 0
31 44 -76 0
31 82 0
41 61 0
-3 18 59 0
12 14 85 0
30 -39 40 0
7 42 -85 0
34 39 -64 0
-47 -54 0
5 -80 -84 0
16 -82 0
57 -75 0
-22 28 79 0
-18 -59 -77 0
6 -55 64 0
-14 -45 0
1 36 -58 0
-1 9 18 0
-81 82 0
23 53 -82 0
24 -33 -86 0
26 60 0
-26 -62 -71 0
-6 52 -76 0
-3 79 81 0
30 34 79 0
-27 -57 70 0
12 34 -64 0
30 -49 -58 0
-40 45 0
-4 5 78 0
-20 -31 64 0
-58 -62 -73 0
44 46 49 0
54 -56 -71 0
-42 -65 67 0
11 26 -49 0
-12 22 -28 0
19 -38 64 0
-38 -47 -61 0
-21 48 53 0
-14 24 -36 0
40 -42 -82 0
18 39 76 0
12 24 0
44 71 0
53 -57 0
16 -32 0
59 83 0
-15 -34 55 0
-10 -40 -82 0
-34 47 81 0
32 -72 76 0
-23 37 66 0
24 45 -65 0
18 22 -27 0
11 -23 25 0
45 -46 51 0
1 14 -15 0
-44 68 0
8 15 0
