p cnf 93 359
-2 71 90 0
-35 72 -76 0
-1 -2 6 0
42 43 -79 0
11 49 -81 0
29 -34 80 0
17 58 77 0
42 -66 -68 0
-12 -32 42 0
13 26 -44 0
-6 -22 81 0
67 74 92 0
-6 -21 72 0
-12 57 -59 0
-4 -29 -88 0
-20 61 62 0
16 -37 -78 0
10 -54 -87 0
-16 -31 68 0
-7 10 70 0
27 -52 57 0
-34 54 78 0
23 -36 -45 0
-25 -46 52 0
-6 54 70 0
9 80 -90 0
-51 57 83 0
-43 -68 -93 0
-4 30 -78 0
-39 -72 -73 0
-62 65 -89 0
-5 -45 85 0
-21 31 -56 0
-67 70 -75 0
-3 60 71 0
11 -24 88 0
39 -47 -88 0
-3 -72 -93 0
6 -22 42 0
-13 -19 41 0
-5 -39 0
-6 -44 88 0
-7 16 -65 0
-38 57 60 0
-16 39 -60 0
-34 -53 -72 0
-8 -20 -62 0
22 -24 -32 0
23 -29 -87 0
70 88 89 0
-30 -58 89 0
-19 -25 -65 0
-9 -22 -54 0
-19 70 0
29 -31 -55 0
21 -39 0
-27 56 65 0
-26 33 77 0
41 49 -82 0
3 -8 44 0
-1 -6 -69 0
83 88 0
-8 -19 -58 0
35 71 -83 0
19 34 -92 0
-27 -79 0
21 -41 -56 0
24 -32 -76 0
1 -3 82 0
8 23 -85 0
8 -19 -71 0
3 -46 -60 0
10 -16 40 0
-44 -56 -81 0
-11 -80 0
-8 53 0
10 64 78 0
37 40 69 0
-4 65 0
-2 -13 50 0
31 35 -71 0
10 -45 66 0
-7 60 -84 0
-45 -70 -71 0
43 -55 -69 0
37 51 92 0
8 75 -90 0
-27 35 -65 0
17 -30 -65 0
-1 -4 21 0
-36 90 -91 0
65 78 89 0
5 39 0
8 -55 -64 0
-22 -41 84 0
-6 9 79 0
-44 -88 0
8 -16 50 0
-22 28 89 0
4 -6 -46 0
2 10 42 0
1 7 -47 0
50 55 56 0
-1 -65 72 0
-58 -64 84 0
8 35 -80 0
-71 87 0
33 -62 -90 0
7 37 -88 0
-24 -74 -92 0
-1 -61 65 0
-7 -23 -42 0
-21 42 -76 0
-15 -16 -32 0
-16 24 -52 0
-35 -74 86 0
53 63 76 0
27 35 -81 0
39 -41 0
14 50 -55 0
-26 -72 -74 0
28 -46 -56 0
10 13 25 0
3 16 -26 0
-9 -45 76 0
56 71 92 0
-3 61 90 0
-7 -27 76 0
35 -53 92 0
4 8 -57 0
-32 -36 -89 0
-4 66 0
-44 -91 0
18 85 87 0
16 -21 0
-3 15 0
16 -75 79 0
-49 -60 79 0
10 -15 -17 0
3 16 82 0
14 65 78 0
28 42 -91 0
6 20 -49 0
8 44 -88 0
41 -72 -83 0
16 -54 -83 0
-2 13 45 0
15 42 -83 0
-65 -76 -82 0
-5 -11 36 0
-24 35 47 0
4 -27 -61 0
-34 -57 69 0
49 -64 76 0
-5 -49 -51 0
20 43 -84 0
-4 36 65 0
40 46 51 0
14 59 -78 0
-52 -84 0
31 44 -64 0
-40 -74 93 0
8 56 0
-20 -26 62 0
10 -33 -39 0
-23 -25 26 0
3 -20 -47 0
29 34 -53 0
-1 3 6 0
-32 65 0
-1 -53 86 0
-18 80 0
-49 -65 -89 0
-21 52 58 0
74 -75 81 0
58 62 79 0
-41 -65 -71 0
-40 67 73 0
-30 -63 0
-30 86 -92 0
5 -67 -71 0
-4 19 22 0
56 57 -77 0
50 -57 -75 0
-9 -13 -82 0
20 -21 54 0
-6 -92 0
41 78 -81 0
52 -53 68 0
24 57 -74 0
17 46 63 0
22 -75 85 0
-39 44 -80 0
-10 -12 -60 0
-25 -52 67 0
32 52 68 0
36 -49 -84 0
41 80 92 0
-2 -49 -58 0
19 -50 -85 0
-3 7 90 0
1 42 -43 0
3 81 -93 0
26 -39 86 0
-29 91 92 0
12 -25 89 0
46 -68 -78 0
48 58 -66 0
-4 35 -71 0
4 -47 -85 0
-19 74 -91 0
45 63 -70 0
-33 72 88 0
-30 -36 -50 0
9 21 -59 0
-12 30 83 0
1 10 -55 0
7 37 -67 0
-7 34 -50 0
27 42 73 0
-21 -42 0
-22 -23 77 0
16 -27 31 0
-10 63 88 0
52 64 68 0
-10 20 -64 0
11 33 -66 0
-38 -58 -78 0
-35 -54 71 0
56 -83 -87 0
55 -58 78 0
42 90 -93 0
44 84 -90 0
22 85 0
36 40 53 0
-37 41 0
-42 56 78 0
30 -41 70 0
-26 67 71 0
-6 63 -64 0
8 29 -67 0
27 73 79 0
-1 -31 -35 0
10 52 -81 0
-26 -66 0
24 57 83 0
-49 -76 -77 0
-44 47 69 0
21 -65 85 0
36 -52 59 0
19 36 -91 0
-36 51 84 0
-30 -74 82 0
-6 7 -50 0
-8 53 -80 0
-17 -28 -38 0
28 64 -73 0
51 66 -90 0
35 85 -90 0
30 -85 93 0
-22 61 -78 0
22 34 -82 0
19 -36 -60 0
-23 34 -43 0
20 57 72 0
-7 -45 -74 0
5 -13 63 0
4 20 -81 0
28 57 -74 0
41 -54 66 0
-46 76 81 0
17 -43 -76 0
-3 53 0
-14 62 73 0
-35 38 63 0
-11 33 -88 0
1 18 -32 0
18 -46 -50 0
17 -24 -89 0
-20 -33 -45 0
15 26 -89 0
-2 50 -54 0
-32 -39 78 0
-4 22 56 0
-3 -47 -48 0
24 68 83 0
42 -63 -93 0
-46 52 -73 0
-17 42 78 0
54 58 93 0
10 -56 -93 0
-7 11 33 0
-10 -40 54 0
-39 -56 -64 0
-26 -33 56 0
12 36 83 0
74 85 -93 0
-11 -12 -84 0
30 37 78 0
29 55 58 0
2 35 91 0
26 78 87 0
-30 44 -66 0
82 -93 0
-15 -54 55 0
14 69 -72 0
25 39 -93 0
23 -26 38 0
13 16 -74 0
-3 35 53 0
-11 -36 38 0
-10 -16 53 0
-10 29 49 0
-43 -49 -72 0
20 23 31 0
-30 -33 -35 0
-56 -78 -80 0
46 87 -90 0
-13 74 0
-22 56 -79 0
-68 84 88 0
-14 -52 -75 0
-4 -19 31 0
25 45 77 0
5 37 67 0
12 -65 75 0
-5 -27 55 0
7 -20 -88 0
-36 -70 83 0
-1 77 78 0
15 83 93 0
34 -48 -77 0
7 52 -69 0
43 74 86 0
46 -75 -83 0
6 -12 0
4 28 -81 0
26 -46 80 0
17 36 83 0
-23 43 70 0
49 66 79 0
-3 10 -27 0
16 88 0
-39 44 50 0
30 83 85 0
59 68 79 0
-6 -20 0
-8 28 30 0
-8 19 -29 0
-9 -63 88 0
26 -48 86 0
38 79 -87 0
11 53 85 0
42 -74 86 0
-9 -60 76 0
-2 10 -72 0
4 -32 -52 0
36 45 0
-24 49 -77 0
