p cnf 91 354
-22 56 61 0
-47 -80 0
-38 81 84 0
29 -52 -66 0
-66 80 -85 0
-24 -31 -47 0
11 -65 82 0
12 -14 58 0
-67 85 0
12 43 -72 0
-6 -70 -76 0
43 -48 58 0
3 42 -61 0
8 -53 69 0
-23 -63 0
2 67 -75 0
12 -29 55 0
-3 -53 -81 0
71 -84 0
43 49 78 0
-48 -55 -74 0
13 -28 80 0
-1 -77 -78 0
-28 85 -88 0
9 -64 72 0
15 -30 40 0
55 63 -91 0
9 21 46 0
11 32 -69 0
4 -31 -47 0
8 34 44 0
-26 -72 83 0
2 -17 -48 0
-19 -25 46 0
15 49 -81 0
-5 13 -14 0
26 -30 -80 0
20 -66 -68 0
7 -40 -68 0
-12 -13 -89 0
-22 -59 0
-10 -64 -73 0
39 75 81 0
-5 -55 -62 0
48 50 63 0
33 -55 -56 0
-17 -63 76 0
-21 37 54 0
-24 62 91 0
-6 17 -83 0
-20 47 -64 0
-29 63 -79 0
1 10 -36 0
9 -17 61 0
4 54 65 0
-1 -19 -70 0
-20 -39 -68 0
-55 74 0
-1 88 90 0
-7 -10 -36 0
-9 31 32 0
72 -73 0
40 -67 87 0
-3 6 18 0
-12 60 -68 0
-16 -37 39 0
22 83 84 0
65 -66 -79 0
5 -33 85 0
6 58 -83 0
47 54 -67 0
27 -34 -84 0
-10 22 -58 0
4 14 23 0
4 -33 -59 0
50 -78 84 0
6 20 -65 0
46 73 -85 0
-49 61 85 0
5 -71 79 0
-2 -34 -86 0
35 -38 -91 0
21 24 33 0
11 27 52 0
-18 75 84 0
-10 -39 -57 0
2 14 63 0
-33 64 74 0
-18 -39 45 0
4 24 34 0
-49 77 -90 0
62 -63 -80 0
16 19 -77 0
-62 -64 0
7 34 -59 0
12 71 -84 0
-9 20 56 0
21 52 -68 0
-40 62 -81 0
6 23 55 0
44 -74 81 0
-56 -91 0
-7 -15 -89 0
-10 34 -42 0
12 31 59 0
-16 71 -76 0
9 67 82 0
6 -31 60 0
-21 -26 79 0
10 -21 88 0
23 64 0
43 -66 0
23 -40 73 0
30 39 67 0
-47 -68 74 0
21 -28 -37 0
-48 50 -63 0
-42 -78 83 0
-2 49 -84 0
-23 34 0
71 -82 -84 0
14 -21 50 0
-25 -28 74 0
-2 -54 89 0
9 -78 -83 0
4 40 -52 0
-17 51 -79 0
12 -21 67 0
66 -74 0
-16 41 64 0
11 20 -73 0
10 33 -55 0
21 -42 74 0
2 26 -62 0
3 -58 0
26 -68 -70 0
22 -86 0
-74 84 88 0
-13 48 86 0
14 -28 -76 0
10 -19 -69 0
31 -75 86 0
2 8 86 0
34 -59 84 0
-18 -19 -29 0
-12 17 -89 0
-3 59 0
-6 -31 -50 0
20 -58 87 0
-24 43 -68 0
-22 52 90 0
-10 28 82 0
30 44 -47 0
-6 -74 -88 0
57 -60 65 0
-5 64 66 0
-22 -36 47 0
15 43 62 0
2 -50 0
23 -50 88 0
-19 22 -89 0
40 67 0
-45 84 -90 0
11 -46 -66 0
16 -37 49 0
44 56 89 0
-14 48 -66 0
4 -40 53 0
12 -26 40 0
5 16 -22 0
-29 59 -91 0
-27 77 86 0
-32 59 65 0
-43 83 -87 0
22 -86 0
12 -75 -76 0
-28 -53 -84 0
45 -83 84 0
-8 22 -89 0
1 18 -29 0
-13 72 -86 0
-8 -32 66 0
-20 -28 67 0
-51 -57 -80 0
-19 -52 81 0
-9 56 0
22 56 0
1 -7 69 0
-35 -41 75 0
-39 -51 81 0
-67 -69 72 0
17 38 -67 0
4 29 -81 0
10 -63 91 0
6 -87 0
24 -65 0
22 50 72 0
12 34 -55 0
-10 45 -85 0
3 -24 -26 0
-7 9 -71 0
-16 -26 -32 0
-53 -88 91 0
-33 -50 -77 0
10 -27 54 0
-28 35 -38 0
-2 16 23 0
7 -14 -86 0
55 57 90 0
12 17 -89 0
7 35 0
20 -39 82 0
16 -46 -50 0
-29 -49 -85 0
2 -11 -83 0
79 -84 91 0
-19 61 -87 0
30 -65 84 0
-37 82 88 0
-10 -33 39 0
59 -72 -74 0
37 -44 -46 0
7 -42 -79 0
37 -64 87 0
32 -51 52 0
-3 26 31 0
-13 46 -64 0
11 30 0
26 75 -83 0
21 -48 -83 0
-8 -49 -85 0
33 59 -63 0
-2 33 90 0
-31 64 66 0
-33 59 -79 0
-55 78 -90 0
-18 64 -82 0
67 -69 0
36 -78 0
-40 -86 0
8 -28 -35 0
-5 30 42 0
-12 62 -80 0
24 27 58 0
-19 -30 65 0
31 -34 68 0
19 -57 0
-34 -38 46 0
15 -25 -55 0
48 86 0
2 7 37 0
-33 42 -54 0
25 60 -73 0
37 -73 -87 0
-14 20 -84 0
45 -47 71 0
-5 -36 -51 0
-31 54 -70 0
42 72 91 0
-1 -40 -73 0
-45 -53 -91 0
-27 46 69 0
1 76 -83 0
5 -7 29 0
-49 -66 -67 0
-39 -80 -83 0
7 -52 -69 0
7 45 67 0
22 27 50 0
-28 -43 56 0
18 37 56 0
-20 23 -55 0
41 -77 91 0
19 21 87 0
58 -73 -77 0
12 -86 -87 0
47 -83 0
-13 -21 -45 0
-3 41 84 0
37 -71 0
9 -22 -73 0
-15 73 0
10 -35 -83 0
-40 -46 84 0
-37 63 77 0
-3 6 -9 0
-9 -16 24 0
-3 29 58 0
-22 -33 68 0
-36 54 -90 0
-6 -20 0
-33 45 87 0
-6 17 0
-22 -33 0
32 58 89 0
7 -22 -56 0
24 -46 0
6 9 59 0
-14 -48 53 0
3 71 -85 0
5 -80 -82 0
-10 11 -75 0
53 62 -91 0
-3 -34 -55 0
32 -34 60 0
12 -51 -64 0
56 70 83 0
58 -66 -81 0
26 -44 47 0
39 64 -75 0
-79 -80 -87 0
30 32 33 0
-42 -44 -52 0
11 52 0
52 -64 0
46 52 -63 0
15 48 -61 0
-26 53 -83 0
26 -42 -49 0
-2 -61 82 0
-82 -84 0
52 59 0
14 -15 -18 0
14 -41 -67 0
-26 -72 -80 0
-15 -55 87 0
46 53 -87 0
10 50 0
-32 -34 -88 0
57 70 76 0
-2 37 91 0
14 27 51 0
-17 39 84 0
-2 -81 0
1 -45 -85 0
5 7 -24 0
-47 61 -81 0
18 -27 29 0
6 -16 33 0
-22 60 -65 0
-4 40 -49 0
1 -60 61 0
-10 55 69 0
-13 33 75 0
26 -59 63 0
-1 4 21 0
-11 23 -58 0
-4 7 -38 0
-2 -51 -68 0
7 21 -64 0
9 43 -82 0
48 -58 -75 0
-3 33 -64 0
24 63 0
