p cnf 76 272
-22 -46 0
20 -40 -47 0
-13 -40 -51 0
9 46 65 0
24 -46 0
10 -76 0
6 10 22 0
6 -29 0
-19 26 42 0
-44 -70 0
-16 37 -64 0
-23 -45 -47 0
23 37 39 0
19 21 -63 0
32 73 -75 0
4 55 68 0
-46 -73 76 0
30 -70 0
-32 -76 0
-30 46 0
-55 63 73 0
-5 27 0
-21 -34 58 0
4 65 72 0
-31 59 76 0
-42 52 0
-20 37 73 0
-64 68 -71 0
1 -16 0
1 -56 -74 0
-20 -47 50 0
-2 -5 70 0
-9 -10 -71 0
14 -23 -70 0
-1 13 -38 0
-3 42 68 0
4 -14 34 0
-43 52 55 0
-2 -27 66 0
-7 30 0
45 63 68 0
-32 -49 56 0
-17 -34 51 0
-15 23 -39 0
-9 43 0
-6 21 -46 0
-5 26 -70 0
-35 -49 -60 0
3 -61 0
-35 -40 -51 0
23 54 0
53 61 0
-15 18 69 0
-73 75 0
-6 9 57 0
22 -30 -48 0
26 34 48 0
35 -56 -57 0
-19 59 76 0
-19 -33 -56 0
-18 -58 0
-43 -51 -60 0
-1 -38 -52 0
11 -17 -21 0
-22 46 52 0
22 46 0
-11 29 -76 0
30 73 0
12 -30 -66 0
-22 34 -65 0
-20 45 0
-9 31 -59 0
14 31 0
6 -17 0
37 -64 -68 0
-26 -53 -70 0
-12 20 38 0
45 -70 0
-12 74 0
46 56 0
-42 -55 0
-28 63 75 0
-3 -9 -39 0
-50 62 66 0
6 -21 -53 0
-15 -76 0
-10 -40 41 0
-25 74 0
-15 17 41 0
15 -39 76 0
5 26 -51 0
-21 52 -69 0
1 -17 -25 0
-3 26 35 0
16 24 38 0
24 66 -68 0
-18 39 41 0
-17 -65 0
-14 -21 35 0
23 29 -52 0
-29 -40 59 0
55 76 0
26 76 0
-33 -69 0
26 -57 62 0
22 36 -66 0
6 -44 74 0
27 -35 -38 0
9 -21 26 0
-10 18 -72 0
-18 -41 0
-15 -19 0
19 48 -62 0
-13 74 0
8 32 -65 0
-37 -40 65 0
19 46 -66 0
4 6 12 0
24 -63 76 0
1 23 75 0
38 56 -60 0
-11 65 70 0
-49 76 0
9 -30 75 0
16 48 0
-6 -67 0
34 -59 75 0
2 -54 60 0
26 -55 0
-12 -24 -58 0
20 -58 -67 0
17 21 57 0
-15 -22 0
8 62 0
-38 43 -71 0
-13 -50 0
-7 11 38 0
-8 -51 -57 0
-11 55 62 0
53 -76 0
-22 42 -68 0
23 -49 66 0
21 -37 -58 0
-15 -23 -39 0
2 -63 -65 0
-11 27 -30 0
33 62 0
-45 70 73 0
-28 -33 47 0
-1 63 -65 0
-16 -35 -39 0
-58 62 0
-7 -39 -59 0
-23 39 -62 0
-42 53 70 0
24 -27 -63 0
-17 23 -26 0
24 34 0
33 52 59 0
-33 -53 -57 0
9 -60 -71 0
-3 21 66 0
-4 40 -43 0
22 46 -76 0
8 -9 0
-17 24 0
10 56 -69 0
41 52 0
-7 21 22 0
-1 -60 -67 0
-54 -64 76 0
-39 -53 0
6 -8 13 0
-32 55 57 0
1 -12 60 0
-13 53 65 0
-4 25 0
-7 -22 75 0
14 52 -75 0
60 -66 -68 0
11 -25 -27 0
-38 -69 72 0
-23 67 68 0
-12 36 63 0
-13 54 -75 0
-42 -62 0
39 -43 72 0
-4 29 44 0
-6 63 0
17 41 52 0
5 59 -63 0
-23 46 76 0
-1 26 0
-13 -37 53 0
-8 55 0
-64 74 0
19 45 66 0
42 52 61 0
8 69 0
-47 73 0
-4 -32 0
1 68 0
-60 -68 0
21 -52 -68 0
36 -49 0
-30 -35 38 0
40 44 49 0
-1 -10 -58 0
-8 17 55 0
-27 28 -48 0
-40 -58 -62 0
6 -49 70 0
4 34 -49 0
11 -70 0
-26 -27 50 0
40 53 -73 0
-25 56 0
7 -49 0
-32 59 -62 0
26 37 -68 0
-2 48 51 0
-9 32 -39 0
-54 55 -76 0
10 -53 0
15 37 -51 0
-3 -4 0
10 -21 -24 0
32 59 0
-9 15 -73 0
-22 72 0
-5 10 -41 0
16 -56 -66 0
-23 43 65 0
11 42 65 0
-24 48 -53 0
-64 -75 0
42 -54 58 0
3 67 72 0
6 35 -36 0
2 -35 -43 0
-18 40 -43 0
-6 -50 -66 0
-6 -13 -50 0
-25 -53 0
19 60 -75 0
-10 -46 75 0
30 -39 41 0
-25 65 -70 0
-60 72 0
-7 17 -74 0
20 37 0
14 -47 63 0
9 -48 -74 0
8 -27 51 0
2 15 0
6 62 0
-1 -72 0
-15 56 -63 0
59 -65 0
49 -65 68 0
1 -19 52 0
54 69 0
1 37 0
32 -51 0
17 -69 0
-26 50 -74 0
-45 54 58 0
-15 36 37 0
22 -28 -68 0
10 -12 -65 0
-37 -61 68 0
36 -54 -64 0
