p cnf 82 292
-8 -13 39 0
-21 -78 81 0
-10 -27 30 0
57 61 77 0
18 23 -60 0
-34 56 0
19 29 -32 0
6 -18 72 0
31 61 0
-46 47 -55 0
12 -22 61 0
-14 -30 76 0
10 -21 -50 0
9 24 55 0
-15 -62 68 0
9 -27 78 0
-28 -39 -44 0
1 -33 0
5 -76 0
-40 -75 79 0
9 51 59 0
-15 -60 65 0
62 -74 80 0
14 16 21 0
-7 -60 0
-38 48 -55 0
-25 -58 0
-19 -58 0
-22 46 48 0
14 44 -49 0
-58 63 65 0
7 -43 57 0
21 -41 64 0
40 48 -65 0
21 -27 69 0
16 24 -44 0
-8 -17 76 0
-16 60 78 0
-3 -29 0
-21 -29 0
-1 26 66 0
37 69 0
-41 56 0
18 56 65 0
8 -40 -78 0
-55 -61 -77 0
44 -68 0
44 -54 67 0
11 34 78 0
12 -15 -30 0
41 -43 -56 0
-11 67 79 0
22 74 75 0
40 -76 0
-44 -62 0
28 -39 61 0
18 20 -52 0
36 -46 -78 0
-34 71 81 0
19 -56 0
-24 -79 0
-38 45 0
-14 -52 75 0
24 -29 -41 0
-6 44 -63 0
-50 -57 -79 0
-11 14 36 0
-64 -78 0
5 34 60 0
-11 80 0
-23 65 0
-9 -60 0
-1 53 78 0
-23 -68 71 0
17 -38 -43 0
26 29 -71 0
-20 25 -27 0
-8 -62 67 0
-6 -50 -78 0
13 20 -21 0
34 37 0
25 38 -76 0
-11 73 0
63 65 -66 0
21 -49 0
-18 -35 0
-19 -34 41 0
-13 29 30 0
15 -49 72 0
-11 59 -74 0
-26 68 0
-12 13 14 0
26 -44 -53 0
23 27 -46 0
-11 76 -79 0
-1 -60 -79 0
-36 69 77 0
-22 -69 0
9 -32 0
13 51 74 0
39 59 0
23 -40 56 0
18 30 33 0
-47 71 0
-27 -69 0
-29 -33 73 0
10 19 -35 0
-10 -15 21 0
-69 75 76 0
-35 40 55 0
-57 79 0
20 -70 71 0
4 10 62 0
-6 -50 -73 0
15 26 46 0
6 18 -56 0
20 -35 39 0
-59 68 76 0
-6 18 58 0
17 56 0
14 35 -58 0
42 -44 0
-3 43 -51 0
37 62 79 0
20 -27 0
23 -53 61 0
-4 39 0
14 36 57 0
30 45 50 0
30 -52 -61 0
21 47 0
15 31 -50 0
17 -46 55 0
-5 -17 46 0
-21 34 -70 0
-20 -33 70 0
57 -63 -74 0
-4 46 -55 0
-1 -12 35 0
-27 43 -60 0
-15 -31 -50 0
-15 63 -80 0
-7 -18 0
16 -34 65 0
61 -65 0
-34 43 -57 0
9 40 -67 0
-14 43 -67 0
-3 -63 68 0
16 38 0
11 -21 0
39 -42 0
6 15 -80 0
52 -55 78 0
38 43 -45 0
-29 54 0
-7 -29 73 0
-12 47 -67 0
34 -52 0
23 54 0
-73 -79 0
57 -75 -77 0
19 -27 0
54 -60 78 0
-23 -47 -51 0
49 59 0
19 -45 72 0
-37 -47 -63 0
40 -68 72 0
24 -68 -77 0
28 -40 -63 0
-8 -53 -56 0
12 -40 -65 0
-43 74 0
-9 78 0
46 67 0
-18 32 -51 0
-2 30 58 0
1 20 66 0
-20 34 60 0
-25 -32 0
3 -7 17 0
-23 -60 0
-62 71 0
-19 -62 0
24 -68 77 0
12 -43 -74 0
-10 -39 53 0
-33 52 77 0
15 -79 0
-13 -37 -63 0
-60 77 0
22 -57 -70 0
25 -30 -74 0
39 -48 -68 0
44 50 0
51 65 0
4 16 -21 0
26 -65 0
13 -37 58 0
-22 -74 -78 0
73 77 79 0
-35 62 -80 0
-1 8 61 0
73 81 0
12 53 -74 0
-54 71 0
29 -38 41 0
18 -80 0
57 -68 -71 0
2 -20 0
-11 50 0
-7 31 -75 0
55 -59 64 0
3 49 -76 0
38 77 79 0
5 18 -38 0
-18 62 0
-18 64 71 0
38 55 58 0
-4 -55 63 0
5 -15 56 0
35 -80 0
-54 61 0
42 -60 -78 0
-12 17 81 0
-14 66 75 0
31 -61 -79 0
-1 20 54 0
44 50 -82 0
-54 -59 78 0
7 8 63 0
-9 19 -58 0
37 51 60 0
18 -24 70 0
36 38 0
-39 -73 79 0
60 78 0
47 71 0
-17 -32 0
-39 -48 0
13 -34 36 0
-21 25 63 0
-19 -25 0
2 59 -75 0
25 -43 -79 0
56 -74 -75 0
-31 -35 58 0
-11 36 -51 0
39 45 81 0
-5 14 -52 0
16 26 -63 0
8 -49 72 0
23 29 60 0
20 -41 -77 0
24 -57 0
-18 -25 -42 0
-39 41 0
6 61 81 0
-15 -42 -77 0
-1 7 49 0
12 54 79 0
29 -68 -70 0
-9 -41 -81 0
7 62 0
-37 -77 82 0
-33 68 74 0
10 22 64 0
-6 -25 77 0
15 -19 48 0
-27 29 -31 0
1 43 -47 0
40 -62 -64 0
12 59 -80 0
-26 -27 0
-45 49 -78 0
-15 -58 -65 0
-7 -64 -82 0
-50 53 -57 0
-62 69 -80 0
12 14 49 0
-18 -43 -44 0
56 75 0
23 -62 -71 0
18 -19 39 0
53 57 -80 0
-4 64 -78 0
6 21 -41 0
-6 -38 -74 0
-4 39 74 0
6 -45 80 0
-15 36 55 0
