p cnf 90 328
-22 40 -59 0
-22 -50 80 0
30 32 60 0
-17 -23 -42 0
-2 -39 87 0
-34 -46 83 0
-9 56 0
-43 -53 -55 0
9 -26 54 0
-6 -11 -19 0
27 30 38 0
-29 -79 87 0
20 46 90 0
1 19 -58 0
26 34 52 0
12 75 87 0
-1 -8 23 0
-33 47 -65 0
14 -67 72 0
14 -84 86 0
-4 15 -24 0
62 -65 84 0
41 53 -75 0
11 45 -82 0
-18 -33 -54 0
-46 -74 81 0
-1 33 -38 0
-3 -27 -39 0
23 -42 0
-10 -28 45 0
-12 -39 -55 0
4 43 -58 0
-40 -48 -60 0
37 -77 90 0
20 81 83 0
-4 -70 -71 0
6 34 57 0
-20 38 -74 0
-7 73 0
-21 66 0
-19 25 -59 0
13 -22 0
-42 52 57 0
9 53 70 0
-12 -39 63 0
8 76 0
-22 -39 -70 0
29 -88 -90 0
-41 43 -65 0
31 -72 -84 0
-5 -53 -76 0
29 68 70 0
-48 79 88 0
-26 -27 -55 0
40 -62 81 0
-13 -28 -52 0
18 74 0
34 56 73 0
13 -14 -69 0
13 18 44 0
-17 -73 79 0
12 -70 0
52 -65 0
26 -51 53 0
-17 37 0
-61 -72 0
-5 -42 55 0
-18 29 53 0
-24 -42 -86 0
9 46 -59 0
27 85 0
2 -7 -27 0
21 -65 -87 0
21 53 -72 0
-3 -24 53 0
2 25 -74 0
-20 75 -78 0
-10 74 -85 0
-44 64 -76 0
-23 -77 0
-30 49 -66 0
3 48 63 0
-33 -45 0
-9 -30 74 0
24 -56 -65 0
13 -32 0
-2 -6 -70 0
-5 -43 51 0
10 -48 -75 0
-1 52 -66 0
38 41 -81 0
23 -74 -81 0
29 38 84 0
-18 -59 0
-21 -40 65 0
-66 72 0
12 -57 87 0
1 -52 84 0
17 -31 -90 0
2 81 86 0
30 -42 -69 0
-18 27 0
-57 81 87 0
-15 29 73 0
24 30 86 0
-8 -13 -48 0
-34 -36 45 0
-38 52 84 0
-55 62 63 0
45 -46 -51 0
73 -88 0
-23 -69 85 0
63 66 87 0
-22 32 -51 0
-21 44 0
-70 -77 83 0
27 -42 -56 0
6 -38 42 0
-7 -10 -64 0
-1 14 -88 0
45 46 67 0
32 41 -49 0
30 -65 79 0
-15 19 -53 0
-16 64 -65 0
-4 65 87 0
-20 -34 0
11 -16 -67 0
6 15 -53 0
2 28 85 0
16 -21 80 0
9 -18 63 0
-18 23 -36 0
44 -69 0
-34 69 -80 0
46 -51 64 0
-3 -38 -86 0
6 21 58 0
32 -78 88 0
-27 -47 88 0
12 16 -44 0
59 62 90 0
55 64 0
14 -36 -39 0
4 -54 0
8 68 0
-17 -65 -80 0
33 -47 -52 0
32 -53 -68 0
24 31 -59 0
14 -54 67 0
17 -28 52 0
24 40 83 0
33 43 -76 0
10 31 -80 0
-4 -7 0
13 65 -68 0
-22 -55 62 0
20 65 0
3 20 75 0
37 56 62 0
-37 -74 0
-16 -68 89 0
-7 -11 20 0
3 -7 57 0
26 -72 -75 0
6 -83 -90 0
6 -69 80 0
4 62 78 0
-8 38 72 0
-35 -69 -75 0
-5 -57 -86 0
16 -22 48 0
1 53 81 0
5 14 -37 0
-22 -32 -84 0
-22 77 0
-23 73 0
-60 77 -89 0
-53 -76 0
24 -25 -49 0
10 -20 0
-28 66 -88 0
-16 -72 0
-11 20 -65 0
-5 51 63 0
-49 51 -86 0
31 -63 81 0
1 -18 -71 0
-11 42 0
34 -46 51 0
-2 -26 -77 0
11 -18 -66 0
22 42 45 0
33 -42 -57 0
27 -39 -74 0
-6 50 -78 0
3 45 56 0
-45 -61 -87 0
4 71 -88 0
-19 -44 79 0
-6 20 55 0
-38 -56 -71 0
-24 -44 56 0
-1 23 -81 0
8 19 42 0
-55 -64 0
14 25 89 0
54 83 0
-1 42 71 0
21 34 -50 0
-6 -30 83 0
-23 46 90 0
29 -57 66 0
-29 -49 -71 0
-15 46 0
12 -17 54 0
-9 31 -68 0
8 -39 -53 0
48 72 88 0
-40 66 77 0
14 -30 -42 0
21 25 -64 0
-20 48 68 0
-14 33 50 0
24 59 74 0
45 80 -82 0
25 -40 83 0
-48 56 -59 0
6 40 88 0
10 -57 -87 0
-12 42 88 0
18 -70 -73 0
45 -48 80 0
19 70 86 0
29 -52 -56 0
-3 61 -80 0
-19 -22 0
15 -54 85 0
-8 10 74 0
-9 -32 -78 0
-11 -51 61 0
13 18 -73 0
60 80 0
-53 -57 0
-19 -21 -33 0
-15 40 85 0
-6 -43 -53 0
3 33 80 0
59 60 -70 0
-9 -55 -80 0
45 86 0
19 -21 27 0
7 -21 -68 0
-21 58 74 0
-9 16 -43 0
-31 44 58 0
-11 -19 50 0
-36 -74 -76 0
24 -80 84 0
-15 53 0
-20 -43 -58 0
-4 -34 57 0
-43 -48 -64 0
19 -53 66 0
10 -66 -71 0
-9 -38 42 0
16 56 0
14 -23 65 0
31 40 -85 0
15 23 55 0
61 -83 87 0
-47 54 89 0
80 87 -88 0
-18 28 -88 0
64 86 -90 0
2 -11 -30 0
59 -60 82 0
15 -57 -65 0
24 32 44 0
12 77 90 0
-5 -11 -20 0
32 49 -73 0
-27 -55 0
14 -41 -43 0
25 -40 87 0
-1 -16 31 0
-15 -64 -83 0
-50 -60 -72 0
-18 -51 53 0
-1 -54 74 0
31 38 59 0
3 -20 53 0
21 -28 -64 0
-23 -64 87 0
10 -51 53 0
42 47 -51 0
-69 -71 0
24 -76 78 0
2 52 -61 0
61 -71 -84 0
-34 -39 0
10 44 -65 0
-35 50 61 0
19 -27 -81 0
-21 -47 -70 0
28 32 57 0
-20 -63 84 0
-51 70 -90 0
39 -69 77 0
37 54 58 0
18 -75 82 0
-19 28 62 0
53 64 72 0
-5 75 -90 0
-7 39 -83 0
44 -69 70 0
-20 -54 79 0
7 -13 45 0
-32 -55 -82 0
16 -17 -30 0
-4 10 18 0
-34 75 84 0
-30 -37 71 0
-2 -33 48 0
-52 -82 0
17 -19 82 0
-7 13 -75 0
