p cnf 72 229
24 -26 0
-18 22 0
-13 40 53 0
18 -28 43 0
-36 70 0
8 40 -67 0
-14 -35 -65 0
33 51 -59 0
56 71 72 0
15 -56 59 0
-14 51 -58 0
2 33 43 0
55 64 0
7 -16 21 0
-26 -32 53 0
-16 -57 63 0
8 -54 0
8 51 -61 0
28 51 -56 0
33 35 -63 0
8 -31 41 0
20 59 -66 0
-22 -55 -62 0
14 52 0
-10 68 0
6 -37 0
-47 -49 0
6 10 0
-13 22 -34 0
-1 -10 -20 0
27 -63 0
1 -47 68 0
-8 45 -68 0
36 -43 -66 0
-3 18 -22 0
-35 -53 0
9 16 59 0
9 -20 -64 0
-19 -66 0
-44 51 0
-37 51 64 0
-17 30 60 0
-29 32 42 0
42 66 0
-42 -48 -54 0
36 46 54 0
40 -43 0
24 -31 -68 0
-31 -38 44 0
28 60 -69 0
3 -14 72 0
12 21 0
4 -16 -37 0
14 -58 -70 0
14 -25 -35 0
10 33 51 0
-10 -45 -59 0
38 72 0
15 -51 0
3 -11 23 0
15 -56 -70 0
-51 -69 70 0
24 -48 0
-52 69 0
23 25 65 0
13 57 -61 0
-21 -28 0
-9 -18 40 0
-21 -29 41 0
-17 37 -51 0
27 61 -67 0
15 32 34 0
7 10 -29 0
10 -15 31 0
10 -14 19 0
46 -56 0
-25 -29 -53 0
-20 26 47 0
-5 50 55 0
-10 54 -59 0
-21 -33 -37 0
-34 -37 58 0
2 -52 72 0
-31 35 0
27 43 50 0
-20 40 -52 0
-2 -10 -67 0
-7 33 44 0
-31 -39 -70 0
22 -52 0
-27 64 0
37 51 -52 0
-15 -19 70 0
7 42 0
-34 -37 -66 0
-3 59 72 0
-16 55 68 0
31 -43 44 0
34 36 -38 0
-10 -12 0
-23 71 0
-16 -18 42 0
5 -57 61 0
-26 -59 -70 0
-14 -28 46 0
16 -26 0
10 -36 0
40 -55 58 0
26 39 -62 0
36 -48 -69 0
-9 50 0
7 20 0
-24 42 -65 0
-15 57 -63 0
-7 49 69 0
2 -19 68 0
-16 23 0
9 -18 31 0
-34 48 -59 0
-6 17 -22 0
6 -22 56 0
-33 42 0
14 -38 43 0
-49 51 0
6 -41 0
-25 32 60 0
38 65 0
45 -50 -60 0
-33 59 0
4 68 0
12 19 45 0
-13 -59 70 0
30 -47 54 0
14 33 0
-18 -65 71 0
-4 37 38 0
-5 -17 20 0
34 -36 0
-15 -16 -30 0
-54 67 0
-52 62 0
-9 27 -67 0
-27 -44 0
-3 -22 -53 0
5 13 43 0
12 -61 0
-2 -9 0
6 -28 68 0
3 49 0
-2 -5 -39 0
-20 39 0
-38 -50 0
-9 49 0
26 -51 71 0
-8 -27 55 0
-11 26 -35 0
-15 25 0
-32 -35 67 0
33 45 0
-13 -54 0
8 55 -63 0
21 29 59 0
-9 -32 -72 0
16 22 41 0
1 -33 -56 0
-8 -21 -59 0
-49 58 0
3 -24 0
36 49 -61 0
7 37 67 0
-27 -52 -68 0
-8 -23 66 0
2 72 0
24 45 -65 0
-17 -28 0
8 16 -23 0
-4 -27 36 0
10 -60 0
2 -5 -61 0
-9 -20 -23 0
8 -42 -70 0
-8 17 -21 0
33 -47 0
-11 31 -42 0
-21 -28 0
28 33 -42 0
-9 -40 0
25 -33 35 0
34 -65 0
45 72 0
-28 -44 -67 0
58 -60 0
9 -11 25 0
-20 -43 62 0
38 62 0
-8 19 0
-1 -34 48 0
-34 -59 -63 0
36 39 72 0
-33 -55 -69 0
8 69 0
12 -58 0
19 -44 0
-2 40 -42 0
25 -50 -54 0
2 -21 0
-4 -37 70 0
-5 -48 0
-17 45 51 0
15 -28 43 0
-10 -58 63 0
-7 -10 31 0
-33 40 69 0
10 20 -55 0
17 53 -68 0
2 -71 0
-41 -49 0
35 -60 -65 0
14 47 0
41 -45 63 0
-15 16 -62 0
-8 60 -68 0
24 -30 -50 0
-4 -15 22 0
-8 -54 66 0
48 -57 -64 0
-13 67 0
13 51 0
32 -46 0
