p cnf 84 314
9 12 -70 0
-47 -48 -68 0
-1 62 0
24 32 -46 0
44 54 72 0
31 81 0
-6 -7 69 0
8 16 -45 0
-6 10 25 0
-20 -26 -79 0
-20 37 -61 0
-40 -57 0
8 -24 -57 0
28 58 66 0
22 25 -35 0
24 -25 -83 0
-2 36 -49 0
-11 13 70 0
-1 6 -49 0
-12 -27 -56 0
34 -62 81 0
-23 -40 49 0
28 69 -74 0
6 66 69 0
-33 -40 -55 0
54 72 76 0
9 36 -49 0
-60 65 0
22 59 0
6 15 -68 0
-12 62 0
-45 -69 0
-17 22 84 0
-15 78 79 0
-29 30 -52 0
27 -31 -83 0
-6 26 43 0
-42 -46 66 0
6 -54 69 0
16 -56 0
-9 -43 -82 0
1 -39 54 0
-4 -54 0
-34 59 -78 0
-3 -7 -78 0
1 59 -76 0
-2 58 -64 0
8 23 -78 0
2 -42 -55 0
44 45 80 0
-7 -43 0
50 -57 0
-40 -48 82 0
12 28 -35 0
-11 19 25 0
-13 -59 -81 0
14 -74 83 0
59 81 0
6 -14 0
39 -63 -82 0
-1 -33 -55 0
13 26 70 0
19 -46 0
26 -41 67 0
5 36 0
13 47 0
5 -38 41 0
24 -51 -60 0
-32 -50 59 0
2 60 -79 0
10 14 60 0
62 63 -70 0
-2 -5 18 0
6 36 76 0
-25 -31 59 0
-15 -44 -83 0
-34 -65 0
-34 -70 -72 0
-27 -47 -60 0
-1 -7 -23 0
-2 -7 68 0
14 68 0
-55 79 82 0
11 22 0
34 37 64 0
-13 -62 -71 0
-9 31 -76 0
17 -73 -81 0
8 37 70 0
-11 -22 -58 0
-9 24 0
-24 -32 -82 0
23 52 -53 0
21 -32 0
-28 43 -57 0
63 -64 66 0
-5 20 64 0
-16 51 -77 0
-10 27 -68 0
-1 43 0
-30 36 -77 0
18 -34 43 0
-5 29 -44 0
51 -63 -82 0
-30 -52 66 0
50 -54 58 0
27 -41 71 0
25 78 0
-45 -49 64 0
23 71 -76 0
22 -28 57 0
14 -76 83 0
49 -57 73 0
-14 -44 46 0
-32 -43 -44 0
18 22 -54 0
-9 74 81 0
-18 -25 -26 0
-9 -17 -25 0
-41 -49 83 0
47 49 0
-13 33 -60 0
-28 -42 0
-34 63 82 0
1 -19 81 0
-14 20 -79 0
-48 82 0
-30 48 0
1 -18 69 0
-72 77 0
-17 21 45 0
41 -72 0
-12 -58 -75 0
24 -33 -53 0
-2 30 -33 0
-33 46 64 0
-28 -45 83 0
-14 38 0
-27 -62 67 0
-8 21 -84 0
-15 -59 0
29 -74 -80 0
-11 46 0
-18 -57 0
9 71 82 0
-35 -40 70 0
15 -16 -72 0
-11 17 25 0
11 69 -70 0
-12 35 -84 0
-28 -35 -59 0
9 -72 0
-11 17 54 0
20 -66 -74 0
31 -34 -82 0
38 -58 -72 0
-11 -46 -58 0
-36 74 -84 0
-35 -47 78 0
-9 56 76 0
-5 32 -56 0
-46 57 -72 0
33 61 0
19 22 82 0
-10 24 47 0
13 22 49 0
7 63 -78 0
-19 -23 -60 0
21 26 59 0
7 23 29 0
-33 -56 75 0
-10 20 -32 0
4 -49 -57 0
-11 -19 39 0
16 22 25 0
1 73 78 0
-28 -49 -61 0
-24 25 -40 0
-2 34 -42 0
-14 -83 0
-21 -79 0
29 -37 -59 0
-10 26 0
-21 -24 -69 0
46 -69 80 0
25 49 59 0
-3 -34 -71 0
-20 21 -56 0
57 61 74 0
-5 60 71 0
-48 -53 59 0
-37 58 -69 0
-31 -66 0
-1 72 -76 0
12 26 45 0
10 27 -54 0
26 -58 0
-11 -12 23 0
19 36 37 0
-7 -43 -61 0
19 49 0
3 -30 41 0
-19 -24 -30 0
37 44 55 0
5 12 -79 0
-23 -60 -75 0
-6 11 -49 0
-8 -42 -72 0
9 74 -77 0
56 -63 66 0
-30 -34 -47 0
2 -29 -34 0
8 12 0
6 -13 78 0
-30 -42 75 0
-18 -73 0
-45 -69 -82 0
-18 -45 59 0
20 21 -45 0
21 66 -76 0
11 54 -65 0
-59 61 -79 0
1 -25 46 0
-45 51 0
-75 79 0
-65 -82 0
-63 73 0
-13 -38 66 0
3 19 84 0
3 29 34 0
-18 -21 80 0
64 -76 0
34 70 81 0
4 -31 -37 0
-21 76 0
-14 28 76 0
-38 55 62 0
3 -63 68 0
13 35 60 0
22 -30 -32 0
-3 -32 0
-9 12 -54 0
-41 72 75 0
-8 -57 -60 0
3 15 51 0
20 35 -79 0
-3 21 -36 0
39 62 -76 0
-20 -51 80 0
-22 -25 69 0
40 62 75 0
12 25 29 0
-10 -41 70 0
33 36 41 0
-15 -16 83 0
-20 -29 -68 0
6 -33 51 0
-4 -16 -19 0
-2 14 -27 0
-4 80 82 0
19 28 -66 0
-1 -13 -45 0
53 -72 81 0
64 -72 76 0
19 -73 -76 0
22 -27 -29 0
4 -40 79 0
6 -22 0
-21 69 80 0
-74 -79 0
-20 43 -72 0
8 24 52 0
-71 73 84 0
24 35 -47 0
34 -62 83 0
-10 25 -83 0
1 13 -40 0
-39 -55 83 0
-17 -53 -77 0
13 34 -61 0
-12 33 -58 0
-31 33 38 0
35 48 -57 0
-69 74 -80 0
5 -56 -82 0
-21 57 -70 0
7 -50 0
37 -38 -43 0
42 -57 59 0
-1 30 60 0
39 45 65 0
-1 26 27 0
-14 -44 -84 0
-11 47 -50 0
-11 -36 68 0
-25 -42 61 0
28 -67 0
-42 72 0
-36 -61 76 0
-29 55 60 0
-19 -26 80 0
-11 38 82 0
-13 26 -66 0
-33 -68 -72 0
-37 -39 56 0
37 46 0
-51 -56 73 0
18 26 -83 0
51 -65 -70 0
-10 54 58 0
-48 60 -81 0
-5 -18 0
-1 27 75 0
42 48 0
