p cnf 86 317
-2 29 40 0
52 86 0
22 42 0
31 -32 -54 0
26 -73 0
-36 -60 -86 0
2 56 -63 0
-4 68 0
-57 -79 82 0
-7 -33 65 0
-24 29 49 0
-4 46 82 0
40 -56 73 0
9 -37 57 0
-27 -43 69 0
-6 13 -22 0
-14 -53 0
64 71 -80 0
34 -49 0
18 -55 -78 0
-20 59 0
51 -77 0
-35 73 0
-6 11 37 0
-4 -58 80 0
-4 16 52 0
-36 -37 -72 0
11 58 -65 0
34 48 -62 0
6 56 -74 0
-58 60 -71 0
21 22 -51 0
18 56 69 0
-14 43 -86 0
-13 -37 -84 0
-19 78 85 0
38 74 -81 0
-42 -58 -61 0
-2 -4 -64 0
-10 73 0
-28 40 -82 0
-8 48 66 0
13 50 74 0
-47 67 0
-6 28 -58 0
-17 24 0
67 82 0
22 -59 0
39 57 0
49 -74 -86 0
32 -36 -72 0
-9 28 44 0
-22 44 0
-39 -49 64 0
-22 32 77 0
23 40 44 0
15 -60 -61 0
-22 26 0
-27 58 81 0
-56 -77 -78 0
-39 -43 83 0
-53 63 -78 0
-2 -17 -80 0
12 -43 -70 0
-4 -24 51 0
9 -49 0
-3 -15 28 0
-5 28 -82 0
22 -50 0
33 -40 79 0
-9 44 45 0
-20 46 0
-7 -12 -45 0
-4 24 50 0
47 57 61 0
-17 -32 0
24 40 74 0
-39 -61 0
-7 54 -79 0
-27 64 72 0
-6 7 53 0
-5 16 -86 0
24 66 0
-43 66 0
-17 -34 -83 0
19 43 50 0
12 -64 0
25 58 -71 0
25 32 63 0
-7 -39 74 0
-59 79 0
8 -57 0
-1 -11 -31 0
22 -40 0
-2 63 -77 0
7 -20 39 0
-31 38 -47 0
34 77 -79 0
-23 28 -39 0
6 50 67 0
22 -57 60 0
-46 -73 -79 0
54 -61 0
50 76 0
-15 -59 70 0
-20 -37 44 0
15 35 -37 0
-10 -13 -69 0
57 -62 63 0
37 -69 80 0
65 72 -85 0
26 -55 -68 0
-12 67 0
16 -21 69 0
-42 50 83 0
-11 12 42 0
22 47 -50 0
10 52 75 0
28 67 0
-26 -29 0
-10 13 28 0
12 19 26 0
-9 -31 61 0
-6 58 79 0
-14 60 68 0
-20 26 0
54 77 0
-16 40 43 0
18 50 69 0
-7 -10 67 0
33 -41 0
11 59 82 0
-7 23 34 0
-12 -41 42 0
-33 57 59 0
14 -48 -61 0
-68 -78 79 0
3 -19 -61 0
12 14 52 0
-6 14 17 0
-39 -52 86 0
-19 44 50 0
-40 43 73 0
24 70 -79 0
43 52 68 0
17 34 40 0
38 75 82 0
-12 -68 0
-46 84 85 0
66 76 80 0
-26 -46 70 0
-63 75 0
-47 61 77 0
12 -34 -63 0
13 27 -66 0
-8 30 75 0
25 -38 63 0
-3 37 86 0
-3 69 0
-12 56 -58 0
3 27 -57 0
-8 -15 0
9 -22 -81 0
16 -40 63 0
9 54 0
-44 54 66 0
5 26 52 0
-65 67 72 0
-74 80 0
8 20 74 0
-18 36 84 0
22 -56 64 0
57 64 -77 0
-13 74 -79 0
-51 71 -72 0
13 -21 56 0
-26 -35 -86 0
-2 46 -47 0
47 59 0
-5 50 -61 0
30 40 -75 0
17 27 0
-10 -65 82 0
16 -26 36 0
19 79 0
17 40 -55 0
6 -28 -81 0
-2 -65 0
50 -63 76 0
-9 -57 63 0
44 -50 84 0
28 -81 0
13 53 73 0
12 -68 -81 0
-12 20 -70 0
4 -28 0
-21 -22 34 0
37 -61 79 0
19 22 37 0
-5 -23 -38 0
-59 65 -75 0
45 -64 -83 0
20 61 62 0
7 23 0
39 -54 0
-5 -51 -79 0
4 33 36 0
-7 30 83 0
-72 -74 0
-21 60 82 0
13 -16 0
-11 -35 -54 0
14 37 51 0
27 29 65 0
2 -10 38 0
8 -20 52 0
10 23 82 0
13 20 36 0
-18 -85 0
26 -33 -50 0
-6 -30 80 0
37 45 0
4 -8 48 0
29 -47 0
-24 43 79 0
-5 -59 -82 0
-37 -43 44 0
11 81 0
2 14 61 0
35 -46 -72 0
3 8 53 0
23 31 75 0
-10 39 48 0
35 65 82 0
23 -46 -76 0
-30 -53 -62 0
-8 60 -75 0
-1 -68 -72 0
-18 -26 -81 0
-26 63 -83 0
-6 13 -75 0
44 -55 81 0
21 -43 0
-5 53 -63 0
-30 51 -74 0
23 46 -76 0
18 36 -65 0
71 -73 -80 0
54 60 0
-36 72 -82 0
38 -61 82 0
52 62 -75 0
8 -14 -59 0
-30 -44 66 0
-3 -25 -85 0
-2 -46 -63 0
-10 -31 59 0
-1 -24 -71 0
-5 -77 0
41 62 0
-24 28 53 0
22 -26 75 0
61 66 -82 0
4 55 -73 0
-20 -36 -85 0
30 50 57 0
20 -62 -76 0
-31 33 -39 0
-7 -41 -75 0
-24 -72 0
-39 50 62 0
18 43 -84 0
3 18 -55 0
24 -25 70 0
-37 -52 77 0
-43 -44 -73 0
-25 -47 71 0
-12 40 -85 0
-15 55 0
-22 52 0
-52 65 0
-16 -66 0
-15 -59 0
-9 51 -58 0
41 59 -77 0
1 37 39 0
29 -40 82 0
37 -44 50 0
10 44 0
19 -70 72 0
-9 50 69 0
30 -33 0
6 -29 75 0
27 50 -69 0
19 -53 -79 0
-3 30 0
-7 -37 52 0
-14 -28 -67 0
24 -27 -41 0
35 45 -86 0
-4 8 -86 0
-28 -64 70 0
-17 26 45 0
-24 35 80 0
-27 -33 86 0
-1 -12 -55 0
-13 -46 -76 0
-30 66 0
6 9 -19 0
-14 52 55 0
-31 67 -77 0
1 -33 -39 0
-8 -38 60 0
13 68 72 0
-22 -47 -68 0
-2 20 0
19 -86 0
