p cnf 73 228
10 -44 0
-42 68 0
8 -11 37 0
34 -45 0
30 31 0
-30 38 52 0
5 21 43 0
12 -50 -62 0
-26 40 -67 0
6 29 -37 0
24 30 -43 0
36 -43 0
7 20 0
63 -70 -71 0
2 18 -43 0
-58 -71 73 0
56 -69 0
38 66 -73 0
6 29 0
61 -62 65 0
5 12 0
39 58 0
5 22 48 0
9 31 -63 0
-31 -53 0
14 -17 0
-3 70 0
-42 49 0
-11 33 65 0
-16 20 0
-18 -19 -51 0
-7 15 -48 0
14 64 0
4 -58 0
-11 27 -71 0
15 20 -65 0
29 -53 73 0
12 -48 66 0
-63 67 0
-5 7 37 0
38 61 64 0
12 -73 0
22 -58 70 0
-61 -68 0
-49 -56 59 0
30 -41 46 0
-9 40 -58 0
51 73 0
25 48 -70 0
-7 39 0
2 -29 62 0
40 59 0
6 27 -31 0
-12 37 0
-10 -54 -55 0
23 56 60 0
-37 -43 0
31 58 -67 0
-50 59 0
-29 -30 0
17 -38 -41 0
-47 69 0
12 -26 31 0
-29 -32 56 0
41 -57 -58 0
-19 -23 -37 0
-23 57 -61 0
-15 17 0
-46 65 0
-17 -36 38 0
2 -36 0
-14 36 57 0
-36 -45 -67 0
11 12 54 0
32 -57 65 0
59 -68 0
-27 -62 -66 0
30 54 0
15 23 -25 0
23 -73 0
-21 59 66 0
2 36 0
14 -71 0
-39 -47 66 0
12 -26 60 0
37 48 67 0
27 60 66 0
47 69 72 0
-3 -60 -61 0
-8 -45 59 0
23 -42 0
-52 56 0
9 26 -34 0
-2 -17 0
10 70 0
-3 -34 -49 0
9 65 -70 0
-62 -66 -70 0
2 -40 -71 0
3 56 -70 0
14 -28 -58 0
21 -72 0
27 -39 -64 0
-13 -52 0
-22 27 0
-33 -64 0
34 73 0
-35 -71 0
10 -17 -65 0
33 65 0
61 -68 0
47 -52 71 0
-29 31 -63 0
3 16 -38 0
-26 -51 0
-5 -35 -39 0
4 -9 10 0
-55 -57 73 0
-32 -48 -62 0
13 -44 56 0
-17 29 63 0
-41 -44 49 0
-26 51 66 0
1 -34 -69 0
-37 52 73 0
-56 -63 0
-52 60 -63 0
28 53 68 0
17 21 51 0
34 55 68 0
57 -71 0
-28 58 -59 0
17 -20 -49 0
-56 -58 -73 0
24 -55 66 0
27 40 0
-11 24 51 0
-20 -22 0
-59 -65 0
2 -39 0
-14 39 60 0
30 67 0
15 44 0
-31 -36 0
-5 -30 60 0
25 -48 -66 0
5 -66 -69 0
18 41 55 0
-13 -34 50 0
-11 15 -54 0
21 -27 -60 0
-11 -37 -68 0
-32 -45 -56 0
-1 -70 0
14 -18 -40 0
-2 -11 -27 0
5 7 -66 0
-19 31 47 0
4 64 0
7 19 -32 0
11 21 0
7 48 73 0
2 -57 -63 0
-3 55 -56 0
10 -12 0
43 -56 -59 0
9 -21 57 0
-51 59 63 0
63 67 0
27 29 -36 0
-5 -24 -43 0
-1 -32 70 0
-40 -51 0
2 -41 -62 0
30 -70 0
10 -12 -48 0
-10 -47 59 0
39 64 0
-21 -69 0
-7 68 -69 0
7 40 56 0
-15 30 -71 0
-21 34 -55 0
5 14 61 0
-1 -19 0
24 57 -59 0
-7 28 29 0
-7 -11 -17 0
-14 52 66 0
8 24 52 0
-9 -40 73 0
-26 59 0
9 39 -49 0
48 58 0
-24 -27 53 0
-4 38 -57 0
-8 -15 39 0
-30 -45 -51 0
36 -73 0
-39 53 -65 0
7 24 -60 0
34 -35 0
-21 -29 -55 0
23 -41 0
53 59 0
25 42 -55 0
-32 64 66 0
-51 63 0
21 -61 -69 0
-50 -51 -69 0
12 31 -73 0
-33 54 57 0
14 54 0
-56 71 0
46 -62 0
5 26 -59 0
11 -42 48 0
23 -24 63 0
6 -12 0
44 58 66 0
13 -21 -61 0
-21 -57 62 0
48 67 0
19 -21 58 0
24 71 0
7 9 -67 0
-16 -27 -64 0
33 44 61 0
