p cnf 88 332
15 75 0
4 -29 -49 0
-31 69 -81 0
-22 28 52 0
-18 -58 -85 0
28 51 -72 0
34 -73 87 0
-22 -48 -72 0
-11 31 33 0
34 88 0
11 -36 -53 0
35 64 74 0
-19 -42 -62 0
11 -35 -80 0
-8 -32 -55 0
17 -58 81 0
-3 8 37 0
18 31 43 0
-8 24 -40 0
-2 -21 -25 0
-24 29 49 0
-28 56 81 0
-19 28 72 0
-44 -88 0
-5 -74 75 0
6 -13 74 0
-71 -72 81 0
-6 -56 -84 0
15 27 -52 0
41 -67 -81 0
-12 -73 74 0
9 -38 -70 0
53 -74 -81 0
-38 -58 73 0
33 56 57 0
-56 61 0
40 -44 74 0
-26 28 -65 0
28 34 0
13 55 0
-3 17 -32 0
42 77 83 0
-24 72 -85 0
-23 42 85 0
85 88 0
70 78 0
54 -80 0
-9 -42 -78 0
-11 -62 65 0
-61 -64 67 0
22 64 -68 0
-15 -19 -41 0
15 -66 -72 0
45 -49 -58 0
44 -47 54 0
15 -20 -68 0
-23 -60 -73 0
40 61 73 0
26 -52 80 0
-7 14 -28 0
2 17 22 0
59 -63 72 0
-5 -46 -58 0
-46 -62 73 0
81 -87 88 0
-6 27 58 0
-4 -44 -84 0
-1 -31 0
52 57 0
-27 63 81 0
-11 -16 75 0
-32 -56 72 0
-46 51 -72 0
-48 61 77 0
43 -48 54 0
37 -52 70 0
-21 -24 0
-43 48 -58 0
6 -71 -75 0
1 -47 0
45 73 87 0
27 55 -85 0
-1 -32 70 0
-44 68 -77 0
-31 62 64 0
14 -43 -49 0
15 -33 38 0
-6 -36 43 0
9 -45 62 0
-51 -60 0
-44 56 -83 0
23 52 82 0
19 -20 -70 0
46 -60 66 0
-23 -26 -70 0
14 42 48 0
22 85 0
10 -49 50 0
37 38 -71 0
-15 34 -68 0
-3 -14 60 0
-21 50 78 0
-19 61 65 0
64 72 0
36 -56 -71 0
7 -24 -84 0
-54 67 79 0
-1 21 40 0
-3 -39 -88 0
18 38 -71 0
-14 44 -82 0
-2 -29 -63 0
-2 -13 52 0
-37 53 76 0
-16 -42 88 0
-29 -45 61 0
-62 88 0
-6 -31 -79 0
-15 -67 0
-8 36 -85 0
6 21 -45 0
13 45 60 0
-4 58 -74 0
29 -35 -86 0
-29 67 -69 0
44 -60 -75 0
28 -38 0
-38 62 -83 0
-5 -17 82 0
8 11 -71 0
38 50 0
26 35 43 0
9 -14 39 0
46 71 -79 0
-22 -28 77 0
27 35 60 0
42 47 65 0
-2 29 53 0
33 40 -69 0
-14 74 0
13 -16 -61 0
-4 28 -79 0
-8 -36 -81 0
26 -35 82 0
44 -76 83 0
11 -26 -40 0
19 68 -78 0
-29 50 74 0
3 36 -61 0
29 50 -51 0
-26 34 -84 0
-12 -25 76 0
7 29 45 0
55 -71 -74 0
-6 60 76 0
-25 -84 0
13 27 61 0
5 -32 62 0
-6 -65 -71 0
7 27 64 0
21 -24 -74 0
-16 -81 0
-2 -50 -88 0
19 64 80 0
-31 37 -81 0
-72 -77 0
20 -22 56 0
-26 -39 0
-45 63 -82 0
-14 49 76 0
-6 -26 -33 0
5 55 86 0
-76 -85 0
-3 47 48 0
14 43 52 0
-21 -43 64 0
-14 -56 0
-7 48 -75 0
12 38 -65 0
-11 -45 -51 0
-20 85 0
-4 -5 0
-50 51 78 0
42 44 56 0
18 -33 70 0
21 -24 60 0
-2 64 0
-17 -49 58 0
-17 21 40 0
-18 45 84 0
-40 49 -83 0
-55 58 -72 0
-27 -73 -80 0
-3 -33 54 0
31 47 -54 0
-39 -43 -55 0
-3 -43 0
37 52 -56 0
7 -73 82 0
-54 59 -83 0
-46 -80 0
54 55 65 0
3 -19 -67 0
27 -58 0
-28 43 -70 0
14 33 -51 0
18 33 0
66 68 -71 0
-31 -81 -82 0
50 69 -72 0
-14 22 85 0
-12 70 -88 0
-13 46 71 0
-4 38 85 0
7 -20 -34 0
-55 -79 82 0
27 46 62 0
-36 -52 0
11 -38 43 0
2 19 -64 0
50 -77 0
9 49 50 0
63 67 0
9 34 82 0
57 80 -81 0
57 67 78 0
-26 39 68 0
36 38 -86 0
-3 37 0
31 -42 0
9 36 63 0
10 59 -68 0
-1 -50 54 0
62 63 82 0
12 15 -85 0
5 -37 -79 0
-20 -22 -56 0
-18 -24 -88 0
-18 43 0
12 28 -49 0
-39 62 65 0
41 56 -78 0
15 21 41 0
-32 -35 -42 0
52 56 66 0
-16 41 59 0
-30 -36 0
27 66 70 0
-1 36 48 0
-23 -86 0
-14 -51 62 0
1 -38 75 0
-20 -81 82 0
-18 -48 88 0
39 -53 0
15 -20 -37 0
30 -37 -57 0
35 55 72 0
31 -59 69 0
-29 -76 -78 0
20 -40 -74 0
-12 -23 -52 0
-34 45 -55 0
27 -55 -57 0
-19 54 -65 0
-27 -41 -64 0
34 36 -69 0
43 85 0
-31 -57 -70 0
61 77 80 0
37 -77 -78 0
-15 -26 -69 0
6 -75 -81 0
-32 -78 0
-2 -22 41 0
-32 -54 86 0
-31 -81 82 0
-9 -25 -55 0
-6 -24 -32 0
-22 78 0
6 -8 -21 0
-10 -22 57 0
-16 -31 -64 0
-43 48 78 0
15 67 0
-9 -14 80 0
51 81 -84 0
20 45 -80 0
-6 -52 -58 0
39 61 77 0
32 59 -87 0
10 -13 -49 0
-37 -75 0
43 65 -86 0
-65 75 -80 0
-16 -62 65 0
43 64 71 0
-20 -65 -84 0
1 -28 -39 0
33 78 0
-18 -49 -57 0
-24 53 66 0
22 -51 -80 0
-26 42 -81 0
21 -43 86 0
-46 64 68 0
-73 -80 -87 0
18 42 0
-15 24 50 0
-57 74 -83 0
-6 -57 65 0
7 37 78 0
-27 -45 0
11 38 -54 0
23 46 -68 0
-9 45 53 0
-21 59 0
7 59 72 0
-13 -37 -55 0
-52 -83 0
-21 -39 -61 0
20 39 44 0
-3 27 79 0
-6 -85 0
22 -61 66 0
-38 41 0
-6 14 0
-31 -65 73 0
7 36 0
9 37 -56 0
67 -76 82 0
-38 -54 -73 0
