p cnf 81 302
-30 42 0
-17 -68 0
24 -62 -70 0
-18 -20 68 0
-5 55 0
19 -46 65 0
46 56 -66 0
-22 45 -64 0
11 47 0
22 32 -58 0
-58 66 -77 0
4 10 -42 0
-1 -39 0
53 65 -75 0
14 -24 -40 0
-17 -21 -75 0
-6 67 0
-26 -29 -40 0
-28 50 65 0
2 -65 -74 0
-54 -75 -79 0
-4 41 80 0
13 21 -76 0
-33 37 0
-1 -35 74 0
1 -30 0
6 10 16 0
-15 20 0
-46 65 70 0
5 67 69 0
-24 70 -79 0
13 -43 0
-31 37 -81 0
10 -15 -39 0
10 -12 0
-2 -33 51 0
4 36 58 0
8 -42 -43 0
-46 -62 80 0
-17 -71 81 0
7 12 -15 0
5 7 -78 0
6 -9 41 0
34 -45 0
12 -71 0
-37 54 -69 0
-36 -51 67 0
23 -32 0
1 4 -56 0
-37 -47 -71 0
12 31 -32 0
7 -35 -57 0
-21 43 -51 0
1 78 0
43 -58 0
13 -66 0
33 -75 0
-4 -21 76 0
21 62 -69 0
18 59 60 0
-41 50 -66 0
-38 -48 69 0
-59 -69 0
2 10 56 0
24 32 75 0
-15 54 -64 0
-17 29 -51 0
-6 -19 49 0
-75 -78 0
-10 16 31 0
10 -39 -48 0
9 11 22 0
-57 70 0
-18 26 38 0
-16 -53 54 0
24 38 0
7 -21 47 0
27 -36 56 0
6 24 -52 0
36 -71 0
23 71 79 0
49 51 56 0
40 -73 -79 0
16 41 0
27 42 61 0
9 38 -47 0
12 -26 -52 0
5 -43 59 0
-11 17 0
48 -73 77 0
-27 60 -66 0
29 49 -68 0
33 -38 -78 0
-35 67 68 0
28 34 -35 0
-23 46 75 0
-10 44 73 0
13 31 34 0
5 -64 81 0
-22 -23 64 0
27 -60 70 0
32 44 51 0
-13 -24 -46 0
20 40 73 0
15 72 0
-13 40 51 0
-2 50 77 0
-15 18 -40 0
51 -62 63 0
-37 -55 63 0
-13 33 0
-32 -74 0
-11 12 -20 0
-4 -53 56 0
18 34 0
-30 56 -59 0
-6 7 -11 0
9 -30 68 0
-48 65 -72 0
-5 -13 -77 0
5 -35 0
19 70 -75 0
6 59 0
74 -78 0
18 27 76 0
-31 53 81 0
39 63 -65 0
18 -21 -39 0
-32 34 -58 0
51 69 73 0
-58 -70 79 0
-23 28 0
14 17 78 0
23 42 69 0
-14 -24 -76 0
-10 13 49 0
-44 71 0
-33 36 44 0
19 24 74 0
3 45 -80 0
-22 -27 0
-46 -55 -75 0
6 32 -63 0
19 -47 0
15 27 69 0
27 -51 -67 0
-11 47 58 0
-4 11 71 0
22 24 51 0
-33 -44 0
73 75 -80 0
-40 -62 78 0
-19 -31 -39 0
-14 30 -40 0
48 72 0
-37 -67 -76 0
37 44 49 0
11 -62 0
5 -44 -59 0
33 -38 -69 0
23 68 0
-13 50 76 0
30 -71 -75 0
4 -11 -36 0
7 -41 58 0
5 19 62 0
-11 -51 0
32 40 -56 0
14 51 54 0
-28 65 0
16 -30 0
20 26 0
-2 -48 0
23 -25 50 0
3 -34 0
-11 -44 -58 0
-40 75 -79 0
17 -42 67 0
-47 -63 0
2 4 -34 0
5 -59 -74 0
-69 -78 0
-40 41 68 0
69 -75 0
14 -27 0
-3 -4 34 0
28 44 48 0
8 29 0
-40 65 -75 0
-1 56 70 0
51 62 -69 0
18 33 0
27 -33 -61 0
25 -39 62 0
14 -30 70 0
2 43 0
25 33 57 0
7 -37 -45 0
12 -69 0
10 57 70 0
19 -20 -68 0
18 -65 81 0
-4 -10 79 0
23 38 -41 0
-3 60 -77 0
6 45 0
25 -59 0
36 71 0
60 -65 0
-6 29 -81 0
58 -63 0
-42 48 53 0
7 54 -67 0
-34 51 0
11 71 0
-14 24 63 0
10 59 0
63 -79 0
-22 -25 -43 0
-11 31 -49 0
30 80 0
1 50 63 0
-34 -45 76 0
40 52 74 0
35 52 -53 0
-4 -9 49 0
51 -63 -70 0
-25 -66 69 0
1 20 0
-3 -23 46 0
-13 27 -47 0
-23 -40 0
-10 -54 57 0
16 29 68 0
-5 26 -67 0
-48 67 -72 0
21 -32 73 0
21 -53 -57 0
1 9 0
-32 71 0
-21 64 -73 0
-28 -47 -54 0
15 30 77 0
23 -60 0
-32 42 -52 0
40 43 70 0
-45 -47 -64 0
12 -67 71 0
1 74 75 0
-23 32 81 0
1 -33 -46 0
1 60 68 0
-38 59 0
63 74 0
35 48 -58 0
10 73 75 0
-29 -44 59 0
-5 -9 0
27 49 66 0
40 59 62 0
-15 -66 -72 0
-49 50 -71 0
1 -12 -36 0
-7 -56 71 0
4 -24 -73 0
-37 -54 -68 0
12 -30 -74 0
-46 77 0
-35 48 -78 0
-2 38 -63 0
37 81 0
37 -47 -60 0
16 -37 -47 0
3 17 36 0
-2 -5 72 0
43 -56 68 0
-22 -78 -79 0
14 -74 80 0
25 -36 0
1 56 -77 0
10 30 79 0
52 53 -76 0
40 -59 66 0
-65 78 0
-23 -33 -71 0
10 -13 -41 0
-41 51 -81 0
-38 -42 66 0
3 39 65 0
-1 7 -75 0
6 50 0
23 37 48 0
29 -36 52 0
-10 15 61 0
-36 45 -58 0
32 53 -55 0
-48 -52 -75 0
43 54 70 0
-4 48 0
-16 51 -62 0
34 52 0
26 29 48 0
