p cnf 93 357
-3 11 -84 0
-3 -22 81 0
21 25 33 0
6 64 82 0
-50 -61 -68 0
-45 80 88 0
-30 -58 -89 0
-26 59 82 0
32 -61 -75 0
20 -52 -67 0
35 70 84 0
-15 -36 -49 0
2 42 -76 0
-18 -24 -90 0
20 33 -58 0
-8 78 -85 0
-15 -36 0
-15 -38 78 0
-61 -71 78 0
-58 79 0
7 -14 17 0
11 63 93 0
5 -7 32 0
-8 26 46 0
31 83 86 0
29 35 -37 0
14 58 -81 0
8 30 93 0
-56 -83 0
-54 -62 79 0
-45 -51 84 0
-3 -40 0
8 -24 28 0
8 -75 87 0
45 -82 -85 0
-27 34 60 0
19 48 64 0
-4 39 42 0
-25 -26 -42 0
18 -28 -74 0
-20 -49 72 0
-10 35 -37 0
-27 -32 80 0
-63 73 87 0
-6 14 -65 0
-53 -69 0
-66 -78 -90 0
6 -58 0
-22 40 88 0
-14 60 76 0
-4 65 92 0
19 29 -78 0
14 26 69 0
21 -76 -77 0
-7 -8 -17 0
39 85 -89 0
14 58 84 0
12 56 -66 0
11 14 73 0
46 52 90 0
-7 10 -55 0
50 55 -77 0
-1 64 -83 0
-44 55 90 0
26 -37 -61 0
1 -46 -57 0
5 -14 -41 0
-1 -73 79 0
-3 -7 -77 0
33 51 -60 0
12 17 62 0
-2 21 -47 0
-12 -57 0
24 37 48 0
-6 -28 0
-8 -9 -54 0
-22 -35 -89 0
43 69 -79 0
38 45 -86 0
-67 71 -82 0
9 -43 44 0
18 22 -53 0
22 -27 88 0
40 67 -75 0
26 35 -54 0
28 41 63 0
-33 -34 -60 0
-15 -42 52 0
-10 74 -80 0
-30 -37 -53 0
-34 -53 -55 0
-28 -51 87 0
25 -56 -74 0
19 28 -45 0
29 69 -78 0
21 36 54 0
-23 -45 91 0
50 79 87 0
24 -54 91 0
9 -32 -46 0
11 69 -82 0
-16 25 -73 0
21 -50 -77 0
23 -35 -78 0
-10 -13 48 0
-4 -36 -77 0
-41 43 61 0
-35 -66 -87 0
4 -6 -21 0
-31 55 -85 0
44 61 -81 0
-15 52 84 0
16 39 -83 0
12 71 -84 0
-68 -82 0
8 64 0
-36 -68 -89 0
-74 -91 0
17 -36 78 0
63 -75 93 0
-9 33 -92 0
-33 68 87 0
-8 17 -76 0
-15 -91 93 0
6 14 93 0
23 -24 -27 0
38 88 0
30 56 -80 0
11 20 -86 0
53 57 85 0
59 77 0
54 82 85 0
-2 10 57 0
24 32 -78 0
28 -43 76 0
64 67 0
-45 47 90 0
-5 -20 0
-7 -41 50 0
49 91 0
-12 -30 -49 0
24 84 89 0
21 -57 89 0
1 54 0
54 -70 79 0
59 69 0
-37 49 -68 0
76 -77 88 0
4 -7 -56 0
46 54 -55 0
-36 68 91 0
40 -59 -67 0
-19 -27 50 0
14 -30 -40 0
-7 19 -46 0
11 23 64 0
40 -42 47 0
-46 68 70 0
62 68 85 0
29 44 -50 0
-28 60 -71 0
-20 -31 -82 0
-25 -42 -57 0
7 44 63 0
1 4 87 0
18 79 92 0
12 47 79 0
43 79 0
-36 43 -83 0
-7 -62 72 0
-15 -38 -53 0
-9 27 -83 0
46 -60 65 0
32 66 81 0
56 -79 87 0
-17 38 -51 0
-51 63 89 0
-1 40 -64 0
28 -57 75 0
-60 -67 80 0
-5 62 0
50 81 86 0
26 67 88 0
4 -36 -38 0
66 -89 0
19 -41 -79 0
-20 -64 74 0
-10 -74 -81 0
-4 54 -67 0
-24 54 68 0
-1 71 -89 0
78 -81 0
-23 -32 -77 0
-25 38 -73 0
-21 26 50 0
9 -27 85 0
-6 -46 80 0
1 35 -92 0
-6 50 65 0
18 -73 -85 0
-71 -78 -84 0
-41 -70 -89 0
-8 -31 35 0
8 73 75 0
-11 -50 51 0
-10 -44 -56 0
-71 -78 87 0
12 15 -72 0
15 40 77 0
36 -50 76 0
-27 -64 0
8 35 0
27 70 81 0
11 38 -58 0
5 22 -43 0
-8 -14 54 0
-11 -84 0
13 31 93 0
-19 25 -48 0
-65 71 -84 0
43 -49 -73 0
-16 79 83 0
52 -67 0
-35 -50 76 0
35 41 -61 0
-13 -38 50 0
17 70 -77 0
33 -46 91 0
-21 23 61 0
-38 52 72 0
4 -19 -25 0
7 62 90 0
18 -32 -33 0
-8 61 63 0
-30 -31 70 0
18 -49 -75 0
18 28 64 0
76 90 0
7 24 76 0
8 -11 -24 0
42 -63 0
-10 45 86 0
28 -78 0
-34 -61 63 0
11 38 49 0
7 -54 -67 0
24 71 80 0
1 -56 62 0
-28 -39 -56 0
21 25 49 0
-48 66 81 0
-58 72 -91 0
-15 38 55 0
46 -64 0
21 -22 -39 0
39 -45 56 0
-19 -36 -86 0
29 -34 61 0
-8 69 93 0
-55 61 -87 0
30 70 -78 0
24 76 0
3 53 -70 0
26 -35 42 0
5 37 67 0
32 -50 -83 0
20 56 93 0
22 -24 -45 0
33 42 44 0
37 43 71 0
-8 50 78 0
16 30 -76 0
-3 58 68 0
64 -77 88 0
13 -15 70 0
10 -85 0
8 -30 58 0
74 79 0
-13 -40 -60 0
-28 -81 -87 0
-15 46 53 0
-17 -26 0
-8 -27 81 0
8 27 57 0
34 -67 87 0
-8 -91 92 0
11 -51 93 0
-16 71 76 0
-23 -33 -61 0
15 -23 -31 0
12 -29 34 0
70 73 -85 0
20 25 52 0
13 -53 63 0
-9 10 35 0
-2 -4 8 0
57 -77 0
-24 49 -84 0
47 83 -93 0
-11 -40 -46 0
20 60 71 0
46 -59 83 0
-25 -52 78 0
-46 -82 -92 0
-5 21 -74 0
-56 -63 -78 0
42 -44 62 0
-38 -51 -73 0
-42 -70 79 0
-4 34 60 0
51 55 61 0
1 -52 -70 0
8 57 0
-22 41 -49 0
-31 -36 82 0
4 -40 -84 0
-3 33 88 0
-13 16 -92 0
10 -15 -92 0
-26 76 -82 0
-8 -42 92 0
61 -78 0
-23 40 43 0
9 -13 69 0
11 -72 92 0
18 -38 42 0
-16 -57 84 0
-18 -58 -77 0
-77 -89 -90 0
29 37 69 0
15 -66 -92 0
-49 64 82 0
4 62 82 0
-18 -34 39 0
-71 75 91 0
-63 80 0
47 -85 88 0
-39 -40 57 0
-4 -88 -89 0
29 -72 -84 0
-33 39 -54 0
-10 21 -69 0
-5 -74 -77 0
-27 -42 -60 0
-33 -43 75 0
16 26 59 0
18 -42 -68 0
-15 -44 -87 0
11 -78 93 0
7 -16 18 0
60 -65 75 0
19 24 61 0
1 8 -61 0
-13 26 -38 0
32 -41 53 0
-14 30 67 0
1 2 -10 0
