p cnf 88 333
23 -44 -83 0
-18 73 87 0
-28 -87 0
4 79 87 0
-8 -22 24 0
37 -71 86 0
34 55 69 0
-35 -37 52 0
-2 -28 65 0
21 -86 88 0
11 36 62 0
-4 -16 42 0
-14 -53 -62 0
-2 11 -76 0
10 -13 26 0
-6 16 46 0
12 -72 84 0
10 54 74 0
-6 16 52 0
-10 -24 -77 0
49 60 68 0
12 -52 53 0
66 -72 0
11 -26 -44 0
-8 -16 0
6 -48 -58 0
-6 63 88 0
20 -51 -52 0
-33 61 0
20 -34 -49 0
-5 33 -47 0
-7 -63 80 0
-13 21 -82 0
5 -81 0
16 25 -77 0
31 40 82 0
-7 -17 85 0
-16 -54 0
-66 74 -83 0
-35 -55 -61 0
22 -38 -64 0
-4 32 50 0
-41 -84 0
2 -28 -61 0
7 -29 -80 0
-51 60 -62 0
14 -15 85 0
7 21 74 0
-43 53 62 0
-17 53 -62 0
-34 -66 70 0
-12 48 -81 0
36 44 52 0
-39 43 67 0
16 -31 57 0
3 -72 79 0
44 48 63 0
-11 44 -81 0
19 -73 0
28 -81 0
-8 -37 -67 0
16 81 87 0
-6 -41 76 0
46 -83 -88 0
42 60 -85 0
-63 -77 79 0
24 -33 -84 0
9 33 0
42 -44 45 0
-49 52 59 0
-12 -20 84 0
-43 73 0
38 51 -75 0
-39 43 -73 0
-1 39 -79 0
24 -73 81 0
58 61 0
-63 -81 82 0
2 26 64 0
4 -16 -18 0
30 -58 67 0
4 -32 -67 0
-10 -12 0
13 -19 -60 0
-22 38 53 0
2 -39 -40 0
-15 75 0
-10 50 0
4 24 75 0
31 76 -82 0
18 -33 81 0
-30 48 65 0
-21 -36 48 0
-54 82 85 0
45 87 0
-41 56 77 0
16 61 82 0
21 62 0
-27 53 -58 0
8 25 -84 0
-8 -21 0
-15 -32 0
-23 31 83 0
-17 30 -51 0
-16 57 -70 0
-10 -12 -36 0
45 49 73 0
2 -46 -83 0
-16 66 73 0
-1 11 76 0
25 -69 -81 0
-16 63 -67 0
-43 51 64 0
-47 58 83 0
7 -42 -69 0
-57 63 64 0
-17 20 0
-23 46 -80 0
-48 -72 79 0
18 -22 0
72 -77 80 0
-6 -15 60 0
-38 66 81 0
-18 79 82 0
-12 -49 74 0
31 40 0
57 83 0
-31 -88 0
22 24 0
17 31 52 0
-79 -83 0
-10 64 -88 0
53 -65 -81 0
-45 51 71 0
17 18 30 0
-34 36 85 0
49 -70 -80 0
14 43 69 0
-2 -20 80 0
18 25 0
-61 -62 -77 0
23 -64 -88 0
-45 -57 -76 0
18 -43 0
-1 -22 -66 0
13 -24 49 0
-17 -71 -74 0
-34 -54 80 0
-7 -43 0
-30 -50 -87 0
-4 -20 -58 0
14 35 43 0
-22 -34 42 0
23 58 -84 0
2 54 0
64 78 88 0
-28 78 -84 0
-7 41 -68 0
11 61 0
13 30 -32 0
-34 -62 -85 0
-40 -50 0
30 31 -75 0
-37 -85 0
76 -85 0
26 -52 -82 0
4 -62 75 0
-3 24 -78 0
16 53 60 0
-64 65 74 0
4 6 0
29 39 0
8 12 72 0
-38 -40 65 0
-46 54 87 0
9 21 -67 0
25 80 0
-59 61 81 0
9 -62 -66 0
-7 -34 -37 0
-12 -28 0
-57 61 86 0
14 -59 -74 0
5 69 87 0
23 -33 -64 0
5 -25 66 0
6 13 -40 0
14 21 -52 0
-6 10 83 0
29 -66 -86 0
70 -71 -75 0
-81 87 0
-56 -64 -67 0
-4 -17 -49 0
14 59 63 0
35 62 63 0
-24 -60 0
37 -50 -64 0
-59 -65 -75 0
-14 -40 42 0
34 -35 56 0
3 -19 -78 0
-25 69 83 0
18 -23 -35 0
-11 12 66 0
-44 47 -79 0
-28 31 -81 0
-49 59 -79 0
8 -63 0
-18 35 51 0
-3 22 -36 0
5 9 -13 0
-33 59 86 0
10 -71 88 0
6 27 70 0
-61 -67 0
-31 35 79 0
2 -15 88 0
-55 -63 87 0
-45 -56 -69 0
-10 -48 70 0
5 25 63 0
5 -18 25 0
3 -14 -72 0
39 -49 -62 0
-41 56 0
-59 77 0
4 -26 -60 0
-3 -33 49 0
-55 58 63 0
14 58 77 0
33 48 86 0
-26 -56 -63 0
43 57 -84 0
-22 57 -77 0
18 -34 -87 0
-16 -41 -83 0
-20 -39 68 0
-23 26 0
-63 67 -85 0
47 -49 86 0
-41 -54 0
-9 -29 -61 0
-47 49 77 0
69 -73 0
25 50 -61 0
6 -29 78 0
-55 71 -88 0
84 85 -88 0
-10 35 46 0
-34 45 48 0
-3 -29 46 0
9 32 -82 0
24 54 -56 0
3 46 0
-4 65 75 0
-47 -52 -77 0
4 -14 82 0
-12 20 -45 0
-7 -22 45 0
-16 64 0
-52 -81 -84 0
13 66 0
-68 71 -75 0
-13 38 -47 0
-8 -71 -86 0
3 27 68 0
61 -74 -76 0
-27 41 0
-20 71 -86 0
23 -87 0
-20 41 60 0
39 -62 70 0
14 16 88 0
-27 -31 0
21 65 81 0
-43 -59 0
49 -58 -80 0
-7 17 -48 0
-42 59 -78 0
-10 -32 -37 0
-1 35 42 0
-3 -36 -79 0
26 -35 -47 0
-3 65 84 0
6 -36 50 0
-3 -6 -19 0
16 -60 -70 0
6 -66 -84 0
-8 58 85 0
36 50 -57 0
-30 -39 44 0
38 40 -55 0
23 68 76 0
32 -38 41 0
-1 3 -25 0
50 -59 -74 0
3 -22 63 0
31 37 -60 0
-30 -46 -60 0
-8 69 73 0
12 -31 -85 0
9 49 -59 0
15 57 -86 0
28 57 73 0
7 43 -67 0
18 27 83 0
14 50 -65 0
-15 45 51 0
44 56 0
38 -60 0
-1 -30 82 0
-12 -28 82 0
-58 63 -75 0
1 -2 -82 0
17 63 65 0
-7 -16 31 0
22 44 -83 0
-38 71 84 0
-32 -61 72 0
-38 62 -79 0
-43 -61 0
15 -25 -66 0
1 8 56 0
-19 -74 80 0
2 15 -17 0
-26 -79 0
17 49 0
14 20 -30 0
6 -13 -81 0
-29 36 -79 0
9 -47 49 0
-25 -33 -77 0
