p cnf 98 387
-4 -56 -80 0
49 80 -86 0
-31 -60 -76 0
-39 -42 44 0
-21 -41 46 0
26 49 -50 0
-4 -49 -84 0
12 -75 0
-2 -7 -40 0
9 19 -30 0
-36 49 -78 0
-51 68 71 0
7 -26 47 0
-52 -55 85 0
-57 -74 -79 0
-26 -55 -76 0
-5 -41 -72 0
-13 17 49 0
-11 20 -61 0
27 34 -84 0
32 -75 87 0
-26 -87 -93 0
-9 42 68 0
3 8 91 0
27 66 68 0
-13 50 72 0
27 -43 94 0
-22 -25 70 0
-48 -57 97 0
-2 5 24 0
-5 -79 -85 0
17 -23 65 0
-23 -24 -28 0
-5 -79 -87 0
23 41 -63 0
7 53 -77 0
20 56 93 0
-1 2 -24 0
8 71 91 0
-43 44 62 0
1 71 -88 0
-48 60 79 0
-36 61 -81 0
-45 55 63 0
16 33 -89 0
-2 -62 68 0
12 39 -80 0
8 38 -82 0
-40 -51 81 0
-71 -83 94 0
12 -20 -24 0
10 -19 70 0
23 -79 83 0
-11 -30 49 0
-60 -81 89 0
-18 -44 49 0
77 95 0
-22 -39 92 0
-17 70 -85 0
17 -85 89 0
31 -77 -83 0
12 63 0
-48 -53 88 0
23 -47 -67 0
49 66 -92 0
32 56 57 0
-5 -38 71 0
-47 54 65 0
10 -57 79 0
34 -72 0
26 -71 96 0
-49 -53 94 0
46 -76 -97 0
45 61 -65 0
-5 -45 78 0
6 -70 82 0
-8 39 84 0
39 -43 -63 0
-10 -88 89 0
3 17 -55 0
20 79 -92 0
22 -54 61 0
62 63 91 0
-11 44 -92 0
-3 -5 67 0
35 78 -91 0
-11 41 92 0
4 65 81 0
68 -84 -91 0
6 54 93 0
26 -61 74 0
25 -57 -85 0
-13 18 63 0
15 26 -59 0
2 45 -91 0
-44 45 60 0
8 -33 42 0
-80 87 88 0
-7 72 -81 0
31 38 -44 0
1 90 92 0
23 -67 70 0
50 -55 -95 0
-5 -29 73 0
11 -58 81 0
16 60 63 0
-2 70 -84 0
-23 -36 66 0
32 -44 45 0
-86 94 -98 0
1 71 81 0
-55 -70 -78 0
12 -51 65 0
22 42 85 0
10 -72 -95 0
-17 21 82 0
-41 -65 -88 0
-11 48 89 0
-17 50 -58 0
24 -26 -54 0
-3 -23 -81 0
-18 -27 48 0
-8 -59 -81 0
1 -6 40 0
-42 90 95 0
-20 -83 92 0
21 -22 62 0
-56 -80 -81 0
13 -17 41 0
-32 86 -97 0
49 72 77 0
-4 14 -70 0
-47 -58 -92 0
-50 -57 -58 0
-20 34 38 0
-2 26 37 0
18 42 67 0
-39 46 -61 0
-1 65 74 0
11 -51 87 0
17 -43 -93 0
-25 -48 -96 0
14 -68 -87 0
14 28 -48 0
-42 47 70 0
-64 65 -89 0
-69 79 92 0
32 42 -84 0
-4 -12 -71 0
33 -53 -63 0
12 -40 54 0
-18 -40 51 0
-1 15 -22 0
24 -65 -77 0
-42 -52 87 0
-28 -69 85 0
31 60 -61 0
32 -70 84 0
-22 44 89 0
-42 72 79 0
33 45 -97 0
-50 72 -98 0
70 72 91 0
-6 46 57 0
1 -19 88 0
-1 -37 -59 0
2 -20 -92 0
27 61 91 0
-4 57 -95 0
-3 14 21 0
-4 78 -80 0
3 -11 96 0
-15 54 55 0
71 -73 95 0
15 -63 -71 0
-10 -13 -80 0
-39 47 -71 0
-26 36 46 0
44 -83 84 0
6 -21 33 0
45 -83 96 0
2 -53 80 0
24 -51 78 0
24 26 84 0
26 -27 -86 0
-10 -34 97 0
4 11 77 0
-3 -40 -90 0
-9 47 63 0
26 88 92 0
36 -62 -76 0
-19 -82 -90 0
-14 65 94 0
-5 -14 -88 0
-27 86 -92 0
-13 -49 -74 0
-51 -83 84 0
30 -71 94 0
7 63 -98 0
2 -65 -78 0
16 -17 -20 0
-17 26 84 0
20 -65 77 0
10 -74 -97 0
-17 -34 60 0
35 -45 54 0
8 -79 -97 0
8 -87 88 0
40 43 94 0
21 -76 -93 0
50 59 -94 0
-10 28 -75 0
-9 43 -73 0
60 71 78 0
-38 -67 71 0
-13 -81 95 0
19 57 -68 0
-10 28 -50 0
21 48 -54 0
31 -67 69 0
13 32 -75 0
3 -35 64 0
52 -89 -92 0
35 -66 -75 0
-78 81 -94 0
-10 20 38 0
57 79 -95 0
14 -47 -55 0
35 -56 75 0
41 -63 -68 0
2 62 90 0
4 -30 -55 0
-23 -30 -92 0
28 -51 66 0
4 -10 84 0
-59 -60 -84 0
45 -73 -92 0
-4 -19 -86 0
-47 -53 -83 0
4 -44 -91 0
-17 -51 -88 0
26 62 71 0
-13 47 59 0
4 63 -85 0
-9 35 73 0
-27 53 -75 0
5 16 52 0
-28 -57 -70 0
-38 64 84 0
21 85 92 0
-67 -77 95 0
60 -83 91 0
-39 -63 88 0
-36 63 -67 0
89 93 -94 0
60 -88 95 0
-62 65 -70 0
-37 68 97 0
-9 42 -49 0
6 13 77 0
-2 -9 -80 0
15 -17 97 0
-32 -66 0
-62 -66 -75 0
-40 95 97 0
82 -86 94 0
33 51 98 0
20 59 -72 0
53 -57 -88 0
-16 22 -80 0
-40 79 98 0
8 13 65 0
-88 90 91 0
-20 -24 -53 0
-32 -46 -67 0
27 46 52 0
51 -58 -78 0
64 77 -87 0
78 -90 91 0
-52 -56 -84 0
13 32 58 0
-23 34 -40 0
-51 -80 85 0
39 -45 59 0
-19 41 -85 0
-2 -90 92 0
-22 -27 -98 0
-6 65 -84 0
17 66 76 0
18 63 -82 0
-12 28 -82 0
9 -22 -96 0
15 -25 0
52 -61 -95 0
19 23 31 0
-24 31 78 0
11 49 -65 0
17 -83 -89 0
-27 28 29 0
14 -47 -80 0
27 72 84 0
-47 81 91 0
32 34 80 0
56 -62 91 0
-20 32 82 0
-25 -36 45 0
-11 -46 -87 0
-9 27 -46 0
33 -82 -92 0
-25 -51 69 0
6 40 74 0
-28 62 -73 0
34 47 69 0
-6 -64 85 0
67 78 93 0
-34 69 -83 0
23 -63 64 0
56 78 79 0
22 -68 84 0
50 -87 -92 0
14 15 -37 0
28 34 98 0
-11 -48 61 0
47 -48 -89 0
42 -49 -79 0
30 -36 -93 0
9 -37 -83 0
-3 50 64 0
-45 76 0
30 62 -87 0
2 -32 96 0
-28 58 65 0
58 82 85 0
-66 -72 79 0
-17 -20 35 0
54 -80 91 0
-30 47 -90 0
14 54 81 0
21 -24 44 0
-3 53 -96 0
34 -69 -71 0
-67 76 -82 0
-2 48 97 0
15 30 68 0
2 -6 -37 0
-7 -8 -13 0
-2 -49 -73 0
29 -79 -91 0
-50 -53 70 0
-58 63 -89 0
31 52 56 0
-24 -32 59 0
-16 38 -72 0
34 -59 63 0
31 -37 88 0
13 67 -95 0
-82 86 -90 0
81 88 0
-20 34 -69 0
-62 -69 80 0
44 -68 75 0
34 44 95 0
27 -58 -89 0
41 -60 -85 0
52 77 -79 0
-39 -82 -92 0
2 -13 38 0
-3 -44 -84 0
16 -52 76 0
-28 35 -47 0
6 48 68 0
8 42 80 0
-15 27 -96 0
19 47 73 0
44 -78 -86 0
54 75 80 0
4 47 -63 0
-29 -49 -68 0
-32 45 -62 0
-44 -56 -71 0
-12 63 -76 0
-18 -47 -88 0
17 80 0
29 62 -72 0
-21 -59 76 0
-2 14 0
10 -54 79 0
