p cnf 79 258
-15 -34 79 0
-25 35 -64 0
8 -54 63 0
33 38 51 0
31 -55 59 0
10 64 66 0
-43 55 0
19 42 0
9 -38 -71 0
-23 -50 -67 0
11 40 66 0
31 -43 -69 0
-25 46 0
48 -53 61 0
8 -39 42 0
-36 -37 0
8 16 74 0
-11 22 -46 0
-28 47 -48 0
24 -41 71 0
4 18 -67 0
-25 27 67 0
24 50 72 0
-50 -64 -70 0
13 27 0
-37 -55 0
-13 42 -72 0
-3 9 -15 0
55 61 79 0
6 8 64 0
-2 5 0
5 11 0
-2 -35 66 0
16 47 -64 0
-49 70 0
-6 8 16 0
-33 46 -59 0
-19 -33 69 0
15 -29 -76 0
-27 -40 73 0
4 24 71 0
33 63 72 0
-29 32 56 0
31 -44 74 0
-31 59 -73 0
-17 -19 -52 0
-5 24 0
17 -27 61 0
55 61 68 0
-2 33 -73 0
-22 -40 60 0
-7 -16 -23 0
31 70 0
-32 -64 -66 0
35 -66 79 0
36 -41 0
-12 34 54 0
21 24 71 0
-1 -62 -66 0
-57 60 -65 0
22 54 0
-44 53 68 0
-31 45 58 0
-10 77 0
-36 -54 68 0
-45 46 53 0
-7 21 -56 0
-9 24 49 0
-4 -35 -40 0
-32 -51 -54 0
4 -14 16 0
5 13 -38 0
-9 15 0
-61 -73 0
-50 -51 57 0
-3 -4 -26 0
-14 -34 -43 0
-3 65 74 0
-7 -71 72 0
56 -62 0
3 -5 51 0
9 -70 0
5 -31 63 0
-23 -37 0
-23 41 51 0
43 60 64 0
21 -25 -78 0
-67 74 0
-3 12 18 0
29 32 -79 0
2 -19 27 0
-1 53 70 0
-1 49 67 0
16 24 0
45 -46 0
-4 7 -38 0
13 22 -64 0
-21 24 0
-7 36 64 0
-19 -24 -61 0
-47 52 0
-19 28 -77 0
-22 68 0
-30 -50 0
-21 -54 0
2 64 -71 0
-32 47 -49 0
-12 -31 73 0
-12 21 0
-45 -61 0
-7 -70 -76 0
-13 44 -68 0
17 -32 47 0
27 41 77 0
-34 55 -56 0
27 50 62 0
23 32 75 0
19 67 -75 0
15 -54 -58 0
30 57 79 0
7 -27 78 0
43 -67 73 0
-17 35 50 0
-55 73 -79 0
-1 56 66 0
9 -34 -46 0
-14 44 60 0
-4 17 0
9 -37 -44 0
18 -62 72 0
-24 -40 0
42 44 79 0
38 49 -79 0
-31 61 67 0
-3 21 31 0
-1 40 -61 0
-25 -38 -65 0
-7 25 -46 0
28 -55 72 0
-13 -56 0
-31 75 0
-23 47 0
14 -58 67 0
-11 58 0
8 16 41 0
38 -71 -76 0
-9 27 46 0
33 -49 74 0
4 -24 50 0
39 73 75 0
-41 78 0
-33 36 63 0
-11 36 75 0
-44 66 -69 0
7 -47 72 0
-7 37 0
7 21 75 0
-11 -36 -61 0
34 47 76 0
-17 -46 -72 0
21 -37 0
-62 -77 -78 0
1 -7 41 0
28 41 -42 0
18 53 66 0
66 -71 0
-6 -40 -72 0
5 -67 0
-55 76 0
45 -66 -77 0
14 -57 66 0
-2 -37 -54 0
39 42 -43 0
15 53 -72 0
26 45 -52 0
6 36 -71 0
-1 -20 40 0
-21 37 70 0
2 8 39 0
34 -46 -48 0
5 59 -73 0
40 63 0
3 -4 -75 0
4 13 -56 0
-10 -11 35 0
26 44 -45 0
14 35 45 0
-39 41 47 0
-35 38 54 0
-16 26 -46 0
-27 53 79 0
-6 31 57 0
29 -45 -46 0
41 51 0
36 70 -72 0
21 -32 0
33 43 57 0
15 16 -19 0
-5 -19 0
17 21 -71 0
-10 -32 78 0
-23 25 69 0
1 15 0
24 45 -70 0
-22 43 0
-3 -70 0
35 -42 -62 0
-38 -60 0
-61 -67 -69 0
19 -39 0
-12 -36 -42 0
-14 27 55 0
-42 78 -79 0
43 -53 75 0
-23 -64 70 0
-34 63 74 0
-37 -38 55 0
41 -50 71 0
-34 65 -69 0
-2 -23 52 0
5 -19 0
-36 51 58 0
-15 34 50 0
-45 -57 75 0
-10 -24 69 0
22 -26 -69 0
29 -33 -44 0
-61 73 -76 0
12 -41 79 0
-14 -18 0
5 38 0
-20 -64 75 0
-7 -13 -59 0
13 43 55 0
-57 65 0
6 -15 0
6 42 47 0
5 -18 67 0
-12 57 0
5 -37 -45 0
25 -26 36 0
-9 -24 -28 0
8 -23 0
-12 21 26 0
17 27 -57 0
9 -16 -21 0
-75 78 0
-39 -46 0
44 -50 -65 0
59 68 -77 0
1 -53 64 0
-11 -28 -40 0
-5 11 -48 0
-39 -62 0
3 -42 52 0
33 50 62 0
-24 51 60 0
43 -62 -72 0
