p cnf 87 316
15 -33 0
-12 46 -68 0
-43 59 -77 0
9 11 -75 0
31 45 0
73 -86 0
-25 -52 83 0
-52 -85 0
27 -50 0
9 53 -59 0
27 36 0
21 63 -71 0
-17 -53 0
-53 60 -66 0
26 37 0
46 -71 0
-23 34 72 0
33 60 -64 0
8 17 -73 0
-64 70 -82 0
-9 14 70 0
-37 73 0
-14 -56 69 0
34 -58 0
19 51 -63 0
38 -55 -70 0
-12 36 -48 0
52 -68 -85 0
-29 57 -60 0
4 -81 0
7 23 -39 0
-26 36 0
-38 -44 -49 0
5 -39 64 0
-17 31 33 0
17 -30 68 0
-3 8 0
5 15 -53 0
5 -19 67 0
13 -17 0
3 39 -41 0
-46 -52 -79 0
39 42 -64 0
16 47 -84 0
31 -86 0
-2 -36 63 0
-24 32 73 0
-12 -15 34 0
26 32 47 0
-8 -46 -86 0
-28 57 77 0
-34 -54 87 0
41 -67 76 0
65 70 0
-16 74 0
-28 -61 -75 0
-56 -81 -86 0
8 -56 0
-2 -9 -10 0
-19 -23 86 0
16 23 -53 0
-28 51 0
4 -28 -80 0
-9 -24 62 0
32 56 79 0
32 45 63 0
-26 -53 -68 0
62 -66 75 0
-9 11 -33 0
17 -66 0
17 -25 -47 0
-74 -82 0
-24 26 0
-4 40 -81 0
-29 76 -82 0
1 -58 -81 0
17 -42 -84 0
10 48 81 0
42 58 80 0
39 -48 53 0
13 45 47 0
14 -45 86 0
-12 -13 -41 0
-2 9 -44 0
-26 -59 -78 0
80 -81 -86 0
-18 -61 -67 0
-24 25 -66 0
-18 48 69 0
-27 -42 -77 0
15 -27 -73 0
1 -37 72 0
18 32 -50 0
-23 25 42 0
-33 46 52 0
-25 -68 70 0
-23 -30 83 0
11 -14 -83 0
19 57 0
7 -82 84 0
-19 76 0
-1 -10 -51 0
34 -74 75 0
57 -69 84 0
37 55 -71 0
24 -79 0
-1 -81 86 0
-36 57 0
47 76 0
-8 43 70 0
13 70 -79 0
28 56 0
9 -45 -76 0
-14 26 -45 0
-16 28 47 0
-22 -33 -81 0
3 47 76 0
15 -26 -55 0
5 49 70 0
-16 20 -68 0
8 -33 0
20 -32 56 0
35 50 -83 0
42 -55 -58 0
-40 44 -76 0
-37 -43 67 0
4 18 86 0
4 -37 0
-30 57 0
-24 65 68 0
-6 -12 -25 0
37 47 -85 0
-45 -60 84 0
-45 -67 75 0
14 65 79 0
6 -29 56 0
39 -46 47 0
-9 32 87 0
2 77 83 0
-28 -70 -86 0
-32 51 -83 0
57 -70 83 0
62 -77 87 0
-5 49 73 0
-1 -64 -84 0
10 19 -35 0
-15 77 80 0
25 64 -67 0
7 75 -85 0
-21 -27 69 0
12 -31 -64 0
50 -60 -78 0
50 -70 75 0
-13 -60 -79 0
-51 -52 0
-37 42 77 0
17 26 -61 0
10 75 0
43 67 0
-48 -67 0
11 -60 -85 0
42 80 0
21 68 -86 0
-17 -34 46 0
43 -63 64 0
18 -41 64 0
-33 75 82 0
-1 -47 -81 0
-29 -59 77 0
-29 -34 63 0
27 -65 80 0
-13 81 -87 0
3 21 42 0
53 -67 0
21 -24 0
-49 73 0
1 9 -49 0
-1 -25 30 0
-14 -64 68 0
53 65 -82 0
1 44 -59 0
-42 47 -78 0
30 47 -64 0
49 50 75 0
9 -61 -81 0
35 -38 -59 0
40 -87 0
-2 27 56 0
20 -51 -60 0
-14 25 -73 0
63 -82 84 0
61 64 82 0
-5 61 0
8 10 -87 0
30 49 -82 0
-25 74 0
-37 -59 0
3 53 0
-36 44 63 0
-14 34 49 0
4 30 45 0
30 37 58 0
37 44 61 0
30 53 -78 0
61 -82 87 0
10 -24 -61 0
-10 45 0
21 47 0
35 49 0
20 42 0
15 -17 26 0
8 59 0
-47 49 0
-58 67 -75 0
40 -54 0
37 43 61 0
41 -57 61 0
27 44 -65 0
-13 -41 -75 0
20 -70 0
8 83 0
66 -76 0
24 69 87 0
14 -15 -44 0
-21 -76 0
-12 -15 -35 0
-23 55 79 0
5 14 0
30 78 0
-11 16 68 0
-32 36 42 0
-12 -24 -74 0
18 51 61 0
-44 -65 -87 0
-30 -40 68 0
-7 -26 62 0
-7 -33 60 0
13 -22 84 0
44 -60 82 0
25 47 -68 0
-13 42 74 0
19 64 -83 0
5 -78 0
-6 -19 67 0
17 18 63 0
-26 -28 -86 0
-55 57 85 0
5 -59 0
21 -33 62 0
39 -73 78 0
32 35 58 0
-13 32 -33 0
-20 -43 -73 0
6 -48 -84 0
-11 -44 -66 0
11 -12 -20 0
1 -13 33 0
-60 78 0
-18 -37 -66 0
2 -18 0
46 -53 -66 0
-14 -44 85 0
25 -46 -69 0
53 -56 -82 0
15 27 -78 0
22 33 -73 0
14 27 58 0
-14 -21 64 0
-19 21 0
-4 62 -76 0
-38 53 -79 0
6 25 -63 0
-11 -29 -33 0
-50 -85 0
60 -61 72 0
3 66 69 0
-50 55 58 0
2 -55 0
45 -52 -80 0
-18 -20 21 0
-24 26 -38 0
3 -37 45 0
-47 -81 0
-47 55 0
-18 -32 40 0
-32 -39 -76 0
26 -40 -44 0
-21 69 73 0
38 -75 0
-60 67 0
8 -21 -70 0
-12 53 -86 0
8 -26 -83 0
7 80 0
-48 74 77 0
1 -8 -81 0
-20 -65 79 0
47 70 -87 0
13 25 -68 0
15 -70 -76 0
3 18 -41 0
43 -47 66 0
19 48 75 0
3 -79 -83 0
-57 -68 -83 0
-15 70 86 0
-33 40 -66 0
9 -39 -52 0
-35 -66 -80 0
2 -41 66 0
-34 55 0
-11 45 -68 0
-3 10 0
30 60 -76 0
-19 -35 -68 0
47 -53 0
