p cnf 92 356
-9 -16 46 0
-28 -88 91 0
-11 -34 37 0
64 70 87 0
22 30 -68 0
-5 -15 -84 0
-41 63 0
19 -65 -81 0
24 36 -39 0
7 -22 82 0
1 38 70 0
-53 54 -62 0
14 -29 70 0
31 66 -84 0
-17 -37 86 0
11 -28 -57 0
11 -15 47 0
10 31 62 0
-18 -71 77 0
10 -34 88 0
-35 -46 -51 0
2 -40 0
6 -86 0
1 -4 27 0
-47 -85 89 0
10 58 67 0
-18 -68 74 0
26 66 81 0
71 -84 90 0
17 20 28 0
-8 -68 79 0
-45 55 -62 0
15 -32 -65 0
23 -24 -65 0
-29 53 55 0
50 -60 -69 0
17 51 -56 0
-65 72 74 0
27 -42 -64 0
8 -50 64 0
28 -48 73 0
47 55 -74 0
28 -34 78 0
20 31 -51 0
-9 -21 86 0
-20 68 88 0
-4 -36 0
-28 -36 0
-2 33 75 0
-25 -27 0
25 -48 63 0
22 63 74 0
-25 68 74 0
9 -47 -88 0
-62 -70 -87 0
25 51 -77 0
-23 -29 44 0
51 -61 76 0
-23 -58 -91 0
6 -15 -74 0
12 41 88 0
77 -79 0
14 -18 -37 0
48 -50 -63 0
-12 76 89 0
29 84 85 0
47 79 -86 0
-51 -71 0
35 -46 70 0
22 26 -59 0
43 -53 -88 0
-41 81 91 0
-1 -28 88 0
-23 79 0
15 24 -63 0
-27 -45 52 0
-17 -59 85 0
31 -36 -48 0
-7 51 -72 0
-57 -64 -89 0
-12 17 43 0
-73 -88 0
6 41 68 0
-12 79 90 0
-30 74 0
18 -26 -79 0
-36 61 -69 0
-1 26 -48 0
-10 -68 0
-2 60 88 0
-30 -77 81 0
21 -45 -50 0
33 36 -81 0
-3 -4 -25 0
-26 32 -34 0
24 66 71 0
-9 -71 76 0
-7 -57 -88 0
19 67 85 0
16 26 -28 0
23 41 44 0
32 45 -86 0
-12 83 0
72 74 -75 0
-3 -42 -69 0
1 -15 23 0
13 19 -67 0
28 -56 0
-22 -42 0
-24 -41 48 0
-16 36 37 0
18 -56 82 0
-12 67 -84 0
-33 -66 77 0
-14 16 17 0
33 -51 -60 0
30 34 -53 0
-12 86 -89 0
-2 -68 -89 0
-43 78 87 0
-19 -29 -78 0
27 -61 -90 0
10 -39 0
17 27 -69 0
16 58 84 0
-19 46 67 0
30 -47 63 0
22 37 40 0
-54 81 0
15 -34 -78 0
-36 -40 83 0
11 24 -42 0
-11 -18 28 0
-78 85 86 0
-42 47 62 0
-51 -69 83 0
26 -80 81 0
5 11 71 0
-7 -57 -83 0
-1 -67 -90 0
18 33 53 0
7 22 -63 0
26 -42 46 0
-67 77 86 0
-7 22 65 0
21 -27 63 0
17 42 -65 0
23 49 -51 0
-4 50 -58 0
44 71 89 0
1 26 -34 0
30 -60 70 0
-5 46 0
-1 -51 -77 0
17 43 64 0
37 52 57 0
37 -59 -70 0
25 28 54 0
18 38 -57 0
21 -53 62 0
19 -60 -62 0
-6 -21 53 0
-28 41 -80 0
-26 -40 80 0
64 -72 -84 0
-5 53 -62 0
-2 -14 42 0
-34 50 -68 0
15 45 -79 0
-18 -38 -57 0
-18 72 -90 0
-8 13 -22 0
20 -41 74 0
1 -19 -79 0
70 -74 0
-41 50 -64 0
10 47 -76 0
-17 50 -76 0
-4 -72 77 0
20 45 79 0
12 25 -28 0
-17 -69 81 0
46 -49 0
7 18 -90 0
-13 -50 91 0
59 -62 88 0
20 -23 50 0
-1 80 92 0
45 50 -52 0
-36 61 0
-8 -36 83 0
21 -88 0
-14 54 -76 0
23 41 -59 0
30 61 69 0
-83 -89 0
64 -85 -87 0
1 24 -34 0
61 -68 88 0
-30 -54 -58 0
23 56 67 0
24 -52 82 0
-44 -54 -72 0
47 -77 82 0
31 -77 -87 0
35 -47 -72 0
-9 -60 -63 0
14 -47 -74 0
-50 -66 84 0
-10 69 88 0
9 33 0
7 -23 87 0
53 76 0
12 15 0
-22 39 -58 0
-3 37 65 0
2 26 75 0
-26 41 68 0
25 -32 -39 0
4 -8 21 0
-30 -68 0
13 -71 81 0
-24 -71 0
31 -77 87 0
14 -50 -84 0
-11 -46 60 0
-13 39 -76 0
-40 59 87 0
18 69 -89 0
-15 -62 -74 0
-16 -44 -72 0
-68 87 0
-13 21 -35 0
-15 16 17 0
29 -64 -80 0
32 -37 -84 0
46 -55 -77 0
51 57 0
15 58 74 0
5 20 -28 0
33 -74 0
16 -44 65 0
-29 -84 -88 0
83 87 89 0
-42 71 -90 0
-2 9 70 0
-13 -25 0
83 91 0
14 60 -84 0
-61 -66 81 0
3 -15 0
36 -45 48 0
19 -32 50 0
-11 19 -71 0
22 -90 0
-8 -13 0
64 -77 -81 0
3 -26 79 0
-12 15 57 0
8 -11 -23 0
-8 38 -85 0
8 -25 -61 0
62 -67 73 0
4 56 -86 0
45 87 89 0
-9 -13 39 0
6 22 -45 0
-22 71 0
-22 73 81 0
-25 -37 -55 0
45 62 65 0
-5 -62 72 0
6 -18 63 0
25 42 -90 0
-61 -66 70 0
49 -68 -88 0
-14 21 91 0
-17 75 85 0
38 -70 -89 0
-2 26 61 0
51 57 -92 0
-61 -67 88 0
8 9 72 0
-10 24 -65 0
-15 -30 73 0
44 58 68 0
22 -31 80 0
43 45 69 0
-46 -83 89 0
68 88 0
54 81 0
-21 -39 0
25 -46 -55 0
16 -41 43 0
-28 32 72 0
13 -24 -32 0
3 67 -85 0
32 -50 -89 0
-1 -5 81 0
63 -84 -85 0
-38 -42 65 0
-12 43 -58 0
46 52 91 0
-6 17 -59 0
20 33 -72 0
9 -56 82 0
-15 -58 91 0
30 36 68 0
-15 -52 59 0
26 -48 -87 0
31 -64 0
-13 -28 75 0
-22 -32 -49 0
-15 -70 79 0
-46 48 0
7 70 91 0
-18 -49 -87 0
-2 8 56 0
14 61 89 0
-5 -18 0
36 -77 -80 0
-10 -48 -91 0
-49 71 -79 0
8 71 79 0
-44 -87 92 0
-40 77 84 0
11 29 73 0
-7 -32 87 0
18 -24 55 0
-34 36 -38 0
2 50 -54 0
47 -71 -73 0
14 67 -90 0
-33 -34 0
-52 56 -88 0
-18 -65 -74 0
-1 -49 73 0
-8 -73 -92 0
-15 26 43 0
-57 60 -64 0
-71 78 -90 0
14 17 56 0
-22 -50 -51 0
63 79 85 0
30 -71 -81 0
12 66 -90 0
22 -24 46 0
68 76 -79 0
60 64 -90 0
-5 73 -88 0
7 28 -48 0
-7 -45 -84 0
-5 46 84 0
7 -52 90 0
1 -69 -91 0
-18 43 62 0
