p cnf 88 324
29 -45 58 0
7 54 -55 0
-9 -39 80 0
-13 15 44 0
-10 74 0
18 -58 78 0
-20 -24 -76 0
22 -33 71 0
-4 55 75 0
19 62 74 0
8 24 -81 0
-20 39 60 0
26 -32 -39 0
-20 56 -88 0
-4 -5 -50 0
-30 -51 0
18 -65 0
-81 87 0
6 64 86 0
-2 -27 -50 0
3 35 79 0
-43 -51 -84 0
-49 50 -59 0
25 -32 73 0
-8 71 0
-2 7 44 0
26 -31 35 0
13 71 0
51 -77 -78 0
-23 75 0
-6 31 38 0
-35 -64 0
-33 -75 -79 0
-24 -42 0
-10 35 0
-40 57 -76 0
35 61 -78 0
-22 -72 82 0
15 -22 -52 0
1 10 18 0
-1 -15 65 0
27 -55 63 0
-27 -80 0
-32 51 70 0
25 71 73 0
13 -36 47 0
-4 54 84 0
15 57 0
-9 15 85 0
11 43 -76 0
-23 -51 65 0
8 -48 0
-15 -54 55 0
39 -54 -57 0
44 -64 -79 0
-8 13 85 0
39 -49 -72 0
24 -61 -76 0
-54 73 0
34 -43 0
10 51 0
56 72 0
36 70 0
7 -43 61 0
-62 69 -86 0
-10 18 76 0
-50 -57 64 0
19 24 -62 0
18 19 0
-19 -58 72 0
-20 -42 88 0
-17 -57 68 0
14 -36 55 0
-10 73 82 0
-9 -80 -86 0
6 -58 -77 0
-4 -23 -53 0
25 -50 -85 0
-15 19 -45 0
-26 29 -31 0
-33 -42 0
-2 -67 -80 0
34 -36 0
-24 74 82 0
-59 -73 -80 0
-15 -79 82 0
-45 60 -70 0
-17 46 -48 0
29 49 67 0
-8 56 -65 0
-20 44 0
-1 81 0
-20 40 -84 0
34 -51 -82 0
-14 72 86 0
-35 -47 -53 0
5 13 -83 0
-33 64 -73 0
18 -58 -83 0
4 53 75 0
-1 -53 0
19 69 0
7 39 79 0
-14 45 59 0
-11 70 81 0
-5 9 54 0
-19 57 67 0
-3 -22 84 0
3 48 -60 0
-35 51 -68 0
-46 49 70 0
-20 -27 0
-22 -76 80 0
26 81 -82 0
51 65 0
-13 -17 -33 0
24 -70 75 0
18 70 75 0
18 38 0
-14 19 -73 0
-9 12 -48 0
-33 55 0
-2 -68 -77 0
4 47 0
-31 36 0
20 24 -77 0
-27 52 -77 0
-5 -12 64 0
19 -40 -87 0
5 60 71 0
5 27 -86 0
17 -50 87 0
-40 50 55 0
-5 61 -64 0
17 43 86 0
-24 72 -76 0
10 61 -88 0
-28 68 0
-29 -60 -84 0
-43 -51 -82 0
-43 54 69 0
26 33 0
-13 -52 87 0
41 -66 -83 0
8 15 56 0
37 44 66 0
13 -16 46 0
20 -58 -72 0
9 57 0
28 56 64 0
5 51 79 0
49 -65 0
-45 -73 0
-13 -45 71 0
-4 -46 -54 0
-16 19 0
37 -66 -88 0
6 -8 -30 0
-8 -14 75 0
2 15 -60 0
73 78 0
-68 77 83 0
-15 43 -64 0
33 -70 79 0
-32 -51 0
-30 41 -48 0
20 50 -63 0
-25 39 47 0
51 -79 0
19 -62 0
28 59 -81 0
-11 34 45 0
10 37 -65 0
2 32 -49 0
9 -25 31 0
8 29 -51 0
33 -47 62 0
43 -82 0
64 70 75 0
32 55 -87 0
40 -57 64 0
-40 84 0
-56 57 -61 0
-7 60 -65 0
-20 -31 86 0
-3 -5 -86 0
-16 29 0
44 -76 -88 0
34 35 40 0
2 -17 -35 0
-15 42 76 0
-11 25 -64 0
-10 -18 -84 0
4 -56 0
16 79 0
23 -38 -66 0
4 7 0
-11 -18 -20 0
14 24 -60 0
30 -45 53 0
-44 69 0
-48 -69 80 0
-27 35 0
53 -58 -83 0
23 25 41 0
28 62 -82 0
29 41 -78 0
-4 23 48 0
-13 -15 -34 0
-9 -55 78 0
-46 -47 0
4 75 83 0
-17 -27 36 0
54 71 82 0
-7 18 -50 0
-9 -28 36 0
31 32 70 0
-21 31 50 0
-15 56 -83 0
-67 84 0
20 54 -56 0
1 -76 0
-28 29 -62 0
2 3 -41 0
-38 43 84 0
7 41 64 0
-28 -32 -55 0
36 -39 47 0
-19 25 -44 0
-9 -51 -57 0
5 11 -54 0
-14 38 71 0
18 34 -74 0
-7 48 77 0
-7 29 -56 0
22 -75 88 0
-20 -71 -83 0
41 -57 0
60 61 -68 0
13 49 51 0
-10 -58 84 0
-29 36 -59 0
5 34 -75 0
-35 -53 88 0
-31 -78 -79 0
-30 -59 0
-2 -35 0
12 -43 -45 0
-33 51 81 0
11 -80 -83 0
-51 -52 0
-41 43 60 0
14 59 60 0
8 -51 -62 0
-10 -39 -88 0
-19 47 -53 0
-38 -62 75 0
9 73 0
-16 -69 0
39 72 86 0
73 81 0
-25 -74 84 0
-30 -36 -73 0
-29 -34 87 0
-6 -12 0
7 -55 -79 0
44 52 -72 0
4 -22 88 0
12 25 85 0
30 36 -57 0
14 -16 74 0
13 -72 73 0
31 -61 0
10 -74 84 0
34 -73 84 0
-9 64 87 0
39 -51 73 0
6 -31 77 0
13 27 51 0
-3 -19 42 0
18 -24 -81 0
54 -78 -83 0
-20 -21 -40 0
61 76 -82 0
84 -85 0
-1 86 0
5 23 -47 0
-4 -19 37 0
-41 48 0
66 -77 -84 0
59 -63 65 0
-27 -45 0
-23 70 78 0
24 68 -86 0
-18 -21 -84 0
45 57 -79 0
-27 -35 86 0
-43 -70 75 0
19 35 43 0
-10 -16 48 0
-39 48 -70 0
4 -39 48 0
19 -22 -48 0
-14 -36 -75 0
4 -34 -36 0
15 -29 -41 0
58 69 85 0
-55 71 -75 0
-10 -16 28 0
-36 37 57 0
-6 44 -81 0
25 77 0
-61 65 0
82 88 0
-24 63 -78 0
-8 -9 36 0
-1 24 0
30 -66 0
-26 -57 65 0
-5 -7 -86 0
-35 -50 0
-37 -70 0
75 87 0
-33 41 76 0
