p cnf 95 374
37 -52 -59 0
-48 -50 -67 0
45 60 -90 0
-24 -54 75 0
50 -75 83 0
18 19 39 0
14 -52 56 0
-4 95 0
10 -90 93 0
53 57 -70 0
-26 -62 0
-10 67 -77 0
80 85 -86 0
-56 69 84 0
-2 80 0
51 -53 -75 0
37 -69 70 0
-9 36 57 0
75 84 93 0
49 82 -91 0
-47 -65 -79 0
46 48 84 0
28 34 89 0
-31 -44 70 0
2 -47 -60 0
40 -46 47 0
-27 -30 -67 0
30 -59 91 0
36 63 94 0
16 25 36 0
-15 43 64 0
39 -89 93 0
-9 11 13 0
-16 -24 26 0
2 19 -87 0
-25 42 -47 0
37 75 -79 0
-10 67 0
26 -45 -64 0
23 75 -77 0
-10 -19 43 0
8 27 -50 0
-60 -88 -93 0
79 87 91 0
26 -44 91 0
23 33 42 0
61 91 -93 0
9 -29 78 0
-5 53 78 0
-18 35 49 0
-3 -58 0
20 36 -66 0
12 17 85 0
-21 -86 0
8 -26 52 0
55 86 -88 0
7 -13 95 0
-23 -56 92 0
87 -92 -93 0
-16 20 61 0
-78 -82 -88 0
31 -50 86 0
28 -80 0
72 77 -86 0
-15 -40 71 0
40 -62 65 0
-6 -16 -60 0
-16 -68 0
1 21 -36 0
-26 53 90 0
6 -44 82 0
-29 -43 91 0
15 21 87 0
16 21 35 0
17 27 43 0
-32 -73 82 0
-9 -58 71 0
60 80 -88 0
23 35 -58 0
12 32 -55 0
15 25 81 0
2 5 19 0
-23 48 53 0
-45 66 72 0
79 86 -91 0
-21 -48 74 0
-10 37 56 0
-12 45 50 0
-60 -64 -70 0
24 76 0
13 49 -58 0
18 20 -62 0
12 -35 -80 0
-21 27 -65 0
23 26 73 0
-33 -41 82 0
-6 -48 77 0
32 -35 38 0
49 54 92 0
-13 -18 57 0
-13 -58 78 0
33 -71 0
15 -52 -69 0
18 -39 86 0
8 36 81 0
-14 -32 -79 0
-59 83 -87 0
1 -11 -50 0
3 14 47 0
-12 -18 65 0
-23 -30 85 0
49 -50 -75 0
4 -28 57 0
-29 86 -94 0
-53 81 -95 0
13 26 76 0
19 -87 0
14 -25 -48 0
-24 91 0
-7 29 53 0
9 -20 48 0
-41 43 -72 0
-2 -7 -81 0
4 -23 -64 0
-10 -13 -58 0
-39 67 -91 0
-13 35 -66 0
-16 44 -89 0
29 -49 94 0
5 -6 -54 0
-43 -54 0
6 22 -63 0
19 -68 -75 0
-46 -86 0
17 23 -69 0
-41 43 90 0
-4 38 75 0
-51 -62 90 0
19 82 0
-13 -14 -59 0
-8 -40 41 0
13 85 93 0
-31 -91 0
33 -49 -63 0
-8 21 83 0
25 -35 57 0
20 -58 -85 0
-26 -58 79 0
-13 -38 -84 0
9 13 46 0
20 -27 53 0
-10 50 64 0
55 58 64 0
8 -59 68 0
13 91 94 0
4 7 -80 0
5 81 88 0
48 53 -76 0
42 53 -73 0
30 -33 -50 0
-52 -73 87 0
-39 69 83 0
46 50 -93 0
-40 95 0
10 -38 -68 0
32 60 74 0
-14 50 53 0
-9 -35 91 0
-64 67 83 0
24 -27 57 0
-2 -43 90 0
3 16 0
-3 44 -48 0
28 -34 -53 0
12 32 -47 0
-40 -52 -56 0
-26 -68 85 0
2 33 -91 0
88 -92 0
19 74 86 0
8 61 -64 0
-52 -55 57 0
-8 -45 94 0
49 -87 -88 0
-23 25 31 0
47 51 -58 0
-44 -62 71 0
-3 10 -80 0
23 36 -69 0
33 -36 -62 0
-46 -55 70 0
-17 -56 -74 0
48 -65 92 0
53 61 62 0
-22 -26 -30 0
84 -87 89 0
8 -55 -70 0
3 35 69 0
-21 -31 76 0
21 55 84 0
5 -24 -49 0
36 -54 -93 0
-6 49 -50 0
17 69 92 0
30 51 73 0
-17 -48 78 0
3 -40 0
20 -37 -49 0
71 89 -93 0
-16 -57 -77 0
-9 16 -26 0
58 59 62 0
36 73 -85 0
-24 -45 77 0
-5 -18 -73 0
10 75 0
26 -68 -93 0
24 -49 -70 0
-64 -75 -80 0
-48 -65 0
-42 58 70 0
4 37 -73 0
48 -54 -57 0
11 -72 -79 0
10 32 -93 0
52 -53 -78 0
-9 -48 49 0
-4 -27 57 0
-29 -47 49 0
-22 27 86 0
2 -11 -21 0
15 29 73 0
19 -29 58 0
-19 62 -83 0
-83 92 93 0
-33 71 -92 0
-8 9 24 0
12 28 -42 0
-29 62 -76 0
28 30 -88 0
-14 -40 -54 0
8 78 93 0
-34 49 82 0
-64 -81 -89 0
-54 63 89 0
48 -69 89 0
25 -35 -68 0
-11 37 52 0
-43 -50 -83 0
36 -58 90 0
-28 52 79 0
-22 -72 94 0
44 -61 64 0
3 37 -68 0
24 51 57 0
-7 18 -90 0
-9 62 67 0
-19 -30 59 0
-2 46 -82 0
51 -54 -83 0
-68 69 71 0
6 -23 79 0
-2 -4 -81 0
-37 -42 -73 0
-4 -10 58 0
29 -51 65 0
-22 53 -56 0
22 24 50 0
44 -86 -90 0
50 60 62 0
5 -47 -88 0
62 -74 82 0
3 -20 -77 0
-40 -92 -93 0
6 22 -93 0
-39 59 -82 0
14 51 -60 0
55 -64 -65 0
-15 41 -45 0
-3 -7 51 0
17 -39 95 0
-1 -51 -56 0
65 74 90 0
-46 56 -89 0
26 -31 -91 0
22 -65 70 0
3 -13 -34 0
7 -19 43 0
8 54 60 0
22 -28 -84 0
32 -66 -80 0
-9 29 -54 0
2 53 -64 0
-52 78 0
5 7 12 0
3 48 -57 0
-16 29 -62 0
12 46 48 0
-35 -38 57 0
65 66 67 0
73 79 -84 0
25 41 0
-4 -70 -89 0
65 84 0
-26 58 85 0
-75 -77 -80 0
3 -24 37 0
-7 -23 -59 0
-25 -35 -69 0
24 40 71 0
31 44 -80 0
-35 -39 72 0
7 69 -90 0
-14 -55 66 0
-47 -64 70 0
4 -25 -51 0
-3 -19 44 0
-18 -69 85 0
36 61 89 0
-4 32 -80 0
-10 -68 0
-64 74 75 0
41 56 0
6 -11 -37 0
-69 -79 0
10 -36 64 0
3 30 -42 0
-46 -47 93 0
28 68 70 0
52 83 89 0
-28 -38 87 0
-47 74 77 0
-21 72 -87 0
24 -32 -61 0
-6 11 -15 0
-28 -38 49 0
54 -70 -85 0
-5 -56 88 0
-13 -64 -78 0
17 44 71 0
-47 55 -56 0
-62 -69 81 0
-36 -76 -87 0
42 59 -63 0
59 66 70 0
-61 81 94 0
-15 -26 70 0
-31 91 93 0
-9 76 -81 0
9 -40 48 0
13 24 -87 0
-23 -39 -65 0
23 49 81 0
-42 -54 71 0
50 81 92 0
8 59 64 0
7 -10 -32 0
77 -93 0
8 40 91 0
45 -76 89 0
-15 45 -61 0
64 -93 0
-12 -37 -52 0
10 43 94 0
4 -54 75 0
-23 33 63 0
-19 66 70 0
-20 -39 -71 0
-1 28 -90 0
19 20 46 0
-38 48 87 0
42 -47 -57 0
9 -80 86 0
47 -59 95 0
