p cnf 86 330
-30 55 0
-67 72 75 0
-34 62 74 0
10 26 -65 0
-69 -76 -78 0
11 28 35 0
-35 40 60 0
1 -7 -62 0
-3 -49 -79 0
24 28 67 0
-53 -76 0
45 -72 0
-16 59 -71 0
18 52 0
7 31 37 0
28 36 0
8 -42 -85 0
2 17 -80 0
49 50 -53 0
17 75 0
38 -63 73 0
24 -45 69 0
-8 52 -57 0
20 63 -67 0
13 25 -28 0
3 -19 38 0
1 -63 -68 0
-17 -30 -77 0
7 17 -80 0
-13 -23 -51 0
-16 48 72 0
19 -24 72 0
41 -45 -46 0
-8 65 80 0
9 32 -40 0
15 -40 0
30 34 45 0
-1 27 -44 0
30 34 84 0
4 74 0
7 40 68 0
-2 -42 79 0
-1 19 31 0
32 38 -80 0
-30 35 46 0
15 16 78 0
43 63 0
2 -56 -77 0
1 48 0
-22 29 -31 0
20 -43 45 0
19 25 -38 0
4 36 0
12 -34 -80 0
-31 -59 77 0
8 30 -70 0
39 64 0
-17 19 -67 0
-47 52 71 0
-4 11 -13 0
-32 -44 67 0
26 53 -81 0
29 53 83 0
35 61 -80 0
33 56 -74 0
-21 -43 -61 0
-12 41 52 0
11 -75 0
16 -71 -76 0
64 -82 85 0
22 26 47 0
-2 61 0
47 -62 77 0
13 17 0
3 -28 44 0
52 -73 -74 0
-52 58 68 0
-2 58 -73 0
30 -52 -79 0
29 48 70 0
72 74 76 0
63 -80 -83 0
-29 52 0
4 41 -55 0
-29 51 -86 0
21 48 -66 0
-7 -22 -68 0
35 53 75 0
-39 53 77 0
-6 -19 65 0
22 -27 67 0
-25 -43 -58 0
-5 10 35 0
17 -41 42 0
8 -17 66 0
-35 36 85 0
-2 34 -57 0
4 -16 67 0
2 35 -78 0
67 -73 -74 0
47 85 0
-2 10 22 0
-23 -29 -53 0
-14 -32 53 0
12 47 -61 0
1 -30 49 0
23 -75 80 0
-9 17 28 0
-13 22 0
-21 70 -78 0
31 -34 -59 0
-7 -31 -68 0
-2 34 -78 0
33 36 -79 0
-59 -67 -71 0
-32 44 52 0
-12 -30 31 0
1 -2 -16 0
30 -78 0
48 68 -84 0
-31 54 86 0
26 28 -70 0
-9 58 86 0
-10 27 46 0
10 -11 -44 0
-50 52 -64 0
29 -57 0
-26 -52 81 0
1 -29 76 0
-9 -30 -51 0
24 -58 0
-7 48 -71 0
-28 41 -52 0
-50 85 0
-35 56 0
32 71 0
-14 -36 47 0
-20 53 0
-27 68 73 0
11 -56 78 0
-17 40 64 0
-14 19 -64 0
16 25 -46 0
18 -84 0
61 -67 0
9 38 73 0
-6 -10 33 0
-23 -40 -72 0
-41 -51 -77 0
-1 26 -72 0
49 -55 -76 0
-1 -22 56 0
-5 32 85 0
-5 9 46 0
-21 61 -80 0
-12 -18 62 0
-13 54 -55 0
-10 -65 -77 0
45 -79 -80 0
23 25 48 0
-8 39 0
-63 72 0
9 -61 0
34 56 -60 0
39 -44 -84 0
24 33 50 0
2 63 0
1 -39 82 0
-15 66 -68 0
-20 24 0
6 49 72 0
32 55 86 0
16 24 -72 0
40 -45 71 0
-15 -24 -70 0
-13 -79 -86 0
-6 -17 24 0
-31 81 83 0
-40 59 -66 0
20 67 0
-23 -35 0
-6 47 -53 0
-14 63 0
-55 -80 0
27 83 0
34 -42 0
-4 18 33 0
-34 -77 80 0
6 27 46 0
58 62 84 0
12 30 38 0
35 -53 0
-22 23 82 0
21 -42 75 0
-48 52 -83 0
-2 -22 79 0
45 66 67 0
39 63 0
24 -80 86 0
-22 -76 -86 0
-6 -41 0
-40 -59 76 0
35 -39 75 0
21 -26 73 0
-31 73 85 0
-19 32 50 0
-12 -22 -75 0
8 -35 61 0
-2 47 -63 0
24 27 -67 0
8 -40 63 0
-2 -8 15 0
-35 -39 76 0
6 29 81 0
-41 -47 0
37 69 71 0
-12 38 0
-6 63 -75 0
-23 -42 70 0
12 -70 85 0
-27 53 69 0
61 65 0
-2 -62 -81 0
47 -82 0
-9 -44 56 0
4 -63 72 0
-1 35 68 0
-38 -48 -50 0
3 15 38 0
11 -60 0
-20 83 0
20 -45 -66 0
6 34 55 0
-5 -23 40 0
18 -35 -75 0
25 42 -52 0
-16 -29 0
60 -75 0
-14 28 -63 0
-29 44 -58 0
41 -65 -72 0
68 -77 0
8 -23 60 0
-2 68 -81 0
57 -85 0
-31 37 -69 0
-4 48 -50 0
53 60 73 0
-37 -46 -48 0
1 51 -73 0
36 -46 59 0
-42 -61 0
21 -38 -51 0
-58 60 72 0
52 56 74 0
46 -85 0
-7 20 -82 0
-39 -63 0
-36 48 0
-3 -17 -56 0
-14 21 -72 0
5 -80 82 0
28 48 76 0
-17 24 29 0
8 61 -81 0
4 -66 0
43 -79 -80 0
-24 43 -51 0
-11 55 -76 0
-29 32 71 0
15 -25 -57 0
54 -66 74 0
-34 -58 -77 0
22 33 76 0
-17 20 59 0
30 -34 80 0
-56 62 -68 0
32 47 86 0
-9 -41 78 0
53 69 72 0
-64 80 81 0
2 -46 0
-37 63 77 0
-13 -50 65 0
1 -19 -29 0
25 62 0
-30 79 -83 0
26 -56 77 0
12 -25 32 0
34 44 -80 0
-2 -4 59 0
-18 -47 -61 0
57 -76 82 0
14 -24 79 0
6 -25 -74 0
40 -53 61 0
29 50 81 0
-1 67 71 0
-13 47 66 0
-64 -68 73 0
-25 -40 71 0
-34 -82 0
-37 55 76 0
58 81 82 0
4 -16 -66 0
-18 33 -39 0
48 57 0
-10 12 83 0
10 -52 0
-32 -36 60 0
-30 -59 74 0
-27 68 -75 0
18 41 81 0
-28 40 80 0
-31 64 0
5 -47 -65 0
-22 -29 0
-4 55 -78 0
-48 69 0
51 70 79 0
29 -35 -79 0
-18 25 -54 0
30 47 -60 0
-12 -47 85 0
52 76 -86 0
48 66 -74 0
6 45 -74 0
-12 -51 -76 0
-5 21 32 0
-40 80 0
