p cnf 93 359
7 13 57 0
-16 -51 -89 0
18 -44 -45 0
23 -37 0
-17 -31 55 0
6 -25 0
11 13 32 0
-26 33 66 0
-29 -38 -64 0
16 68 82 0
-51 63 -71 0
27 -73 84 0
5 -68 -71 0
46 85 89 0
3 55 -59 0
35 -48 -70 0
31 -41 -55 0
-34 38 -65 0
3 -80 -92 0
-3 -11 0
-15 40 71 0
13 -40 -61 0
-22 63 0
-3 -64 -87 0
-46 53 -73 0
16 -52 -91 0
-7 24 -87 0
-67 81 -92 0
-19 -24 51 0
3 -30 -78 0
-43 62 -64 0
-33 -57 -83 0
8 21 -92 0
-3 -13 -38 0
2 48 69 0
-47 60 81 0
-27 30 68 0
-34 58 -80 0
-4 -8 -45 0
-34 40 48 0
2 62 -83 0
2 20 -85 0
44 -66 -83 0
-3 42 -54 0
-12 -36 38 0
20 23 -27 0
46 50 -80 0
32 50 0
2 -43 -60 0
19 65 -69 0
1 -72 86 0
-21 63 79 0
-27 52 -63 0
8 -16 -63 0
2 -60 -86 0
-5 27 90 0
-68 -91 -93 0
-20 -43 71 0
-17 -87 -91 0
70 73 -77 0
-16 -19 29 0
-8 16 -57 0
-28 46 -90 0
32 -66 73 0
50 58 -65 0
43 -64 -93 0
26 -62 82 0
19 59 70 0
5 50 0
25 -48 72 0
-46 85 92 0
11 87 -89 0
-2 -42 0
20 -35 58 0
18 89 0
-3 -20 -59 0
51 90 0
-42 -56 -86 0
24 41 -93 0
-3 -36 77 0
-51 -67 93 0
-39 40 87 0
63 68 74 0
26 -57 79 0
16 25 -90 0
-41 -44 79 0
12 -23 -41 0
2 34 -43 0
47 62 -63 0
-53 -75 80 0
5 18 -88 0
6 35 63 0
7 -19 -53 0
-12 15 44 0
-73 74 82 0
21 39 -46 0
12 -22 -89 0
2 15 -67 0
37 55 -79 0
-32 59 -69 0
-6 83 -93 0
4 -45 69 0
45 -62 66 0
4 -64 65 0
69 71 -73 0
-30 -38 51 0
-52 -53 54 0
-11 -31 -43 0
66 67 83 0
-17 -18 -58 0
15 72 -74 0
46 85 87 0
-34 65 -72 0
-26 65 87 0
-5 -10 -24 0
-22 -72 -79 0
47 -79 -93 0
-78 80 -90 0
9 -18 -65 0
75 -80 87 0
-37 40 0
38 -70 -91 0
60 -71 79 0
26 -37 67 0
-6 -28 -37 0
-23 -69 0
38 -53 83 0
-14 -37 0
5 -36 0
17 -26 -38 0
-16 -62 -84 0
15 17 19 0
-56 -57 81 0
-23 -52 -87 0
6 14 -92 0
6 -39 78 0
27 -32 85 0
-39 67 -80 0
-17 27 46 0
48 -57 66 0
-4 45 70 0
-3 -8 92 0
2 -5 -66 0
9 13 18 0
-7 33 -85 0
-57 -76 82 0
-64 -66 -71 0
-36 55 89 0
-17 43 -78 0
2 -5 -44 0
2 -4 -15 0
-11 15 -33 0
-73 76 -85 0
20 -44 81 0
-1 45 -54 0
47 61 85 0
-22 -70 -71 0
-46 59 70 0
-11 -31 -93 0
-15 32 -48 0
11 22 -69 0
-28 39 64 0
32 58 -61 0
25 -55 72 0
-10 -19 26 0
7 -18 -76 0
32 54 -65 0
-45 65 78 0
7 9 -10 0
-35 -54 -56 0
64 -65 -90 0
-39 56 -61 0
-44 -70 90 0
8 26 28 0
26 -28 -36 0
-26 -45 -61 0
6 18 29 0
35 -70 0
-5 36 67 0
-28 -38 -89 0
13 -28 63 0
-40 -65 -86 0
32 89 0
12 22 79 0
2 33 92 0
-19 57 83 0
-29 -52 73 0
3 -17 -51 0
13 -61 -65 0
-27 -42 88 0
7 -12 -47 0
10 14 -44 0
13 64 -79 0
45 -71 0
1 19 59 0
-21 31 -57 0
16 45 -50 0
34 -48 -64 0
-9 -35 -46 0
42 72 -83 0
-16 -25 87 0
3 26 -34 0
-44 51 -77 0
63 -90 -93 0
-36 40 -82 0
-1 14 85 0
26 27 44 0
18 59 93 0
22 -33 -81 0
-13 -75 0
41 -79 90 0
27 72 -76 0
32 53 80 0
-45 -91 0
-46 -66 -92 0
24 74 91 0
-33 73 0
42 -46 70 0
16 21 -85 0
-3 33 68 0
5 -24 -41 0
-26 50 83 0
15 -77 85 0
33 -59 -81 0
49 -74 91 0
-3 58 64 0
34 45 -66 0
26 37 -45 0
-43 78 0
-7 15 75 0
11 72 0
6 -54 93 0
5 53 0
29 -35 -75 0
60 -83 85 0
-51 -72 -86 0
-12 45 -61 0
54 61 -87 0
-16 -86 -89 0
-6 -44 61 0
13 -62 92 0
11 32 -93 0
-26 62 -72 0
-57 -58 85 0
-46 -47 0
-28 68 70 0
8 -55 -71 0
10 -59 66 0
-12 31 52 0
21 -35 -76 0
-27 37 -51 0
45 -69 0
31 -48 60 0
-45 -72 0
11 -26 73 0
51 72 83 0
-8 17 67 0
20 39 86 0
-36 44 -89 0
-12 22 76 0
7 -44 61 0
38 43 82 0
14 53 -57 0
-38 40 53 0
-24 -51 55 0
2 -17 42 0
-20 -87 -91 0
-24 -44 81 0
9 -14 73 0
27 39 68 0
-3 -9 28 0
-13 -85 89 0
19 50 -68 0
-12 43 86 0
30 38 -80 0
-49 -65 0
-30 -55 71 0
-29 35 -68 0
-33 53 72 0
-57 63 -78 0
61 70 0
-34 58 75 0
16 -20 56 0
-20 59 -77 0
-8 -10 -70 0
-20 -35 -45 0
-55 -75 91 0
-3 55 78 0
32 -57 -78 0
-38 82 -91 0
27 -50 52 0
15 36 84 0
4 44 -78 0
-63 -66 82 0
14 -38 86 0
9 35 -43 0
47 60 -66 0
21 65 -90 0
-23 69 -81 0
7 -8 -58 0
-49 73 -79 0
16 86 0
-58 -75 0
-11 -35 -57 0
7 -15 -66 0
37 -76 0
13 52 -92 0
6 79 -86 0
-52 61 86 0
-4 -13 -57 0
18 84 85 0
4 -24 -51 0
1 -38 -72 0
2 -58 67 0
-16 -47 55 0
28 -30 67 0
-38 -65 0
-18 46 52 0
-44 65 -88 0
-60 65 -70 0
7 -75 -87 0
-14 -36 -70 0
-17 34 63 0
2 -59 93 0
-9 -88 0
20 28 -89 0
27 -84 89 0
1 -73 87 0
-2 -43 55 0
-5 -12 -48 0
8 43 -63 0
38 42 61 0
23 28 -73 0
-7 -8 -19 0
-7 32 -51 0
-6 20 0
-1 -2 -51 0
-53 72 -77 0
-11 -47 62 0
62 -67 -93 0
-9 47 78 0
18 -89 92 0
-3 33 71 0
-38 77 93 0
38 -58 -75 0
11 58 67 0
-9 32 35 0
11 -52 -88 0
12 -15 -58 0
12 46 -91 0
26 -42 -71 0
-62 77 83 0
17 47 0
27 -36 59 0
66 69 -78 0
-53 -65 78 0
34 60 -69 0
33 65 0
15 19 89 0
