p cnf 56 151
17 19 0
-27 -34 -36 0
6 35 0
16 17 24 0
8 47 53 0
9 -42 44 0
-3 -14 0
25 34 -47 0
-11 -20 -35 0
-30 -46 50 0
13 -26 0
23 -48 56 0
24 -46 0
-5 45 0
-26 37 0
6 34 0
-54 -56 0
18 -44 0
-16 -36 0
11 46 0
-38 -44 0
-4 -26 36 0
-11 34 0
-14 -26 0
16 52 0
1 -5 -16 0
34 -44 0
-2 -14 34 0
1 15 -46 0
46 -52 0
-13 -48 0
-17 32 -41 0
-20 -29 0
-6 -17 46 0
-4 -27 33 0
24 25 -50 0
13 -46 -50 0
-41 44 0
8 -37 53 0
-18 -56 0
17 -26 -43 0
-11 16 0
-37 50 53 0
29 -30 -33 0
45 -54 0
-13 -43 52 0
-12 19 -33 0
16 -26 0
-5 -40 0
29 30 42 0
19 25 -32 0
-3 53 0
7 -10 -42 0
1 52 0
-11 13 -22 0
28 -43 0
30 -33 40 0
-2 -24 0
-16 -31 54 0
8 10 -28 0
39 56 0
36 40 0
3 -35 0
19 -34 0
9 -35 42 0
-3 -5 0
-12 -36 39 0
-23 -46 0
-10 55 0
2 -5 37 0
3 39 0
24 44 0
-21 -43 -47 0
-4 -37 0
10 -12 0
34 50 0
4 9 -23 0
-12 -19 0
-12 48 0
-13 45 0
14 -15 -32 0
-10 -44 0
-32 33 0
18 50 0
-7 26 0
-30 33 0
-1 -48 0
7 -11 -41 0
12 26 29 0
20 -26 -37 0
-29 -38 -53 0
3 -54 0
-36 -40 0
9 15 55 0
35 51 0
-17 51 0
-13 30 56 0
-37 41 0
-6 18 0
44 54 0
41 48 0
9 -17 -26 0
15 -40 0
-9 20 0
14 46 0
15 51 0
-8 26 54 0
-2 38 0
-35 52 0
-7 -33 38 0
-34 -37 0
-27 -34 0
-6 -36 0
-6 10 -27 0
-18 28 0
-34 41 0
-6 -24 26 0
9 -13 0
13 36 0
38 -51 53 0
-31 35 55 0
-11 -54 0
1 -7 -17 0
14 19 28 0
8 48 56 0
-4 -7 0
19 32 -45 0
-16 -36 0
9 -25 -27 0
15 53 0
-11 -33 34 0
18 24 0
2 34 0
-13 -40 53 0
26 31 -33 0
1 -38 0
-21 38 0
-16 -50 0
19 37 0
-33 -56 0
-43 48 0
23 35 0
11 -47 0
34 40 44 0
-4 47 -56 0
-5 -51 0
28 -43 0
-35 49 0
5 29 0
-17 -23 0
-1 -20 0
