p cnf 89 337
15 -18 -76 0
27 48 54 0
2 -9 -73 0
-32 58 -79 0
-38 44 66 0
23 -32 0
-28 46 -57 0
-17 20 -80 0
22 38 0
-34 -89 0
41 -54 67 0
-22 33 -83 0
-11 43 -45 0
-7 -52 56 0
-7 25 -38 0
12 30 -75 0
-68 70 76 0
-59 -66 -69 0
15 31 79 0
-2 32 47 0
70 77 -79 0
-1 13 -78 0
-2 -4 68 0
9 57 58 0
-48 71 -88 0
-28 -82 -84 0
33 76 0
7 12 -23 0
-43 -53 -75 0
14 -30 64 0
5 -48 -51 0
-6 30 70 0
24 -86 0
6 -63 73 0
12 35 81 0
12 -14 -79 0
6 -64 0
13 -69 73 0
-41 51 54 0
10 -17 56 0
26 32 0
-19 -45 -67 0
18 -57 82 0
38 40 87 0
33 -42 0
7 22 72 0
48 55 89 0
40 -67 -69 0
-16 -72 83 0
6 -14 -29 0
48 53 80 0
2 12 -81 0
-9 68 0
5 41 -53 0
-41 -66 74 0
-22 -39 69 0
21 -33 -84 0
36 -61 89 0
-10 -61 62 0
39 53 -88 0
21 51 84 0
9 13 51 0
44 83 87 0
9 -37 -40 0
24 28 -77 0
-22 50 81 0
-2 -30 32 0
5 18 53 0
-4 -20 85 0
-20 22 51 0
-24 28 -73 0
-2 -25 -74 0
45 61 85 0
-14 -32 -57 0
-18 27 -42 0
-72 -78 -89 0
-9 30 -73 0
60 -86 88 0
-33 42 -55 0
24 76 85 0
-24 28 -66 0
-30 42 -50 0
-23 68 -89 0
-54 -61 69 0
-50 -67 73 0
22 39 -76 0
-26 -64 89 0
-19 21 0
-12 16 37 0
6 34 69 0
20 36 0
-48 52 0
-50 66 -85 0
1 4 17 0
11 33 -70 0
53 56 69 0
19 -65 -77 0
-15 -61 -80 0
8 -33 -40 0
-12 -67 84 0
24 -28 0
20 33 76 0
-23 62 81 0
-13 -25 37 0
-49 65 -73 0
-13 55 0
-23 -30 50 0
-38 -66 79 0
-68 83 86 0
13 -49 -77 0
48 -55 -62 0
-70 82 -84 0
19 39 80 0
59 63 83 0
8 49 -55 0
-46 -48 0
-38 -71 -76 0
19 41 -68 0
33 -59 61 0
-49 75 0
-33 -38 0
-50 52 -80 0
-1 -49 0
-3 -49 -58 0
-6 83 88 0
22 34 59 0
-45 -46 -69 0
13 46 -82 0
19 29 -83 0
-66 -71 87 0
1 20 -41 0
-27 48 -85 0
48 53 59 0
6 -47 -84 0
-83 86 0
-35 78 0
38 -53 64 0
-36 -50 68 0
-45 52 -74 0
-58 -87 0
-6 20 -33 0
55 80 0
84 87 0
-85 -86 0
17 33 -63 0
-14 53 -83 0
-47 60 87 0
47 -87 0
-25 -71 -82 0
10 -34 -71 0
11 27 -37 0
56 57 0
-14 31 -35 0
-25 -41 -81 0
-20 -23 -75 0
42 46 0
43 51 -76 0
-33 75 0
9 24 68 0
36 46 -67 0
6 -20 -77 0
-49 -52 62 0
-21 83 0
55 60 70 0
21 -26 -78 0
-52 65 85 0
27 -49 -85 0
25 -87 0
-10 -40 45 0
32 77 85 0
10 -77 83 0
21 -45 -67 0
31 -46 -85 0
-11 -42 -73 0
-29 -30 -35 0
-34 74 0
-1 -18 -83 0
-38 50 -79 0
-7 -13 58 0
11 -13 50 0
-21 36 65 0
-39 -42 81 0
4 21 0
6 69 84 0
-59 74 79 0
-54 63 -78 0
-50 81 -85 0
74 -76 -77 0
7 -50 65 0
62 -76 -78 0
52 64 77 0
45 -79 88 0
19 -40 54 0
-21 -67 78 0
-5 -17 -42 0
-63 88 0
-74 81 -87 0
36 -38 50 0
-45 48 83 0
-3 -27 84 0
1 70 72 0
10 24 49 0
-73 80 -86 0
-14 -39 -87 0
14 -33 -84 0
-15 18 -57 0
3 -68 0
44 -72 0
17 25 39 0
10 -36 -55 0
51 -52 -60 0
49 -73 81 0
-17 52 -70 0
-8 75 -85 0
43 -49 83 0
-52 -54 0
24 -73 88 0
15 -35 -55 0
21 -29 -43 0
5 33 -35 0
-1 -35 -78 0
-3 9 30 0
-8 -15 -89 0
-24 -86 0
-27 -33 69 0
26 53 0
-8 13 24 0
8 23 0
-7 11 48 0
-11 20 51 0
-28 -59 87 0
-53 76 86 0
26 -68 -73 0
-4 -52 0
-9 -10 11 0
-8 13 40 0
-19 -37 44 0
-47 -72 80 0
-9 -25 0
-17 -82 83 0
6 -20 0
50 -62 0
12 28 0
23 40 49 0
-31 -39 82 0
-15 46 56 0
32 -45 61 0
-14 56 0
-12 -24 85 0
-5 41 -87 0
-21 -81 -89 0
-4 -36 -41 0
41 58 -86 0
29 44 74 0
6 9 25 0
25 29 -37 0
-31 54 66 0
-11 48 87 0
-22 -57 89 0
31 81 0
-19 50 65 0
-47 71 -87 0
-34 53 -76 0
-16 31 -42 0
-2 -36 -56 0
54 -70 -88 0
-17 -22 -39 0
28 -73 0
-10 -59 65 0
42 -78 -81 0
24 29 -31 0
-41 78 0
-33 89 0
3 62 -89 0
13 -80 87 0
-33 70 -88 0
-1 14 0
17 21 81 0
8 81 0
14 20 88 0
-7 37 69 0
-2 78 80 0
17 -19 76 0
-8 16 44 0
48 -81 82 0
-19 -36 -88 0
-9 33 81 0
34 40 -71 0
-21 -24 -55 0
19 -29 -61 0
-3 -10 -13 0
-54 60 -70 0
13 78 -81 0
5 19 -43 0
-56 -66 0
-21 -49 0
-9 -22 32 0
39 -70 -80 0
-3 -83 0
-35 -47 -65 0
-61 64 -78 0
25 67 -73 0
32 -64 87 0
11 13 0
38 -83 0
42 63 -83 0
-10 29 0
-2 6 -83 0
-18 42 72 0
-1 10 -36 0
8 24 85 0
-52 -57 0
-36 66 -87 0
-18 -51 80 0
16 43 53 0
-29 34 69 0
-5 7 0
-33 43 0
-31 33 0
-25 58 59 0
-31 63 64 0
-7 12 40 0
-23 -42 -86 0
-18 32 0
-28 30 42 0
-21 -23 -26 0
32 41 0
16 32 -87 0
-9 53 -54 0
-11 -80 88 0
14 -44 -65 0
-30 -56 -80 0
-29 -61 -75 0
58 84 89 0
-23 70 -89 0
-63 88 0
49 52 82 0
