p cnf 90 342
-33 -35 71 0
-69 -86 0
-16 30 67 0
-3 15 34 0
-26 70 0
27 -43 -87 0
2 23 -49 0
-25 27 54 0
14 41 -52 0
-18 -22 -53 0
36 63 87 0
13 24 -60 0
-37 -89 0
-31 33 76 0
4 24 62 0
39 -75 0
3 58 -60 0
20 -71 76 0
-12 -24 -83 0
22 -23 57 0
50 74 77 0
-8 21 -26 0
29 -68 0
34 86 0
1 -8 0
-17 -22 -70 0
-17 42 -55 0
52 -61 67 0
39 65 66 0
-1 -74 75 0
-32 -54 -65 0
5 -71 86 0
25 -36 0
59 -85 -88 0
18 -28 -31 0
1 -18 -90 0
-25 38 -83 0
11 -15 -90 0
16 -30 -62 0
18 61 -88 0
-34 -66 90 0
-53 81 0
-21 26 87 0
-11 -19 51 0
9 35 61 0
-11 -60 0
-18 41 -71 0
27 28 -87 0
-13 53 55 0
58 -69 -70 0
-32 62 -72 0
52 -54 -60 0
3 48 65 0
10 -76 80 0
-25 28 84 0
7 20 29 0
-9 -44 48 0
-9 41 -85 0
36 53 84 0
-37 -46 -56 0
-25 -51 82 0
2 5 -22 0
38 65 -71 0
20 -37 80 0
-5 57 0
-40 -55 75 0
-74 77 -85 0
15 34 0
-19 -25 -68 0
-12 -43 74 0
-6 63 77 0
-9 24 42 0
-10 -16 -26 0
9 63 0
34 -49 -76 0
-13 -19 73 0
4 26 66 0
-4 9 83 0
46 -49 64 0
17 -20 -67 0
-14 -20 66 0
-36 -53 90 0
3 -31 67 0
13 31 53 0
-17 -74 -86 0
15 42 -86 0
-20 -87 0
-58 -81 90 0
-2 38 -74 0
-4 -78 -89 0
-22 -72 -87 0
11 40 59 0
-64 72 -81 0
31 -41 45 0
-31 -34 46 0
-20 -87 90 0
21 -67 79 0
-6 53 0
13 -15 0
-12 -35 -39 0
-24 -46 53 0
-38 40 50 0
-16 -63 -81 0
-62 76 -78 0
-27 -44 73 0
44 -51 67 0
29 76 -81 0
15 -35 -65 0
-49 67 78 0
1 -69 71 0
-41 56 86 0
28 48 57 0
-31 -56 57 0
1 -66 85 0
54 67 88 0
17 -55 73 0
4 -63 84 0
75 -88 0
-2 -62 83 0
-12 21 29 0
21 33 0
31 -34 41 0
-80 -83 0
8 65 82 0
56 59 84 0
49 64 -89 0
9 31 60 0
-51 -63 -84 0
-11 31 -59 0
-6 67 77 0
19 24 72 0
-29 31 78 0
1 64 87 0
-65 84 0
-24 -25 -66 0
27 35 -80 0
34 -68 88 0
-8 19 65 0
30 -47 76 0
22 62 0
-30 -58 -63 0
-30 -49 -90 0
6 19 67 0
3 -15 -84 0
14 -20 0
47 58 86 0
-24 -65 0
35 36 69 0
-16 61 63 0
5 28 41 0
7 -35 0
51 -70 76 0
3 -74 -89 0
19 41 74 0
-29 53 -75 0
-20 -75 82 0
-15 27 -50 0
7 -48 -78 0
1 15 -34 0
-34 69 70 0
-9 -12 -65 0
-9 74 0
-14 42 78 0
-27 -48 54 0
34 -42 -73 0
35 -37 0
-46 82 0
1 84 0
1 9 -72 0
13 -32 -80 0
-15 26 43 0
-5 27 -52 0
-44 -53 -81 0
-26 -28 41 0
10 -61 -77 0
59 77 0
24 -73 87 0
-38 -61 81 0
3 10 -29 0
-4 16 54 0
9 58 90 0
35 76 0
8 28 -64 0
-3 4 11 0
-14 -15 -49 0
33 34 -43 0
24 -49 -69 0
20 -26 0
49 72 -89 0
4 67 83 0
-19 -66 -73 0
-36 -60 89 0
-4 35 -76 0
-9 58 67 0
-13 38 58 0
3 -16 -51 0
19 82 84 0
9 -47 -48 0
6 -33 -90 0
-52 -70 0
-13 53 -66 0
6 -26 59 0
24 68 -71 0
17 -25 28 0
20 44 -60 0
18 -48 0
13 -25 -42 0
-42 43 -82 0
12 29 -45 0
-27 -31 79 0
-20 50 72 0
-3 25 -88 0
-50 -84 0
21 59 70 0
8 -29 -53 0
37 48 -64 0
7 19 -69 0
32 62 70 0
-1 12 70 0
-5 -19 73 0
-16 67 0
-30 -35 85 0
-5 -40 0
-3 -30 -61 0
34 56 0
-27 -65 84 0
-15 -51 -70 0
51 52 -61 0
-5 13 -32 0
5 -58 -65 0
15 17 -79 0
-2 25 44 0
3 67 71 0
9 23 -30 0
-65 -82 -87 0
34 -50 81 0
4 -39 67 0
41 -44 -57 0
-12 21 63 0
55 56 86 0
-20 -72 -86 0
-12 42 79 0
3 -67 84 0
13 25 -44 0
-1 -49 75 0
19 -44 60 0
-12 -33 38 0
-13 56 62 0
8 -41 -47 0
28 31 -56 0
-7 -10 67 0
-21 49 87 0
2 11 0
62 71 -72 0
2 -44 -86 0
30 48 54 0
-12 22 -90 0
4 16 80 0
-9 75 88 0
4 -41 52 0
-31 66 78 0
-36 79 0
-24 25 55 0
-9 -56 63 0
-6 -37 90 0
-27 38 -73 0
-10 -81 0
-37 -84 0
-11 -14 48 0
14 -42 76 0
11 -18 -65 0
-16 56 0
-19 -55 -64 0
16 -53 71 0
-4 -10 -79 0
43 -72 -89 0
50 58 -86 0
23 70 75 0
13 -23 26 0
8 -35 -86 0
-28 67 -68 0
-49 79 0
48 82 -86 0
62 -70 -89 0
-49 51 78 0
-16 23 -37 0
-28 -39 -66 0
-38 -41 -51 0
-16 -64 0
51 88 0
42 60 -64 0
-20 -51 68 0
48 -61 66 0
-61 -63 65 0
6 -65 71 0
11 -67 -90 0
-39 -44 58 0
12 -20 -55 0
13 30 67 0
4 13 38 0
29 -33 88 0
-10 84 -88 0
13 23 69 0
13 -38 -82 0
1 27 -85 0
-20 30 -73 0
8 -53 84 0
-22 -46 84 0
36 37 -64 0
20 -55 -77 0
-17 -34 35 0
4 62 63 0
17 89 0
-19 -32 0
69 -82 0
23 47 -65 0
-23 30 -80 0
-45 64 84 0
-1 88 0
9 23 25 0
-17 -84 0
-53 61 66 0
-7 11 -27 0
17 -33 -40 0
-17 -30 36 0
10 58 -61 0
59 69 77 0
-60 -76 90 0
3 10 15 0
-15 -57 68 0
-1 28 -85 0
-42 -59 89 0
24 -60 80 0
-12 24 30 0
41 -57 77 0
27 -71 -76 0
6 -42 67 0
-18 40 0
-74 78 -90 0
26 -62 68 0
-4 44 -45 0
1 51 55 0
