p cnf 84 298
14 71 0
3 -27 -46 0
-29 65 -77 0
-20 26 49 0
-55 -81 0
26 48 -68 0
32 -69 83 0
-20 -45 -68 0
-10 29 31 0
32 84 0
10 -34 -50 0
33 60 70 0
10 -33 -76 0
-7 -30 -52 0
16 -55 77 0
-7 22 -38 0
-2 -19 -23 0
-22 27 46 0
-26 53 77 0
-17 26 68 0
-41 -84 0
-4 -70 71 0
5 -12 70 0
-67 -68 77 0
-5 -53 -80 0
14 25 -49 0
39 -63 -77 0
-11 -69 70 0
8 -36 -66 0
50 -70 -77 0
-36 -55 69 0
-72 81 0
31 53 54 0
12 -40 0
38 -41 70 0
-24 26 -61 0
26 32 0
12 52 0
40 73 79 0
-22 68 -81 0
-21 40 81 0
81 84 0
66 74 0
51 -76 0
-8 -40 -74 0
-58 -60 63 0
20 60 -64 0
-14 -17 -39 0
14 -62 -68 0
42 -46 -55 0
41 -44 51 0
14 -18 -64 0
-21 -57 -69 0
38 58 69 0
24 -49 76 0
-6 13 -26 0
2 16 20 0
56 -59 68 0
-4 -43 -55 0
77 -83 84 0
-5 25 55 0
-3 -41 -80 0
-1 -29 0
49 54 0
-25 59 77 0
-10 -15 71 0
-30 -53 68 0
-43 48 -68 0
-45 58 73 0
35 -49 66 0
-19 -22 0
45 -55 0
5 -67 -71 0
1 -44 0
42 69 83 0
25 52 -81 0
-1 -30 66 0
-41 64 -73 0
-29 60 0
13 -46 0
14 -31 36 0
8 -42 0
-41 53 -79 0
21 49 78 0
17 -18 -66 0
43 -57 62 0
-21 -24 -66 0
13 40 45 0
9 -46 47 0
35 36 -67 0
-14 32 -64 0
-19 47 74 0
-17 58 61 0
60 68 0
34 -53 -67 0
6 -22 -80 0
-51 63 75 0
-1 19 38 0
-13 41 -78 0
-2 -27 -59 0
-2 -12 49 0
-35 50 72 0
-15 -40 84 0
-27 -42 58 0
-5 -29 -75 0
-14 -63 0
-7 34 -81 0
5 19 -42 0
12 42 57 0
-3 55 -70 0
27 -33 -82 0
-27 63 -65 0
41 -57 -71 0
26 -36 0
-36 -79 0
-4 -16 78 0
7 10 -67 0
36 47 0
8 -13 37 0
43 67 -75 0
-20 -26 73 0
25 33 57 0
40 44 61 0
-2 27 50 0
31 38 -65 0
-13 70 0
12 -15 -58 0
-3 26 -75 0
-7 -34 -77 0
24 -33 78 0
41 -72 79 0
10 -24 -38 0
17 64 -74 0
-27 47 70 0
34 -58 0
27 47 -48 0
-24 32 -80 0
-11 -23 72 0
6 27 42 0
52 -67 -70 0
-5 57 72 0
-23 -80 0
12 25 58 0
4 -30 0
-5 -61 -67 0
6 25 60 0
19 -22 -70 0
-15 -77 0
-2 -47 -84 0
17 60 76 0
-29 35 -77 0
-68 -73 0
18 -20 53 0
-24 -37 0
-42 59 -78 0
-13 46 72 0
-5 -24 -31 0
4 52 82 0
-72 -81 0
-19 60 0
-13 -53 0
-6 45 -71 0
11 36 -61 0
-10 -42 -48 0
-18 81 0
-3 -4 0
-47 48 74 0
40 41 53 0
19 -22 57 0
-2 60 0
-16 -46 55 0
-16 19 38 0
42 80 0
-38 46 -79 0
-52 55 -68 0
-25 -69 -76 0
29 44 -51 0
-37 -52 0
35 49 -53 0
6 -69 78 0
-51 56 -79 0
51 52 61 0
-17 -63 0
25 -55 0
13 31 -48 0
62 64 -67 0
-29 -77 -78 0
47 65 -68 0
-13 20 81 0
-11 66 -84 0
-12 43 67 0
-3 36 81 0
6 -18 -32 0
-52 -75 78 0
25 43 0
-34 -49 0
2 17 -60 0
47 -73 0
8 46 47 0
59 63 0
8 32 78 0
54 76 -77 0
54 63 74 0
-24 37 64 0
34 36 -82 0
29 -40 0
8 34 59 0
9 56 -64 0
-1 -47 51 0
59 78 0
11 14 -81 0
4 -35 -75 0
-18 -20 -53 0
-22 -84 0
11 26 -46 0
-37 61 0
39 53 -74 0
14 19 39 0
-30 -33 -40 0
49 53 62 0
-15 39 56 0
25 62 66 0
-1 34 45 0
-21 -82 0
-13 -48 0
1 -36 71 0
-18 -77 78 0
-45 84 0
37 -50 0
14 -18 -35 0
28 -35 -54 0
33 52 68 0
29 -56 65 0
-27 -72 -74 0
18 -38 -70 0
-11 -21 -49 0
-32 42 -52 0
25 -52 -54 0
-17 51 -61 0
-25 -39 -60 0
32 34 -65 0
-29 -54 -66 0
58 73 76 0
35 -73 -74 0
-14 -24 -65 0
5 -71 -77 0
-30 -74 0
-2 -20 39 0
-30 -51 82 0
-29 -77 78 0
-8 -23 -52 0
-5 -22 -30 0
-20 74 0
5 -7 -19 0
-9 -20 54 0
-15 -29 -60 0
45 74 0
14 63 0
-8 -13 76 0
48 77 -80 0
18 42 -76 0
-5 -49 -55 0
37 58 73 0
30 56 -83 0
9 -12 -46 0
-35 -71 0
-61 71 -76 0
-18 -61 -80 0
1 -26 -37 0
31 74 0
-46 -54 0
-22 50 62 0
20 -48 -76 0
-24 40 -77 0
19 82 0
-43 60 64 0
-69 -76 -83 0
-14 22 47 0
-54 70 -79 0
-5 -54 61 0
6 35 74 0
10 36 -51 0
21 43 -64 0
-8 42 50 0
-19 56 0
6 56 68 0
-12 -35 -52 0
-49 -79 0
-19 -37 -58 0
18 37 41 0
-5 -81 0
20 -58 62 0
-36 39 0
-29 -61 69 0
6 34 0
8 35 -53 0
63 -72 78 0
-36 -51 -69 0
