p cnf 93 357
4 -31 -52 0
-33 74 -86 0
-22 30 55 0
-18 -62 -90 0
30 54 -77 0
37 -78 92 0
-22 -51 -77 0
-11 33 35 0
-36 37 93 0
11 -39 -56 0
38 68 79 0
-19 -45 -66 0
11 -38 -85 0
-8 -34 -58 0
3 -6 0
17 -62 86 0
-3 8 40 0
18 33 46 0
-8 26 -43 0
-2 -21 -27 0
-26 31 52 0
-30 59 86 0
-19 30 77 0
-47 -93 0
18 -24 0
-5 -79 80 0
6 -13 79 0
-76 -77 86 0
41 -69 73 0
-6 -59 -89 0
15 29 -55 0
44 -71 -86 0
-12 -78 79 0
9 -41 -75 0
56 -79 -86 0
-41 -62 78 0
-24 -81 90 0
35 59 61 0
24 -59 65 0
13 -24 -45 0
43 -47 79 0
-28 30 -69 0
30 37 0
13 58 0
-3 17 -34 0
45 82 88 0
-26 77 -90 0
-25 45 90 0
90 93 0
60 75 83 0
-36 57 -85 0
-9 -45 -83 0
36 -47 -54 0
-11 -66 69 0
-65 -68 71 0
22 68 -72 0
-15 -19 -44 0
15 -70 -77 0
48 -52 -62 0
47 -50 57 0
15 -20 -72 0
-25 -64 -78 0
43 65 78 0
28 -55 85 0
-7 14 -30 0
2 17 22 0
63 -67 77 0
-5 -49 -62 0
-49 -66 78 0
86 -92 93 0
-6 29 62 0
-4 -47 -89 0
-1 -33 0
55 61 0
-29 67 86 0
-11 -16 80 0
-34 -59 77 0
36 40 47 0
-49 54 -77 0
-51 65 82 0
46 -51 57 0
40 -55 75 0
-21 -26 0
-46 51 -62 0
6 -76 -80 0
1 -50 -73 0
48 78 92 0
29 58 -90 0
24 36 -39 0
-29 -51 73 0
-1 -34 75 0
-47 72 -82 0
-33 66 68 0
14 -46 -52 0
15 -35 41 0
-6 -39 46 0
9 -48 66 0
24 -54 -64 0
-47 59 -88 0
25 55 87 0
19 -20 -75 0
-4 -93 0
49 -64 70 0
-25 -28 -75 0
14 45 51 0
22 24 90 0
10 -52 53 0
40 41 -76 0
-15 37 -72 0
-3 -14 64 0
-21 53 83 0
-19 65 69 0
50 73 0
-32 -35 0
68 77 0
39 -59 -76 0
7 -26 -89 0
-57 71 84 0
-1 21 43 0
-3 -42 -93 0
18 41 -76 0
-14 47 -87 0
-2 -31 -67 0
-29 -41 73 0
-2 -13 55 0
-40 56 81 0
-16 -45 93 0
-31 -48 65 0
-66 93 0
-6 -33 -84 0
-15 -71 0
-8 39 -90 0
6 21 -48 0
13 48 64 0
-4 62 -79 0
31 -38 -91 0
-31 71 -74 0
47 -64 -80 0
30 -36 -41 0
-41 66 -88 0
-5 -17 87 0
-38 42 73 0
8 11 -76 0
41 53 0
28 38 46 0
9 -14 42 0
49 76 -84 0
-22 -30 82 0
29 38 64 0
45 50 69 0
-2 31 56 0
35 43 -74 0
-14 -36 79 0
13 -16 -65 0
-4 30 -84 0
-8 -39 -86 0
28 -38 87 0
47 -81 88 0
11 -28 -43 0
19 72 -83 0
-31 53 79 0
3 39 -65 0
31 53 -54 0
-28 37 -89 0
-12 -27 81 0
7 31 48 0
58 -76 -79 0
-6 64 81 0
-27 -36 -89 0
13 29 65 0
5 -34 66 0
-6 -69 -76 0
7 29 68 0
21 -26 -79 0
-16 -86 0
-2 -53 -93 0
-23 62 -85 0
19 68 85 0
-33 40 -86 0
23 -77 -82 0
20 -22 59 0
-28 -42 60 0
-3 12 -24 0
-48 67 -87 0
-14 52 81 0
-6 -28 -35 0
5 58 91 0
-81 -90 0
-3 50 51 0
14 46 55 0
-21 -46 68 0
-14 -59 0
-7 51 -80 0
12 41 -69 0
-11 -48 -54 0
-20 90 0
-4 -5 0
-53 54 83 0
45 47 59 0
18 -35 75 0
21 -26 64 0
-2 68 0
-17 -52 62 0
-17 21 43 0
-18 48 89 0
-43 52 -88 0
-58 62 -77 0
-29 -78 -85 0
-3 -35 57 0
33 50 -57 0
-42 -46 -58 0
-3 23 -46 0
40 55 -59 0
7 -78 87 0
-57 63 -88 0
24 -49 -85 0
57 58 69 0
3 -19 -71 0
29 -62 -73 0
-22 -93 0
2 -60 -87 0
-30 46 -75 0
14 35 -54 0
18 35 0
70 72 -76 0
-33 -86 -87 0
53 74 -77 0
-14 22 90 0
-12 75 -93 0
-13 49 76 0
-4 41 90 0
7 -20 -37 0
-58 -84 87 0
29 49 66 0
-39 -55 0
11 -41 46 0
2 19 -68 0
53 -82 0
9 52 53 0
23 67 71 0
70 73 75 0
9 37 87 0
61 85 -86 0
61 71 83 0
-28 42 72 0
39 41 -91 0
-3 40 0
33 -45 0
9 39 67 0
10 63 -72 0
-1 -53 57 0
66 67 87 0
12 15 -90 0
5 -40 -84 0
-20 -22 -59 0
-5 36 -41 0
-18 -26 -93 0
-18 46 0
12 30 -52 0
-42 66 69 0
44 59 -83 0
15 21 44 0
-34 -38 -45 0
55 59 70 0
-16 44 63 0
24 -32 -39 0
29 70 75 0
-1 39 51 0
-25 -91 0
-14 -54 66 0
1 -41 80 0
-20 -86 87 0
-18 -51 93 0
42 -56 60 0
15 -20 -40 0
32 -40 -61 0
38 58 77 0
33 -63 74 0
-31 -81 -83 0
20 -43 -79 0
-12 -25 -55 0
-37 48 -58 0
29 -58 -61 0
-19 57 -69 0
-29 -44 -68 0
37 39 -74 0
24 46 90 0
-33 -61 -75 0
65 82 85 0
40 -82 -83 0
-15 -28 -74 0
6 -80 -86 0
-2 -22 44 0
-34 -57 91 0
-33 -86 87 0
-9 -27 -58 0
-6 -26 -34 0
-22 83 0
6 -8 -21 0
-23 31 76 0
-10 -22 61 0
-16 -33 -68 0
-46 51 83 0
15 71 -73 0
-9 -14 85 0
-7 -60 85 0
54 86 -89 0
20 48 -85 0
-6 -55 -62 0
42 65 82 0
34 63 -92 0
10 -13 -52 0
-36 -40 -80 0
46 69 -91 0
-69 80 -85 0
-16 -66 69 0
46 68 76 0
-20 -69 -89 0
1 -30 -42 0
35 83 0
-18 -52 -61 0
-26 56 70 0
22 -54 -85 0
-28 45 -86 0
21 -46 91 0
-49 68 72 0
-3 -24 -57 0
-78 -85 -92 0
18 -36 45 0
-11 -18 73 0
-15 26 53 0
-61 79 -88 0
-6 -61 69 0
7 40 83 0
24 -29 -48 0
11 41 -57 0
25 49 -72 0
-9 48 56 0
-21 63 -73 0
7 63 77 0
-13 -40 -58 0
-55 60 -88 0
-21 -42 -65 0
20 42 47 0
-3 29 84 0
-6 23 -90 0
22 -65 70 0
-41 44 60 0
-23 57 -69 0
-6 14 24 0
-33 -69 78 0
-3 73 79 0
7 39 -73 0
9 40 -59 0
71 -81 87 0
6 34 36 0
-41 -57 -78 0
