p cnf 57 164
-7 10 52 0
21 40 -44 0
10 -35 52 0
15 -19 0
4 11 0
-37 39 0
-19 -22 24 0
-1 15 -27 0
36 44 0
24 -40 43 0
56 57 0
3 9 -38 0
10 15 21 0
4 -52 0
6 -30 -47 0
29 -37 0
-16 -31 0
-11 33 0
-34 -51 0
-31 -46 -48 0
8 22 56 0
-18 29 43 0
-42 -50 0
28 -37 0
-10 -38 0
-19 31 0
7 -54 0
15 27 -34 0
2 41 0
-1 8 -20 0
-10 -17 44 0
-21 -56 0
-10 -29 32 0
-20 -50 0
-16 17 -49 0
-15 -47 52 0
3 -33 0
-19 -45 0
46 47 0
5 20 -50 0
-16 28 40 0
-9 -13 18 0
-3 -6 18 0
12 -15 0
-10 52 0
-24 35 -39 0
-30 38 44 0
2 10 -33 0
14 -30 -32 0
-9 -40 -52 0
25 50 0
-12 17 42 0
-1 20 -35 0
41 51 0
-1 -47 0
47 -50 0
33 -45 0
-36 49 0
-6 36 -46 0
39 -40 0
17 -43 -45 0
8 -45 0
-23 -28 0
-15 53 0
-13 15 0
-8 13 56 0
-1 9 29 0
10 -11 0
-19 -20 37 0
-13 -40 57 0
-2 3 16 0
-25 29 0
-3 -57 0
4 17 0
20 33 44 0
-15 46 0
-23 36 0
18 43 0
-28 30 48 0
44 50 0
4 -42 0
-37 -49 -50 0
4 -24 -31 0
47 -49 0
-21 -51 0
-20 25 0
-8 -13 0
-8 30 49 0
13 44 0
13 55 0
7 8 0
4 -6 21 0
-9 -38 0
29 56 0
-9 50 0
9 -25 -46 0
-13 -17 43 0
31 -53 -57 0
4 -22 0
-3 -21 0
-29 -40 53 0
-42 -44 57 0
-18 50 0
-10 15 50 0
7 32 0
-3 46 53 0
34 45 0
1 3 -38 0
7 -21 0
42 -48 0
4 -50 0
22 -46 54 0
28 53 0
-4 30 34 0
42 45 55 0
37 -48 0
24 -28 0
3 -48 52 0
23 -33 0
-21 47 -57 0
3 13 -49 0
26 -39 52 0
3 -31 51 0
2 35 49 0
-36 -40 0
-15 33 46 0
31 -50 55 0
-11 14 18 0
36 -52 -53 0
16 -51 0
-18 -34 49 0
-29 -37 0
-6 30 -49 0
-21 -33 0
-1 57 0
53 -54 0
4 30 35 0
-31 41 0
-5 -26 0
7 -17 19 0
24 -41 0
4 -31 0
21 -49 -54 0
-4 11 29 0
-16 -53 0
8 15 0
23 -24 -54 0
3 22 -55 0
-2 29 0
-15 -31 35 0
1 11 -14 0
-32 -45 -54 0
25 39 0
-38 -51 0
3 5 -54 0
24 -34 48 0
28 29 0
2 51 0
-11 45 49 0
8 -26 -56 0
-4 18 0
-7 -38 0
-3 23 0
-32 -40 45 0
