p cnf 84 309
7 24 79 0
-42 -52 -73 0
-23 -39 48 0
-9 -11 -82 0
17 35 53 0
-47 49 0
-3 -59 -75 0
5 19 0
-6 65 75 0
-7 33 69 0
-27 67 -72 0
-17 -64 69 0
-24 33 -64 0
11 -50 -78 0
-16 47 69 0
5 65 -70 0
9 48 55 0
-54 -67 0
-8 18 21 0
-5 -30 73 0
-2 -42 -72 0
-27 -74 82 0
10 -21 -79 0
-6 8 -23 0
23 -53 80 0
60 67 0
15 23 -74 0
-9 13 -36 0
16 22 -30 0
39 62 -72 0
-24 -49 0
-19 -31 0
-11 -48 -69 0
4 9 12 0
-8 -75 0
1 30 -66 0
-19 -51 -71 0
-21 44 67 0
-30 52 -69 0
2 33 69 0
10 -20 84 0
-15 -28 -30 0
22 39 -52 0
46 84 0
-17 -20 -69 0
-14 -69 82 0
-21 25 57 0
-17 83 0
-10 72 84 0
-34 65 -73 0
18 -39 40 0
75 82 -84 0
19 23 53 0
26 43 0
37 -39 75 0
-57 68 -80 0
33 -37 69 0
-53 -71 79 0
-49 54 -84 0
-9 27 -47 0
60 -64 79 0
60 68 80 0
-58 68 -75 0
-18 45 47 0
-28 53 -72 0
8 67 -77 0
-22 34 62 0
39 -71 -84 0
-47 -52 -64 0
35 -49 -80 0
-18 26 -75 0
3 8 47 0
-13 -73 0
21 27 52 0
-7 -55 -71 0
-19 -22 59 0
-41 -60 -67 0
-26 -45 0
10 39 0
14 31 -69 0
34 52 -70 0
-28 -64 78 0
-5 -18 -42 0
-11 17 0
19 49 -51 0
11 -14 -27 0
-21 29 80 0
14 -26 0
17 -68 0
-14 20 -59 0
-11 -43 -51 0
4 -11 18 0
1 23 -27 0
13 33 -48 0
11 -25 -41 0
-14 38 0
4 -12 0
-8 -47 68 0
43 -73 0
4 45 -70 0
-29 -32 58 0
-21 43 62 0
9 -29 -31 0
35 -68 -76 0
-3 -59 60 0
-14 41 66 0
28 -32 -69 0
8 17 -60 0
-22 -25 61 0
-75 -76 0
-29 -75 0
-31 60 84 0
-1 19 -24 0
-14 -21 30 0
-16 20 0
-61 83 0
-16 41 67 0
-31 41 66 0
61 65 0
-14 51 55 0
-12 60 -83 0
-8 35 -73 0
-54 -77 80 0
-10 -60 72 0
39 -42 -45 0
19 55 0
-5 -55 62 0
-23 61 -71 0
-31 41 73 0
4 9 -47 0
15 18 -78 0
-11 55 -68 0
-5 70 81 0
-17 57 78 0
51 55 60 0
-3 26 46 0
10 61 81 0
-4 32 -74 0
47 77 -81 0
-19 57 0
-11 -24 0
-3 -43 -46 0
19 -64 79 0
-4 13 -51 0
7 69 0
-5 -55 -81 0
-12 -71 82 0
44 -61 -71 0
5 33 -56 0
37 -41 77 0
-8 40 -42 0
61 -69 0
-1 -53 55 0
-43 59 81 0
-18 49 78 0
-4 -22 61 0
41 -57 0
2 10 -22 0
56 63 0
-17 -22 60 0
13 -22 61 0
-33 59 76 0
56 63 -74 0
-39 68 81 0
12 69 78 0
-56 57 0
8 -25 52 0
2 -62 66 0
-13 66 0
-8 10 -83 0
-37 -40 71 0
62 64 0
-2 9 0
13 -23 -51 0
-19 64 80 0
5 -34 47 0
-15 18 78 0
6 -34 0
7 -65 0
-32 37 -63 0
14 -53 66 0
17 -23 -54 0
-50 70 0
9 -31 -54 0
21 -47 -81 0
-10 44 -55 0
4 -58 -65 0
18 -40 -62 0
-26 47 0
43 64 77 0
-38 43 -68 0
-7 46 0
-4 38 50 0
-37 -72 0
-15 45 60 0
58 70 0
-53 75 -79 0
3 -60 -84 0
-7 -12 -77 0
-4 -10 -56 0
-37 -73 79 0
-17 83 -84 0
11 -19 -37 0
-1 -26 -74 0
22 82 -84 0
6 -38 -61 0
-5 13 -71 0
-33 36 63 0
-25 -42 0
-44 -62 76 0
-43 78 81 0
16 38 -76 0
66 84 0
-5 -30 52 0
10 54 70 0
9 25 54 0
3 18 0
-19 71 0
-13 14 -55 0
-1 13 62 0
44 -55 -67 0
1 -35 -43 0
20 64 80 0
11 -42 0
45 59 -72 0
-32 60 74 0
-29 -63 -70 0
49 69 -73 0
10 -49 56 0
-23 -42 59 0
-7 -56 0
-8 28 75 0
19 -37 -60 0
-27 82 0
-3 8 45 0
-3 31 80 0
-55 -75 -78 0
-3 29 56 0
-14 -17 79 0
9 45 46 0
-18 -47 60 0
8 45 76 0
-1 49 80 0
-19 43 0
14 -49 -51 0
8 -46 84 0
-12 -41 -77 0
-27 -45 -73 0
-25 -35 -47 0
17 44 0
-13 25 28 0
6 -10 -84 0
-8 -9 46 0
20 -36 60 0
-41 52 -73 0
52 -53 -62 0
-15 80 84 0
2 -5 17 0
52 -79 0
-8 9 56 0
-8 -43 63 0
-4 -76 0
-9 -72 0
27 49 0
5 53 -83 0
-4 -34 -75 0
10 65 -79 0
23 83 0
-50 -69 -76 0
54 -75 0
1 -76 -78 0
-32 33 -49 0
-3 -24 -66 0
-74 -76 83 0
54 66 -68 0
19 -21 -46 0
24 -49 59 0
2 43 -84 0
-3 37 68 0
26 46 -56 0
-42 74 -76 0
-4 28 67 0
-8 -31 39 0
-27 34 -84 0
2 18 47 0
53 73 0
55 63 74 0
6 37 -71 0
-23 -31 -83 0
6 46 49 0
18 -54 55 0
6 -61 64 0
40 56 70 0
-26 28 -73 0
3 56 78 0
25 69 0
-7 -47 51 0
-7 8 -13 0
15 -79 0
37 61 78 0
4 -12 -64 0
31 -36 -83 0
-67 76 0
9 -26 -71 0
66 -76 80 0
-54 -77 -79 0
7 25 -38 0
4 -25 -50 0
-45 -50 -65 0
