p cnf 67 214
8 17 -23 0
36 -51 0
-8 59 0
-22 -39 63 0
-2 -31 0
19 -24 33 0
6 53 -63 0
-19 25 0
-46 -62 0
13 43 0
-18 39 0
-1 63 0
-11 60 61 0
-2 38 52 0
-7 -25 -38 0
-2 45 0
22 40 0
-28 32 -62 0
21 45 0
1 -13 38 0
-5 25 54 0
30 -46 -62 0
37 59 0
6 -20 -48 0
13 43 0
-8 20 34 0
-26 -35 -62 0
29 48 -49 0
17 -21 0
-16 45 0
36 -52 -61 0
-18 -42 0
-16 35 57 0
-18 -41 -65 0
27 45 0
-59 -60 -61 0
45 -48 62 0
26 -31 37 0
-10 12 49 0
4 -28 35 0
-20 34 0
-12 -59 0
21 22 -62 0
-6 -19 -51 0
38 61 0
33 -64 0
13 29 -54 0
-3 -23 67 0
31 45 46 0
-56 -58 0
22 27 55 0
9 32 42 0
20 25 -51 0
-6 52 0
-14 -21 0
-7 -38 0
-41 -57 66 0
35 53 0
2 58 0
-22 -25 0
-14 32 -40 0
-5 55 0
-40 47 -49 0
44 -62 -64 0
2 -40 62 0
52 -58 0
-12 -40 0
-10 11 0
-11 -23 -63 0
-28 34 0
-57 -59 0
39 48 -63 0
51 54 0
-18 -42 0
34 -58 0
-11 16 -29 0
8 28 0
6 -10 48 0
29 -41 -56 0
5 40 49 0
-10 13 0
16 54 0
22 32 0
-7 -10 -17 0
-4 -36 58 0
11 16 -18 0
-8 33 42 0
10 -36 54 0
-8 22 61 0
10 -13 0
31 35 -63 0
10 24 36 0
22 57 59 0
4 -45 48 0
-18 -34 -35 0
-34 -46 0
52 -65 67 0
7 -14 45 0
-6 11 -44 0
-16 -44 -56 0
-24 56 0
3 31 -40 0
10 22 0
15 -27 -58 0
33 66 0
30 37 45 0
-13 -15 -29 0
-21 43 56 0
16 -42 -48 0
-8 51 55 0
35 47 -58 0
46 49 0
3 -42 65 0
47 -58 -62 0
12 13 19 0
7 19 31 0
-19 64 0
52 56 -67 0
3 4 6 0
15 -37 0
13 65 0
37 -64 0
27 39 0
37 56 58 0
15 46 0
37 63 0
3 53 -62 0
-46 -47 -53 0
11 -30 -67 0
1 -16 -22 0
-25 -46 -59 0
47 59 -61 0
10 -35 0
11 18 0
11 -14 -53 0
19 27 66 0
5 -41 -50 0
2 -28 45 0
6 -13 -24 0
18 31 -53 0
3 -24 -28 0
-36 40 -45 0
14 -33 44 0
-7 46 -57 0
9 51 62 0
8 -27 0
-36 -53 0
14 40 52 0
5 -45 -66 0
17 62 0
-8 40 -49 0
-48 51 0
12 -34 41 0
-16 -35 62 0
18 31 -47 0
-27 40 50 0
-8 16 21 0
7 28 40 0
4 -31 45 0
-3 -51 58 0
50 52 56 0
-17 -39 -46 0
27 -31 43 0
42 -44 50 0
16 -45 0
10 13 33 0
27 43 -51 0
17 31 -57 0
-21 60 0
12 36 -42 0
-4 -38 44 0
-32 -42 51 0
-17 41 50 0
-12 25 -29 0
64 -67 0
1 -45 0
22 -60 0
3 -41 -58 0
21 60 0
9 -18 50 0
18 -34 54 0
20 -32 -40 0
5 60 0
3 63 0
-7 32 0
-6 -21 47 0
27 42 53 0
-4 5 38 0
-22 -58 -66 0
12 38 0
-25 -33 -43 0
3 -50 61 0
17 -19 44 0
-15 33 34 0
-4 -62 0
54 -64 0
14 20 0
49 -65 0
-54 -57 0
10 20 -29 0
-20 47 60 0
-17 -46 55 0
31 37 -67 0
57 -66 0
-23 -49 57 0
34 56 62 0
24 -38 -53 0
22 29 0
21 63 0
15 49 0
-1 -61 65 0
-26 59 0
7 38 59 0
8 -47 0
