p cnf 87 329
5 11 53 0
-14 -47 -83 0
16 -41 -42 0
20 -34 0
-15 -28 51 0
4 -22 0
9 11 29 0
-23 30 62 0
-26 -35 -60 0
14 64 78 0
-47 59 -67 0
24 -69 80 0
3 -64 -67 0
81 83 0
2 51 -55 0
32 -44 -66 0
28 -38 -51 0
-31 35 -61 0
2 -76 -86 0
-2 -9 0
-13 37 67 0
11 -37 -57 0
-2 -60 0
14 -48 -85 0
-5 21 0
-63 77 -86 0
-17 -21 47 0
2 -27 -74 0
-40 58 -60 0
-30 -53 -79 0
6 19 -86 0
-2 -11 -35 0
1 44 65 0
-43 56 77 0
-24 27 64 0
-31 54 -76 0
-6 -42 0
-31 37 44 0
1 58 -79 0
1 18 -81 0
41 -62 -79 0
-2 39 -50 0
-10 -33 35 0
18 20 -24 0
46 -76 0
29 46 0
1 -40 -56 0
17 61 -65 0
-19 59 75 0
-24 48 -59 0
6 -14 -59 0
1 -56 -82 0
-3 24 84 0
-64 -85 -87 0
-18 -40 67 0
-15 -85 0
66 69 -73 0
-14 -17 26 0
-6 14 -53 0
-25 -84 0
29 -62 69 0
46 54 -61 0
40 -60 -87 0
23 -58 78 0
17 55 66 0
3 46 0
22 -44 68 0
-1 -39 0
18 -32 54 0
16 83 0
-2 -18 -55 0
47 84 0
-39 -52 -82 0
21 38 -87 0
-2 -33 73 0
-47 -63 87 0
59 64 70 0
23 -53 75 0
14 22 -84 0
-38 -41 75 0
10 -20 -38 0
1 31 -40 0
43 58 -59 0
-49 -71 76 0
4 32 59 0
5 -17 -49 0
-10 13 41 0
-69 70 78 0
1 13 -63 0
34 51 -75 0
-29 55 -65 0
-4 79 -87 0
42 -58 62 0
65 67 -69 0
-27 -35 47 0
-48 -49 50 0
-9 -28 -40 0
62 63 79 0
-15 -16 -54 0
13 68 -70 0
-31 61 -68 0
-3 -8 -21 0
43 -75 -87 0
-74 76 -84 0
7 -16 -61 0
-34 37 0
35 -66 -85 0
56 -67 75 0
23 -34 63 0
-4 -25 -34 0
-20 -65 0
35 -49 79 0
-12 -34 0
3 -33 0
15 -23 -35 0
-14 -58 -80 0
13 15 17 0
-52 -53 77 0
-20 -48 0
4 12 -86 0
4 -36 74 0
24 -29 81 0
-36 63 -76 0
-15 24 0
44 -53 62 0
42 66 0
-2 -6 86 0
1 -3 -62 0
7 11 16 0
-5 30 -81 0
-53 -72 78 0
-60 -62 -67 0
-33 51 83 0
-15 40 -74 0
1 -3 -41 0
1 -13 0
-9 13 -30 0
-69 72 -81 0
18 -41 77 0
42 -50 0
43 57 81 0
-9 -28 -87 0
-13 29 -44 0
9 -65 0
-25 36 60 0
29 54 -57 0
22 -51 68 0
-8 -17 23 0
5 -16 -72 0
29 50 -61 0
-42 61 74 0
5 7 -8 0
-32 -50 -52 0
60 -61 -84 0
-36 52 -57 0
-41 -66 84 0
6 23 25 0
23 -25 -33 0
-23 -42 -57 0
4 16 26 0
32 -66 0
-3 33 63 0
-25 -35 -83 0
11 -25 59 0
-37 -61 -82 0
29 83 0
10 75 0
1 30 86 0
-17 53 79 0
-26 -48 69 0
2 -15 -47 0
11 -57 -61 0
-24 -39 0
5 -10 -43 0
8 12 -41 0
11 60 -75 0
42 -67 0
-19 28 -53 0
14 42 -46 0
31 -44 -60 0
39 68 -79 0
2 23 -31 0
-41 47 -73 0
59 -84 -87 0
-33 37 -78 0
12 81 0
23 24 41 0
16 55 87 0
-30 -77 0
-11 -71 0
38 -75 84 0
24 68 -72 0
29 49 76 0
-42 -85 0
21 70 85 0
-30 69 0
14 19 -81 0
-2 30 64 0
3 -21 -38 0
-23 46 79 0
13 -73 81 0
30 -55 -77 0
45 -70 85 0
-2 54 60 0
31 42 -62 0
23 34 -42 0
-40 74 0
-5 13 71 0
9 68 0
4 -50 87 0
3 49 0
26 -32 -71 0
56 -79 81 0
-47 -68 -82 0
-10 42 -57 0
50 57 0
-14 -82 -83 0
-4 -41 57 0
11 -58 86 0
9 29 -87 0
-23 58 -68 0
-53 -54 81 0
-25 64 66 0
6 -51 -67 0
8 -55 62 0
-10 28 48 0
19 -32 -72 0
-24 34 -47 0
42 -65 0
28 -44 56 0
-42 -68 0
9 -23 69 0
47 68 79 0
-6 15 63 0
18 36 82 0
-33 41 -83 0
-10 72 0
5 -41 57 0
35 40 78 0
12 49 -53 0
-35 37 49 0
-21 -47 51 0
1 -15 39 0
-18 -85 0
-21 -41 77 0
7 -12 69 0
24 36 64 0
-2 -7 25 0
-11 -81 83 0
17 46 -64 0
-10 40 82 0
27 35 -76 0
-45 -61 0
-27 -51 67 0
-26 32 -64 0
-30 49 68 0
-53 59 -74 0
57 66 0
-31 54 71 0
14 -18 52 0
-18 55 -73 0
-6 -8 -66 0
-18 -32 -42 0
-51 -71 85 0
-2 51 74 0
29 -53 -74 0
-35 78 -85 0
24 -46 48 0
13 33 80 0
-59 -62 78 0
12 -35 82 0
7 32 -40 0
43 56 -62 0
19 61 -84 0
-20 65 -77 0
5 -6 -54 0
-45 69 -75 0
14 82 0
-54 -71 0
-9 -32 -53 0
5 -13 -62 0
34 -72 0
11 48 -86 0
4 75 -82 0
-48 57 82 0
-11 -53 0
16 80 81 0
1 -54 63 0
-14 -43 51 0
25 -27 63 0
-35 -61 0
-16 48 0
-56 61 -66 0
5 -71 0
-12 -33 -66 0
-15 31 59 0
1 -55 87 0
18 25 -83 0
24 -80 83 0
-1 -40 51 0
-3 -10 -44 0
6 40 -59 0
35 39 57 0
20 25 -69 0
-5 -6 -17 0
-5 29 -47 0
-4 18 0
-1 -47 0
-49 68 -73 0
-9 -43 58 0
58 -63 -87 0
-7 43 74 0
16 -83 86 0
-2 30 67 0
-35 73 87 0
35 -54 -71 0
9 54 63 0
-7 29 32 0
10 -13 -54 0
10 -85 0
23 -39 -67 0
-58 73 79 0
15 43 0
24 -33 55 0
62 65 -74 0
-49 -61 74 0
31 56 -65 0
30 61 0
13 17 83 0
