p cnf 75 256
-15 36 73 0
12 46 -56 0
14 -26 0
-1 -16 72 0
22 47 75 0
37 -40 52 0
17 -28 -72 0
38 65 73 0
21 22 0
7 -12 -60 0
42 56 68 0
-5 31 50 0
-59 -63 0
35 42 -64 0
-10 35 0
-18 -38 -47 0
25 -26 -28 0
-3 -66 0
-56 -65 0
30 31 74 0
-15 32 -39 0
34 47 0
-52 -59 67 0
-31 -49 0
-4 32 -36 0
-21 -34 57 0
7 12 0
-49 -52 -57 0
18 -22 31 0
63 64 0
4 29 -42 0
46 47 69 0
7 -14 -40 0
40 54 -55 0
28 69 0
-3 56 -67 0
-24 67 73 0
-21 64 0
11 -36 47 0
13 -15 68 0
8 51 -72 0
-31 50 -65 0
5 -31 64 0
-6 10 53 0
-33 -61 -72 0
10 29 -62 0
-26 -35 -57 0
-19 35 43 0
-8 -13 0
6 14 0
-22 -24 -28 0
12 61 67 0
60 -65 72 0
-2 -46 -72 0
28 -30 37 0
-26 -31 -53 0
-24 -42 -53 0
-4 58 69 0
-2 -53 59 0
45 -61 72 0
-54 64 0
7 -39 0
-41 -68 -70 0
9 55 0
-12 -45 71 0
23 -34 -46 0
9 -32 0
3 -5 -25 0
29 -68 70 0
28 -43 0
10 12 -34 0
70 -72 -73 0
4 -31 70 0
25 -28 -69 0
70 73 0
-9 59 66 0
-1 -46 0
1 25 75 0
-15 39 66 0
-5 14 0
32 -51 0
46 67 74 0
-14 22 67 0
28 -46 56 0
-2 9 -18 0
-4 18 40 0
-31 33 -51 0
-1 15 64 0
16 -33 0
13 -49 0
-39 48 0
14 49 0
27 46 67 0
18 46 0
10 -40 54 0
-1 -14 29 0
6 33 -34 0
28 -60 63 0
50 -56 -70 0
-12 -75 0
-36 57 0
-34 -48 0
-15 -30 42 0
-14 26 73 0
-28 -49 62 0
-3 -4 0
22 34 38 0
1 -37 0
1 48 0
38 -43 -65 0
50 -51 71 0
-24 25 0
7 -15 0
31 -71 0
-15 -35 -66 0
1 55 -70 0
8 60 0
-12 38 -39 0
26 38 40 0
21 -50 0
65 69 0
57 -65 74 0
1 7 -71 0
4 -16 37 0
1 30 -56 0
-2 26 0
-14 18 23 0
23 -60 71 0
26 -67 69 0
-52 -66 71 0
-38 -46 -55 0
-51 53 56 0
-14 -21 -40 0
47 -72 0
38 67 0
-27 -41 -68 0
5 9 59 0
36 -48 70 0
8 -39 69 0
2 10 63 0
-19 -43 -50 0
41 48 56 0
4 -23 50 0
-2 -45 0
59 61 0
16 25 -45 0
3 28 -63 0
-14 -31 69 0
-5 -27 0
-51 60 75 0
6 -8 67 0
59 69 0
6 30 -46 0
-38 40 0
5 -27 0
49 -73 0
41 -69 -74 0
12 33 0
28 48 0
21 40 63 0
45 62 74 0
12 24 25 0
5 -49 0
-13 55 0
-23 -39 65 0
-10 -26 38 0
-1 50 61 0
2 -25 -57 0
18 31 0
-47 -48 51 0
4 -10 21 0
20 40 41 0
-24 -27 72 0
6 70 0
33 -42 -54 0
35 43 45 0
-8 -10 -20 0
23 -60 -68 0
10 -29 0
30 57 72 0
6 -8 22 0
-6 -22 52 0
52 -73 0
-1 -15 -20 0
-27 -50 66 0
50 60 -63 0
18 -70 0
-40 -61 0
-32 -41 -72 0
6 38 63 0
-7 -44 -49 0
-11 -39 0
-23 -59 0
29 -33 -47 0
-26 -37 46 0
7 -12 45 0
2 -59 0
-5 16 -39 0
69 -71 -74 0
-3 -27 -40 0
-19 -67 0
3 -33 -46 0
38 -39 71 0
-17 30 -60 0
-20 -40 0
28 34 39 0
-24 -43 0
45 -47 61 0
6 -46 0
38 -71 0
-1 -6 -67 0
-13 -28 -53 0
10 18 -32 0
12 -53 0
-9 -17 0
20 41 -64 0
32 52 -54 0
2 -7 -75 0
-19 -44 -72 0
-25 -70 0
-42 -48 67 0
9 36 51 0
-5 26 68 0
-14 64 0
18 66 0
-10 65 0
-19 -61 -68 0
-36 -42 62 0
8 35 67 0
-3 30 -60 0
-22 34 0
14 45 0
49 60 -70 0
-3 75 0
-20 -39 0
-39 58 0
-34 43 -51 0
-5 -35 38 0
47 53 66 0
-9 -39 53 0
13 69 75 0
-2 38 -46 0
-41 43 -63 0
-13 -41 -56 0
22 -46 -66 0
-8 28 39 0
38 -59 0
12 -75 0
-3 -47 68 0
-14 27 62 0
-22 -45 -47 0
3 11 62 0
16 38 45 0
-16 53 0
66 -69 0
-40 41 55 0
