p cnf 87 328
23 -43 -82 0
-18 72 86 0
-28 -86 0
4 78 86 0
-8 -22 24 0
36 -70 85 0
34 54 68 0
-35 -36 51 0
-2 -28 64 0
21 -85 87 0
-4 -16 41 0
-14 -52 -61 0
-2 11 -75 0
10 -13 26 0
-6 16 45 0
12 -71 83 0
10 53 73 0
-6 16 51 0
-10 -24 -76 0
48 59 67 0
12 -51 52 0
65 -71 0
11 -26 -43 0
-8 -16 0
6 -47 -57 0
-6 62 87 0
20 -50 -51 0
-33 60 0
20 -34 -48 0
-5 33 -46 0
-7 -62 79 0
-13 21 -81 0
5 -80 0
16 25 -76 0
31 39 81 0
-7 -17 84 0
-16 -53 0
-65 73 -82 0
-35 -54 -60 0
22 -37 -63 0
-4 32 49 0
-40 -83 0
2 -28 -60 0
7 -29 -79 0
-50 59 -61 0
14 -15 84 0
7 21 73 0
-42 52 61 0
-17 52 -61 0
-34 -65 69 0
-12 47 -80 0
-38 42 66 0
16 -31 56 0
3 -71 78 0
43 47 62 0
-11 43 -80 0
19 -72 0
28 -80 0
-8 -36 -66 0
16 80 86 0
-6 -40 75 0
45 -82 -87 0
41 59 -84 0
-62 -76 78 0
24 -33 -83 0
9 33 0
41 -43 44 0
-48 51 58 0
-12 -20 83 0
-42 72 0
37 50 -74 0
-38 42 -72 0
-1 38 -78 0
24 -72 80 0
57 60 0
-62 -80 81 0
2 26 63 0
4 -16 -18 0
30 -57 66 0
4 -32 -66 0
-10 -12 0
13 -19 -59 0
-22 37 52 0
2 -38 -39 0
-15 74 0
-10 49 0
4 24 74 0
31 75 -81 0
18 -33 80 0
-30 47 64 0
-21 47 0
-53 81 84 0
44 86 0
-40 55 76 0
16 60 81 0
21 61 0
-27 52 -57 0
8 25 -83 0
-8 -21 0
-15 -32 0
-23 31 82 0
-17 30 -50 0
-16 56 -69 0
-10 -12 0
44 48 72 0
2 -45 -82 0
-16 65 72 0
-1 11 75 0
25 -68 -80 0
-16 62 -66 0
-42 50 63 0
-46 57 82 0
7 -41 -68 0
-56 62 63 0
-17 20 0
-23 45 -79 0
-47 -71 78 0
18 -22 0
71 -76 79 0
-6 -15 59 0
-37 65 80 0
-18 78 81 0
-12 -48 73 0
31 39 0
56 82 0
-31 -87 0
22 24 0
17 31 51 0
-78 -82 0
-10 63 -87 0
52 -64 -80 0
-44 50 70 0
17 18 30 0
48 -69 -79 0
14 42 68 0
-2 -20 79 0
18 25 0
-60 -61 -76 0
23 -63 -87 0
-44 -56 -75 0
18 -42 0
-1 -22 -65 0
13 -24 48 0
-17 -70 -73 0
-34 -53 79 0
-7 -42 0
-30 -49 -86 0
-4 -20 -57 0
14 35 42 0
-22 -34 41 0
23 57 -83 0
2 53 0
63 77 87 0
-28 77 -83 0
-7 40 -67 0
11 60 0
13 30 -32 0
-34 -61 -84 0
-39 -49 0
30 31 -74 0
-36 -84 0
75 -84 0
26 -51 -81 0
4 -61 74 0
-3 24 -77 0
16 52 59 0
-63 64 73 0
4 6 0
29 38 0
8 12 71 0
-37 -39 64 0
-45 53 86 0
9 21 -66 0
25 79 0
-58 60 80 0
9 -61 -65 0
-7 -34 -36 0
-12 -28 0
-56 60 85 0
14 -58 -73 0
5 68 86 0
23 -33 -63 0
5 -25 65 0
6 13 -39 0
14 21 -51 0
-6 10 82 0
29 -65 -85 0
69 -70 -74 0
-80 86 0
-55 -63 -66 0
-4 -17 -48 0
14 58 62 0
35 61 62 0
-24 -59 0
36 -49 -63 0
-58 -64 -74 0
-14 -39 41 0
34 -35 55 0
3 -19 -77 0
-25 68 82 0
18 -23 -35 0
-11 12 65 0
-43 46 -78 0
-28 31 -80 0
-48 58 -78 0
8 -62 0
-18 35 50 0
-3 22 0
5 9 -13 0
-33 58 85 0
10 -70 87 0
6 27 69 0
-60 -66 0
-31 35 78 0
2 -15 87 0
-54 -62 86 0
-44 -55 -68 0
-10 -47 69 0
5 25 62 0
5 -18 25 0
3 -14 -71 0
38 -48 -61 0
-40 55 0
-58 76 0
4 -26 -59 0
-3 -33 48 0
-54 57 62 0
14 57 76 0
33 47 85 0
-26 -55 -62 0
42 56 -83 0
-22 56 -76 0
18 -34 -86 0
-16 -40 -82 0
-20 -38 67 0
-23 26 0
-62 66 -84 0
46 -48 85 0
-40 -53 0
-9 -29 -60 0
-46 48 76 0
68 -72 0
25 49 -60 0
6 -29 77 0
-54 70 -87 0
83 84 -87 0
-10 35 45 0
-34 44 47 0
-3 -29 45 0
9 32 -81 0
24 53 -55 0
3 45 0
-4 64 74 0
-46 -51 -76 0
4 -14 81 0
-12 20 -44 0
-7 -22 44 0
-16 63 0
-51 -80 -83 0
13 65 0
-67 70 -74 0
-13 37 -46 0
-8 -70 -85 0
3 27 67 0
60 -73 -75 0
-27 40 0
-20 70 -85 0
23 -86 0
-20 40 59 0
38 -61 69 0
14 16 87 0
-27 -31 0
21 64 80 0
-42 -58 0
48 -57 -79 0
-7 17 -47 0
-41 58 -77 0
-10 -32 -36 0
-1 35 41 0
-3 -78 0
26 -35 -46 0
-3 64 83 0
6 49 0
-3 -6 -19 0
16 -59 -69 0
6 -65 -83 0
-8 57 84 0
-30 -38 43 0
37 39 -54 0
23 67 75 0
32 -37 40 0
-1 3 -25 0
49 -58 -73 0
3 -22 62 0
31 36 -59 0
-30 -45 -59 0
-8 68 72 0
12 -31 -84 0
9 48 -58 0
15 56 -85 0
28 56 72 0
7 42 -66 0
18 27 82 0
14 49 -64 0
-15 44 50 0
43 55 0
37 -59 0
-1 -30 81 0
-12 -28 81 0
-57 62 -74 0
1 -2 -81 0
17 62 64 0
-7 -16 31 0
22 43 -82 0
-37 70 83 0
-32 -60 71 0
-37 61 -78 0
-42 -60 0
15 -25 -65 0
1 8 55 0
-19 -73 79 0
2 15 -17 0
-26 -78 0
17 48 0
14 20 -30 0
6 -13 -80 0
9 -46 48 0
-25 -33 -76 0
