p cnf 87 312
13 86 0
25 -75 0
41 79 -84 0
3 7 37 0
11 19 43 0
48 -61 0
-43 64 -79 0
10 30 52 0
5 -54 -72 0
-28 41 -80 0
-26 -29 -83 0
13 -18 -27 0
-57 59 78 0
-58 76 0
-59 -63 -70 0
-11 12 -42 0
7 -8 68 0
4 -29 -43 0
10 69 -83 0
37 -61 0
-39 -64 73 0
-13 -60 85 0
28 76 0
-13 -22 49 0
-6 -7 -9 0
-24 -44 86 0
-32 -59 0
-64 -86 0
3 4 33 0
5 -36 -44 0
-52 60 61 0
-74 80 85 0
-72 76 0
40 60 -85 0
-30 41 0
-53 -60 86 0
-11 -79 0
-11 -29 -83 0
-6 -76 -77 0
17 32 71 0
51 -77 -79 0
-32 64 0
20 40 63 0
56 66 -81 0
-23 -63 -80 0
41 -59 65 0
-28 -62 0
31 32 -74 0
-14 27 -46 0
-14 -22 -62 0
39 -42 54 0
-19 55 73 0
8 -45 -59 0
-66 87 0
2 15 -63 0
48 -80 0
36 -85 86 0
-7 -50 81 0
21 58 61 0
2 -43 62 0
-43 -72 84 0
6 -15 78 0
-2 -29 -85 0
3 -16 52 0
-55 56 0
-13 -19 50 0
38 76 87 0
-61 68 70 0
6 -87 0
-11 -14 45 0
-36 -70 77 0
13 24 0
-6 -35 -65 0
25 85 0
-54 64 0
-25 50 68 0
43 -48 76 0
3 4 56 0
-39 -51 63 0
17 -56 0
-1 22 -24 0
-18 -42 48 0
-22 25 27 0
26 -32 -57 0
56 62 80 0
-10 13 -39 0
2 79 0
23 -49 76 0
30 34 -43 0
-33 67 82 0
31 33 76 0
-23 26 -73 0
-7 79 0
40 -72 73 0
19 46 0
-10 -60 -76 0
-18 -19 -78 0
-2 -35 41 0
-31 65 -82 0
-11 29 78 0
36 -55 -59 0
-36 -49 -77 0
-25 46 70 0
-22 81 0
52 -73 78 0
-62 63 73 0
-9 10 -86 0
48 -52 67 0
38 -55 84 0
-4 -13 19 0
41 66 78 0
-17 -18 -66 0
3 -30 0
-5 36 41 0
24 -60 0
9 -66 -83 0
49 -69 -83 0
-22 55 75 0
-3 39 -46 0
-18 55 68 0
28 75 -84 0
23 -49 51 0
-58 75 86 0
-9 -19 0
-9 27 -47 0
-24 41 -51 0
17 78 -86 0
73 -75 0
17 77 0
24 50 0
12 -37 59 0
-15 23 46 0
9 17 63 0
-34 65 -75 0
29 38 0
-23 40 56 0
-1 5 60 0
-42 -55 64 0
8 39 -56 0
-70 -80 -86 0
-13 -20 0
18 -34 0
-24 67 86 0
5 37 70 0
40 -56 0
-46 -79 0
15 -21 68 0
-35 45 0
20 52 62 0
-11 -73 82 0
18 -59 -65 0
-14 -15 49 0
51 73 0
-10 13 -37 0
41 84 -85 0
-14 -54 -68 0
12 -70 72 0
2 7 -57 0
-11 -16 -85 0
26 53 -54 0
-5 -11 -50 0
1 29 75 0
42 46 0
-41 -49 -80 0
18 47 65 0
49 -79 80 0
19 67 0
-21 -32 -74 0
21 -39 68 0
74 -85 0
29 -55 0
10 33 81 0
-18 35 78 0
27 54 -70 0
-26 -54 61 0
-4 -82 0
10 28 -61 0
12 -30 54 0
-72 -82 -87 0
2 -80 0
18 -61 -63 0
-61 64 -69 0
-2 -56 -63 0
-7 -41 -65 0
13 34 -79 0
-23 -48 0
-41 -44 -70 0
11 -41 -50 0
-43 67 -76 0
31 -58 -61 0
8 51 60 0
65 -79 -82 0
1 -19 24 0
17 -69 -74 0
-13 47 60 0
-35 44 47 0
25 -52 -60 0
-29 63 -70 0
25 70 71 0
-25 45 -71 0
63 65 -72 0
-2 -33 -42 0
-21 31 39 0
-33 49 54 0
18 -31 -87 0
-24 42 -65 0
-25 29 -44 0
-46 75 -81 0
17 -50 51 0
28 49 71 0
-13 -59 82 0
-56 -67 0
1 28 42 0
24 -60 85 0
-16 17 -32 0
44 -48 57 0
-53 -75 0
-1 -65 0
53 -72 86 0
43 -47 -59 0
-15 -23 50 0
25 31 42 0
-19 56 0
18 -32 -78 0
3 -41 -72 0
14 17 84 0
43 -85 86 0
-58 75 82 0
-37 -42 53 0
-25 34 -47 0
33 -53 -83 0
-29 -44 -83 0
-5 6 -86 0
-14 -51 66 0
1 -55 69 0
73 -79 -85 0
-6 -24 -43 0
46 -47 53 0
-44 -74 -76 0
25 34 -49 0
17 22 -76 0
-46 50 -55 0
35 44 -51 0
-40 -53 -64 0
-3 -74 78 0
18 20 -33 0
8 15 47 0
-73 77 81 0
-16 18 -59 0
35 -51 -75 0
28 58 0
32 45 -77 0
32 83 0
42 62 0
-3 18 60 0
12 14 86 0
31 -40 41 0
7 43 -86 0
35 40 -65 0
-48 -55 0
5 -81 -85 0
58 -76 0
-22 28 80 0
-18 -60 -78 0
6 -56 65 0
-14 -46 0
1 37 -59 0
-1 9 18 0
-82 83 0
23 54 -83 0
24 -34 -87 0
26 61 0
-26 -63 -72 0
-6 53 -77 0
-3 80 82 0
31 35 80 0
-27 -58 71 0
12 35 -65 0
31 -50 -59 0
-41 46 0
10 29 78 0
-4 5 79 0
-20 -32 65 0
-59 -63 -74 0
45 47 50 0
55 -57 -72 0
-43 -66 68 0
11 26 -50 0
-12 22 -28 0
19 -39 65 0
-39 -48 -62 0
-21 49 54 0
-14 24 -37 0
41 -43 -83 0
18 40 77 0
12 24 0
45 72 0
54 -58 0
16 -33 0
60 84 0
-15 -35 56 0
-10 -41 -83 0
-35 48 82 0
33 -73 77 0
-23 38 67 0
24 46 -66 0
18 22 -27 0
11 -23 25 0
46 -47 52 0
1 14 -15 0
-45 69 0
8 15 0
