p cnf 92 351
5 -29 -53 0
22 -37 42 0
-38 76 -92 0
33 -47 -79 0
9 -33 62 0
17 -57 75 0
28 -75 -84 0
-14 -15 52 0
-39 62 -89 0
42 50 59 0
-27 47 -83 0
-37 -85 92 0
-67 -72 79 0
32 44 -69 0
10 -72 86 0
54 67 68 0
5 -92 0
-1 56 -69 0
8 -77 78 0
-13 55 0
12 -31 38 0
-7 -73 -78 0
-13 25 63 0
-6 -40 -76 0
-29 72 0
39 -56 62 0
2 20 -21 0
9 57 -73 0
-41 -68 76 0
-7 81 83 0
16 -20 -30 0
8 -19 -63 0
37 -76 -83 0
-62 -67 -82 0
-29 -85 0
54 60 -90 0
-4 -63 -79 0
53 68 77 0
23 -49 90 0
-18 78 -90 0
-16 -51 84 0
18 -20 92 0
-21 -67 -70 0
13 -65 66 0
26 -51 -68 0
-19 -67 -86 0
3 11 -84 0
3 30 -42 0
-5 37 81 0
-44 45 47 0
6 21 -42 0
5 -6 38 0
5 -7 -26 0
-12 23 -55 0
-2 -27 -49 0
-14 -27 -88 0
-82 86 0
4 16 37 0
23 61 91 0
-32 -46 85 0
-16 -23 27 0
2 -45 84 0
19 -22 74 0
9 -14 -53 0
-14 -21 -87 0
6 -38 -82 0
14 15 67 0
26 40 81 0
12 -47 0
-14 25 74 0
6 82 -88 0
14 30 33 0
-20 -39 -42 0
19 -57 73 0
-21 36 0
22 72 0
4 7 -50 0
68 -89 92 0
35 -64 89 0
59 84 0
-26 -66 -87 0
9 -44 -84 0
-23 -51 -90 0
36 -47 -50 0
-36 67 81 0
-39 -50 56 0
-19 46 67 0
-33 -65 81 0
-14 44 -81 0
8 16 31 0
24 27 28 0
-27 -58 0
-48 -70 0
-24 65 -75 0
-25 -88 0
43 -58 -65 0
28 -62 0
-2 4 -20 0
-20 36 -70 0
-27 -29 36 0
-8 17 -32 0
11 69 -91 0
25 74 -80 0
-2 -58 -79 0
-22 -48 87 0
3 -27 0
-48 -53 89 0
-10 -16 29 0
-8 60 -88 0
-6 -20 -81 0
-27 38 84 0
49 -66 88 0
42 -56 -84 0
66 -67 82 0
26 -34 -92 0
-57 80 -85 0
64 -76 87 0
17 55 -92 0
16 -40 70 0
17 26 -72 0
-13 -71 86 0
-2 22 -84 0
-14 19 -79 0
-30 71 -73 0
23 -65 67 0
5 66 82 0
-6 -54 -76 0
6 53 0
-11 -26 52 0
-6 21 53 0
-16 27 -73 0
-6 -58 72 0
16 36 43 0
-47 56 -81 0
29 45 -82 0
-23 -67 -78 0
10 -46 86 0
-65 76 0
-12 73 -75 0
13 -29 77 0
69 -71 83 0
60 91 0
53 -63 74 0
4 -34 57 0
-8 -50 -61 0
21 55 -88 0
31 54 55 0
-26 35 -52 0
-42 62 89 0
-55 -87 90 0
36 86 0
-5 13 78 0
-33 47 -72 0
17 -54 -76 0
11 51 -80 0
-17 48 49 0
-2 -66 72 0
-31 36 0
18 -81 -87 0
15 -52 66 0
22 -28 -74 0
26 -68 -79 0
15 70 -86 0
-47 60 -71 0
-6 52 -78 0
31 45 74 0
22 -35 64 0
-7 36 43 0
-5 20 76 0
-12 27 0
-42 71 78 0
-22 -30 -54 0
-48 56 0
-17 -21 29 0
1 32 -80 0
13 -37 -91 0
-25 49 -62 0
-39 -53 58 0
39 42 79 0
-3 45 70 0
-3 -56 -85 0
1 -78 86 0
-20 -55 -63 0
-50 -77 78 0
14 -45 92 0
29 82 91 0
-13 -24 -90 0
-10 26 -35 0
34 -60 -75 0
25 -61 -62 0
-18 24 -69 0
33 56 0
17 27 -87 0
2 -64 74 0
-9 14 85 0
8 -10 -22 0
-56 69 84 0
-1 67 78 0
38 -88 91 0
10 -64 -71 0
11 -34 57 0
72 -76 -86 0
-22 71 -79 0
-28 -55 60 0
-3 19 67 0
41 -58 75 0
27 -56 -89 0
43 69 -91 0
2 54 64 0
40 -46 -61 0
26 -59 88 0
-12 -45 -54 0
51 71 -80 0
-19 -21 -78 0
40 -46 -86 0
-39 -41 51 0
40 43 75 0
9 21 -84 0
2 -55 -76 0
5 -15 -24 0
-2 51 54 0
-1 -9 -35 0
2 42 -46 0
18 31 -45 0
-44 -77 -87 0
-18 77 0
6 16 52 0
-7 -18 -88 0
-67 81 -88 0
2 18 90 0
-14 -35 40 0
-61 62 -86 0
-67 -69 -70 0
55 78 -82 0
-39 -44 72 0
-24 59 89 0
10 46 59 0
3 50 0
28 34 -63 0
11 -28 0
8 -37 60 0
-49 -81 -86 0
39 -61 -78 0
-1 20 -80 0
-13 31 64 0
-4 -86 88 0
-3 -45 90 0
-18 -56 77 0
60 -80 81 0
-4 -37 -45 0
23 -36 79 0
18 49 61 0
16 -51 87 0
5 35 45 0
31 -40 59 0
-24 -63 64 0
-7 -17 -37 0
-21 -87 -89 0
28 42 90 0
-1 -3 0
-35 45 -69 0
12 -31 49 0
-13 -59 60 0
-48 -63 -90 0
7 30 66 0
24 40 50 0
6 62 -85 0
36 -58 64 0
-15 -23 -85 0
-56 -73 -87 0
-44 58 65 0
75 80 -82 0
10 26 87 0
-25 -44 -86 0
36 -51 91 0
41 48 61 0
2 -47 -82 0
-32 -58 77 0
-54 59 -63 0
-4 37 60 0
-30 -31 -79 0
-29 -78 84 0
-4 -23 -63 0
15 24 -48 0
6 36 44 0
-75 -88 0
-21 -41 92 0
-8 -15 51 0
-38 53 86 0
-4 28 -39 0
58 62 -86 0
-17 -59 68 0
-1 10 35 0
46 47 -60 0
31 -44 62 0
27 -32 0
-4 -40 -50 0
-28 -57 77 0
7 -59 -81 0
-39 -74 -92 0
43 61 74 0
15 -30 -66 0
16 91 0
5 10 -54 0
-23 -48 91 0
15 22 -71 0
47 -49 69 0
32 40 -53 0
11 34 -58 0
-26 -49 54 0
15 -75 77 0
-37 -45 87 0
7 -27 50 0
-3 6 14 0
-15 83 89 0
-32 -47 68 0
18 -36 0
-23 41 64 0
-1 -31 51 0
-2 16 81 0
8 -45 -62 0
36 -54 -66 0
19 -28 -90 0
-68 -78 83 0
-46 65 -70 0
-38 -87 88 0
45 -92 0
24 29 -84 0
59 63 -73 0
62 -74 -82 0
17 -76 83 0
5 -7 -90 0
-12 57 0
-5 33 49 0
4 53 0
54 -61 0
8 61 87 0
-10 24 64 0
76 -78 83 0
17 -25 -48 0
43 -45 53 0
-55 76 82 0
8 43 79 0
7 50 -89 0
-5 -38 92 0
-30 53 -59 0
-8 9 0
3 33 82 0
13 20 -58 0
-8 30 -69 0
51 -57 -60 0
