p cnf 69 227
58 69 0
-25 -69 0
4 63 69 0
-8 -20 22 0
-30 42 0
-2 -25 51 0
19 -68 0
11 49 0
-4 -15 33 0
-13 -43 -49 0
-2 11 -60 0
10 -12 24 0
-6 15 37 0
-57 67 0
-6 15 42 0
-10 -22 -61 0
40 54 0
-42 43 0
52 -57 0
11 -24 -35 0
-8 -15 0
6 -39 -46 0
-6 50 0
18 -41 -42 0
-29 48 0
-5 29 -38 0
-7 -50 64 0
-12 19 -66 0
5 -65 0
15 23 -61 0
-7 -16 0
-15 -44 0
-32 -67 0
2 -25 -48 0
7 -26 -64 0
-41 -49 0
13 -14 0
-34 43 49 0
-16 43 -49 0
35 42 0
-31 34 53 0
3 -57 63 0
35 39 50 0
-11 35 -65 0
17 -58 0
25 -65 0
-8 -53 0
15 65 69 0
-6 -32 60 0
-50 -61 63 0
22 -29 -67 0
9 29 0
33 -35 36 0
-40 42 47 0
-34 58 0
41 -59 0
-31 34 -58 0
-1 31 -63 0
22 -58 65 0
46 48 0
-50 -65 66 0
4 -15 0
27 -46 53 0
4 -28 -53 0
-20 43 0
-14 59 0
4 22 59 0
-27 39 51 0
-44 66 0
36 69 0
-32 45 61 0
15 48 66 0
19 49 0
8 23 -67 0
-8 -19 0
-14 -28 0
-16 27 -41 0
36 40 58 0
-15 52 58 0
-1 11 60 0
23 -65 0
-15 50 -53 0
-38 46 0
7 -33 0
-16 18 0
-21 37 -64 0
-39 -57 63 0
57 -61 64 0
-6 -14 0
63 66 0
20 22 0
43 -51 -65 0
-36 41 56 0
40 -55 -64 0
-2 -18 64 0
-48 -49 -61 0
-36 -60 0
-1 -20 -52 0
12 -22 40 0
-16 -56 0
-7 -34 0
-27 -69 0
-4 -18 -46 0
13 30 34 0
21 46 -67 0
2 44 0
-25 62 -67 0
-7 32 -54 0
11 48 0
12 27 -28 0
24 -42 -66 0
4 -49 59 0
-3 22 -62 0
15 43 0
4 6 0
26 31 0
8 57 0
-37 44 69 0
9 19 -53 0
23 64 0
-47 48 65 0
9 -49 -52 0
48 68 0
13 -47 0
21 -29 0
5 -23 52 0
13 19 -42 0
-6 10 0
26 -52 -68 0
55 -56 -59 0
-65 69 0
-45 -53 0
-4 -16 -40 0
13 47 50 0
30 49 50 0
-47 -51 -59 0
-30 45 0
3 -17 -62 0
-11 52 0
-35 38 -63 0
-40 47 -63 0
8 -50 0
30 41 0
5 9 -12 0
-29 47 68 0
10 -56 0
6 55 0
-48 -53 0
30 63 0
2 -14 0
-36 -45 0
-10 -39 55 0
5 23 50 0
5 23 0
3 -13 -57 0
31 -40 -49 0
-32 45 0
-47 61 0
-3 -29 40 0
13 46 61 0
29 39 68 0
-24 -45 -50 0
-18 -31 54 0
-21 24 0
38 -40 68 0
-32 -44 0
-9 -26 -48 0
-38 40 61 0
6 -26 62 0
-10 30 37 0
-3 -26 37 0
9 28 -66 0
22 44 -45 0
3 37 0
-4 51 59 0
-38 -42 -61 0
4 -13 66 0
-7 -20 36 0
-42 -65 -67 0
12 52 0
-54 56 -59 0
-12 -38 0
-8 -56 -68 0
3 54 0
48 -60 0
-18 56 -68 0
21 -69 0
-18 32 0
31 -49 55 0
13 15 0
19 51 65 0
-34 -47 0
40 -46 -64 0
-7 16 -39 0
-33 47 -62 0
-10 -28 0
-1 30 33 0
24 -30 -38 0
-3 51 67 0
-3 -6 -17 0
6 -52 -67 0
-8 46 0
-27 -31 35 0
21 54 60 0
-1 3 -23 0
3 -20 50 0
9 40 -47 0
7 34 -53 0
-14 36 41 0
35 45 0
-1 -27 66 0
-46 50 -59 0
1 -2 -66 0
16 50 51 0
-28 -48 57 0
-34 -48 0
14 -23 -52 0
1 8 45 0
-17 64 0
2 14 -16 0
-24 -63 0
16 40 0
13 18 -27 0
6 -12 -65 0
-26 -63 0
9 -38 40 0
-23 -29 -61 0
