p cnf 85 322
9 35 -57 0
-10 24 37 0
2 36 -73 0
-17 -32 38 0
3 54 75 0
55 61 -79 0
15 20 23 0
18 23 -46 0
-3 -48 -78 0
-45 -52 0
27 38 -66 0
-4 -5 52 0
38 48 76 0
5 67 69 0
-21 32 54 0
-25 -37 -66 0
-29 -56 -75 0
32 80 -82 0
2 3 62 0
15 19 51 0
12 -36 -56 0
3 62 -73 0
-11 76 78 0
-5 -34 -72 0
-46 53 -62 0
7 -29 59 0
-15 67 0
20 30 0
-42 54 -85 0
40 49 -65 0
21 -44 46 0
-30 -40 -55 0
8 -38 47 0
47 54 -82 0
-34 40 -75 0
-21 -29 41 0
15 -42 -78 0
-47 49 -58 0
-11 -29 -63 0
-14 -25 -53 0
-11 32 40 0
-20 57 0
14 -17 42 0
-35 43 60 0
-2 -56 -59 0
-9 11 -33 0
42 -46 -55 0
-7 54 55 0
-28 38 -60 0
6 19 0
10 31 -77 0
-1 -59 60 0
10 39 -76 0
-43 58 0
9 -10 -38 0
13 -43 62 0
-7 8 -71 0
15 -64 -68 0
50 -69 84 0
-11 46 -51 0
16 28 0
19 -76 79 0
-33 42 75 0
24 -26 0
-4 -27 -68 0
-69 74 0
6 17 -51 0
-20 -30 0
-12 -51 -52 0
1 6 -72 0
6 9 42 0
-44 57 -78 0
-22 -39 -69 0
-12 -39 -53 0
-10 -72 0
3 9 -60 0
-17 -52 54 0
-46 -68 71 0
-6 47 -49 0
-10 -22 81 0
-28 74 0
-54 72 0
-44 55 70 0
4 -17 21 0
-13 40 -54 0
7 -63 0
42 -57 -73 0
-6 32 -50 0
-14 -41 -80 0
1 -72 0
-1 61 0
31 58 70 0
-10 19 54 0
66 -67 0
46 65 69 0
13 16 32 0
7 50 -79 0
2 -44 62 0
-24 68 83 0
39 -81 85 0
-44 45 59 0
-25 -54 0
38 42 -73 0
10 -13 -54 0
22 23 36 0
3 17 64 0
78 85 0
2 21 -22 0
8 -61 -65 0
-55 65 81 0
-69 -85 0
-1 -53 -66 0
4 -81 0
37 -54 57 0
-38 -51 -57 0
-32 45 -66 0
-15 36 -80 0
-16 47 -71 0
-3 -81 0
-32 37 71 0
-25 42 -54 0
-6 -39 64 0
78 -84 0
24 54 -70 0
-44 -76 82 0
2 -32 -35 0
-11 41 0
12 -21 -66 0
-3 -18 33 0
-3 25 -42 0
10 -39 0
12 -26 34 0
-30 33 -61 0
57 75 0
-3 -60 0
-31 34 0
3 -39 -67 0
-5 54 -67 0
-33 85 0
-38 -44 77 0
20 24 -43 0
9 -55 66 0
22 -41 -50 0
18 37 0
48 56 -65 0
-40 55 -66 0
32 62 85 0
5 -14 0
23 -27 60 0
-16 47 0
-16 -20 -78 0
18 -34 -56 0
26 -31 57 0
-20 35 48 0
40 -65 85 0
-16 -71 0
22 -44 64 0
-5 71 -80 0
12 -33 52 0
-20 -45 -66 0
22 32 62 0
-20 42 -50 0
-2 8 33 0
-2 -12 47 0
-19 62 83 0
-1 40 55 0
-27 -31 0
26 -55 0
19 -25 58 0
45 59 -79 0
-7 70 82 0
-24 28 -43 0
18 32 60 0
-5 49 52 0
47 63 -78 0
-17 52 59 0
7 27 0
51 -63 65 0
11 27 -69 0
-37 -64 0
-51 -52 -76 0
50 -69 78 0
-35 -36 76 0
-37 70 -85 0
20 -28 0
-28 -30 35 0
77 -79 82 0
-2 -18 -67 0
-11 35 0
32 -38 -60 0
-16 59 79 0
6 -20 -40 0
6 21 -51 0
-39 -70 -85 0
22 -36 -70 0
11 68 0
-42 58 0
28 66 0
-14 55 -67 0
32 33 47 0
6 52 -62 0
-60 77 -79 0
-38 40 79 0
17 55 -63 0
14 -19 82 0
-19 -60 67 0
22 -33 -37 0
54 -71 -83 0
6 -18 0
2 -25 -73 0
-28 -29 72 0
-32 -72 0
8 35 -55 0
41 49 79 0
-45 -72 -73 0
2 -58 0
15 -38 61 0
45 57 0
-24 -72 0
7 -35 -55 0
4 56 60 0
23 -35 74 0
-14 -32 -73 0
11 33 0
16 42 -79 0
33 -51 56 0
37 -56 0
-13 46 -72 0
46 -52 0
-57 -68 76 0
14 -28 71 0
14 24 35 0
27 -43 49 0
66 -67 78 0
39 -41 0
-5 78 0
-10 22 -33 0
-43 -62 63 0
10 36 52 0
-9 -45 -78 0
-19 29 -75 0
9 25 48 0
58 -64 0
-10 -13 0
13 63 -85 0
-12 -14 -47 0
28 -52 0
-20 -39 48 0
-49 -78 85 0
-33 -35 -71 0
15 -19 -46 0
-44 59 68 0
-55 -65 -70 0
14 -24 0
18 -49 69 0
28 62 -68 0
-10 -22 74 0
-13 57 -70 0
16 67 0
2 -19 -69 0
21 54 0
6 7 57 0
57 -74 85 0
-42 -68 0
-40 -67 -82 0
7 39 -70 0
8 73 -85 0
-20 34 37 0
10 13 29 0
-24 -38 49 0
23 60 79 0
21 -61 81 0
40 51 -59 0
-1 -21 -39 0
14 -48 0
-65 -66 0
-26 28 68 0
-7 62 79 0
-4 -24 61 0
-35 49 62 0
-48 -54 -83 0
19 38 69 0
28 60 78 0
-37 -44 77 0
-57 59 0
3 25 -70 0
6 18 0
25 32 71 0
20 -23 0
10 -67 74 0
-45 71 79 0
22 -46 -58 0
-12 -83 84 0
-1 21 0
-40 -42 45 0
-27 37 47 0
-6 25 28 0
-8 -81 -83 0
-32 44 0
4 29 52 0
29 38 50 0
-1 31 51 0
-32 -70 0
26 52 56 0
63 65 -67 0
25 -84 0
-21 -41 -76 0
6 16 -19 0
-25 68 0
-9 -56 83 0
-9 63 0
43 -60 -69 0
9 10 47 0
16 34 -73 0
-7 -39 75 0
-65 82 85 0
-26 -38 0
27 -31 -34 0
-1 -19 71 0
17 -27 0
-7 -9 43 0
-5 34 -70 0
