p cnf 89 339
15 76 0
4 -31 -50 0
-33 70 -82 0
-22 30 53 0
-18 -59 -86 0
30 52 -73 0
36 -74 88 0
-22 -49 -73 0
-11 33 35 0
36 89 0
11 -38 -54 0
37 65 75 0
-19 -44 -63 0
11 -37 -81 0
-8 -34 -56 0
17 -59 82 0
-3 8 39 0
18 33 45 0
-8 26 -42 0
-2 -21 -27 0
-26 31 50 0
-30 57 82 0
-19 30 73 0
-46 -89 0
18 -24 0
-5 -75 76 0
6 -13 75 0
-72 -73 82 0
40 -66 0
-6 -57 -85 0
15 29 -53 0
43 -68 -82 0
-12 -74 75 0
9 -40 -71 0
54 -75 -82 0
-40 -59 74 0
-24 -77 86 0
35 57 58 0
24 -57 62 0
13 -24 -44 0
42 -46 75 0
-28 30 -66 0
30 36 0
13 56 0
-3 17 -34 0
44 78 84 0
-26 73 -86 0
-25 44 86 0
86 89 0
71 79 0
55 -81 0
-9 -44 -79 0
-11 -63 66 0
-62 -65 68 0
22 65 -69 0
-15 -19 -43 0
15 -67 -73 0
47 -50 -59 0
46 55 0
15 -20 -69 0
-25 -61 -74 0
42 62 74 0
28 -53 81 0
-7 14 -30 0
2 17 22 0
60 -64 73 0
-5 -48 -59 0
-48 -63 74 0
82 -88 89 0
-6 29 59 0
-4 -46 -85 0
-1 -33 0
53 58 0
-29 64 82 0
-11 -16 76 0
-34 -57 73 0
-48 52 -73 0
-49 62 78 0
45 -49 55 0
39 -53 71 0
-21 -26 0
-45 49 -59 0
6 -72 -76 0
47 74 88 0
29 56 -86 0
-29 -49 0
-1 -34 71 0
-46 69 -78 0
-33 63 65 0
14 -45 -50 0
15 -35 40 0
-6 -38 45 0
9 -47 63 0
24 -52 -61 0
-46 57 -84 0
25 53 83 0
19 -20 -71 0
48 -61 67 0
-25 -28 -71 0
14 44 49 0
22 24 86 0
10 -50 51 0
39 40 -72 0
-15 36 -69 0
-3 -14 61 0
-21 51 79 0
-19 62 66 0
65 73 0
38 -57 -72 0
7 -26 -85 0
-55 68 80 0
-1 21 42 0
-3 -41 -89 0
18 40 -72 0
-14 46 -83 0
-2 -31 -64 0
-29 -40 0
-2 -13 53 0
-39 54 77 0
-16 -44 89 0
-31 -47 62 0
-63 89 0
-6 -33 -80 0
-15 -68 0
-8 38 -86 0
6 21 -47 0
13 47 61 0
-4 59 -75 0
31 -37 -87 0
-31 68 -70 0
46 -61 -76 0
30 -40 0
-40 63 -84 0
-5 -17 83 0
-37 41 0
8 11 -72 0
40 51 0
28 37 45 0
9 -14 41 0
48 72 -80 0
-22 -30 78 0
29 37 61 0
-2 31 54 0
35 42 -70 0
-14 75 0
13 -16 -62 0
-4 30 -80 0
-8 -38 -82 0
28 -37 83 0
46 -77 84 0
11 -28 -42 0
19 69 -79 0
-31 51 75 0
3 38 -62 0
31 51 -52 0
-28 36 -85 0
-12 -27 77 0
7 31 47 0
56 -72 -75 0
-6 61 77 0
-27 -85 0
13 29 62 0
5 -34 63 0
-6 -66 -72 0
7 29 65 0
21 -26 -75 0
-16 -82 0
-2 -51 -89 0
-23 59 -81 0
19 65 81 0
-33 39 -82 0
23 -73 -78 0
20 -22 57 0
-28 -41 0
-3 12 -24 0
-47 64 -83 0
-14 50 77 0
-6 -28 -35 0
5 56 87 0
-77 -86 0
14 45 53 0
-21 -45 65 0
-14 -57 0
-7 49 -76 0
12 40 -66 0
-11 -47 -52 0
-20 86 0
-4 -5 0
-51 52 79 0
44 46 57 0
18 -35 71 0
21 -26 61 0
-2 65 0
-17 -50 59 0
-17 21 42 0
-18 47 85 0
-42 50 -84 0
-56 59 -73 0
-29 -74 -81 0
-3 -35 55 0
-41 -45 -56 0
-3 23 -45 0
39 53 -57 0
7 -74 83 0
-55 60 -84 0
24 -48 -81 0
55 56 66 0
3 -19 -68 0
-30 45 -71 0
14 35 -52 0
18 35 0
67 69 -72 0
-33 -82 -83 0
51 70 -73 0
-14 22 86 0
-12 71 -89 0
-13 48 72 0
-4 40 86 0
7 -20 -36 0
-56 -80 83 0
29 48 63 0
-38 -53 0
11 -40 45 0
2 19 -65 0
51 -78 0
9 50 51 0
23 64 68 0
67 71 0
9 36 83 0
58 81 -82 0
58 68 79 0
-28 41 69 0
38 40 -87 0
-3 39 0
33 -44 0
9 38 64 0
10 60 -69 0
-1 -51 55 0
63 64 83 0
12 15 -86 0
5 -39 -80 0
-20 -22 -57 0
-18 -26 -89 0
-18 45 0
12 30 -50 0
-41 63 66 0
43 57 -79 0
15 21 43 0
-34 -37 -44 0
53 57 67 0
-16 43 60 0
24 -32 -38 0
29 67 71 0
-1 38 49 0
-25 -87 0
-14 -52 63 0
1 -40 76 0
-20 -82 83 0
-18 -49 89 0
41 -54 0
15 -20 -39 0
32 -39 -58 0
37 56 73 0
33 -60 70 0
-31 -77 -79 0
20 -42 -75 0
-12 -25 -53 0
-36 47 -56 0
29 -56 -58 0
-19 55 -66 0
-29 -43 -65 0
36 38 -70 0
24 45 86 0
-33 -58 -71 0
62 78 81 0
39 -78 -79 0
-15 -28 -70 0
6 -76 -82 0
-34 -79 0
-2 -22 43 0
-34 -55 87 0
-33 -82 83 0
-9 -27 -56 0
-6 -26 -34 0
-22 79 0
6 -8 -21 0
-23 31 72 0
-10 -22 58 0
-16 -33 -65 0
-45 49 79 0
-9 -14 81 0
52 82 -85 0
20 47 -81 0
-6 -53 -59 0
41 62 78 0
34 60 -88 0
10 -13 -50 0
-39 -76 0
45 66 -87 0
-66 76 -81 0
-16 -63 66 0
45 65 72 0
-20 -66 -85 0
1 -30 -41 0
35 79 0
-18 -50 -58 0
-26 54 67 0
22 -52 -81 0
-28 44 -82 0
21 -45 87 0
-48 65 69 0
-3 -24 -55 0
-74 -81 -88 0
18 44 0
-11 -18 0
-15 26 51 0
-58 75 -84 0
-6 -58 66 0
7 39 79 0
24 -29 -47 0
11 40 -55 0
25 48 -69 0
-9 47 54 0
7 60 73 0
-13 -39 -56 0
-53 -84 0
-21 -41 -62 0
20 41 46 0
-3 29 80 0
-6 23 -86 0
22 -62 67 0
-40 43 0
-23 55 -66 0
-6 14 24 0
-33 -66 74 0
-3 75 0
9 39 -57 0
68 -77 83 0
-40 -55 -74 0
