p cnf 89 349
33 -48 -55 0
-44 -46 -63 0
41 56 -84 0
-21 -50 71 0
46 -71 77 0
13 -48 52 0
9 -84 87 0
49 53 -66 0
-9 63 -72 0
4 50 0
-52 65 78 0
47 -49 -71 0
33 -65 66 0
-8 32 53 0
71 78 87 0
45 76 -85 0
-43 -61 -74 0
42 44 78 0
-27 -40 66 0
36 -42 43 0
-26 58 -80 0
25 -55 85 0
32 59 88 0
15 22 32 0
-14 39 60 0
35 -83 87 0
-8 10 12 0
-15 -21 23 0
-22 38 -43 0
33 71 -74 0
-9 63 0
23 -41 -60 0
20 71 -72 0
-9 -17 39 0
7 -46 0
-56 -82 -87 0
74 81 85 0
23 -40 85 0
20 29 38 0
57 85 -87 0
8 -24 73 0
-4 49 73 0
31 45 0
-2 -54 0
32 -62 0
11 16 79 0
-18 26 -80 0
7 -23 48 0
51 80 -82 0
6 -12 89 0
-20 -52 86 0
81 -86 -87 0
-15 57 0
-73 -76 -82 0
27 -46 80 0
68 72 -80 0
-14 -36 67 0
36 -58 61 0
-5 -15 -56 0
-15 -64 0
1 18 -32 0
-23 49 84 0
5 -40 76 0
-24 -39 85 0
14 18 81 0
15 18 31 0
16 39 0
-26 -44 87 0
-28 -69 76 0
-8 -54 67 0
20 31 -54 0
11 28 -51 0
14 22 75 0
-20 44 49 0
-41 62 68 0
74 80 -85 0
-18 -44 70 0
-9 33 52 0
-11 41 46 0
-56 -60 -66 0
21 26 0
12 45 -54 0
11 -31 0
-18 -61 0
20 23 69 0
-29 -37 76 0
-5 -44 72 0
28 -31 34 0
45 50 86 0
-12 53 0
-12 -54 73 0
26 29 -67 0
14 -48 -65 0
7 32 75 0
-13 -28 -74 0
-55 77 -81 0
1 -10 -46 0
2 13 43 0
-11 61 0
-20 -25 79 0
45 -46 -71 0
3 53 0
-24 80 -88 0
-49 75 -89 0
12 23 0
17 -81 0
13 -22 -44 0
-21 85 0
-6 24 49 0
-37 39 -68 0
-6 -75 0
3 -20 -60 0
-9 -12 -54 0
-26 75 89 0
-35 63 -85 0
-12 31 -62 0
-15 40 -83 0
24 -45 88 0
4 -5 -50 0
5 19 -59 0
17 -64 -71 0
-42 -80 0
16 20 -65 0
-37 39 84 0
-3 34 71 0
-47 -58 84 0
17 76 0
-12 -13 -55 0
-7 -36 37 0
12 79 87 0
-27 -85 0
29 -45 -59 0
-7 18 77 0
22 -31 53 0
-54 -79 0
-23 -54 74 0
-12 -34 -78 0
8 12 42 0
-9 46 60 0
51 54 60 0
7 -55 64 0
12 85 88 0
3 6 0
4 75 82 0
38 49 -69 0
25 -29 -46 0
-48 -69 81 0
-35 65 77 0
42 46 -87 0
-36 89 0
8 -26 -76 0
9 -34 -64 0
28 56 70 0
-13 46 49 0
-8 -31 85 0
-60 63 77 0
-39 84 0
2 15 0
-2 40 -44 0
11 28 -43 0
-36 -48 -52 0
-26 69 0
-23 -64 79 0
-23 46 0
82 -86 0
17 70 80 0
7 57 -60 0
-48 -51 53 0
-7 -41 88 0
45 -81 -82 0
-20 22 27 0
43 47 -54 0
-40 -58 67 0
-2 9 0
20 32 -65 0
29 -32 -58 0
-42 -51 66 0
-16 -52 -70 0
44 -61 86 0
49 57 58 0
-19 -23 -25 0
78 -81 83 0
7 -51 -66 0
2 31 65 0
-18 -27 0
18 51 78 0
4 -21 -45 0
32 -50 -87 0
-5 45 -46 0
16 65 86 0
25 47 69 0
-16 -44 73 0
2 -36 0
-33 -45 0
67 83 -87 0
-15 -53 -72 0
-8 15 -23 0
54 55 58 0
32 69 -79 0
-21 -41 72 0
-4 -69 0
9 26 71 0
23 -64 -87 0
-44 -83 0
21 -45 -66 0
-60 -71 0
-38 54 66 0
3 33 -69 0
44 -50 -53 0
10 -68 -74 0
9 28 -87 0
48 -49 -73 0
-8 -44 45 0
-24 -43 45 0
-19 80 0
14 24 69 0
17 -24 54 0
-17 58 -77 0
-77 86 87 0
-29 67 -86 0
-7 8 21 0
-13 -36 -50 0
7 73 87 0
-30 45 76 0
-60 -75 -83 0
-50 59 83 0
44 -65 83 0
22 -31 -64 0
-10 33 48 0
-39 -46 -77 0
32 -54 84 0
48 74 0
-19 -68 88 0
40 -57 60 0
2 33 -64 0
21 47 53 0
-8 58 63 0
-17 -25 55 0
42 -76 0
47 -50 -77 0
-64 65 67 0
5 -20 74 0
-3 -75 0
-33 -38 -69 0
-3 -9 54 0
24 -47 61 0
-19 49 -52 0
19 21 46 0
40 -80 -84 0
46 56 58 0
4 -43 -82 0
58 -70 76 0
-36 -86 -87 0
5 19 -87 0
-35 55 -76 0
13 47 -56 0
51 -60 -61 0
-14 37 -41 0
-2 -6 47 0
16 -35 89 0
-1 -47 -52 0
61 70 84 0
-42 52 -83 0
23 -27 -85 0
19 -61 66 0
2 -12 -30 0
6 -17 39 0
7 50 56 0
19 -78 0
24 -26 -39 0
28 -62 0
-8 24 -50 0
-48 73 0
4 6 11 0
2 44 -53 0
-15 24 -58 0
11 42 44 0
-31 -34 53 0
61 62 63 0
69 74 -78 0
22 37 0
-3 -66 -83 0
26 61 78 0
-23 54 79 0
-71 -72 0
2 -21 33 0
-6 -20 -55 0
-22 -31 -65 0
21 36 67 0
27 40 0
-31 -35 68 0
6 65 -84 0
-13 -51 62 0
-43 -60 66 0
3 -22 -47 0
-2 -17 40 0
-65 79 0
32 57 83 0
-3 28 0
-9 -64 0
-60 70 71 0
37 52 0
5 -10 -33 0
-65 -74 0
9 -32 60 0
2 25 -38 0
-42 -43 87 0
48 77 83 0
-34 81 0
-43 70 72 0
-18 68 -81 0
-26 -29 -30 0
21 -28 -57 0
-5 10 -14 0
-34 45 0
50 -66 -79 0
-4 -52 82 0
-12 -60 -73 0
16 40 67 0
-43 51 -52 0
-58 -65 75 0
38 55 -59 0
55 62 66 0
-57 75 88 0
-14 -23 66 0
-27 85 87 0
-8 -75 0
8 -36 44 0
12 21 -81 0
-20 -35 -61 0
20 45 75 0
-38 -50 67 0
46 75 86 0
7 55 60 0
6 -9 -28 0
72 -87 0
7 36 85 0
-14 41 -57 0
60 -87 0
-11 -33 -48 0
9 39 88 0
3 -50 71 0
-20 29 59 0
-17 62 66 0
17 42 0
-34 44 81 0
38 -43 -53 0
8 80 0
43 -55 89 0
