p cnf 90 338
-3 11 -81 0
19 22 30 0
6 61 79 0
-47 -58 -65 0
-42 77 85 0
-27 -55 -86 0
-23 56 79 0
29 -58 -72 0
18 -49 -64 0
32 67 81 0
-15 -33 -46 0
2 39 -73 0
-21 -87 0
18 30 -55 0
-8 75 -82 0
-15 -33 0
-15 -35 75 0
-58 -68 75 0
-55 76 0
7 -14 17 0
11 60 90 0
5 -7 29 0
-8 23 43 0
28 80 83 0
26 32 -34 0
14 55 -78 0
8 27 90 0
-53 -80 0
-51 -59 76 0
-42 -48 81 0
-3 -37 0
8 -21 25 0
8 -72 84 0
42 -79 -82 0
-24 31 57 0
45 61 0
-4 36 39 0
-22 -23 -39 0
-18 -46 69 0
-10 32 -34 0
-24 -29 77 0
-60 70 84 0
-6 14 -62 0
-50 -66 0
-63 -75 -87 0
6 -55 0
-14 57 73 0
-4 62 89 0
26 -75 0
14 23 66 0
19 -73 -74 0
-7 -8 -17 0
36 82 -86 0
14 55 81 0
12 53 -63 0
11 14 70 0
43 49 87 0
-7 10 -52 0
47 52 -74 0
-1 61 -80 0
-41 52 87 0
23 -34 -58 0
1 -43 -54 0
5 -14 -38 0
-1 -70 76 0
-3 -7 -74 0
30 48 -57 0
12 17 59 0
-2 19 -44 0
-12 -54 0
21 34 45 0
-6 -25 0
-8 -9 -51 0
40 66 -76 0
35 42 -83 0
-64 68 -79 0
9 -40 41 0
-24 85 0
37 64 -72 0
23 32 -51 0
25 38 60 0
-30 -31 -57 0
-15 -39 49 0
-10 71 -77 0
-27 -34 -50 0
-31 -50 -52 0
-25 -48 84 0
22 -53 -71 0
25 -42 0
26 66 -75 0
19 33 51 0
-20 -42 88 0
47 76 84 0
21 -51 88 0
9 -29 -43 0
11 66 -79 0
-16 22 -70 0
19 -47 -74 0
20 -32 -75 0
-10 -13 45 0
-4 -33 -74 0
-38 40 58 0
-32 -63 -84 0
4 -6 -19 0
-28 52 -82 0
41 58 -78 0
-15 49 81 0
16 36 -80 0
12 68 -81 0
-65 -79 0
8 61 0
-33 -65 -86 0
-71 -88 0
17 -33 75 0
60 -72 90 0
-9 30 -89 0
-30 65 84 0
-8 17 -73 0
-15 -88 90 0
6 14 90 0
20 -21 -24 0
35 85 0
27 53 -77 0
11 18 -83 0
50 54 82 0
56 74 0
51 79 82 0
-2 10 54 0
21 29 -75 0
25 -40 73 0
61 64 0
-42 44 87 0
-5 -18 0
-7 -38 47 0
46 88 0
-12 -27 -46 0
21 81 86 0
19 -54 86 0
1 51 0
51 -67 76 0
56 66 0
-34 46 -65 0
73 -74 85 0
4 -7 -53 0
43 51 -52 0
-33 65 88 0
37 -56 -64 0
14 -27 -37 0
-7 -43 0
11 20 61 0
37 -39 44 0
-43 65 67 0
59 65 82 0
26 41 -47 0
-25 57 -68 0
-18 -28 -79 0
-22 -39 -54 0
7 41 60 0
1 4 84 0
12 44 76 0
40 76 0
-33 40 -80 0
-7 -59 69 0
-15 -35 -50 0
-9 24 -80 0
43 -57 62 0
29 63 78 0
53 -76 84 0
-17 35 -48 0
-48 60 86 0
-1 37 -61 0
25 -54 72 0
-57 -64 77 0
-5 59 0
47 78 83 0
23 64 85 0
4 -33 -35 0
63 -86 0
-38 -76 0
-18 -61 71 0
-10 -71 -78 0
-4 51 -64 0
-21 51 65 0
-1 68 -86 0
75 -78 0
-20 -29 -74 0
-22 35 -70 0
-19 23 47 0
9 -24 82 0
-6 -43 77 0
1 32 -89 0
-6 47 62 0
-68 -75 -81 0
-38 -67 -86 0
-8 -28 32 0
8 70 72 0
-11 -47 48 0
-10 -41 -53 0
-68 -75 84 0
12 15 -69 0
15 37 74 0
33 -47 73 0
-24 -61 0
8 32 0
24 67 78 0
11 35 -55 0
5 -40 0
-8 -14 51 0
-11 -81 0
13 28 90 0
-62 68 -81 0
40 -46 -70 0
-16 76 80 0
49 -64 0
-32 -47 73 0
32 38 -58 0
-13 -35 47 0
17 67 -74 0
30 -43 88 0
-19 20 58 0
-35 49 69 0
7 59 87 0
-8 58 60 0
-27 -28 67 0
73 87 0
7 21 73 0
8 -11 -21 0
39 -60 0
-10 42 83 0
25 -75 0
-31 -58 60 0
11 35 46 0
7 -51 -64 0
21 68 77 0
1 -53 59 0
-25 -36 -53 0
19 22 46 0
-45 63 78 0
-55 69 -88 0
-15 35 52 0
43 -61 0
36 -42 53 0
26 -31 58 0
-8 66 90 0
-52 58 -84 0
27 67 -75 0
21 73 0
3 50 -67 0
23 -32 39 0
5 34 64 0
29 -47 -80 0
18 53 90 0
-21 -42 0
30 39 41 0
34 40 68 0
-8 47 75 0
16 27 -73 0
-3 55 65 0
61 -74 85 0
13 -15 67 0
10 -82 0
8 -27 55 0
71 76 0
-13 -37 -57 0
-25 -78 -84 0
-15 43 50 0
-17 -23 0
-8 -24 78 0
8 24 54 0
31 -64 84 0
-8 -88 89 0
11 -48 90 0
-16 68 73 0
-20 -30 -58 0
15 -20 -28 0
12 -26 31 0
67 70 -82 0
18 22 49 0
13 -50 60 0
-9 10 32 0
-2 -4 8 0
54 -74 0
-21 46 -81 0
44 80 -90 0
-11 -37 -43 0
18 57 68 0
43 -56 80 0
-22 -49 75 0
-43 -79 -89 0
-5 19 -71 0
-53 -60 -75 0
39 -41 59 0
-35 -48 -70 0
-39 -67 76 0
-4 31 57 0
48 52 58 0
1 -49 -67 0
8 54 0
-28 -33 79 0
4 -37 -81 0
-3 30 85 0
-13 16 -89 0
10 -15 -89 0
-23 73 -79 0
-8 -39 89 0
58 -75 0
-20 37 40 0
9 -13 66 0
11 -69 89 0
-16 -54 81 0
-55 -74 0
-74 -86 -87 0
26 34 66 0
15 -63 -89 0
-46 61 79 0
4 59 79 0
-31 36 0
-68 72 88 0
-60 77 0
44 -82 85 0
-36 -37 54 0
-4 -85 -86 0
26 -69 -81 0
-30 36 -51 0
-10 19 -66 0
-5 -71 -74 0
-24 -39 -57 0
-30 -40 72 0
16 23 56 0
-15 -41 -84 0
11 -75 90 0
57 -62 72 0
21 58 0
1 8 -58 0
-13 23 -35 0
29 -38 50 0
-14 27 64 0
1 2 -10 0
