p cnf 265 2669
1 2 0
3 4 0
5 6 0
7 8 0
9 10 0
11 12 0
13 14 0
15 16 0
17 18 0
19 20 0
21 22 0
23 24 0
25 26 0
27 28 0
29 30 0
31 32 0
33 34 0
35 36 0
37 38 0
39 0
40 41 0
42 43 0
44 45 0
46 47 0
48 49 0
50 51 0
52 53 0
54 55 0
56 57 0
58 59 0
60 61 0
62 63 0
64 65 0
66 67 0
68 69 0
70 71 0
72 73 0
74 75 0
76 77 0
78 79 0
80 81 0
82 83 0
84 85 0
86 87 0
88 89 0
90 91 0
92 93 0
94 95 0
96 97 0
98 99 0
100 101 0
102 103 0
104 105 0
106 107 0
108 109 0
110 111 0
112 113 0
114 115 0
116 117 0
118 119 0
120 121 0
122 123 0
124 125 0
126 127 0
128 129 0
130 131 0
132 133 0
134 135 0
136 137 0
138 139 0
140 141 0
142 143 0
144 145 0
146 147 0
148 149 0
150 151 0
152 153 0
154 155 0
156 157 0
158 159 0
160 161 0
162 163 0
164 165 0
166 167 0
168 169 0
170 171 0
172 173 0
174 175 0
176 177 0
178 179 0
180 0
181 182 0
183 184 0
185 186 0
187 188 0
189 190 0
-64 -66 -68 -70 -72 -75 -76 -78 -80 -82 -84 -87 -88 -91 -93 -94 -97 -98 -100 -102 -104 -107 -108 -111 -113 -115 -117 -118 -121 -122 -125 -126 0
-128 -130 -132 -134 -136 -139 -140 -142 -144 -146 -148 -151 -152 -155 -157 -158 -161 -162 -164 -166 -168 -171 -172 -175 -177 -179 -180 -181 -184 -185 -188 -189 0
-2 -3 -5 -8 -10 -11 -14 -15 -17 -20 -22 -24 -25 -27 -29 -32 -33 -36 -37 -39 -40 -43 -44 -46 -49 -50 -53 -54 -57 -59 -61 -62 0
-65 -66 -68 -71 -73 -74 -77 -78 -80 -83 -85 -87 -88 -90 -92 -95 -96 -99 -100 -103 -104 -107 -108 -110 -113 -114 -117 -118 -121 -123 -125 -126 0
-129 -130 -132 -135 -137 -138 -141 -142 -144 -147 -149 -151 -152 -154 -156 -159 -160 -163 -164 -167 -168 -171 -172 -174 -177 -178 -180 -181 -184 -186 -188 -189 0
-65 -67 -69 -71 -72 -74 -76 -78 -80 -83 -85 -86 -88 -90 -93 -94 -97 -98 -100 -102 -104 -106 -108 -111 -113 -114 -116 -118 -120 -122 -124 -127 0
-2 -3 -6 -8 -10 -12 -14 -15 -18 -19 -21 -24 -26 -28 -29 -32 -34 -35 -38 -39 -41 -42 -44 -47 -49 -51 -53 -54 -57 -58 -61 -62 0
-65 -66 -69 -71 -73 -75 -77 -78 -81 -82 -84 -87 -89 -91 -92 -95 -97 -98 -101 -103 -105 -106 -108 -111 -113 -115 -117 -118 -121 -122 -125 -126 0
-129 -130 -133 -135 -137 -139 -141 -142 -145 -146 -148 -151 -153 -155 -156 -159 -161 -162 -165 -167 -169 -170 -172 -175 -177 -179 -180 -181 -184 -185 -188 -189 0
-2 -3 -6 -8 -9 -11 -14 -16 -17 -20 -21 -24 -26 -27 -30 -32 -33 -35 -37 -39 -41 -43 -44 -46 -48 -50 -52 -55 -57 -58 -61 -63 0
-65 -66 -69 -71 -72 -74 -77 -79 -80 -83 -84 -87 -89 -90 -93 -95 -96 -98 -100 -103 -105 -107 -108 -110 -112 -114 -116 -119 -121 -122 -125 -127 0
-65 -66 -69 -71 -72 -75 -76 -78 -80 -82 -85 -87 -89 -90 -92 -94 -97 -98 -100 -102 -104 -106 -108 -111 -113 -115 -117 -119 -121 -123 -125 -126 0
-129 -130 -133 -135 -136 -139 -140 -142 -144 -146 -149 -151 -153 -154 -156 -158 -161 -162 -164 -166 -168 -170 -172 -175 -177 -179 -180 -182 -184 -186 -188 -189 0
-65 -67 -69 -70 -73 -74 -76 -79 -81 -83 -85 -87 -89 -90 -93 -94 -96 -99 -101 -102 -104 -107 -108 -110 -113 -115 -117 -118 -121 -123 -125 -127 0
-129 -131 -133 -134 -137 -138 -140 -143 -145 -147 -149 -151 -153 -154 -157 -158 -160 -163 -165 -166 -168 -171 -172 -174 -177 -179 -180 -181 -184 -186 -188 -190 0
-2 -4 -6 -7 -10 -12 -14 -15 -17 -20 -22 -23 -26 -27 -30 -32 -34 -35 -38 -39 -40 -42 -44 -46 -49 -51 -52 -55 -57 -58 -61 -62 0
-65 -67 -69 -70 -73 -75 -77 -78 -80 -83 -85 -86 -89 -90 -93 -95 -97 -98 -101 -103 -104 -106 -108 -110 -113 -115 -116 -119 -121 -122 -125 -126 0
-65 -67 -68 -70 -73 -74 -77 -79 -80 -82 -85 -87 -88 -90 -93 -94 -97 -98 -101 -102 -105 -107 -109 -111 -112 -115 -116 -118 -120 -122 -125 -127 0
-65 -66 -69 -71 -73 -75 -77 -78 -80 -83 -84 -87 -88 -90 -93 -94 -97 -98 -100 -102 -105 -107 -108 -111 -112 -114 -117 -118 -121 -123 -125 -126 0
-129 -130 -133 -135 -137 -139 -141 -142 -144 -147 -148 -151 -152 -154 -157 -158 -161 -162 -164 -166 -169 -171 -172 -175 -176 -178 -180 -181 -184 -186 -188 -189 0
-64 -66 -68 -70 -72 -75 -77 -79 -80 -83 -85 -87 -89 -91 -93 -95 -96 -99 -100 -102 -104 -107 -109 -111 -113 -115 -117 -118 -121 -122 -125 -127 0
-128 -130 -132 -134 -136 -139 -141 -143 -144 -147 -149 -151 -153 -155 -157 -159 -160 -163 -164 -166 -168 -171 -173 -175 -177 -179 -180 -181 -184 -185 -188 -190 0
-65 -66 -68 -70 -72 -74 -77 -78 -80 -83 -85 -86 -89 -91 -93 -94 -97 -98 -101 -102 -104 -106 -108 -110 -113 -115 -117 -119 -120 -123 -125 -126 0
-129 -130 -132 -134 -136 -138 -141 -142 -144 -147 -149 -150 -153 -155 -157 -158 -161 -162 -165 -166 -168 -170 -172 -174 -177 -179 -180 -182 -183 -186 -188 -189 0
-1 -3 -5 -8 -10 -11 -14 -16 -17 -19 -21 -24 -26 -27 -29 -31 -34 -35 -38 -39 -40 -43 -45 -46 -48 -51 -53 -54 -57 -58 -60 -62 0
-64 -66 -68 -71 -73 -74 -77 -79 -80 -82 -84 -87 -89 -90 -92 -94 -97 -98 -101 -103 -104 -107 -109 -110 -112 -115 -117 -118 -121 -122 -124 -126 0
-128 -130 -132 -135 -137 -138 -141 -143 -144 -146 -148 -151 -153 -154 -156 -158 -161 -162 -165 -167 -168 -171 -173 -174 -176 -179 -180 -181 -184 -185 -187 -189 0
-1 -3 -5 -7 -10 -12 -14 -16 -17 -19 -21 -24 -26 -27 -29 -32 -34 -36 -38 -39 -41 -43 -44 -46 -48 -51 -53 -54 -57 -58 -61 -62 0
-64 -66 -68 -70 -73 -75 -77 -79 -80 -82 -84 -87 -89 -90 -92 -95 -97 -99 -101 -103 -105 -107 -108 -110 -112 -115 -117 -118 -121 -122 -125 -126 0
-128 -130 -132 -134 -137 -139 -141 -143 -144 -146 -148 -151 -153 -154 -156 -159 -161 -163 -165 -167 -169 -171 -172 -174 -176 -179 -180 -181 -184 -185 -188 -189 0
-2 -3 -6 -8 -9 -12 -13 -16 -17 -19 -21 -24 -25 -27 -30 -32 -33 -35 -37 -39 -41 -42 -45 -47 -49 -51 -53 -54 -57 -59 -60 -62 0
-65 -66 -69 -71 -72 -75 -76 -79 -80 -82 -84 -87 -88 -90 -93 -95 -96 -98 -100 -103 -105 -106 -109 -111 -113 -115 -117 -118 -121 -123 -124 -126 0
-129 -130 -133 -135 -136 -139 -140 -143 -144 -146 -148 -151 -152 -154 -157 -159 -160 -162 -164 -167 -169 -170 -173 -175 -177 -179 -180 -181 -184 -186 -187 -189 0
-65 -66 -68 -71 -73 -75 -76 -79 -80 -82 -84 -87 -88 -90 -92 -94 -96 -98 -100 -102 -104 -106 -108 -110 -112 -115 -116 -119 -120 -122 -124 -126 0
-65 -67 -68 -71 -73 -74 -77 -79 -80 -82 -85 -86 -88 -91 -92 -95 -97 -98 -101 -102 -105 -106 -108 -111 -113 -114 -116 -118 -120 -122 -124 -127 0
-64 -67 -69 -71 -73 -75 -76 -79 -80 -83 -84 -86 -88 -90 -92 -94 -97 -98 -100 -102 -105 -106 -108 -111 -113 -114 -116 -118 -121 -122 -125 -126 0
-64 -66 -69 -70 -73 -74 -77 -79 -81 -82 -84 -86 -89 -90 -92 -95 -97 -98 -101 -102 -104 -107 -109 -111 -113 -115 -116 -118 -120 -123 -124 -126 0
-65 -66 -68 -71 -73 -74 -76 -79 -81 -83 -85 -86 -89 -90 -92 -95 -96 -99 -101 -102 -104 -106 -108 -111 -112 -114 -116 -118 -120 -123 -125 -127 0
-65 -66 -68 -70 -72 -74 -76 -78 -80 -83 -85 -86 -88 -90 -93 -95 -97 -98 -101 -102 -104 -106 -108 -110 -113 -115 -116 -118 -121 -122 -124 -127 0
-2 -3 -5 -8 -10 -12 -13 -16 -17 -20 -22 -24 -25 -27 -30 -31 -33 -35 -38 -39 -40 -42 -45 -46 -48 -51 -52 -54 -57 -58 -61 -63 0
-65 -66 -68 -71 -73 -75 -76 -79 -80 -83 -85 -87 -88 -90 -93 -94 -96 -98 -101 -103 -104 -106 -109 -110 -112 -115 -116 -118 -121 -122 -125 -127 0
-65 -67 -69 -70 -73 -75 -77 -78 -80 -82 -84 -86 -88 -90 -93 -94 -97 -99 -101 -102 -105 -106 -108 -110 -112 -114 -117 -119 -120 -123 -124 -127 0
-129 -131 -133 -134 -137 -139 -141 -142 -144 -146 -148 -150 -152 -154 -157 -158 -161 -163 -165 -166 -169 -170 -172 -174 -176 -178 -180 -182 -183 -186 -187 -190 0
-64 -66 -69 -71 -72 -75 -76 -79 -81 -82 -85 -86 -88 -90 -92 -94 -96 -99 -100 -102 -105 -107 -108 -110 -113 -115 -116 -118 -120 -123 -125 -127 0
-2 -3 -6 -7 -9 -12 -14 -15 -18 -20 -21 -24 -25 -28 -30 -32 -34 -36 -38 -39 -41 -43 -44 -46 -49 -50 -52 -55 -56 -59 -60 -62 0
-65 -66 -69 -70 -72 -75 -77 -78 -81 -83 -84 -87 -88 -91 -93 -95 -97 -99 -101 -103 -105 -107 -108 -110 -113 -114 -116 -119 -120 -123 -124 -126 0
-1 -4 -5 -8 -10 -11 -13 -15 -18 -19 -21 -24 -26 -28 -30 -32 -33 -35 -38 -39 -40 -43 -45 -47 -48 -50 -52 -54 -57 -59 -61 -63 0
-64 -67 -68 -71 -73 -74 -76 -78 -81 -82 -84 -87 -89 -91 -93 -95 -96 -98 -101 -103 -104 -107 -109 -111 -112 -114 -116 -118 -121 -123 -125 -127 0
-1 -3 -6 -7 -9 -11 -14 -15 -18 -20 -21 -23 -26 -27 -30 -32 -34 -35 -37 -39 -41 -43 -44 -47 -48 -51 -52 -55 -56 -58 -60 -63 0
-64 -66 -69 -70 -72 -74 -77 -78 -81 -83 -84 -86 -89 -90 -93 -95 -97 -98 -100 -103 -105 -107 -108 -111 -112 -115 -116 -119 -120 -122 -124 -127 0
-65 -66 -68 -70 -73 -74 -76 -78 -80 -83 -84 -87 -88 -91 -93 -94 -96 -99 -100 -102 -105 -107 -108 -111 -112 -115 -116 -119 -121 -123 -124 -127 0
-65 -66 -69 -70 -73 -75 -77 -79 -81 -82 -85 -86 -88 -91 -93 -94 -96 -98 -100 -102 -105 -106 -108 -111 -112 -114 -117 -119 -121 -123 -124 -127 0
-129 -130 -133 -134 -137 -139 -141 -143 -145 -146 -149 -150 -152 -155 -157 -158 -160 -162 -164 -166 -169 -170 -172 -175 -176 -178 -180 -182 -184 -186 -187 -190 0
-65 -67 -68 -70 -73 -75 -77 -78 -81 -82 -85 -86 -88 -90 -92 -94 -97 -98 -101 -102 -105 -106 -108 -110 -112 -114 -117 -118 -120 -123 -125 -127 0
-129 -131 -132 -134 -137 -139 -141 -142 -145 -146 -149 -150 -152 -154 -156 -158 -161 -162 -165 -166 -169 -170 -172 -174 -176 -178 -180 -181 -183 -186 -188 -190 0
-2 -3 -6 -8 -10 -12 -14 -15 -17 -20 -22 -24 -25 -28 -30 -32 -33 -36 -37 -39 -41 -43 -45 -46 -48 -51 -53 -54 -56 -59 -61 -62 0
-65 -66 -69 -71 -73 -75 -77 -78 -80 -83 -85 -87 -88 -91 -93 -95 -96 -99 -100 -103 -105 -107 -109 -110 -112 -115 -117 -118 -120 -123 -125 -126 0
-129 -130 -133 -135 -137 -139 -141 -142 -144 -147 -149 -151 -152 -155 -157 -159 -160 -163 -164 -167 -169 -171 -173 -174 -176 -179 -180 -181 -183 -186 -188 -189 0
-1 -3 -5 -8 -9 -12 -13 -15 -18 -20 -22 -24 -26 -27 -30 -31 -34 -35 -38 -39 -41 -42 -44 -46 -48 -51 -53 -54 -56 -58 -61 -63 0
-64 -66 -68 -71 -72 -75 -76 -78 -81 -83 -85 -87 -89 -90 -93 -94 -97 -98 -101 -103 -105 -106 -108 -110 -112 -115 -117 -118 -120 -122 -125 -127 0
-128 -130 -132 -135 -136 -139 -140 -142 -145 -147 -149 -151 -153 -154 -157 -158 -161 -162 -165 -167 -169 -170 -172 -174 -176 -179 -180 -181 -183 -185 -188 -190 0
-64 -66 -69 -70 -72 -74 -76 -79 -80 -83 -85 -86 -88 -91 -93 -94 -96 -98 -100 -102 -104 -107 -108 -110 -112 -114 -117 -119 -121 -123 -124 -126 0
-128 -130 -133 -134 -136 -138 -140 -143 -144 -147 -149 -150 -152 -155 -157 -158 -160 -162 -164 -166 -168 -171 -172 -174 -176 -178 -180 -182 -184 -186 -187 -189 0
-2 -3 -6 -7 -10 -11 -14 -16 -17 -19 -21 -23 -26 -27 -30 -32 -34 -36 -37 -39 -40 -42 -45 -46 -48 -51 -52 -54 -56 -58 -60 -63 0
-65 -66 -69 -70 -73 -74 -77 -79 -80 -82 -84 -86 -89 -90 -93 -95 -97 -99 -100 -103 -104 -106 -109 -110 -112 -115 -116 -118 -120 -122 -124 -127 0
-65 -67 -68 -71 -72 -74 -76 -78 -81 -82 -84 -86 -89 -91 -93 -94 -97 -98 -101 -102 -104 -106 -108 -111 -113 -114 -117 -119 -121 -123 -125 -126 0
-129 -131 -132 -135 -136 -138 -140 -142 -145 -146 -148 -150 -153 -155 -157 -158 -161 -162 -165 -166 -168 -170 -172 -175 -177 -178 -180 -182 -184 -186 -188 -189 0
-2 -3 -6 -8 -9 -12 -14 -15 -18 -19 -22 -23 -25 -27 -29 -31 -33 -36 -38 -39 -41 -43 -45 -46 -49 -50 -52 -55 -56 -59 -61 -62 0
-65 -66 -69 -71 -72 -75 -77 -78 -81 -82 -85 -86 -88 -90 -92 -94 -96 -99 -101 -103 -105 -107 -109 -110 -113 -114 -116 -119 -120 -123 -125 -126 0
-65 -66 -69 -71 -72 -75 -77 -79 -81 -82 -84 -86 -88 -91 -93 -95 -96 -99 -101 -102 -104 -106 -108 -111 -113 -115 -116 -118 -121 -123 -125 -127 0
-1 -3 -5 -8 -10 -12 -14 -15 -17 -19 -22 -23 -26 -27 -30 -31 -34 -35 -37 -39 -40 -43 -44 -47 -48 -51 -53 -55 -57 -58 -60 -62 0
-64 -66 -68 -71 -73 -75 -77 -78 -80 -82 -85 -86 -89 -90 -93 -94 -97 -98 -100 -103 -104 -107 -108 -111 -112 -115 -117 -119 -121 -122 -124 -126 0
-128 -130 -132 -135 -137 -139 -141 -142 -144 -146 -149 -150 -153 -154 -157 -158 -161 -162 -164 -167 -168 -171 -172 -175 -176 -179 -180 -182 -184 -185 -187 -189 0
-2 -3 -6 -8 -10 -12 -14 -16 -18 -19 -22 -23 -26 -28 -29 -32 -33 -35 -38 -39 -41 -43 -45 -47 -48 -51 -52 -54 -56 -59 -61 -63 0
-65 -66 -69 -71 -73 -75 -77 -79 -81 -82 -85 -86 -89 -91 -92 -95 -96 -98 -101 -103 -105 -107 -109 -111 -112 -115 -116 -118 -120 -123 -125 -127 0
-2 -4 -5 -7 -9 -12 -14 -16 -18 -20 -21 -24 -26 -28 -29 -32 -33 -35 -38 -39 -40 -42 -44 -46 -48 -50 -53 -54 -56 -58 -61 -63 0
-65 -67 -68 -70 -72 -75 -77 -79 -81 -83 -84 -87 -89 -91 -92 -95 -96 -98 -101 -103 -104 -106 -108 -110 -112 -114 -117 -118 -120 -122 -125 -127 0
-129 -131 -132 -134 -136 -139 -141 -143 -145 -147 -148 -151 -153 -155 -156 -159 -160 -162 -165 -167 -168 -170 -172 -174 -176 -178 -180 -181 -183 -185 -188 -190 0
-64 -66 -68 -70 -73 -74 -76 -79 -81 -82 -84 -87 -88 -90 -93 -95 -97 -98 -101 -102 -105 -107 -109 -111 -113 -115 -117 -118 -120 -122 -125 -127 0
-128 -130 -132 -134 -137 -138 -140 -143 -145 -146 -148 -151 -152 -154 -157 -159 -161 -162 -165 -166 -169 -171 -173 -175 -177 -179 -180 -181 -183 -185 -188 -190 0
-65 -66 -68 -70 -72 -75 -77 -79 -80 -83 -84 -87 -88 -91 -92 -95 -96 -99 -101 -102 -104 -106 -109 -111 -112 -115 -116 -118 -121 -122 -125 -127 0
-1 -3 -6 -8 -9 -12 -14 -15 -18 -19 -22 -24 -25 -27 -29 -32 -33 -36 -38 -39 -40 -42 -45 -46 -48 -50 -52 -54 -56 -59 -61 -62 0
-64 -66 -69 -71 -72 -75 -77 -78 -81 -82 -85 -87 -88 -90 -92 -95 -96 -99 -101 -103 -104 -106 -109 -110 -112 -114 -116 -118 -120 -123 -125 -126 0
-1 -3 -5 -8 -10 -12 -14 -16 -17 -19 -22 -24 -25 -27 -30 -32 -34 -35 -38 -39 -40 -42 -45 -46 -49 -51 -53 -55 -57 -58 -60 -62 0
-64 -66 -68 -71 -73 -75 -77 -79 -80 -82 -85 -87 -88 -90 -93 -95 -97 -98 -101 -103 -104 -106 -109 -110 -113 -115 -117 -119 -121 -122 -124 -126 0
-128 -130 -132 -135 -137 -139 -141 -143 -144 -146 -149 -151 -152 -154 -157 -159 -161 -162 -165 -167 -168 -170 -173 -174 -177 -179 -180 -182 -184 -185 -187 -189 0
-65 -67 -69 -71 -72 -74 -77 -78 -80 -82 -84 -87 -89 -91 -92 -95 -97 -98 -101 -102 -104 -107 -109 -110 -113 -115 -117 -118 -120 -123 -125 -127 0
-129 -131 -133 -135 -136 -138 -141 -142 -144 -146 -148 -151 -153 -155 -156 -159 -161 -162 -165 -166 -168 -171 -173 -174 -177 -179 -180 -181 -183 -186 -188 -190 0
-1 -3 -5 -8 -10 -11 -13 -16 -18 -20 -22 -23 -26 -28 -29 -31 -34 -36 -37 -39 -41 -42 -44 -47 -48 -50 -53 -55 -56 -59 -60 -63 0
-64 -66 -68 -71 -73 -74 -76 -79 -81 -83 -85 -86 -89 -91 -92 -94 -97 -99 -100 -103 -105 -106 -108 -111 -112 -114 -117 -119 -120 -123 -124 -127 0
-128 -130 -132 -135 -137 -138 -140 -143 -145 -147 -149 -150 -153 -155 -156 -158 -161 -163 -164 -167 -169 -170 -172 -175 -176 -178 -180 -182 -183 -186 -187 -190 0
-64 -66 -68 -71 -72 -75 -77 -79 -80 -82 -84 -86 -89 -91 -92 -94 -96 -98 -100 -102 -104 -107 -108 -111 -112 -114 -117 -118 -120 -123 -124 -126 0
-128 -130 -132 -135 -136 -139 -141 -143 -144 -146 -148 -150 -153 -155 -156 -158 -160 -162 -164 -166 -168 -171 -172 -175 -176 -178 -180 -181 -183 -186 -187 -189 0
-64 -67 -69 -71 -72 -75 -77 -79 -81 -82 -85 -86 -89 -90 -92 -95 -96 -98 -101 -102 -104 -106 -109 -110 -113 -115 -116 -118 -120 -123 -124 -126 0
-65 -67 -69 -71 -72 -75 -77 -78 -81 -83 -85 -86 -88 -90 -93 -95 -96 -99 -101 -102 -104 -106 -108 -111 -112 -115 -116 -118 -121 -123 -125 -126 0
-1 -4 -5 -7 -9 -11 -13 -15 -18 -20 -22 -24 -25 -28 -29 -32 -34 -35 -37 -39 -40 -43 -44 -47 -48 -51 -53 -54 -57 -59 -61 -63 0
-64 -67 -68 -70 -72 -74 -76 -78 -81 -83 -85 -87 -88 -91 -92 -95 -97 -98 -100 -103 -104 -107 -108 -111 -112 -115 -117 -118 -121 -123 -125 -127 0
-128 -131 -132 -134 -136 -138 -140 -142 -145 -147 -149 -151 -152 -155 -156 -159 -161 -162 -164 -167 -168 -171 -172 -175 -176 -179 -180 -181 -184 -186 -188 -190 0
-1 -3 -6 -8 -10 -12 -14 -16 -17 -19 -22 -23 -25 -28 -30 -32 -33 -36 -38 -39 -41 -42 -44 -47 -48 -50 -53 -54 -57 -58 -60 -63 0
-64 -66 -69 -71 -73 -75 -77 -79 -80 -82 -85 -86 -88 -91 -93 -95 -96 -99 -101 -103 -105 -106 -108 -111 -112 -114 -117 -118 -121 -122 -124 -127 0
-128 -130 -133 -135 -137 -139 -141 -143 -144 -146 -149 -150 -152 -155 -157 -159 -160 -163 -165 -167 -169 -170 -172 -175 -176 -178 -180 -181 -184 -185 -187 -190 0
-65 -67 -69 -71 -73 -74 -77 -78 -81 -83 -84 -87 -89 -90 -93 -94 -97 -99 -101 -102 -105 -107 -108 -111 -113 -115 -116 -119 -120 -123 -125 -126 0
-65 -66 -69 -71 -73 -75 -76 -79 -81 -82 -84 -86 -89 -90 -93 -94 -96 -98 -100 -102 -104 -107 -109 -110 -112 -114 -116 -119 -121 -123 -124 -126 0
-64 -67 -69 -71 -73 -75 -76 -79 -81 -82 -85 -87 -89 -90 -93 -95 -97 -98 -100 -102 -104 -107 -108 -110 -112 -114 -117 -119 -120 -123 -125 -127 0
-128 -131 -133 -135 -137 -139 -140 -143 -145 -146 -149 -151 -153 -154 -157 -159 -161 -162 -164 -166 -168 -171 -172 -174 -176 -178 -180 -182 -183 -186 -188 -190 0
-1 -3 -5 -8 -9 -11 -14 -15 -17 -19 -21 -23 -26 -28 -29 -31 -33 -35 -38 -39 -41 -42 -44 -47 -48 -50 -53 -54 -56 -58 -60 -63 0
-64 -66 -68 -71 -72 -74 -77 -78 -80 -82 -84 -86 -89 -91 -92 -94 -96 -98 -101 -103 -105 -106 -108 -111 -112 -114 -117 -118 -120 -122 -124 -127 0
-128 -130 -132 -135 -136 -138 -141 -142 -144 -146 -148 -150 -153 -155 -156 -158 -160 -162 -165 -167 -169 -170 -172 -175 -176 -178 -180 -181 -183 -185 -187 -190 0
-1 -3 -5 -8 -9 -12 -14 -16 -17 -19 -22 -24 -26 -28 -30 -32 -34 -35 -37 -39 -40 -43 -45 -46 -48 -51 -53 -55 -57 -59 -60 -63 0
-64 -66 -68 -71 -72 -75 -77 -79 -80 -82 -85 -87 -89 -91 -93 -95 -97 -98 -100 -103 -104 -107 -109 -110 -112 -115 -117 -119 -121 -123 -124 -127 0
-128 -130 -132 -135 -136 -139 -141 -143 -144 -146 -149 -151 -153 -155 -157 -159 -161 -162 -164 -167 -168 -171 -173 -174 -176 -179 -180 -182 -184 -186 -187 -190 0
-2 -4 -6 -8 -9 -11 -14 -15 -17 -20 -22 -23 -25 -28 -30 -32 -34 -36 -38 -39 -40 -42 -45 -46 -49 -51 -53 -54 -56 -59 -60 -63 0
-65 -67 -69 -71 -72 -74 -77 -78 -80 -83 -85 -86 -88 -91 -93 -95 -97 -99 -101 -103 -104 -106 -109 -110 -113 -115 -117 -118 -120 -123 -124 -127 0
-129 -131 -133 -135 -136 -138 -141 -142 -144 -147 -149 -150 -152 -155 -157 -159 -161 -163 -165 -167 -168 -170 -173 -174 -177 -179 -180 -181 -183 -186 -187 -190 0
-64 -67 -69 -70 -73 -74 -77 -79 -80 -82 -84 -86 -89 -90 -92 -94 -97 -99 -101 -102 -105 -106 -108 -110 -112 -115 -116 -119 -120 -123 -124 -126 0
-2 -3 -6 -7 -9 -11 -13 -16 -18 -19 -21 -24 -26 -28 -30 -32 -34 -35 -38 -39 -41 -42 -44 -47 -48 -51 -52 -55 -57 -58 -60 -62 0
-65 -66 -69 -70 -72 -74 -76 -79 -81 -82 -84 -87 -89 -91 -93 -95 -97 -98 -101 -103 -105 -106 -108 -111 -112 -115 -116 -119 -121 -122 -124 -126 0
-65 -67 -68 -71 -72 -75 -77 -78 -81 -83 -84 -86 -88 -91 -92 -94 -96 -98 -100 -102 -104 -107 -108 -110 -113 -115 -117 -118 -121 -122 -125 -127 0
-129 -131 -132 -135 -136 -139 -141 -142 -145 -147 -148 -150 -152 -155 -156 -158 -160 -162 -164 -166 -168 -171 -172 -174 -177 -179 -180 -181 -184 -185 -188 -190 0
-64 -66 -68 -71 -73 -74 -76 -79 -80 -82 -85 -87 -89 -90 -93 -94 -96 -99 -100 -102 -105 -106 -109 -111 -113 -114 -116 -118 -120 -123 -124 -127 0
-64 -67 -68 -70 -72 -74 -77 -79 -80 -83 -85 -86 -89 -90 -92 -95 -96 -98 -100 -102 -104 -106 -108 -110 -113 -114 -117 -118 -120 -123 -124 -127 0
-128 -131 -132 -134 -136 -138 -141 -143 -144 -147 -149 -150 -153 -154 -156 -159 -160 -162 -164 -166 -168 -170 -172 -174 -177 -178 -180 -181 -183 -186 -187 -190 0
-64 -66 -68 -70 -73 -74 -77 -79 -81 -82 -85 -86 -89 -90 -93 -95 -96 -98 -100 -102 -104 -106 -108 -111 -113 -114 -117 -119 -120 -123 -125 -127 0
-128 -130 -132 -134 -137 -138 -141 -143 -145 -146 -149 -150 -153 -154 -157 -159 -160 -162 -164 -166 -168 -170 -172 -175 -177 -178 -180 -182 -183 -186 -188 -190 0
-1 -3 -5 -8 -9 -11 -13 -15 -18 -19 -22 -23 -25 -28 -29 -31 -33 -35 -38 -39 -40 -42 -44 -46 -48 -51 -53 -55 -56 -59 -60 -62 0
-64 -66 -68 -71 -72 -74 -76 -78 -81 -82 -85 -86 -88 -91 -92 -94 -96 -98 -101 -103 -104 -106 -108 -110 -112 -115 -117 -119 -120 -123 -124 -126 0
-128 -130 -132 -135 -136 -138 -140 -142 -145 -146 -149 -150 -152 -155 -156 -158 -160 -162 -165 -167 -168 -170 -172 -174 -176 -179 -180 -182 -183 -186 -187 -189 0
-64 -66 -69 -70 -72 -74 -77 -79 -81 -83 -84 -86 -88 -90 -92 -95 -96 -99 -101 -102 -105 -107 -108 -110 -113 -114 -117 -119 -120 -123 -124 -126 0
-128 -130 -133 -134 -136 -138 -141 -143 -145 -147 -148 -150 -152 -154 -156 -159 -160 -163 -165 -166 -169 -171 -172 -174 -177 -178 -180 -182 -183 -186 -187 -189 0
-64 -67 -68 -71 -73 -75 -76 -78 -80 -82 -85 -87 -89 -90 -92 -95 -96 -98 -101 -102 -105 -107 -109 -110 -112 -114 -116 -118 -120 -122 -125 -126 0
-1 -4 -5 -7 -10 -12 -14 -15 -17 -19 -22 -23 -26 -27 -29 -32 -34 -35 -37 -39 -40 -42 -44 -47 -48 -51 -53 -55 -57 -59 -61 -63 0
-64 -67 -68 -70 -73 -75 -77 -78 -80 -82 -85 -86 -89 -90 -92 -95 -97 -98 -100 -103 -104 -106 -108 -111 -112 -115 -117 -119 -121 -123 -125 -127 0
-128 -131 -132 -134 -137 -139 -141 -142 -144 -146 -149 -150 -153 -154 -156 -159 -161 -162 -164 -167 -168 -170 -172 -175 -176 -179 -180 -182 -184 -186 -188 -190 0
-2 -3 -5 -7 -9 -12 -14 -15 -17 -19 -22 -23 -25 -27 -30 -32 -33 -35 -38 -39 -40 -43 -45 -47 -49 -51 -53 -54 -56 -59 -61 -62 0
-65 -66 -68 -70 -72 -75 -77 -78 -80 -82 -85 -86 -88 -90 -93 -95 -96 -98 -101 -103 -104 -107 -109 -111 -113 -115 -117 -118 -120 -123 -125 -126 0
-129 -130 -132 -134 -136 -139 -141 -142 -144 -146 -149 -150 -152 -154 -157 -159 -160 -162 -165 -167 -168 -171 -173 -175 -177 -179 -180 -181 -183 -186 -188 -189 0
-65 -66 -69 -71 -72 -75 -77 -79 -80 -82 -85 -86 -89 -91 -93 -95 -96 -99 -101 -102 -105 -106 -109 -110 -113 -114 -117 -118 -120 -122 -124 -127 0
-129 -130 -133 -135 -136 -139 -141 -143 -144 -146 -149 -150 -153 -155 -157 -159 -160 -163 -165 -166 -169 -170 -173 -174 -177 -178 -180 -181 -183 -185 -187 -190 0
-64 -66 -68 -71 -73 -75 -76 -78 -81 -83 -84 -86 -88 -91 -93 -94 -96 -98 -101 -102 -105 -106 -108 -110 -112 -115 -116 -118 -120 -123 -125 -126 0
-2 -3 -5 -8 -10 -11 -13 -15 -17 -19 -22 -23 -25 -28 -30 -32 -33 -35 -38 -39 -40 -43 -45 -47 -48 -50 -52 -55 -56 -58 -60 -62 0
-65 -66 -68 -71 -73 -74 -76 -78 -80 -82 -85 -86 -88 -91 -93 -95 -96 -98 -101 -103 -104 -107 -109 -111 -112 -114 -116 -119 -120 -122 -124 -126 0
-64 -67 -68 -70 -73 -74 -77 -78 -81 -82 -85 -86 -88 -90 -92 -95 -96 -98 -100 -102 -105 -106 -109 -110 -113 -114 -116 -118 -121 -122 -125 -127 0
-65 -66 -69 -71 -72 -74 -76 -78 -81 -83 -84 -86 -88 -91 -93 -95 -97 -98 -101 -102 -105 -107 -108 -111 -112 -115 -117 -118 -120 -123 -125 -126 0
-129 -130 -133 -135 -136 -138 -140 -142 -145 -147 -148 -150 -152 -155 -157 -159 -161 -162 -165 -166 -169 -171 -172 -175 -176 -179 -180 -181 -183 -186 -188 -189 0
-64 -66 -68 -70 -73 -75 -77 -79 -81 -82 -84 -86 -89 -91 -93 -95 -97 -99 -100 -102 -105 -107 -109 -111 -113 -114 -117 -119 -121 -123 -124 -126 0
-128 -130 -132 -134 -137 -139 -141 -143 -145 -146 -148 -150 -153 -155 -157 -159 -161 -163 -164 -166 -169 -171 -173 -175 -177 -178 -180 -182 -184 -186 -187 -189 0
-2 -3 -5 -8 -9 -11 -13 -15 -18 -19 -21 -24 -25 -27 -29 -31 -34 -36 -37 -39 -40 -43 -45 -47 -49 -51 -52 -54 -56 -59 -61 -63 0
-65 -66 -68 -71 -72 -74 -76 -78 -81 -82 -84 -87 -88 -90 -92 -94 -97 -99 -100 -103 -104 -107 -109 -111 -113 -115 -116 -118 -120 -123 -125 -127 0
1 -191 0
4 -191 0
5 -191 0
8 -191 0
10 -191 0
11 -191 0
13 -191 0
16 -191 0
17 -191 0
20 -191 0
21 -191 0
23 -191 0
26 -191 0
28 -191 0
30 -191 0
32 -191 0
34 -191 0
36 -191 0
37 -191 0
39 -191 0
40 -191 0
42 -191 0
45 -191 0
47 -191 0
48 -191 0
50 -191 0
53 -191 0
54 -191 0
57 -191 0
59 -191 0
60 -191 0
62 -191 0
64 -192 0
67 -192 0
68 -192 0
71 -192 0
73 -192 0
74 -192 0
76 -192 0
79 -192 0
80 -192 0
83 -192 0
84 -192 0
86 -192 0
89 -192 0
91 -192 0
93 -192 0
95 -192 0
97 -192 0
99 -192 0
100 -192 0
103 -192 0
104 -192 0
106 -192 0
109 -192 0
111 -192 0
112 -192 0
114 -192 0
117 -192 0
118 -192 0
121 -192 0
123 -192 0
124 -192 0
126 -192 0
128 -193 0
131 -193 0
132 -193 0
135 -193 0
137 -193 0
138 -193 0
140 -193 0
143 -193 0
144 -193 0
147 -193 0
148 -193 0
150 -193 0
153 -193 0
155 -193 0
157 -193 0
159 -193 0
161 -193 0
163 -193 0
164 -193 0
167 -193 0
168 -193 0
170 -193 0
173 -193 0
175 -193 0
176 -193 0
178 -193 0
180 -193 0
181 -193 0
184 -193 0
186 -193 0
187 -193 0
189 -193 0
2 -194 0
4 -194 0
6 -194 0
8 -194 0
10 -194 0
12 -194 0
13 -194 0
15 -194 0
18 -194 0
19 -194 0
22 -194 0
24 -194 0
25 -194 0
28 -194 0
30 -194 0
31 -194 0
33 -194 0
35 -194 0
37 -194 0
39 -194 0
40 -194 0
42 -194 0
44 -194 0
47 -194 0
48 -194 0
51 -194 0
53 -194 0
55 -194 0
57 -194 0
59 -194 0
60 -194 0
62 -194 0
65 -195 0
67 -195 0
69 -195 0
71 -195 0
73 -195 0
75 -195 0
76 -195 0
78 -195 0
81 -195 0
82 -195 0
85 -195 0
87 -195 0
88 -195 0
91 -195 0
93 -195 0
94 -195 0
96 -195 0
98 -195 0
100 -195 0
103 -195 0
104 -195 0
106 -195 0
108 -195 0
111 -195 0
112 -195 0
115 -195 0
117 -195 0
119 -195 0
121 -195 0
123 -195 0
124 -195 0
126 -195 0
129 -196 0
131 -196 0
133 -196 0
135 -196 0
137 -196 0
139 -196 0
140 -196 0
142 -196 0
145 -196 0
146 -196 0
149 -196 0
151 -196 0
152 -196 0
155 -196 0
157 -196 0
158 -196 0
160 -196 0
162 -196 0
164 -196 0
167 -196 0
168 -196 0
170 -196 0
172 -196 0
175 -196 0
176 -196 0
179 -196 0
180 -196 0
182 -196 0
184 -196 0
186 -196 0
187 -196 0
189 -196 0
2 -197 0
3 -197 0
6 -197 0
7 -197 0
9 -197 0
12 -197 0
14 -197 0
16 -197 0
18 -197 0
20 -197 0
21 -197 0
24 -197 0
25 -197 0
27 -197 0
29 -197 0
32 -197 0
33 -197 0
35 -197 0
37 -197 0
-197 0
40 -197 0
42 -197 0
45 -197 0
46 -197 0
49 -197 0
50 -197 0
52 -197 0
55 -197 0
57 -197 0
59 -197 0
60 -197 0
63 -197 0
65 -198 0
66 -198 0
69 -198 0
70 -198 0
72 -198 0
75 -198 0
77 -198 0
79 -198 0
81 -198 0
83 -198 0
84 -198 0
87 -198 0
88 -198 0
90 -198 0
92 -198 0
95 -198 0
96 -198 0
98 -198 0
100 -198 0
102 -198 0
104 -198 0
106 -198 0
109 -198 0
110 -198 0
113 -198 0
114 -198 0
116 -198 0
119 -198 0
121 -198 0
123 -198 0
124 -198 0
127 -198 0
129 -199 0
130 -199 0
133 -199 0
134 -199 0
136 -199 0
139 -199 0
141 -199 0
143 -199 0
145 -199 0
147 -199 0
148 -199 0
151 -199 0
152 -199 0
154 -199 0
156 -199 0
159 -199 0
160 -199 0
162 -199 0
164 -199 0
166 -199 0
168 -199 0
170 -199 0
173 -199 0
174 -199 0
177 -199 0
178 -199 0
-199 0
182 -199 0
184 -199 0
186 -199 0
187 -199 0
190 -199 0
1 -200 0
4 -200 0
6 -200 0
7 -200 0
10 -200 0
12 -200 0
13 -200 0
15 -200 0
17 -200 0
19 -200 0
21 -200 0
24 -200 0
25 -200 0
28 -200 0
30 -200 0
32 -200 0
34 -200 0
36 -200 0
37 -200 0
-200 0
41 -200 0
43 -200 0
45 -200 0
46 -200 0
48 -200 0
50 -200 0
52 -200 0
54 -200 0
57 -200 0
58 -200 0
60 -200 0
63 -200 0
64 -201 0
67 -201 0
69 -201 0
70 -201 0
73 -201 0
75 -201 0
76 -201 0
78 -201 0
80 -201 0
82 -201 0
84 -201 0
87 -201 0
88 -201 0
91 -201 0
93 -201 0
95 -201 0
97 -201 0
99 -201 0
100 -201 0
102 -201 0
105 -201 0
107 -201 0
109 -201 0
110 -201 0
112 -201 0
114 -201 0
116 -201 0
118 -201 0
121 -201 0
122 -201 0
124 -201 0
127 -201 0
128 -202 0
131 -202 0
133 -202 0
134 -202 0
137 -202 0
139 -202 0
140 -202 0
142 -202 0
144 -202 0
146 -202 0
148 -202 0
151 -202 0
152 -202 0
155 -202 0
157 -202 0
159 -202 0
161 -202 0
163 -202 0
164 -202 0
166 -202 0
169 -202 0
171 -202 0
173 -202 0
174 -202 0
176 -202 0
178 -202 0
-202 0
181 -202 0
184 -202 0
185 -202 0
187 -202 0
190 -202 0
2 -203 0
4 -203 0
6 -203 0
7 -203 0
10 -203 0
12 -203 0
14 -203 0
16 -203 0
18 -203 0
20 -203 0
21 -203 0
24 -203 0
25 -203 0
28 -203 0
30 -203 0
31 -203 0
33 -203 0
35 -203 0
37 -203 0
39 -203 0
41 -203 0
43 -203 0
45 -203 0
47 -203 0
49 -203 0
51 -203 0
53 -203 0
55 -203 0
57 -203 0
58 -203 0
60 -203 0
62 -203 0
65 -204 0
67 -204 0
69 -204 0
70 -204 0
73 -204 0
75 -204 0
77 -204 0
79 -204 0
81 -204 0
83 -204 0
84 -204 0
87 -204 0
88 -204 0
91 -204 0
93 -204 0
94 -204 0
96 -204 0
98 -204 0
100 -204 0
103 -204 0
105 -204 0
107 -204 0
109 -204 0
111 -204 0
113 -204 0
115 -204 0
117 -204 0
119 -204 0
121 -204 0
122 -204 0
124 -204 0
126 -204 0
129 -205 0
131 -205 0
133 -205 0
134 -205 0
137 -205 0
139 -205 0
141 -205 0
143 -205 0
145 -205 0
147 -205 0
148 -205 0
151 -205 0
152 -205 0
155 -205 0
157 -205 0
158 -205 0
160 -205 0
162 -205 0
164 -205 0
167 -205 0
169 -205 0
171 -205 0
173 -205 0
175 -205 0
177 -205 0
179 -205 0
180 -205 0
182 -205 0
184 -205 0
185 -205 0
187 -205 0
189 -205 0
1 -206 0
4 -206 0
5 -206 0
8 -206 0
10 -206 0
12 -206 0
14 -206 0
15 -206 0
17 -206 0
19 -206 0
21 -206 0
24 -206 0
26 -206 0
28 -206 0
29 -206 0
31 -206 0
34 -206 0
36 -206 0
38 -206 0
39 -206 0
40 -206 0
42 -206 0
45 -206 0
46 -206 0
49 -206 0
50 -206 0
53 -206 0
55 -206 0
57 -206 0
59 -206 0
60 -206 0
63 -206 0
64 -207 0
67 -207 0
68 -207 0
71 -207 0
73 -207 0
75 -207 0
77 -207 0
78 -207 0
80 -207 0
82 -207 0
84 -207 0
87 -207 0
89 -207 0
91 -207 0
92 -207 0
94 -207 0
97 -207 0
99 -207 0
101 -207 0
103 -207 0
104 -207 0
106 -207 0
109 -207 0
110 -207 0
113 -207 0
114 -207 0
117 -207 0
119 -207 0
121 -207 0
123 -207 0
124 -207 0
127 -207 0
128 -208 0
131 -208 0
132 -208 0
135 -208 0
137 -208 0
139 -208 0
141 -208 0
142 -208 0
144 -208 0
146 -208 0
148 -208 0
151 -208 0
153 -208 0
155 -208 0
156 -208 0
158 -208 0
161 -208 0
163 -208 0
165 -208 0
167 -208 0
168 -208 0
170 -208 0
173 -208 0
174 -208 0
177 -208 0
178 -208 0
180 -208 0
182 -208 0
184 -208 0
186 -208 0
187 -208 0
190 -208 0
1 -209 0
4 -209 0
5 -209 0
8 -209 0
10 -209 0
12 -209 0
13 -209 0
16 -209 0
18 -209 0
19 -209 0
21 -209 0
24 -209 0
26 -209 0
27 -209 0
30 -209 0
31 -209 0
34 -209 0
36 -209 0
37 -209 0
-209 0
40 -209 0
43 -209 0
44 -209 0
47 -209 0
49 -209 0
50 -209 0
52 -209 0
54 -209 0
57 -209 0
59 -209 0
60 -209 0
62 -209 0
64 -210 0
67 -210 0
68 -210 0
71 -210 0
73 -210 0
75 -210 0
76 -210 0
79 -210 0
81 -210 0
82 -210 0
84 -210 0
87 -210 0
89 -210 0
90 -210 0
93 -210 0
94 -210 0
97 -210 0
99 -210 0
100 -210 0
102 -210 0
104 -210 0
107 -210 0
108 -210 0
111 -210 0
113 -210 0
114 -210 0
116 -210 0
118 -210 0
121 -210 0
123 -210 0
124 -210 0
126 -210 0
128 -211 0
131 -211 0
132 -211 0
135 -211 0
137 -211 0
139 -211 0
140 -211 0
143 -211 0
145 -211 0
146 -211 0
148 -211 0
151 -211 0
153 -211 0
154 -211 0
157 -211 0
158 -211 0
161 -211 0
163 -211 0
164 -211 0
166 -211 0
168 -211 0
171 -211 0
172 -211 0
175 -211 0
177 -211 0
178 -211 0
-211 0
181 -211 0
184 -211 0
186 -211 0
187 -211 0
189 -211 0
2 -212 0
4 -212 0
6 -212 0
8 -212 0
10 -212 0
12 -212 0
13 -212 0
15 -212 0
17 -212 0
19 -212 0
21 -212 0
23 -212 0
25 -212 0
27 -212 0
30 -212 0
32 -212 0
33 -212 0
35 -212 0
38 -212 0
39 -212 0
41 -212 0
42 -212 0
45 -212 0
46 -212 0
49 -212 0
50 -212 0
53 -212 0
55 -212 0
57 -212 0
58 -212 0
60 -212 0
63 -212 0
65 -213 0
67 -213 0
69 -213 0
71 -213 0
73 -213 0
75 -213 0
76 -213 0
78 -213 0
80 -213 0
82 -213 0
84 -213 0
86 -213 0
88 -213 0
90 -213 0
93 -213 0
95 -213 0
96 -213 0
98 -213 0
101 -213 0
103 -213 0
105 -213 0
106 -213 0
109 -213 0
110 -213 0
113 -213 0
114 -213 0
117 -213 0
119 -213 0
121 -213 0
122 -213 0
124 -213 0
127 -213 0
129 -214 0
131 -214 0
133 -214 0
135 -214 0
137 -214 0
139 -214 0
140 -214 0
142 -214 0
144 -214 0
146 -214 0
148 -214 0
150 -214 0
152 -214 0
154 -214 0
157 -214 0
159 -214 0
160 -214 0
162 -214 0
165 -214 0
167 -214 0
169 -214 0
170 -214 0
173 -214 0
174 -214 0
177 -214 0
178 -214 0
180 -214 0
182 -214 0
184 -214 0
185 -214 0
187 -214 0
190 -214 0
2 -215 0
4 -215 0
6 -215 0
7 -215 0
10 -215 0
11 -215 0
13 -215 0
15 -215 0
18 -215 0
19 -215 0
21 -215 0
24 -215 0
25 -215 0
27 -215 0
29 -215 0
32 -215 0
33 -215 0
36 -215 0
37 -215 0
39 -215 0
41 -215 0
42 -215 0
44 -215 0
46 -215 0
48 -215 0
50 -215 0
52 -215 0
55 -215 0
57 -215 0
59 -215 0
60 -215 0
63 -215 0
65 -216 0
67 -216 0
69 -216 0
70 -216 0
73 -216 0
74 -216 0
76 -216 0
78 -216 0
81 -216 0
82 -216 0
84 -216 0
87 -216 0
88 -216 0
90 -216 0
92 -216 0
95 -216 0
96 -216 0
99 -216 0
100 -216 0
103 -216 0
105 -216 0
106 -216 0
108 -216 0
110 -216 0
112 -216 0
114 -216 0
116 -216 0
119 -216 0
121 -216 0
123 -216 0
124 -216 0
127 -216 0
129 -217 0
131 -217 0
133 -217 0
134 -217 0
137 -217 0
138 -217 0
140 -217 0
142 -217 0
145 -217 0
146 -217 0
148 -217 0
151 -217 0
152 -217 0
154 -217 0
156 -217 0
159 -217 0
160 -217 0
163 -217 0
164 -217 0
167 -217 0
169 -217 0
170 -217 0
172 -217 0
174 -217 0
176 -217 0
178 -217 0
-217 0
182 -217 0
184 -217 0
186 -217 0
187 -217 0
190 -217 0
2 -218 0
4 -218 0
6 -218 0
8 -218 0
10 -218 0
12 -218 0
14 -218 0
15 -218 0
18 -218 0
19 -218 0
21 -218 0
24 -218 0
26 -218 0
28 -218 0
29 -218 0
31 -218 0
33 -218 0
36 -218 0
38 -218 0
39 -218 0
40 -218 0
42 -218 0
45 -218 0
47 -218 0
49 -218 0
51 -218 0
53 -218 0
55 -218 0
57 -218 0
59 -218 0
60 -218 0
62 -218 0
65 -219 0
67 -219 0
69 -219 0
71 -219 0
73 -219 0
75 -219 0
77 -219 0
78 -219 0
81 -219 0
82 -219 0
84 -219 0
87 -219 0
89 -219 0
91 -219 0
92 -219 0
94 -219 0
96 -219 0
99 -219 0
101 -219 0
103 -219 0
104 -219 0
106 -219 0
109 -219 0
111 -219 0
113 -219 0
115 -219 0
117 -219 0
119 -219 0
121 -219 0
123 -219 0
124 -219 0
126 -219 0
129 -220 0
131 -220 0
133 -220 0
135 -220 0
137 -220 0
139 -220 0
141 -220 0
142 -220 0
145 -220 0
146 -220 0
148 -220 0
151 -220 0
153 -220 0
155 -220 0
156 -220 0
158 -220 0
160 -220 0
163 -220 0
165 -220 0
167 -220 0
168 -220 0
170 -220 0
173 -220 0
175 -220 0
177 -220 0
179 -220 0
180 -220 0
182 -220 0
184 -220 0
186 -220 0
187 -220 0
189 -220 0
1 -221 0
4 -221 0
6 -221 0
7 -221 0
10 -221 0
12 -221 0
13 -221 0
15 -221 0
18 -221 0
20 -221 0
21 -221 0
23 -221 0
26 -221 0
27 -221 0
30 -221 0
32 -221 0
34 -221 0
35 -221 0
38 -221 0
-221 0
40 -221 0
43 -221 0
45 -221 0
46 -221 0
48 -221 0
51 -221 0
53 -221 0
54 -221 0
56 -221 0
58 -221 0
60 -221 0
62 -221 0
64 -222 0
67 -222 0
69 -222 0
70 -222 0
73 -222 0
75 -222 0
76 -222 0
78 -222 0
81 -222 0
83 -222 0
84 -222 0
86 -222 0
89 -222 0
90 -222 0
93 -222 0
95 -222 0
97 -222 0
98 -222 0
101 -222 0
102 -222 0
104 -222 0
107 -222 0
109 -222 0
110 -222 0
112 -222 0
115 -222 0
117 -222 0
118 -222 0
120 -222 0
122 -222 0
124 -222 0
126 -222 0
128 -223 0
131 -223 0
133 -223 0
134 -223 0
137 -223 0
139 -223 0
140 -223 0
142 -223 0
145 -223 0
147 -223 0
148 -223 0
150 -223 0
153 -223 0
154 -223 0
157 -223 0
159 -223 0
161 -223 0
162 -223 0
165 -223 0
166 -223 0
168 -223 0
171 -223 0
173 -223 0
174 -223 0
176 -223 0
179 -223 0
180 -223 0
181 -223 0
183 -223 0
185 -223 0
187 -223 0
189 -223 0
1 -224 0
4 -224 0
6 -224 0
8 -224 0
10 -224 0
11 -224 0
14 -224 0
16 -224 0
17 -224 0
20 -224 0
21 -224 0
24 -224 0
25 -224 0
27 -224 0
29 -224 0
32 -224 0
34 -224 0
36 -224 0
38 -224 0
39 -224 0
40 -224 0
43 -224 0
44 -224 0
47 -224 0
49 -224 0
50 -224 0
53 -224 0
54 -224 0
57 -224 0
59 -224 0
60 -224 0
62 -224 0
64 -225 0
67 -225 0
69 -225 0
71 -225 0
73 -225 0
74 -225 0
77 -225 0
79 -225 0
80 -225 0
83 -225 0
84 -225 0
87 -225 0
88 -225 0
90 -225 0
92 -225 0
95 -225 0
97 -225 0
99 -225 0
101 -225 0
103 -225 0
104 -225 0
107 -225 0
108 -225 0
111 -225 0
113 -225 0
114 -225 0
117 -225 0
118 -225 0
121 -225 0
123 -225 0
124 -225 0
126 -225 0
128 -226 0
131 -226 0
133 -226 0
135 -226 0
137 -226 0
138 -226 0
141 -226 0
143 -226 0
144 -226 0
147 -226 0
148 -226 0
151 -226 0
152 -226 0
154 -226 0
156 -226 0
159 -226 0
161 -226 0
163 -226 0
165 -226 0
167 -226 0
168 -226 0
171 -226 0
172 -226 0
175 -226 0
177 -226 0
178 -226 0
180 -226 0
181 -226 0
184 -226 0
186 -226 0
187 -226 0
189 -226 0
2 -227 0
4 -227 0
6 -227 0
8 -227 0
9 -227 0
11 -227 0
13 -227 0
16 -227 0
18 -227 0
20 -227 0
21 -227 0
24 -227 0
25 -227 0
27 -227 0
30 -227 0
32 -227 0
33 -227 0
35 -227 0
38 -227 0
39 -227 0
40 -227 0
42 -227 0
45 -227 0
47 -227 0
49 -227 0
50 -227 0
53 -227 0
54 -227 0
56 -227 0
58 -227 0
60 -227 0
63 -227 0
65 -228 0
67 -228 0
69 -228 0
71 -228 0
72 -228 0
74 -228 0
76 -228 0
79 -228 0
81 -228 0
83 -228 0
84 -228 0
87 -228 0
88 -228 0
90 -228 0
93 -228 0
95 -228 0
96 -228 0
98 -228 0
101 -228 0
103 -228 0
104 -228 0
106 -228 0
109 -228 0
111 -228 0
113 -228 0
114 -228 0
117 -228 0
118 -228 0
120 -228 0
122 -228 0
124 -228 0
127 -228 0
129 -229 0
131 -229 0
133 -229 0
135 -229 0
136 -229 0
138 -229 0
140 -229 0
143 -229 0
145 -229 0
147 -229 0
148 -229 0
151 -229 0
152 -229 0
154 -229 0
157 -229 0
159 -229 0
160 -229 0
162 -229 0
165 -229 0
167 -229 0
168 -229 0
170 -229 0
173 -229 0
175 -229 0
177 -229 0
178 -229 0
180 -229 0
181 -229 0
183 -229 0
185 -229 0
187 -229 0
190 -229 0
2 -230 0
3 -230 0
5 -230 0
7 -230 0
10 -230 0
11 -230 0
13 -230 0
16 -230 0
18 -230 0
20 -230 0
21 -230 0
23 -230 0
26 -230 0
28 -230 0
29 -230 0
31 -230 0
33 -230 0
36 -230 0
38 -230 0
39 -230 0
40 -230 0
42 -230 0
45 -230 0
47 -230 0
48 -230 0
51 -230 0
53 -230 0
55 -230 0
56 -230 0
59 -230 0
61 -230 0
62 -230 0
65 -231 0
66 -231 0
68 -231 0
70 -231 0
73 -231 0
74 -231 0
76 -231 0
79 -231 0
81 -231 0
83 -231 0
84 -231 0
86 -231 0
89 -231 0
91 -231 0
92 -231 0
94 -231 0
96 -231 0
99 -231 0
101 -231 0
103 -231 0
104 -231 0
106 -231 0
109 -231 0
111 -231 0
112 -231 0
115 -231 0
117 -231 0
119 -231 0
120 -231 0
123 -231 0
125 -231 0
126 -231 0
129 -232 0
130 -232 0
132 -232 0
134 -232 0
137 -232 0
138 -232 0
140 -232 0
143 -232 0
145 -232 0
147 -232 0
148 -232 0
150 -232 0
153 -232 0
155 -232 0
156 -232 0
158 -232 0
160 -232 0
163 -232 0
165 -232 0
167 -232 0
168 -232 0
170 -232 0
173 -232 0
175 -232 0
176 -232 0
179 -232 0
180 -232 0
182 -232 0
183 -232 0
186 -232 0
188 -232 0
189 -232 0
1 -233 0
3 -233 0
6 -233 0
7 -233 0
10 -233 0
12 -233 0
14 -233 0
15 -233 0
18 -233 0
20 -233 0
22 -233 0
24 -233 0
26 -233 0
28 -233 0
30 -233 0
31 -233 0
33 -233 0
35 -233 0
37 -233 0
39 -233 0
40 -233 0
43 -233 0
45 -233 0
47 -233 0
48 -233 0
51 -233 0
53 -233 0
54 -233 0
56 -233 0
58 -233 0
60 -233 0
62 -233 0
64 -234 0
66 -234 0
69 -234 0
70 -234 0
73 -234 0
75 -234 0
77 -234 0
78 -234 0
81 -234 0
83 -234 0
85 -234 0
87 -234 0
89 -234 0
91 -234 0
93 -234 0
94 -234 0
96 -234 0
98 -234 0
100 -234 0
103 -234 0
104 -234 0
107 -234 0
109 -234 0
111 -234 0
112 -234 0
115 -234 0
117 -234 0
118 -234 0
120 -234 0
122 -234 0
124 -234 0
126 -234 0
128 -235 0
130 -235 0
133 -235 0
134 -235 0
137 -235 0
139 -235 0
141 -235 0
142 -235 0
145 -235 0
147 -235 0
149 -235 0
151 -235 0
153 -235 0
155 -235 0
157 -235 0
158 -235 0
160 -235 0
162 -235 0
164 -235 0
167 -235 0
168 -235 0
171 -235 0
173 -235 0
175 -235 0
176 -235 0
179 -235 0
180 -235 0
181 -235 0
183 -235 0
185 -235 0
187 -235 0
189 -235 0
2 -236 0
4 -236 0
6 -236 0
8 -236 0
9 -236 0
11 -236 0
14 -236 0
16 -236 0
18 -236 0
20 -236 0
22 -236 0
23 -236 0
26 -236 0
27 -236 0
29 -236 0
31 -236 0
33 -236 0
36 -236 0
37 -236 0
-236 0
41 -236 0
43 -236 0
45 -236 0
46 -236 0
48 -236 0
50 -236 0
52 -236 0
54 -236 0
56 -236 0
58 -236 0
60 -236 0
63 -236 0
65 -237 0
67 -237 0
69 -237 0
71 -237 0
72 -237 0
74 -237 0
77 -237 0
79 -237 0
81 -237 0
83 -237 0
85 -237 0
86 -237 0
89 -237 0
90 -237 0
92 -237 0
94 -237 0
96 -237 0
99 -237 0
100 -237 0
102 -237 0
105 -237 0
107 -237 0
109 -237 0
110 -237 0
112 -237 0
114 -237 0
116 -237 0
118 -237 0
120 -237 0
122 -237 0
124 -237 0
127 -237 0
129 -238 0
131 -238 0
133 -238 0
135 -238 0
136 -238 0
138 -238 0
141 -238 0
143 -238 0
145 -238 0
147 -238 0
149 -238 0
150 -238 0
153 -238 0
154 -238 0
156 -238 0
158 -238 0
160 -238 0
163 -238 0
164 -238 0
166 -238 0
169 -238 0
171 -238 0
173 -238 0
174 -238 0
176 -238 0
178 -238 0
-238 0
181 -238 0
183 -238 0
185 -238 0
187 -238 0
190 -238 0
1 -239 0
3 -239 0
5 -239 0
7 -239 0
10 -239 0
12 -239 0
14 -239 0
15 -239 0
18 -239 0
20 -239 0
21 -239 0
24 -239 0
25 -239 0
28 -239 0
30 -239 0
31 -239 0
33 -239 0
36 -239 0
37 -239 0
39 -239 0
41 -239 0
43 -239 0
45 -239 0
47 -239 0
49 -239 0
51 -239 0
53 -239 0
54 -239 0
57 -239 0
59 -239 0
61 -239 0
63 -239 0
64 -240 0
66 -240 0
68 -240 0
70 -240 0
73 -240 0
75 -240 0
77 -240 0
78 -240 0
81 -240 0
83 -240 0
84 -240 0
87 -240 0
88 -240 0
91 -240 0
93 -240 0
94 -240 0
96 -240 0
99 -240 0
100 -240 0
103 -240 0
105 -240 0
107 -240 0
109 -240 0
111 -240 0
113 -240 0
115 -240 0
117 -240 0
118 -240 0
121 -240 0
123 -240 0
125 -240 0
127 -240 0
128 -241 0
130 -241 0
132 -241 0
134 -241 0
137 -241 0
139 -241 0
141 -241 0
142 -241 0
145 -241 0
147 -241 0
148 -241 0
151 -241 0
152 -241 0
155 -241 0
157 -241 0
158 -241 0
160 -241 0
163 -241 0
164 -241 0
167 -241 0
169 -241 0
171 -241 0
173 -241 0
175 -241 0
177 -241 0
179 -241 0
180 -241 0
181 -241 0
184 -241 0
186 -241 0
188 -241 0
190 -241 0
1 -242 0
3 -242 0
6 -242 0
7 -242 0
10 -242 0
12 -242 0
14 -242 0
16 -242 0
18 -242 0
20 -242 0
22 -242 0
24 -242 0
26 -242 0
27 -242 0
29 -242 0
31 -242 0
34 -242 0
36 -242 0
37 -242 0
39 -242 0
41 -242 0
42 -242 0
45 -242 0
47 -242 0
48 -242 0
51 -242 0
53 -242 0
55 -242 0
56 -242 0
59 -242 0
60 -242 0
63 -242 0
64 -243 0
66 -243 0
69 -243 0
70 -243 0
73 -243 0
75 -243 0
77 -243 0
79 -243 0
81 -243 0
83 -243 0
85 -243 0
87 -243 0
89 -243 0
90 -243 0
92 -243 0
94 -243 0
97 -243 0
99 -243 0
100 -243 0
103 -243 0
105 -243 0
106 -243 0
109 -243 0
111 -243 0
112 -243 0
115 -243 0
117 -243 0
119 -243 0
120 -243 0
123 -243 0
124 -243 0
127 -243 0
128 -244 0
130 -244 0
133 -244 0
134 -244 0
137 -244 0
139 -244 0
141 -244 0
143 -244 0
145 -244 0
147 -244 0
149 -244 0
151 -244 0
153 -244 0
154 -244 0
156 -244 0
158 -244 0
161 -244 0
163 -244 0
164 -244 0
167 -244 0
169 -244 0
170 -244 0
173 -244 0
175 -244 0
176 -244 0
179 -244 0
180 -244 0
182 -244 0
183 -244 0
186 -244 0
187 -244 0
190 -244 0
2 -245 0
4 -245 0
5 -245 0
7 -245 0
10 -245 0
12 -245 0
13 -245 0
16 -245 0
18 -245 0
19 -245 0
22 -245 0
23 -245 0
26 -245 0
27 -245 0
29 -245 0
31 -245 0
33 -245 0
36 -245 0
37 -245 0
-245 0
41 -245 0
43 -245 0
44 -245 0
47 -245 0
49 -245 0
50 -245 0
53 -245 0
54 -245 0
57 -245 0
58 -245 0
60 -245 0
63 -245 0
65 -246 0
67 -246 0
68 -246 0
70 -246 0
73 -246 0
75 -246 0
76 -246 0
79 -246 0
81 -246 0
82 -246 0
85 -246 0
86 -246 0
89 -246 0
90 -246 0
92 -246 0
94 -246 0
96 -246 0
99 -246 0
100 -246 0
102 -246 0
105 -246 0
107 -246 0
108 -246 0
111 -246 0
113 -246 0
114 -246 0
117 -246 0
118 -246 0
121 -246 0
122 -246 0
124 -246 0
127 -246 0
129 -247 0
131 -247 0
132 -247 0
134 -247 0
137 -247 0
139 -247 0
140 -247 0
143 -247 0
145 -247 0
146 -247 0
149 -247 0
150 -247 0
153 -247 0
154 -247 0
156 -247 0
158 -247 0
160 -247 0
163 -247 0
164 -247 0
166 -247 0
169 -247 0
171 -247 0
172 -247 0
175 -247 0
177 -247 0
178 -247 0
180 -247 0
181 -247 0
184 -247 0
185 -247 0
187 -247 0
190 -247 0
2 -248 0
3 -248 0
6 -248 0
7 -248 0
10 -248 0
12 -248 0
13 -248 0
15 -248 0
18 -248 0
20 -248 0
22 -248 0
24 -248 0
26 -248 0
27 -248 0
29 -248 0
31 -248 0
33 -248 0
35 -248 0
38 -248 0
39 -248 0
41 -248 0
43 -248 0
45 -248 0
47 -248 0
48 -248 0
50 -248 0
53 -248 0
55 -248 0
56 -248 0
58 -248 0
61 -248 0
62 -248 0
65 -249 0
66 -249 0
69 -249 0
70 -249 0
73 -249 0
75 -249 0
76 -249 0
78 -249 0
81 -249 0
83 -249 0
85 -249 0
87 -249 0
89 -249 0
90 -249 0
92 -249 0
94 -249 0
96 -249 0
98 -249 0
101 -249 0
103 -249 0
105 -249 0
107 -249 0
109 -249 0
111 -249 0
112 -249 0
114 -249 0
117 -249 0
119 -249 0
120 -249 0
122 -249 0
125 -249 0
126 -249 0
129 -250 0
130 -250 0
133 -250 0
134 -250 0
137 -250 0
139 -250 0
140 -250 0
142 -250 0
145 -250 0
147 -250 0
149 -250 0
151 -250 0
153 -250 0
154 -250 0
156 -250 0
158 -250 0
160 -250 0
162 -250 0
165 -250 0
167 -250 0
169 -250 0
171 -250 0
173 -250 0
175 -250 0
176 -250 0
178 -250 0
180 -250 0
182 -250 0
183 -250 0
185 -250 0
188 -250 0
189 -250 0
1 -251 0
4 -251 0
5 -251 0
7 -251 0
9 -251 0
11 -251 0
13 -251 0
16 -251 0
18 -251 0
20 -251 0
22 -251 0
24 -251 0
26 -251 0
27 -251 0
29 -251 0
31 -251 0
33 -251 0
35 -251 0
38 -251 0
39 -251 0
41 -251 0
42 -251 0
45 -251 0
46 -251 0
48 -251 0
50 -251 0
53 -251 0
55 -251 0
57 -251 0
59 -251 0
60 -251 0
62 -251 0
64 -252 0
67 -252 0
68 -252 0
70 -252 0
72 -252 0
74 -252 0
76 -252 0
79 -252 0
81 -252 0
83 -252 0
85 -252 0
87 -252 0
89 -252 0
90 -252 0
92 -252 0
94 -252 0
96 -252 0
98 -252 0
101 -252 0
103 -252 0
105 -252 0
106 -252 0
109 -252 0
110 -252 0
112 -252 0
114 -252 0
117 -252 0
119 -252 0
121 -252 0
123 -252 0
124 -252 0
126 -252 0
128 -253 0
131 -253 0
132 -253 0
134 -253 0
136 -253 0
138 -253 0
140 -253 0
143 -253 0
145 -253 0
147 -253 0
149 -253 0
151 -253 0
153 -253 0
154 -253 0
156 -253 0
158 -253 0
160 -253 0
162 -253 0
165 -253 0
167 -253 0
169 -253 0
170 -253 0
173 -253 0
174 -253 0
176 -253 0
178 -253 0
180 -253 0
182 -253 0
184 -253 0
186 -253 0
187 -253 0
189 -253 0
2 -254 0
4 -254 0
6 -254 0
7 -254 0
10 -254 0
12 -254 0
13 -254 0
16 -254 0
17 -254 0
19 -254 0
21 -254 0
24 -254 0
25 -254 0
28 -254 0
30 -254 0
32 -254 0
34 -254 0
36 -254 0
37 -254 0
-254 0
41 -254 0
43 -254 0
45 -254 0
47 -254 0
49 -254 0
50 -254 0
53 -254 0
55 -254 0
57 -254 0
58 -254 0
60 -254 0
62 -254 0
65 -255 0
67 -255 0
69 -255 0
70 -255 0
73 -255 0
75 -255 0
76 -255 0
79 -255 0
80 -255 0
82 -255 0
84 -255 0
87 -255 0
88 -255 0
91 -255 0
93 -255 0
95 -255 0
97 -255 0
99 -255 0
100 -255 0
102 -255 0
105 -255 0
107 -255 0
109 -255 0
111 -255 0
113 -255 0
114 -255 0
117 -255 0
119 -255 0
121 -255 0
122 -255 0
124 -255 0
126 -255 0
129 -256 0
131 -256 0
133 -256 0
134 -256 0
137 -256 0
139 -256 0
140 -256 0
143 -256 0
144 -256 0
146 -256 0
148 -256 0
151 -256 0
152 -256 0
155 -256 0
157 -256 0
159 -256 0
161 -256 0
163 -256 0
164 -256 0
166 -256 0
169 -256 0
171 -256 0
173 -256 0
175 -256 0
177 -256 0
178 -256 0
180 -256 0
182 -256 0
184 -256 0
185 -256 0
187 -256 0
189 -256 0
1 -257 0
4 -257 0
5 -257 0
7 -257 0
10 -257 0
11 -257 0
14 -257 0
15 -257 0
17 -257 0
20 -257 0
22 -257 0
24 -257 0
26 -257 0
27 -257 0
30 -257 0
32 -257 0
34 -257 0
35 -257 0
37 -257 0
39 -257 0
40 -257 0
43 -257 0
45 -257 0
47 -257 0
48 -257 0
50 -257 0
53 -257 0
55 -257 0
57 -257 0
58 -257 0
60 -257 0
62 -257 0
64 -258 0
67 -258 0
68 -258 0
70 -258 0
73 -258 0
74 -258 0
77 -258 0
78 -258 0
80 -258 0
83 -258 0
85 -258 0
87 -258 0
89 -258 0
90 -258 0
93 -258 0
95 -258 0
97 -258 0
98 -258 0
100 -258 0
103 -258 0
104 -258 0
107 -258 0
109 -258 0
111 -258 0
112 -258 0
114 -258 0
117 -258 0
119 -258 0
121 -258 0
122 -258 0
124 -258 0
126 -258 0
128 -259 0
131 -259 0
132 -259 0
134 -259 0
137 -259 0
138 -259 0
141 -259 0
142 -259 0
144 -259 0
147 -259 0
149 -259 0
151 -259 0
153 -259 0
154 -259 0
157 -259 0
159 -259 0
161 -259 0
162 -259 0
164 -259 0
167 -259 0
168 -259 0
171 -259 0
173 -259 0
175 -259 0
176 -259 0
178 -259 0
180 -259 0
182 -259 0
184 -259 0
185 -259 0
187 -259 0
189 -259 0
2 -260 0
4 -260 0
6 -260 0
7 -260 0
10 -260 0
12 -260 0
14 -260 0
15 -260 0
17 -260 0
19 -260 0
22 -260 0
24 -260 0
25 -260 0
27 -260 0
29 -260 0
31 -260 0
34 -260 0
35 -260 0
37 -260 0
-260 0
41 -260 0
42 -260 0
45 -260 0
47 -260 0
49 -260 0
51 -260 0
52 -260 0
54 -260 0
57 -260 0
58 -260 0
60 -260 0
62 -260 0
65 -261 0
67 -261 0
69 -261 0
70 -261 0
73 -261 0
75 -261 0
77 -261 0
78 -261 0
80 -261 0
82 -261 0
85 -261 0
87 -261 0
88 -261 0
90 -261 0
92 -261 0
94 -261 0
97 -261 0
98 -261 0
100 -261 0
102 -261 0
105 -261 0
106 -261 0
109 -261 0
111 -261 0
113 -261 0
115 -261 0
116 -261 0
118 -261 0
121 -261 0
122 -261 0
124 -261 0
126 -261 0
129 -262 0
131 -262 0
133 -262 0
134 -262 0
137 -262 0
139 -262 0
141 -262 0
142 -262 0
144 -262 0
146 -262 0
149 -262 0
151 -262 0
152 -262 0
154 -262 0
156 -262 0
158 -262 0
161 -262 0
162 -262 0
164 -262 0
166 -262 0
169 -262 0
170 -262 0
173 -262 0
175 -262 0
177 -262 0
179 -262 0
-262 0
181 -262 0
184 -262 0
185 -262 0
187 -262 0
189 -262 0
2 -263 0
3 -263 0
5 -263 0
7 -263 0
10 -263 0
11 -263 0
13 -263 0
16 -263 0
18 -263 0
20 -263 0
22 -263 0
23 -263 0
26 -263 0
27 -263 0
30 -263 0
32 -263 0
33 -263 0
35 -263 0
37 -263 0
39 -263 0
40 -263 0
42 -263 0
45 -263 0
47 -263 0
48 -263 0
50 -263 0
52 -263 0
54 -263 0
56 -263 0
59 -263 0
61 -263 0
63 -263 0
65 -264 0
66 -264 0
68 -264 0
70 -264 0
73 -264 0
74 -264 0
76 -264 0
79 -264 0
81 -264 0
83 -264 0
85 -264 0
86 -264 0
89 -264 0
90 -264 0
93 -264 0
95 -264 0
96 -264 0
98 -264 0
100 -264 0
103 -264 0
104 -264 0
106 -264 0
109 -264 0
111 -264 0
112 -264 0
114 -264 0
116 -264 0
118 -264 0
120 -264 0
123 -264 0
125 -264 0
127 -264 0
129 -265 0
130 -265 0
132 -265 0
134 -265 0
137 -265 0
138 -265 0
140 -265 0
143 -265 0
145 -265 0
147 -265 0
149 -265 0
150 -265 0
153 -265 0
154 -265 0
157 -265 0
159 -265 0
160 -265 0
162 -265 0
164 -265 0
167 -265 0
168 -265 0
170 -265 0
173 -265 0
175 -265 0
176 -265 0
178 -265 0
-265 0
181 -265 0
183 -265 0
186 -265 0
188 -265 0
190 -265 0
191 192 193 0
194 195 196 0
197 198 199 0
200 201 202 0
203 204 205 0
206 207 208 0
209 210 211 0
212 213 214 0
215 216 217 0
218 219 220 0
221 222 223 0
224 225 226 0
227 228 229 0
230 231 232 0
233 234 235 0
236 237 238 0
239 240 241 0
242 243 244 0
245 246 247 0
248 249 250 0
251 252 253 0
254 255 256 0
257 258 259 0
260 261 262 0
263 264 265 0
