p cnf 248 2170
1 2 0
3 4 0
5 6 0
7 8 0
9 10 0
11 12 0
13 14 0
15 16 0
17 18 0
19 20 0
21 22 0
23 24 0
25 26 0
27 28 0
29 30 0
31 32 0
33 34 0
35 36 0
37 38 0
39 40 0
41 42 0
43 44 0
45 46 0
47 48 0
49 50 0
51 52 0
53 54 0
55 56 0
57 58 0
59 60 0
61 62 0
63 64 0
65 66 0
67 68 0
69 70 0
71 72 0
73 74 0
75 76 0
77 78 0
80 81 0
82 83 0
84 85 0
86 87 0
88 89 0
90 91 0
92 93 0
94 95 0
96 97 0
98 99 0
100 101 0
102 103 0
104 105 0
106 107 0
108 109 0
110 111 0
112 113 0
114 115 0
116 117 0
118 119 0
120 121 0
122 123 0
124 125 0
126 127 0
128 129 0
130 131 0
132 133 0
134 135 0
136 137 0
138 139 0
140 141 0
142 143 0
144 145 0
146 147 0
148 149 0
150 151 0
152 153 0
154 155 0
156 157 0
158 159 0
160 161 0
162 163 0
164 165 0
166 167 0
168 169 0
170 171 0
172 173 0
174 175 0
176 177 0
178 179 0
180 181 0
182 183 0
184 185 0
186 187 0
188 189 0
190 191 0
-1 -4 -6 -8 -10 -12 -13 -16 -17 -20 -22 -24 -25 -28 -30 -32 -33 -36 -37 -40 -41 -44 -45 -48 -50 -51 -54 -55 -57 -60 -61 -64 0
-65 -68 -70 -72 -74 -76 -77 -79 -80 -83 -85 -87 -88 -91 -93 -95 -96 -99 -100 -103 -104 -107 -108 -111 -113 -114 -117 -118 -120 -123 -124 -127 0
-128 -131 -133 -135 -137 -139 -140 -143 -144 -147 -149 -151 -152 -155 -157 -159 -160 -163 -164 -167 -168 -171 -172 -175 -177 -178 -181 -182 -184 -187 -188 -191 0
-1 -3 -6 -7 -9 -11 -13 -16 -18 -19 -21 -24 -25 -28 -29 -32 -33 -35 -37 -40 -41 -44 -46 -47 -50 -51 -53 -56 -57 -59 -61 -64 0
-65 -67 -70 -71 -73 -75 -77 -79 -81 -82 -84 -87 -88 -91 -92 -95 -96 -98 -100 -103 -104 -107 -109 -110 -113 -114 -116 -119 -120 -122 -124 -127 0
-128 -130 -133 -134 -136 -138 -140 -143 -145 -146 -148 -151 -152 -155 -156 -159 -160 -162 -164 -167 -168 -171 -173 -174 -177 -178 -180 -183 -184 -186 -188 -191 0
-1 -3 -5 -8 -10 -11 -13 -15 -18 -20 -22 -24 -25 -27 -29 -31 -33 -36 -37 -39 -42 -44 -46 -48 -50 -52 -54 -55 -58 -59 -61 -64 0
-65 -67 -69 -72 -74 -75 -77 -81 -83 -85 -87 -88 -90 -92 -94 -96 -99 -100 -102 -105 -107 -109 -111 -113 -115 -117 -118 -121 -122 -124 -127 0
-128 -130 -132 -135 -137 -138 -140 -142 -145 -147 -149 -151 -152 -154 -156 -158 -160 -163 -164 -166 -169 -171 -173 -175 -177 -179 -181 -182 -185 -186 -188 -191 0
-1 -4 -5 -8 -10 -12 -13 -15 -18 -19 -21 -24 -25 -27 -29 -31 -33 -35 -38 -39 -42 -43 -46 -48 -50 -51 -53 -56 -58 -59 -61 -63 0
-65 -68 -69 -72 -74 -76 -77 -81 -82 -84 -87 -88 -90 -92 -94 -96 -98 -101 -102 -105 -106 -109 -111 -113 -114 -116 -119 -121 -122 -124 -126 0
-128 -131 -132 -135 -137 -139 -140 -142 -145 -146 -148 -151 -152 -154 -156 -158 -160 -162 -165 -166 -169 -170 -173 -175 -177 -178 -180 -183 -185 -186 -188 -190 0
-1 -3 -6 -7 -9 -12 -14 -15 -17 -20 -21 -24 -25 -27 -29 -32 -33 -36 -38 -39 -42 -43 -45 -48 -49 -52 -54 -56 -58 -60 -61 -64 0
-65 -67 -70 -71 -73 -76 -78 -80 -83 -84 -87 -88 -90 -92 -95 -96 -99 -101 -102 -105 -106 -108 -111 -112 -115 -117 -119 -121 -123 -124 -127 0
-128 -130 -133 -134 -136 -139 -141 -142 -144 -147 -148 -151 -152 -154 -156 -159 -160 -163 -165 -166 -169 -170 -172 -175 -176 -179 -181 -183 -185 -187 -188 -191 0
-1 -3 -5 -8 -9 -11 -14 -16 -18 -20 -21 -24 -25 -27 -30 -32 -33 -36 -37 -39 -42 -43 -46 -48 -50 -52 -54 -55 -57 -59 -62 -64 0
-65 -67 -69 -72 -73 -75 -78 -79 -81 -83 -84 -87 -88 -90 -93 -95 -96 -99 -100 -102 -105 -106 -109 -111 -113 -115 -117 -118 -120 -122 -125 -127 0
-128 -130 -132 -135 -136 -138 -141 -143 -145 -147 -148 -151 -152 -154 -157 -159 -160 -163 -164 -166 -169 -170 -173 -175 -177 -179 -181 -182 -184 -186 -189 -191 0
-1 -3 -5 -7 -9 -12 -14 -16 -18 -19 -21 -24 -25 -28 -30 -32 -34 -35 -38 -40 -42 -44 -45 -48 -50 -51 -54 -55 -57 -60 -62 -64 0
-65 -67 -69 -71 -73 -76 -78 -79 -81 -82 -84 -87 -88 -91 -93 -95 -97 -98 -101 -103 -105 -107 -108 -111 -113 -114 -117 -118 -120 -123 -125 -127 0
-128 -130 -132 -134 -136 -139 -141 -143 -145 -146 -148 -151 -152 -155 -157 -159 -161 -162 -165 -167 -169 -171 -172 -175 -177 -178 -181 -182 -184 -187 -189 -191 0
-2 -3 -5 -8 -10 -11 -13 -15 -18 -20 -21 -23 -26 -27 -30 -32 -33 -35 -38 -40 -41 -43 -45 -48 -50 -52 -54 -55 -58 -59 -61 -64 0
-66 -67 -69 -72 -74 -75 -77 -81 -83 -84 -86 -89 -90 -93 -95 -96 -98 -101 -103 -104 -106 -108 -111 -113 -115 -117 -118 -121 -122 -124 -127 0
-129 -130 -132 -135 -137 -138 -140 -142 -145 -147 -148 -150 -153 -154 -157 -159 -160 -162 -165 -167 -168 -170 -172 -175 -177 -179 -181 -182 -185 -186 -188 -191 0
-1 -3 -5 -8 -9 -12 -13 -16 -17 -19 -21 -23 -26 -27 -29 -32 -34 -35 -37 -40 -42 -44 -45 -47 -49 -51 -54 -56 -57 -60 -62 -64 0
-65 -67 -69 -72 -73 -76 -77 -79 -80 -82 -84 -86 -89 -90 -92 -95 -97 -98 -100 -103 -105 -107 -108 -110 -112 -114 -117 -119 -120 -123 -125 -127 0
-128 -130 -132 -135 -136 -139 -140 -143 -144 -146 -148 -150 -153 -154 -156 -159 -161 -162 -164 -167 -169 -171 -172 -174 -176 -178 -181 -183 -184 -187 -189 -191 0
-1 -4 -6 -8 -10 -12 -13 -16 -18 -20 -21 -23 -26 -28 -29 -31 -34 -36 -37 -39 -42 -44 -46 -48 -49 -52 -53 -56 -58 -59 -61 -63 0
-65 -68 -70 -72 -74 -76 -77 -79 -81 -83 -84 -86 -89 -91 -92 -94 -97 -99 -100 -102 -105 -107 -109 -111 -112 -115 -116 -119 -121 -122 -124 -126 0
-128 -131 -133 -135 -137 -139 -140 -143 -145 -147 -148 -150 -153 -155 -156 -158 -161 -163 -164 -166 -169 -171 -173 -175 -176 -179 -180 -183 -185 -186 -188 -190 0
-2 -4 -5 -8 -9 -11 -13 -16 -17 -19 -21 -24 -26 -28 -30 -32 -34 -35 -37 -39 -41 -44 -45 -48 -49 -52 -54 -56 -58 -59 -62 -63 0
-66 -68 -69 -72 -73 -75 -77 -79 -80 -82 -84 -87 -89 -91 -93 -95 -97 -98 -100 -102 -104 -107 -108 -111 -112 -115 -117 -119 -121 -122 -125 -126 0
-129 -131 -132 -135 -136 -138 -140 -143 -144 -146 -148 -151 -153 -155 -157 -159 -161 -162 -164 -166 -168 -171 -172 -175 -176 -179 -181 -183 -185 -186 -189 -190 0
-2 -3 -5 -8 -10 -12 -13 -15 -18 -20 -21 -24 -25 -27 -29 -31 -33 -35 -38 -40 -42 -43 -46 -47 -49 -51 -54 -56 -58 -59 -62 -63 0
-66 -67 -69 -72 -74 -76 -77 -81 -83 -84 -87 -88 -90 -92 -94 -96 -98 -101 -103 -105 -106 -109 -110 -112 -114 -117 -119 -121 -122 -125 -126 0
-129 -130 -132 -135 -137 -139 -140 -142 -145 -147 -148 -151 -152 -154 -156 -158 -160 -162 -165 -167 -169 -170 -173 -174 -176 -178 -181 -183 -185 -186 -189 -190 0
-1 -4 -6 -7 -9 -12 -14 -16 -17 -20 -21 -24 -25 -28 -29 -32 -33 -35 -37 -40 -42 -43 -46 -48 -49 -52 -54 -56 -57 -60 -62 -63 0
-65 -68 -70 -71 -73 -76 -78 -79 -80 -83 -84 -87 -88 -91 -92 -95 -96 -98 -100 -103 -105 -106 -109 -111 -112 -115 -117 -119 -120 -123 -125 -126 0
-128 -131 -133 -134 -136 -139 -141 -143 -144 -147 -148 -151 -152 -155 -156 -159 -160 -162 -164 -167 -169 -170 -173 -175 -176 -179 -181 -183 -184 -187 -189 -190 0
-1 -3 -6 -8 -10 -11 -13 -16 -18 -19 -21 -23 -26 -28 -29 -31 -33 -36 -37 -40 -42 -44 -46 -47 -49 -52 -53 -55 -58 -59 -62 -63 0
-65 -67 -70 -72 -74 -75 -77 -79 -81 -82 -84 -86 -89 -91 -92 -94 -96 -99 -100 -103 -105 -107 -109 -110 -112 -115 -116 -118 -121 -122 -125 -126 0
-128 -130 -133 -135 -137 -138 -140 -143 -145 -146 -148 -150 -153 -155 -156 -158 -160 -163 -164 -167 -169 -171 -173 -174 -176 -179 -180 -182 -185 -186 -189 -190 0
-1 -3 -5 -7 -9 -12 -14 -16 -17 -20 -21 -23 -26 -28 -30 -31 -33 -35 -38 -40 -41 -44 -46 -47 -50 -52 -54 -56 -58 -59 -61 -64 0
-65 -67 -69 -71 -73 -76 -78 -79 -80 -83 -84 -86 -89 -91 -93 -94 -96 -98 -101 -103 -104 -107 -109 -110 -113 -115 -117 -119 -121 -122 -124 -127 0
-128 -130 -132 -134 -136 -139 -141 -143 -144 -147 -148 -150 -153 -155 -157 -158 -160 -162 -165 -167 -168 -171 -173 -174 -177 -179 -181 -183 -185 -186 -188 -191 0
-2 -3 -6 -7 -9 -12 -14 -16 -17 -19 -22 -24 -26 -28 -29 -32 -33 -36 -37 -40 -42 -44 -45 -47 -50 -51 -53 -56 -58 -60 -62 -63 0
-66 -67 -70 -71 -73 -76 -78 -79 -80 -82 -85 -87 -89 -91 -92 -95 -96 -99 -100 -103 -105 -107 -108 -110 -113 -114 -116 -119 -121 -123 -125 -126 0
-129 -130 -133 -134 -136 -139 -141 -143 -144 -146 -149 -151 -153 -155 -156 -159 -160 -163 -164 -167 -169 -171 -172 -174 -177 -178 -180 -183 -185 -187 -189 -190 0
-2 -4 -5 -8 -10 -12 -14 -15 -17 -20 -21 -24 -25 -27 -29 -32 -33 -35 -37 -40 -42 -43 -45 -48 -49 -52 -54 -56 -58 -59 -61 -64 0
-66 -68 -69 -72 -74 -76 -78 -80 -83 -84 -87 -88 -90 -92 -95 -96 -98 -100 -103 -105 -106 -108 -111 -112 -115 -117 -119 -121 -122 -124 -127 0
-129 -131 -132 -135 -137 -139 -141 -142 -144 -147 -148 -151 -152 -154 -156 -159 -160 -162 -164 -167 -169 -170 -172 -175 -176 -179 -181 -183 -185 -186 -188 -191 0
-2 -3 -6 -8 -10 -12 -13 -15 -18 -20 -21 -23 -25 -27 -30 -32 -34 -36 -37 -40 -41 -43 -46 -47 -49 -51 -54 -56 -58 -59 -61 -64 0
-66 -67 -70 -72 -74 -76 -77 -81 -83 -84 -86 -88 -90 -93 -95 -97 -99 -100 -103 -104 -106 -109 -110 -112 -114 -117 -119 -121 -122 -124 -127 0
-129 -130 -133 -135 -137 -139 -140 -142 -145 -147 -148 -150 -152 -154 -157 -159 -161 -163 -164 -167 -168 -170 -173 -174 -176 -178 -181 -183 -185 -186 -188 -191 0
-2 -3 -6 -8 -10 -11 -14 -15 -18 -19 -22 -23 -25 -28 -30 -32 -33 -35 -37 -39 -42 -44 -45 -47 -50 -51 -54 -55 -58 -59 -61 -64 0
-66 -67 -70 -72 -74 -75 -78 -81 -82 -85 -86 -88 -91 -93 -95 -96 -98 -100 -102 -105 -107 -108 -110 -113 -114 -117 -118 -121 -122 -124 -127 0
-129 -130 -133 -135 -137 -138 -141 -142 -145 -146 -149 -150 -152 -155 -157 -159 -160 -162 -164 -166 -169 -171 -172 -174 -177 -178 -181 -182 -185 -186 -188 -191 0
-1 -3 -6 -8 -9 -11 -14 -16 -17 -20 -21 -24 -25 -28 -30 -32 -33 -35 -37 -40 -41 -44 -46 -48 -50 -51 -53 -55 -57 -60 -61 -63 0
-65 -67 -70 -72 -73 -75 -78 -79 -80 -83 -84 -87 -88 -91 -93 -95 -96 -98 -100 -103 -104 -107 -109 -111 -113 -114 -116 -118 -120 -123 -124 -126 0
-128 -130 -133 -135 -136 -138 -141 -143 -144 -147 -148 -151 -152 -155 -157 -159 -160 -162 -164 -167 -168 -171 -173 -175 -177 -178 -180 -182 -184 -187 -188 -190 0
-1 -3 -6 -7 -10 -12 -14 -15 -17 -20 -21 -23 -26 -28 -29 -32 -33 -35 -38 -39 -42 -44 -46 -47 -50 -52 -53 -55 -58 -60 -61 -64 0
-65 -67 -70 -71 -74 -76 -78 -80 -83 -84 -86 -89 -91 -92 -95 -96 -98 -101 -102 -105 -107 -109 -110 -113 -115 -116 -118 -121 -123 -124 -127 0
-128 -130 -133 -134 -137 -139 -141 -142 -144 -147 -148 -150 -153 -155 -156 -159 -160 -162 -165 -166 -169 -171 -173 -174 -177 -179 -180 -182 -185 -187 -188 -191 0
-2 -4 -6 -7 -10 -12 -13 -16 -17 -19 -22 -24 -26 -27 -29 -31 -34 -35 -38 -39 -41 -43 -45 -48 -50 -51 -54 -56 -58 -59 -61 -63 0
-66 -68 -70 -71 -74 -76 -77 -79 -80 -82 -85 -87 -89 -90 -92 -94 -97 -98 -101 -102 -104 -106 -108 -111 -113 -114 -117 -119 -121 -122 -124 -126 0
-129 -131 -133 -134 -137 -139 -140 -143 -144 -146 -149 -151 -153 -154 -156 -158 -161 -162 -165 -166 -168 -170 -172 -175 -177 -178 -181 -183 -185 -186 -188 -190 0
-2 -4 -5 -7 -9 -11 -14 -15 -18 -19 -22 -24 -25 -27 -30 -32 -33 -35 -37 -40 -42 -44 -46 -48 -49 -51 -54 -55 -58 -59 -61 -64 0
-66 -68 -69 -71 -73 -75 -78 -81 -82 -85 -87 -88 -90 -93 -95 -96 -98 -100 -103 -105 -107 -109 -111 -112 -114 -117 -118 -121 -122 -124 -127 0
-129 -131 -132 -134 -136 -138 -141 -142 -145 -146 -149 -151 -152 -154 -157 -159 -160 -162 -164 -167 -169 -171 -173 -175 -176 -178 -181 -182 -185 -186 -188 -191 0
-1 -3 -5 -8 -9 -12 -13 -15 -17 -19 -22 -23 -26 -28 -29 -32 -34 -36 -37 -39 -41 -43 -45 -47 -50 -51 -54 -56 -57 -60 -62 -63 0
-65 -67 -69 -72 -73 -76 -77 -80 -82 -85 -86 -89 -91 -92 -95 -97 -99 -100 -102 -104 -106 -108 -110 -113 -114 -117 -119 -120 -123 -125 -126 0
-128 -130 -132 -135 -136 -139 -140 -142 -144 -146 -149 -150 -153 -155 -156 -159 -161 -163 -164 -166 -168 -170 -172 -174 -177 -178 -181 -183 -184 -187 -189 -190 0
-1 -3 -6 -7 -10 -11 -13 -15 -17 -20 -21 -23 -26 -28 -29 -32 -34 -36 -38 -39 -41 -43 -45 -48 -50 -52 -54 -55 -57 -60 -62 -64 0
-65 -67 -70 -71 -74 -75 -77 -80 -83 -84 -86 -89 -91 -92 -95 -97 -99 -101 -102 -104 -106 -108 -111 -113 -115 -117 -118 -120 -123 -125 -127 0
-128 -130 -133 -134 -137 -138 -140 -142 -144 -147 -148 -150 -153 -155 -156 -159 -161 -163 -165 -166 -168 -170 -172 -175 -177 -179 -181 -182 -184 -187 -189 -191 0
-1 -4 -5 -7 -9 -12 -13 -16 -18 -19 -21 -24 -26 -27 -30 -32 -34 -35 -37 -40 -42 -44 -46 -47 -49 -52 -54 -55 -57 -60 -61 -63 0
-65 -68 -69 -71 -73 -76 -77 -79 -81 -82 -84 -87 -89 -90 -93 -95 -97 -98 -100 -103 -105 -107 -109 -110 -112 -115 -117 -118 -120 -123 -124 -126 0
-128 -131 -132 -134 -136 -139 -140 -143 -145 -146 -148 -151 -153 -154 -157 -159 -161 -162 -164 -167 -169 -171 -173 -174 -176 -179 -181 -182 -184 -187 -188 -190 0
-1 -4 -6 -7 -10 -11 -14 -16 -18 -20 -21 -24 -25 -28 -30 -31 -33 -35 -38 -39 -42 -43 -45 -48 -50 -51 -53 -56 -58 -59 -61 -63 0
-65 -68 -70 -71 -74 -75 -78 -79 -81 -83 -84 -87 -88 -91 -93 -94 -96 -98 -101 -102 -105 -106 -108 -111 -113 -114 -116 -119 -121 -122 -124 -126 0
-128 -131 -133 -134 -137 -138 -141 -143 -145 -147 -148 -151 -152 -155 -157 -158 -160 -162 -165 -166 -169 -170 -172 -175 -177 -178 -180 -183 -185 -186 -188 -190 0
-1 -4 -6 -8 -10 -12 -14 -15 -18 -19 -21 -24 -26 -27 -29 -31 -33 -36 -37 -39 -42 -43 -45 -47 -49 -51 -54 -55 -57 -59 -61 -63 0
-65 -68 -70 -72 -74 -76 -78 -81 -82 -84 -87 -89 -90 -92 -94 -96 -99 -100 -102 -105 -106 -108 -110 -112 -114 -117 -118 -120 -122 -124 -126 0
-128 -131 -133 -135 -137 -139 -141 -142 -145 -146 -148 -151 -153 -154 -156 -158 -160 -163 -164 -166 -169 -170 -172 -174 -176 -178 -181 -182 -184 -186 -188 -190 0
-2 -3 -5 -7 -10 -12 -14 -15 -18 -20 -21 -24 -26 -28 -30 -31 -33 -36 -37 -40 -42 -43 -46 -47 -49 -52 -54 -56 -58 -60 -62 -63 0
-66 -67 -69 -71 -74 -76 -78 -81 -83 -84 -87 -89 -91 -93 -94 -96 -99 -100 -103 -105 -106 -109 -110 -112 -115 -117 -119 -121 -123 -125 -126 0
-129 -130 -132 -134 -137 -139 -141 -142 -145 -147 -148 -151 -153 -155 -157 -158 -160 -163 -164 -167 -169 -170 -173 -174 -176 -179 -181 -183 -185 -187 -189 -190 0
-2 -3 -5 -8 -9 -12 -14 -15 -17 -20 -22 -23 -26 -28 -29 -31 -34 -36 -38 -39 -42 -44 -45 -48 -50 -52 -53 -55 -57 -60 -62 -63 0
-66 -67 -69 -72 -73 -76 -78 -80 -83 -85 -86 -89 -91 -92 -94 -97 -99 -101 -102 -105 -107 -108 -111 -113 -115 -116 -118 -120 -123 -125 -126 0
-129 -130 -132 -135 -136 -139 -141 -142 -144 -147 -149 -150 -153 -155 -156 -158 -161 -163 -165 -166 -169 -171 -172 -175 -177 -179 -180 -182 -184 -187 -189 -190 0
-2 -4 -6 -8 -10 -11 -13 -15 -18 -20 -21 -24 -25 -28 -30 -31 -34 -36 -37 -40 -41 -43 -46 -47 -49 -52 -54 -55 -58 -60 -62 -64 0
-66 -68 -70 -72 -74 -75 -77 -81 -83 -84 -87 -88 -91 -93 -94 -97 -99 -100 -103 -104 -106 -109 -110 -112 -115 -117 -118 -121 -123 -125 -127 0
-129 -131 -133 -135 -137 -138 -140 -142 -145 -147 -148 -151 -152 -155 -157 -158 -161 -163 -164 -167 -168 -170 -173 -174 -176 -179 -181 -182 -185 -187 -189 -191 0
-1 -3 -6 -8 -9 -12 -14 -15 -18 -19 -22 -23 -26 -27 -30 -31 -34 -35 -38 -39 -41 -43 -45 -48 -50 -51 -53 -56 -57 -60 -62 -64 0
-65 -67 -70 -72 -73 -76 -78 -81 -82 -85 -86 -89 -90 -93 -94 -97 -98 -101 -102 -104 -106 -108 -111 -113 -114 -116 -119 -120 -123 -125 -127 0
-128 -130 -133 -135 -136 -139 -141 -142 -145 -146 -149 -150 -153 -154 -157 -158 -161 -162 -165 -166 -168 -170 -172 -175 -177 -178 -180 -183 -184 -187 -189 -191 0
-2 -3 -5 -8 -9 -11 -14 -15 -17 -19 -21 -23 -25 -28 -30 -32 -33 -35 -38 -40 -42 -44 -45 -48 -49 -52 -54 -55 -58 -60 -61 -64 0
-66 -67 -69 -72 -73 -75 -78 -80 -82 -84 -86 -88 -91 -93 -95 -96 -98 -101 -103 -105 -107 -108 -111 -112 -115 -117 -118 -121 -123 -124 -127 0
-129 -130 -132 -135 -136 -138 -141 -142 -144 -146 -148 -150 -152 -155 -157 -159 -160 -162 -165 -167 -169 -171 -172 -175 -176 -179 -181 -182 -185 -187 -188 -191 0
-2 -3 -6 -8 -9 -11 -14 -15 -17 -20 -21 -24 -26 -28 -30 -32 -34 -36 -38 -40 -41 -44 -46 -47 -50 -52 -53 -55 -57 -59 -61 -64 0
-66 -67 -70 -72 -73 -75 -78 -80 -83 -84 -87 -89 -91 -93 -95 -97 -99 -101 -103 -104 -107 -109 -110 -113 -115 -116 -118 -120 -122 -124 -127 0
-129 -130 -133 -135 -136 -138 -141 -142 -144 -147 -148 -151 -153 -155 -157 -159 -161 -163 -165 -167 -168 -171 -173 -174 -177 -179 -180 -182 -184 -186 -188 -191 0
-1 -3 -5 -8 -9 -12 -13 -16 -18 -19 -21 -23 -25 -27 -30 -31 -34 -35 -37 -40 -41 -43 -46 -47 -49 -51 -54 -55 -57 -60 -61 -64 0
-65 -67 -69 -72 -73 -76 -77 -79 -81 -82 -84 -86 -88 -90 -93 -94 -97 -98 -100 -103 -104 -106 -109 -110 -112 -114 -117 -118 -120 -123 -124 -127 0
-128 -130 -132 -135 -136 -139 -140 -143 -145 -146 -148 -150 -152 -154 -157 -158 -161 -162 -164 -167 -168 -170 -173 -174 -176 -178 -181 -182 -184 -187 -188 -191 0
-2 -3 -5 -8 -9 -12 -13 -16 -17 -19 -22 -24 -25 -28 -30 -32 -33 -36 -37 -40 -42 -43 -46 -48 -50 -51 -54 -55 -57 -59 -61 -63 0
-66 -67 -69 -72 -73 -76 -77 -79 -80 -82 -85 -87 -88 -91 -93 -95 -96 -99 -100 -103 -105 -106 -109 -111 -113 -114 -117 -118 -120 -122 -124 -126 0
-129 -130 -132 -135 -136 -139 -140 -143 -144 -146 -149 -151 -152 -155 -157 -159 -160 -163 -164 -167 -169 -170 -173 -175 -177 -178 -181 -182 -184 -186 -188 -190 0
-1 -4 -6 -7 -9 -12 -14 -15 -18 -20 -22 -24 -26 -27 -29 -31 -34 -35 -37 -39 -41 -43 -46 -48 -50 -52 -53 -55 -57 -60 -62 -63 0
-65 -68 -70 -71 -73 -76 -78 -81 -83 -85 -87 -89 -90 -92 -94 -97 -98 -100 -102 -104 -106 -109 -111 -113 -115 -116 -118 -120 -123 -125 -126 0
-128 -131 -133 -134 -136 -139 -141 -142 -145 -147 -149 -151 -153 -154 -156 -158 -161 -162 -164 -166 -168 -170 -173 -175 -177 -179 -180 -182 -184 -187 -189 -190 0
-1 -3 -5 -8 -9 -11 -13 -16 -17 -20 -21 -23 -25 -28 -30 -31 -33 -36 -38 -39 -42 -44 -45 -48 -49 -51 -53 -56 -58 -60 -62 -63 0
-65 -67 -69 -72 -73 -75 -77 -79 -80 -83 -84 -86 -88 -91 -93 -94 -96 -99 -101 -102 -105 -107 -108 -111 -112 -114 -116 -119 -121 -123 -125 -126 0
-128 -130 -132 -135 -136 -138 -140 -143 -144 -147 -148 -150 -152 -155 -157 -158 -160 -163 -165 -166 -169 -171 -172 -175 -176 -178 -180 -183 -185 -187 -189 -190 0
-2 -3 -5 -8 -10 -12 -14 -15 -18 -19 -22 -24 -26 -28 -30 -31 -34 -36 -38 -39 -41 -43 -45 -47 -50 -52 -54 -55 -57 -60 -61 -63 0
-66 -67 -69 -72 -74 -76 -78 -81 -82 -85 -87 -89 -91 -93 -94 -97 -99 -101 -102 -104 -106 -108 -110 -113 -115 -117 -118 -120 -123 -124 -126 0
-129 -130 -132 -135 -137 -139 -141 -142 -145 -146 -149 -151 -153 -155 -157 -158 -161 -163 -165 -166 -168 -170 -172 -174 -177 -179 -181 -182 -184 -187 -188 -190 0
-1 -4 -6 -7 -9 -12 -14 -15 -18 -19 -22 -24 -25 -27 -30 -32 -34 -35 -38 -40 -41 -44 -46 -48 -50 -52 -54 -56 -58 -60 -62 -64 0
-65 -68 -70 -71 -73 -76 -78 -81 -82 -85 -87 -88 -90 -93 -95 -97 -98 -101 -103 -104 -107 -109 -111 -113 -115 -117 -119 -121 -123 -125 -127 0
-128 -131 -133 -134 -136 -139 -141 -142 -145 -146 -149 -151 -152 -154 -157 -159 -161 -162 -165 -167 -168 -171 -173 -175 -177 -179 -181 -183 -185 -187 -189 -191 0
-2 -3 -5 -8 -9 -12 -13 -16 -17 -20 -21 -24 -25 -28 -29 -32 -33 -36 -38 -40 -41 -44 -45 -47 -50 -51 -54 -55 -57 -60 -62 -64 0
-66 -67 -69 -72 -73 -76 -77 -79 -80 -83 -84 -87 -88 -91 -92 -95 -96 -99 -101 -103 -104 -107 -108 -110 -113 -114 -117 -118 -120 -123 -125 -127 0
-129 -130 -132 -135 -136 -139 -140 -143 -144 -147 -148 -151 -152 -155 -156 -159 -160 -163 -165 -167 -168 -171 -172 -174 -177 -178 -181 -182 -184 -187 -189 -191 0
-2 -3 -5 -8 -9 -12 -13 -15 -18 -20 -22 -24 -25 -27 -30 -31 -34 -35 -37 -40 -42 -43 -46 -48 -50 -52 -53 -55 -58 -60 -61 -63 0
-66 -67 -69 -72 -73 -76 -77 -81 -83 -85 -87 -88 -90 -93 -94 -97 -98 -100 -103 -105 -106 -109 -111 -113 -115 -116 -118 -121 -123 -124 -126 0
-129 -130 -132 -135 -136 -139 -140 -142 -145 -147 -149 -151 -152 -154 -157 -158 -161 -162 -164 -167 -169 -170 -173 -175 -177 -179 -180 -182 -185 -187 -188 -190 0
-2 -4 -5 -8 -10 -12 -13 -16 -17 -19 -21 -23 -25 -28 -30 -31 -34 -35 -38 -40 -41 -44 -45 -47 -50 -51 -54 -55 -57 -59 -61 -63 0
-66 -68 -69 -72 -74 -76 -77 -79 -80 -82 -84 -86 -88 -91 -93 -94 -97 -98 -101 -103 -104 -107 -108 -110 -113 -114 -117 -118 -120 -122 -124 -126 0
-129 -131 -132 -135 -137 -139 -140 -143 -144 -146 -148 -150 -152 -155 -157 -158 -161 -162 -165 -167 -168 -171 -172 -174 -177 -178 -181 -182 -184 -186 -188 -190 0
-1 -3 -5 -7 -10 -11 -14 -15 -17 -20 -21 -24 -26 -28 -29 -32 -33 -36 -37 -39 -41 -44 -45 -47 -49 -51 -53 -56 -57 -60 -62 -64 0
-65 -67 -69 -71 -74 -75 -78 -80 -83 -84 -87 -89 -91 -92 -95 -96 -99 -100 -102 -104 -107 -108 -110 -112 -114 -116 -119 -120 -123 -125 -127 0
-128 -130 -132 -134 -137 -138 -141 -142 -144 -147 -148 -151 -153 -155 -156 -159 -160 -163 -164 -166 -168 -171 -172 -174 -176 -178 -180 -183 -184 -187 -189 -191 0
-1 -3 -5 -7 -10 -11 -14 -16 -17 -19 -22 -23 -26 -27 -30 -31 -33 -35 -37 -39 -42 -43 -46 -47 -50 -52 -53 -55 -58 -59 -62 -63 0
-65 -67 -69 -71 -74 -75 -78 -79 -80 -82 -85 -86 -89 -90 -93 -94 -96 -98 -100 -102 -105 -106 -109 -110 -113 -115 -116 -118 -121 -122 -125 -126 0
-128 -130 -132 -134 -137 -138 -141 -143 -144 -146 -149 -150 -153 -154 -157 -158 -160 -162 -164 -166 -169 -170 -173 -174 -177 -179 -180 -182 -185 -186 -189 -190 0
-1 -3 -6 -7 -10 -12 -14 -16 -17 -19 -22 -23 -26 -28 -30 -31 -33 -35 -37 -40 -42 -43 -46 -48 -50 -52 -53 -55 -58 -60 -62 -63 0
-65 -67 -70 -71 -74 -76 -78 -79 -80 -82 -85 -86 -89 -91 -93 -94 -96 -98 -100 -103 -105 -106 -109 -111 -113 -115 -116 -118 -121 -123 -125 -126 0
-128 -130 -133 -134 -137 -139 -141 -143 -144 -146 -149 -150 -153 -155 -157 -158 -160 -162 -164 -167 -169 -170 -173 -175 -177 -179 -180 -182 -185 -187 -189 -190 0
-2 -3 -5 -7 -9 -12 -14 -15 -18 -20 -22 -24 -26 -28 -29 -31 -33 -36 -38 -39 -41 -43 -45 -48 -49 -52 -54 -56 -57 -59 -62 -64 0
-66 -67 -69 -71 -73 -76 -78 -81 -83 -85 -87 -89 -91 -92 -94 -96 -99 -101 -102 -104 -106 -108 -111 -112 -115 -117 -119 -120 -122 -125 -127 0
-129 -130 -132 -134 -136 -139 -141 -142 -145 -147 -149 -151 -153 -155 -156 -158 -160 -163 -165 -166 -168 -170 -172 -175 -176 -179 -181 -183 -184 -186 -189 -191 0
-1 -4 -5 -8 -10 -12 -13 -15 -18 -19 -22 -24 -25 -27 -30 -32 -34 -36 -37 -40 -41 -44 -45 -48 -49 -51 -54 -55 -57 -60 -61 -63 0
-65 -68 -69 -72 -74 -76 -77 -81 -82 -85 -87 -88 -90 -93 -95 -97 -99 -100 -103 -104 -107 -108 -111 -112 -114 -117 -118 -120 -123 -124 -126 0
-128 -131 -132 -135 -137 -139 -140 -142 -145 -146 -149 -151 -152 -154 -157 -159 -161 -163 -164 -167 -168 -171 -172 -175 -176 -178 -181 -182 -184 -187 -188 -190 0
-1 -4 -5 -7 -9 -12 -14 -16 -17 -20 -22 -24 -25 -27 -29 -31 -34 -36 -37 -40 -41 -44 -45 -48 -49 -51 -54 -56 -58 -59 -62 -63 0
-65 -68 -69 -71 -73 -76 -78 -79 -80 -83 -85 -87 -88 -90 -92 -94 -97 -99 -100 -103 -104 -107 -108 -111 -112 -114 -117 -119 -121 -122 -125 -126 0
-128 -131 -132 -134 -136 -139 -141 -143 -144 -147 -149 -151 -152 -154 -156 -158 -161 -163 -164 -167 -168 -171 -172 -175 -176 -178 -181 -183 -185 -186 -189 -190 0
-2 -4 -5 -8 -10 -11 -13 -16 -18 -19 -22 -24 -26 -28 -29 -32 -33 -35 -38 -40 -41 -43 -46 -48 -50 -52 -53 -55 -58 -59 -62 -64 0
-66 -68 -69 -72 -74 -75 -77 -79 -81 -82 -85 -87 -89 -91 -92 -95 -96 -98 -101 -103 -104 -106 -109 -111 -113 -115 -116 -118 -121 -122 -125 -127 0
-129 -131 -132 -135 -137 -138 -140 -143 -145 -146 -149 -151 -153 -155 -156 -159 -160 -162 -165 -167 -168 -170 -173 -175 -177 -179 -180 -182 -185 -186 -189 -191 0
-2 -3 -6 -8 -10 -12 -14 -16 -17 -20 -22 -24 -25 -28 -29 -31 -34 -36 -38 -40 -42 -43 -46 -47 -50 -51 -54 -56 -58 -60 -62 -63 0
-66 -67 -70 -72 -74 -76 -78 -79 -80 -83 -85 -87 -88 -91 -92 -94 -97 -99 -101 -103 -105 -106 -109 -110 -113 -114 -117 -119 -121 -123 -125 -126 0
-129 -130 -133 -135 -137 -139 -141 -143 -144 -147 -149 -151 -152 -155 -156 -158 -161 -163 -165 -167 -169 -170 -173 -174 -177 -178 -181 -183 -185 -187 -189 -190 0
-2 -4 -6 -7 -10 -11 -13 -15 -17 -19 -22 -24 -26 -27 -30 -32 -33 -35 -37 -40 -42 -44 -46 -47 -50 -52 -53 -56 -57 -60 -61 -64 0
-66 -68 -70 -71 -74 -75 -77 -80 -82 -85 -87 -89 -90 -93 -95 -96 -98 -100 -103 -105 -107 -109 -110 -113 -115 -116 -119 -120 -123 -124 -127 0
-129 -131 -133 -134 -137 -138 -140 -142 -144 -146 -149 -151 -153 -154 -157 -159 -160 -162 -164 -167 -169 -171 -173 -174 -177 -179 -180 -183 -184 -187 -188 -191 0
-1 -4 -6 -7 -9 -11 -14 -16 -18 -19 -21 -24 -25 -28 -30 -32 -34 -36 -37 -40 -42 -44 -45 -48 -50 -51 -53 -55 -57 -60 -62 -63 0
-65 -68 -70 -71 -73 -75 -78 -79 -81 -82 -84 -87 -88 -91 -93 -95 -97 -99 -100 -103 -105 -107 -108 -111 -113 -114 -116 -118 -120 -123 -125 -126 0
-128 -131 -133 -134 -136 -138 -141 -143 -145 -146 -148 -151 -152 -155 -157 -159 -161 -163 -164 -167 -169 -171 -172 -175 -177 -178 -180 -182 -184 -187 -189 -190 0
-1 -3 -5 -7 -10 -11 -13 -16 -17 -19 -22 -23 -25 -28 -29 -32 -34 -36 -37 -39 -42 -44 -46 -47 -50 -51 -53 -55 -57 -60 -62 -63 0
-65 -67 -69 -71 -74 -75 -77 -79 -80 -82 -85 -86 -88 -91 -92 -95 -97 -99 -100 -102 -105 -107 -109 -110 -113 -114 -116 -118 -120 -123 -125 -126 0
-128 -130 -132 -134 -137 -138 -140 -143 -144 -146 -149 -150 -152 -155 -156 -159 -161 -163 -164 -166 -169 -171 -173 -174 -177 -178 -180 -182 -184 -187 -189 -190 0
-1 -4 -5 -8 -10 -11 -14 -16 -18 -20 -22 -23 -26 -28 -29 -32 -34 -35 -37 -39 -41 -43 -45 -47 -49 -51 -54 -55 -57 -59 -62 -63 0
-65 -68 -69 -72 -74 -75 -78 -79 -81 -83 -85 -86 -89 -91 -92 -95 -97 -98 -100 -102 -104 -106 -108 -110 -112 -114 -117 -118 -120 -122 -125 -126 0
-128 -131 -132 -135 -137 -138 -141 -143 -145 -147 -149 -150 -153 -155 -156 -159 -161 -162 -164 -166 -168 -170 -172 -174 -176 -178 -181 -182 -184 -186 -189 -190 0
-2 -4 -5 -7 -9 -11 -13 -16 -18 -20 -21 -23 -26 -27 -29 -32 -34 -35 -37 -39 -41 -43 -46 -48 -49 -51 -54 -56 -57 -59 -61 -63 0
-66 -68 -69 -71 -73 -75 -77 -79 -81 -83 -84 -86 -89 -90 -92 -95 -97 -98 -100 -102 -104 -106 -109 -111 -112 -114 -117 -119 -120 -122 -124 -126 0
-129 -131 -132 -134 -136 -138 -140 -143 -145 -147 -148 -150 -153 -154 -156 -159 -161 -162 -164 -166 -168 -170 -173 -175 -176 -178 -181 -183 -184 -186 -188 -190 0
-2 -3 -6 -8 -9 -11 -13 -15 -18 -20 -21 -23 -25 -28 -30 -32 -34 -36 -37 -40 -42 -44 -46 -48 -49 -51 -53 -56 -58 -59 -61 -63 0
-66 -67 -70 -72 -73 -75 -77 -81 -83 -84 -86 -88 -91 -93 -95 -97 -99 -100 -103 -105 -107 -109 -111 -112 -114 -116 -119 -121 -122 -124 -126 0
-129 -130 -133 -135 -136 -138 -140 -142 -145 -147 -148 -150 -152 -155 -157 -159 -161 -163 -164 -167 -169 -171 -173 -175 -176 -178 -180 -183 -185 -186 -188 -190 0
-2 -3 -6 -8 -10 -12 -13 -16 -17 -20 -21 -24 -26 -27 -29 -31 -33 -35 -37 -40 -42 -43 -46 -47 -50 -52 -54 -56 -58 -60 -62 -63 0
-66 -67 -70 -72 -74 -76 -77 -79 -80 -83 -84 -87 -89 -90 -92 -94 -96 -98 -100 -103 -105 -106 -109 -110 -113 -115 -117 -119 -121 -123 -125 -126 0
-129 -130 -133 -135 -137 -139 -140 -143 -144 -147 -148 -151 -153 -154 -156 -158 -160 -162 -164 -167 -169 -170 -173 -174 -177 -179 -181 -183 -185 -187 -189 -190 0
-1 -4 -5 -8 -9 -12 -14 -16 -17 -19 -22 -24 -26 -27 -29 -31 -34 -36 -37 -39 -42 -44 -46 -47 -50 -51 -54 -55 -58 -59 -61 -63 0
-65 -68 -69 -72 -73 -76 -78 -79 -80 -82 -85 -87 -89 -90 -92 -94 -97 -99 -100 -102 -105 -107 -109 -110 -113 -114 -117 -118 -121 -122 -124 -126 0
-128 -131 -132 -135 -136 -139 -141 -143 -144 -146 -149 -151 -153 -154 -156 -158 -161 -163 -164 -166 -169 -171 -173 -174 -177 -178 -181 -182 -185 -186 -188 -190 0
-2 -3 -6 -7 -10 -12 -14 -16 -17 -20 -21 -24 -25 -28 -29 -31 -33 -35 -37 -40 -42 -44 -45 -48 -49 -52 -54 -55 -57 -60 -62 -64 0
-66 -67 -70 -71 -74 -76 -78 -79 -80 -83 -84 -87 -88 -91 -92 -94 -96 -98 -100 -103 -105 -107 -108 -111 -112 -115 -117 -118 -120 -123 -125 -127 0
-129 -130 -133 -134 -137 -139 -141 -143 -144 -147 -148 -151 -152 -155 -156 -158 -160 -162 -164 -167 -169 -171 -172 -175 -176 -179 -181 -182 -184 -187 -189 -191 0
-2 -3 -5 -8 -9 -11 -13 -15 -18 -19 -21 -23 -26 -27 -29 -32 -34 -36 -38 -40 -42 -44 -46 -47 -50 -51 -53 -56 -58 -59 -61 -63 0
-66 -67 -69 -72 -73 -75 -77 -81 -82 -84 -86 -89 -90 -92 -95 -97 -99 -101 -103 -105 -107 -109 -110 -113 -114 -116 -119 -121 -122 -124 -126 0
-129 -130 -132 -135 -136 -138 -140 -142 -145 -146 -148 -150 -153 -154 -156 -159 -161 -163 -165 -167 -169 -171 -173 -174 -177 -178 -180 -183 -185 -186 -188 -190 0
-1 -3 -6 -8 -9 -11 -14 -16 -18 -19 -21 -24 -26 -28 -29 -31 -33 -35 -38 -40 -42 -44 -46 -47 -49 -51 -53 -55 -58 -59 -61 -63 0
-65 -67 -70 -72 -73 -75 -78 -79 -81 -82 -84 -87 -89 -91 -92 -94 -96 -98 -101 -103 -105 -107 -109 -110 -112 -114 -116 -118 -121 -122 -124 -126 0
-128 -130 -133 -135 -136 -138 -141 -143 -145 -146 -148 -151 -153 -155 -156 -158 -160 -162 -165 -167 -169 -171 -173 -174 -176 -178 -180 -182 -185 -186 -188 -190 0
-2 -4 -5 -8 -9 -11 -13 -16 -17 -19 -22 -23 -26 -28 -30 -31 -34 -35 -38 -40 -42 -44 -45 -47 -49 -51 -53 -56 -58 -60 -61 -63 0
-66 -68 -69 -72 -73 -75 -77 -79 -80 -82 -85 -86 -89 -91 -93 -94 -97 -98 -101 -103 -105 -107 -108 -110 -112 -114 -116 -119 -121 -123 -124 -126 0
-129 -131 -132 -135 -136 -138 -140 -143 -144 -146 -149 -150 -153 -155 -157 -158 -161 -162 -165 -167 -169 -171 -172 -174 -176 -178 -180 -183 -185 -187 -188 -190 0
-2 -3 -5 -7 -10 -11 -14 -16 -18 -20 -22 -23 -26 -27 -30 -32 -34 -36 -38 -39 -41 -44 -45 -48 -49 -52 -53 -55 -58 -60 -62 -63 0
-66 -67 -69 -71 -74 -75 -78 -79 -81 -83 -85 -86 -89 -90 -93 -95 -97 -99 -101 -102 -104 -107 -108 -111 -112 -115 -116 -118 -121 -123 -125 -126 0
-129 -130 -132 -134 -137 -138 -141 -143 -145 -147 -149 -150 -153 -154 -157 -159 -161 -163 -165 -166 -168 -171 -172 -175 -176 -179 -180 -182 -185 -187 -189 -190 0
-2 -3 -6 -7 -10 -12 -14 -15 -17 -19 -21 -23 -25 -27 -29 -32 -34 -35 -37 -40 -41 -44 -46 -47 -49 -52 -53 -55 -58 -59 -61 -63 0
-66 -67 -70 -71 -74 -76 -78 -80 -82 -84 -86 -88 -90 -92 -95 -97 -98 -100 -103 -104 -107 -109 -110 -112 -115 -116 -118 -121 -122 -124 -126 0
-129 -130 -133 -134 -137 -139 -141 -142 -144 -146 -148 -150 -152 -154 -156 -159 -161 -162 -164 -167 -168 -171 -173 -174 -176 -179 -180 -182 -185 -186 -188 -190 0
-2 -4 -6 -8 -9 -12 -14 -15 -18 -19 -22 -23 -25 -28 -29 -31 -34 -35 -38 -40 -42 -43 -46 -48 -50 -52 -53 -55 -57 -59 -61 -64 0
-66 -68 -70 -72 -73 -76 -78 -81 -82 -85 -86 -88 -91 -92 -94 -97 -98 -101 -103 -105 -106 -109 -111 -113 -115 -116 -118 -120 -122 -124 -127 0
-129 -131 -133 -135 -136 -139 -141 -142 -145 -146 -149 -150 -152 -155 -156 -158 -161 -162 -165 -167 -169 -170 -173 -175 -177 -179 -180 -182 -184 -186 -188 -191 0
-1 -4 -6 -8 -10 -11 -13 -16 -17 -20 -22 -24 -25 -27 -29 -32 -34 -35 -38 -39 -42 -44 -45 -47 -50 -52 -54 -55 -57 -59 -61 -63 0
-65 -68 -70 -72 -74 -75 -77 -79 -80 -83 -85 -87 -88 -90 -92 -95 -97 -98 -101 -102 -105 -107 -108 -110 -113 -115 -117 -118 -120 -122 -124 -126 0
-128 -131 -133 -135 -137 -138 -140 -143 -144 -147 -149 -151 -152 -154 -156 -159 -161 -162 -165 -166 -169 -171 -172 -174 -177 -179 -181 -182 -184 -186 -188 -190 0
-1 -3 -5 -8 -9 -12 -14 -16 -18 -19 -22 -24 -26 -27 -29 -31 -34 -35 -38 -39 -42 -44 -45 -47 -49 -52 -53 -55 -57 -59 -61 -63 0
-65 -67 -69 -72 -73 -76 -78 -79 -81 -82 -85 -87 -89 -90 -92 -94 -97 -98 -101 -102 -105 -107 -108 -110 -112 -115 -116 -118 -120 -122 -124 -126 0
-128 -130 -132 -135 -136 -139 -141 -143 -145 -146 -149 -151 -153 -154 -156 -158 -161 -162 -165 -166 -169 -171 -172 -174 -176 -179 -180 -182 -184 -186 -188 -190 0
-2 -3 -6 -8 -9 -11 -14 -16 -17 -19 -22 -24 -25 -28 -29 -32 -33 -35 -37 -40 -41 -44 -45 -47 -49 -52 -54 -55 -57 -60 -62 -63 0
-66 -67 -70 -72 -73 -75 -78 -79 -80 -82 -85 -87 -88 -91 -92 -95 -96 -98 -100 -103 -104 -107 -108 -110 -112 -115 -117 -118 -120 -123 -125 -126 0
-129 -130 -133 -135 -136 -138 -141 -143 -144 -146 -149 -151 -152 -155 -156 -159 -160 -162 -164 -167 -168 -171 -172 -174 -176 -179 -181 -182 -184 -187 -189 -190 0
-1 -3 -5 -8 -10 -12 -13 -16 -18 -19 -22 -23 -26 -27 -29 -31 -33 -36 -38 -40 -41 -43 -46 -48 -50 -52 -54 -55 -57 -59 -62 -64 0
-65 -67 -69 -72 -74 -76 -77 -79 -81 -82 -85 -86 -89 -90 -92 -94 -96 -99 -101 -103 -104 -106 -109 -111 -113 -115 -117 -118 -120 -122 -125 -127 0
-128 -130 -132 -135 -137 -139 -140 -143 -145 -146 -149 -150 -153 -154 -156 -158 -160 -163 -165 -167 -168 -170 -173 -175 -177 -179 -181 -182 -184 -186 -189 -191 0
-1 -4 -5 -7 -9 -11 -14 -15 -17 -20 -21 -24 -25 -27 -29 -31 -34 -36 -37 -39 -42 -43 -45 -48 -49 -51 -53 -55 -57 -60 -62 -63 0
-65 -68 -69 -71 -73 -75 -78 -80 -83 -84 -87 -88 -90 -92 -94 -97 -99 -100 -102 -105 -106 -108 -111 -112 -114 -116 -118 -120 -123 -125 -126 0
-128 -131 -132 -134 -136 -138 -141 -142 -144 -147 -148 -151 -152 -154 -156 -158 -161 -163 -164 -166 -169 -170 -172 -175 -176 -178 -180 -182 -184 -187 -189 -190 0
-1 -3 -5 -7 -9 -12 -14 -15 -17 -19 -22 -24 -25 -28 -29 -31 -33 -35 -38 -40 -42 -43 -46 -48 -50 -52 -54 -55 -58 -59 -61 -64 0
-65 -67 -69 -71 -73 -76 -78 -80 -82 -85 -87 -88 -91 -92 -94 -96 -98 -101 -103 -105 -106 -109 -111 -113 -115 -117 -118 -121 -122 -124 -127 0
-128 -130 -132 -134 -136 -139 -141 -142 -144 -146 -149 -151 -152 -155 -156 -158 -160 -162 -165 -167 -169 -170 -173 -175 -177 -179 -181 -182 -185 -186 -188 -191 0
-1 -3 -6 -8 -9 -12 -13 -15 -18 -19 -22 -23 -26 -27 -30 -31 -34 -35 -38 -40 -42 -44 -45 -48 -50 -51 -53 -56 -58 -60 -61 -63 0
-65 -67 -70 -72 -73 -76 -77 -81 -82 -85 -86 -89 -90 -93 -94 -97 -98 -101 -103 -105 -107 -108 -111 -113 -114 -116 -119 -121 -123 -124 -126 0
-128 -130 -133 -135 -136 -139 -140 -142 -145 -146 -149 -150 -153 -154 -157 -158 -161 -162 -165 -167 -169 -171 -172 -175 -177 -178 -180 -183 -185 -187 -188 -190 0
-1 -4 -6 -7 -9 -11 -13 -15 -17 -19 -22 -24 -25 -28 -30 -32 -34 -36 -37 -40 -42 -44 -46 -48 -50 -51 -53 -55 -57 -60 -62 -63 0
-65 -68 -70 -71 -73 -75 -77 -80 -82 -85 -87 -88 -91 -93 -95 -97 -99 -100 -103 -105 -107 -109 -111 -113 -114 -116 -118 -120 -123 -125 -126 0
-128 -131 -133 -134 -136 -138 -140 -142 -144 -146 -149 -151 -152 -155 -157 -159 -161 -163 -164 -167 -169 -171 -173 -175 -177 -178 -180 -182 -184 -187 -189 -190 0
-2 -4 -5 -8 -9 -12 -14 -15 -17 -19 -22 -23 -25 -27 -29 -32 -34 -35 -38 -40 -41 -44 -46 -47 -50 -52 -53 -55 -58 -60 -61 -63 0
-66 -68 -69 -72 -73 -76 -78 -80 -82 -85 -86 -88 -90 -92 -95 -97 -98 -101 -103 -104 -107 -109 -110 -113 -115 -116 -118 -121 -123 -124 -126 0
-129 -131 -132 -135 -136 -139 -141 -142 -144 -146 -149 -150 -152 -154 -156 -159 -161 -162 -165 -167 -168 -171 -173 -174 -177 -179 -180 -182 -185 -187 -188 -190 0
-2 -3 -5 -7 -9 -11 -13 -15 -18 -20 -21 -24 -26 -27 -29 -32 -33 -35 -37 -39 -41 -43 -46 -48 -49 -51 -54 -56 -58 -59 -61 -63 0
-66 -67 -69 -71 -73 -75 -77 -81 -83 -84 -87 -89 -90 -92 -95 -96 -98 -100 -102 -104 -106 -109 -111 -112 -114 -117 -119 -121 -122 -124 -126 0
-129 -130 -132 -134 -136 -138 -140 -142 -145 -147 -148 -151 -153 -154 -156 -159 -160 -162 -164 -166 -168 -170 -173 -175 -176 -178 -181 -183 -185 -186 -188 -190 0
-2 -3 -6 -7 -9 -12 -14 -16 -17 -20 -22 -24 -26 -28 -29 -31 -34 -36 -38 -39 -42 -44 -45 -47 -49 -51 -53 -56 -58 -59 -61 -63 0
-66 -67 -70 -71 -73 -76 -78 -79 -80 -83 -85 -87 -89 -91 -92 -94 -97 -99 -101 -102 -105 -107 -108 -110 -112 -114 -116 -119 -121 -122 -124 -126 0
-129 -130 -133 -134 -136 -139 -141 -143 -144 -147 -149 -151 -153 -155 -156 -158 -161 -163 -165 -166 -169 -171 -172 -174 -176 -178 -180 -183 -185 -186 -188 -190 0
-1 -3 -6 -7 -10 -11 -14 -15 -17 -19 -22 -23 -26 -28 -29 -32 -33 -36 -37 -39 -41 -44 -46 -47 -50 -51 -53 -56 -58 -60 -61 -64 0
-65 -67 -70 -71 -74 -75 -78 -80 -82 -85 -86 -89 -91 -92 -95 -96 -99 -100 -102 -104 -107 -109 -110 -113 -114 -116 -119 -121 -123 -124 -127 0
-128 -130 -133 -134 -137 -138 -141 -142 -144 -146 -149 -150 -153 -155 -156 -159 -160 -163 -164 -166 -168 -171 -173 -174 -177 -178 -180 -183 -185 -187 -188 -191 0
-2 -3 -6 -7 -10 -11 -13 -16 -18 -19 -21 -24 -26 -28 -30 -32 -33 -35 -38 -40 -42 -44 -46 -47 -49 -51 -54 -55 -58 -60 -62 -63 0
-66 -67 -70 -71 -74 -75 -77 -79 -81 -82 -84 -87 -89 -91 -93 -95 -96 -98 -101 -103 -105 -107 -109 -110 -112 -114 -117 -118 -121 -123 -125 -126 0
-129 -130 -133 -134 -137 -138 -140 -143 -145 -146 -148 -151 -153 -155 -157 -159 -160 -162 -165 -167 -169 -171 -173 -174 -176 -178 -181 -182 -185 -187 -189 -190 0
-2 -3 -6 -8 -9 -11 -14 -15 -18 -19 -22 -24 -26 -28 -30 -31 -34 -36 -37 -40 -41 -43 -46 -48 -50 -52 -54 -56 -58 -60 -61 -64 0
-66 -67 -70 -72 -73 -75 -78 -81 -82 -85 -87 -89 -91 -93 -94 -97 -99 -100 -103 -104 -106 -109 -111 -113 -115 -117 -119 -121 -123 -124 -127 0
-129 -130 -133 -135 -136 -138 -141 -142 -145 -146 -149 -151 -153 -155 -157 -158 -161 -163 -164 -167 -168 -170 -173 -175 -177 -179 -181 -183 -185 -187 -188 -191 0
-2 -4 -5 -7 -9 -12 -14 -15 -18 -19 -21 -23 -25 -27 -30 -31 -33 -36 -37 -39 -41 -44 -45 -47 -50 -52 -53 -56 -57 -60 -61 -63 0
-66 -68 -69 -71 -73 -76 -78 -81 -82 -84 -86 -88 -90 -93 -94 -96 -99 -100 -102 -104 -107 -108 -110 -113 -115 -116 -119 -120 -123 -124 -126 0
-129 -131 -132 -134 -136 -139 -141 -142 -145 -146 -148 -150 -152 -154 -157 -158 -160 -163 -164 -166 -168 -171 -172 -174 -177 -179 -180 -183 -184 -187 -188 -190 0
1 -192 0
4 -192 0
5 -192 0
7 -192 0
9 -192 0
11 -192 0
13 -192 0
16 -192 0
17 -192 0
20 -192 0
21 -192 0
23 -192 0
26 -192 0
27 -192 0
29 -192 0
32 -192 0
34 -192 0
35 -192 0
38 -192 0
39 -192 0
42 -192 0
44 -192 0
46 -192 0
47 -192 0
49 -192 0
52 -192 0
54 -192 0
56 -192 0
57 -192 0
60 -192 0
61 -192 0
64 -192 0
65 -193 0
68 -193 0
69 -193 0
71 -193 0
73 -193 0
75 -193 0
77 -193 0
79 -193 0
80 -193 0
83 -193 0
84 -193 0
86 -193 0
89 -193 0
90 -193 0
92 -193 0
95 -193 0
97 -193 0
98 -193 0
101 -193 0
102 -193 0
105 -193 0
107 -193 0
109 -193 0
110 -193 0
112 -193 0
115 -193 0
117 -193 0
119 -193 0
120 -193 0
123 -193 0
124 -193 0
127 -193 0
128 -194 0
131 -194 0
132 -194 0
134 -194 0
136 -194 0
138 -194 0
140 -194 0
143 -194 0
144 -194 0
147 -194 0
148 -194 0
150 -194 0
153 -194 0
154 -194 0
156 -194 0
159 -194 0
161 -194 0
162 -194 0
165 -194 0
166 -194 0
169 -194 0
171 -194 0
173 -194 0
174 -194 0
176 -194 0
179 -194 0
181 -194 0
183 -194 0
184 -194 0
187 -194 0
188 -194 0
191 -194 0
1 -195 0
4 -195 0
5 -195 0
8 -195 0
10 -195 0
12 -195 0
13 -195 0
15 -195 0
18 -195 0
19 -195 0
22 -195 0
23 -195 0
26 -195 0
27 -195 0
30 -195 0
31 -195 0
34 -195 0
36 -195 0
38 -195 0
39 -195 0
41 -195 0
44 -195 0
45 -195 0
48 -195 0
50 -195 0
51 -195 0
53 -195 0
56 -195 0
57 -195 0
60 -195 0
61 -195 0
64 -195 0
65 -196 0
68 -196 0
69 -196 0
72 -196 0
74 -196 0
76 -196 0
77 -196 0
81 -196 0
82 -196 0
85 -196 0
86 -196 0
89 -196 0
90 -196 0
93 -196 0
94 -196 0
97 -196 0
99 -196 0
101 -196 0
102 -196 0
104 -196 0
107 -196 0
108 -196 0
111 -196 0
113 -196 0
114 -196 0
116 -196 0
119 -196 0
120 -196 0
123 -196 0
124 -196 0
127 -196 0
128 -197 0
131 -197 0
132 -197 0
135 -197 0
137 -197 0
139 -197 0
140 -197 0
142 -197 0
145 -197 0
146 -197 0
149 -197 0
150 -197 0
153 -197 0
154 -197 0
157 -197 0
158 -197 0
161 -197 0
163 -197 0
165 -197 0
166 -197 0
168 -197 0
171 -197 0
172 -197 0
175 -197 0
177 -197 0
178 -197 0
180 -197 0
183 -197 0
184 -197 0
187 -197 0
188 -197 0
191 -197 0
2 -198 0
4 -198 0
5 -198 0
8 -198 0
9 -198 0
11 -198 0
14 -198 0
16 -198 0
17 -198 0
19 -198 0
21 -198 0
23 -198 0
26 -198 0
28 -198 0
29 -198 0
32 -198 0
34 -198 0
35 -198 0
38 -198 0
39 -198 0
41 -198 0
44 -198 0
45 -198 0
48 -198 0
50 -198 0
52 -198 0
53 -198 0
56 -198 0
57 -198 0
60 -198 0
62 -198 0
64 -198 0
66 -199 0
68 -199 0
69 -199 0
72 -199 0
73 -199 0
75 -199 0
78 -199 0
79 -199 0
80 -199 0
82 -199 0
84 -199 0
86 -199 0
89 -199 0
91 -199 0
92 -199 0
95 -199 0
97 -199 0
98 -199 0
101 -199 0
102 -199 0
104 -199 0
107 -199 0
108 -199 0
111 -199 0
113 -199 0
115 -199 0
116 -199 0
119 -199 0
120 -199 0
123 -199 0
125 -199 0
127 -199 0
129 -200 0
131 -200 0
132 -200 0
135 -200 0
136 -200 0
138 -200 0
141 -200 0
143 -200 0
144 -200 0
146 -200 0
148 -200 0
150 -200 0
153 -200 0
155 -200 0
156 -200 0
159 -200 0
161 -200 0
162 -200 0
165 -200 0
166 -200 0
168 -200 0
171 -200 0
172 -200 0
175 -200 0
177 -200 0
179 -200 0
180 -200 0
183 -200 0
184 -200 0
187 -200 0
189 -200 0
191 -200 0
2 -201 0
4 -201 0
6 -201 0
7 -201 0
10 -201 0
11 -201 0
13 -201 0
15 -201 0
17 -201 0
19 -201 0
22 -201 0
24 -201 0
26 -201 0
27 -201 0
30 -201 0
31 -201 0
34 -201 0
36 -201 0
37 -201 0
39 -201 0
42 -201 0
44 -201 0
45 -201 0
47 -201 0
49 -201 0
52 -201 0
54 -201 0
55 -201 0
58 -201 0
59 -201 0
61 -201 0
64 -201 0
66 -202 0
68 -202 0
70 -202 0
71 -202 0
74 -202 0
75 -202 0
77 -202 0
80 -202 0
82 -202 0
85 -202 0
87 -202 0
89 -202 0
90 -202 0
93 -202 0
94 -202 0
97 -202 0
99 -202 0
100 -202 0
102 -202 0
105 -202 0
107 -202 0
108 -202 0
110 -202 0
112 -202 0
115 -202 0
117 -202 0
118 -202 0
121 -202 0
122 -202 0
124 -202 0
127 -202 0
129 -203 0
131 -203 0
133 -203 0
134 -203 0
137 -203 0
138 -203 0
140 -203 0
142 -203 0
144 -203 0
146 -203 0
149 -203 0
151 -203 0
153 -203 0
154 -203 0
157 -203 0
158 -203 0
161 -203 0
163 -203 0
164 -203 0
166 -203 0
169 -203 0
171 -203 0
172 -203 0
174 -203 0
176 -203 0
179 -203 0
181 -203 0
182 -203 0
185 -203 0
186 -203 0
188 -203 0
191 -203 0
2 -204 0
4 -204 0
5 -204 0
8 -204 0
10 -204 0
11 -204 0
14 -204 0
15 -204 0
17 -204 0
20 -204 0
21 -204 0
23 -204 0
26 -204 0
28 -204 0
30 -204 0
32 -204 0
33 -204 0
36 -204 0
37 -204 0
39 -204 0
42 -204 0
43 -204 0
46 -204 0
48 -204 0
49 -204 0
51 -204 0
54 -204 0
55 -204 0
57 -204 0
60 -204 0
61 -204 0
64 -204 0
66 -205 0
68 -205 0
69 -205 0
72 -205 0
74 -205 0
75 -205 0
78 -205 0
80 -205 0
83 -205 0
84 -205 0
86 -205 0
89 -205 0
91 -205 0
93 -205 0
95 -205 0
96 -205 0
99 -205 0
100 -205 0
102 -205 0
105 -205 0
106 -205 0
109 -205 0
111 -205 0
112 -205 0
114 -205 0
117 -205 0
118 -205 0
120 -205 0
123 -205 0
124 -205 0
127 -205 0
129 -206 0
131 -206 0
132 -206 0
135 -206 0
137 -206 0
138 -206 0
141 -206 0
142 -206 0
144 -206 0
147 -206 0
148 -206 0
150 -206 0
153 -206 0
155 -206 0
157 -206 0
159 -206 0
160 -206 0
163 -206 0
164 -206 0
166 -206 0
169 -206 0
170 -206 0
173 -206 0
175 -206 0
176 -206 0
178 -206 0
181 -206 0
182 -206 0
184 -206 0
187 -206 0
188 -206 0
191 -206 0
1 -207 0
4 -207 0
6 -207 0
8 -207 0
9 -207 0
11 -207 0
13 -207 0
15 -207 0
18 -207 0
19 -207 0
21 -207 0
24 -207 0
26 -207 0
28 -207 0
29 -207 0
32 -207 0
33 -207 0
35 -207 0
38 -207 0
39 -207 0
41 -207 0
43 -207 0
46 -207 0
47 -207 0
50 -207 0
52 -207 0
53 -207 0
55 -207 0
57 -207 0
60 -207 0
61 -207 0
64 -207 0
65 -208 0
68 -208 0
70 -208 0
72 -208 0
73 -208 0
75 -208 0
77 -208 0
81 -208 0
82 -208 0
84 -208 0
87 -208 0
89 -208 0
91 -208 0
92 -208 0
95 -208 0
96 -208 0
98 -208 0
101 -208 0
102 -208 0
104 -208 0
106 -208 0
109 -208 0
110 -208 0
113 -208 0
115 -208 0
116 -208 0
118 -208 0
120 -208 0
123 -208 0
124 -208 0
127 -208 0
128 -209 0
131 -209 0
133 -209 0
135 -209 0
136 -209 0
138 -209 0
140 -209 0
142 -209 0
145 -209 0
146 -209 0
148 -209 0
151 -209 0
153 -209 0
155 -209 0
156 -209 0
159 -209 0
160 -209 0
162 -209 0
165 -209 0
166 -209 0
168 -209 0
170 -209 0
173 -209 0
174 -209 0
177 -209 0
179 -209 0
180 -209 0
182 -209 0
184 -209 0
187 -209 0
188 -209 0
191 -209 0
1 -210 0
4 -210 0
6 -210 0
7 -210 0
10 -210 0
11 -210 0
13 -210 0
15 -210 0
17 -210 0
19 -210 0
21 -210 0
23 -210 0
26 -210 0
28 -210 0
30 -210 0
31 -210 0
33 -210 0
36 -210 0
38 -210 0
40 -210 0
41 -210 0
43 -210 0
46 -210 0
47 -210 0
49 -210 0
52 -210 0
54 -210 0
55 -210 0
57 -210 0
59 -210 0
62 -210 0
63 -210 0
65 -211 0
68 -211 0
70 -211 0
71 -211 0
74 -211 0
75 -211 0
77 -211 0
80 -211 0
82 -211 0
84 -211 0
86 -211 0
89 -211 0
91 -211 0
93 -211 0
94 -211 0
96 -211 0
99 -211 0
101 -211 0
103 -211 0
104 -211 0
106 -211 0
109 -211 0
110 -211 0
112 -211 0
115 -211 0
117 -211 0
118 -211 0
120 -211 0
122 -211 0
125 -211 0
126 -211 0
128 -212 0
131 -212 0
133 -212 0
134 -212 0
137 -212 0
138 -212 0
140 -212 0
142 -212 0
144 -212 0
146 -212 0
148 -212 0
150 -212 0
153 -212 0
155 -212 0
157 -212 0
158 -212 0
160 -212 0
163 -212 0
165 -212 0
167 -212 0
168 -212 0
170 -212 0
173 -212 0
174 -212 0
176 -212 0
179 -212 0
181 -212 0
182 -212 0
184 -212 0
186 -212 0
189 -212 0
190 -212 0
2 -213 0
4 -213 0
6 -213 0
7 -213 0
10 -213 0
12 -213 0
14 -213 0
15 -213 0
18 -213 0
20 -213 0
21 -213 0
24 -213 0
25 -213 0
28 -213 0
30 -213 0
31 -213 0
33 -213 0
36 -213 0
38 -213 0
40 -213 0
42 -213 0
44 -213 0
45 -213 0
47 -213 0
50 -213 0
52 -213 0
54 -213 0
56 -213 0
57 -213 0
59 -213 0
62 -213 0
63 -213 0
66 -214 0
68 -214 0
70 -214 0
71 -214 0
74 -214 0
76 -214 0
78 -214 0
81 -214 0
83 -214 0
84 -214 0
87 -214 0
88 -214 0
91 -214 0
93 -214 0
94 -214 0
96 -214 0
99 -214 0
101 -214 0
103 -214 0
105 -214 0
107 -214 0
108 -214 0
110 -214 0
113 -214 0
115 -214 0
117 -214 0
119 -214 0
120 -214 0
122 -214 0
125 -214 0
126 -214 0
129 -215 0
131 -215 0
133 -215 0
134 -215 0
137 -215 0
139 -215 0
141 -215 0
142 -215 0
145 -215 0
147 -215 0
148 -215 0
151 -215 0
152 -215 0
155 -215 0
157 -215 0
158 -215 0
160 -215 0
163 -215 0
165 -215 0
167 -215 0
169 -215 0
171 -215 0
172 -215 0
174 -215 0
177 -215 0
179 -215 0
181 -215 0
183 -215 0
184 -215 0
186 -215 0
189 -215 0
190 -215 0
2 -216 0
4 -216 0
6 -216 0
7 -216 0
10 -216 0
11 -216 0
14 -216 0
15 -216 0
17 -216 0
19 -216 0
22 -216 0
23 -216 0
25 -216 0
27 -216 0
29 -216 0
32 -216 0
34 -216 0
35 -216 0
38 -216 0
39 -216 0
41 -216 0
44 -216 0
46 -216 0
48 -216 0
49 -216 0
52 -216 0
54 -216 0
56 -216 0
58 -216 0
59 -216 0
62 -216 0
64 -216 0
66 -217 0
68 -217 0
70 -217 0
71 -217 0
74 -217 0
75 -217 0
78 -217 0
80 -217 0
82 -217 0
85 -217 0
86 -217 0
88 -217 0
90 -217 0
92 -217 0
95 -217 0
97 -217 0
98 -217 0
101 -217 0
102 -217 0
104 -217 0
107 -217 0
109 -217 0
111 -217 0
112 -217 0
115 -217 0
117 -217 0
119 -217 0
121 -217 0
122 -217 0
125 -217 0
127 -217 0
129 -218 0
131 -218 0
133 -218 0
134 -218 0
137 -218 0
138 -218 0
141 -218 0
142 -218 0
144 -218 0
146 -218 0
149 -218 0
150 -218 0
152 -218 0
154 -218 0
156 -218 0
159 -218 0
161 -218 0
162 -218 0
165 -218 0
166 -218 0
168 -218 0
171 -218 0
173 -218 0
175 -218 0
176 -218 0
179 -218 0
181 -218 0
183 -218 0
185 -218 0
186 -218 0
189 -218 0
191 -218 0
1 -219 0
4 -219 0
5 -219 0
8 -219 0
9 -219 0
11 -219 0
14 -219 0
16 -219 0
18 -219 0
20 -219 0
21 -219 0
24 -219 0
25 -219 0
27 -219 0
30 -219 0
31 -219 0
34 -219 0
35 -219 0
38 -219 0
39 -219 0
41 -219 0
43 -219 0
46 -219 0
47 -219 0
49 -219 0
51 -219 0
53 -219 0
55 -219 0
57 -219 0
60 -219 0
61 -219 0
64 -219 0
65 -220 0
68 -220 0
69 -220 0
72 -220 0
73 -220 0
75 -220 0
78 -220 0
79 -220 0
81 -220 0
83 -220 0
84 -220 0
87 -220 0
88 -220 0
90 -220 0
93 -220 0
94 -220 0
97 -220 0
98 -220 0
101 -220 0
102 -220 0
104 -220 0
106 -220 0
109 -220 0
110 -220 0
112 -220 0
114 -220 0
116 -220 0
118 -220 0
120 -220 0
123 -220 0
124 -220 0
127 -220 0
128 -221 0
131 -221 0
132 -221 0
135 -221 0
136 -221 0
138 -221 0
141 -221 0
143 -221 0
145 -221 0
147 -221 0
148 -221 0
151 -221 0
152 -221 0
154 -221 0
157 -221 0
158 -221 0
161 -221 0
162 -221 0
165 -221 0
166 -221 0
168 -221 0
170 -221 0
173 -221 0
174 -221 0
176 -221 0
178 -221 0
180 -221 0
182 -221 0
184 -221 0
187 -221 0
188 -221 0
191 -221 0
2 -222 0
4 -222 0
5 -222 0
7 -222 0
10 -222 0
11 -222 0
14 -222 0
15 -222 0
17 -222 0
19 -222 0
21 -222 0
24 -222 0
26 -222 0
28 -222 0
29 -222 0
31 -222 0
34 -222 0
35 -222 0
38 -222 0
39 -222 0
42 -222 0
43 -222 0
45 -222 0
48 -222 0
49 -222 0
52 -222 0
53 -222 0
55 -222 0
58 -222 0
60 -222 0
61 -222 0
64 -222 0
66 -223 0
68 -223 0
69 -223 0
71 -223 0
74 -223 0
75 -223 0
78 -223 0
80 -223 0
82 -223 0
84 -223 0
87 -223 0
89 -223 0
91 -223 0
92 -223 0
94 -223 0
97 -223 0
98 -223 0
101 -223 0
102 -223 0
105 -223 0
106 -223 0
108 -223 0
111 -223 0
112 -223 0
115 -223 0
116 -223 0
118 -223 0
121 -223 0
123 -223 0
124 -223 0
127 -223 0
129 -224 0
131 -224 0
132 -224 0
134 -224 0
137 -224 0
138 -224 0
141 -224 0
142 -224 0
144 -224 0
146 -224 0
148 -224 0
151 -224 0
153 -224 0
155 -224 0
156 -224 0
158 -224 0
161 -224 0
162 -224 0
165 -224 0
166 -224 0
169 -224 0
170 -224 0
172 -224 0
175 -224 0
176 -224 0
179 -224 0
180 -224 0
182 -224 0
185 -224 0
187 -224 0
188 -224 0
191 -224 0
2 -225 0
4 -225 0
6 -225 0
7 -225 0
9 -225 0
11 -225 0
13 -225 0
16 -225 0
18 -225 0
20 -225 0
21 -225 0
24 -225 0
25 -225 0
27 -225 0
30 -225 0
32 -225 0
33 -225 0
36 -225 0
38 -225 0
39 -225 0
42 -225 0
44 -225 0
45 -225 0
47 -225 0
50 -225 0
51 -225 0
54 -225 0
55 -225 0
58 -225 0
60 -225 0
62 -225 0
64 -225 0
66 -226 0
68 -226 0
70 -226 0
71 -226 0
73 -226 0
75 -226 0
77 -226 0
79 -226 0
81 -226 0
83 -226 0
84 -226 0
87 -226 0
88 -226 0
90 -226 0
93 -226 0
95 -226 0
96 -226 0
99 -226 0
101 -226 0
102 -226 0
105 -226 0
107 -226 0
108 -226 0
110 -226 0
113 -226 0
114 -226 0
117 -226 0
118 -226 0
121 -226 0
123 -226 0
125 -226 0
127 -226 0
129 -227 0
131 -227 0
133 -227 0
134 -227 0
136 -227 0
138 -227 0
140 -227 0
143 -227 0
145 -227 0
147 -227 0
148 -227 0
151 -227 0
152 -227 0
154 -227 0
157 -227 0
159 -227 0
160 -227 0
163 -227 0
165 -227 0
166 -227 0
169 -227 0
171 -227 0
172 -227 0
174 -227 0
177 -227 0
178 -227 0
181 -227 0
182 -227 0
185 -227 0
187 -227 0
189 -227 0
191 -227 0
2 -228 0
4 -228 0
6 -228 0
8 -228 0
9 -228 0
11 -228 0
13 -228 0
15 -228 0
18 -228 0
19 -228 0
21 -228 0
24 -228 0
25 -228 0
28 -228 0
30 -228 0
31 -228 0
34 -228 0
36 -228 0
38 -228 0
40 -228 0
41 -228 0
43 -228 0
45 -228 0
47 -228 0
49 -228 0
52 -228 0
54 -228 0
56 -228 0
57 -228 0
59 -228 0
62 -228 0
64 -228 0
66 -229 0
68 -229 0
70 -229 0
72 -229 0
73 -229 0
75 -229 0
77 -229 0
81 -229 0
82 -229 0
84 -229 0
87 -229 0
88 -229 0
91 -229 0
93 -229 0
94 -229 0
97 -229 0
99 -229 0
101 -229 0
103 -229 0
104 -229 0
106 -229 0
108 -229 0
110 -229 0
112 -229 0
115 -229 0
117 -229 0
119 -229 0
120 -229 0
122 -229 0
125 -229 0
127 -229 0
129 -230 0
131 -230 0
133 -230 0
135 -230 0
136 -230 0
138 -230 0
140 -230 0
142 -230 0
145 -230 0
146 -230 0
148 -230 0
151 -230 0
152 -230 0
155 -230 0
157 -230 0
158 -230 0
161 -230 0
163 -230 0
165 -230 0
167 -230 0
168 -230 0
170 -230 0
172 -230 0
174 -230 0
176 -230 0
179 -230 0
181 -230 0
183 -230 0
184 -230 0
186 -230 0
189 -230 0
191 -230 0
1 -231 0
4 -231 0
5 -231 0
8 -231 0
9 -231 0
11 -231 0
14 -231 0
16 -231 0
17 -231 0
19 -231 0
21 -231 0
23 -231 0
25 -231 0
27 -231 0
29 -231 0
31 -231 0
33 -231 0
36 -231 0
37 -231 0
39 -231 0
41 -231 0
44 -231 0
45 -231 0
47 -231 0
50 -231 0
52 -231 0
53 -231 0
55 -231 0
58 -231 0
59 -231 0
62 -231 0
64 -231 0
65 -232 0
68 -232 0
69 -232 0
72 -232 0
73 -232 0
75 -232 0
78 -232 0
79 -232 0
80 -232 0
82 -232 0
84 -232 0
86 -232 0
88 -232 0
90 -232 0
92 -232 0
94 -232 0
96 -232 0
99 -232 0
100 -232 0
102 -232 0
104 -232 0
107 -232 0
108 -232 0
110 -232 0
113 -232 0
115 -232 0
116 -232 0
118 -232 0
121 -232 0
122 -232 0
125 -232 0
127 -232 0
128 -233 0
131 -233 0
132 -233 0
135 -233 0
136 -233 0
138 -233 0
141 -233 0
143 -233 0
144 -233 0
146 -233 0
148 -233 0
150 -233 0
152 -233 0
154 -233 0
156 -233 0
158 -233 0
160 -233 0
163 -233 0
164 -233 0
166 -233 0
168 -233 0
171 -233 0
172 -233 0
174 -233 0
177 -233 0
179 -233 0
180 -233 0
182 -233 0
185 -233 0
186 -233 0
189 -233 0
191 -233 0
1 -234 0
4 -234 0
5 -234 0
8 -234 0
10 -234 0
12 -234 0
14 -234 0
16 -234 0
17 -234 0
20 -234 0
22 -234 0
23 -234 0
26 -234 0
28 -234 0
29 -234 0
31 -234 0
33 -234 0
35 -234 0
37 -234 0
39 -234 0
41 -234 0
43 -234 0
46 -234 0
47 -234 0
50 -234 0
51 -234 0
53 -234 0
56 -234 0
57 -234 0
60 -234 0
61 -234 0
64 -234 0
65 -235 0
68 -235 0
69 -235 0
72 -235 0
74 -235 0
76 -235 0
78 -235 0
79 -235 0
80 -235 0
83 -235 0
85 -235 0
86 -235 0
89 -235 0
91 -235 0
92 -235 0
94 -235 0
96 -235 0
98 -235 0
100 -235 0
102 -235 0
104 -235 0
106 -235 0
109 -235 0
110 -235 0
113 -235 0
114 -235 0
116 -235 0
119 -235 0
120 -235 0
123 -235 0
124 -235 0
127 -235 0
128 -236 0
131 -236 0
132 -236 0
135 -236 0
137 -236 0
139 -236 0
141 -236 0
143 -236 0
144 -236 0
147 -236 0
149 -236 0
150 -236 0
153 -236 0
155 -236 0
156 -236 0
158 -236 0
160 -236 0
162 -236 0
164 -236 0
166 -236 0
168 -236 0
170 -236 0
173 -236 0
174 -236 0
177 -236 0
178 -236 0
180 -236 0
183 -236 0
184 -236 0
187 -236 0
188 -236 0
191 -236 0
2 -237 0
4 -237 0
5 -237 0
7 -237 0
9 -237 0
11 -237 0
14 -237 0
15 -237 0
18 -237 0
20 -237 0
22 -237 0
23 -237 0
26 -237 0
28 -237 0
29 -237 0
31 -237 0
33 -237 0
35 -237 0
38 -237 0
39 -237 0
41 -237 0
44 -237 0
45 -237 0
47 -237 0
49 -237 0
52 -237 0
54 -237 0
56 -237 0
58 -237 0
60 -237 0
62 -237 0
64 -237 0
66 -238 0
68 -238 0
69 -238 0
71 -238 0
73 -238 0
75 -238 0
78 -238 0
81 -238 0
83 -238 0
85 -238 0
86 -238 0
89 -238 0
91 -238 0
92 -238 0
94 -238 0
96 -238 0
98 -238 0
101 -238 0
102 -238 0
104 -238 0
107 -238 0
108 -238 0
110 -238 0
112 -238 0
115 -238 0
117 -238 0
119 -238 0
121 -238 0
123 -238 0
125 -238 0
127 -238 0
129 -239 0
131 -239 0
132 -239 0
134 -239 0
136 -239 0
138 -239 0
141 -239 0
142 -239 0
145 -239 0
147 -239 0
149 -239 0
150 -239 0
153 -239 0
155 -239 0
156 -239 0
158 -239 0
160 -239 0
162 -239 0
165 -239 0
166 -239 0
168 -239 0
171 -239 0
172 -239 0
174 -239 0
176 -239 0
179 -239 0
181 -239 0
183 -239 0
185 -239 0
187 -239 0
189 -239 0
191 -239 0
2 -240 0
4 -240 0
5 -240 0
7 -240 0
10 -240 0
12 -240 0
14 -240 0
16 -240 0
18 -240 0
19 -240 0
21 -240 0
24 -240 0
25 -240 0
28 -240 0
29 -240 0
31 -240 0
33 -240 0
35 -240 0
38 -240 0
40 -240 0
41 -240 0
43 -240 0
45 -240 0
48 -240 0
49 -240 0
52 -240 0
54 -240 0
56 -240 0
57 -240 0
59 -240 0
62 -240 0
64 -240 0
66 -241 0
68 -241 0
69 -241 0
71 -241 0
74 -241 0
76 -241 0
78 -241 0
79 -241 0
81 -241 0
82 -241 0
84 -241 0
87 -241 0
88 -241 0
91 -241 0
92 -241 0
94 -241 0
96 -241 0
98 -241 0
101 -241 0
103 -241 0
104 -241 0
106 -241 0
108 -241 0
111 -241 0
112 -241 0
115 -241 0
117 -241 0
119 -241 0
120 -241 0
122 -241 0
125 -241 0
127 -241 0
129 -242 0
131 -242 0
132 -242 0
134 -242 0
137 -242 0
139 -242 0
141 -242 0
143 -242 0
145 -242 0
146 -242 0
148 -242 0
151 -242 0
152 -242 0
155 -242 0
156 -242 0
158 -242 0
160 -242 0
162 -242 0
165 -242 0
167 -242 0
168 -242 0
170 -242 0
172 -242 0
175 -242 0
176 -242 0
179 -242 0
181 -242 0
183 -242 0
184 -242 0
186 -242 0
189 -242 0
191 -242 0
1 -243 0
4 -243 0
5 -243 0
7 -243 0
10 -243 0
12 -243 0
13 -243 0
16 -243 0
18 -243 0
19 -243 0
21 -243 0
23 -243 0
26 -243 0
27 -243 0
30 -243 0
31 -243 0
34 -243 0
36 -243 0
38 -243 0
39 -243 0
41 -243 0
44 -243 0
45 -243 0
47 -243 0
50 -243 0
52 -243 0
53 -243 0
55 -243 0
58 -243 0
60 -243 0
61 -243 0
64 -243 0
65 -244 0
68 -244 0
69 -244 0
71 -244 0
74 -244 0
76 -244 0
77 -244 0
79 -244 0
81 -244 0
82 -244 0
84 -244 0
86 -244 0
89 -244 0
90 -244 0
93 -244 0
94 -244 0
97 -244 0
99 -244 0
101 -244 0
102 -244 0
104 -244 0
107 -244 0
108 -244 0
110 -244 0
113 -244 0
115 -244 0
116 -244 0
118 -244 0
121 -244 0
123 -244 0
124 -244 0
127 -244 0
128 -245 0
131 -245 0
132 -245 0
134 -245 0
137 -245 0
139 -245 0
140 -245 0
143 -245 0
145 -245 0
146 -245 0
148 -245 0
150 -245 0
153 -245 0
154 -245 0
157 -245 0
158 -245 0
161 -245 0
163 -245 0
165 -245 0
166 -245 0
168 -245 0
171 -245 0
172 -245 0
174 -245 0
177 -245 0
179 -245 0
180 -245 0
182 -245 0
185 -245 0
187 -245 0
188 -245 0
191 -245 0
1 -246 0
4 -246 0
5 -246 0
7 -246 0
9 -246 0
11 -246 0
13 -246 0
15 -246 0
17 -246 0
19 -246 0
21 -246 0
23 -246 0
25 -246 0
28 -246 0
30 -246 0
31 -246 0
33 -246 0
35 -246 0
37 -246 0
39 -246 0
42 -246 0
44 -246 0
46 -246 0
47 -246 0
49 -246 0
52 -246 0
54 -246 0
55 -246 0
57 -246 0
60 -246 0
62 -246 0
64 -246 0
65 -247 0
68 -247 0
69 -247 0
71 -247 0
73 -247 0
75 -247 0
77 -247 0
80 -247 0
82 -247 0
84 -247 0
86 -247 0
88 -247 0
91 -247 0
93 -247 0
94 -247 0
96 -247 0
98 -247 0
100 -247 0
102 -247 0
105 -247 0
107 -247 0
109 -247 0
110 -247 0
112 -247 0
115 -247 0
117 -247 0
118 -247 0
120 -247 0
123 -247 0
125 -247 0
127 -247 0
128 -248 0
131 -248 0
132 -248 0
134 -248 0
136 -248 0
138 -248 0
140 -248 0
142 -248 0
144 -248 0
146 -248 0
148 -248 0
150 -248 0
152 -248 0
155 -248 0
157 -248 0
158 -248 0
160 -248 0
162 -248 0
164 -248 0
166 -248 0
169 -248 0
171 -248 0
173 -248 0
174 -248 0
176 -248 0
179 -248 0
181 -248 0
182 -248 0
184 -248 0
187 -248 0
189 -248 0
191 -248 0
192 193 194 0
195 196 197 0
198 199 200 0
201 202 203 0
204 205 206 0
207 208 209 0
210 211 212 0
213 214 215 0
216 217 218 0
219 220 221 0
222 223 224 0
225 226 227 0
228 229 230 0
231 232 233 0
234 235 236 0
237 238 239 0
240 241 242 0
243 244 245 0
246 247 248 0
