p cnf 271 3110
1 2 0
3 4 0
5 6 0
7 8 0
9 10 0
11 12 0
13 14 0
15 16 0
17 18 0
21 22 0
23 24 0
26 27 0
28 29 0
30 31 0
32 33 0
34 35 0
36 37 0
38 39 0
40 41 0
42 43 0
44 45 0
46 47 0
48 49 0
50 51 0
52 53 0
54 55 0
56 57 0
58 59 0
60 61 0
62 63 0
64 65 0
66 67 0
68 69 0
70 71 0
72 73 0
74 75 0
76 77 0
78 79 0
80 81 0
82 83 0
84 85 0
86 87 0
88 89 0
90 91 0
92 93 0
94 95 0
96 97 0
98 99 0
100 101 0
102 103 0
104 105 0
106 107 0
108 0
109 110 0
111 112 0
113 114 0
115 116 0
117 118 0
119 120 0
121 122 0
123 124 0
125 126 0
127 128 0
129 130 0
131 132 0
133 134 0
135 136 0
137 138 0
139 140 0
141 142 0
143 144 0
145 146 0
147 148 0
149 150 0
151 152 0
153 154 0
155 156 0
157 158 0
159 160 0
161 162 0
163 164 0
165 166 0
167 168 0
169 170 0
171 172 0
173 174 0
175 176 0
178 179 0
180 181 0
182 183 0
184 185 0
186 187 0
-1 -4 -6 -8 -10 -12 -13 -16 -17 -20 -22 -23 -27 -29 -30 -33 -34 -37 -38 -41 -42 -45 -47 -48 -51 -52 -54 -57 -58 -61 0
-125 -128 -130 -132 -134 -136 -137 -140 -141 -144 -146 -148 -149 -152 -154 -156 -157 -160 -161 -164 -165 -168 -169 -172 -174 -175 -177 -178 -180 -183 -184 -187 0
-1 -3 -6 -7 -9 -11 -13 -16 -18 -19 -22 -23 -26 -29 -30 -32 -34 -37 -38 -41 -43 -44 -47 -48 -50 -53 -54 -56 -58 -61 0
-62 -64 -67 -68 -70 -72 -74 -77 -79 -80 -82 -85 -86 -89 -90 -93 -94 -96 -98 -101 -102 -105 -107 -108 -110 -111 -113 -116 -117 -119 -121 -124 0
-125 -127 -130 -131 -133 -135 -137 -140 -142 -143 -145 -148 -149 -152 -153 -156 -157 -159 -161 -164 -165 -168 -170 -171 -174 -175 -179 -180 -182 -184 -187 0
-1 -3 -5 -8 -10 -11 -13 -15 -18 -20 -22 -23 -25 -26 -28 -30 -33 -34 -36 -39 -41 -43 -45 -47 -49 -51 -52 -55 -56 -58 -61 0
-125 -127 -129 -132 -134 -135 -137 -139 -142 -144 -146 -148 -149 -151 -153 -155 -157 -160 -161 -163 -166 -168 -170 -172 -174 -176 -177 -178 -181 -182 -184 -187 0
-1 -4 -5 -8 -10 -12 -13 -15 -18 -19 -22 -23 -25 -26 -28 -30 -32 -35 -36 -39 -40 -43 -45 -47 -48 -50 -53 -55 -56 -58 -60 0
-125 -128 -129 -132 -134 -136 -137 -139 -142 -143 -145 -148 -149 -151 -153 -155 -157 -159 -162 -163 -166 -167 -170 -172 -174 -175 -179 -181 -182 -184 -186 0
-1 -3 -6 -7 -9 -12 -14 -15 -17 -22 -23 -25 -26 -29 -30 -33 -35 -36 -39 -40 -42 -45 -46 -49 -51 -53 -55 -57 -58 -61 0
-125 -127 -130 -131 -133 -136 -138 -139 -141 -144 -145 -148 -149 -151 -153 -156 -157 -160 -162 -163 -166 -167 -169 -172 -173 -176 -177 -179 -181 -183 -184 -187 0
-1 -3 -5 -8 -9 -11 -14 -16 -18 -22 -23 -25 -27 -29 -30 -33 -34 -36 -39 -40 -43 -45 -47 -49 -51 -52 -54 -56 -59 -61 0
-125 -127 -129 -132 -133 -135 -138 -140 -142 -144 -145 -148 -149 -151 -154 -156 -157 -160 -161 -163 -166 -167 -170 -172 -174 -176 -177 -178 -180 -182 -185 -187 0
-1 -3 -5 -7 -9 -12 -14 -16 -18 -19 -22 -23 -27 -29 -31 -32 -35 -37 -39 -41 -42 -45 -47 -48 -51 -52 -54 -57 -59 -61 0
-125 -127 -129 -131 -133 -136 -138 -140 -142 -143 -145 -148 -149 -152 -154 -156 -158 -159 -162 -164 -166 -168 -169 -172 -174 -175 -177 -178 -180 -183 -185 -187 0
-2 -3 -5 -8 -10 -11 -13 -15 -18 -21 -24 -25 -27 -29 -30 -32 -35 -37 -38 -40 -42 -45 -47 -49 -51 -52 -55 -56 -58 -61 0
-126 -127 -129 -132 -134 -135 -137 -139 -142 -144 -145 -147 -150 -151 -154 -156 -157 -159 -162 -164 -165 -167 -169 -172 -174 -176 -177 -178 -181 -182 -184 -187 0
-1 -3 -5 -8 -9 -12 -13 -16 -17 -19 -21 -24 -25 -26 -29 -31 -32 -34 -37 -39 -41 -42 -44 -46 -48 -51 -53 -54 -57 -59 -61 0
-62 -64 -66 -69 -70 -73 -74 -77 -78 -80 -82 -84 -87 -88 -90 -93 -95 -96 -98 -101 -103 -105 -106 -108 -109 -111 -114 -116 -117 -120 -122 -124 0
-125 -127 -129 -132 -133 -136 -137 -140 -141 -143 -145 -147 -150 -151 -153 -156 -158 -159 -161 -164 -166 -168 -169 -171 -173 -175 -177 -179 -180 -183 -185 -187 0
-1 -4 -6 -8 -10 -12 -13 -16 -18 -21 -24 -26 -28 -31 -33 -34 -36 -39 -41 -43 -45 -46 -49 -50 -53 -55 -56 -58 -60 0
-125 -128 -130 -132 -134 -136 -137 -140 -142 -144 -145 -147 -150 -152 -153 -155 -158 -160 -161 -163 -166 -168 -170 -172 -173 -176 -179 -181 -182 -184 -186 0
-2 -4 -5 -8 -9 -11 -13 -16 -17 -19 -22 -24 -27 -29 -31 -32 -34 -36 -38 -41 -42 -45 -46 -49 -51 -53 -55 -56 -59 -60 0
-126 -128 -129 -132 -133 -135 -137 -140 -141 -143 -145 -148 -150 -152 -154 -156 -158 -159 -161 -163 -165 -168 -169 -172 -173 -176 -177 -179 -181 -182 -185 -186 0
-2 -3 -5 -8 -10 -12 -13 -15 -18 -22 -23 -25 -26 -28 -30 -32 -35 -37 -39 -40 -43 -44 -46 -48 -51 -53 -55 -56 -59 -60 0
-63 -64 -66 -69 -71 -73 -74 -76 -79 -81 -82 -85 -86 -88 -90 -92 -94 -96 -99 -101 -103 -104 -107 -108 -109 -111 -114 -116 -118 -119 -122 -123 0
-126 -127 -129 -132 -134 -136 -137 -139 -142 -144 -145 -148 -149 -151 -153 -155 -157 -159 -162 -164 -166 -167 -170 -171 -173 -175 -177 -179 -181 -182 -185 -186 0
-1 -4 -6 -7 -9 -12 -14 -16 -17 -22 -23 -26 -29 -30 -32 -34 -37 -39 -40 -43 -45 -46 -49 -51 -53 -54 -57 -59 -60 0
-125 -128 -130 -131 -133 -136 -138 -140 -141 -144 -145 -148 -149 -152 -153 -156 -157 -159 -161 -164 -166 -167 -170 -172 -173 -176 -177 -179 -180 -183 -185 -186 0
-1 -3 -6 -8 -10 -11 -13 -16 -18 -19 -21 -24 -26 -28 -30 -33 -34 -37 -39 -41 -43 -44 -46 -49 -50 -52 -55 -56 -59 -60 0
-62 -64 -67 -69 -71 -72 -74 -77 -79 -80 -82 -84 -87 -89 -90 -92 -94 -97 -98 -101 -103 -105 -107 -108 -109 -112 -113 -115 -118 -119 -122 -123 0
-125 -127 -130 -132 -134 -135 -137 -140 -142 -143 -145 -147 -150 -152 -153 -155 -157 -160 -161 -164 -166 -168 -170 -171 -173 -176 -178 -181 -182 -185 -186 0
-1 -3 -5 -7 -9 -12 -14 -16 -17 -21 -24 -27 -28 -30 -32 -35 -37 -38 -41 -43 -44 -47 -49 -51 -53 -55 -56 -58 -61 0
-62 -64 -66 -68 -70 -73 -75 -77 -78 -81 -82 -84 -87 -89 -91 -92 -94 -96 -99 -101 -102 -105 -107 -108 -110 -112 -114 -116 -118 -119 -121 -124 0
-125 -127 -129 -131 -133 -136 -138 -140 -141 -144 -145 -147 -150 -152 -154 -155 -157 -159 -162 -164 -165 -168 -170 -171 -174 -176 -177 -179 -181 -182 -184 -187 0
-2 -3 -6 -7 -9 -12 -14 -16 -17 -19 -20 -22 -24 -26 -29 -30 -33 -34 -37 -39 -41 -42 -44 -47 -48 -50 -53 -55 -57 -59 -60 0
-63 -64 -67 -68 -70 -73 -75 -77 -78 -80 -83 -85 -87 -89 -90 -93 -94 -97 -98 -101 -103 -105 -106 -108 -110 -111 -113 -116 -118 -120 -122 -123 0
-126 -127 -130 -131 -133 -136 -138 -140 -141 -143 -146 -148 -150 -152 -153 -156 -157 -160 -161 -164 -166 -168 -169 -171 -174 -175 -179 -181 -183 -185 -186 0
-2 -4 -5 -8 -10 -12 -14 -15 -17 -22 -23 -25 -26 -29 -30 -32 -34 -37 -39 -40 -42 -45 -46 -49 -51 -53 -55 -56 -58 -61 0
-126 -128 -129 -132 -134 -136 -138 -139 -141 -144 -145 -148 -149 -151 -153 -156 -157 -159 -161 -164 -166 -167 -169 -172 -173 -176 -177 -179 -181 -182 -184 -187 0
-2 -3 -6 -8 -10 -12 -13 -15 -18 -21 -23 -25 -27 -29 -31 -33 -34 -37 -38 -40 -43 -44 -46 -48 -51 -53 -55 -56 -58 -61 0
-63 -64 -67 -69 -71 -73 -74 -76 -79 -81 -82 -84 -86 -88 -91 -93 -95 -97 -98 -101 -102 -104 -107 -108 -109 -111 -114 -116 -118 -119 -121 -124 0
-126 -127 -130 -132 -134 -136 -137 -139 -142 -144 -145 -147 -149 -151 -154 -156 -158 -160 -161 -164 -165 -167 -170 -171 -173 -175 -177 -179 -181 -182 -184 -187 0
-2 -3 -6 -8 -10 -11 -14 -15 -18 -19 -20 -21 -23 -27 -29 -30 -32 -34 -36 -39 -41 -42 -44 -47 -48 -51 -52 -55 -56 -58 -61 0
-63 -64 -67 -69 -71 -72 -75 -76 -79 -80 -83 -84 -86 -89 -91 -93 -94 -96 -98 -100 -103 -105 -106 -108 -110 -111 -114 -115 -118 -119 -121 -124 0
-126 -127 -130 -132 -134 -135 -138 -139 -142 -143 -146 -147 -149 -152 -154 -156 -157 -159 -161 -163 -166 -168 -169 -171 -174 -175 -177 -178 -181 -182 -184 -187 0
-1 -3 -6 -8 -9 -11 -14 -16 -17 -22 -23 -27 -29 -30 -32 -34 -37 -38 -41 -43 -45 -47 -48 -50 -52 -54 -57 -58 -60 0
-125 -127 -130 -132 -133 -135 -138 -140 -141 -144 -145 -148 -149 -152 -154 -156 -157 -159 -161 -164 -165 -168 -170 -172 -174 -175 -178 -180 -183 -184 -186 0
-1 -3 -6 -7 -10 -12 -14 -15 -17 -21 -24 -26 -29 -30 -32 -35 -36 -39 -41 -43 -44 -47 -49 -50 -52 -55 -57 -58 -61 0
-62 -64 -67 -68 -71 -73 -75 -76 -78 -81 -82 -84 -87 -89 -90 -93 -94 -96 -99 -100 -103 -105 -107 -108 -110 -112 -113 -115 -118 -120 -121 -124 0
-125 -127 -130 -131 -134 -136 -138 -139 -141 -144 -145 -147 -150 -152 -153 -156 -157 -159 -162 -163 -166 -168 -170 -171 -174 -176 -178 -181 -183 -184 -187 0
-2 -4 -6 -7 -10 -12 -13 -16 -17 -19 -20 -22 -24 -25 -26 -28 -31 -32 -35 -36 -38 -40 -42 -45 -47 -48 -51 -53 -55 -56 -58 -60 0
-126 -128 -130 -131 -134 -136 -137 -140 -141 -143 -146 -148 -150 -151 -153 -155 -158 -159 -162 -163 -165 -167 -169 -172 -174 -175 -177 -179 -181 -182 -184 -186 0
-2 -4 -5 -7 -9 -11 -14 -15 -18 -19 -20 -22 -23 -25 -27 -29 -30 -32 -34 -37 -39 -41 -43 -45 -46 -48 -51 -52 -55 -56 -58 -61 0
-126 -128 -129 -131 -133 -135 -138 -139 -142 -143 -146 -148 -149 -151 -154 -156 -157 -159 -161 -164 -166 -168 -170 -172 -173 -175 -177 -178 -181 -182 -184 -187 0
-1 -3 -5 -8 -9 -12 -13 -15 -17 -19 -20 -21 -24 -26 -29 -31 -33 -34 -36 -38 -40 -42 -44 -47 -48 -51 -53 -54 -57 -59 -60 0
-62 -64 -66 -69 -70 -73 -74 -76 -78 -80 -83 -84 -87 -89 -90 -93 -95 -97 -98 -100 -102 -104 -106 -108 -110 -111 -114 -116 -117 -120 -122 -123 0
-125 -127 -129 -132 -133 -136 -137 -139 -141 -143 -146 -147 -150 -152 -153 -156 -158 -160 -161 -163 -165 -167 -169 -171 -174 -175 -177 -179 -180 -183 -185 -186 0
-1 -3 -6 -7 -10 -11 -13 -15 -17 -21 -24 -26 -29 -31 -33 -35 -36 -38 -40 -42 -45 -47 -49 -51 -52 -54 -57 -59 -61 0
-125 -127 -130 -131 -134 -135 -137 -139 -141 -144 -145 -147 -150 -152 -153 -156 -158 -160 -162 -163 -165 -167 -169 -172 -174 -176 -177 -178 -180 -183 -185 -187 0
-1 -4 -5 -7 -9 -12 -13 -16 -18 -19 -22 -24 -25 -27 -29 -31 -32 -34 -37 -39 -41 -43 -44 -46 -49 -51 -52 -54 -57 -58 -60 0
-62 -65 -66 -68 -70 -73 -74 -77 -79 -80 -82 -85 -87 -88 -91 -93 -95 -96 -98 -101 -103 -105 -107 -108 -109 -112 -114 -115 -117 -120 -121 -123 0
-125 -128 -129 -131 -133 -136 -137 -140 -142 -143 -145 -148 -150 -151 -154 -156 -158 -159 -161 -164 -166 -168 -170 -171 -173 -176 -177 -178 -180 -183 -184 -186 0
-1 -4 -6 -7 -10 -11 -14 -16 -18 -22 -23 -27 -28 -30 -32 -35 -36 -39 -40 -42 -45 -47 -48 -50 -53 -55 -56 -58 -60 0
-125 -128 -130 -131 -134 -135 -138 -140 -142 -144 -145 -148 -149 -152 -154 -155 -157 -159 -162 -163 -166 -167 -169 -172 -174 -175 -179 -181 -182 -184 -186 0
-1 -4 -6 -8 -10 -12 -14 -15 -18 -19 -22 -24 -25 -26 -28 -30 -33 -34 -36 -39 -40 -42 -44 -46 -48 -51 -52 -54 -56 -58 -60 0
-62 -65 -67 -69 -71 -73 -75 -76 -79 -80 -82 -85 -87 -88 -90 -92 -94 -97 -98 -100 -103 -104 -106 -108 -109 -111 -114 -115 -117 -119 -121 -123 0
-125 -128 -130 -132 -134 -136 -138 -139 -142 -143 -145 -148 -150 -151 -153 -155 -157 -160 -161 -163 -166 -167 -169 -171 -173 -175 -177 -178 -180 -182 -184 -186 0
-2 -3 -5 -7 -10 -12 -14 -15 -18 -22 -24 -27 -28 -30 -33 -34 -37 -39 -40 -43 -44 -46 -49 -51 -53 -55 -57 -59 -60 0
-63 -64 -66 -68 -71 -73 -75 -76 -79 -81 -82 -85 -87 -89 -91 -92 -94 -97 -98 -101 -103 -104 -107 -108 -109 -112 -114 -116 -118 -120 -122 -123 0
-126 -127 -129 -131 -134 -136 -138 -139 -142 -144 -145 -148 -150 -152 -154 -155 -157 -160 -161 -164 -166 -167 -170 -171 -173 -176 -177 -179 -181 -183 -185 -186 0
-2 -3 -5 -8 -9 -12 -14 -15 -17 -20 -21 -24 -26 -28 -31 -33 -35 -36 -39 -41 -42 -45 -47 -49 -50 -52 -54 -57 -59 -60 0
-126 -127 -129 -132 -133 -136 -138 -139 -141 -144 -146 -147 -150 -152 -153 -155 -158 -160 -162 -163 -166 -168 -169 -172 -174 -176 -178 -180 -183 -185 -186 0
-2 -4 -6 -8 -10 -11 -13 -15 -18 -22 -23 -27 -28 -31 -33 -34 -37 -38 -40 -43 -44 -46 -49 -51 -52 -55 -57 -59 -61 0
-63 -65 -67 -69 -71 -72 -74 -76 -79 -81 -82 -85 -86 -89 -91 -92 -95 -97 -98 -101 -102 -104 -107 -108 -109 -112 -114 -115 -118 -120 -122 -124 0
-126 -128 -130 -132 -134 -135 -137 -139 -142 -144 -145 -148 -149 -152 -154 -155 -158 -160 -161 -164 -165 -167 -170 -171 -173 -176 -177 -178 -181 -183 -185 -187 0
-1 -3 -6 -8 -9 -12 -14 -15 -18 -19 -20 -21 -24 -25 -27 -28 -31 -32 -35 -36 -38 -40 -42 -45 -47 -48 -50 -53 -54 -57 -59 -61 0
-125 -127 -130 -132 -133 -136 -138 -139 -142 -143 -146 -147 -150 -151 -154 -155 -158 -159 -162 -163 -165 -167 -169 -172 -174 -175 -179 -180 -183 -185 -187 0
-2 -3 -5 -8 -9 -11 -14 -15 -17 -19 -21 -23 -27 -29 -30 -32 -35 -37 -39 -41 -42 -45 -46 -49 -51 -52 -55 -57 -58 -61 0
-126 -127 -129 -132 -133 -135 -138 -139 -141 -143 -145 -147 -149 -152 -154 -156 -157 -159 -162 -164 -166 -168 -169 -172 -173 -176 -177 -178 -181 -183 -184 -187 0
-2 -3 -6 -8 -9 -11 -14 -15 -17 -22 -24 -27 -29 -31 -33 -35 -37 -38 -41 -43 -44 -47 -49 -50 -52 -54 -56 -58 -61 0
-63 -64 -67 -69 -70 -72 -75 -76 -78 -81 -82 -85 -87 -89 -91 -93 -95 -97 -99 -101 -102 -105 -107 -108 -110 -112 -113 -115 -117 -119 -121 -124 0
-126 -127 -130 -132 -133 -135 -138 -139 -141 -144 -145 -148 -150 -152 -154 -156 -158 -160 -162 -164 -165 -168 -170 -171 -174 -176 -178 -180 -182 -184 -187 0
-1 -3 -5 -8 -9 -12 -13 -16 -18 -19 -21 -23 -25 -27 -28 -31 -32 -34 -37 -38 -40 -43 -44 -46 -48 -51 -52 -54 -57 -58 -61 0
-62 -64 -66 -69 -70 -73 -74 -77 -79 -80 -82 -84 -86 -88 -91 -92 -95 -96 -98 -101 -102 -104 -107 -108 -109 -111 -114 -115 -117 -120 -121 -124 0
-125 -127 -129 -132 -133 -136 -137 -140 -142 -143 -145 -147 -149 -151 -154 -155 -158 -159 -161 -164 -165 -167 -170 -171 -173 -175 -177 -178 -180 -183 -184 -187 0
-2 -3 -5 -8 -9 -12 -13 -16 -17 -19 -20 -22 -23 -27 -29 -30 -33 -34 -37 -39 -40 -43 -45 -47 -48 -51 -52 -54 -56 -58 -60 0
-126 -127 -129 -132 -133 -136 -137 -140 -141 -143 -146 -148 -149 -152 -154 -156 -157 -160 -161 -164 -166 -167 -170 -172 -174 -175 -177 -178 -180 -182 -184 -186 0
-1 -4 -6 -7 -9 -12 -14 -15 -18 -20 -22 -24 -25 -26 -28 -31 -32 -34 -36 -38 -40 -43 -45 -47 -49 -50 -52 -54 -57 -59 -60 0
-125 -128 -130 -131 -133 -136 -138 -139 -142 -144 -146 -148 -150 -151 -153 -155 -158 -159 -161 -163 -165 -167 -170 -172 -174 -176 -178 -180 -183 -185 -186 0
-1 -3 -5 -8 -9 -11 -13 -16 -17 -21 -23 -27 -28 -30 -33 -35 -36 -39 -41 -42 -45 -46 -48 -50 -53 -55 -57 -59 -60 0
-125 -127 -129 -132 -133 -135 -137 -140 -141 -144 -145 -147 -149 -152 -154 -155 -157 -160 -162 -163 -166 -168 -169 -172 -173 -175 -179 -181 -183 -185 -186 0
-2 -3 -5 -8 -10 -12 -14 -15 -18 -19 -20 -22 -24 -27 -28 -31 -33 -35 -36 -38 -40 -42 -44 -47 -49 -51 -52 -54 -57 -58 -60 0
-63 -64 -66 -69 -71 -73 -75 -76 -79 -80 -83 -85 -87 -89 -91 -92 -95 -97 -99 -100 -102 -104 -106 -108 -110 -112 -114 -115 -117 -120 -121 -123 0
-126 -127 -129 -132 -134 -136 -138 -139 -142 -143 -146 -148 -150 -152 -154 -155 -158 -160 -162 -163 -165 -167 -169 -171 -174 -176 -177 -178 -180 -183 -184 -186 0
-1 -4 -6 -7 -9 -12 -14 -15 -18 -19 -20 -22 -23 -25 -27 -29 -31 -32 -35 -37 -38 -41 -43 -45 -47 -49 -51 -53 -55 -57 -59 -61 0
-125 -128 -130 -131 -133 -136 -138 -139 -142 -143 -146 -148 -149 -151 -154 -156 -158 -159 -162 -164 -165 -168 -170 -172 -174 -176 -177 -179 -181 -183 -185 -187 0
-2 -3 -5 -8 -9 -12 -13 -16 -17 -22 -23 -26 -29 -30 -33 -35 -37 -38 -41 -42 -44 -47 -48 -51 -52 -54 -57 -59 -61 0
-63 -64 -66 -69 -70 -73 -74 -77 -78 -81 -82 -85 -86 -89 -90 -93 -94 -97 -99 -101 -102 -105 -106 -108 -110 -111 -114 -115 -117 -120 -122 -124 0
-126 -127 -129 -132 -133 -136 -137 -140 -141 -144 -145 -148 -149 -152 -153 -156 -157 -160 -162 -164 -165 -168 -169 -171 -174 -175 -177 -178 -180 -183 -185 -187 0
-2 -3 -5 -8 -9 -12 -13 -15 -18 -20 -22 -23 -25 -27 -28 -31 -32 -34 -37 -39 -40 -43 -45 -47 -49 -50 -52 -55 -57 -58 -60 0
-126 -127 -129 -132 -133 -136 -137 -139 -142 -144 -146 -148 -149 -151 -154 -155 -158 -159 -161 -164 -166 -167 -170 -172 -174 -176 -178 -181 -183 -184 -186 0
-2 -4 -5 -8 -10 -12 -13 -16 -17 -19 -21 -23 -27 -28 -31 -32 -35 -37 -38 -41 -42 -44 -47 -48 -51 -52 -54 -56 -58 -60 0
-63 -65 -66 -69 -71 -73 -74 -77 -78 -80 -82 -84 -86 -89 -91 -92 -95 -96 -99 -101 -102 -105 -106 -108 -110 -111 -114 -115 -117 -119 -121 -123 0
-126 -128 -129 -132 -134 -136 -137 -140 -141 -143 -145 -147 -149 -152 -154 -155 -158 -159 -162 -164 -165 -168 -169 -171 -174 -175 -177 -178 -180 -182 -184 -186 0
-1 -3 -5 -7 -10 -11 -14 -15 -17 -22 -24 -26 -29 -30 -33 -34 -36 -38 -41 -42 -44 -46 -48 -50 -53 -54 -57 -59 -61 0
-62 -64 -66 -68 -71 -72 -75 -76 -78 -81 -82 -85 -87 -89 -90 -93 -94 -97 -98 -100 -102 -105 -106 -108 -109 -111 -113 -116 -117 -120 -122 -124 0
-125 -127 -129 -131 -134 -135 -138 -139 -141 -144 -145 -148 -150 -152 -153 -156 -157 -160 -161 -163 -165 -168 -169 -171 -173 -175 -179 -180 -183 -185 -187 0
-1 -3 -5 -7 -10 -11 -14 -16 -17 -19 -20 -21 -24 -25 -27 -28 -30 -32 -34 -36 -39 -40 -43 -44 -47 -49 -50 -52 -55 -56 -59 -60 0
-62 -64 -66 -68 -71 -72 -75 -77 -78 -80 -83 -84 -87 -88 -91 -92 -94 -96 -98 -100 -103 -104 -107 -108 -110 -112 -113 -115 -118 -119 -122 -123 0
-125 -127 -129 -131 -134 -135 -138 -140 -141 -143 -146 -147 -150 -151 -154 -155 -157 -159 -161 -163 -166 -167 -170 -171 -174 -176 -178 -181 -182 -185 -186 0
-1 -3 -6 -7 -10 -12 -14 -16 -17 -19 -20 -21 -24 -27 -28 -30 -32 -34 -37 -39 -40 -43 -45 -47 -49 -50 -52 -55 -57 -59 -60 0
-125 -127 -130 -131 -134 -136 -138 -140 -141 -143 -146 -147 -150 -152 -154 -155 -157 -159 -161 -164 -166 -167 -170 -172 -174 -176 -178 -181 -183 -185 -186 0
-2 -3 -5 -7 -9 -12 -14 -15 -18 -20 -22 -24 -26 -28 -30 -33 -35 -36 -38 -40 -42 -45 -46 -49 -51 -53 -54 -56 -59 -61 0
-126 -127 -129 -131 -133 -136 -138 -139 -142 -144 -146 -148 -150 -152 -153 -155 -157 -160 -162 -163 -165 -167 -169 -172 -173 -176 -177 -179 -180 -182 -185 -187 0
-1 -4 -5 -8 -10 -12 -13 -15 -18 -19 -20 -22 -23 -25 -27 -29 -31 -33 -34 -37 -38 -41 -42 -45 -46 -48 -51 -52 -54 -57 -58 -60 0
-125 -128 -129 -132 -134 -136 -137 -139 -142 -143 -146 -148 -149 -151 -154 -156 -158 -160 -161 -164 -165 -168 -169 -172 -173 -175 -177 -178 -180 -183 -184 -186 0
-1 -4 -5 -7 -9 -12 -14 -16 -17 -20 -22 -23 -25 -26 -28 -31 -33 -34 -37 -38 -41 -42 -45 -46 -48 -51 -53 -55 -56 -59 -60 0
-125 -128 -129 -131 -133 -136 -138 -140 -141 -144 -146 -148 -149 -151 -153 -155 -158 -160 -161 -164 -165 -168 -169 -172 -173 -175 -177 -179 -181 -182 -185 -186 0
-2 -4 -5 -8 -10 -11 -13 -16 -18 -19 -20 -22 -24 -26 -29 -30 -32 -35 -37 -38 -40 -43 -45 -47 -49 -50 -52 -55 -56 -59 -61 0
-126 -128 -129 -132 -134 -135 -137 -140 -142 -143 -146 -148 -150 -152 -153 -156 -157 -159 -162 -164 -165 -167 -170 -172 -174 -176 -178 -181 -182 -185 -187 0
-2 -3 -6 -8 -10 -12 -14 -16 -17 -20 -22 -23 -26 -28 -31 -33 -35 -37 -39 -40 -43 -44 -47 -48 -51 -53 -55 -57 -59 -60 0
-63 -64 -67 -69 -71 -73 -75 -77 -78 -81 -83 -85 -86 -89 -90 -92 -95 -97 -99 -101 -103 -104 -107 -108 -110 -111 -114 -116 -118 -120 -122 -123 0
-126 -127 -130 -132 -134 -136 -138 -140 -141 -144 -146 -148 -149 -152 -153 -155 -158 -160 -162 -164 -166 -167 -170 -171 -174 -175 -177 -179 -181 -183 -185 -186 0
-2 -4 -6 -7 -10 -11 -13 -15 -17 -19 -20 -22 -24 -25 -27 -29 -30 -32 -34 -37 -39 -41 -43 -44 -47 -49 -50 -53 -54 -57 -58 -61 0
-63 -65 -67 -68 -71 -72 -74 -76 -78 -80 -83 -85 -87 -88 -91 -93 -94 -96 -98 -101 -103 -105 -107 -108 -110 -112 -113 -116 -117 -120 -121 -124 0
-126 -128 -130 -131 -134 -135 -137 -139 -141 -143 -146 -148 -150 -151 -154 -156 -157 -159 -161 -164 -166 -168 -170 -171 -174 -176 -179 -180 -183 -184 -187 0
-1 -4 -6 -7 -9 -11 -14 -16 -18 -19 -22 -23 -27 -29 -31 -33 -34 -37 -39 -41 -42 -45 -47 -48 -50 -52 -54 -57 -59 -60 0
-125 -128 -130 -131 -133 -135 -138 -140 -142 -143 -145 -148 -149 -152 -154 -156 -158 -160 -161 -164 -166 -168 -169 -172 -174 -175 -178 -180 -183 -185 -186 0
-1 -3 -5 -7 -10 -11 -13 -16 -17 -19 -20 -21 -23 -26 -29 -31 -33 -34 -36 -39 -41 -43 -44 -47 -48 -50 -52 -54 -57 -59 -60 0
-62 -64 -66 -68 -71 -72 -74 -77 -78 -80 -83 -84 -86 -89 -90 -93 -95 -97 -98 -100 -103 -105 -107 -108 -110 -111 -113 -115 -117 -120 -122 -123 0
-125 -127 -129 -131 -134 -135 -137 -140 -141 -143 -146 -147 -149 -152 -153 -156 -158 -160 -161 -163 -166 -168 -170 -171 -174 -175 -178 -180 -183 -185 -186 0
-1 -4 -5 -8 -10 -11 -14 -16 -18 -20 -21 -24 -26 -29 -31 -32 -34 -36 -38 -40 -42 -44 -46 -48 -51 -52 -54 -56 -59 -60 0
-62 -65 -66 -69 -71 -72 -75 -77 -79 -81 -83 -84 -87 -89 -90 -93 -95 -96 -98 -100 -102 -104 -106 -108 -109 -111 -114 -115 -117 -119 -122 -123 0
-125 -128 -129 -132 -134 -135 -138 -140 -142 -144 -146 -147 -150 -152 -153 -156 -158 -159 -161 -163 -165 -167 -169 -171 -173 -175 -177 -178 -180 -182 -185 -186 0
-2 -4 -5 -7 -9 -11 -13 -16 -18 -21 -24 -25 -26 -29 -31 -32 -34 -36 -38 -40 -43 -45 -46 -48 -51 -53 -54 -56 -58 -60 0
-126 -128 -129 -131 -133 -135 -137 -140 -142 -144 -145 -147 -150 -151 -153 -156 -158 -159 -161 -163 -165 -167 -170 -172 -173 -175 -177 -179 -180 -182 -184 -186 0
-2 -3 -6 -8 -9 -11 -13 -15 -18 -21 -23 -27 -29 -31 -33 -34 -37 -39 -41 -43 -45 -46 -48 -50 -53 -55 -56 -58 -60 0
-126 -127 -130 -132 -133 -135 -137 -139 -142 -144 -145 -147 -149 -152 -154 -156 -158 -160 -161 -164 -166 -168 -170 -172 -173 -175 -179 -181 -182 -184 -186 0
-2 -3 -6 -8 -10 -12 -13 -16 -17 -22 -24 -25 -26 -28 -30 -32 -34 -37 -39 -40 -43 -44 -47 -49 -51 -53 -55 -57 -59 -60 0
-63 -64 -67 -69 -71 -73 -74 -77 -78 -81 -82 -85 -87 -88 -90 -92 -94 -96 -98 -101 -103 -104 -107 -108 -110 -112 -114 -116 -118 -120 -122 -123 0
-126 -127 -130 -132 -134 -136 -137 -140 -141 -144 -145 -148 -150 -151 -153 -155 -157 -159 -161 -164 -166 -167 -170 -171 -174 -176 -177 -179 -181 -183 -185 -186 0
-1 -4 -5 -8 -9 -12 -14 -16 -17 -19 -20 -22 -24 -25 -26 -28 -31 -33 -34 -36 -39 -41 -43 -44 -47 -48 -51 -52 -55 -56 -58 -60 0
-62 -65 -66 -69 -70 -73 -75 -77 -78 -80 -83 -85 -87 -88 -90 -92 -95 -97 -98 -100 -103 -105 -107 -108 -110 -111 -114 -115 -118 -119 -121 -123 0
-125 -128 -129 -132 -133 -136 -138 -140 -141 -143 -146 -148 -150 -151 -153 -155 -158 -160 -161 -163 -166 -168 -170 -171 -174 -175 -177 -178 -181 -182 -184 -186 0
-2 -3 -6 -7 -10 -12 -14 -16 -17 -22 -23 -26 -28 -30 -32 -34 -37 -39 -41 -42 -45 -46 -49 -51 -52 -54 -57 -59 -61 0
-126 -127 -130 -131 -134 -136 -138 -140 -141 -144 -145 -148 -149 -152 -153 -155 -157 -159 -161 -164 -166 -168 -169 -172 -173 -176 -177 -178 -180 -183 -185 -187 0
-2 -3 -5 -8 -9 -11 -13 -15 -18 -19 -21 -24 -25 -26 -29 -31 -33 -35 -37 -39 -41 -43 -44 -47 -48 -50 -53 -55 -56 -58 -60 0
-63 -64 -66 -69 -70 -72 -74 -76 -79 -80 -82 -84 -87 -88 -90 -93 -95 -97 -99 -101 -103 -105 -107 -108 -110 -111 -113 -116 -118 -119 -121 -123 0
-126 -127 -129 -132 -133 -135 -137 -139 -142 -143 -145 -147 -150 -151 -153 -156 -158 -160 -162 -164 -166 -168 -170 -171 -174 -175 -179 -181 -182 -184 -186 0
-1 -3 -6 -8 -9 -11 -14 -16 -18 -19 -22 -24 -26 -28 -30 -32 -35 -37 -39 -41 -43 -44 -46 -48 -50 -52 -55 -56 -58 -60 0
-62 -64 -67 -69 -70 -72 -75 -77 -79 -80 -82 -85 -87 -89 -90 -92 -94 -96 -99 -101 -103 -105 -107 -108 -109 -111 -113 -115 -118 -119 -121 -123 0
-125 -127 -130 -132 -133 -135 -138 -140 -142 -143 -145 -148 -150 -152 -153 -155 -157 -159 -162 -164 -166 -168 -170 -171 -173 -175 -178 -181 -182 -184 -186 0
-2 -4 -5 -8 -9 -11 -13 -16 -17 -19 -20 -21 -24 -27 -28 -31 -32 -35 -37 -39 -41 -42 -44 -46 -48 -50 -53 -55 -57 -58 -60 0
-63 -65 -66 -69 -70 -72 -74 -77 -78 -80 -83 -84 -87 -89 -91 -92 -95 -96 -99 -101 -103 -105 -106 -108 -109 -111 -113 -116 -118 -120 -121 -123 0
-126 -128 -129 -132 -133 -135 -137 -140 -141 -143 -146 -147 -150 -152 -154 -155 -158 -159 -162 -164 -166 -168 -169 -171 -173 -175 -179 -181 -183 -184 -186 0
-2 -3 -5 -7 -10 -11 -14 -16 -18 -20 -21 -24 -25 -27 -29 -31 -33 -35 -36 -38 -41 -42 -45 -46 -49 -50 -52 -55 -57 -59 -60 0
-126 -127 -129 -131 -134 -135 -138 -140 -142 -144 -146 -147 -150 -151 -154 -156 -158 -160 -162 -163 -165 -168 -169 -172 -173 -176 -178 -181 -183 -185 -186 0
-2 -3 -6 -7 -10 -12 -14 -15 -17 -19 -21 -23 -25 -26 -29 -31 -32 -34 -37 -38 -41 -43 -44 -46 -49 -50 -52 -55 -56 -58 -60 0
-63 -64 -67 -68 -71 -73 -75 -76 -78 -80 -82 -84 -86 -88 -90 -93 -95 -96 -98 -101 -102 -105 -107 -108 -109 -112 -113 -115 -118 -119 -121 -123 0
-126 -127 -130 -131 -134 -136 -138 -139 -141 -143 -145 -147 -149 -151 -153 -156 -158 -159 -161 -164 -165 -168 -170 -171 -173 -176 -178 -181 -182 -184 -186 0
-2 -4 -6 -8 -9 -12 -14 -15 -18 -19 -20 -21 -23 -26 -28 -31 -32 -35 -37 -39 -40 -43 -45 -47 -49 -50 -52 -54 -56 -58 -61 0
-126 -128 -130 -132 -133 -136 -138 -139 -142 -143 -146 -147 -149 -152 -153 -155 -158 -159 -162 -164 -166 -167 -170 -172 -174 -176 -178 -180 -182 -184 -187 0
-1 -4 -6 -8 -10 -11 -13 -16 -17 -20 -22 -23 -25 -26 -29 -31 -32 -35 -36 -39 -41 -42 -44 -47 -49 -51 -52 -54 -56 -58 -60 0
-62 -65 -67 -69 -71 -72 -74 -77 -78 -81 -83 -85 -86 -88 -90 -93 -95 -96 -99 -100 -103 -105 -106 -108 -110 -112 -114 -115 -117 -119 -121 -123 0
-125 -128 -130 -132 -134 -135 -137 -140 -141 -144 -146 -148 -149 -151 -153 -156 -158 -159 -162 -163 -166 -168 -169 -171 -174 -176 -177 -178 -180 -182 -184 -186 0
-1 -3 -5 -8 -9 -12 -14 -16 -18 -19 -20 -22 -24 -25 -26 -28 -31 -32 -35 -36 -39 -41 -42 -44 -46 -49 -50 -52 -54 -56 -58 -60 0
-62 -64 -66 -69 -70 -73 -75 -77 -79 -80 -83 -85 -87 -88 -90 -92 -95 -96 -99 -100 -103 -105 -106 -108 -109 -112 -113 -115 -117 -119 -121 -123 0
-125 -127 -129 -132 -133 -136 -138 -140 -142 -143 -146 -148 -150 -151 -153 -155 -158 -159 -162 -163 -166 -168 -169 -171 -173 -176 -178 -180 -182 -184 -186 0
-2 -3 -6 -8 -9 -11 -14 -16 -17 -19 -20 -22 -23 -26 -29 -30 -32 -34 -37 -38 -41 -42 -44 -46 -49 -51 -52 -54 -57 -59 -60 0
-63 -64 -67 -69 -70 -72 -75 -77 -78 -80 -83 -85 -86 -89 -90 -93 -94 -96 -98 -101 -102 -105 -106 -108 -109 -112 -114 -115 -117 -120 -122 -123 0
-126 -127 -130 -132 -133 -135 -138 -140 -141 -143 -146 -148 -149 -152 -153 -156 -157 -159 -161 -164 -165 -168 -169 -171 -173 -176 -177 -178 -180 -183 -185 -186 0
-1 -3 -5 -8 -10 -12 -13 -16 -18 -19 -20 -21 -24 -25 -26 -28 -30 -33 -35 -37 -38 -40 -43 -45 -47 -49 -51 -52 -54 -56 -59 -61 0
-125 -127 -129 -132 -134 -136 -137 -140 -142 -143 -146 -147 -150 -151 -153 -155 -157 -160 -162 -164 -165 -167 -170 -172 -174 -176 -177 -178 -180 -182 -185 -187 0
-1 -4 -5 -7 -9 -11 -14 -15 -17 -22 -23 -25 -26 -28 -31 -33 -34 -36 -39 -40 -42 -45 -46 -48 -50 -52 -54 -57 -59 -60 0
-125 -128 -129 -131 -133 -135 -138 -139 -141 -144 -145 -148 -149 -151 -153 -155 -158 -160 -161 -163 -166 -167 -169 -172 -173 -175 -178 -180 -183 -185 -186 0
-1 -3 -5 -7 -9 -12 -14 -15 -17 -19 -20 -22 -23 -26 -28 -30 -32 -35 -37 -39 -40 -43 -45 -47 -49 -51 -52 -55 -56 -58 -61 0
-125 -127 -129 -131 -133 -136 -138 -139 -141 -143 -146 -148 -149 -152 -153 -155 -157 -159 -162 -164 -166 -167 -170 -172 -174 -176 -177 -178 -181 -182 -184 -187 0
-1 -3 -6 -8 -9 -12 -13 -15 -18 -19 -20 -21 -24 -25 -27 -28 -31 -32 -35 -37 -39 -41 -42 -45 -47 -48 -50 -53 -55 -57 -58 -60 0
-125 -127 -130 -132 -133 -136 -137 -139 -142 -143 -146 -147 -150 -151 -154 -155 -158 -159 -162 -164 -166 -168 -169 -172 -174 -175 -179 -181 -183 -184 -186 0
-1 -4 -6 -7 -9 -11 -13 -15 -17 -19 -20 -22 -23 -27 -29 -31 -33 -34 -37 -39 -41 -43 -45 -47 -48 -50 -52 -54 -57 -59 -60 0
-125 -128 -130 -131 -133 -135 -137 -139 -141 -143 -146 -148 -149 -152 -154 -156 -158 -160 -161 -164 -166 -168 -170 -172 -174 -175 -178 -180 -183 -185 -186 0
-2 -4 -5 -8 -9 -12 -14 -15 -17 -19 -20 -21 -23 -25 -26 -29 -31 -32 -35 -37 -38 -41 -43 -44 -47 -49 -50 -52 -55 -57 -58 -60 0
-63 -65 -66 -69 -70 -73 -75 -76 -78 -80 -83 -84 -86 -88 -90 -93 -95 -96 -99 -101 -102 -105 -107 -108 -110 -112 -113 -115 -118 -120 -121 -123 0
-126 -128 -129 -132 -133 -136 -138 -139 -141 -143 -146 -147 -149 -151 -153 -156 -158 -159 -162 -164 -165 -168 -170 -171 -174 -176 -178 -181 -183 -184 -186 0
-2 -3 -5 -7 -9 -11 -13 -15 -18 -22 -24 -25 -26 -29 -30 -32 -34 -36 -38 -40 -43 -45 -46 -48 -51 -53 -55 -56 -58 -60 0
-126 -127 -129 -131 -133 -135 -137 -139 -142 -144 -145 -148 -150 -151 -153 -156 -157 -159 -161 -163 -165 -167 -170 -172 -173 -175 -177 -179 -181 -182 -184 -186 0
-2 -3 -6 -7 -9 -12 -14 -16 -17 -20 -22 -24 -26 -28 -31 -33 -35 -36 -39 -41 -42 -44 -46 -48 -50 -53 -55 -56 -58 -60 0
-63 -64 -67 -68 -70 -73 -75 -77 -78 -81 -83 -85 -87 -89 -90 -92 -95 -97 -99 -100 -103 -105 -106 -108 -109 -111 -113 -116 -118 -119 -121 -123 0
-126 -127 -130 -131 -133 -136 -138 -140 -141 -144 -146 -148 -150 -152 -153 -155 -158 -160 -162 -163 -166 -168 -169 -171 -173 -175 -179 -181 -182 -184 -186 0
-1 -3 -6 -7 -10 -11 -14 -15 -17 -19 -20 -21 -24 -26 -29 -30 -33 -34 -36 -38 -41 -43 -44 -47 -48 -50 -53 -55 -57 -58 -61 0
-62 -64 -67 -68 -71 -72 -75 -76 -78 -80 -83 -84 -87 -89 -90 -93 -94 -97 -98 -100 -102 -105 -107 -108 -110 -111 -113 -116 -118 -120 -121 -124 0
-125 -127 -130 -131 -134 -135 -138 -139 -141 -143 -146 -147 -150 -152 -153 -156 -157 -160 -161 -163 -165 -168 -170 -171 -174 -175 -179 -181 -183 -184 -187 0
-2 -3 -6 -7 -10 -11 -13 -16 -18 -19 -22 -24 -27 -29 -30 -32 -35 -37 -39 -41 -43 -44 -46 -48 -51 -52 -55 -57 -59 -60 0
-63 -64 -67 -68 -71 -72 -74 -77 -79 -80 -82 -85 -87 -89 -91 -93 -94 -96 -99 -101 -103 -105 -107 -108 -109 -111 -114 -115 -118 -120 -122 -123 0
-126 -127 -130 -131 -134 -135 -137 -140 -142 -143 -145 -148 -150 -152 -154 -156 -157 -159 -162 -164 -166 -168 -170 -171 -173 -175 -177 -178 -181 -183 -185 -186 0
-2 -3 -6 -8 -9 -11 -14 -15 -18 -19 -20 -22 -24 -27 -28 -31 -33 -34 -37 -38 -40 -43 -45 -47 -49 -51 -53 -55 -57 -58 -61 0
-126 -127 -130 -132 -133 -135 -138 -139 -142 -143 -146 -148 -150 -152 -154 -155 -158 -160 -161 -164 -165 -167 -170 -172 -174 -176 -177 -179 -181 -183 -184 -187 0
-2 -4 -5 -7 -9 -12 -14 -15 -18 -19 -21 -23 -25 -27 -28 -30 -33 -34 -36 -38 -41 -42 -44 -47 -49 -50 -53 -54 -57 -58 -60 0
-63 -65 -66 -68 -70 -73 -75 -76 -79 -80 -82 -84 -86 -88 -91 -92 -94 -97 -98 -100 -102 -105 -106 -108 -110 -112 -113 -116 -117 -120 -121 -123 0
-126 -128 -129 -131 -133 -136 -138 -139 -142 -143 -145 -147 -149 -151 -154 -155 -157 -160 -161 -163 -165 -168 -169 -171 -174 -176 -179 -180 -183 -184 -186 0
-1 -3 -5 -8 -10 -11 -13 -16 -17 -21 -23 -25 -27 -29 -30 -33 -34 -36 -38 -41 -43 -45 -47 -48 -50 -52 -55 -57 -59 -60 0
-125 -127 -129 -132 -134 -135 -137 -140 -141 -144 -145 -147 -149 -151 -154 -156 -157 -160 -161 -163 -165 -168 -170 -172 -174 -175 -178 -181 -183 -185 -186 0
-1 -4 -5 -8 -10 -11 -14 -16 -17 -22 -24 -27 -28 -30 -32 -35 -37 -39 -41 -42 -45 -47 -48 -50 -52 -55 -57 -59 -61 0
-125 -128 -129 -132 -134 -135 -138 -140 -141 -144 -145 -148 -150 -152 -154 -155 -157 -159 -162 -164 -166 -168 -169 -172 -174 -175 -178 -181 -183 -185 -187 0
-2 -4 -5 -7 -9 -11 -13 -16 -17 -19 -20 -22 -23 -27 -28 -31 -33 -35 -36 -39 -41 -43 -44 -47 -49 -51 -53 -54 -57 -59 -60 0
-63 -65 -66 -68 -70 -72 -74 -77 -78 -80 -83 -85 -86 -89 -91 -92 -95 -97 -99 -100 -103 -105 -107 -108 -110 -112 -114 -116 -117 -120 -122 -123 0
-126 -128 -129 -131 -133 -135 -137 -140 -141 -143 -146 -148 -149 -152 -154 -155 -158 -160 -162 -163 -166 -168 -170 -171 -174 -176 -177 -179 -180 -183 -185 -186 0
-2 -3 -6 -7 -10 -12 -14 -16 -18 -19 -20 -22 -24 -25 -26 -28 -30 -33 -34 -37 -38 -40 -42 -44 -47 -48 -50 -52 -54 -56 -59 -60 0
-63 -64 -67 -68 -71 -73 -75 -77 -79 -80 -83 -85 -87 -88 -90 -92 -94 -97 -98 -101 -102 -104 -106 -108 -110 -111 -113 -115 -117 -119 -122 -123 0
-126 -127 -130 -131 -134 -136 -138 -140 -142 -143 -146 -148 -150 -151 -153 -155 -157 -160 -161 -164 -165 -167 -169 -171 -174 -175 -178 -180 -182 -185 -186 0
-2 -4 -5 -8 -9 -12 -13 -15 -18 -22 -24 -25 -27 -28 -31 -33 -34 -37 -39 -41 -42 -44 -46 -49 -51 -52 -55 -56 -59 -60 0
-63 -65 -66 -69 -70 -73 -74 -76 -79 -81 -82 -85 -87 -88 -91 -92 -95 -97 -98 -101 -103 -105 -106 -108 -109 -112 -114 -115 -118 -119 -122 -123 0
-126 -128 -129 -132 -133 -136 -137 -139 -142 -144 -145 -148 -150 -151 -154 -155 -158 -160 -161 -164 -166 -168 -169 -171 -173 -176 -177 -178 -181 -182 -185 -186 0
-2 -4 -5 -7 -10 -11 -14 -16 -18 -19 -20 -21 -24 -25 -26 -29 -30 -33 -35 -37 -38 -40 -42 -45 -47 -48 -50 -53 -54 -57 -59 -60 0
-126 -128 -129 -131 -134 -135 -138 -140 -142 -143 -146 -147 -150 -151 -153 -156 -157 -160 -162 -164 -165 -167 -169 -172 -174 -175 -179 -180 -183 -185 -186 0
-2 -3 -5 -8 -9 -12 -14 -15 -17 -19 -21 -23 -25 -27 -28 -30 -32 -35 -37 -38 -41 -42 -45 -47 -49 -51 -52 -54 -56 -59 -60 0
-126 -127 -129 -132 -133 -136 -138 -139 -141 -143 -145 -147 -149 -151 -154 -155 -157 -159 -162 -164 -165 -168 -169 -172 -174 -176 -177 -178 -180 -182 -185 -186 0
-2 -3 -5 -7 -9 -12 -13 -16 -18 -19 -21 -24 -25 -27 -29 -31 -33 -34 -37 -39 -41 -43 -45 -46 -48 -51 -53 -54 -56 -58 -61 0
-126 -127 -129 -131 -133 -136 -137 -140 -142 -143 -145 -147 -150 -151 -154 -156 -158 -160 -161 -164 -166 -168 -170 -172 -173 -175 -177 -179 -180 -182 -184 -187 0
-2 -4 -6 -8 -10 -12 -13 -15 -17 -19 -20 -22 -23 -26 -28 -31 -32 -35 -36 -38 -40 -42 -45 -47 -48 -50 -52 -55 -56 -58 -60 0
-126 -128 -130 -132 -134 -136 -137 -139 -141 -143 -146 -148 -149 -152 -153 -155 -158 -159 -162 -163 -165 -167 -169 -172 -174 -175 -178 -181 -182 -184 -186 0
-1 -4 -5 -7 -9 -12 -14 -15 -18 -20 -22 -23 -25 -27 -29 -31 -33 -34 -37 -39 -41 -42 -45 -47 -49 -50 -52 -54 -57 -58 -60 0
-125 -128 -129 -131 -133 -136 -138 -139 -142 -144 -146 -148 -149 -151 -154 -156 -158 -160 -161 -164 -166 -168 -169 -172 -174 -176 -178 -180 -183 -184 -186 0
-2 -3 -5 -8 -10 -12 -13 -15 -17 -21 -24 -26 -28 -30 -33 -35 -36 -39 -40 -42 -44 -47 -49 -51 -52 -54 -57 -59 -61 0
-63 -64 -66 -69 -71 -73 -74 -76 -78 -81 -82 -84 -87 -89 -90 -92 -94 -97 -99 -100 -103 -104 -106 -108 -110 -112 -114 -115 -117 -120 -122 -124 0
-126 -127 -129 -132 -134 -136 -137 -139 -141 -144 -145 -147 -150 -152 -153 -155 -157 -160 -162 -163 -166 -167 -169 -171 -174 -176 -177 -178 -180 -183 -185 -187 0
-2 -3 -6 -7 -10 -12 -13 -15 -17 -22 -24 -27 -29 -30 -32 -34 -36 -38 -41 -43 -44 -47 -48 -51 -53 -54 -56 -59 -61 0
-63 -64 -67 -68 -71 -73 -74 -76 -78 -81 -82 -85 -87 -89 -91 -93 -94 -96 -98 -100 -102 -105 -107 -108 -110 -111 -114 -116 -117 -119 -122 -124 0
-126 -127 -130 -131 -134 -136 -137 -139 -141 -144 -145 -148 -150 -152 -154 -156 -157 -159 -161 -163 -165 -168 -170 -171 -174 -175 -177 -179 -180 -182 -185 -187 0
-1 -4 -5 -7 -10 -11 -14 -16 -17 -20 -21 -23 -26 -28 -31 -32 -34 -36 -39 -40 -43 -45 -46 -49 -51 -53 -55 -57 -58 -60 0
-125 -128 -129 -131 -134 -135 -138 -140 -141 -144 -146 -147 -149 -152 -153 -155 -158 -159 -161 -163 -166 -167 -170 -172 -173 -176 -177 -179 -181 -183 -184 -186 0
-2 -4 -6 -7 -10 -12 -13 -15 -18 -19 -22 -24 -26 -29 -30 -33 -34 -37 -38 -41 -42 -44 -47 -48 -50 -52 -54 -57 -59 -61 0
-63 -65 -67 -68 -71 -73 -74 -76 -79 -80 -82 -85 -87 -89 -90 -93 -94 -97 -98 -101 -102 -105 -106 -108 -110 -111 -113 -115 -117 -120 -122 -124 0
-126 -128 -130 -131 -134 -136 -137 -139 -142 -143 -145 -148 -150 -152 -153 -156 -157 -160 -161 -164 -165 -168 -169 -171 -174 -175 -178 -180 -183 -185 -187 0
-2 -4 -6 -7 -9 -12 -13 -15 -18 -20 -21 -24 -25 -27 -28 -30 -32 -35 -36 -38 -40 -43 -45 -46 -48 -51 -53 -55 -56 -59 -60 0
-126 -128 -130 -131 -133 -136 -137 -139 -142 -144 -146 -147 -150 -151 -154 -155 -157 -159 -162 -163 -165 -167 -170 -172 -173 -175 -177 -179 -181 -182 -185 -186 0
-1 -3 -5 -7 -10 -11 -14 -16 -18 -22 -23 -25 -26 -28 -30 -33 -35 -36 -39 -41 -42 -45 -46 -48 -51 -52 -54 -56 -59 -61 0
-125 -127 -129 -131 -134 -135 -138 -140 -142 -144 -145 -148 -149 -151 -153 -155 -157 -160 -162 -163 -166 -168 -169 -172 -173 -175 -177 -178 -180 -182 -185 -187 0
-1 -4 -6 -7 -9 -12 -14 -15 -18 -20 -22 -23 -25 -26 -29 -31 -33 -34 -37 -39 -41 -42 -45 -47 -49 -51 -53 -55 -56 -59 -60 0
-125 -128 -130 -131 -133 -136 -138 -139 -142 -144 -146 -148 -149 -151 -153 -156 -158 -160 -161 -164 -166 -168 -169 -172 -174 -176 -177 -179 -181 -182 -185 -186 0
-1 -4 -5 -7 -9 -12 -14 -15 -18 -19 -21 -23 -25 -27 -29 -30 -32 -35 -37 -39 -40 -42 -44 -47 -48 -50 -52 -55 -56 -59 -60 0
-62 -65 -66 -68 -70 -73 -75 -76 -79 -80 -82 -84 -86 -88 -91 -93 -94 -96 -99 -101 -103 -104 -106 -108 -110 -111 -113 -115 -118 -119 -122 -123 0
-125 -128 -129 -131 -133 -136 -138 -139 -142 -143 -145 -147 -149 -151 -154 -156 -157 -159 -162 -164 -166 -167 -169 -171 -174 -175 -178 -181 -182 -185 -186 0
-1 -3 -5 -8 -9 -11 -14 -16 -18 -19 -20 -22 -23 -25 -26 -29 -30 -32 -35 -36 -38 -41 -43 -45 -46 -49 -51 -52 -55 -56 -59 -61 0
-125 -127 -129 -132 -133 -135 -138 -140 -142 -143 -146 -148 -149 -151 -153 -156 -157 -159 -162 -163 -165 -168 -170 -172 -173 -176 -177 -178 -181 -182 -185 -187 0
-2 -3 -5 -8 -9 -11 -14 -16 -17 -21 -23 -26 -28 -31 -33 -34 -37 -39 -41 -42 -44 -47 -48 -50 -52 -54 -56 -59 -60 0
-63 -64 -66 -69 -70 -72 -75 -77 -78 -81 -82 -84 -86 -89 -90 -92 -95 -97 -98 -101 -103 -105 -106 -108 -110 -111 -113 -115 -117 -119 -122 -123 0
-126 -127 -129 -132 -133 -135 -138 -140 -141 -144 -145 -147 -149 -152 -153 -155 -158 -160 -161 -164 -166 -168 -169 -171 -174 -175 -178 -180 -182 -185 -186 0
-1 -3 -6 -8 -9 -12 -13 -15 -17 -19 -21 -24 -26 -29 -31 -33 -35 -36 -38 -40 -43 -45 -47 -49 -51 -52 -54 -57 -59 -60 0
-125 -127 -130 -132 -133 -136 -137 -139 -141 -143 -145 -147 -150 -152 -153 -156 -158 -160 -162 -163 -165 -167 -170 -172 -174 -176 -177 -178 -180 -183 -185 -186 0
-2 -3 -5 -8 -9 -12 -14 -16 -18 -20 -21 -23 -25 -26 -29 -31 -33 -34 -37 -39 -41 -43 -45 -47 -49 -51 -53 -55 -56 -59 -61 0
-126 -127 -129 -132 -133 -136 -138 -140 -142 -144 -146 -147 -149 -151 -153 -156 -158 -160 -161 -164 -166 -168 -170 -172 -174 -176 -177 -179 -181 -182 -185 -187 0
-2 -3 -5 -8 -10 -12 -14 -16 -18 -22 -24 -25 -27 -29 -30 -33 -35 -37 -39 -40 -43 -45 -47 -49 -51 -53 -55 -57 -58 -60 0
-126 -127 -129 -132 -134 -136 -138 -140 -142 -144 -145 -148 -150 -151 -154 -156 -157 -160 -162 -164 -166 -167 -170 -172 -174 -176 -177 -179 -181 -183 -184 -186 0
-2 -3 -5 -8 -10 -12 -14 -16 -17 -19 -20 -21 -23 -26 -28 -30 -33 -35 -36 -39 -41 -42 -45 -46 -49 -50 -53 -54 -57 -58 -61 0
-126 -127 -129 -132 -134 -136 -138 -140 -141 -143 -146 -147 -149 -152 -153 -155 -157 -160 -162 -163 -166 -168 -169 -172 -173 -176 -179 -180 -183 -184 -187 0
-2 -4 -6 -7 -9 -12 -14 -15 -18 -22 -24 -25 -27 -28 -30 -33 -34 -37 -39 -40 -43 -45 -47 -48 -50 -52 -55 -56 -58 -60 0
-126 -128 -130 -131 -133 -136 -138 -139 -142 -144 -145 -148 -150 -151 -154 -155 -157 -160 -161 -164 -166 -167 -170 -172 -174 -175 -178 -181 -182 -184 -186 0
-2 -3 -5 -8 -9 -12 -13 -15 -18 -19 -20 -21 -24 -25 -27 -29 -30 -33 -35 -37 -38 -40 -42 -45 -46 -49 -51 -53 -55 -56 -59 -61 0
-126 -127 -129 -132 -133 -136 -137 -139 -142 -143 -146 -147 -150 -151 -154 -156 -157 -160 -162 -164 -165 -167 -169 -172 -173 -176 -177 -179 -181 -182 -185 -187 0
-1 -4 -6 -8 -10 -12 -13 -16 -17 -22 -23 -27 -28 -31 -32 -35 -36 -38 -40 -42 -44 -47 -49 -51 -52 -54 -56 -58 -60 0
-62 -65 -67 -69 -71 -73 -74 -77 -78 -81 -82 -85 -86 -89 -91 -92 -95 -96 -99 -100 -102 -104 -106 -108 -110 -112 -114 -115 -117 -119 -121 -123 0
-125 -128 -130 -132 -134 -136 -137 -140 -141 -144 -145 -148 -149 -152 -154 -155 -158 -159 -162 -163 -165 -167 -169 -171 -174 -176 -177 -178 -180 -182 -184 -186 0
-2 -3 -5 -8 -10 -12 -13 -15 -17 -20 -21 -24 -26 -29 -31 -32 -34 -36 -38 -41 -43 -44 -47 -49 -50 -53 -54 -57 -59 -60 0
-63 -64 -66 -69 -71 -73 -74 -76 -78 -81 -83 -84 -87 -89 -90 -93 -95 -96 -98 -100 -102 -105 -107 -108 -110 -112 -113 -116 -117 -120 -122 -123 0
-126 -127 -129 -132 -134 -136 -137 -139 -141 -144 -146 -147 -150 -152 -153 -156 -158 -159 -161 -163 -165 -168 -170 -171 -174 -176 -179 -180 -183 -185 -186 0
-2 -3 -5 -8 -10 -11 -13 -16 -17 -19 -20 -21 -24 -27 -28 -31 -33 -35 -36 -39 -41 -42 -44 -46 -49 -50 -52 -54 -57 -59 -60 0
-63 -64 -66 -69 -71 -72 -74 -77 -78 -80 -83 -84 -87 -89 -91 -92 -95 -97 -99 -100 -103 -105 -106 -108 -109 -112 -113 -115 -117 -120 -122 -123 0
-126 -127 -129 -132 -134 -135 -137 -140 -141 -143 -146 -147 -150 -152 -154 -155 -158 -160 -162 -163 -166 -168 -169 -171 -173 -176 -178 -180 -183 -185 -186 0
-1 -4 -6 -7 -10 -12 -14 -15 -18 -20 -22 -24 -26 -29 -30 -33 -35 -37 -38 -40 -42 -44 -46 -49 -51 -52 -54 -56 -59 -61 0
-62 -65 -67 -68 -71 -73 -75 -76 -79 -81 -83 -85 -87 -89 -90 -93 -94 -97 -99 -101 -102 -104 -106 -108 -109 -112 -114 -115 -117 -119 -122 -124 0
-125 -128 -130 -131 -134 -136 -138 -139 -142 -144 -146 -148 -150 -152 -153 -156 -157 -160 -162 -164 -165 -167 -169 -171 -173 -176 -177 -178 -180 -182 -185 -187 0
-2 -4 -5 -8 -10 -11 -13 -16 -18 -20 -22 -24 -27 -28 -31 -33 -35 -37 -38 -41 -43 -45 -46 -48 -50 -52 -55 -56 -59 -60 0
-126 -128 -129 -132 -134 -135 -137 -140 -142 -144 -146 -148 -150 -152 -154 -155 -158 -160 -162 -164 -165 -168 -170 -172 -173 -175 -178 -181 -182 -185 -186 0
-1 -3 -5 -8 -9 -12 -13 -16 -18 -19 -20 -22 -23 -26 -28 -30 -33 -35 -36 -38 -40 -42 -44 -46 -49 -51 -53 -54 -57 -58 -61 0
-62 -64 -66 -69 -70 -73 -74 -77 -79 -80 -83 -85 -86 -89 -90 -92 -94 -97 -99 -100 -102 -104 -106 -108 -109 -112 -114 -116 -117 -120 -121 -124 0
-125 -127 -129 -132 -133 -136 -137 -140 -142 -143 -146 -148 -149 -152 -153 -155 -157 -160 -162 -163 -165 -167 -169 -171 -173 -176 -177 -179 -180 -183 -184 -187 0
-2 -3 -6 -8 -10 -11 -13 -15 -18 -19 -20 -21 -24 -27 -28 -30 -33 -34 -36 -38 -41 -43 -44 -46 -48 -51 -52 -55 -57 -59 -60 0
-63 -64 -67 -69 -71 -72 -74 -76 -79 -80 -83 -84 -87 -89 -91 -92 -94 -97 -98 -100 -102 -105 -107 -108 -109 -111 -114 -115 -118 -120 -122 -123 0
-126 -127 -130 -132 -134 -135 -137 -139 -142 -143 -146 -147 -150 -152 -154 -155 -157 -160 -161 -163 -165 -168 -170 -171 -173 -175 -177 -178 -181 -183 -185 -186 0
-2 -4 -6 -7 -10 -12 -14 -16 -18 -19 -20 -22 -24 -27 -29 -31 -32 -35 -37 -38 -40 -43 -45 -47 -49 -50 -53 -55 -57 -58 -60 0
-126 -128 -130 -131 -134 -136 -138 -140 -142 -143 -146 -148 -150 -152 -154 -156 -158 -159 -162 -164 -165 -167 -170 -172 -174 -176 -179 -181 -183 -184 -186 0
-1 -4 -6 -8 -10 -12 -14 -16 -18 -19 -22 -23 -25 -27 -29 -31 -33 -35 -37 -39 -40 -42 -44 -46 -49 -50 -52 -54 -56 -58 -60 0
-62 -65 -67 -69 -71 -73 -75 -77 -79 -80 -82 -85 -86 -88 -91 -93 -95 -97 -99 -101 -103 -104 -106 -108 -109 -112 -113 -115 -117 -119 -121 -123 0
-125 -128 -130 -132 -134 -136 -138 -140 -142 -143 -145 -148 -149 -151 -154 -156 -158 -160 -162 -164 -166 -167 -169 -171 -173 -176 -178 -180 -182 -184 -186 0
-2 -4 -6 -8 -9 -12 -14 -15 -17 -19 -21 -23 -25 -27 -28 -31 -32 -35 -36 -39 -41 -43 -44 -47 -48 -50 -53 -54 -56 -58 -60 0
-63 -65 -67 -69 -70 -73 -75 -76 -78 -80 -82 -84 -86 -88 -91 -92 -95 -96 -99 -100 -103 -105 -107 -108 -110 -111 -113 -116 -117 -119 -121 -123 0
-126 -128 -130 -132 -133 -136 -138 -139 -141 -143 -145 -147 -149 -151 -154 -155 -158 -159 -162 -163 -166 -168 -170 -171 -174 -175 -179 -180 -182 -184 -186 0
-1 -3 -6 -7 -10 -11 -13 -16 -17 -19 -20 -21 -24 -25 -26 -29 -31 -33 -35 -36 -38 -41 -43 -45 -47 -48 -51 -53 -54 -57 -58 -60 0
-125 -127 -130 -131 -134 -135 -137 -140 -141 -143 -146 -147 -150 -151 -153 -156 -158 -160 -162 -163 -165 -168 -170 -172 -174 -175 -177 -179 -180 -183 -184 -186 0
-1 -3 -6 -7 -9 -11 -13 -15 -17 -19 -22 -24 -25 -27 -28 -31 -33 -35 -37 -38 -41 -42 -44 -47 -49 -50 -52 -54 -56 -59 -61 0
-62 -64 -67 -68 -70 -72 -74 -76 -78 -80 -82 -85 -87 -88 -91 -92 -95 -97 -99 -101 -102 -105 -106 -108 -110 -112 -113 -115 -117 -119 -122 -124 0
-125 -127 -130 -131 -133 -135 -137 -139 -141 -143 -145 -148 -150 -151 -154 -155 -158 -160 -162 -164 -165 -168 -169 -171 -174 -176 -178 -180 -182 -185 -187 0
-1 -4 -5 -8 -10 -12 -13 -16 -17 -19 -20 -21 -23 -27 -28 -30 -33 -34 -37 -39 -41 -43 -45 -46 -49 -51 -53 -54 -57 -58 -61 0
-125 -128 -129 -132 -134 -136 -137 -140 -141 -143 -146 -147 -149 -152 -154 -155 -157 -160 -161 -164 -166 -168 -170 -172 -173 -176 -177 -179 -180 -183 -184 -187 0
-1 -3 -6 -8 -9 -12 -13 -16 -17 -22 -24 -27 -29 -30 -33 -34 -36 -38 -41 -43 -44 -47 -48 -50 -52 -54 -57 -59 -60 0
-62 -64 -67 -69 -70 -73 -74 -77 -78 -81 -82 -85 -87 -89 -91 -93 -94 -97 -98 -100 -102 -105 -107 -108 -110 -111 -113 -115 -117 -120 -122 -123 0
-125 -127 -130 -132 -133 -136 -137 -140 -141 -144 -145 -148 -150 -152 -154 -156 -157 -160 -161 -163 -165 -168 -170 -171 -174 -175 -178 -180 -183 -185 -186 0
1 -188 0
4 -188 0
5 -188 0
7 -188 0
9 -188 0
11 -188 0
13 -188 0
16 -188 0
17 -188 0
21 -188 0
24 -188 0
25 -188 0
26 -188 0
29 -188 0
31 -188 0
32 -188 0
35 -188 0
36 -188 0
39 -188 0
41 -188 0
43 -188 0
44 -188 0
46 -188 0
49 -188 0
51 -188 0
53 -188 0
54 -188 0
57 -188 0
58 -188 0
61 -188 0
62 -189 0
65 -189 0
66 -189 0
68 -189 0
70 -189 0
72 -189 0
74 -189 0
77 -189 0
78 -189 0
81 -189 0
82 -189 0
84 -189 0
87 -189 0
88 -189 0
90 -189 0
93 -189 0
95 -189 0
96 -189 0
99 -189 0
100 -189 0
103 -189 0
105 -189 0
107 -189 0
108 -189 0
109 -189 0
112 -189 0
114 -189 0
116 -189 0
117 -189 0
120 -189 0
121 -189 0
124 -189 0
125 -190 0
128 -190 0
129 -190 0
131 -190 0
133 -190 0
135 -190 0
137 -190 0
140 -190 0
141 -190 0
144 -190 0
145 -190 0
147 -190 0
150 -190 0
151 -190 0
153 -190 0
156 -190 0
158 -190 0
159 -190 0
162 -190 0
163 -190 0
166 -190 0
168 -190 0
170 -190 0
171 -190 0
173 -190 0
176 -190 0
177 -190 0
179 -190 0
180 -190 0
183 -190 0
184 -190 0
187 -190 0
1 -191 0
4 -191 0
5 -191 0
8 -191 0
10 -191 0
12 -191 0
13 -191 0
15 -191 0
18 -191 0
19 -191 0
20 -191 0
21 -191 0
24 -191 0
25 -191 0
27 -191 0
28 -191 0
31 -191 0
33 -191 0
35 -191 0
36 -191 0
38 -191 0
41 -191 0
42 -191 0
45 -191 0
47 -191 0
48 -191 0
50 -191 0
53 -191 0
54 -191 0
57 -191 0
58 -191 0
61 -191 0
62 -192 0
65 -192 0
66 -192 0
69 -192 0
71 -192 0
73 -192 0
74 -192 0
76 -192 0
79 -192 0
80 -192 0
83 -192 0
84 -192 0
87 -192 0
88 -192 0
91 -192 0
92 -192 0
95 -192 0
97 -192 0
99 -192 0
100 -192 0
102 -192 0
105 -192 0
106 -192 0
-192 0
110 -192 0
111 -192 0
113 -192 0
116 -192 0
117 -192 0
120 -192 0
121 -192 0
124 -192 0
125 -193 0
128 -193 0
129 -193 0
132 -193 0
134 -193 0
136 -193 0
137 -193 0
139 -193 0
142 -193 0
143 -193 0
146 -193 0
147 -193 0
150 -193 0
151 -193 0
154 -193 0
155 -193 0
158 -193 0
160 -193 0
162 -193 0
163 -193 0
165 -193 0
168 -193 0
169 -193 0
172 -193 0
174 -193 0
175 -193 0
179 -193 0
180 -193 0
183 -193 0
184 -193 0
187 -193 0
2 -194 0
4 -194 0
5 -194 0
8 -194 0
9 -194 0
11 -194 0
14 -194 0
16 -194 0
17 -194 0
19 -194 0
21 -194 0
24 -194 0
26 -194 0
29 -194 0
31 -194 0
32 -194 0
35 -194 0
36 -194 0
38 -194 0
41 -194 0
42 -194 0
45 -194 0
47 -194 0
49 -194 0
50 -194 0
53 -194 0
54 -194 0
57 -194 0
59 -194 0
61 -194 0
63 -195 0
65 -195 0
66 -195 0
69 -195 0
70 -195 0
72 -195 0
75 -195 0
77 -195 0
78 -195 0
80 -195 0
82 -195 0
84 -195 0
87 -195 0
89 -195 0
90 -195 0
93 -195 0
95 -195 0
96 -195 0
99 -195 0
100 -195 0
102 -195 0
105 -195 0
106 -195 0
-195 0
110 -195 0
112 -195 0
113 -195 0
116 -195 0
117 -195 0
120 -195 0
122 -195 0
124 -195 0
126 -196 0
128 -196 0
129 -196 0
132 -196 0
133 -196 0
135 -196 0
138 -196 0
140 -196 0
141 -196 0
143 -196 0
145 -196 0
147 -196 0
150 -196 0
152 -196 0
153 -196 0
156 -196 0
158 -196 0
159 -196 0
162 -196 0
163 -196 0
165 -196 0
168 -196 0
169 -196 0
172 -196 0
174 -196 0
176 -196 0
179 -196 0
180 -196 0
183 -196 0
185 -196 0
187 -196 0
2 -197 0
4 -197 0
6 -197 0
7 -197 0
10 -197 0
11 -197 0
13 -197 0
15 -197 0
17 -197 0
19 -197 0
20 -197 0
22 -197 0
24 -197 0
25 -197 0
27 -197 0
28 -197 0
31 -197 0
33 -197 0
34 -197 0
36 -197 0
39 -197 0
41 -197 0
42 -197 0
44 -197 0
46 -197 0
49 -197 0
51 -197 0
52 -197 0
55 -197 0
56 -197 0
58 -197 0
61 -197 0
63 -198 0
65 -198 0
67 -198 0
68 -198 0
71 -198 0
72 -198 0
74 -198 0
76 -198 0
78 -198 0
80 -198 0
83 -198 0
85 -198 0
87 -198 0
88 -198 0
91 -198 0
92 -198 0
95 -198 0
97 -198 0
98 -198 0
100 -198 0
103 -198 0
105 -198 0
106 -198 0
108 -198 0
109 -198 0
112 -198 0
114 -198 0
115 -198 0
118 -198 0
119 -198 0
121 -198 0
124 -198 0
126 -199 0
128 -199 0
130 -199 0
131 -199 0
134 -199 0
135 -199 0
137 -199 0
139 -199 0
141 -199 0
143 -199 0
146 -199 0
148 -199 0
150 -199 0
151 -199 0
154 -199 0
155 -199 0
158 -199 0
160 -199 0
161 -199 0
163 -199 0
166 -199 0
168 -199 0
169 -199 0
171 -199 0
173 -199 0
176 -199 0
177 -199 0
178 -199 0
181 -199 0
182 -199 0
184 -199 0
187 -199 0
2 -200 0
4 -200 0
5 -200 0
8 -200 0
10 -200 0
11 -200 0
14 -200 0
15 -200 0
17 -200 0
21 -200 0
24 -200 0
27 -200 0
29 -200 0
30 -200 0
33 -200 0
34 -200 0
36 -200 0
39 -200 0
40 -200 0
43 -200 0
45 -200 0
46 -200 0
48 -200 0
51 -200 0
52 -200 0
54 -200 0
57 -200 0
58 -200 0
61 -200 0
63 -201 0
65 -201 0
66 -201 0
69 -201 0
71 -201 0
72 -201 0
75 -201 0
76 -201 0
78 -201 0
81 -201 0
82 -201 0
84 -201 0
87 -201 0
89 -201 0
91 -201 0
93 -201 0
94 -201 0
97 -201 0
98 -201 0
100 -201 0
103 -201 0
104 -201 0
107 -201 0
-201 0
109 -201 0
111 -201 0
114 -201 0
115 -201 0
117 -201 0
120 -201 0
121 -201 0
124 -201 0
126 -202 0
128 -202 0
129 -202 0
132 -202 0
134 -202 0
135 -202 0
138 -202 0
139 -202 0
141 -202 0
144 -202 0
145 -202 0
147 -202 0
150 -202 0
152 -202 0
154 -202 0
156 -202 0
157 -202 0
160 -202 0
161 -202 0
163 -202 0
166 -202 0
167 -202 0
170 -202 0
172 -202 0
173 -202 0
175 -202 0
177 -202 0
178 -202 0
180 -202 0
183 -202 0
184 -202 0
187 -202 0
1 -203 0
4 -203 0
6 -203 0
8 -203 0
9 -203 0
11 -203 0
13 -203 0
15 -203 0
18 -203 0
19 -203 0
22 -203 0
24 -203 0
26 -203 0
29 -203 0
30 -203 0
32 -203 0
35 -203 0
36 -203 0
38 -203 0
40 -203 0
43 -203 0
44 -203 0
47 -203 0
49 -203 0
50 -203 0
52 -203 0
54 -203 0
57 -203 0
58 -203 0
61 -203 0
62 -204 0
65 -204 0
67 -204 0
69 -204 0
70 -204 0
72 -204 0
74 -204 0
76 -204 0
79 -204 0
80 -204 0
82 -204 0
85 -204 0
87 -204 0
89 -204 0
90 -204 0
93 -204 0
94 -204 0
96 -204 0
99 -204 0
100 -204 0
102 -204 0
104 -204 0
107 -204 0
108 -204 0
110 -204 0
112 -204 0
113 -204 0
115 -204 0
117 -204 0
120 -204 0
121 -204 0
124 -204 0
125 -205 0
128 -205 0
130 -205 0
132 -205 0
133 -205 0
135 -205 0
137 -205 0
139 -205 0
142 -205 0
143 -205 0
145 -205 0
148 -205 0
150 -205 0
152 -205 0
153 -205 0
156 -205 0
157 -205 0
159 -205 0
162 -205 0
163 -205 0
165 -205 0
167 -205 0
170 -205 0
171 -205 0
174 -205 0
176 -205 0
178 -205 0
180 -205 0
183 -205 0
184 -205 0
187 -205 0
1 -206 0
4 -206 0
6 -206 0
7 -206 0
10 -206 0
11 -206 0
13 -206 0
15 -206 0
17 -206 0
19 -206 0
21 -206 0
24 -206 0
27 -206 0
28 -206 0
30 -206 0
33 -206 0
35 -206 0
37 -206 0
38 -206 0
40 -206 0
43 -206 0
44 -206 0
46 -206 0
49 -206 0
51 -206 0
52 -206 0
54 -206 0
56 -206 0
59 -206 0
60 -206 0
62 -207 0
65 -207 0
67 -207 0
68 -207 0
71 -207 0
72 -207 0
74 -207 0
76 -207 0
78 -207 0
80 -207 0
82 -207 0
84 -207 0
87 -207 0
89 -207 0
91 -207 0
92 -207 0
94 -207 0
97 -207 0
99 -207 0
101 -207 0
102 -207 0
104 -207 0
107 -207 0
108 -207 0
109 -207 0
112 -207 0
114 -207 0
115 -207 0
117 -207 0
119 -207 0
122 -207 0
123 -207 0
125 -208 0
128 -208 0
130 -208 0
131 -208 0
134 -208 0
135 -208 0
137 -208 0
139 -208 0
141 -208 0
143 -208 0
145 -208 0
147 -208 0
150 -208 0
152 -208 0
154 -208 0
155 -208 0
157 -208 0
160 -208 0
162 -208 0
164 -208 0
165 -208 0
167 -208 0
170 -208 0
171 -208 0
173 -208 0
176 -208 0
177 -208 0
178 -208 0
180 -208 0
182 -208 0
185 -208 0
186 -208 0
2 -209 0
4 -209 0
6 -209 0
7 -209 0
10 -209 0
12 -209 0
14 -209 0
15 -209 0
18 -209 0
22 -209 0
23 -209 0
27 -209 0
28 -209 0
30 -209 0
33 -209 0
35 -209 0
37 -209 0
39 -209 0
41 -209 0
42 -209 0
44 -209 0
47 -209 0
49 -209 0
51 -209 0
53 -209 0
54 -209 0
56 -209 0
59 -209 0
60 -209 0
63 -210 0
65 -210 0
67 -210 0
68 -210 0
71 -210 0
73 -210 0
75 -210 0
76 -210 0
79 -210 0
81 -210 0
82 -210 0
85 -210 0
86 -210 0
89 -210 0
91 -210 0
92 -210 0
94 -210 0
97 -210 0
99 -210 0
101 -210 0
103 -210 0
105 -210 0
106 -210 0
108 -210 0
110 -210 0
112 -210 0
114 -210 0
116 -210 0
117 -210 0
119 -210 0
122 -210 0
123 -210 0
126 0
128 0
130 0
131 0
134 0
136 0
138 0
139 0
142 0
144 0
145 0
148 0
149 0
152 0
154 0
155 0
157 0
160 0
162 0
164 0
166 0
168 0
169 0
171 0
174 0
176 0
177 0
179 0
180 0
182 0
185 0
186 0
2 -211 0
4 -211 0
6 -211 0
7 -211 0
10 -211 0
11 -211 0
14 -211 0
15 -211 0
17 -211 0
19 -211 0
20 -211 0
21 -211 0
23 -211 0
25 -211 0
26 -211 0
29 -211 0
31 -211 0
32 -211 0
35 -211 0
36 -211 0
38 -211 0
41 -211 0
43 -211 0
45 -211 0
46 -211 0
49 -211 0
51 -211 0
53 -211 0
55 -211 0
56 -211 0
59 -211 0
61 -211 0
63 -212 0
65 -212 0
67 -212 0
68 -212 0
71 -212 0
72 -212 0
75 -212 0
76 -212 0
78 -212 0
80 -212 0
83 -212 0
84 -212 0
86 -212 0
88 -212 0
90 -212 0
93 -212 0
95 -212 0
96 -212 0
99 -212 0
100 -212 0
102 -212 0
105 -212 0
107 -212 0
-212 0
109 -212 0
112 -212 0
114 -212 0
116 -212 0
118 -212 0
119 -212 0
122 -212 0
124 -212 0
126 -213 0
128 -213 0
130 -213 0
131 -213 0
134 -213 0
135 -213 0
138 -213 0
139 -213 0
141 -213 0
143 -213 0
146 -213 0
147 -213 0
149 -213 0
151 -213 0
153 -213 0
156 -213 0
158 -213 0
159 -213 0
162 -213 0
163 -213 0
165 -213 0
168 -213 0
170 -213 0
172 -213 0
173 -213 0
176 -213 0
177 -213 0
179 -213 0
181 -213 0
182 -213 0
185 -213 0
187 -213 0
1 -214 0
4 -214 0
5 -214 0
8 -214 0
9 -214 0
11 -214 0
14 -214 0
16 -214 0
18 -214 0
22 -214 0
23 -214 0
25 -214 0
27 -214 0
28 -214 0
31 -214 0
32 -214 0
35 -214 0
36 -214 0
38 -214 0
40 -214 0
43 -214 0
44 -214 0
46 -214 0
48 -214 0
50 -214 0
52 -214 0
54 -214 0
57 -214 0
58 -214 0
61 -214 0
62 -215 0
65 -215 0
66 -215 0
69 -215 0
70 -215 0
72 -215 0
75 -215 0
77 -215 0
79 -215 0
81 -215 0
82 -215 0
85 -215 0
86 -215 0
88 -215 0
91 -215 0
92 -215 0
95 -215 0
96 -215 0
99 -215 0
100 -215 0
102 -215 0
104 -215 0
107 -215 0
108 -215 0
109 -215 0
111 -215 0
113 -215 0
115 -215 0
117 -215 0
120 -215 0
121 -215 0
124 -215 0
125 -216 0
128 -216 0
129 -216 0
132 -216 0
133 -216 0
135 -216 0
138 -216 0
140 -216 0
142 -216 0
144 -216 0
145 -216 0
148 -216 0
149 -216 0
151 -216 0
154 -216 0
155 -216 0
158 -216 0
159 -216 0
162 -216 0
163 -216 0
165 -216 0
167 -216 0
170 -216 0
171 -216 0
173 -216 0
175 -216 0
178 -216 0
180 -216 0
183 -216 0
184 -216 0
187 -216 0
2 -217 0
4 -217 0
5 -217 0
7 -217 0
10 -217 0
11 -217 0
14 -217 0
15 -217 0
17 -217 0
19 -217 0
22 -217 0
24 -217 0
26 -217 0
28 -217 0
31 -217 0
32 -217 0
35 -217 0
36 -217 0
39 -217 0
40 -217 0
42 -217 0
45 -217 0
46 -217 0
49 -217 0
50 -217 0
52 -217 0
55 -217 0
57 -217 0
58 -217 0
61 -217 0
63 -218 0
65 -218 0
66 -218 0
68 -218 0
71 -218 0
72 -218 0
75 -218 0
76 -218 0
78 -218 0
80 -218 0
82 -218 0
85 -218 0
87 -218 0
89 -218 0
90 -218 0
92 -218 0
95 -218 0
96 -218 0
99 -218 0
100 -218 0
103 -218 0
104 -218 0
106 -218 0
-218 0
109 -218 0
112 -218 0
113 -218 0
115 -218 0
118 -218 0
120 -218 0
121 -218 0
124 -218 0
126 -219 0
128 -219 0
129 -219 0
131 -219 0
134 -219 0
135 -219 0
138 -219 0
139 -219 0
141 -219 0
143 -219 0
145 -219 0
148 -219 0
150 -219 0
152 -219 0
153 -219 0
155 -219 0
158 -219 0
159 -219 0
162 -219 0
163 -219 0
166 -219 0
167 -219 0
169 -219 0
172 -219 0
173 -219 0
176 -219 0
178 -219 0
181 -219 0
183 -219 0
184 -219 0
187 -219 0
2 -220 0
4 -220 0
6 -220 0
7 -220 0
9 -220 0
11 -220 0
13 -220 0
16 -220 0
18 -220 0
22 -220 0
23 -220 0
25 -220 0
27 -220 0
29 -220 0
30 -220 0
33 -220 0
35 -220 0
36 -220 0
39 -220 0
41 -220 0
42 -220 0
44 -220 0
47 -220 0
48 -220 0
51 -220 0
52 -220 0
55 -220 0
57 -220 0
59 -220 0
61 -220 0
63 -221 0
65 -221 0
67 -221 0
68 -221 0
70 -221 0
72 -221 0
74 -221 0
77 -221 0
79 -221 0
81 -221 0
82 -221 0
85 -221 0
86 -221 0
88 -221 0
91 -221 0
93 -221 0
94 -221 0
97 -221 0
99 -221 0
100 -221 0
103 -221 0
105 -221 0
106 -221 0
108 -221 0
110 -221 0
111 -221 0
114 -221 0
115 -221 0
118 -221 0
120 -221 0
122 -221 0
124 -221 0
126 -222 0
128 -222 0
130 -222 0
131 -222 0
133 -222 0
135 -222 0
137 -222 0
140 -222 0
142 -222 0
144 -222 0
145 -222 0
148 -222 0
149 -222 0
151 -222 0
154 -222 0
156 -222 0
157 -222 0
160 -222 0
162 -222 0
163 -222 0
166 -222 0
168 -222 0
169 -222 0
171 -222 0
174 -222 0
175 -222 0
177 -222 0
178 -222 0
181 -222 0
183 -222 0
185 -222 0
187 -222 0
2 -223 0
4 -223 0
6 -223 0
8 -223 0
9 -223 0
11 -223 0
13 -223 0
15 -223 0
18 -223 0
19 -223 0
22 -223 0
23 -223 0
27 -223 0
28 -223 0
31 -223 0
33 -223 0
35 -223 0
37 -223 0
38 -223 0
40 -223 0
42 -223 0
44 -223 0
46 -223 0
49 -223 0
51 -223 0
53 -223 0
54 -223 0
56 -223 0
59 -223 0
61 -223 0
63 -224 0
65 -224 0
67 -224 0
69 -224 0
70 -224 0
72 -224 0
74 -224 0
76 -224 0
79 -224 0
80 -224 0
82 -224 0
85 -224 0
86 -224 0
89 -224 0
91 -224 0
92 -224 0
95 -224 0
97 -224 0
99 -224 0
101 -224 0
102 -224 0
104 -224 0
106 -224 0
108 -224 0
109 -224 0
112 -224 0
114 -224 0
116 -224 0
117 -224 0
119 -224 0
122 -224 0
124 -224 0
126 -225 0
128 -225 0
130 -225 0
132 -225 0
133 -225 0
135 -225 0
137 -225 0
139 -225 0
142 -225 0
143 -225 0
145 -225 0
148 -225 0
149 -225 0
152 -225 0
154 -225 0
155 -225 0
158 -225 0
160 -225 0
162 -225 0
164 -225 0
165 -225 0
167 -225 0
169 -225 0
171 -225 0
173 -225 0
176 -225 0
177 -225 0
179 -225 0
180 -225 0
182 -225 0
185 -225 0
187 -225 0
1 -226 0
4 -226 0
5 -226 0
8 -226 0
9 -226 0
11 -226 0
14 -226 0
16 -226 0
17 -226 0
19 -226 0
21 -226 0
23 -226 0
25 -226 0
26 -226 0
28 -226 0
30 -226 0
33 -226 0
34 -226 0
36 -226 0
38 -226 0
41 -226 0
42 -226 0
44 -226 0
47 -226 0
49 -226 0
50 -226 0
52 -226 0
55 -226 0
56 -226 0
59 -226 0
61 -226 0
62 -227 0
65 -227 0
66 -227 0
69 -227 0
70 -227 0
72 -227 0
75 -227 0
77 -227 0
78 -227 0
80 -227 0
82 -227 0
84 -227 0
86 -227 0
88 -227 0
90 -227 0
92 -227 0
94 -227 0
97 -227 0
98 -227 0
100 -227 0
102 -227 0
105 -227 0
106 -227 0
108 -227 0
110 -227 0
112 -227 0
113 -227 0
115 -227 0
118 -227 0
119 -227 0
122 -227 0
124 -227 0
125 -228 0
128 -228 0
129 -228 0
132 -228 0
133 -228 0
135 -228 0
138 -228 0
140 -228 0
141 -228 0
143 -228 0
145 -228 0
147 -228 0
149 -228 0
151 -228 0
153 -228 0
155 -228 0
157 -228 0
160 -228 0
161 -228 0
163 -228 0
165 -228 0
168 -228 0
169 -228 0
171 -228 0
174 -228 0
176 -228 0
178 -228 0
181 -228 0
182 -228 0
185 -228 0
187 -228 0
1 -229 0
4 -229 0
5 -229 0
8 -229 0
10 -229 0
12 -229 0
14 -229 0
16 -229 0
17 -229 0
20 -229 0
21 -229 0
24 -229 0
26 -229 0
28 -229 0
30 -229 0
32 -229 0
34 -229 0
36 -229 0
38 -229 0
40 -229 0
43 -229 0
44 -229 0
47 -229 0
48 -229 0
50 -229 0
53 -229 0
54 -229 0
57 -229 0
58 -229 0
61 -229 0
62 -230 0
65 -230 0
66 -230 0
69 -230 0
71 -230 0
73 -230 0
75 -230 0
77 -230 0
78 -230 0
81 -230 0
83 -230 0
84 -230 0
87 -230 0
89 -230 0
90 -230 0
92 -230 0
94 -230 0
96 -230 0
98 -230 0
100 -230 0
102 -230 0
104 -230 0
107 -230 0
108 -230 0
110 -230 0
111 -230 0
113 -230 0
116 -230 0
117 -230 0
120 -230 0
121 -230 0
124 -230 0
125 -231 0
128 -231 0
129 -231 0
132 -231 0
134 -231 0
136 -231 0
138 -231 0
140 -231 0
141 -231 0
144 -231 0
146 -231 0
147 -231 0
150 -231 0
152 -231 0
153 -231 0
155 -231 0
157 -231 0
159 -231 0
161 -231 0
163 -231 0
165 -231 0
167 -231 0
170 -231 0
171 -231 0
174 -231 0
175 -231 0
179 -231 0
180 -231 0
183 -231 0
184 -231 0
187 -231 0
2 -232 0
4 -232 0
5 -232 0
7 -232 0
9 -232 0
11 -232 0
14 -232 0
15 -232 0
18 -232 0
20 -232 0
21 -232 0
24 -232 0
26 -232 0
28 -232 0
30 -232 0
32 -232 0
35 -232 0
36 -232 0
38 -232 0
41 -232 0
42 -232 0
44 -232 0
46 -232 0
49 -232 0
51 -232 0
53 -232 0
55 -232 0
57 -232 0
59 -232 0
61 -232 0
63 -233 0
65 -233 0
66 -233 0
68 -233 0
70 -233 0
72 -233 0
75 -233 0
76 -233 0
79 -233 0
81 -233 0
83 -233 0
84 -233 0
87 -233 0
89 -233 0
90 -233 0
92 -233 0
94 -233 0
96 -233 0
99 -233 0
100 -233 0
102 -233 0
105 -233 0
106 -233 0
108 -233 0
109 -233 0
112 -233 0
114 -233 0
116 -233 0
118 -233 0
120 -233 0
122 -233 0
124 -233 0
126 -234 0
128 -234 0
129 -234 0
131 -234 0
133 -234 0
135 -234 0
138 -234 0
139 -234 0
142 -234 0
144 -234 0
146 -234 0
147 -234 0
150 -234 0
152 -234 0
153 -234 0
155 -234 0
157 -234 0
159 -234 0
162 -234 0
163 -234 0
165 -234 0
168 -234 0
169 -234 0
171 -234 0
173 -234 0
176 -234 0
177 -234 0
179 -234 0
181 -234 0
183 -234 0
185 -234 0
187 -234 0
2 -235 0
4 -235 0
5 -235 0
7 -235 0
10 -235 0
12 -235 0
14 -235 0
16 -235 0
18 -235 0
19 -235 0
22 -235 0
23 -235 0
26 -235 0
28 -235 0
30 -235 0
32 -235 0
35 -235 0
37 -235 0
38 -235 0
40 -235 0
42 -235 0
45 -235 0
46 -235 0
49 -235 0
51 -235 0
53 -235 0
54 -235 0
56 -235 0
59 -235 0
61 -235 0
63 -236 0
65 -236 0
66 -236 0
68 -236 0
71 -236 0
73 -236 0
75 -236 0
77 -236 0
79 -236 0
80 -236 0
82 -236 0
85 -236 0
86 -236 0
89 -236 0
90 -236 0
92 -236 0
94 -236 0
96 -236 0
99 -236 0
101 -236 0
102 -236 0
104 -236 0
106 -236 0
-236 0
109 -236 0
112 -236 0
114 -236 0
116 -236 0
117 -236 0
119 -236 0
122 -236 0
124 -236 0
126 -237 0
128 -237 0
129 -237 0
131 -237 0
134 -237 0
136 -237 0
138 -237 0
140 -237 0
142 -237 0
143 -237 0
145 -237 0
148 -237 0
149 -237 0
152 -237 0
153 -237 0
155 -237 0
157 -237 0
159 -237 0
162 -237 0
164 -237 0
165 -237 0
167 -237 0
169 -237 0
172 -237 0
173 -237 0
176 -237 0
177 -237 0
179 -237 0
180 -237 0
182 -237 0
185 -237 0
187 -237 0
1 -238 0
4 -238 0
5 -238 0
7 -238 0
10 -238 0
12 -238 0
13 -238 0
16 -238 0
18 -238 0
19 -238 0
21 -238 0
24 -238 0
25 -238 0
27 -238 0
28 -238 0
31 -238 0
33 -238 0
35 -238 0
36 -238 0
38 -238 0
41 -238 0
42 -238 0
44 -238 0
47 -238 0
49 -238 0
50 -238 0
52 -238 0
55 -238 0
57 -238 0
58 -238 0
61 -238 0
62 -239 0
65 -239 0
66 -239 0
68 -239 0
71 -239 0
73 -239 0
74 -239 0
77 -239 0
79 -239 0
80 -239 0
82 -239 0
84 -239 0
87 -239 0
88 -239 0
91 -239 0
92 -239 0
95 -239 0
97 -239 0
99 -239 0
100 -239 0
102 -239 0
105 -239 0
106 -239 0
108 -239 0
110 -239 0
112 -239 0
113 -239 0
115 -239 0
118 -239 0
120 -239 0
121 -239 0
124 -239 0
125 -240 0
128 -240 0
129 -240 0
131 -240 0
134 -240 0
136 -240 0
137 -240 0
140 -240 0
142 -240 0
143 -240 0
145 -240 0
147 -240 0
150 -240 0
151 -240 0
154 -240 0
155 -240 0
158 -240 0
160 -240 0
162 -240 0
163 -240 0
165 -240 0
168 -240 0
169 -240 0
171 -240 0
174 -240 0
176 -240 0
178 -240 0
181 -240 0
183 -240 0
184 -240 0
187 -240 0
1 -241 0
4 -241 0
5 -241 0
7 -241 0
9 -241 0
11 -241 0
13 -241 0
15 -241 0
17 -241 0
19 -241 0
21 -241 0
23 -241 0
27 -241 0
28 -241 0
30 -241 0
32 -241 0
34 -241 0
36 -241 0
39 -241 0
41 -241 0
43 -241 0
44 -241 0
46 -241 0
49 -241 0
51 -241 0
52 -241 0
54 -241 0
57 -241 0
59 -241 0
61 -241 0
125 -242 0
128 -242 0
129 -242 0
131 -242 0
133 -242 0
135 -242 0
137 -242 0
139 -242 0
141 -242 0
143 -242 0
145 -242 0
147 -242 0
149 -242 0
152 -242 0
154 -242 0
155 -242 0
157 -242 0
159 -242 0
161 -242 0
163 -242 0
166 -242 0
168 -242 0
170 -242 0
171 -242 0
173 -242 0
176 -242 0
177 -242 0
178 -242 0
180 -242 0
183 -242 0
185 -242 0
187 -242 0
1 -243 0
4 -243 0
5 -243 0
8 -243 0
10 -243 0
12 -243 0
14 -243 0
16 -243 0
18 -243 0
21 -243 0
23 -243 0
27 -243 0
29 -243 0
31 -243 0
33 -243 0
35 -243 0
36 -243 0
39 -243 0
41 -243 0
43 -243 0
44 -243 0
47 -243 0
48 -243 0
51 -243 0
52 -243 0
54 -243 0
56 -243 0
59 -243 0
61 -243 0
62 -244 0
65 -244 0
66 -244 0
69 -244 0
71 -244 0
73 -244 0
75 -244 0
77 -244 0
79 -244 0
81 -244 0
82 -244 0
84 -244 0
86 -244 0
89 -244 0
91 -244 0
93 -244 0
95 -244 0
97 -244 0
99 -244 0
100 -244 0
103 -244 0
105 -244 0
107 -244 0
108 -244 0
110 -244 0
111 -244 0
114 -244 0
115 -244 0
117 -244 0
119 -244 0
122 -244 0
124 -244 0
125 -245 0
128 -245 0
129 -245 0
132 -245 0
134 -245 0
136 -245 0
138 -245 0
140 -245 0
142 -245 0
144 -245 0
145 -245 0
147 -245 0
149 -245 0
152 -245 0
154 -245 0
156 -245 0
158 -245 0
160 -245 0
162 -245 0
163 -245 0
166 -245 0
168 -245 0
170 -245 0
171 -245 0
174 -245 0
175 -245 0
177 -245 0
178 -245 0
180 -245 0
182 -245 0
185 -245 0
187 -245 0
1 -246 0
4 -246 0
5 -246 0
8 -246 0
9 -246 0
12 -246 0
14 -246 0
16 -246 0
17 -246 0
21 -246 0
23 -246 0
25 -246 0
27 -246 0
28 -246 0
31 -246 0
33 -246 0
34 -246 0
36 -246 0
38 -246 0
40 -246 0
43 -246 0
45 -246 0
47 -246 0
49 -246 0
51 -246 0
53 -246 0
54 -246 0
57 -246 0
59 -246 0
61 -246 0
62 -247 0
65 -247 0
66 -247 0
69 -247 0
70 -247 0
73 -247 0
75 -247 0
77 -247 0
78 -247 0
81 -247 0
82 -247 0
84 -247 0
86 -247 0
88 -247 0
91 -247 0
92 -247 0
95 -247 0
97 -247 0
98 -247 0
100 -247 0
102 -247 0
104 -247 0
107 -247 0
-247 0
110 -247 0
112 -247 0
114 -247 0
116 -247 0
117 -247 0
120 -247 0
122 -247 0
124 -247 0
125 -248 0
128 -248 0
129 -248 0
132 -248 0
133 -248 0
136 -248 0
138 -248 0
140 -248 0
141 -248 0
144 -248 0
145 -248 0
147 -248 0
149 -248 0
151 -248 0
154 -248 0
155 -248 0
158 -248 0
160 -248 0
161 -248 0
163 -248 0
165 -248 0
167 -248 0
170 -248 0
172 -248 0
174 -248 0
176 -248 0
177 -248 0
179 -248 0
180 -248 0
183 -248 0
185 -248 0
187 -248 0
1 -249 0
4 -249 0
5 -249 0
7 -249 0
10 -249 0
11 -249 0
13 -249 0
16 -249 0
18 -249 0
22 -249 0
24 -249 0
25 -249 0
27 -249 0
29 -249 0
30 -249 0
32 -249 0
34 -249 0
36 -249 0
39 -249 0
41 -249 0
42 -249 0
44 -249 0
46 -249 0
48 -249 0
51 -249 0
53 -249 0
55 -249 0
56 -249 0
59 -249 0
61 -249 0
62 0
65 0
66 0
68 0
71 0
72 0
74 0
77 0
79 0
81 0
82 0
85 0
87 0
88 0
91 0
93 0
94 0
96 0
98 0
100 0
103 0
105 0
106 0
108 0
109 0
111 0
114 0
116 0
118 0
119 0
122 0
124 0
125 -250 0
128 -250 0
129 -250 0
131 -250 0
134 -250 0
135 -250 0
137 -250 0
140 -250 0
142 -250 0
144 -250 0
145 -250 0
148 -250 0
150 -250 0
151 -250 0
154 -250 0
156 -250 0
157 -250 0
159 -250 0
161 -250 0
163 -250 0
166 -250 0
168 -250 0
169 -250 0
171 -250 0
173 -250 0
175 -250 0
177 -250 0
179 -250 0
181 -250 0
182 -250 0
185 -250 0
187 -250 0
2 -251 0
4 -251 0
6 -251 0
7 -251 0
9 -251 0
12 -251 0
14 -251 0
15 -251 0
17 -251 0
20 -251 0
21 -251 0
24 -251 0
25 -251 0
26 -251 0
28 -251 0
30 -251 0
32 -251 0
35 -251 0
37 -251 0
38 -251 0
40 -251 0
42 -251 0
45 -251 0
46 -251 0
49 -251 0
50 -251 0
53 -251 0
55 -251 0
57 -251 0
58 -251 0
61 -251 0
63 -252 0
65 -252 0
67 -252 0
68 -252 0
70 -252 0
73 -252 0
75 -252 0
76 -252 0
78 -252 0
81 -252 0
83 -252 0
84 -252 0
87 -252 0
88 -252 0
90 -252 0
92 -252 0
94 -252 0
96 -252 0
99 -252 0
101 -252 0
102 -252 0
104 -252 0
106 -252 0
-252 0
109 -252 0
112 -252 0
113 -252 0
116 -252 0
118 -252 0
120 -252 0
121 -252 0
124 -252 0
126 -253 0
128 -253 0
130 -253 0
131 -253 0
133 -253 0
136 -253 0
138 -253 0
139 -253 0
141 -253 0
144 -253 0
146 -253 0
147 -253 0
150 -253 0
151 -253 0
153 -253 0
155 -253 0
157 -253 0
159 -253 0
162 -253 0
164 -253 0
165 -253 0
167 -253 0
169 -253 0
172 -253 0
173 -253 0
176 -253 0
179 -253 0
181 -253 0
183 -253 0
184 -253 0
187 -253 0
1 -254 0
4 -254 0
6 -254 0
7 -254 0
10 -254 0
12 -254 0
13 -254 0
15 -254 0
18 -254 0
19 -254 0
20 -254 0
22 -254 0
24 -254 0
27 -254 0
28 -254 0
30 -254 0
33 -254 0
35 -254 0
36 -254 0
39 -254 0
40 -254 0
43 -254 0
45 -254 0
46 -254 0
48 -254 0
51 -254 0
53 -254 0
55 -254 0
56 -254 0
59 -254 0
61 -254 0
62 -255 0
65 -255 0
67 -255 0
68 -255 0
71 -255 0
73 -255 0
74 -255 0
76 -255 0
79 -255 0
80 -255 0
83 -255 0
85 -255 0
87 -255 0
89 -255 0
91 -255 0
92 -255 0
94 -255 0
97 -255 0
99 -255 0
100 -255 0
103 -255 0
104 -255 0
107 -255 0
-255 0
109 -255 0
111 -255 0
114 -255 0
116 -255 0
118 -255 0
119 -255 0
122 -255 0
124 -255 0
125 -256 0
128 -256 0
130 -256 0
131 -256 0
134 -256 0
136 -256 0
137 -256 0
139 -256 0
142 -256 0
143 -256 0
146 -256 0
148 -256 0
150 -256 0
152 -256 0
154 -256 0
155 -256 0
157 -256 0
160 -256 0
162 -256 0
163 -256 0
166 -256 0
167 -256 0
170 -256 0
172 -256 0
173 -256 0
175 -256 0
177 -256 0
179 -256 0
181 -256 0
182 -256 0
185 -256 0
187 -256 0
1 -257 0
4 -257 0
6 -257 0
7 -257 0
10 -257 0
12 -257 0
13 -257 0
16 -257 0
17 -257 0
21 -257 0
24 -257 0
27 -257 0
28 -257 0
30 -257 0
33 -257 0
35 -257 0
37 -257 0
39 -257 0
41 -257 0
43 -257 0
44 -257 0
46 -257 0
49 -257 0
50 -257 0
53 -257 0
54 -257 0
56 -257 0
59 -257 0
60 -257 0
62 -258 0
65 -258 0
67 -258 0
68 -258 0
71 -258 0
73 -258 0
74 -258 0
77 -258 0
78 -258 0
81 -258 0
82 -258 0
84 -258 0
87 -258 0
89 -258 0
91 -258 0
92 -258 0
94 -258 0
97 -258 0
99 -258 0
101 -258 0
103 -258 0
105 -258 0
107 -258 0
108 -258 0
109 -258 0
112 -258 0
113 -258 0
116 -258 0
117 -258 0
119 -258 0
122 -258 0
123 -258 0
125 -259 0
128 -259 0
130 -259 0
131 -259 0
134 -259 0
136 -259 0
137 -259 0
140 -259 0
141 -259 0
144 -259 0
145 -259 0
147 -259 0
150 -259 0
152 -259 0
154 -259 0
155 -259 0
157 -259 0
160 -259 0
162 -259 0
164 -259 0
166 -259 0
168 -259 0
170 -259 0
171 -259 0
173 -259 0
176 -259 0
179 -259 0
180 -259 0
182 -259 0
185 -259 0
186 -259 0
2 -260 0
4 -260 0
6 -260 0
7 -260 0
10 -260 0
12 -260 0
14 -260 0
16 -260 0
18 -260 0
20 -260 0
21 -260 0
24 -260 0
26 -260 0
28 -260 0
31 -260 0
32 -260 0
34 -260 0
36 -260 0
39 -260 0
40 -260 0
42 -260 0
44 -260 0
46 -260 0
48 -260 0
51 -260 0
53 -260 0
54 -260 0
57 -260 0
59 -260 0
61 -260 0
63 -261 0
65 -261 0
67 -261 0
68 -261 0
71 -261 0
73 -261 0
75 -261 0
77 -261 0
79 -261 0
81 -261 0
83 -261 0
84 -261 0
87 -261 0
89 -261 0
90 -261 0
92 -261 0
95 -261 0
96 -261 0
98 -261 0
100 -261 0
103 -261 0
104 -261 0
106 -261 0
108 -261 0
109 -261 0
111 -261 0
114 -261 0
116 -261 0
117 -261 0
120 -261 0
122 -261 0
124 -261 0
126 -262 0
128 -262 0
130 -262 0
131 -262 0
134 -262 0
136 -262 0
138 -262 0
140 -262 0
142 -262 0
144 -262 0
146 -262 0
147 -262 0
150 -262 0
152 -262 0
153 -262 0
155 -262 0
158 -262 0
159 -262 0
161 -262 0
163 -262 0
166 -262 0
167 -262 0
169 -262 0
171 -262 0
173 -262 0
175 -262 0
177 -262 0
179 -262 0
180 -262 0
183 -262 0
185 -262 0
187 -262 0
2 -263 0
4 -263 0
5 -263 0
7 -263 0
9 -263 0
11 -263 0
13 -263 0
16 -263 0
18 -263 0
19 -263 0
20 -263 0
21 -263 0
23 -263 0
26 -263 0
28 -263 0
30 -263 0
33 -263 0
34 -263 0
36 -263 0
39 -263 0
41 -263 0
43 -263 0
45 -263 0
46 -263 0
48 -263 0
50 -263 0
53 -263 0
55 -263 0
57 -263 0
58 -263 0
61 -263 0
63 -264 0
65 -264 0
66 -264 0
68 -264 0
70 -264 0
72 -264 0
74 -264 0
77 -264 0
79 -264 0
80 -264 0
83 -264 0
84 -264 0
86 -264 0
89 -264 0
90 -264 0
92 -264 0
94 -264 0
97 -264 0
98 -264 0
100 -264 0
103 -264 0
105 -264 0
107 -264 0
-264 0
109 -264 0
111 -264 0
113 -264 0
116 -264 0
118 -264 0
120 -264 0
121 -264 0
124 -264 0
126 -265 0
128 -265 0
129 -265 0
131 -265 0
133 -265 0
135 -265 0
137 -265 0
140 -265 0
142 -265 0
143 -265 0
146 -265 0
147 -265 0
149 -265 0
152 -265 0
153 -265 0
155 -265 0
157 -265 0
160 -265 0
161 -265 0
163 -265 0
166 -265 0
168 -265 0
170 -265 0
172 -265 0
173 -265 0
175 -265 0
179 -265 0
181 -265 0
183 -265 0
184 -265 0
187 -265 0
1 -266 0
4 -266 0
6 -266 0
7 -266 0
10 -266 0
12 -266 0
13 -266 0
15 -266 0
17 -266 0
19 -266 0
20 -266 0
21 -266 0
23 -266 0
25 -266 0
27 -266 0
29 -266 0
31 -266 0
33 -266 0
35 -266 0
37 -266 0
39 -266 0
41 -266 0
43 -266 0
44 -266 0
46 -266 0
48 -266 0
51 -266 0
52 -266 0
55 -266 0
56 -266 0
59 -266 0
61 -266 0
62 -267 0
65 -267 0
67 -267 0
68 -267 0
71 -267 0
73 -267 0
74 -267 0
76 -267 0
78 -267 0
80 -267 0
83 -267 0
84 -267 0
86 -267 0
88 -267 0
91 -267 0
93 -267 0
95 -267 0
97 -267 0
99 -267 0
101 -267 0
103 -267 0
105 -267 0
107 -267 0
108 -267 0
109 -267 0
111 -267 0
114 -267 0
115 -267 0
118 -267 0
119 -267 0
122 -267 0
124 -267 0
125 -268 0
128 -268 0
130 -268 0
131 -268 0
134 -268 0
136 -268 0
137 -268 0
139 -268 0
141 -268 0
143 -268 0
146 -268 0
147 -268 0
149 -268 0
151 -268 0
154 -268 0
156 -268 0
158 -268 0
160 -268 0
162 -268 0
164 -268 0
166 -268 0
168 -268 0
170 -268 0
171 -268 0
173 -268 0
175 -268 0
177 -268 0
178 -268 0
181 -268 0
182 -268 0
185 -268 0
187 -268 0
1 -269 0
4 -269 0
5 -269 0
8 -269 0
9 -269 0
11 -269 0
13 -269 0
16 -269 0
17 -269 0
20 -269 0
21 -269 0
24 -269 0
25 -269 0
26 -269 0
29 -269 0
30 -269 0
32 -269 0
34 -269 0
36 -269 0
38 -269 0
41 -269 0
42 -269 0
44 -269 0
47 -269 0
48 -269 0
50 -269 0
52 -269 0
55 -269 0
56 -269 0
58 -269 0
61 -269 0
62 -270 0
65 -270 0
66 -270 0
69 -270 0
70 -270 0
72 -270 0
74 -270 0
77 -270 0
78 -270 0
81 -270 0
83 -270 0
84 -270 0
87 -270 0
88 -270 0
90 -270 0
93 -270 0
94 -270 0
96 -270 0
98 -270 0
100 -270 0
102 -270 0
105 -270 0
106 -270 0
108 -270 0
110 -270 0
111 -270 0
113 -270 0
115 -270 0
118 -270 0
119 -270 0
121 -270 0
124 -270 0
125 -271 0
128 -271 0
129 -271 0
132 -271 0
133 -271 0
135 -271 0
137 -271 0
140 -271 0
141 -271 0
144 -271 0
146 -271 0
147 -271 0
150 -271 0
151 -271 0
153 -271 0
156 -271 0
157 -271 0
159 -271 0
161 -271 0
163 -271 0
165 -271 0
168 -271 0
169 -271 0
171 -271 0
174 -271 0
175 -271 0
178 -271 0
181 -271 0
182 -271 0
184 -271 0
187 -271 0
188 189 190 0
191 192 193 0
194 195 196 0
197 198 199 0
200 201 202 0
203 204 205 0
206 207 208 0
211 212 213 0
214 215 216 0
217 218 219 0
220 221 222 0
223 224 225 0
226 227 228 0
229 230 231 0
232 233 234 0
235 236 237 0
238 239 240 0
241 242 0
243 244 245 0
246 247 248 0
251 252 253 0
254 255 256 0
257 258 259 0
260 261 262 0
263 264 265 0
266 267 268 0
269 270 271 0
