p cnf 214 1102
1 2 0
3 4 0
5 6 0
7 8 0
9 10 0
11 12 0
13 14 0
15 0
16 17 0
18 19 0
20 21 0
22 23 0
24 25 0
26 27 0
28 29 0
31 32 0
33 34 0
35 36 0
37 38 0
39 40 0
41 42 0
43 0
44 45 0
46 47 0
48 49 0
51 52 0
53 54 0
55 56 0
57 58 0
59 60 0
61 62 0
63 64 0
65 66 0
67 68 0
69 70 0
71 72 0
73 74 0
76 77 0
78 79 0
80 81 0
82 83 0
84 85 0
86 87 0
88 89 0
90 91 0
92 93 0
94 95 0
96 97 0
98 99 0
100 101 0
102 103 0
104 105 0
106 107 0
108 109 0
110 111 0
112 113 0
114 115 0
116 117 0
118 119 0
120 121 0
122 123 0
124 125 0
126 127 0
128 129 0
130 0
131 132 0
133 134 0
135 136 0
137 138 0
139 140 0
141 142 0
143 144 0
145 146 0
147 148 0
149 150 0
151 152 0
153 154 0
155 156 0
157 158 0
159 160 0
161 162 0
163 164 0
165 166 0
167 168 0
169 170 0
171 172 0
173 174 0
175 176 0
178 179 0
180 181 0
182 183 0
184 185 0
-61 -63 -65 -67 -69 -72 -73 -75 -76 -78 -80 -83 -84 -87 -89 -90 -93 -94 -96 -98 -100 -103 -104 -107 -109 -111 -113 -114 -117 -118 -121 -122 0
-124 -126 -128 -130 -131 -134 -135 -137 -139 -141 -143 -146 -147 -150 -152 -153 -156 -157 -159 -161 -163 -166 -167 -170 -172 -174 -176 -177 -179 -180 -183 -184 0
-62 -63 -65 -68 -70 -71 -74 -75 -76 -79 -81 -83 -84 -86 -88 -91 -92 -95 -96 -99 -100 -103 -104 -106 -109 -110 -113 -114 -117 -119 -121 -122 0
-62 -64 -66 -68 -69 -71 -73 -75 -76 -79 -81 -82 -84 -86 -89 -90 -93 -94 -96 -98 -100 -102 -104 -107 -109 -110 -112 -114 -116 -118 -120 -123 0
-62 -63 -66 -68 -70 -72 -74 -75 -77 -78 -80 -83 -85 -87 -88 -91 -93 -94 -97 -99 -101 -102 -104 -107 -109 -111 -113 -114 -117 -118 -121 -122 0
-62 -63 -66 -68 -69 -71 -74 -76 -79 -80 -83 -85 -86 -89 -91 -92 -94 -96 -99 -101 -103 -104 -106 -108 -110 -112 -115 -117 -118 -121 -123 0
-62 -63 -66 -68 -69 -72 -73 -75 -76 -78 -81 -83 -85 -86 -88 -90 -93 -94 -96 -98 -100 -102 -104 -107 -109 -111 -113 -115 -117 -119 -121 -122 0
-62 -64 -66 -67 -70 -71 -73 -77 -79 -81 -83 -85 -86 -89 -90 -92 -95 -97 -98 -100 -103 -104 -106 -109 -111 -113 -114 -117 -119 -121 -123 0
-125 -127 -129 -130 -132 -133 -135 -138 -140 -142 -144 -146 -148 -149 -152 -153 -155 -158 -160 -161 -163 -166 -167 -169 -172 -174 -176 -177 -179 -181 -183 -185 0
-62 -64 -66 -67 -70 -72 -74 -75 -76 -79 -81 -82 -85 -86 -89 -91 -93 -94 -97 -99 -100 -102 -104 -106 -109 -111 -112 -115 -117 -118 -121 -122 0
-125 -127 -129 -130 -132 -134 -136 -137 -139 -142 -144 -145 -148 -149 -152 -154 -156 -157 -160 -162 -163 -165 -167 -169 -172 -174 -175 -179 -180 -183 -184 0
-62 -64 -65 -67 -70 -71 -74 -76 -78 -81 -83 -84 -86 -89 -90 -93 -94 -97 -98 -101 -103 -105 -107 -108 -111 -112 -114 -116 -118 -121 -123 0
-125 -127 -128 -130 -132 -133 -136 -138 -139 -141 -144 -146 -147 -149 -152 -153 -156 -157 -160 -161 -164 -166 -168 -170 -171 -174 -175 -177 -178 -180 -183 -185 0
-62 -63 -66 -68 -70 -72 -74 -75 -76 -79 -80 -83 -84 -86 -89 -90 -93 -94 -96 -98 -101 -103 -104 -107 -108 -110 -113 -114 -117 -119 -121 -122 0
-61 -63 -65 -67 -69 -72 -74 -76 -79 -81 -83 -85 -87 -89 -91 -92 -95 -96 -98 -100 -103 -105 -107 -109 -111 -113 -114 -117 -118 -121 -123 0
-124 -126 -128 -130 -131 -134 -136 -138 -139 -142 -144 -146 -148 -150 -152 -154 -155 -158 -159 -161 -163 -166 -168 -170 -172 -174 -176 -177 -179 -180 -183 -185 0
-62 -63 -65 -67 -69 -71 -74 -75 -76 -79 -81 -82 -85 -87 -89 -90 -93 -94 -97 -98 -100 -102 -104 -106 -109 -111 -113 -115 -116 -119 -121 -122 0
-125 -126 -128 -130 -131 -133 -136 -137 -139 -142 -144 -145 -148 -150 -152 -153 -156 -157 -160 -161 -163 -165 -167 -169 -172 -174 -176 -178 -181 -183 -184 0
-61 -63 -65 -68 -70 -71 -74 -76 -78 -80 -83 -85 -86 -88 -90 -93 -94 -97 -99 -100 -103 -105 -106 -108 -111 -113 -114 -117 -118 -120 -122 0
-61 -63 -65 -67 -70 -72 -74 -76 -78 -80 -83 -85 -86 -88 -91 -93 -95 -97 -99 -101 -103 -104 -106 -108 -111 -113 -114 -117 -118 -121 -122 0
-124 -126 -128 -130 -132 -134 -136 -138 -139 -141 -143 -146 -148 -149 -151 -154 -156 -158 -160 -162 -164 -166 -167 -169 -171 -174 -176 -177 -179 -180 -183 -184 0
-62 -63 -66 -68 -69 -72 -73 -76 -78 -80 -83 -84 -86 -89 -91 -92 -94 -96 -99 -101 -102 -105 -107 -109 -111 -113 -114 -117 -119 -120 -122 0
-62 -63 -65 -68 -70 -72 -73 -76 -78 -80 -83 -84 -86 -88 -90 -92 -94 -96 -98 -100 -102 -104 -106 -108 -111 -112 -115 -116 -118 -120 -122 0
-62 -64 -65 -68 -70 -71 -74 -76 -78 -81 -82 -84 -87 -88 -91 -93 -94 -97 -98 -101 -102 -104 -107 -109 -110 -112 -114 -116 -118 -120 -123 0
-61 -64 -66 -68 -70 -72 -73 -76 -79 -80 -82 -84 -86 -88 -90 -93 -94 -96 -98 -101 -102 -104 -107 -109 -110 -112 -114 -117 -118 -121 -122 0
-61 -63 -66 -67 -70 -71 -74 -77 -78 -80 -82 -85 -86 -88 -91 -93 -94 -97 -98 -100 -103 -105 -107 -109 -111 -112 -114 -116 -119 -120 -122 0
-124 -126 -129 -130 -132 -133 -136 -138 -140 -141 -143 -145 -148 -149 -151 -154 -156 -157 -160 -161 -163 -166 -168 -170 -172 -174 -175 -177 -178 -181 -182 -184 0
-62 -63 -65 -68 -70 -71 -73 -77 -79 -81 -82 -85 -86 -88 -91 -92 -95 -97 -98 -100 -102 -104 -107 -108 -110 -112 -114 -116 -119 -121 -123 0
-62 -63 -65 -67 -69 -71 -73 -75 -76 -79 -81 -82 -84 -86 -89 -91 -93 -94 -97 -98 -100 -102 -104 -106 -109 -111 -112 -114 -117 -118 -120 -123 0
-125 -126 -128 -130 -131 -133 -135 -137 -139 -142 -144 -145 -147 -149 -152 -154 -156 -157 -160 -161 -163 -165 -167 -169 -172 -174 -175 -177 -179 -180 -182 -185 0
-62 -63 -65 -68 -70 -72 -73 -76 -79 -81 -83 -84 -86 -89 -90 -92 -94 -97 -99 -100 -102 -105 -106 -108 -111 -112 -114 -117 -118 -121 -123 0
-62 -64 -66 -67 -70 -72 -74 -75 -76 -78 -80 -82 -84 -86 -89 -90 -93 -95 -97 -98 -101 -102 -104 -106 -108 -110 -113 -115 -116 -119 -120 -123 0
-125 -127 -129 -130 -132 -134 -136 -137 -139 -141 -143 -145 -147 -149 -152 -153 -156 -158 -160 -161 -164 -165 -167 -169 -171 -173 -176 -178 -181 -182 -185 0
-61 -63 -66 -68 -69 -72 -73 -77 -78 -81 -82 -84 -86 -88 -90 -92 -95 -96 -98 -101 -103 -104 -106 -109 -111 -112 -114 -116 -119 -121 -123 0
-62 -63 -66 -67 -69 -72 -74 -75 -77 -79 -80 -83 -84 -87 -89 -91 -93 -95 -97 -99 -101 -103 -104 -106 -109 -110 -112 -115 -116 -119 -120 -122 0
-125 -126 -129 -130 -131 -134 -136 -137 -140 -142 -143 -146 -147 -150 -152 -154 -156 -158 -160 -162 -164 -166 -167 -169 -172 -173 -175 -178 -181 -182 -184 0
-1 -4 -5 -8 -10 -11 -13 -15 -17 -18 -20 -23 -25 -27 -29 -30 -31 -33 -36 -38 -39 -42 -43 -45 -46 -48 -51 -54 -56 -58 -60 0
-61 -64 -65 -68 -70 -71 -73 -75 -77 -78 -80 -83 -85 -87 -89 -91 -92 -94 -97 -99 -100 -103 -105 -107 -108 -110 -112 -114 -117 -119 -121 -123 0
-61 -63 -66 -67 -69 -71 -74 -75 -77 -79 -80 -82 -85 -86 -89 -91 -93 -94 -96 -99 -101 -103 -104 -107 -108 -111 -112 -115 -116 -118 -120 -123 0
-124 -126 -129 -130 -131 -133 -136 -137 -140 -142 -143 -145 -148 -149 -152 -154 -156 -157 -159 -162 -164 -166 -167 -170 -171 -174 -175 -178 -180 -182 -185 0
-62 -63 -65 -67 -70 -71 -73 -75 -76 -79 -80 -83 -84 -87 -89 -90 -92 -95 -96 -98 -101 -103 -104 -107 -108 -111 -112 -115 -117 -119 -120 -123 0
-125 -126 -128 -130 -132 -133 -135 -137 -139 -142 -143 -146 -147 -150 -152 -153 -155 -158 -159 -161 -164 -166 -167 -170 -171 -174 -175 -179 -181 -182 -185 0
-62 -63 -66 -67 -70 -72 -74 -77 -78 -81 -82 -84 -87 -89 -90 -92 -94 -96 -98 -101 -102 -104 -107 -108 -110 -113 -115 -117 -119 -120 -123 0
-125 -126 -129 -130 -132 -134 -136 -138 -140 -141 -144 -145 -147 -150 -152 -153 -155 -157 -159 -161 -164 -165 -167 -170 -171 -173 -176 -179 -181 -182 -185 0
-62 -64 -65 -67 -70 -72 -74 -75 -77 -78 -81 -82 -84 -86 -88 -90 -93 -94 -97 -98 -101 -102 -104 -106 -108 -110 -113 -114 -116 -119 -121 -123 0
-125 -127 -128 -130 -132 -134 -136 -137 -140 -141 -144 -145 -147 -149 -151 -153 -156 -157 -160 -161 -164 -165 -167 -169 -171 -173 -176 -177 -178 -181 -183 -185 0
-2 -3 -6 -8 -10 -12 -14 -15 -16 -19 -21 -23 -24 -27 -29 -30 -31 -34 -35 -38 -40 -42 -43 -44 -46 -49 -50 -51 -53 -56 -58 -59 0
-62 -63 -66 -68 -70 -72 -74 -75 -76 -79 -81 -83 -84 -87 -89 -91 -92 -95 -96 -99 -101 -103 -105 -106 -108 -111 -113 -114 -116 -119 -121 -122 0
-61 -63 -65 -68 -69 -72 -73 -75 -77 -79 -81 -83 -85 -86 -89 -90 -93 -94 -97 -99 -101 -102 -104 -106 -108 -111 -113 -114 -116 -118 -121 -123 0
-61 -63 -66 -67 -69 -71 -73 -76 -79 -81 -82 -84 -87 -89 -90 -92 -94 -96 -98 -100 -103 -104 -106 -108 -110 -113 -115 -117 -119 -120 -122 0
-124 -126 -129 -130 -131 -133 -135 -138 -139 -142 -144 -145 -147 -150 -152 -153 -155 -157 -159 -161 -163 -166 -167 -169 -171 -173 -176 -179 -181 -182 -184 0
-62 -63 -66 -67 -70 -71 -74 -76 -78 -80 -82 -85 -86 -89 -91 -93 -95 -96 -99 -100 -102 -105 -106 -108 -111 -112 -114 -116 -118 -120 -123 0
-125 -126 -129 -130 -132 -133 -136 -138 -139 -141 -143 -145 -148 -149 -152 -154 -156 -158 -159 -162 -163 -165 -168 -169 -171 -174 -175 -177 -178 -180 -182 -185 0
-62 -64 -65 -68 -69 -71 -73 -75 -77 -78 -80 -82 -85 -87 -89 -90 -93 -94 -97 -98 -100 -102 -104 -107 -109 -110 -113 -115 -117 -119 -121 -122 0
-2 -3 -6 -8 -9 -12 -14 -15 -17 -18 -21 -22 -24 -26 -28 -31 -34 -36 -38 -40 -42 -43 -44 -47 -48 -52 -53 -56 -58 -59 0
-62 -63 -66 -68 -69 -72 -74 -75 -77 -78 -81 -82 -84 -86 -88 -90 -92 -95 -97 -99 -101 -103 -105 -106 -109 -110 -112 -115 -116 -119 -121 -122 0
-62 -63 -66 -68 -69 -72 -74 -77 -78 -80 -82 -84 -87 -89 -91 -92 -95 -97 -98 -100 -102 -104 -107 -109 -111 -112 -114 -117 -119 -121 -123 0
-61 -63 -65 -68 -70 -72 -74 -75 -76 -78 -81 -82 -85 -86 -89 -90 -93 -94 -96 -99 -100 -103 -104 -107 -108 -111 -113 -115 -117 -118 -120 -122 0
-62 -63 -66 -68 -70 -72 -74 -77 -78 -81 -82 -85 -87 -88 -91 -92 -94 -97 -99 -101 -103 -105 -107 -108 -111 -112 -114 -116 -119 -121 -123 0
-62 -64 -65 -67 -69 -72 -74 -77 -79 -80 -83 -85 -87 -88 -91 -92 -94 -97 -99 -100 -102 -104 -106 -108 -110 -113 -114 -116 -118 -121 -123 0
-125 -127 -128 -130 -131 -134 -136 -138 -140 -142 -143 -146 -148 -150 -151 -154 -155 -157 -160 -162 -163 -165 -167 -169 -171 -173 -176 -177 -178 -180 -183 -185 0
1 -186 0
4 -186 0
5 -186 0
8 -186 0
10 -186 0
11 -186 0
13 -186 0
-186 0
16 -186 0
19 -186 0
20 -186 0
22 -186 0
25 -186 0
27 -186 0
29 -186 0
30 -186 0
32 -186 0
34 -186 0
35 -186 0
38 -186 0
39 -186 0
41 -186 0
43 -186 0
45 -186 0
46 -186 0
48 -186 0
50 -186 0
51 -186 0
54 -186 0
56 -186 0
57 -186 0
59 -186 0
61 -187 0
64 -187 0
65 -187 0
68 -187 0
70 -187 0
71 -187 0
73 -187 0
76 -187 0
79 -187 0
80 -187 0
82 -187 0
85 -187 0
87 -187 0
89 -187 0
91 -187 0
93 -187 0
95 -187 0
96 -187 0
99 -187 0
100 -187 0
102 -187 0
105 -187 0
107 -187 0
108 -187 0
110 -187 0
113 -187 0
114 -187 0
117 -187 0
119 -187 0
120 -187 0
122 -187 0
124 -188 0
127 -188 0
128 -188 0
-188 0
132 -188 0
133 -188 0
135 -188 0
138 -188 0
139 -188 0
142 -188 0
143 -188 0
145 -188 0
148 -188 0
150 -188 0
152 -188 0
154 -188 0
156 -188 0
158 -188 0
159 -188 0
162 -188 0
163 -188 0
165 -188 0
168 -188 0
170 -188 0
171 -188 0
173 -188 0
176 -188 0
177 -188 0
179 -188 0
181 -188 0
182 -188 0
184 -188 0
2 -189 0
4 -189 0
6 -189 0
8 -189 0
10 -189 0
12 -189 0
13 -189 0
15 -189 0
17 -189 0
18 -189 0
21 -189 0
23 -189 0
24 -189 0
27 -189 0
29 -189 0
31 -189 0
33 -189 0
35 -189 0
38 -189 0
39 -189 0
41 -189 0
-189 0
45 -189 0
46 -189 0
49 -189 0
50 -189 0
52 -189 0
54 -189 0
56 -189 0
57 -189 0
59 -189 0
62 -190 0
64 -190 0
66 -190 0
68 -190 0
70 -190 0
72 -190 0
73 -190 0
75 -190 0
77 -190 0
78 -190 0
81 -190 0
83 -190 0
84 -190 0
87 -190 0
89 -190 0
90 -190 0
92 -190 0
94 -190 0
96 -190 0
99 -190 0
100 -190 0
102 -190 0
104 -190 0
107 -190 0
108 -190 0
111 -190 0
113 -190 0
115 -190 0
117 -190 0
119 -190 0
120 -190 0
122 -190 0
125 -191 0
127 -191 0
129 -191 0
-191 0
132 -191 0
134 -191 0
135 -191 0
137 -191 0
140 -191 0
141 -191 0
144 -191 0
146 -191 0
147 -191 0
150 -191 0
152 -191 0
153 -191 0
155 -191 0
157 -191 0
159 -191 0
162 -191 0
163 -191 0
165 -191 0
167 -191 0
170 -191 0
171 -191 0
174 -191 0
176 -191 0
179 -191 0
181 -191 0
182 -191 0
184 -191 0
2 -192 0
3 -192 0
6 -192 0
7 -192 0
9 -192 0
12 -192 0
14 -192 0
-192 0
17 -192 0
19 -192 0
20 -192 0
23 -192 0
24 -192 0
26 -192 0
28 -192 0
30 -192 0
31 -192 0
33 -192 0
35 -192 0
37 -192 0
39 -192 0
41 -192 0
43 -192 0
44 -192 0
47 -192 0
48 -192 0
52 -192 0
54 -192 0
56 -192 0
57 -192 0
60 -192 0
62 -193 0
63 -193 0
66 -193 0
67 -193 0
69 -193 0
72 -193 0
74 -193 0
77 -193 0
79 -193 0
80 -193 0
83 -193 0
84 -193 0
86 -193 0
88 -193 0
91 -193 0
92 -193 0
94 -193 0
96 -193 0
98 -193 0
100 -193 0
102 -193 0
105 -193 0
106 -193 0
109 -193 0
110 -193 0
112 -193 0
115 -193 0
117 -193 0
119 -193 0
120 -193 0
123 -193 0
125 -194 0
126 -194 0
129 -194 0
130 -194 0
131 -194 0
134 -194 0
136 -194 0
138 -194 0
140 -194 0
142 -194 0
143 -194 0
146 -194 0
147 -194 0
149 -194 0
151 -194 0
154 -194 0
155 -194 0
157 -194 0
159 -194 0
161 -194 0
163 -194 0
165 -194 0
168 -194 0
169 -194 0
172 -194 0
173 -194 0
175 -194 0
179 -194 0
181 -194 0
182 -194 0
185 -194 0
1 -195 0
4 -195 0
6 -195 0
7 -195 0
10 -195 0
12 -195 0
13 -195 0
15 -195 0
16 -195 0
18 -195 0
20 -195 0
23 -195 0
24 -195 0
27 -195 0
29 -195 0
30 -195 0
32 -195 0
34 -195 0
35 -195 0
37 -195 0
40 -195 0
42 -195 0
43 -195 0
44 -195 0
46 -195 0
48 -195 0
51 -195 0
54 -195 0
55 -195 0
57 -195 0
60 -195 0
61 -196 0
64 -196 0
66 -196 0
67 -196 0
70 -196 0
72 -196 0
73 -196 0
75 -196 0
76 -196 0
78 -196 0
80 -196 0
83 -196 0
84 -196 0
87 -196 0
89 -196 0
91 -196 0
93 -196 0
95 -196 0
96 -196 0
98 -196 0
101 -196 0
103 -196 0
105 -196 0
106 -196 0
108 -196 0
110 -196 0
112 -196 0
114 -196 0
117 -196 0
118 -196 0
120 -196 0
123 -196 0
124 -197 0
127 -197 0
129 -197 0
130 -197 0
132 -197 0
134 -197 0
135 -197 0
137 -197 0
139 -197 0
141 -197 0
143 -197 0
146 -197 0
147 -197 0
150 -197 0
152 -197 0
154 -197 0
156 -197 0
158 -197 0
159 -197 0
161 -197 0
164 -197 0
166 -197 0
168 -197 0
169 -197 0
171 -197 0
173 -197 0
175 -197 0
177 -197 0
179 -197 0
180 -197 0
182 -197 0
185 -197 0
2 -198 0
4 -198 0
6 -198 0
7 -198 0
10 -198 0
12 -198 0
14 -198 0
-198 0
17 -198 0
19 -198 0
20 -198 0
23 -198 0
24 -198 0
27 -198 0
29 -198 0
31 -198 0
33 -198 0
35 -198 0
38 -198 0
40 -198 0
42 -198 0
43 -198 0
45 -198 0
47 -198 0
49 -198 0
50 -198 0
52 -198 0
54 -198 0
55 -198 0
57 -198 0
59 -198 0
62 -199 0
64 -199 0
66 -199 0
67 -199 0
70 -199 0
72 -199 0
74 -199 0
77 -199 0
79 -199 0
80 -199 0
83 -199 0
84 -199 0
87 -199 0
89 -199 0
90 -199 0
92 -199 0
94 -199 0
96 -199 0
99 -199 0
101 -199 0
103 -199 0
105 -199 0
107 -199 0
109 -199 0
111 -199 0
113 -199 0
115 -199 0
117 -199 0
118 -199 0
120 -199 0
122 -199 0
125 -200 0
127 -200 0
129 -200 0
130 -200 0
132 -200 0
134 -200 0
136 -200 0
138 -200 0
140 -200 0
142 -200 0
143 -200 0
146 -200 0
147 -200 0
150 -200 0
152 -200 0
153 -200 0
155 -200 0
157 -200 0
159 -200 0
162 -200 0
164 -200 0
166 -200 0
168 -200 0
170 -200 0
172 -200 0
174 -200 0
176 -200 0
179 -200 0
180 -200 0
182 -200 0
184 -200 0
1 -201 0
4 -201 0
5 -201 0
8 -201 0
10 -201 0
12 -201 0
14 -201 0
15 -201 0
16 -201 0
18 -201 0
20 -201 0
23 -201 0
25 -201 0
27 -201 0
28 -201 0
32 -201 0
34 -201 0
36 -201 0
38 -201 0
39 -201 0
41 -201 0
43 -201 0
44 -201 0
47 -201 0
48 -201 0
50 -201 0
52 -201 0
54 -201 0
56 -201 0
57 -201 0
60 -201 0
61 -202 0
64 -202 0
65 -202 0
68 -202 0
70 -202 0
72 -202 0
74 -202 0
75 -202 0
76 -202 0
78 -202 0
80 -202 0
83 -202 0
85 -202 0
87 -202 0
88 -202 0
90 -202 0
93 -202 0
95 -202 0
97 -202 0
99 -202 0
100 -202 0
102 -202 0
105 -202 0
106 -202 0
109 -202 0
110 -202 0
113 -202 0
115 -202 0
117 -202 0
119 -202 0
120 -202 0
123 -202 0
124 -203 0
127 -203 0
128 -203 0
-203 0
132 -203 0
134 -203 0
136 -203 0
137 -203 0
139 -203 0
141 -203 0
143 -203 0
146 -203 0
148 -203 0
150 -203 0
151 -203 0
153 -203 0
156 -203 0
158 -203 0
160 -203 0
162 -203 0
163 -203 0
165 -203 0
168 -203 0
169 -203 0
172 -203 0
173 -203 0
176 -203 0
179 -203 0
181 -203 0
182 -203 0
185 -203 0
1 -204 0
4 -204 0
5 -204 0
8 -204 0
10 -204 0
12 -204 0
13 -204 0
-204 0
17 -204 0
18 -204 0
20 -204 0
23 -204 0
25 -204 0
26 -204 0
29 -204 0
32 -204 0
34 -204 0
35 -204 0
37 -204 0
39 -204 0
42 -204 0
-204 0
45 -204 0
47 -204 0
48 -204 0
51 -204 0
54 -204 0
56 -204 0
57 -204 0
59 -204 0
61 -205 0
64 -205 0
65 -205 0
68 -205 0
70 -205 0
72 -205 0
73 -205 0
77 -205 0
78 -205 0
80 -205 0
83 -205 0
85 -205 0
86 -205 0
89 -205 0
90 -205 0
93 -205 0
95 -205 0
96 -205 0
98 -205 0
100 -205 0
103 -205 0
104 -205 0
107 -205 0
109 -205 0
110 -205 0
112 -205 0
114 -205 0
117 -205 0
119 -205 0
120 -205 0
122 -205 0
124 -206 0
127 -206 0
128 -206 0
-206 0
132 -206 0
134 -206 0
135 -206 0
138 -206 0
140 -206 0
141 -206 0
143 -206 0
146 -206 0
148 -206 0
149 -206 0
152 -206 0
153 -206 0
156 -206 0
158 -206 0
159 -206 0
161 -206 0
163 -206 0
166 -206 0
167 -206 0
170 -206 0
172 -206 0
173 -206 0
175 -206 0
177 -206 0
179 -206 0
181 -206 0
182 -206 0
184 -206 0
2 -207 0
4 -207 0
6 -207 0
8 -207 0
10 -207 0
12 -207 0
13 -207 0
15 -207 0
16 -207 0
18 -207 0
20 -207 0
22 -207 0
24 -207 0
26 -207 0
29 -207 0
30 -207 0
31 -207 0
33 -207 0
36 -207 0
38 -207 0
40 -207 0
41 -207 0
43 -207 0
44 -207 0
47 -207 0
48 -207 0
50 -207 0
52 -207 0
54 -207 0
55 -207 0
57 -207 0
60 -207 0
62 -208 0
64 -208 0
66 -208 0
68 -208 0
70 -208 0
72 -208 0
73 -208 0
75 -208 0
76 -208 0
78 -208 0
80 -208 0
82 -208 0
84 -208 0
86 -208 0
89 -208 0
91 -208 0
92 -208 0
94 -208 0
97 -208 0
99 -208 0
101 -208 0
102 -208 0
105 -208 0
106 -208 0
109 -208 0
110 -208 0
113 -208 0
115 -208 0
117 -208 0
118 -208 0
120 -208 0
123 -208 0
125 -209 0
127 -209 0
129 -209 0
-209 0
132 -209 0
134 -209 0
135 -209 0
137 -209 0
139 -209 0
141 -209 0
143 -209 0
145 -209 0
147 -209 0
149 -209 0
152 -209 0
154 -209 0
155 -209 0
157 -209 0
160 -209 0
162 -209 0
164 -209 0
165 -209 0
168 -209 0
169 -209 0
172 -209 0
173 -209 0
176 -209 0
179 -209 0
180 -209 0
182 -209 0
185 -209 0
2 -210 0
4 -210 0
6 -210 0
7 -210 0
10 -210 0
11 -210 0
13 -210 0
15 -210 0
17 -210 0
18 -210 0
20 -210 0
23 -210 0
24 -210 0
26 -210 0
28 -210 0
30 -210 0
31 -210 0
34 -210 0
35 -210 0
38 -210 0
40 -210 0
41 -210 0
-210 0
44 -210 0
46 -210 0
48 -210 0
52 -210 0
54 -210 0
56 -210 0
57 -210 0
60 -210 0
62 -211 0
64 -211 0
66 -211 0
67 -211 0
70 -211 0
71 -211 0
73 -211 0
75 -211 0
77 -211 0
78 -211 0
80 -211 0
83 -211 0
84 -211 0
86 -211 0
88 -211 0
91 -211 0
92 -211 0
95 -211 0
96 -211 0
99 -211 0
101 -211 0
102 -211 0
104 -211 0
106 -211 0
108 -211 0
110 -211 0
112 -211 0
115 -211 0
117 -211 0
119 -211 0
120 -211 0
123 -211 0
125 -212 0
127 -212 0
129 -212 0
130 -212 0
132 -212 0
133 -212 0
135 -212 0
137 -212 0
140 -212 0
141 -212 0
143 -212 0
146 -212 0
147 -212 0
149 -212 0
151 -212 0
154 -212 0
155 -212 0
158 -212 0
159 -212 0
162 -212 0
164 -212 0
165 -212 0
167 -212 0
169 -212 0
171 -212 0
173 -212 0
175 -212 0
179 -212 0
181 -212 0
182 -212 0
185 -212 0
2 -213 0
4 -213 0
6 -213 0
8 -213 0
10 -213 0
12 -213 0
14 -213 0
15 -213 0
17 -213 0
18 -213 0
20 -213 0
23 -213 0
25 -213 0
27 -213 0
28 -213 0
31 -213 0
34 -213 0
36 -213 0
38 -213 0
39 -213 0
41 -213 0
43 -213 0
45 -213 0
47 -213 0
49 -213 0
50 -213 0
52 -213 0
54 -213 0
56 -213 0
57 -213 0
59 -213 0
62 0
64 0
66 0
68 0
70 0
72 0
74 0
75 0
77 0
78 0
80 0
83 0
85 0
87 0
88 0
90 0
92 0
95 0
97 0
99 0
100 0
102 0
105 0
107 0
109 0
111 0
113 0
115 0
117 0
119 0
120 0
122 0
125 -214 0
127 -214 0
129 -214 0
-214 0
132 -214 0
134 -214 0
136 -214 0
137 -214 0
140 -214 0
141 -214 0
143 -214 0
146 -214 0
148 -214 0
150 -214 0
151 -214 0
153 -214 0
155 -214 0
158 -214 0
160 -214 0
162 -214 0
163 -214 0
165 -214 0
168 -214 0
170 -214 0
172 -214 0
174 -214 0
176 -214 0
179 -214 0
181 -214 0
182 -214 0
184 -214 0
186 187 188 0
189 190 191 0
192 193 194 0
195 196 197 0
198 199 200 0
201 202 203 0
204 205 206 0
207 208 209 0
210 211 212 0
