p cnf 57 147
1 2 0
3 4 0
5 0
6 7 0
8 9 0
10 11 0
12 13 0
14 15 0
16 17 0
18 19 0
20 21 0
23 24 0
25 26 0
27 0
28 29 0
30 31 0
34 35 0
37 38 0
39 40 0
-17 -18 -21 -24 -26 -27 0
-29 -30 -32 -34 -36 -38 -40 0
-16 -19 -20 -22 -23 -25 -27 0
-28 -31 -32 -33 -35 -37 -40 0
-29 -30 -32 -34 -38 -39 0
-1 -3 -5 -6 -8 -11 -12 -14 0
-28 -30 -33 -34 -36 -37 -39 0
1 -41 0
3 -41 0
5 -41 0
7 -41 0
9 -41 0
10 -41 0
12 -41 0
14 -41 0
16 -42 0
18 -42 0
21 -42 0
22 -42 0
23 -42 0
25 -42 0
-42 0
28 -43 0
30 -43 0
35 -43 0
37 -43 0
39 -43 0
2 -44 0
3 -44 0
-44 0
7 -44 0
8 -44 0
11 -44 0
12 -44 0
15 -44 0
17 -45 0
18 -45 0
21 -45 0
24 -45 0
25 -45 0
27 -45 0
29 -46 0
30 -46 0
32 -46 0
34 -46 0
36 -46 0
37 -46 0
40 -46 0
2 -47 0
4 -47 0
5 -47 0
7 -47 0
9 -47 0
10 -47 0
12 -47 0
15 -47 0
17 -48 0
19 -48 0
21 -48 0
22 -48 0
23 -48 0
25 -48 0
27 -48 0
29 -49 0
31 -49 0
35 -49 0
37 -49 0
40 -49 0
2 -50 0
4 -50 0
5 -50 0
6 -50 0
8 -50 0
10 -50 0
13 -50 0
14 -50 0
17 -51 0
19 -51 0
20 -51 0
23 -51 0
26 -51 0
-51 0
29 -52 0
31 -52 0
33 -52 0
34 -52 0
38 -52 0
39 -52 0
1 -53 0
3 -53 0
5 -53 0
7 -53 0
8 -53 0
10 -53 0
12 -53 0
15 -53 0
28 -54 0
30 -54 0
34 -54 0
37 -54 0
40 -54 0
1 -55 0
4 -55 0
5 -55 0
7 -55 0
9 -55 0
11 -55 0
13 -55 0
15 -55 0
16 -56 0
19 -56 0
21 -56 0
22 -56 0
24 -56 0
26 -56 0
27 -56 0
28 -57 0
31 -57 0
35 -57 0
36 -57 0
38 -57 0
40 -57 0
41 42 43 0
44 45 46 0
47 48 49 0
50 51 52 0
53 54 0
55 56 57 0
