p cnf 1054 8086
1 2 0
3 4 0
5 6 0
7 8 0
9 10 0
11 12 0
13 14 0
15 16 0
17 18 0
19 20 0
21 22 0
23 24 0
25 26 0
27 28 0
29 30 0
31 32 0
33 34 0
35 36 0
37 38 0
39 40 0
41 42 0
43 44 0
45 46 0
47 48 0
49 50 0
51 52 0
53 54 0
55 56 0
57 58 0
59 60 0
61 62 0
63 64 0
65 66 0
67 68 0
69 70 0
71 72 0
73 74 0
75 76 0
77 78 0
79 0
80 81 0
82 83 0
84 85 0
86 87 0
88 0
89 90 0
91 92 0
93 94 0
-2 -3 -6 -7 -10 -12 -13 -15 0
-18 -19 -22 -23 -26 -28 -29 -31 0
-34 -35 -38 -39 -42 -44 -45 -47 0
-50 -51 -54 -55 -58 -60 -61 -63 0
-1 -3 -6 -7 -10 -11 -14 -15 0
-17 -19 -22 -23 -26 -27 -30 -31 0
-33 -35 -38 -39 -42 -43 -46 -47 0
-49 -51 -54 -55 -58 -59 -62 -63 0
-1 -3 -5 -8 -9 -12 -13 -15 0
-17 -19 -21 -24 -25 -28 -29 -31 0
-33 -35 -37 -40 -41 -44 -45 -47 0
-49 -51 -53 -56 -57 -60 -61 -63 0
-80 -82 -84 -87 -88 -90 -91 -93 0
-2 -3 -5 -8 -9 -12 -14 -15 0
-18 -19 -21 -24 -25 -28 -30 -31 0
-34 -35 -37 -40 -41 -44 -46 -47 0
-50 -51 -53 -56 -57 -60 -62 -63 0
-81 -82 -84 -87 -88 -90 -92 -93 0
-1 -3 -5 -8 -10 -12 -13 -15 0
-17 -19 -21 -24 -26 -28 -29 -31 0
-33 -35 -37 -40 -42 -44 -45 -47 0
-49 -51 -53 -56 -58 -60 -61 -63 0
-2 -3 -5 -7 -10 -12 -13 -15 0
-18 -19 -21 -23 -26 -28 -29 -31 0
-34 -35 -37 -39 -42 -44 -45 -47 0
-50 -51 -53 -55 -58 -60 -61 -63 0
-2 -3 -5 -8 -10 -11 -13 -15 0
-18 -19 -21 -24 -26 -27 -29 -31 0
-34 -35 -37 -40 -42 -43 -45 -47 0
-50 -51 -53 -56 -58 -59 -61 -63 0
-2 -3 -5 -8 -10 -11 -13 -15 0
-18 -19 -21 -24 -26 -27 -29 -31 0
-34 -35 -37 -40 -42 -43 -45 -47 0
-50 -51 -53 -56 -58 -59 -61 -63 0
-2 -3 -6 -7 -10 -12 -14 -15 0
-18 -19 -22 -23 -26 -28 -30 -31 0
-34 -35 -38 -39 -42 -44 -46 -47 0
-50 -51 -54 -55 -58 -60 -62 -63 0
-2 -3 -6 -7 -10 -11 -13 -15 0
-18 -19 -22 -23 -26 -27 -29 -31 0
-34 -35 -38 -39 -42 -43 -45 -47 0
-50 -51 -54 -55 -58 -59 -61 -63 0
-2 -3 -6 -7 -9 -11 -13 -15 0
-18 -19 -22 -23 -25 -27 -29 -31 0
-34 -35 -38 -39 -41 -43 -45 -47 0
-50 -51 -54 -55 -57 -59 -61 -63 0
-81 -82 -85 -86 -88 -89 -91 -93 0
-2 -3 -5 -7 -10 -12 -13 -15 0
-18 -19 -21 -23 -26 -28 -29 -31 0
-34 -35 -37 -39 -42 -44 -45 -47 0
-50 -51 -53 -55 -58 -60 -61 -63 0
-1 -3 -6 -8 -10 -12 -14 -15 0
-17 -19 -22 -24 -26 -28 -30 -31 0
-33 -35 -38 -40 -42 -44 -46 -47 0
-49 -51 -54 -56 -58 -60 -62 -63 0
-1 -3 -5 -7 -10 -11 -13 -15 0
-17 -19 -21 -23 -26 -27 -29 -31 0
-33 -35 -37 -39 -42 -43 -45 -47 0
-49 -51 -53 -55 -58 -59 -61 -63 0
-1 -3 -6 -7 -9 -11 -13 -15 0
-17 -19 -22 -23 -25 -27 -29 -31 0
-33 -35 -38 -39 -41 -43 -45 -47 0
-49 -51 -54 -55 -57 -59 -61 -63 0
-80 -82 -85 -86 -88 -89 -91 -93 0
-2 -3 -6 -8 -9 -12 -14 -15 0
-18 -19 -22 -24 -25 -28 -30 -31 0
-34 -35 -38 -40 -41 -44 -46 -47 0
-50 -51 -54 -56 -57 -60 -62 -63 0
-81 -82 -85 -87 -88 -90 -92 -93 0
-1 -3 -6 -7 -9 -11 -14 -15 0
-17 -19 -22 -23 -25 -27 -30 -31 0
-33 -35 -38 -39 -41 -43 -46 -47 0
-49 -51 -54 -55 -57 -59 -62 -63 0
-80 -82 -85 -86 -88 -89 -92 -93 0
-2 -3 -6 -7 -10 -11 -14 -15 0
-18 -19 -22 -23 -26 -27 -30 -31 0
-34 -35 -38 -39 -42 -43 -46 -47 0
-50 -51 -54 -55 -58 -59 -62 -63 0
-1 -3 -6 -8 -9 -11 -14 -15 0
-17 -19 -22 -24 -25 -27 -30 -31 0
-33 -35 -38 -40 -41 -43 -46 -47 0
-49 -51 -54 -56 -57 -59 -62 -63 0
-80 -82 -85 -87 -88 -89 -92 -93 0
-1 -3 -6 -8 -9 -11 -13 -15 0
-17 -19 -22 -24 -25 -27 -29 -31 0
-33 -35 -38 -40 -41 -43 -45 -47 0
-49 -51 -54 -56 -57 -59 -61 -63 0
-80 -82 -85 -87 -88 -89 -91 -93 0
-1 -3 -5 -7 -10 -11 -14 -15 0
-17 -19 -21 -23 -26 -27 -30 -31 0
-33 -35 -37 -39 -42 -43 -46 -47 0
-49 -51 -53 -55 -58 -59 -62 -63 0
-2 -3 -5 -7 -9 -12 -13 -15 0
-18 -19 -21 -23 -25 -28 -29 -31 0
-34 -35 -37 -39 -41 -44 -45 -47 0
-50 -51 -53 -55 -57 -60 -61 -63 0
-81 -82 -84 -86 -88 -90 -91 -93 0
-1 -3 -5 -8 -9 -12 -14 -15 0
-17 -19 -21 -24 -25 -28 -30 -31 0
-33 -35 -37 -40 -41 -44 -46 -47 0
-49 -51 -53 -56 -57 -60 -62 -63 0
-80 -82 -84 -87 -88 -90 -92 -93 0
-1 -3 -6 -8 -9 -11 -14 -15 0
-17 -19 -22 -24 -25 -27 -30 -31 0
-33 -35 -38 -40 -41 -43 -46 -47 0
-49 -51 -54 -56 -57 -59 -62 -63 0
-80 -82 -85 -87 -88 -89 -92 -93 0
-1 -3 -5 -8 -10 -11 -13 -15 0
-17 -19 -21 -24 -26 -27 -29 -31 0
-33 -35 -37 -40 -42 -43 -45 -47 0
-49 -51 -53 -56 -58 -59 -61 -63 0
-1 -3 -5 -8 -9 -11 -14 -15 0
-17 -19 -21 -24 -25 -27 -30 -31 0
-33 -35 -37 -40 -41 -43 -46 -47 0
-49 -51 -53 -56 -57 -59 -62 -63 0
-80 -82 -84 -87 -88 -89 -92 -93 0
-1 -3 -5 -7 -10 -11 -13 -15 0
-17 -19 -21 -23 -26 -27 -29 -31 0
-33 -35 -37 -39 -42 -43 -45 -47 0
-49 -51 -53 -55 -58 -59 -61 -63 0
-1 -3 -5 -8 -10 -11 -14 -15 0
-17 -19 -21 -24 -26 -27 -30 -31 0
-33 -35 -37 -40 -42 -43 -46 -47 0
-49 -51 -53 -56 -58 -59 -62 -63 0
-2 -3 -5 -7 -9 -12 -14 -15 0
-18 -19 -21 -23 -25 -28 -30 -31 0
-34 -35 -37 -39 -41 -44 -46 -47 0
-50 -51 -53 -55 -57 -60 -62 -63 0
-81 -82 -84 -86 -88 -90 -92 -93 0
-2 -3 -6 -7 -10 -11 -14 -15 0
-18 -19 -22 -23 -26 -27 -30 -31 0
-34 -35 -38 -39 -42 -43 -46 -47 0
-50 -51 -54 -55 -58 -59 -62 -63 0
-1 -3 -5 -8 -10 -11 -14 -15 0
-17 -19 -21 -24 -26 -27 -30 -31 0
-33 -35 -37 -40 -42 -43 -46 -47 0
-49 -51 -53 -56 -58 -59 -62 -63 0
-2 -3 -5 -7 -10 -12 -13 -15 0
-18 -19 -21 -23 -26 -28 -29 -31 0
-34 -35 -37 -39 -42 -44 -45 -47 0
-50 -51 -53 -55 -58 -60 -61 -63 0
-2 -3 -6 -8 -9 -11 -14 -15 0
-18 -19 -22 -24 -25 -27 -30 -31 0
-34 -35 -38 -40 -41 -43 -46 -47 0
-50 -51 -54 -56 -57 -59 -62 -63 0
-81 -82 -85 -87 -88 -89 -92 -93 0
-1 -3 -5 -8 -10 -12 -14 -15 0
-17 -19 -21 -24 -26 -28 -30 -31 0
-33 -35 -37 -40 -42 -44 -46 -47 0
-49 -51 -53 -56 -58 -60 -62 -63 0
-1 -3 -5 -8 -10 -11 -14 -15 0
-17 -19 -21 -24 -26 -27 -30 -31 0
-33 -35 -37 -40 -42 -43 -46 -47 0
-49 -51 -53 -56 -58 -59 -62 -63 0
-1 -3 -5 -8 -9 -12 -13 -15 0
-17 -19 -21 -24 -25 -28 -29 -31 0
-33 -35 -37 -40 -41 -44 -45 -47 0
-49 -51 -53 -56 -57 -60 -61 -63 0
-80 -82 -84 -87 -88 -90 -91 -93 0
-2 -3 -6 -7 -9 -12 -13 -15 0
-18 -19 -22 -23 -25 -28 -29 -31 0
-34 -35 -38 -39 -41 -44 -45 -47 0
-50 -51 -54 -55 -57 -60 -61 -63 0
-81 -82 -85 -86 -88 -90 -91 -93 0
-1 -3 -6 -7 -10 -11 -14 -15 0
-17 -19 -22 -23 -26 -27 -30 -31 0
-33 -35 -38 -39 -42 -43 -46 -47 0
-49 -51 -54 -55 -58 -59 -62 -63 0
1 -95 0
3 -95 0
6 -95 0
7 -95 0
9 -95 0
11 -95 0
13 -95 0
16 -95 0
17 -96 0
19 -96 0
22 -96 0
23 -96 0
25 -96 0
27 -96 0
29 -96 0
32 -96 0
33 -97 0
35 -97 0
38 -97 0
39 -97 0
41 -97 0
43 -97 0
45 -97 0
48 -97 0
49 -98 0
51 -98 0
54 -98 0
55 -98 0
57 -98 0
59 -98 0
61 -98 0
64 -98 0
65 -99 0
67 -99 0
70 -99 0
71 -99 0
73 -99 0
75 -99 0
77 -99 0
79 -99 0
80 -100 0
82 -100 0
85 -100 0
86 -100 0
88 -100 0
89 -100 0
91 -100 0
94 -100 0
1 -101 0
4 -101 0
5 -101 0
7 -101 0
9 -101 0
12 -101 0
14 -101 0
15 -101 0
17 -102 0
20 -102 0
21 -102 0
23 -102 0
25 -102 0
28 -102 0
30 -102 0
31 -102 0
33 -103 0
36 -103 0
37 -103 0
39 -103 0
41 -103 0
44 -103 0
46 -103 0
47 -103 0
49 -104 0
52 -104 0
53 -104 0
55 -104 0
57 -104 0
60 -104 0
62 -104 0
63 -104 0
65 -105 0
68 -105 0
69 -105 0
71 -105 0
73 -105 0
76 -105 0
78 -105 0
-105 0
80 -106 0
83 -106 0
84 -106 0
86 -106 0
88 -106 0
90 -106 0
92 -106 0
93 -106 0
2 -107 0
4 -107 0
6 -107 0
8 -107 0
9 -107 0
11 -107 0
14 -107 0
16 -107 0
18 -108 0
20 -108 0
22 -108 0
24 -108 0
25 -108 0
27 -108 0
30 -108 0
32 -108 0
34 -109 0
36 -109 0
38 -109 0
40 -109 0
41 -109 0
43 -109 0
46 -109 0
48 -109 0
50 -110 0
52 -110 0
54 -110 0
56 -110 0
57 -110 0
59 -110 0
62 -110 0
64 -110 0
66 -111 0
68 -111 0
70 -111 0
72 -111 0
73 -111 0
75 -111 0
78 -111 0
79 -111 0
81 -112 0
83 -112 0
85 -112 0
87 -112 0
88 -112 0
89 -112 0
92 -112 0
94 -112 0
2 -113 0
4 -113 0
6 -113 0
7 -113 0
10 -113 0
12 -113 0
13 -113 0
16 -113 0
18 -114 0
20 -114 0
22 -114 0
23 -114 0
26 -114 0
28 -114 0
29 -114 0
32 -114 0
34 -115 0
36 -115 0
38 -115 0
39 -115 0
42 -115 0
44 -115 0
45 -115 0
48 -115 0
50 -116 0
52 -116 0
54 -116 0
55 -116 0
58 -116 0
60 -116 0
61 -116 0
64 -116 0
66 -117 0
68 -117 0
70 -117 0
71 -117 0
74 -117 0
76 -117 0
77 -117 0
79 -117 0
81 -118 0
83 -118 0
85 -118 0
86 -118 0
-118 0
90 -118 0
91 -118 0
94 -118 0
2 -119 0
4 -119 0
6 -119 0
8 -119 0
10 -119 0
11 -119 0
13 -119 0
15 -119 0
18 -120 0
20 -120 0
22 -120 0
24 -120 0
26 -120 0
27 -120 0
29 -120 0
31 -120 0
34 -121 0
36 -121 0
38 -121 0
40 -121 0
42 -121 0
43 -121 0
45 -121 0
47 -121 0
50 -122 0
52 -122 0
54 -122 0
56 -122 0
58 -122 0
59 -122 0
61 -122 0
63 -122 0
66 -123 0
68 -123 0
70 -123 0
72 -123 0
74 -123 0
75 -123 0
77 -123 0
-123 0
81 -124 0
83 -124 0
85 -124 0
87 -124 0
-124 0
89 -124 0
91 -124 0
93 -124 0
2 -125 0
4 -125 0
6 -125 0
8 -125 0
9 -125 0
11 -125 0
14 -125 0
16 -125 0
18 -126 0
20 -126 0
22 -126 0
24 -126 0
25 -126 0
27 -126 0
30 -126 0
32 -126 0
34 -127 0
36 -127 0
38 -127 0
40 -127 0
41 -127 0
43 -127 0
46 -127 0
48 -127 0
50 -128 0
52 -128 0
54 -128 0
56 -128 0
57 -128 0
59 -128 0
62 -128 0
64 -128 0
66 -129 0
68 -129 0
70 -129 0
72 -129 0
73 -129 0
75 -129 0
78 -129 0
79 -129 0
81 -130 0
83 -130 0
85 -130 0
87 -130 0
88 -130 0
89 -130 0
92 -130 0
94 -130 0
1 -131 0
4 -131 0
5 -131 0
8 -131 0
10 -131 0
11 -131 0
13 -131 0
15 -131 0
17 -132 0
20 -132 0
21 -132 0
24 -132 0
26 -132 0
27 -132 0
29 -132 0
31 -132 0
33 -133 0
36 -133 0
37 -133 0
40 -133 0
42 -133 0
43 -133 0
45 -133 0
47 -133 0
49 -134 0
52 -134 0
53 -134 0
56 -134 0
58 -134 0
59 -134 0
61 -134 0
63 -134 0
65 -135 0
68 -135 0
69 -135 0
72 -135 0
74 -135 0
75 -135 0
77 -135 0
-135 0
80 -136 0
83 -136 0
84 -136 0
87 -136 0
-136 0
89 -136 0
91 -136 0
93 -136 0
2 -137 0
4 -137 0
5 -137 0
7 -137 0
9 -137 0
11 -137 0
14 -137 0
16 -137 0
18 -138 0
20 -138 0
21 -138 0
23 -138 0
25 -138 0
27 -138 0
30 -138 0
32 -138 0
34 -139 0
36 -139 0
37 -139 0
39 -139 0
41 -139 0
43 -139 0
46 -139 0
48 -139 0
50 -140 0
52 -140 0
53 -140 0
55 -140 0
57 -140 0
59 -140 0
62 -140 0
64 -140 0
66 -141 0
68 -141 0
69 -141 0
71 -141 0
73 -141 0
75 -141 0
78 -141 0
79 -141 0
81 -142 0
83 -142 0
84 -142 0
86 -142 0
88 -142 0
89 -142 0
92 -142 0
94 -142 0
1 -143 0
4 -143 0
6 -143 0
7 -143 0
9 -143 0
11 -143 0
14 -143 0
15 -143 0
17 -144 0
20 -144 0
22 -144 0
23 -144 0
25 -144 0
27 -144 0
30 -144 0
31 -144 0
33 -145 0
36 -145 0
38 -145 0
39 -145 0
41 -145 0
43 -145 0
46 -145 0
47 -145 0
49 -146 0
52 -146 0
54 -146 0
55 -146 0
57 -146 0
59 -146 0
62 -146 0
63 -146 0
65 -147 0
68 -147 0
70 -147 0
71 -147 0
73 -147 0
75 -147 0
78 -147 0
-147 0
80 -148 0
83 -148 0
85 -148 0
86 -148 0
88 -148 0
89 -148 0
92 -148 0
93 -148 0
2 -149 0
4 -149 0
6 -149 0
7 -149 0
9 -149 0
12 -149 0
13 -149 0
16 -149 0
18 -150 0
20 -150 0
22 -150 0
23 -150 0
25 -150 0
28 -150 0
29 -150 0
32 -150 0
34 -151 0
36 -151 0
38 -151 0
39 -151 0
41 -151 0
44 -151 0
45 -151 0
48 -151 0
50 -152 0
52 -152 0
54 -152 0
55 -152 0
57 -152 0
60 -152 0
61 -152 0
64 -152 0
66 -153 0
68 -153 0
70 -153 0
71 -153 0
73 -153 0
76 -153 0
77 -153 0
79 -153 0
81 -154 0
83 -154 0
85 -154 0
86 -154 0
88 -154 0
90 -154 0
91 -154 0
94 -154 0
1 -155 0
4 -155 0
5 -155 0
7 -155 0
9 -155 0
12 -155 0
13 -155 0
16 -155 0
17 -156 0
20 -156 0
21 -156 0
23 -156 0
25 -156 0
28 -156 0
29 -156 0
32 -156 0
33 -157 0
36 -157 0
37 -157 0
39 -157 0
41 -157 0
44 -157 0
45 -157 0
48 -157 0
49 -158 0
52 -158 0
53 -158 0
55 -158 0
57 -158 0
60 -158 0
61 -158 0
64 -158 0
65 -159 0
68 -159 0
69 -159 0
71 -159 0
73 -159 0
76 -159 0
77 -159 0
79 -159 0
80 -160 0
83 -160 0
84 -160 0
86 -160 0
88 -160 0
90 -160 0
91 -160 0
94 -160 0
2 -161 0
3 -161 0
5 -161 0
8 -161 0
10 -161 0
12 -161 0
14 -161 0
16 -161 0
18 -162 0
19 -162 0
21 -162 0
24 -162 0
26 -162 0
28 -162 0
30 -162 0
32 -162 0
34 -163 0
35 -163 0
37 -163 0
40 -163 0
42 -163 0
44 -163 0
46 -163 0
48 -163 0
50 -164 0
51 -164 0
53 -164 0
56 -164 0
58 -164 0
60 -164 0
62 -164 0
64 -164 0
66 -165 0
67 -165 0
69 -165 0
72 -165 0
74 -165 0
76 -165 0
78 -165 0
79 -165 0
81 -166 0
82 -166 0
84 -166 0
87 -166 0
-166 0
90 -166 0
92 -166 0
94 -166 0
2 -167 0
4 -167 0
5 -167 0
7 -167 0
9 -167 0
12 -167 0
14 -167 0
16 -167 0
18 -168 0
20 -168 0
21 -168 0
23 -168 0
25 -168 0
28 -168 0
30 -168 0
32 -168 0
34 -169 0
36 -169 0
37 -169 0
39 -169 0
41 -169 0
44 -169 0
46 -169 0
48 -169 0
50 -170 0
52 -170 0
53 -170 0
55 -170 0
57 -170 0
60 -170 0
62 -170 0
64 -170 0
66 -171 0
68 -171 0
69 -171 0
71 -171 0
73 -171 0
76 -171 0
78 -171 0
79 -171 0
81 -172 0
83 -172 0
84 -172 0
86 -172 0
88 -172 0
90 -172 0
92 -172 0
94 -172 0
2 -173 0
4 -173 0
5 -173 0
8 -173 0
10 -173 0
12 -173 0
13 -173 0
16 -173 0
18 -174 0
20 -174 0
21 -174 0
24 -174 0
26 -174 0
28 -174 0
29 -174 0
32 -174 0
34 -175 0
36 -175 0
37 -175 0
40 -175 0
42 -175 0
44 -175 0
45 -175 0
48 -175 0
50 -176 0
52 -176 0
53 -176 0
56 -176 0
58 -176 0
60 -176 0
61 -176 0
64 -176 0
66 -177 0
68 -177 0
69 -177 0
72 -177 0
74 -177 0
76 -177 0
77 -177 0
79 -177 0
81 -178 0
83 -178 0
84 -178 0
87 -178 0
-178 0
90 -178 0
91 -178 0
94 -178 0
2 -179 0
4 -179 0
6 -179 0
7 -179 0
10 -179 0
11 -179 0
13 -179 0
16 -179 0
18 -180 0
20 -180 0
22 -180 0
23 -180 0
26 -180 0
27 -180 0
29 -180 0
32 -180 0
34 -181 0
36 -181 0
38 -181 0
39 -181 0
42 -181 0
43 -181 0
45 -181 0
48 -181 0
50 -182 0
52 -182 0
54 -182 0
55 -182 0
58 -182 0
59 -182 0
61 -182 0
64 -182 0
66 -183 0
68 -183 0
70 -183 0
71 -183 0
74 -183 0
75 -183 0
77 -183 0
79 -183 0
81 -184 0
83 -184 0
85 -184 0
86 -184 0
-184 0
89 -184 0
91 -184 0
94 -184 0
1 -185 0
3 -185 0
5 -185 0
7 -185 0
10 -185 0
12 -185 0
14 -185 0
16 -185 0
17 -186 0
19 -186 0
21 -186 0
23 -186 0
26 -186 0
28 -186 0
30 -186 0
32 -186 0
33 -187 0
35 -187 0
37 -187 0
39 -187 0
42 -187 0
44 -187 0
46 -187 0
48 -187 0
49 -188 0
51 -188 0
53 -188 0
55 -188 0
58 -188 0
60 -188 0
62 -188 0
64 -188 0
65 -189 0
67 -189 0
69 -189 0
71 -189 0
74 -189 0
76 -189 0
78 -189 0
79 -189 0
80 -190 0
82 -190 0
84 -190 0
86 -190 0
-190 0
90 -190 0
92 -190 0
94 -190 0
1 -191 0
4 -191 0
6 -191 0
8 -191 0
10 -191 0
12 -191 0
13 -191 0
16 -191 0
17 -192 0
20 -192 0
22 -192 0
24 -192 0
26 -192 0
28 -192 0
29 -192 0
32 -192 0
33 -193 0
36 -193 0
38 -193 0
40 -193 0
42 -193 0
44 -193 0
45 -193 0
48 -193 0
49 -194 0
52 -194 0
54 -194 0
56 -194 0
58 -194 0
60 -194 0
61 -194 0
64 -194 0
65 -195 0
68 -195 0
70 -195 0
72 -195 0
74 -195 0
76 -195 0
77 -195 0
79 -195 0
80 -196 0
83 -196 0
85 -196 0
87 -196 0
-196 0
90 -196 0
91 -196 0
94 -196 0
2 -197 0
4 -197 0
5 -197 0
8 -197 0
10 -197 0
12 -197 0
13 -197 0
15 -197 0
18 -198 0
20 -198 0
21 -198 0
24 -198 0
26 -198 0
28 -198 0
29 -198 0
31 -198 0
34 -199 0
36 -199 0
37 -199 0
40 -199 0
42 -199 0
44 -199 0
45 -199 0
47 -199 0
50 -200 0
52 -200 0
53 -200 0
56 -200 0
58 -200 0
60 -200 0
61 -200 0
63 -200 0
66 -201 0
68 -201 0
69 -201 0
72 -201 0
74 -201 0
76 -201 0
77 -201 0
-201 0
81 -202 0
83 -202 0
84 -202 0
87 -202 0
-202 0
90 -202 0
91 -202 0
93 -202 0
2 -203 0
4 -203 0
6 -203 0
8 -203 0
9 -203 0
12 -203 0
13 -203 0
16 -203 0
18 -204 0
20 -204 0
22 -204 0
24 -204 0
25 -204 0
28 -204 0
29 -204 0
32 -204 0
34 -205 0
36 -205 0
38 -205 0
40 -205 0
41 -205 0
44 -205 0
45 -205 0
48 -205 0
50 -206 0
52 -206 0
54 -206 0
56 -206 0
57 -206 0
60 -206 0
61 -206 0
64 -206 0
66 -207 0
68 -207 0
70 -207 0
72 -207 0
73 -207 0
76 -207 0
77 -207 0
79 -207 0
81 -208 0
83 -208 0
85 -208 0
87 -208 0
88 -208 0
90 -208 0
91 -208 0
94 -208 0
2 -209 0
4 -209 0
6 -209 0
8 -209 0
9 -209 0
12 -209 0
14 -209 0
16 -209 0
18 -210 0
20 -210 0
22 -210 0
24 -210 0
25 -210 0
28 -210 0
30 -210 0
32 -210 0
34 -211 0
36 -211 0
38 -211 0
40 -211 0
41 -211 0
44 -211 0
46 -211 0
48 -211 0
50 -212 0
52 -212 0
54 -212 0
56 -212 0
57 -212 0
60 -212 0
62 -212 0
64 -212 0
66 -213 0
68 -213 0
70 -213 0
72 -213 0
73 -213 0
76 -213 0
78 -213 0
79 -213 0
81 -214 0
83 -214 0
85 -214 0
87 -214 0
88 -214 0
90 -214 0
92 -214 0
94 -214 0
2 -215 0
3 -215 0
5 -215 0
7 -215 0
9 -215 0
12 -215 0
13 -215 0
16 -215 0
18 -216 0
19 -216 0
21 -216 0
23 -216 0
25 -216 0
28 -216 0
29 -216 0
32 -216 0
34 -217 0
35 -217 0
37 -217 0
39 -217 0
41 -217 0
44 -217 0
45 -217 0
48 -217 0
50 -218 0
51 -218 0
53 -218 0
55 -218 0
57 -218 0
60 -218 0
61 -218 0
64 -218 0
66 -219 0
67 -219 0
69 -219 0
71 -219 0
73 -219 0
76 -219 0
77 -219 0
79 -219 0
81 -220 0
82 -220 0
84 -220 0
86 -220 0
88 -220 0
90 -220 0
91 -220 0
94 -220 0
1 -221 0
4 -221 0
6 -221 0
7 -221 0
9 -221 0
11 -221 0
14 -221 0
16 -221 0
17 -222 0
20 -222 0
22 -222 0
23 -222 0
25 -222 0
27 -222 0
30 -222 0
32 -222 0
33 -223 0
36 -223 0
38 -223 0
39 -223 0
41 -223 0
43 -223 0
46 -223 0
48 -223 0
49 -224 0
52 -224 0
54 -224 0
55 -224 0
57 -224 0
59 -224 0
62 -224 0
64 -224 0
65 -225 0
68 -225 0
70 -225 0
71 -225 0
73 -225 0
75 -225 0
78 -225 0
79 -225 0
80 -226 0
83 -226 0
85 -226 0
86 -226 0
88 -226 0
89 -226 0
92 -226 0
94 -226 0
1 -227 0
4 -227 0
6 -227 0
8 -227 0
9 -227 0
12 -227 0
13 -227 0
15 -227 0
17 -228 0
20 -228 0
22 -228 0
24 -228 0
25 -228 0
28 -228 0
29 -228 0
31 -228 0
33 -229 0
36 -229 0
38 -229 0
40 -229 0
41 -229 0
44 -229 0
45 -229 0
47 -229 0
49 -230 0
52 -230 0
54 -230 0
56 -230 0
57 -230 0
60 -230 0
61 -230 0
63 -230 0
65 -231 0
68 -231 0
70 -231 0
72 -231 0
73 -231 0
76 -231 0
77 -231 0
-231 0
80 -232 0
83 -232 0
85 -232 0
87 -232 0
88 -232 0
90 -232 0
91 -232 0
93 -232 0
1 -233 0
4 -233 0
6 -233 0
8 -233 0
9 -233 0
12 -233 0
13 -233 0
16 -233 0
17 -234 0
20 -234 0
22 -234 0
24 -234 0
25 -234 0
28 -234 0
29 -234 0
32 -234 0
33 -235 0
36 -235 0
38 -235 0
40 -235 0
41 -235 0
44 -235 0
45 -235 0
48 -235 0
49 -236 0
52 -236 0
54 -236 0
56 -236 0
57 -236 0
60 -236 0
61 -236 0
64 -236 0
65 -237 0
68 -237 0
70 -237 0
72 -237 0
73 -237 0
76 -237 0
77 -237 0
79 -237 0
80 -238 0
83 -238 0
85 -238 0
87 -238 0
88 -238 0
90 -238 0
91 -238 0
94 -238 0
1 -239 0
4 -239 0
6 -239 0
8 -239 0
9 -239 0
11 -239 0
13 -239 0
15 -239 0
17 -240 0
20 -240 0
22 -240 0
24 -240 0
25 -240 0
27 -240 0
29 -240 0
31 -240 0
33 -241 0
36 -241 0
38 -241 0
40 -241 0
41 -241 0
43 -241 0
45 -241 0
47 -241 0
49 -242 0
52 -242 0
54 -242 0
56 -242 0
57 -242 0
59 -242 0
61 -242 0
63 -242 0
65 -243 0
68 -243 0
70 -243 0
72 -243 0
73 -243 0
75 -243 0
77 -243 0
-243 0
80 -244 0
83 -244 0
85 -244 0
87 -244 0
88 -244 0
89 -244 0
91 -244 0
93 -244 0
2 -245 0
4 -245 0
6 -245 0
7 -245 0
9 -245 0
12 -245 0
13 -245 0
16 -245 0
18 -246 0
20 -246 0
22 -246 0
23 -246 0
25 -246 0
28 -246 0
29 -246 0
32 -246 0
34 -247 0
36 -247 0
38 -247 0
39 -247 0
41 -247 0
44 -247 0
45 -247 0
48 -247 0
50 -248 0
52 -248 0
54 -248 0
55 -248 0
57 -248 0
60 -248 0
61 -248 0
64 -248 0
81 -249 0
83 -249 0
85 -249 0
86 -249 0
88 -249 0
90 -249 0
91 -249 0
94 -249 0
1 -250 0
4 -250 0
6 -250 0
7 -250 0
10 -250 0
12 -250 0
14 -250 0
15 -250 0
33 -251 0
36 -251 0
38 -251 0
39 -251 0
42 -251 0
44 -251 0
46 -251 0
47 -251 0
49 -252 0
52 -252 0
54 -252 0
55 -252 0
58 -252 0
60 -252 0
62 -252 0
63 -252 0
65 -253 0
68 -253 0
70 -253 0
71 -253 0
74 -253 0
76 -253 0
78 -253 0
-253 0
80 -254 0
83 -254 0
85 -254 0
86 -254 0
-254 0
90 -254 0
92 -254 0
93 -254 0
2 -255 0
4 -255 0
6 -255 0
7 -255 0
10 -255 0
11 -255 0
13 -255 0
15 -255 0
18 -256 0
20 -256 0
22 -256 0
23 -256 0
26 -256 0
27 -256 0
29 -256 0
31 -256 0
34 -257 0
36 -257 0
38 -257 0
39 -257 0
42 -257 0
43 -257 0
45 -257 0
47 -257 0
50 -258 0
52 -258 0
54 -258 0
55 -258 0
58 -258 0
59 -258 0
61 -258 0
63 -258 0
66 -259 0
68 -259 0
70 -259 0
71 -259 0
74 -259 0
75 -259 0
77 -259 0
-259 0
81 -260 0
83 -260 0
85 -260 0
86 -260 0
-260 0
89 -260 0
91 -260 0
93 -260 0
1 -261 0
4 -261 0
5 -261 0
7 -261 0
9 -261 0
11 -261 0
14 -261 0
16 -261 0
17 -262 0
20 -262 0
21 -262 0
23 -262 0
25 -262 0
27 -262 0
30 -262 0
32 -262 0
33 -263 0
36 -263 0
37 -263 0
39 -263 0
41 -263 0
43 -263 0
46 -263 0
48 -263 0
49 -264 0
52 -264 0
53 -264 0
55 -264 0
57 -264 0
59 -264 0
62 -264 0
64 -264 0
65 -265 0
68 -265 0
69 -265 0
71 -265 0
73 -265 0
75 -265 0
78 -265 0
79 -265 0
80 -266 0
83 -266 0
84 -266 0
86 -266 0
88 -266 0
89 -266 0
92 -266 0
94 -266 0
2 -267 0
3 -267 0
6 -267 0
8 -267 0
9 -267 0
12 -267 0
13 -267 0
16 -267 0
18 -268 0
19 -268 0
22 -268 0
24 -268 0
25 -268 0
28 -268 0
29 -268 0
32 -268 0
34 -269 0
35 -269 0
38 -269 0
40 -269 0
41 -269 0
44 -269 0
45 -269 0
48 -269 0
50 -270 0
51 -270 0
54 -270 0
56 -270 0
57 -270 0
60 -270 0
61 -270 0
64 -270 0
66 -271 0
67 -271 0
70 -271 0
72 -271 0
73 -271 0
76 -271 0
77 -271 0
79 -271 0
81 -272 0
82 -272 0
85 -272 0
87 -272 0
88 -272 0
90 -272 0
91 -272 0
94 -272 0
1 -273 0
4 -273 0
5 -273 0
7 -273 0
10 -273 0
11 -273 0
14 -273 0
15 -273 0
17 -274 0
20 -274 0
21 -274 0
23 -274 0
26 -274 0
27 -274 0
30 -274 0
31 -274 0
33 -275 0
36 -275 0
37 -275 0
39 -275 0
42 -275 0
43 -275 0
46 -275 0
47 -275 0
49 -276 0
52 -276 0
53 -276 0
55 -276 0
58 -276 0
59 -276 0
62 -276 0
63 -276 0
65 -277 0
68 -277 0
69 -277 0
71 -277 0
74 -277 0
75 -277 0
78 -277 0
-277 0
80 -278 0
83 -278 0
84 -278 0
86 -278 0
-278 0
89 -278 0
92 -278 0
93 -278 0
1 -279 0
4 -279 0
6 -279 0
8 -279 0
10 -279 0
11 -279 0
14 -279 0
15 -279 0
17 -280 0
20 -280 0
22 -280 0
24 -280 0
26 -280 0
27 -280 0
30 -280 0
31 -280 0
33 -281 0
36 -281 0
38 -281 0
40 -281 0
42 -281 0
43 -281 0
46 -281 0
47 -281 0
49 -282 0
52 -282 0
54 -282 0
56 -282 0
58 -282 0
59 -282 0
62 -282 0
63 -282 0
65 -283 0
68 -283 0
70 -283 0
72 -283 0
74 -283 0
75 -283 0
78 -283 0
-283 0
80 -284 0
83 -284 0
85 -284 0
87 -284 0
-284 0
89 -284 0
92 -284 0
93 -284 0
1 -285 0
3 -285 0
6 -285 0
8 -285 0
10 -285 0
11 -285 0
14 -285 0
16 -285 0
17 -286 0
19 -286 0
22 -286 0
24 -286 0
26 -286 0
27 -286 0
30 -286 0
32 -286 0
33 -287 0
35 -287 0
38 -287 0
40 -287 0
42 -287 0
43 -287 0
46 -287 0
48 -287 0
49 -288 0
51 -288 0
54 -288 0
56 -288 0
58 -288 0
59 -288 0
62 -288 0
64 -288 0
65 -289 0
67 -289 0
70 -289 0
72 -289 0
74 -289 0
75 -289 0
78 -289 0
79 -289 0
80 -290 0
82 -290 0
85 -290 0
87 -290 0
-290 0
89 -290 0
92 -290 0
94 -290 0
1 -291 0
4 -291 0
6 -291 0
8 -291 0
10 -291 0
11 -291 0
13 -291 0
15 -291 0
17 -292 0
20 -292 0
22 -292 0
24 -292 0
26 -292 0
27 -292 0
29 -292 0
31 -292 0
33 -293 0
36 -293 0
38 -293 0
40 -293 0
42 -293 0
43 -293 0
45 -293 0
47 -293 0
49 -294 0
52 -294 0
54 -294 0
56 -294 0
58 -294 0
59 -294 0
61 -294 0
63 -294 0
65 -295 0
68 -295 0
70 -295 0
72 -295 0
74 -295 0
75 -295 0
77 -295 0
-295 0
80 -296 0
83 -296 0
85 -296 0
87 -296 0
-296 0
89 -296 0
91 -296 0
93 -296 0
2 -297 0
4 -297 0
5 -297 0
8 -297 0
10 -297 0
12 -297 0
14 -297 0
15 -297 0
18 -298 0
20 -298 0
21 -298 0
24 -298 0
26 -298 0
28 -298 0
30 -298 0
31 -298 0
34 -299 0
36 -299 0
37 -299 0
40 -299 0
42 -299 0
44 -299 0
46 -299 0
47 -299 0
50 -300 0
52 -300 0
53 -300 0
56 -300 0
58 -300 0
60 -300 0
62 -300 0
63 -300 0
66 -301 0
68 -301 0
69 -301 0
72 -301 0
74 -301 0
76 -301 0
78 -301 0
-301 0
81 -302 0
83 -302 0
84 -302 0
87 -302 0
-302 0
90 -302 0
92 -302 0
93 -302 0
2 -303 0
3 -303 0
5 -303 0
8 -303 0
9 -303 0
11 -303 0
14 -303 0
16 -303 0
18 -304 0
19 -304 0
21 -304 0
24 -304 0
25 -304 0
27 -304 0
30 -304 0
32 -304 0
34 -305 0
35 -305 0
37 -305 0
40 -305 0
41 -305 0
43 -305 0
46 -305 0
48 -305 0
50 -306 0
51 -306 0
53 -306 0
56 -306 0
57 -306 0
59 -306 0
62 -306 0
64 -306 0
66 -307 0
67 -307 0
69 -307 0
72 -307 0
73 -307 0
75 -307 0
78 -307 0
79 -307 0
81 -308 0
82 -308 0
84 -308 0
87 -308 0
88 -308 0
89 -308 0
92 -308 0
94 -308 0
2 -309 0
4 -309 0
6 -309 0
8 -309 0
10 -309 0
11 -309 0
14 -309 0
15 -309 0
18 -310 0
20 -310 0
22 -310 0
24 -310 0
26 -310 0
27 -310 0
30 -310 0
31 -310 0
34 -311 0
36 -311 0
38 -311 0
40 -311 0
42 -311 0
43 -311 0
46 -311 0
47 -311 0
50 -312 0
52 -312 0
54 -312 0
56 -312 0
58 -312 0
59 -312 0
62 -312 0
63 -312 0
66 -313 0
68 -313 0
70 -313 0
72 -313 0
74 -313 0
75 -313 0
78 -313 0
-313 0
81 -314 0
83 -314 0
85 -314 0
87 -314 0
-314 0
89 -314 0
92 -314 0
93 -314 0
1 -315 0
4 -315 0
5 -315 0
8 -315 0
10 -315 0
12 -315 0
13 -315 0
15 -315 0
17 -316 0
20 -316 0
21 -316 0
24 -316 0
26 -316 0
28 -316 0
29 -316 0
31 -316 0
33 -317 0
36 -317 0
37 -317 0
40 -317 0
42 -317 0
44 -317 0
45 -317 0
47 -317 0
49 -318 0
52 -318 0
53 -318 0
56 -318 0
58 -318 0
60 -318 0
61 -318 0
63 -318 0
65 -319 0
68 -319 0
69 -319 0
72 -319 0
74 -319 0
76 -319 0
77 -319 0
-319 0
80 -320 0
83 -320 0
84 -320 0
87 -320 0
-320 0
90 -320 0
91 -320 0
93 -320 0
1 -321 0
3 -321 0
6 -321 0
8 -321 0
10 -321 0
12 -321 0
14 -321 0
16 -321 0
17 -322 0
19 -322 0
22 -322 0
24 -322 0
26 -322 0
28 -322 0
30 -322 0
32 -322 0
33 -323 0
35 -323 0
38 -323 0
40 -323 0
42 -323 0
44 -323 0
46 -323 0
48 -323 0
49 -324 0
51 -324 0
54 -324 0
56 -324 0
58 -324 0
60 -324 0
62 -324 0
64 -324 0
65 -325 0
67 -325 0
70 -325 0
72 -325 0
74 -325 0
76 -325 0
78 -325 0
79 -325 0
80 -326 0
82 -326 0
85 -326 0
87 -326 0
-326 0
90 -326 0
92 -326 0
94 -326 0
2 -327 0
4 -327 0
6 -327 0
8 -327 0
9 -327 0
11 -327 0
13 -327 0
16 -327 0
18 -328 0
20 -328 0
22 -328 0
24 -328 0
25 -328 0
27 -328 0
29 -328 0
32 -328 0
34 -329 0
36 -329 0
38 -329 0
40 -329 0
41 -329 0
43 -329 0
45 -329 0
48 -329 0
50 -330 0
52 -330 0
54 -330 0
56 -330 0
57 -330 0
59 -330 0
61 -330 0
64 -330 0
66 -331 0
68 -331 0
70 -331 0
72 -331 0
73 -331 0
75 -331 0
77 -331 0
79 -331 0
81 -332 0
83 -332 0
85 -332 0
87 -332 0
88 -332 0
89 -332 0
91 -332 0
94 -332 0
2 -333 0
4 -333 0
6 -333 0
8 -333 0
10 -333 0
12 -333 0
13 -333 0
15 -333 0
18 -334 0
20 -334 0
22 -334 0
24 -334 0
26 -334 0
28 -334 0
29 -334 0
31 -334 0
34 -335 0
36 -335 0
38 -335 0
40 -335 0
42 -335 0
44 -335 0
45 -335 0
47 -335 0
50 -336 0
52 -336 0
54 -336 0
56 -336 0
58 -336 0
60 -336 0
61 -336 0
63 -336 0
66 -337 0
68 -337 0
70 -337 0
72 -337 0
74 -337 0
76 -337 0
77 -337 0
-337 0
81 -338 0
83 -338 0
85 -338 0
87 -338 0
-338 0
90 -338 0
91 -338 0
93 -338 0
2 -339 0
3 -339 0
6 -339 0
8 -339 0
10 -339 0
11 -339 0
14 -339 0
16 -339 0
18 -340 0
19 -340 0
22 -340 0
24 -340 0
26 -340 0
27 -340 0
30 -340 0
32 -340 0
34 -341 0
35 -341 0
38 -341 0
40 -341 0
42 -341 0
43 -341 0
46 -341 0
48 -341 0
50 -342 0
51 -342 0
54 -342 0
56 -342 0
58 -342 0
59 -342 0
62 -342 0
64 -342 0
66 -343 0
67 -343 0
70 -343 0
72 -343 0
74 -343 0
75 -343 0
78 -343 0
79 -343 0
81 -344 0
82 -344 0
85 -344 0
87 -344 0
-344 0
89 -344 0
92 -344 0
94 -344 0
1 -345 0
3 -345 0
5 -345 0
8 -345 0
9 -345 0
12 -345 0
14 -345 0
16 -345 0
17 -346 0
19 -346 0
21 -346 0
24 -346 0
25 -346 0
28 -346 0
30 -346 0
32 -346 0
33 -347 0
35 -347 0
37 -347 0
40 -347 0
41 -347 0
44 -347 0
46 -347 0
48 -347 0
49 -348 0
51 -348 0
53 -348 0
56 -348 0
57 -348 0
60 -348 0
62 -348 0
64 -348 0
65 -349 0
67 -349 0
69 -349 0
72 -349 0
73 -349 0
76 -349 0
78 -349 0
79 -349 0
80 -350 0
82 -350 0
84 -350 0
87 -350 0
88 -350 0
90 -350 0
92 -350 0
94 -350 0
1 -351 0
3 -351 0
5 -351 0
8 -351 0
10 -351 0
11 -351 0
13 -351 0
16 -351 0
17 -352 0
19 -352 0
21 -352 0
24 -352 0
26 -352 0
27 -352 0
29 -352 0
32 -352 0
33 -353 0
35 -353 0
37 -353 0
40 -353 0
42 -353 0
43 -353 0
45 -353 0
48 -353 0
49 -354 0
51 -354 0
53 -354 0
56 -354 0
58 -354 0
59 -354 0
61 -354 0
64 -354 0
65 -355 0
67 -355 0
69 -355 0
72 -355 0
74 -355 0
75 -355 0
77 -355 0
79 -355 0
80 -356 0
82 -356 0
84 -356 0
87 -356 0
-356 0
89 -356 0
91 -356 0
94 -356 0
2 -357 0
3 -357 0
5 -357 0
7 -357 0
10 -357 0
11 -357 0
14 -357 0
16 -357 0
18 -358 0
19 -358 0
21 -358 0
23 -358 0
26 -358 0
27 -358 0
30 -358 0
32 -358 0
34 -359 0
35 -359 0
37 -359 0
39 -359 0
42 -359 0
43 -359 0
46 -359 0
48 -359 0
50 -360 0
51 -360 0
53 -360 0
55 -360 0
58 -360 0
59 -360 0
62 -360 0
64 -360 0
66 -361 0
67 -361 0
69 -361 0
71 -361 0
74 -361 0
75 -361 0
78 -361 0
79 -361 0
81 -362 0
82 -362 0
84 -362 0
86 -362 0
-362 0
89 -362 0
92 -362 0
94 -362 0
2 -363 0
4 -363 0
6 -363 0
7 -363 0
9 -363 0
11 -363 0
14 -363 0
15 -363 0
18 0
20 0
22 0
23 0
25 0
27 0
30 0
31 0
34 -364 0
36 -364 0
38 -364 0
39 -364 0
41 -364 0
43 -364 0
46 -364 0
47 -364 0
50 -365 0
52 -365 0
54 -365 0
55 -365 0
57 -365 0
59 -365 0
62 -365 0
63 -365 0
66 -366 0
68 -366 0
70 -366 0
71 -366 0
73 -366 0
75 -366 0
78 -366 0
-366 0
81 -367 0
83 -367 0
85 -367 0
86 -367 0
88 -367 0
89 -367 0
92 -367 0
93 -367 0
1 -368 0
3 -368 0
6 -368 0
7 -368 0
9 -368 0
12 -368 0
13 -368 0
15 -368 0
17 -369 0
19 -369 0
22 -369 0
23 -369 0
25 -369 0
28 -369 0
29 -369 0
31 -369 0
49 -370 0
51 -370 0
54 -370 0
55 -370 0
57 -370 0
60 -370 0
61 -370 0
63 -370 0
65 -371 0
67 -371 0
70 -371 0
71 -371 0
73 -371 0
76 -371 0
77 -371 0
-371 0
80 -372 0
82 -372 0
85 -372 0
86 -372 0
88 -372 0
90 -372 0
91 -372 0
93 -372 0
2 -373 0
4 -373 0
6 -373 0
7 -373 0
9 -373 0
11 -373 0
14 -373 0
15 -373 0
18 -374 0
20 -374 0
22 -374 0
23 -374 0
25 -374 0
27 -374 0
30 -374 0
31 -374 0
34 -375 0
36 -375 0
38 -375 0
39 -375 0
41 -375 0
43 -375 0
46 -375 0
47 -375 0
50 -376 0
52 -376 0
54 -376 0
55 -376 0
57 -376 0
59 -376 0
62 -376 0
63 -376 0
66 -377 0
68 -377 0
70 -377 0
71 -377 0
73 -377 0
75 -377 0
78 -377 0
-377 0
81 -378 0
83 -378 0
85 -378 0
86 -378 0
88 -378 0
89 -378 0
92 -378 0
93 -378 0
1 -379 0
4 -379 0
6 -379 0
8 -379 0
10 -379 0
12 -379 0
13 -379 0
15 -379 0
17 -380 0
20 -380 0
22 -380 0
24 -380 0
26 -380 0
28 -380 0
29 -380 0
31 -380 0
33 -381 0
36 -381 0
38 -381 0
40 -381 0
42 -381 0
44 -381 0
45 -381 0
47 -381 0
49 -382 0
52 -382 0
54 -382 0
56 -382 0
58 -382 0
60 -382 0
61 -382 0
63 -382 0
65 -383 0
68 -383 0
70 -383 0
72 -383 0
74 -383 0
76 -383 0
77 -383 0
-383 0
80 -384 0
83 -384 0
85 -384 0
87 -384 0
-384 0
90 -384 0
91 -384 0
93 -384 0
2 -385 0
4 -385 0
6 -385 0
7 -385 0
10 -385 0
12 -385 0
13 -385 0
16 -385 0
18 -386 0
20 -386 0
22 -386 0
23 -386 0
26 -386 0
28 -386 0
29 -386 0
32 -386 0
34 -387 0
36 -387 0
38 -387 0
39 -387 0
42 -387 0
44 -387 0
45 -387 0
48 -387 0
50 -388 0
52 -388 0
54 -388 0
55 -388 0
58 -388 0
60 -388 0
61 -388 0
64 -388 0
66 -389 0
68 -389 0
70 -389 0
71 -389 0
74 -389 0
76 -389 0
77 -389 0
79 -389 0
2 -390 0
3 -390 0
5 -390 0
7 -390 0
9 -390 0
12 -390 0
13 -390 0
16 -390 0
18 -391 0
19 -391 0
21 -391 0
23 -391 0
25 -391 0
28 -391 0
29 -391 0
32 -391 0
34 -392 0
35 -392 0
37 -392 0
39 -392 0
41 -392 0
44 -392 0
45 -392 0
48 -392 0
50 -393 0
51 -393 0
53 -393 0
55 -393 0
57 -393 0
60 -393 0
61 -393 0
64 -393 0
66 -394 0
67 -394 0
69 -394 0
71 -394 0
73 -394 0
76 -394 0
77 -394 0
79 -394 0
81 -395 0
82 -395 0
84 -395 0
86 -395 0
88 -395 0
90 -395 0
91 -395 0
94 -395 0
2 -396 0
3 -396 0
5 -396 0
8 -396 0
10 -396 0
11 -396 0
13 -396 0
16 -396 0
18 -397 0
19 -397 0
21 -397 0
24 -397 0
26 -397 0
27 -397 0
29 -397 0
32 -397 0
34 -398 0
35 -398 0
37 -398 0
40 -398 0
42 -398 0
43 -398 0
45 -398 0
48 -398 0
50 -399 0
51 -399 0
53 -399 0
56 -399 0
58 -399 0
59 -399 0
61 -399 0
64 -399 0
66 -400 0
67 -400 0
69 -400 0
72 -400 0
74 -400 0
75 -400 0
77 -400 0
79 -400 0
81 -401 0
82 -401 0
84 -401 0
87 -401 0
-401 0
89 -401 0
91 -401 0
94 -401 0
1 -402 0
3 -402 0
6 -402 0
8 -402 0
9 -402 0
12 -402 0
13 -402 0
16 -402 0
17 -403 0
19 -403 0
22 -403 0
24 -403 0
25 -403 0
28 -403 0
29 -403 0
32 -403 0
33 -404 0
35 -404 0
38 -404 0
40 -404 0
41 -404 0
44 -404 0
45 -404 0
48 -404 0
49 -405 0
51 -405 0
54 -405 0
56 -405 0
57 -405 0
60 -405 0
61 -405 0
64 -405 0
65 -406 0
67 -406 0
70 -406 0
72 -406 0
73 -406 0
76 -406 0
77 -406 0
79 -406 0
80 -407 0
82 -407 0
85 -407 0
87 -407 0
88 -407 0
90 -407 0
91 -407 0
94 -407 0
1 -408 0
3 -408 0
6 -408 0
8 -408 0
10 -408 0
12 -408 0
14 -408 0
16 -408 0
17 -409 0
19 -409 0
22 -409 0
24 -409 0
26 -409 0
28 -409 0
30 -409 0
32 -409 0
33 -410 0
35 -410 0
38 -410 0
40 -410 0
42 -410 0
44 -410 0
46 -410 0
48 -410 0
49 -411 0
51 -411 0
54 -411 0
56 -411 0
58 -411 0
60 -411 0
62 -411 0
64 -411 0
65 -412 0
67 -412 0
70 -412 0
72 -412 0
74 -412 0
76 -412 0
78 -412 0
79 -412 0
80 -413 0
82 -413 0
85 -413 0
87 -413 0
-413 0
90 -413 0
92 -413 0
94 -413 0
2 -414 0
3 -414 0
5 -414 0
8 -414 0
10 -414 0
12 -414 0
14 -414 0
16 -414 0
18 -415 0
19 -415 0
21 -415 0
24 -415 0
26 -415 0
28 -415 0
30 -415 0
32 -415 0
34 -416 0
35 -416 0
37 -416 0
40 -416 0
42 -416 0
44 -416 0
46 -416 0
48 -416 0
66 -417 0
67 -417 0
69 -417 0
72 -417 0
74 -417 0
76 -417 0
78 -417 0
79 -417 0
81 -418 0
82 -418 0
84 -418 0
87 -418 0
-418 0
90 -418 0
92 -418 0
94 -418 0
2 -419 0
4 -419 0
6 -419 0
8 -419 0
10 -419 0
11 -419 0
13 -419 0
15 -419 0
18 -420 0
20 -420 0
22 -420 0
24 -420 0
26 -420 0
27 -420 0
29 -420 0
31 -420 0
34 -421 0
36 -421 0
38 -421 0
40 -421 0
42 -421 0
43 -421 0
45 -421 0
47 -421 0
50 -422 0
52 -422 0
54 -422 0
56 -422 0
58 -422 0
59 -422 0
61 -422 0
63 -422 0
66 -423 0
68 -423 0
70 -423 0
72 -423 0
74 -423 0
75 -423 0
77 -423 0
-423 0
81 -424 0
83 -424 0
85 -424 0
87 -424 0
-424 0
89 -424 0
91 -424 0
93 -424 0
1 -425 0
4 -425 0
6 -425 0
8 -425 0
9 -425 0
12 -425 0
13 -425 0
15 -425 0
17 -426 0
20 -426 0
22 -426 0
24 -426 0
25 -426 0
28 -426 0
29 -426 0
31 -426 0
33 -427 0
36 -427 0
38 -427 0
40 -427 0
41 -427 0
44 -427 0
45 -427 0
47 -427 0
49 -428 0
52 -428 0
54 -428 0
56 -428 0
57 -428 0
60 -428 0
61 -428 0
63 -428 0
65 -429 0
68 -429 0
70 -429 0
72 -429 0
73 -429 0
76 -429 0
77 -429 0
-429 0
80 -430 0
83 -430 0
85 -430 0
87 -430 0
88 -430 0
90 -430 0
91 -430 0
93 -430 0
2 -431 0
4 -431 0
6 -431 0
7 -431 0
9 -431 0
12 -431 0
13 -431 0
15 -431 0
18 -432 0
20 -432 0
22 -432 0
23 -432 0
25 -432 0
28 -432 0
29 -432 0
31 -432 0
34 -433 0
36 -433 0
38 -433 0
39 -433 0
41 -433 0
44 -433 0
45 -433 0
47 -433 0
50 -434 0
52 -434 0
54 -434 0
55 -434 0
57 -434 0
60 -434 0
61 -434 0
63 -434 0
66 -435 0
68 -435 0
70 -435 0
71 -435 0
73 -435 0
76 -435 0
77 -435 0
-435 0
81 -436 0
83 -436 0
85 -436 0
86 -436 0
88 -436 0
90 -436 0
91 -436 0
93 -436 0
1 -437 0
4 -437 0
5 -437 0
7 -437 0
10 -437 0
12 -437 0
13 -437 0
16 -437 0
17 -438 0
20 -438 0
21 -438 0
23 -438 0
26 -438 0
28 -438 0
29 -438 0
32 -438 0
33 -439 0
36 -439 0
37 -439 0
39 -439 0
42 -439 0
44 -439 0
45 -439 0
48 -439 0
49 -440 0
52 -440 0
53 -440 0
55 -440 0
58 -440 0
60 -440 0
61 -440 0
64 -440 0
65 -441 0
68 -441 0
69 -441 0
71 -441 0
74 -441 0
76 -441 0
77 -441 0
79 -441 0
1 -442 0
3 -442 0
6 -442 0
8 -442 0
9 -442 0
12 -442 0
14 -442 0
16 -442 0
17 -443 0
19 -443 0
22 -443 0
24 -443 0
25 -443 0
28 -443 0
30 -443 0
32 -443 0
33 -444 0
35 -444 0
38 -444 0
40 -444 0
41 -444 0
44 -444 0
46 -444 0
48 -444 0
49 -445 0
51 -445 0
54 -445 0
56 -445 0
57 -445 0
60 -445 0
62 -445 0
64 -445 0
65 -446 0
67 -446 0
70 -446 0
72 -446 0
73 -446 0
76 -446 0
78 -446 0
79 -446 0
80 -447 0
82 -447 0
85 -447 0
87 -447 0
88 -447 0
90 -447 0
92 -447 0
94 -447 0
1 -448 0
4 -448 0
6 -448 0
8 -448 0
9 -448 0
11 -448 0
13 -448 0
16 -448 0
17 -449 0
20 -449 0
22 -449 0
24 -449 0
25 -449 0
27 -449 0
29 -449 0
32 -449 0
33 -450 0
36 -450 0
38 -450 0
40 -450 0
41 -450 0
43 -450 0
45 -450 0
48 -450 0
49 -451 0
52 -451 0
54 -451 0
56 -451 0
57 -451 0
59 -451 0
61 -451 0
64 -451 0
65 -452 0
68 -452 0
70 -452 0
72 -452 0
73 -452 0
75 -452 0
77 -452 0
79 -452 0
80 -453 0
83 -453 0
85 -453 0
87 -453 0
88 -453 0
89 -453 0
91 -453 0
94 -453 0
1 -454 0
4 -454 0
5 -454 0
8 -454 0
9 -454 0
12 -454 0
14 -454 0
16 -454 0
17 -455 0
20 -455 0
21 -455 0
24 -455 0
25 -455 0
28 -455 0
30 -455 0
32 -455 0
33 -456 0
36 -456 0
37 -456 0
40 -456 0
41 -456 0
44 -456 0
46 -456 0
48 -456 0
49 -457 0
52 -457 0
53 -457 0
56 -457 0
57 -457 0
60 -457 0
62 -457 0
64 -457 0
65 -458 0
68 -458 0
69 -458 0
72 -458 0
73 -458 0
76 -458 0
78 -458 0
79 -458 0
80 -459 0
83 -459 0
84 -459 0
87 -459 0
88 -459 0
90 -459 0
92 -459 0
94 -459 0
2 -460 0
4 -460 0
6 -460 0
8 -460 0
10 -460 0
12 -460 0
13 -460 0
16 -460 0
18 -461 0
20 -461 0
22 -461 0
24 -461 0
26 -461 0
28 -461 0
29 -461 0
32 -461 0
34 -462 0
36 -462 0
38 -462 0
40 -462 0
42 -462 0
44 -462 0
45 -462 0
48 -462 0
50 -463 0
52 -463 0
54 -463 0
56 -463 0
58 -463 0
60 -463 0
61 -463 0
64 -463 0
66 -464 0
68 -464 0
70 -464 0
72 -464 0
74 -464 0
76 -464 0
77 -464 0
79 -464 0
81 -465 0
83 -465 0
85 -465 0
87 -465 0
-465 0
90 -465 0
91 -465 0
94 -465 0
2 -466 0
4 -466 0
5 -466 0
8 -466 0
10 -466 0
11 -466 0
13 -466 0
16 -466 0
18 -467 0
20 -467 0
21 -467 0
24 -467 0
26 -467 0
27 -467 0
29 -467 0
32 -467 0
34 -468 0
36 -468 0
37 -468 0
40 -468 0
42 -468 0
43 -468 0
45 -468 0
48 -468 0
50 -469 0
52 -469 0
53 -469 0
56 -469 0
58 -469 0
59 -469 0
61 -469 0
64 -469 0
66 -470 0
68 -470 0
69 -470 0
72 -470 0
74 -470 0
75 -470 0
77 -470 0
79 -470 0
81 -471 0
83 -471 0
84 -471 0
87 -471 0
-471 0
89 -471 0
91 -471 0
94 -471 0
2 -472 0
3 -472 0
6 -472 0
7 -472 0
9 -472 0
11 -472 0
13 -472 0
16 -472 0
18 -473 0
19 -473 0
22 -473 0
23 -473 0
25 -473 0
27 -473 0
29 -473 0
32 -473 0
34 -474 0
35 -474 0
38 -474 0
39 -474 0
41 -474 0
43 -474 0
45 -474 0
48 -474 0
50 -475 0
51 -475 0
54 -475 0
55 -475 0
57 -475 0
59 -475 0
61 -475 0
64 -475 0
66 -476 0
67 -476 0
70 -476 0
71 -476 0
73 -476 0
75 -476 0
77 -476 0
79 -476 0
81 -477 0
82 -477 0
85 -477 0
86 -477 0
88 -477 0
89 -477 0
91 -477 0
94 -477 0
2 -478 0
3 -478 0
6 -478 0
7 -478 0
9 -478 0
11 -478 0
14 -478 0
16 -478 0
18 -479 0
19 -479 0
22 -479 0
23 -479 0
25 -479 0
27 -479 0
30 -479 0
32 -479 0
34 -480 0
35 -480 0
38 -480 0
39 -480 0
41 -480 0
43 -480 0
46 -480 0
48 -480 0
50 -481 0
51 -481 0
54 -481 0
55 -481 0
57 -481 0
59 -481 0
62 -481 0
64 -481 0
66 -482 0
67 -482 0
70 -482 0
71 -482 0
73 -482 0
75 -482 0
78 -482 0
79 -482 0
81 -483 0
82 -483 0
85 -483 0
86 -483 0
88 -483 0
89 -483 0
92 -483 0
94 -483 0
2 -484 0
4 -484 0
6 -484 0
7 -484 0
10 -484 0
11 -484 0
14 -484 0
16 -484 0
18 -485 0
20 -485 0
22 -485 0
23 -485 0
26 -485 0
27 -485 0
30 -485 0
32 -485 0
34 -486 0
36 -486 0
38 -486 0
39 -486 0
42 -486 0
43 -486 0
46 -486 0
48 -486 0
50 -487 0
52 -487 0
54 -487 0
55 -487 0
58 -487 0
59 -487 0
62 -487 0
64 -487 0
66 -488 0
68 -488 0
70 -488 0
71 -488 0
74 -488 0
75 -488 0
78 -488 0
79 -488 0
81 -489 0
83 -489 0
85 -489 0
86 -489 0
-489 0
89 -489 0
92 -489 0
94 -489 0
2 -490 0
3 -490 0
6 -490 0
8 -490 0
10 -490 0
11 -490 0
13 -490 0
16 -490 0
18 -491 0
19 -491 0
22 -491 0
24 -491 0
26 -491 0
27 -491 0
29 -491 0
32 -491 0
34 -492 0
35 -492 0
38 -492 0
40 -492 0
42 -492 0
43 -492 0
45 -492 0
48 -492 0
50 -493 0
51 -493 0
54 -493 0
56 -493 0
58 -493 0
59 -493 0
61 -493 0
64 -493 0
66 -494 0
67 -494 0
70 -494 0
72 -494 0
74 -494 0
75 -494 0
77 -494 0
79 -494 0
81 -495 0
82 -495 0
85 -495 0
87 -495 0
-495 0
89 -495 0
91 -495 0
94 -495 0
2 -496 0
4 -496 0
5 -496 0
7 -496 0
10 -496 0
12 -496 0
14 -496 0
15 -496 0
18 -497 0
20 -497 0
21 -497 0
23 -497 0
26 -497 0
28 -497 0
30 -497 0
31 -497 0
34 -498 0
36 -498 0
37 -498 0
39 -498 0
42 -498 0
44 -498 0
46 -498 0
47 -498 0
50 -499 0
52 -499 0
53 -499 0
55 -499 0
58 -499 0
60 -499 0
62 -499 0
63 -499 0
66 -500 0
68 -500 0
69 -500 0
71 -500 0
74 -500 0
76 -500 0
78 -500 0
-500 0
81 -501 0
83 -501 0
84 -501 0
86 -501 0
-501 0
90 -501 0
92 -501 0
93 -501 0
1 -502 0
4 -502 0
6 -502 0
8 -502 0
9 -502 0
11 -502 0
13 -502 0
15 -502 0
17 -503 0
20 -503 0
22 -503 0
24 -503 0
25 -503 0
27 -503 0
29 -503 0
31 -503 0
33 -504 0
36 -504 0
38 -504 0
40 -504 0
41 -504 0
43 -504 0
45 -504 0
47 -504 0
49 -505 0
52 -505 0
54 -505 0
56 -505 0
57 -505 0
59 -505 0
61 -505 0
63 -505 0
65 -506 0
68 -506 0
70 -506 0
72 -506 0
73 -506 0
75 -506 0
77 -506 0
-506 0
80 -507 0
83 -507 0
85 -507 0
87 -507 0
88 -507 0
89 -507 0
91 -507 0
93 -507 0
1 -508 0
4 -508 0
6 -508 0
8 -508 0
9 -508 0
11 -508 0
14 -508 0
15 -508 0
17 -509 0
20 -509 0
22 -509 0
24 -509 0
25 -509 0
27 -509 0
30 -509 0
31 -509 0
33 -510 0
36 -510 0
38 -510 0
40 -510 0
41 -510 0
43 -510 0
46 -510 0
47 -510 0
49 -511 0
52 -511 0
54 -511 0
56 -511 0
57 -511 0
59 -511 0
62 -511 0
63 -511 0
65 -512 0
68 -512 0
70 -512 0
72 -512 0
73 -512 0
75 -512 0
78 -512 0
-512 0
80 -513 0
83 -513 0
85 -513 0
87 -513 0
88 -513 0
89 -513 0
92 -513 0
93 -513 0
2 -514 0
4 -514 0
5 -514 0
8 -514 0
10 -514 0
11 -514 0
13 -514 0
15 -514 0
18 -515 0
20 -515 0
21 -515 0
24 -515 0
26 -515 0
27 -515 0
29 -515 0
31 -515 0
34 -516 0
36 -516 0
37 -516 0
40 -516 0
42 -516 0
43 -516 0
45 -516 0
47 -516 0
50 -517 0
52 -517 0
53 -517 0
56 -517 0
58 -517 0
59 -517 0
61 -517 0
63 -517 0
66 -518 0
68 -518 0
69 -518 0
72 -518 0
74 -518 0
75 -518 0
77 -518 0
-518 0
81 -519 0
83 -519 0
84 -519 0
87 -519 0
-519 0
89 -519 0
91 -519 0
93 -519 0
1 -520 0
4 -520 0
6 -520 0
7 -520 0
10 -520 0
12 -520 0
13 -520 0
15 -520 0
17 -521 0
20 -521 0
22 -521 0
23 -521 0
26 -521 0
28 -521 0
29 -521 0
31 -521 0
33 -522 0
36 -522 0
38 -522 0
39 -522 0
42 -522 0
44 -522 0
45 -522 0
47 -522 0
49 -523 0
52 -523 0
54 -523 0
55 -523 0
58 -523 0
60 -523 0
61 -523 0
63 -523 0
65 -524 0
68 -524 0
70 -524 0
71 -524 0
74 -524 0
76 -524 0
77 -524 0
-524 0
80 -525 0
83 -525 0
85 -525 0
86 -525 0
-525 0
90 -525 0
91 -525 0
93 -525 0
1 -526 0
3 -526 0
5 -526 0
8 -526 0
9 -526 0
12 -526 0
14 -526 0
16 -526 0
17 -527 0
19 -527 0
21 -527 0
24 -527 0
25 -527 0
28 -527 0
30 -527 0
32 -527 0
33 -528 0
35 -528 0
37 -528 0
40 -528 0
41 -528 0
44 -528 0
46 -528 0
48 -528 0
49 -529 0
51 -529 0
53 -529 0
56 -529 0
57 -529 0
60 -529 0
62 -529 0
64 -529 0
65 -530 0
67 -530 0
69 -530 0
72 -530 0
73 -530 0
76 -530 0
78 -530 0
79 -530 0
80 -531 0
82 -531 0
84 -531 0
87 -531 0
88 -531 0
90 -531 0
92 -531 0
94 -531 0
2 -532 0
3 -532 0
5 -532 0
8 -532 0
9 -532 0
11 -532 0
13 -532 0
16 -532 0
18 -533 0
19 -533 0
21 -533 0
24 -533 0
25 -533 0
27 -533 0
29 -533 0
32 -533 0
34 -534 0
35 -534 0
37 -534 0
40 -534 0
41 -534 0
43 -534 0
45 -534 0
48 -534 0
50 -535 0
51 -535 0
53 -535 0
56 -535 0
57 -535 0
59 -535 0
61 -535 0
64 -535 0
66 -536 0
67 -536 0
69 -536 0
72 -536 0
73 -536 0
75 -536 0
77 -536 0
79 -536 0
81 -537 0
82 -537 0
84 -537 0
87 -537 0
88 -537 0
89 -537 0
91 -537 0
94 -537 0
2 -538 0
4 -538 0
5 -538 0
7 -538 0
9 -538 0
12 -538 0
13 -538 0
16 -538 0
18 -539 0
20 -539 0
21 -539 0
23 -539 0
25 -539 0
28 -539 0
29 -539 0
32 -539 0
34 -540 0
36 -540 0
37 -540 0
39 -540 0
41 -540 0
44 -540 0
45 -540 0
48 -540 0
50 -541 0
52 -541 0
53 -541 0
55 -541 0
57 -541 0
60 -541 0
61 -541 0
64 -541 0
66 -542 0
68 -542 0
69 -542 0
71 -542 0
73 -542 0
76 -542 0
77 -542 0
79 -542 0
1 -543 0
4 -543 0
6 -543 0
8 -543 0
9 -543 0
11 -543 0
14 -543 0
15 -543 0
17 -544 0
20 -544 0
22 -544 0
24 -544 0
25 -544 0
27 -544 0
30 -544 0
31 -544 0
33 -545 0
36 -545 0
38 -545 0
40 -545 0
41 -545 0
43 -545 0
46 -545 0
47 -545 0
49 -546 0
52 -546 0
54 -546 0
56 -546 0
57 -546 0
59 -546 0
62 -546 0
63 -546 0
65 -547 0
68 -547 0
70 -547 0
72 -547 0
73 -547 0
75 -547 0
78 -547 0
-547 0
80 -548 0
83 -548 0
85 -548 0
87 -548 0
88 -548 0
89 -548 0
92 -548 0
93 -548 0
1 -549 0
3 -549 0
6 -549 0
8 -549 0
9 -549 0
12 -549 0
13 -549 0
16 -549 0
17 -550 0
19 -550 0
22 -550 0
24 -550 0
25 -550 0
28 -550 0
29 -550 0
32 -550 0
33 -551 0
35 -551 0
38 -551 0
40 -551 0
41 -551 0
44 -551 0
45 -551 0
48 -551 0
49 -552 0
51 -552 0
54 -552 0
56 -552 0
57 -552 0
60 -552 0
61 -552 0
64 -552 0
65 -553 0
67 -553 0
70 -553 0
72 -553 0
73 -553 0
76 -553 0
77 -553 0
79 -553 0
80 -554 0
82 -554 0
85 -554 0
87 -554 0
88 -554 0
90 -554 0
91 -554 0
94 -554 0
1 -555 0
4 -555 0
5 -555 0
8 -555 0
9 -555 0
12 -555 0
13 -555 0
15 -555 0
17 -556 0
20 -556 0
21 -556 0
24 -556 0
25 -556 0
28 -556 0
29 -556 0
31 -556 0
33 -557 0
36 -557 0
37 -557 0
40 -557 0
41 -557 0
44 -557 0
45 -557 0
47 -557 0
49 -558 0
52 -558 0
53 -558 0
56 -558 0
57 -558 0
60 -558 0
61 -558 0
63 -558 0
65 -559 0
68 -559 0
69 -559 0
72 -559 0
73 -559 0
76 -559 0
77 -559 0
-559 0
80 -560 0
83 -560 0
84 -560 0
87 -560 0
88 -560 0
90 -560 0
91 -560 0
93 -560 0
1 -561 0
3 -561 0
5 -561 0
8 -561 0
10 -561 0
12 -561 0
13 -561 0
16 -561 0
17 -562 0
19 -562 0
21 -562 0
24 -562 0
26 -562 0
28 -562 0
29 -562 0
32 -562 0
33 -563 0
35 -563 0
37 -563 0
40 -563 0
42 -563 0
44 -563 0
45 -563 0
48 -563 0
49 -564 0
51 -564 0
53 -564 0
56 -564 0
58 -564 0
60 -564 0
61 -564 0
64 -564 0
65 -565 0
67 -565 0
69 -565 0
72 -565 0
74 -565 0
76 -565 0
77 -565 0
79 -565 0
80 -566 0
82 -566 0
84 -566 0
87 -566 0
-566 0
90 -566 0
91 -566 0
94 -566 0
2 -567 0
4 -567 0
6 -567 0
7 -567 0
9 -567 0
12 -567 0
13 -567 0
15 -567 0
18 -568 0
20 -568 0
22 -568 0
23 -568 0
25 -568 0
28 -568 0
29 -568 0
31 -568 0
34 -569 0
36 -569 0
38 -569 0
39 -569 0
41 -569 0
44 -569 0
45 -569 0
47 -569 0
50 -570 0
52 -570 0
54 -570 0
55 -570 0
57 -570 0
60 -570 0
61 -570 0
63 -570 0
66 -571 0
68 -571 0
70 -571 0
71 -571 0
73 -571 0
76 -571 0
77 -571 0
-571 0
81 -572 0
83 -572 0
85 -572 0
86 -572 0
88 -572 0
90 -572 0
91 -572 0
93 -572 0
2 -573 0
4 -573 0
5 -573 0
8 -573 0
9 -573 0
12 -573 0
13 -573 0
16 -573 0
18 -574 0
20 -574 0
21 -574 0
24 -574 0
25 -574 0
28 -574 0
29 -574 0
32 -574 0
34 -575 0
36 -575 0
37 -575 0
40 -575 0
41 -575 0
44 -575 0
45 -575 0
48 -575 0
50 -576 0
52 -576 0
53 -576 0
56 -576 0
57 -576 0
60 -576 0
61 -576 0
64 -576 0
66 -577 0
68 -577 0
69 -577 0
72 -577 0
73 -577 0
76 -577 0
77 -577 0
79 -577 0
81 -578 0
83 -578 0
84 -578 0
87 -578 0
88 -578 0
90 -578 0
91 -578 0
94 -578 0
1 -579 0
4 -579 0
6 -579 0
7 -579 0
9 -579 0
11 -579 0
14 -579 0
16 -579 0
17 -580 0
20 -580 0
22 -580 0
23 -580 0
25 -580 0
27 -580 0
30 -580 0
32 -580 0
33 -581 0
36 -581 0
38 -581 0
39 -581 0
41 -581 0
43 -581 0
46 -581 0
48 -581 0
49 -582 0
52 -582 0
54 -582 0
55 -582 0
57 -582 0
59 -582 0
62 -582 0
64 -582 0
65 -583 0
68 -583 0
70 -583 0
71 -583 0
73 -583 0
75 -583 0
78 -583 0
79 -583 0
80 -584 0
83 -584 0
85 -584 0
86 -584 0
88 -584 0
89 -584 0
92 -584 0
94 -584 0
2 -585 0
3 -585 0
6 -585 0
8 -585 0
9 -585 0
12 -585 0
14 -585 0
16 -585 0
18 -586 0
19 -586 0
22 -586 0
24 -586 0
25 -586 0
28 -586 0
30 -586 0
32 -586 0
34 -587 0
35 -587 0
38 -587 0
40 -587 0
41 -587 0
44 -587 0
46 -587 0
48 -587 0
50 -588 0
51 -588 0
54 -588 0
56 -588 0
57 -588 0
60 -588 0
62 -588 0
64 -588 0
66 -589 0
67 -589 0
70 -589 0
72 -589 0
73 -589 0
76 -589 0
78 -589 0
79 -589 0
81 -590 0
82 -590 0
85 -590 0
87 -590 0
88 -590 0
90 -590 0
92 -590 0
94 -590 0
1 -591 0
4 -591 0
5 -591 0
7 -591 0
9 -591 0
12 -591 0
13 -591 0
15 -591 0
17 -592 0
20 -592 0
21 -592 0
23 -592 0
25 -592 0
28 -592 0
29 -592 0
31 -592 0
33 -593 0
36 -593 0
37 -593 0
39 -593 0
41 -593 0
44 -593 0
45 -593 0
47 -593 0
49 -594 0
52 -594 0
53 -594 0
55 -594 0
57 -594 0
60 -594 0
61 -594 0
63 -594 0
65 -595 0
68 -595 0
69 -595 0
71 -595 0
73 -595 0
76 -595 0
77 -595 0
-595 0
80 -596 0
83 -596 0
84 -596 0
86 -596 0
88 -596 0
90 -596 0
91 -596 0
93 -596 0
1 -597 0
3 -597 0
6 -597 0
8 -597 0
9 -597 0
11 -597 0
14 -597 0
16 -597 0
17 -598 0
19 -598 0
22 -598 0
24 -598 0
25 -598 0
27 -598 0
30 -598 0
32 -598 0
33 -599 0
35 -599 0
38 -599 0
40 -599 0
41 -599 0
43 -599 0
46 -599 0
48 -599 0
49 -600 0
51 -600 0
54 -600 0
56 -600 0
57 -600 0
59 -600 0
62 -600 0
64 -600 0
65 -601 0
67 -601 0
70 -601 0
72 -601 0
73 -601 0
75 -601 0
78 -601 0
79 -601 0
80 -602 0
82 -602 0
85 -602 0
87 -602 0
88 -602 0
89 -602 0
92 -602 0
94 -602 0
1 -603 0
3 -603 0
6 -603 0
8 -603 0
9 -603 0
11 -603 0
13 -603 0
16 -603 0
17 -604 0
19 -604 0
22 -604 0
24 -604 0
25 -604 0
27 -604 0
29 -604 0
32 -604 0
33 -605 0
35 -605 0
38 -605 0
40 -605 0
41 -605 0
43 -605 0
45 -605 0
48 -605 0
49 -606 0
51 -606 0
54 -606 0
56 -606 0
57 -606 0
59 -606 0
61 -606 0
64 -606 0
65 -607 0
67 -607 0
70 -607 0
72 -607 0
73 -607 0
75 -607 0
77 -607 0
79 -607 0
80 -608 0
82 -608 0
85 -608 0
87 -608 0
88 -608 0
89 -608 0
91 -608 0
94 -608 0
2 -609 0
4 -609 0
6 -609 0
7 -609 0
9 -609 0
11 -609 0
14 -609 0
16 -609 0
18 -610 0
20 -610 0
22 -610 0
23 -610 0
25 -610 0
27 -610 0
30 -610 0
32 -610 0
34 -611 0
36 -611 0
38 -611 0
39 -611 0
41 -611 0
43 -611 0
46 -611 0
48 -611 0
50 -612 0
52 -612 0
54 -612 0
55 -612 0
57 -612 0
59 -612 0
62 -612 0
64 -612 0
66 -613 0
68 -613 0
70 -613 0
71 -613 0
73 -613 0
75 -613 0
78 -613 0
79 -613 0
81 -614 0
83 -614 0
85 -614 0
86 -614 0
88 -614 0
89 -614 0
92 -614 0
94 -614 0
2 -615 0
4 -615 0
5 -615 0
7 -615 0
10 -615 0
11 -615 0
13 -615 0
16 -615 0
18 -616 0
20 -616 0
21 -616 0
23 -616 0
26 -616 0
27 -616 0
29 -616 0
32 -616 0
34 -617 0
36 -617 0
37 -617 0
39 -617 0
42 -617 0
43 -617 0
45 -617 0
48 -617 0
50 -618 0
52 -618 0
53 -618 0
55 -618 0
58 -618 0
59 -618 0
61 -618 0
64 -618 0
66 -619 0
68 -619 0
69 -619 0
71 -619 0
74 -619 0
75 -619 0
77 -619 0
79 -619 0
81 -620 0
83 -620 0
84 -620 0
86 -620 0
-620 0
89 -620 0
91 -620 0
94 -620 0
1 -621 0
4 -621 0
5 -621 0
7 -621 0
10 -621 0
12 -621 0
14 -621 0
16 -621 0
17 -622 0
20 -622 0
21 -622 0
23 -622 0
26 -622 0
28 -622 0
30 -622 0
32 -622 0
33 -623 0
36 -623 0
37 -623 0
39 -623 0
42 -623 0
44 -623 0
46 -623 0
48 -623 0
49 -624 0
52 -624 0
53 -624 0
55 -624 0
58 -624 0
60 -624 0
62 -624 0
64 -624 0
65 -625 0
68 -625 0
69 -625 0
71 -625 0
74 -625 0
76 -625 0
78 -625 0
79 -625 0
80 -626 0
83 -626 0
84 -626 0
86 -626 0
-626 0
90 -626 0
92 -626 0
94 -626 0
2 -627 0
4 -627 0
6 -627 0
8 -627 0
10 -627 0
12 -627 0
14 -627 0
16 -627 0
18 -628 0
20 -628 0
22 -628 0
24 -628 0
26 -628 0
28 -628 0
30 -628 0
32 -628 0
34 -629 0
36 -629 0
38 -629 0
40 -629 0
42 -629 0
44 -629 0
46 -629 0
48 -629 0
50 -630 0
52 -630 0
54 -630 0
56 -630 0
58 -630 0
60 -630 0
62 -630 0
64 -630 0
66 -631 0
68 -631 0
70 -631 0
72 -631 0
74 -631 0
76 -631 0
78 -631 0
79 -631 0
81 -632 0
83 -632 0
85 -632 0
87 -632 0
-632 0
90 -632 0
92 -632 0
94 -632 0
2 -633 0
4 -633 0
6 -633 0
8 -633 0
10 -633 0
11 -633 0
13 -633 0
15 -633 0
18 -634 0
20 -634 0
22 -634 0
24 -634 0
26 -634 0
27 -634 0
29 -634 0
31 -634 0
34 -635 0
36 -635 0
38 -635 0
40 -635 0
42 -635 0
43 -635 0
45 -635 0
47 -635 0
50 -636 0
52 -636 0
54 -636 0
56 -636 0
58 -636 0
59 -636 0
61 -636 0
63 -636 0
66 -637 0
68 -637 0
70 -637 0
72 -637 0
74 -637 0
75 -637 0
77 -637 0
-637 0
81 -638 0
83 -638 0
85 -638 0
87 -638 0
-638 0
89 -638 0
91 -638 0
93 -638 0
2 -639 0
3 -639 0
5 -639 0
8 -639 0
10 -639 0
11 -639 0
14 -639 0
16 -639 0
18 -640 0
19 -640 0
21 -640 0
24 -640 0
26 -640 0
27 -640 0
30 -640 0
32 -640 0
34 -641 0
35 -641 0
37 -641 0
40 -641 0
42 -641 0
43 -641 0
46 -641 0
48 -641 0
50 -642 0
51 -642 0
53 -642 0
56 -642 0
58 -642 0
59 -642 0
62 -642 0
64 -642 0
66 -643 0
67 -643 0
69 -643 0
72 -643 0
74 -643 0
75 -643 0
78 -643 0
79 -643 0
81 -644 0
82 -644 0
84 -644 0
87 -644 0
-644 0
89 -644 0
92 -644 0
94 -644 0
1 -645 0
4 -645 0
5 -645 0
7 -645 0
9 -645 0
12 -645 0
13 -645 0
15 -645 0
17 -646 0
20 -646 0
21 -646 0
23 -646 0
25 -646 0
28 -646 0
29 -646 0
31 -646 0
33 -647 0
36 -647 0
37 -647 0
39 -647 0
41 -647 0
44 -647 0
45 -647 0
47 -647 0
49 -648 0
52 -648 0
53 -648 0
55 -648 0
57 -648 0
60 -648 0
61 -648 0
63 -648 0
65 -649 0
68 -649 0
69 -649 0
71 -649 0
73 -649 0
76 -649 0
77 -649 0
-649 0
80 -650 0
83 -650 0
84 -650 0
86 -650 0
88 -650 0
90 -650 0
91 -650 0
93 -650 0
1 -651 0
4 -651 0
6 -651 0
8 -651 0
9 -651 0
12 -651 0
14 -651 0
15 -651 0
17 -652 0
20 -652 0
22 -652 0
24 -652 0
25 -652 0
28 -652 0
30 -652 0
31 -652 0
33 -653 0
36 -653 0
38 -653 0
40 -653 0
41 -653 0
44 -653 0
46 -653 0
47 -653 0
49 -654 0
52 -654 0
54 -654 0
56 -654 0
57 -654 0
60 -654 0
62 -654 0
63 -654 0
65 -655 0
68 -655 0
70 -655 0
72 -655 0
73 -655 0
76 -655 0
78 -655 0
-655 0
80 -656 0
83 -656 0
85 -656 0
87 -656 0
88 -656 0
90 -656 0
92 -656 0
93 -656 0
2 -657 0
4 -657 0
5 -657 0
8 -657 0
9 -657 0
11 -657 0
14 -657 0
16 -657 0
18 -658 0
20 -658 0
21 -658 0
24 -658 0
25 -658 0
27 -658 0
30 -658 0
32 -658 0
34 -659 0
36 -659 0
37 -659 0
40 -659 0
41 -659 0
43 -659 0
46 -659 0
48 -659 0
50 -660 0
52 -660 0
53 -660 0
56 -660 0
57 -660 0
59 -660 0
62 -660 0
64 -660 0
66 -661 0
68 -661 0
69 -661 0
72 -661 0
73 -661 0
75 -661 0
78 -661 0
79 -661 0
81 -662 0
83 -662 0
84 -662 0
87 -662 0
88 -662 0
89 -662 0
92 -662 0
94 -662 0
1 -663 0
4 -663 0
5 -663 0
7 -663 0
10 -663 0
12 -663 0
13 -663 0
15 -663 0
17 -664 0
20 -664 0
21 -664 0
23 -664 0
26 -664 0
28 -664 0
29 -664 0
31 -664 0
33 -665 0
36 -665 0
37 -665 0
39 -665 0
42 -665 0
44 -665 0
45 -665 0
47 -665 0
49 -666 0
52 -666 0
53 -666 0
55 -666 0
58 -666 0
60 -666 0
61 -666 0
63 -666 0
65 -667 0
68 -667 0
69 -667 0
71 -667 0
74 -667 0
76 -667 0
77 -667 0
-667 0
80 -668 0
83 -668 0
84 -668 0
86 -668 0
-668 0
90 -668 0
91 -668 0
93 -668 0
1 -669 0
4 -669 0
5 -669 0
8 -669 0
9 -669 0
11 -669 0
14 -669 0
15 -669 0
17 -670 0
20 -670 0
21 -670 0
24 -670 0
25 -670 0
27 -670 0
30 -670 0
31 -670 0
33 -671 0
36 -671 0
37 -671 0
40 -671 0
41 -671 0
43 -671 0
46 -671 0
47 -671 0
49 -672 0
52 -672 0
53 -672 0
56 -672 0
57 -672 0
59 -672 0
62 -672 0
63 -672 0
65 -673 0
68 -673 0
69 -673 0
72 -673 0
73 -673 0
75 -673 0
78 -673 0
-673 0
80 -674 0
83 -674 0
84 -674 0
87 -674 0
88 -674 0
89 -674 0
92 -674 0
93 -674 0
2 -675 0
3 -675 0
5 -675 0
7 -675 0
10 -675 0
11 -675 0
13 -675 0
16 -675 0
18 -676 0
19 -676 0
21 -676 0
23 -676 0
26 -676 0
27 -676 0
29 -676 0
32 -676 0
34 -677 0
35 -677 0
37 -677 0
39 -677 0
42 -677 0
43 -677 0
45 -677 0
48 -677 0
50 -678 0
51 -678 0
53 -678 0
55 -678 0
58 -678 0
59 -678 0
61 -678 0
64 -678 0
66 -679 0
67 -679 0
69 -679 0
71 -679 0
74 -679 0
75 -679 0
77 -679 0
79 -679 0
81 -680 0
82 -680 0
84 -680 0
86 -680 0
-680 0
89 -680 0
91 -680 0
94 -680 0
2 -681 0
4 -681 0
6 -681 0
7 -681 0
10 -681 0
11 -681 0
13 -681 0
15 -681 0
18 0
20 0
22 0
23 0
26 0
27 0
29 0
31 0
34 -682 0
36 -682 0
38 -682 0
39 -682 0
42 -682 0
43 -682 0
45 -682 0
47 -682 0
50 -683 0
52 -683 0
54 -683 0
55 -683 0
58 -683 0
59 -683 0
61 -683 0
63 -683 0
66 -684 0
68 -684 0
70 -684 0
71 -684 0
74 -684 0
75 -684 0
77 -684 0
-684 0
81 -685 0
83 -685 0
85 -685 0
86 -685 0
-685 0
89 -685 0
91 -685 0
93 -685 0
2 -686 0
4 -686 0
6 -686 0
8 -686 0
10 -686 0
12 -686 0
14 -686 0
16 -686 0
18 -687 0
20 -687 0
22 -687 0
24 -687 0
26 -687 0
28 -687 0
30 -687 0
32 -687 0
34 -688 0
36 -688 0
38 -688 0
40 -688 0
42 -688 0
44 -688 0
46 -688 0
48 -688 0
50 -689 0
52 -689 0
54 -689 0
56 -689 0
58 -689 0
60 -689 0
62 -689 0
64 -689 0
66 -690 0
68 -690 0
70 -690 0
72 -690 0
74 -690 0
76 -690 0
78 -690 0
79 -690 0
81 -691 0
83 -691 0
85 -691 0
87 -691 0
-691 0
90 -691 0
92 -691 0
94 -691 0
2 -692 0
3 -692 0
5 -692 0
7 -692 0
10 -692 0
12 -692 0
13 -692 0
16 -692 0
18 -693 0
19 -693 0
21 -693 0
23 -693 0
26 -693 0
28 -693 0
29 -693 0
32 -693 0
34 -694 0
35 -694 0
37 -694 0
39 -694 0
42 -694 0
44 -694 0
45 -694 0
48 -694 0
50 -695 0
51 -695 0
53 -695 0
55 -695 0
58 -695 0
60 -695 0
61 -695 0
64 -695 0
66 -696 0
67 -696 0
69 -696 0
71 -696 0
74 -696 0
76 -696 0
77 -696 0
79 -696 0
81 -697 0
82 -697 0
84 -697 0
86 -697 0
-697 0
90 -697 0
91 -697 0
94 -697 0
1 -698 0
4 -698 0
5 -698 0
7 -698 0
9 -698 0
12 -698 0
13 -698 0
16 -698 0
17 -699 0
20 -699 0
21 -699 0
23 -699 0
25 -699 0
28 -699 0
29 -699 0
32 -699 0
33 -700 0
36 -700 0
37 -700 0
39 -700 0
41 -700 0
44 -700 0
45 -700 0
48 -700 0
49 -701 0
52 -701 0
53 -701 0
55 -701 0
57 -701 0
60 -701 0
61 -701 0
64 -701 0
65 -702 0
68 -702 0
69 -702 0
71 -702 0
73 -702 0
76 -702 0
77 -702 0
79 -702 0
80 -703 0
83 -703 0
84 -703 0
86 -703 0
88 -703 0
90 -703 0
91 -703 0
94 -703 0
1 -704 0
4 -704 0
6 -704 0
7 -704 0
9 -704 0
11 -704 0
13 -704 0
16 -704 0
17 -705 0
20 -705 0
22 -705 0
23 -705 0
25 -705 0
27 -705 0
29 -705 0
32 -705 0
33 -706 0
36 -706 0
38 -706 0
39 -706 0
41 -706 0
43 -706 0
45 -706 0
48 -706 0
49 -707 0
52 -707 0
54 -707 0
55 -707 0
57 -707 0
59 -707 0
61 -707 0
64 -707 0
65 -708 0
68 -708 0
70 -708 0
71 -708 0
73 -708 0
75 -708 0
77 -708 0
79 -708 0
80 -709 0
83 -709 0
85 -709 0
86 -709 0
88 -709 0
89 -709 0
91 -709 0
94 -709 0
2 -710 0
4 -710 0
6 -710 0
8 -710 0
10 -710 0
11 -710 0
13 -710 0
16 -710 0
18 -711 0
20 -711 0
22 -711 0
24 -711 0
26 -711 0
27 -711 0
29 -711 0
32 -711 0
34 -712 0
36 -712 0
38 -712 0
40 -712 0
42 -712 0
43 -712 0
45 -712 0
48 -712 0
50 -713 0
52 -713 0
54 -713 0
56 -713 0
58 -713 0
59 -713 0
61 -713 0
64 -713 0
66 -714 0
68 -714 0
70 -714 0
72 -714 0
74 -714 0
75 -714 0
77 -714 0
79 -714 0
81 -715 0
83 -715 0
85 -715 0
87 -715 0
-715 0
89 -715 0
91 -715 0
94 -715 0
1 -716 0
4 -716 0
5 -716 0
7 -716 0
9 -716 0
12 -716 0
14 -716 0
16 -716 0
17 -717 0
20 -717 0
21 -717 0
23 -717 0
25 -717 0
28 -717 0
30 -717 0
32 -717 0
33 -718 0
36 -718 0
37 -718 0
39 -718 0
41 -718 0
44 -718 0
46 -718 0
48 -718 0
49 -719 0
52 -719 0
53 -719 0
55 -719 0
57 -719 0
60 -719 0
62 -719 0
64 -719 0
65 -720 0
68 -720 0
69 -720 0
71 -720 0
73 -720 0
76 -720 0
78 -720 0
79 -720 0
80 -721 0
83 -721 0
84 -721 0
86 -721 0
88 -721 0
90 -721 0
92 -721 0
94 -721 0
2 -722 0
4 -722 0
6 -722 0
8 -722 0
9 -722 0
12 -722 0
14 -722 0
16 -722 0
18 -723 0
20 -723 0
22 -723 0
24 -723 0
25 -723 0
28 -723 0
30 -723 0
32 -723 0
34 -724 0
36 -724 0
38 -724 0
40 -724 0
41 -724 0
44 -724 0
46 -724 0
48 -724 0
50 -725 0
52 -725 0
54 -725 0
56 -725 0
57 -725 0
60 -725 0
62 -725 0
64 -725 0
66 -726 0
68 -726 0
70 -726 0
72 -726 0
73 -726 0
76 -726 0
78 -726 0
79 -726 0
81 -727 0
83 -727 0
85 -727 0
87 -727 0
88 -727 0
90 -727 0
92 -727 0
94 -727 0
1 -728 0
4 -728 0
6 -728 0
7 -728 0
9 -728 0
12 -728 0
14 -728 0
15 -728 0
17 -729 0
20 -729 0
22 -729 0
23 -729 0
25 -729 0
28 -729 0
30 -729 0
31 -729 0
49 -730 0
52 -730 0
54 -730 0
55 -730 0
57 -730 0
60 -730 0
62 -730 0
63 -730 0
65 -731 0
68 -731 0
70 -731 0
71 -731 0
73 -731 0
76 -731 0
78 -731 0
-731 0
80 -732 0
83 -732 0
85 -732 0
86 -732 0
88 -732 0
90 -732 0
92 -732 0
93 -732 0
1 -733 0
3 -733 0
6 -733 0
8 -733 0
9 -733 0
12 -733 0
14 -733 0
16 -733 0
17 -734 0
19 -734 0
22 -734 0
24 -734 0
25 -734 0
28 -734 0
30 -734 0
32 -734 0
33 -735 0
35 -735 0
38 -735 0
40 -735 0
41 -735 0
44 -735 0
46 -735 0
48 -735 0
49 -736 0
51 -736 0
54 -736 0
56 -736 0
57 -736 0
60 -736 0
62 -736 0
64 -736 0
65 -737 0
67 -737 0
70 -737 0
72 -737 0
73 -737 0
76 -737 0
78 -737 0
79 -737 0
80 -738 0
82 -738 0
85 -738 0
87 -738 0
88 -738 0
90 -738 0
92 -738 0
94 -738 0
1 -739 0
4 -739 0
5 -739 0
8 -739 0
10 -739 0
11 -739 0
13 -739 0
16 -739 0
17 -740 0
20 -740 0
21 -740 0
24 -740 0
26 -740 0
27 -740 0
29 -740 0
32 -740 0
33 -741 0
36 -741 0
37 -741 0
40 -741 0
42 -741 0
43 -741 0
45 -741 0
48 -741 0
49 -742 0
52 -742 0
53 -742 0
56 -742 0
58 -742 0
59 -742 0
61 -742 0
64 -742 0
65 -743 0
68 -743 0
69 -743 0
72 -743 0
74 -743 0
75 -743 0
77 -743 0
79 -743 0
80 -744 0
83 -744 0
84 -744 0
87 -744 0
-744 0
89 -744 0
91 -744 0
94 -744 0
2 -745 0
4 -745 0
6 -745 0
8 -745 0
9 -745 0
12 -745 0
14 -745 0
16 -745 0
18 -746 0
20 -746 0
22 -746 0
24 -746 0
25 -746 0
28 -746 0
30 -746 0
32 -746 0
34 -747 0
36 -747 0
38 -747 0
40 -747 0
41 -747 0
44 -747 0
46 -747 0
48 -747 0
50 -748 0
52 -748 0
54 -748 0
56 -748 0
57 -748 0
60 -748 0
62 -748 0
64 -748 0
66 -749 0
68 -749 0
70 -749 0
72 -749 0
73 -749 0
76 -749 0
78 -749 0
79 -749 0
81 -750 0
83 -750 0
85 -750 0
87 -750 0
88 -750 0
90 -750 0
92 -750 0
94 -750 0
1 -751 0
4 -751 0
6 -751 0
8 -751 0
10 -751 0
12 -751 0
14 -751 0
15 -751 0
17 -752 0
20 -752 0
22 -752 0
24 -752 0
26 -752 0
28 -752 0
30 -752 0
31 -752 0
33 -753 0
36 -753 0
38 -753 0
40 -753 0
42 -753 0
44 -753 0
46 -753 0
47 -753 0
49 -754 0
52 -754 0
54 -754 0
56 -754 0
58 -754 0
60 -754 0
62 -754 0
63 -754 0
65 -755 0
68 -755 0
70 -755 0
72 -755 0
74 -755 0
76 -755 0
78 -755 0
-755 0
80 -756 0
83 -756 0
85 -756 0
87 -756 0
-756 0
90 -756 0
92 -756 0
93 -756 0
2 -757 0
3 -757 0
6 -757 0
8 -757 0
10 -757 0
12 -757 0
14 -757 0
16 -757 0
18 -758 0
19 -758 0
22 -758 0
24 -758 0
26 -758 0
28 -758 0
30 -758 0
32 -758 0
34 -759 0
35 -759 0
38 -759 0
40 -759 0
42 -759 0
44 -759 0
46 -759 0
48 -759 0
50 -760 0
51 -760 0
54 -760 0
56 -760 0
58 -760 0
60 -760 0
62 -760 0
64 -760 0
66 -761 0
67 -761 0
70 -761 0
72 -761 0
74 -761 0
76 -761 0
78 -761 0
79 -761 0
81 -762 0
82 -762 0
85 -762 0
87 -762 0
-762 0
90 -762 0
92 -762 0
94 -762 0
2 -763 0
3 -763 0
5 -763 0
8 -763 0
10 -763 0
12 -763 0
13 -763 0
16 -763 0
18 -764 0
19 -764 0
21 -764 0
24 -764 0
26 -764 0
28 -764 0
29 -764 0
32 -764 0
34 -765 0
35 -765 0
37 -765 0
40 -765 0
42 -765 0
44 -765 0
45 -765 0
48 -765 0
50 -766 0
51 -766 0
53 -766 0
56 -766 0
58 -766 0
60 -766 0
61 -766 0
64 -766 0
66 -767 0
67 -767 0
69 -767 0
72 -767 0
74 -767 0
76 -767 0
77 -767 0
79 -767 0
81 -768 0
82 -768 0
84 -768 0
87 -768 0
-768 0
90 -768 0
91 -768 0
94 -768 0
1 -769 0
4 -769 0
5 -769 0
7 -769 0
10 -769 0
11 -769 0
13 -769 0
15 -769 0
17 -770 0
20 -770 0
21 -770 0
23 -770 0
26 -770 0
27 -770 0
29 -770 0
31 -770 0
33 0
36 0
37 0
39 0
42 0
43 0
45 0
47 0
49 -771 0
52 -771 0
53 -771 0
55 -771 0
58 -771 0
59 -771 0
61 -771 0
63 -771 0
65 -772 0
68 -772 0
69 -772 0
71 -772 0
74 -772 0
75 -772 0
77 -772 0
-772 0
80 -773 0
83 -773 0
84 -773 0
86 -773 0
-773 0
89 -773 0
91 -773 0
93 -773 0
2 -774 0
4 -774 0
5 -774 0
8 -774 0
9 -774 0
11 -774 0
13 -774 0
16 -774 0
18 -775 0
20 -775 0
21 -775 0
24 -775 0
25 -775 0
27 -775 0
29 -775 0
32 -775 0
34 -776 0
36 -776 0
37 -776 0
40 -776 0
41 -776 0
43 -776 0
45 -776 0
48 -776 0
50 -777 0
52 -777 0
53 -777 0
56 -777 0
57 -777 0
59 -777 0
61 -777 0
64 -777 0
66 -778 0
68 -778 0
69 -778 0
72 -778 0
73 -778 0
75 -778 0
77 -778 0
79 -778 0
81 -779 0
83 -779 0
84 -779 0
87 -779 0
88 -779 0
89 -779 0
91 -779 0
94 -779 0
2 -780 0
4 -780 0
5 -780 0
7 -780 0
9 -780 0
11 -780 0
13 -780 0
16 -780 0
18 -781 0
20 -781 0
21 -781 0
23 -781 0
25 -781 0
27 -781 0
29 -781 0
32 -781 0
34 -782 0
36 -782 0
37 -782 0
39 -782 0
41 -782 0
43 -782 0
45 -782 0
48 -782 0
50 -783 0
52 -783 0
53 -783 0
55 -783 0
57 -783 0
59 -783 0
61 -783 0
64 -783 0
66 -784 0
68 -784 0
69 -784 0
71 -784 0
73 -784 0
75 -784 0
77 -784 0
79 -784 0
81 -785 0
83 -785 0
84 -785 0
86 -785 0
88 -785 0
89 -785 0
91 -785 0
94 -785 0
2 -786 0
4 -786 0
5 -786 0
7 -786 0
9 -786 0
11 -786 0
13 -786 0
16 -786 0
18 -787 0
20 -787 0
21 -787 0
23 -787 0
25 -787 0
27 -787 0
29 -787 0
32 -787 0
34 -788 0
36 -788 0
37 -788 0
39 -788 0
41 -788 0
43 -788 0
45 -788 0
48 -788 0
50 -789 0
52 -789 0
53 -789 0
55 -789 0
57 -789 0
59 -789 0
61 -789 0
64 -789 0
66 -790 0
68 -790 0
69 -790 0
71 -790 0
73 -790 0
75 -790 0
77 -790 0
79 -790 0
81 -791 0
83 -791 0
84 -791 0
86 -791 0
88 -791 0
89 -791 0
91 -791 0
94 -791 0
1 -792 0
3 -792 0
6 -792 0
8 -792 0
10 -792 0
12 -792 0
13 -792 0
16 -792 0
17 -793 0
19 -793 0
22 -793 0
24 -793 0
26 -793 0
28 -793 0
29 -793 0
32 -793 0
33 -794 0
35 -794 0
38 -794 0
40 -794 0
42 -794 0
44 -794 0
45 -794 0
48 -794 0
49 -795 0
51 -795 0
54 -795 0
56 -795 0
58 -795 0
60 -795 0
61 -795 0
64 -795 0
65 -796 0
67 -796 0
70 -796 0
72 -796 0
74 -796 0
76 -796 0
77 -796 0
79 -796 0
80 -797 0
82 -797 0
85 -797 0
87 -797 0
-797 0
90 -797 0
91 -797 0
94 -797 0
1 -798 0
4 -798 0
5 -798 0
8 -798 0
9 -798 0
12 -798 0
14 -798 0
16 -798 0
17 -799 0
20 -799 0
21 -799 0
24 -799 0
25 -799 0
28 -799 0
30 -799 0
32 -799 0
33 -800 0
36 -800 0
37 -800 0
40 -800 0
41 -800 0
44 -800 0
46 -800 0
48 -800 0
49 -801 0
52 -801 0
53 -801 0
56 -801 0
57 -801 0
60 -801 0
62 -801 0
64 -801 0
65 -802 0
68 -802 0
69 -802 0
72 -802 0
73 -802 0
76 -802 0
78 -802 0
79 -802 0
80 -803 0
83 -803 0
84 -803 0
87 -803 0
88 -803 0
90 -803 0
92 -803 0
94 -803 0
2 -804 0
4 -804 0
6 -804 0
7 -804 0
10 -804 0
12 -804 0
13 -804 0
15 -804 0
18 -805 0
20 -805 0
22 -805 0
23 -805 0
26 -805 0
28 -805 0
29 -805 0
31 -805 0
34 -806 0
36 -806 0
38 -806 0
39 -806 0
42 -806 0
44 -806 0
45 -806 0
47 -806 0
50 -807 0
52 -807 0
54 -807 0
55 -807 0
58 -807 0
60 -807 0
61 -807 0
63 -807 0
66 -808 0
68 -808 0
70 -808 0
71 -808 0
74 -808 0
76 -808 0
77 -808 0
-808 0
81 -809 0
83 -809 0
85 -809 0
86 -809 0
-809 0
90 -809 0
91 -809 0
93 -809 0
1 -810 0
3 -810 0
5 -810 0
7 -810 0
9 -810 0
11 -810 0
14 -810 0
16 -810 0
17 -811 0
19 -811 0
21 -811 0
23 -811 0
25 -811 0
27 -811 0
30 -811 0
32 -811 0
33 -812 0
35 -812 0
37 -812 0
39 -812 0
41 -812 0
43 -812 0
46 -812 0
48 -812 0
49 -813 0
51 -813 0
53 -813 0
55 -813 0
57 -813 0
59 -813 0
62 -813 0
64 -813 0
65 -814 0
67 -814 0
69 -814 0
71 -814 0
73 -814 0
75 -814 0
78 -814 0
79 -814 0
80 -815 0
82 -815 0
84 -815 0
86 -815 0
88 -815 0
89 -815 0
92 -815 0
94 -815 0
1 -816 0
3 -816 0
6 -816 0
7 -816 0
9 -816 0
11 -816 0
14 -816 0
16 -816 0
17 -817 0
19 -817 0
22 -817 0
23 -817 0
25 -817 0
27 -817 0
30 -817 0
32 -817 0
33 -818 0
35 -818 0
38 -818 0
39 -818 0
41 -818 0
43 -818 0
46 -818 0
48 -818 0
49 -819 0
51 -819 0
54 -819 0
55 -819 0
57 -819 0
59 -819 0
62 -819 0
64 -819 0
65 -820 0
67 -820 0
70 -820 0
71 -820 0
73 -820 0
75 -820 0
78 -820 0
79 -820 0
80 -821 0
82 -821 0
85 -821 0
86 -821 0
88 -821 0
89 -821 0
92 -821 0
94 -821 0
2 -822 0
3 -822 0
6 -822 0
8 -822 0
9 -822 0
12 -822 0
13 -822 0
16 -822 0
18 -823 0
19 -823 0
22 -823 0
24 -823 0
25 -823 0
28 -823 0
29 -823 0
32 -823 0
34 -824 0
35 -824 0
38 -824 0
40 -824 0
41 -824 0
44 -824 0
45 -824 0
48 -824 0
50 -825 0
51 -825 0
54 -825 0
56 -825 0
57 -825 0
60 -825 0
61 -825 0
64 -825 0
66 -826 0
67 -826 0
70 -826 0
72 -826 0
73 -826 0
76 -826 0
77 -826 0
79 -826 0
81 -827 0
82 -827 0
85 -827 0
87 -827 0
88 -827 0
90 -827 0
91 -827 0
94 -827 0
2 -828 0
4 -828 0
5 -828 0
8 -828 0
10 -828 0
11 -828 0
13 -828 0
16 -828 0
18 -829 0
20 -829 0
21 -829 0
24 -829 0
26 -829 0
27 -829 0
29 -829 0
32 -829 0
34 -830 0
36 -830 0
37 -830 0
40 -830 0
42 -830 0
43 -830 0
45 -830 0
48 -830 0
50 -831 0
52 -831 0
53 -831 0
56 -831 0
58 -831 0
59 -831 0
61 -831 0
64 -831 0
66 -832 0
68 -832 0
69 -832 0
72 -832 0
74 -832 0
75 -832 0
77 -832 0
79 -832 0
81 -833 0
83 -833 0
84 -833 0
87 -833 0
-833 0
89 -833 0
91 -833 0
94 -833 0
1 -834 0
4 -834 0
6 -834 0
8 -834 0
10 -834 0
11 -834 0
13 -834 0
15 -834 0
17 -835 0
20 -835 0
22 -835 0
24 -835 0
26 -835 0
27 -835 0
29 -835 0
31 -835 0
33 -836 0
36 -836 0
38 -836 0
40 -836 0
42 -836 0
43 -836 0
45 -836 0
47 -836 0
49 -837 0
52 -837 0
54 -837 0
56 -837 0
58 -837 0
59 -837 0
61 -837 0
63 -837 0
65 -838 0
68 -838 0
70 -838 0
72 -838 0
74 -838 0
75 -838 0
77 -838 0
-838 0
80 -839 0
83 -839 0
85 -839 0
87 -839 0
-839 0
89 -839 0
91 -839 0
93 -839 0
1 -840 0
4 -840 0
6 -840 0
8 -840 0
10 -840 0
12 -840 0
13 -840 0
15 -840 0
17 -841 0
20 -841 0
22 -841 0
24 -841 0
26 -841 0
28 -841 0
29 -841 0
31 -841 0
33 -842 0
36 -842 0
38 -842 0
40 -842 0
42 -842 0
44 -842 0
45 -842 0
47 -842 0
49 -843 0
52 -843 0
54 -843 0
56 -843 0
58 -843 0
60 -843 0
61 -843 0
63 -843 0
65 -844 0
68 -844 0
70 -844 0
72 -844 0
74 -844 0
76 -844 0
77 -844 0
-844 0
80 -845 0
83 -845 0
85 -845 0
87 -845 0
-845 0
90 -845 0
91 -845 0
93 -845 0
2 -846 0
4 -846 0
5 -846 0
7 -846 0
10 -846 0
11 -846 0
14 -846 0
15 -846 0
18 -847 0
20 -847 0
21 -847 0
23 -847 0
26 -847 0
27 -847 0
30 -847 0
31 -847 0
34 -848 0
36 -848 0
37 -848 0
39 -848 0
42 -848 0
43 -848 0
46 -848 0
47 -848 0
50 -849 0
52 -849 0
53 -849 0
55 -849 0
58 -849 0
59 -849 0
62 -849 0
63 -849 0
66 -850 0
68 -850 0
69 -850 0
71 -850 0
74 -850 0
75 -850 0
78 -850 0
-850 0
81 -851 0
83 -851 0
84 -851 0
86 -851 0
-851 0
89 -851 0
92 -851 0
93 -851 0
2 -852 0
3 -852 0
5 -852 0
8 -852 0
10 -852 0
11 -852 0
14 -852 0
16 -852 0
18 -853 0
19 -853 0
21 -853 0
24 -853 0
26 -853 0
27 -853 0
30 -853 0
32 -853 0
34 -854 0
35 -854 0
37 -854 0
40 -854 0
42 -854 0
43 -854 0
46 -854 0
48 -854 0
50 -855 0
51 -855 0
53 -855 0
56 -855 0
58 -855 0
59 -855 0
62 -855 0
64 -855 0
66 -856 0
67 -856 0
69 -856 0
72 -856 0
74 -856 0
75 -856 0
78 -856 0
79 -856 0
81 -857 0
82 -857 0
84 -857 0
87 -857 0
-857 0
89 -857 0
92 -857 0
94 -857 0
2 -858 0
4 -858 0
6 -858 0
8 -858 0
10 -858 0
12 -858 0
14 -858 0
16 -858 0
18 -859 0
20 -859 0
22 -859 0
24 -859 0
26 -859 0
28 -859 0
30 -859 0
32 -859 0
34 -860 0
36 -860 0
38 -860 0
40 -860 0
42 -860 0
44 -860 0
46 -860 0
48 -860 0
50 -861 0
52 -861 0
54 -861 0
56 -861 0
58 -861 0
60 -861 0
62 -861 0
64 -861 0
66 -862 0
68 -862 0
70 -862 0
72 -862 0
74 -862 0
76 -862 0
78 -862 0
79 -862 0
81 -863 0
83 -863 0
85 -863 0
87 -863 0
-863 0
90 -863 0
92 -863 0
94 -863 0
1 -864 0
4 -864 0
5 -864 0
8 -864 0
10 -864 0
11 -864 0
14 -864 0
16 -864 0
17 -865 0
20 -865 0
21 -865 0
24 -865 0
26 -865 0
27 -865 0
30 -865 0
32 -865 0
33 -866 0
36 -866 0
37 -866 0
40 -866 0
42 -866 0
43 -866 0
46 -866 0
48 -866 0
49 -867 0
52 -867 0
53 -867 0
56 -867 0
58 -867 0
59 -867 0
62 -867 0
64 -867 0
65 -868 0
68 -868 0
69 -868 0
72 -868 0
74 -868 0
75 -868 0
78 -868 0
79 -868 0
80 -869 0
83 -869 0
84 -869 0
87 -869 0
-869 0
89 -869 0
92 -869 0
94 -869 0
1 -870 0
4 -870 0
5 -870 0
8 -870 0
9 -870 0
11 -870 0
14 -870 0
15 -870 0
17 -871 0
20 -871 0
21 -871 0
24 -871 0
25 -871 0
27 -871 0
30 -871 0
31 -871 0
33 -872 0
36 -872 0
37 -872 0
40 -872 0
41 -872 0
43 -872 0
46 -872 0
47 -872 0
49 -873 0
52 -873 0
53 -873 0
56 -873 0
57 -873 0
59 -873 0
62 -873 0
63 -873 0
65 -874 0
68 -874 0
69 -874 0
72 -874 0
73 -874 0
75 -874 0
78 -874 0
-874 0
80 -875 0
83 -875 0
84 -875 0
87 -875 0
88 -875 0
89 -875 0
92 -875 0
93 -875 0
1 -876 0
4 -876 0
5 -876 0
8 -876 0
9 -876 0
12 -876 0
13 -876 0
15 -876 0
17 -877 0
20 -877 0
21 -877 0
24 -877 0
25 -877 0
28 -877 0
29 -877 0
31 -877 0
33 -878 0
36 -878 0
37 -878 0
40 -878 0
41 -878 0
44 -878 0
45 -878 0
47 -878 0
49 -879 0
52 -879 0
53 -879 0
56 -879 0
57 -879 0
60 -879 0
61 -879 0
63 -879 0
65 -880 0
68 -880 0
69 -880 0
72 -880 0
73 -880 0
76 -880 0
77 -880 0
-880 0
80 -881 0
83 -881 0
84 -881 0
87 -881 0
88 -881 0
90 -881 0
91 -881 0
93 -881 0
2 -882 0
3 -882 0
5 -882 0
7 -882 0
9 -882 0
11 -882 0
14 -882 0
16 -882 0
18 -883 0
19 -883 0
21 -883 0
23 -883 0
25 -883 0
27 -883 0
30 -883 0
32 -883 0
34 -884 0
35 -884 0
37 -884 0
39 -884 0
41 -884 0
43 -884 0
46 -884 0
48 -884 0
50 -885 0
51 -885 0
53 -885 0
55 -885 0
57 -885 0
59 -885 0
62 -885 0
64 -885 0
66 -886 0
67 -886 0
69 -886 0
71 -886 0
73 -886 0
75 -886 0
78 -886 0
79 -886 0
81 -887 0
82 -887 0
84 -887 0
86 -887 0
88 -887 0
89 -887 0
92 -887 0
94 -887 0
2 -888 0
3 -888 0
5 -888 0
8 -888 0
9 -888 0
12 -888 0
14 -888 0
16 -888 0
18 -889 0
19 -889 0
21 -889 0
24 -889 0
25 -889 0
28 -889 0
30 -889 0
32 -889 0
34 -890 0
35 -890 0
37 -890 0
40 -890 0
41 -890 0
44 -890 0
46 -890 0
48 -890 0
50 -891 0
51 -891 0
53 -891 0
56 -891 0
57 -891 0
60 -891 0
62 -891 0
64 -891 0
66 -892 0
67 -892 0
69 -892 0
72 -892 0
73 -892 0
76 -892 0
78 -892 0
79 -892 0
81 -893 0
82 -893 0
84 -893 0
87 -893 0
88 -893 0
90 -893 0
92 -893 0
94 -893 0
2 -894 0
4 -894 0
6 -894 0
8 -894 0
9 -894 0
11 -894 0
13 -894 0
16 -894 0
18 -895 0
20 -895 0
22 -895 0
24 -895 0
25 -895 0
27 -895 0
29 -895 0
32 -895 0
34 -896 0
36 -896 0
38 -896 0
40 -896 0
41 -896 0
43 -896 0
45 -896 0
48 -896 0
50 -897 0
52 -897 0
54 -897 0
56 -897 0
57 -897 0
59 -897 0
61 -897 0
64 -897 0
66 -898 0
68 -898 0
70 -898 0
72 -898 0
73 -898 0
75 -898 0
77 -898 0
79 -898 0
81 -899 0
83 -899 0
85 -899 0
87 -899 0
88 -899 0
89 -899 0
91 -899 0
94 -899 0
1 -900 0
4 -900 0
6 -900 0
7 -900 0
9 -900 0
12 -900 0
13 -900 0
16 -900 0
17 -901 0
20 -901 0
22 -901 0
23 -901 0
25 -901 0
28 -901 0
29 -901 0
32 -901 0
33 -902 0
36 -902 0
38 -902 0
39 -902 0
41 -902 0
44 -902 0
45 -902 0
48 -902 0
49 -903 0
52 -903 0
54 -903 0
55 -903 0
57 -903 0
60 -903 0
61 -903 0
64 -903 0
65 -904 0
68 -904 0
70 -904 0
71 -904 0
73 -904 0
76 -904 0
77 -904 0
79 -904 0
80 -905 0
83 -905 0
85 -905 0
86 -905 0
88 -905 0
90 -905 0
91 -905 0
94 -905 0
1 -906 0
4 -906 0
6 -906 0
7 -906 0
9 -906 0
11 -906 0
13 -906 0
16 -906 0
17 -907 0
20 -907 0
22 -907 0
23 -907 0
25 -907 0
27 -907 0
29 -907 0
32 -907 0
33 -908 0
36 -908 0
38 -908 0
39 -908 0
41 -908 0
43 -908 0
45 -908 0
48 -908 0
49 0
52 0
54 0
55 0
57 0
59 0
61 0
64 0
65 -909 0
68 -909 0
70 -909 0
71 -909 0
73 -909 0
75 -909 0
77 -909 0
79 -909 0
80 -910 0
83 -910 0
85 -910 0
86 -910 0
88 -910 0
89 -910 0
91 -910 0
94 -910 0
1 -911 0
4 -911 0
5 -911 0
7 -911 0
9 -911 0
11 -911 0
13 -911 0
16 -911 0
17 -912 0
20 -912 0
21 -912 0
23 -912 0
25 -912 0
27 -912 0
29 -912 0
32 -912 0
33 -913 0
36 -913 0
37 -913 0
39 -913 0
41 -913 0
43 -913 0
45 -913 0
48 -913 0
49 -914 0
52 -914 0
53 -914 0
55 -914 0
57 -914 0
59 -914 0
61 -914 0
64 -914 0
65 -915 0
68 -915 0
69 -915 0
71 -915 0
73 -915 0
75 -915 0
77 -915 0
79 -915 0
80 -916 0
83 -916 0
84 -916 0
86 -916 0
88 -916 0
89 -916 0
91 -916 0
94 -916 0
2 -917 0
4 -917 0
5 -917 0
8 -917 0
10 -917 0
11 -917 0
14 -917 0
16 -917 0
18 -918 0
20 -918 0
21 -918 0
24 -918 0
26 -918 0
27 -918 0
30 -918 0
32 -918 0
34 -919 0
36 -919 0
37 -919 0
40 -919 0
42 -919 0
43 -919 0
46 -919 0
48 -919 0
50 -920 0
52 -920 0
53 -920 0
56 -920 0
58 -920 0
59 -920 0
62 -920 0
64 -920 0
66 -921 0
68 -921 0
69 -921 0
72 -921 0
74 -921 0
75 -921 0
78 -921 0
79 -921 0
81 -922 0
83 -922 0
84 -922 0
87 -922 0
-922 0
89 -922 0
92 -922 0
94 -922 0
2 -923 0
3 -923 0
6 -923 0
8 -923 0
10 -923 0
12 -923 0
14 -923 0
16 -923 0
18 -924 0
19 -924 0
22 -924 0
24 -924 0
26 -924 0
28 -924 0
30 -924 0
32 -924 0
34 -925 0
35 -925 0
38 -925 0
40 -925 0
42 -925 0
44 -925 0
46 -925 0
48 -925 0
50 -926 0
51 -926 0
54 -926 0
56 -926 0
58 -926 0
60 -926 0
62 -926 0
64 -926 0
66 -927 0
67 -927 0
70 -927 0
72 -927 0
74 -927 0
76 -927 0
78 -927 0
79 -927 0
81 -928 0
82 -928 0
85 -928 0
87 -928 0
-928 0
90 -928 0
92 -928 0
94 -928 0
2 -929 0
4 -929 0
5 -929 0
8 -929 0
9 -929 0
12 -929 0
14 -929 0
15 -929 0
18 -930 0
20 -930 0
21 -930 0
24 -930 0
25 -930 0
28 -930 0
30 -930 0
31 -930 0
34 -931 0
36 -931 0
37 -931 0
40 -931 0
41 -931 0
44 -931 0
46 -931 0
47 -931 0
50 -932 0
52 -932 0
53 -932 0
56 -932 0
57 -932 0
60 -932 0
62 -932 0
63 -932 0
66 -933 0
68 -933 0
69 -933 0
72 -933 0
73 -933 0
76 -933 0
78 -933 0
-933 0
81 -934 0
83 -934 0
84 -934 0
87 -934 0
88 -934 0
90 -934 0
92 -934 0
93 -934 0
1 -935 0
4 -935 0
5 -935 0
7 -935 0
9 -935 0
11 -935 0
14 -935 0
15 -935 0
17 -936 0
20 -936 0
21 -936 0
23 -936 0
25 -936 0
27 -936 0
30 -936 0
31 -936 0
33 -937 0
36 -937 0
37 -937 0
39 -937 0
41 -937 0
43 -937 0
46 -937 0
47 -937 0
49 -938 0
52 -938 0
53 -938 0
55 -938 0
57 -938 0
59 -938 0
62 -938 0
63 -938 0
65 -939 0
68 -939 0
69 -939 0
71 -939 0
73 -939 0
75 -939 0
78 -939 0
-939 0
80 -940 0
83 -940 0
84 -940 0
86 -940 0
88 -940 0
89 -940 0
92 -940 0
93 -940 0
1 -941 0
3 -941 0
5 -941 0
8 -941 0
10 -941 0
11 -941 0
13 -941 0
16 -941 0
17 -942 0
19 -942 0
21 -942 0
24 -942 0
26 -942 0
27 -942 0
29 -942 0
32 -942 0
33 -943 0
35 -943 0
37 -943 0
40 -943 0
42 -943 0
43 -943 0
45 -943 0
48 -943 0
49 -944 0
51 -944 0
53 -944 0
56 -944 0
58 -944 0
59 -944 0
61 -944 0
64 -944 0
65 -945 0
67 -945 0
69 -945 0
72 -945 0
74 -945 0
75 -945 0
77 -945 0
79 -945 0
80 -946 0
82 -946 0
84 -946 0
87 -946 0
-946 0
89 -946 0
91 -946 0
94 -946 0
2 -947 0
4 -947 0
5 -947 0
8 -947 0
9 -947 0
12 -947 0
14 -947 0
16 -947 0
18 -948 0
20 -948 0
21 -948 0
24 -948 0
25 -948 0
28 -948 0
30 -948 0
32 -948 0
34 -949 0
36 -949 0
37 -949 0
40 -949 0
41 -949 0
44 -949 0
46 -949 0
48 -949 0
50 -950 0
52 -950 0
53 -950 0
56 -950 0
57 -950 0
60 -950 0
62 -950 0
64 -950 0
66 -951 0
68 -951 0
69 -951 0
72 -951 0
73 -951 0
76 -951 0
78 -951 0
79 -951 0
81 -952 0
83 -952 0
84 -952 0
87 -952 0
88 -952 0
90 -952 0
92 -952 0
94 -952 0
1 -953 0
3 -953 0
6 -953 0
7 -953 0
9 -953 0
12 -953 0
14 -953 0
16 -953 0
17 -954 0
19 -954 0
22 -954 0
23 -954 0
25 -954 0
28 -954 0
30 -954 0
32 -954 0
33 -955 0
35 -955 0
38 -955 0
39 -955 0
41 -955 0
44 -955 0
46 -955 0
48 -955 0
49 -956 0
51 -956 0
54 -956 0
55 -956 0
57 -956 0
60 -956 0
62 -956 0
64 -956 0
65 -957 0
67 -957 0
70 -957 0
71 -957 0
73 -957 0
76 -957 0
78 -957 0
79 -957 0
80 -958 0
82 -958 0
85 -958 0
86 -958 0
88 -958 0
90 -958 0
92 -958 0
94 -958 0
2 -959 0
4 -959 0
6 -959 0
7 -959 0
10 -959 0
12 -959 0
14 -959 0
15 -959 0
18 -960 0
20 -960 0
22 -960 0
23 -960 0
26 -960 0
28 -960 0
30 -960 0
31 -960 0
34 -961 0
36 -961 0
38 -961 0
39 -961 0
42 -961 0
44 -961 0
46 -961 0
47 -961 0
50 -962 0
52 -962 0
54 -962 0
55 -962 0
58 -962 0
60 -962 0
62 -962 0
63 -962 0
66 -963 0
68 -963 0
70 -963 0
71 -963 0
74 -963 0
76 -963 0
78 -963 0
-963 0
81 -964 0
83 -964 0
85 -964 0
86 -964 0
-964 0
90 -964 0
92 -964 0
93 -964 0
1 -965 0
4 -965 0
6 -965 0
7 -965 0
10 -965 0
12 -965 0
13 -965 0
16 -965 0
17 -966 0
20 -966 0
22 -966 0
23 -966 0
26 -966 0
28 -966 0
29 -966 0
32 -966 0
33 -967 0
36 -967 0
38 -967 0
39 -967 0
42 -967 0
44 -967 0
45 -967 0
48 -967 0
49 -968 0
52 -968 0
54 -968 0
55 -968 0
58 -968 0
60 -968 0
61 -968 0
64 -968 0
65 -969 0
68 -969 0
70 -969 0
71 -969 0
74 -969 0
76 -969 0
77 -969 0
79 -969 0
80 -970 0
83 -970 0
85 -970 0
86 -970 0
-970 0
90 -970 0
91 -970 0
94 -970 0
1 -971 0
4 -971 0
5 -971 0
7 -971 0
10 -971 0
12 -971 0
14 -971 0
15 -971 0
17 -972 0
20 -972 0
21 -972 0
23 -972 0
26 -972 0
28 -972 0
30 -972 0
31 -972 0
33 -973 0
36 -973 0
37 -973 0
39 -973 0
42 -973 0
44 -973 0
46 -973 0
47 -973 0
49 -974 0
52 -974 0
53 -974 0
55 -974 0
58 -974 0
60 -974 0
62 -974 0
63 -974 0
65 -975 0
68 -975 0
69 -975 0
71 -975 0
74 -975 0
76 -975 0
78 -975 0
-975 0
80 -976 0
83 -976 0
84 -976 0
86 -976 0
-976 0
90 -976 0
92 -976 0
93 -976 0
1 -977 0
4 -977 0
5 -977 0
7 -977 0
10 -977 0
11 -977 0
13 -977 0
16 -977 0
17 -978 0
20 -978 0
21 -978 0
23 -978 0
26 -978 0
27 -978 0
29 -978 0
32 -978 0
33 -979 0
36 -979 0
37 -979 0
39 -979 0
42 -979 0
43 -979 0
45 -979 0
48 -979 0
49 -980 0
52 -980 0
53 -980 0
55 -980 0
58 -980 0
59 -980 0
61 -980 0
64 -980 0
65 -981 0
68 -981 0
69 -981 0
71 -981 0
74 -981 0
75 -981 0
77 -981 0
79 -981 0
80 -982 0
83 -982 0
84 -982 0
86 -982 0
-982 0
89 -982 0
91 -982 0
94 -982 0
1 -983 0
3 -983 0
5 -983 0
8 -983 0
10 -983 0
11 -983 0
13 -983 0
16 -983 0
17 -984 0
19 -984 0
21 -984 0
24 -984 0
26 -984 0
27 -984 0
29 -984 0
32 -984 0
33 -985 0
35 -985 0
37 -985 0
40 -985 0
42 -985 0
43 -985 0
45 -985 0
48 -985 0
49 -986 0
51 -986 0
53 -986 0
56 -986 0
58 -986 0
59 -986 0
61 -986 0
64 -986 0
65 -987 0
67 -987 0
69 -987 0
72 -987 0
74 -987 0
75 -987 0
77 -987 0
79 -987 0
80 -988 0
82 -988 0
84 -988 0
87 -988 0
-988 0
89 -988 0
91 -988 0
94 -988 0
1 -989 0
4 -989 0
5 -989 0
8 -989 0
10 -989 0
11 -989 0
13 -989 0
15 -989 0
17 -990 0
20 -990 0
21 -990 0
24 -990 0
26 -990 0
27 -990 0
29 -990 0
31 -990 0
33 -991 0
36 -991 0
37 -991 0
40 -991 0
42 -991 0
43 -991 0
45 -991 0
47 -991 0
49 -992 0
52 -992 0
53 -992 0
56 -992 0
58 -992 0
59 -992 0
61 -992 0
63 -992 0
65 -993 0
68 -993 0
69 -993 0
72 -993 0
74 -993 0
75 -993 0
77 -993 0
-993 0
80 -994 0
83 -994 0
84 -994 0
87 -994 0
-994 0
89 -994 0
91 -994 0
93 -994 0
2 -995 0
4 -995 0
6 -995 0
8 -995 0
10 -995 0
12 -995 0
14 -995 0
16 -995 0
18 -996 0
20 -996 0
22 -996 0
24 -996 0
26 -996 0
28 -996 0
30 -996 0
32 -996 0
34 -997 0
36 -997 0
38 -997 0
40 -997 0
42 -997 0
44 -997 0
46 -997 0
48 -997 0
50 -998 0
52 -998 0
54 -998 0
56 -998 0
58 -998 0
60 -998 0
62 -998 0
64 -998 0
66 -999 0
68 -999 0
70 -999 0
72 -999 0
74 -999 0
76 -999 0
78 -999 0
79 -999 0
81 -1000 0
83 -1000 0
85 -1000 0
87 -1000 0
-1000 0
90 -1000 0
92 -1000 0
94 -1000 0
2 -1001 0
3 -1001 0
6 -1001 0
7 -1001 0
9 -1001 0
12 -1001 0
14 -1001 0
16 -1001 0
18 -1002 0
19 -1002 0
22 -1002 0
23 -1002 0
25 -1002 0
28 -1002 0
30 -1002 0
32 -1002 0
34 -1003 0
35 -1003 0
38 -1003 0
39 -1003 0
41 -1003 0
44 -1003 0
46 -1003 0
48 -1003 0
50 -1004 0
51 -1004 0
54 -1004 0
55 -1004 0
57 -1004 0
60 -1004 0
62 -1004 0
64 -1004 0
66 -1005 0
67 -1005 0
70 -1005 0
71 -1005 0
73 -1005 0
76 -1005 0
78 -1005 0
79 -1005 0
81 -1006 0
82 -1006 0
85 -1006 0
86 -1006 0
88 -1006 0
90 -1006 0
92 -1006 0
94 -1006 0
2 -1007 0
3 -1007 0
5 -1007 0
8 -1007 0
9 -1007 0
11 -1007 0
14 -1007 0
16 -1007 0
18 -1008 0
19 -1008 0
21 -1008 0
24 -1008 0
25 -1008 0
27 -1008 0
30 -1008 0
32 -1008 0
34 -1009 0
35 -1009 0
37 -1009 0
40 -1009 0
41 -1009 0
43 -1009 0
46 -1009 0
48 -1009 0
50 -1010 0
51 -1010 0
53 -1010 0
56 -1010 0
57 -1010 0
59 -1010 0
62 -1010 0
64 -1010 0
66 -1011 0
67 -1011 0
69 -1011 0
72 -1011 0
73 -1011 0
75 -1011 0
78 -1011 0
79 -1011 0
81 -1012 0
82 -1012 0
84 -1012 0
87 -1012 0
88 -1012 0
89 -1012 0
92 -1012 0
94 -1012 0
2 -1013 0
4 -1013 0
6 -1013 0
7 -1013 0
9 -1013 0
11 -1013 0
14 -1013 0
15 -1013 0
18 -1014 0
20 -1014 0
22 -1014 0
23 -1014 0
25 -1014 0
27 -1014 0
30 -1014 0
31 -1014 0
34 -1015 0
36 -1015 0
38 -1015 0
39 -1015 0
41 -1015 0
43 -1015 0
46 -1015 0
47 -1015 0
50 -1016 0
52 -1016 0
54 -1016 0
55 -1016 0
57 -1016 0
59 -1016 0
62 -1016 0
63 -1016 0
66 -1017 0
68 -1017 0
70 -1017 0
71 -1017 0
73 -1017 0
75 -1017 0
78 -1017 0
-1017 0
81 -1018 0
83 -1018 0
85 -1018 0
86 -1018 0
88 -1018 0
89 -1018 0
92 -1018 0
93 -1018 0
2 -1019 0
3 -1019 0
5 -1019 0
7 -1019 0
9 -1019 0
11 -1019 0
13 -1019 0
16 -1019 0
18 -1020 0
19 -1020 0
21 -1020 0
23 -1020 0
25 -1020 0
27 -1020 0
29 -1020 0
32 -1020 0
34 -1021 0
35 -1021 0
37 -1021 0
39 -1021 0
41 -1021 0
43 -1021 0
45 -1021 0
48 -1021 0
50 -1022 0
51 -1022 0
53 -1022 0
55 -1022 0
57 -1022 0
59 -1022 0
61 -1022 0
64 -1022 0
66 -1023 0
67 -1023 0
69 -1023 0
71 -1023 0
73 -1023 0
75 -1023 0
77 -1023 0
79 -1023 0
81 -1024 0
82 -1024 0
84 -1024 0
86 -1024 0
88 -1024 0
89 -1024 0
91 -1024 0
94 -1024 0
2 -1025 0
4 -1025 0
5 -1025 0
7 -1025 0
10 -1025 0
12 -1025 0
13 -1025 0
16 -1025 0
18 -1026 0
20 -1026 0
21 -1026 0
23 -1026 0
26 -1026 0
28 -1026 0
29 -1026 0
32 -1026 0
34 -1027 0
36 -1027 0
37 -1027 0
39 -1027 0
42 -1027 0
44 -1027 0
45 -1027 0
48 -1027 0
50 -1028 0
52 -1028 0
53 -1028 0
55 -1028 0
58 -1028 0
60 -1028 0
61 -1028 0
64 -1028 0
66 -1029 0
68 -1029 0
69 -1029 0
71 -1029 0
74 -1029 0
76 -1029 0
77 -1029 0
79 -1029 0
81 -1030 0
83 -1030 0
84 -1030 0
86 -1030 0
-1030 0
90 -1030 0
91 -1030 0
94 -1030 0
1 -1031 0
4 -1031 0
6 -1031 0
7 -1031 0
10 -1031 0
12 -1031 0
13 -1031 0
15 -1031 0
17 -1032 0
20 -1032 0
22 -1032 0
23 -1032 0
26 -1032 0
28 -1032 0
29 -1032 0
31 -1032 0
33 -1033 0
36 -1033 0
38 -1033 0
39 -1033 0
42 -1033 0
44 -1033 0
45 -1033 0
47 -1033 0
49 -1034 0
52 -1034 0
54 -1034 0
55 -1034 0
58 -1034 0
60 -1034 0
61 -1034 0
63 -1034 0
65 -1035 0
68 -1035 0
70 -1035 0
71 -1035 0
74 -1035 0
76 -1035 0
77 -1035 0
-1035 0
80 -1036 0
83 -1036 0
85 -1036 0
86 -1036 0
-1036 0
90 -1036 0
91 -1036 0
93 -1036 0
2 -1037 0
3 -1037 0
5 -1037 0
8 -1037 0
10 -1037 0
12 -1037 0
13 -1037 0
16 -1037 0
18 -1038 0
19 -1038 0
21 -1038 0
24 -1038 0
26 -1038 0
28 -1038 0
29 -1038 0
32 -1038 0
34 -1039 0
35 -1039 0
37 -1039 0
40 -1039 0
42 -1039 0
44 -1039 0
45 -1039 0
48 -1039 0
50 -1040 0
51 -1040 0
53 -1040 0
56 -1040 0
58 -1040 0
60 -1040 0
61 -1040 0
64 -1040 0
66 -1041 0
67 -1041 0
69 -1041 0
72 -1041 0
74 -1041 0
76 -1041 0
77 -1041 0
79 -1041 0
81 -1042 0
82 -1042 0
84 -1042 0
87 -1042 0
-1042 0
90 -1042 0
91 -1042 0
94 -1042 0
2 -1043 0
4 -1043 0
6 -1043 0
7 -1043 0
10 -1043 0
11 -1043 0
13 -1043 0
16 -1043 0
18 -1044 0
20 -1044 0
22 -1044 0
23 -1044 0
26 -1044 0
27 -1044 0
29 -1044 0
32 -1044 0
34 -1045 0
36 -1045 0
38 -1045 0
39 -1045 0
42 -1045 0
43 -1045 0
45 -1045 0
48 -1045 0
50 -1046 0
52 -1046 0
54 -1046 0
55 -1046 0
58 -1046 0
59 -1046 0
61 -1046 0
64 -1046 0
66 -1047 0
68 -1047 0
70 -1047 0
71 -1047 0
74 -1047 0
75 -1047 0
77 -1047 0
79 -1047 0
81 -1048 0
83 -1048 0
85 -1048 0
86 -1048 0
-1048 0
89 -1048 0
91 -1048 0
94 -1048 0
1 -1049 0
4 -1049 0
6 -1049 0
7 -1049 0
10 -1049 0
12 -1049 0
13 -1049 0
16 -1049 0
17 -1050 0
20 -1050 0
22 -1050 0
23 -1050 0
26 -1050 0
28 -1050 0
29 -1050 0
32 -1050 0
33 -1051 0
36 -1051 0
38 -1051 0
39 -1051 0
42 -1051 0
44 -1051 0
45 -1051 0
48 -1051 0
49 -1052 0
52 -1052 0
54 -1052 0
55 -1052 0
58 -1052 0
60 -1052 0
61 -1052 0
64 -1052 0
65 -1053 0
68 -1053 0
70 -1053 0
71 -1053 0
74 -1053 0
76 -1053 0
77 -1053 0
79 -1053 0
80 -1054 0
83 -1054 0
85 -1054 0
86 -1054 0
-1054 0
90 -1054 0
91 -1054 0
94 -1054 0
95 96 97 98 99 100 0
101 102 103 104 105 106 0
107 108 109 110 111 112 0
113 114 115 116 117 118 0
119 120 121 122 123 124 0
125 126 127 128 129 130 0
131 132 133 134 135 136 0
137 138 139 140 141 142 0
143 144 145 146 147 148 0
149 150 151 152 153 154 0
155 156 157 158 159 160 0
161 162 163 164 165 166 0
167 168 169 170 171 172 0
173 174 175 176 177 178 0
179 180 181 182 183 184 0
185 186 187 188 189 190 0
191 192 193 194 195 196 0
197 198 199 200 201 202 0
203 204 205 206 207 208 0
209 210 211 212 213 214 0
215 216 217 218 219 220 0
221 222 223 224 225 226 0
227 228 229 230 231 232 0
233 234 235 236 237 238 0
239 240 241 242 243 244 0
245 246 247 248 249 0
250 251 252 253 254 0
255 256 257 258 259 260 0
261 262 263 264 265 266 0
267 268 269 270 271 272 0
273 274 275 276 277 278 0
279 280 281 282 283 284 0
285 286 287 288 289 290 0
291 292 293 294 295 296 0
297 298 299 300 301 302 0
303 304 305 306 307 308 0
309 310 311 312 313 314 0
315 316 317 318 319 320 0
321 322 323 324 325 326 0
327 328 329 330 331 332 0
333 334 335 336 337 338 0
339 340 341 342 343 344 0
345 346 347 348 349 350 0
351 352 353 354 355 356 0
357 358 359 360 361 362 0
368 369 370 371 372 0
373 374 375 376 377 378 0
379 380 381 382 383 384 0
385 386 387 388 389 0
390 391 392 393 394 395 0
396 397 398 399 400 401 0
402 403 404 405 406 407 0
408 409 410 411 412 413 0
414 415 416 417 418 0
419 420 421 422 423 424 0
425 426 427 428 429 430 0
431 432 433 434 435 436 0
437 438 439 440 441 0
442 443 444 445 446 447 0
448 449 450 451 452 453 0
454 455 456 457 458 459 0
460 461 462 463 464 465 0
466 467 468 469 470 471 0
472 473 474 475 476 477 0
478 479 480 481 482 483 0
484 485 486 487 488 489 0
490 491 492 493 494 495 0
496 497 498 499 500 501 0
502 503 504 505 506 507 0
508 509 510 511 512 513 0
514 515 516 517 518 519 0
520 521 522 523 524 525 0
526 527 528 529 530 531 0
532 533 534 535 536 537 0
538 539 540 541 542 0
543 544 545 546 547 548 0
549 550 551 552 553 554 0
555 556 557 558 559 560 0
561 562 563 564 565 566 0
567 568 569 570 571 572 0
573 574 575 576 577 578 0
579 580 581 582 583 584 0
585 586 587 588 589 590 0
591 592 593 594 595 596 0
597 598 599 600 601 602 0
603 604 605 606 607 608 0
609 610 611 612 613 614 0
615 616 617 618 619 620 0
621 622 623 624 625 626 0
627 628 629 630 631 632 0
633 634 635 636 637 638 0
639 640 641 642 643 644 0
645 646 647 648 649 650 0
651 652 653 654 655 656 0
657 658 659 660 661 662 0
663 664 665 666 667 668 0
669 670 671 672 673 674 0
675 676 677 678 679 680 0
686 687 688 689 690 691 0
692 693 694 695 696 697 0
698 699 700 701 702 703 0
704 705 706 707 708 709 0
710 711 712 713 714 715 0
716 717 718 719 720 721 0
722 723 724 725 726 727 0
728 729 730 731 732 0
733 734 735 736 737 738 0
739 740 741 742 743 744 0
745 746 747 748 749 750 0
751 752 753 754 755 756 0
757 758 759 760 761 762 0
763 764 765 766 767 768 0
774 775 776 777 778 779 0
780 781 782 783 784 785 0
786 787 788 789 790 791 0
792 793 794 795 796 797 0
798 799 800 801 802 803 0
804 805 806 807 808 809 0
810 811 812 813 814 815 0
816 817 818 819 820 821 0
822 823 824 825 826 827 0
828 829 830 831 832 833 0
834 835 836 837 838 839 0
840 841 842 843 844 845 0
846 847 848 849 850 851 0
852 853 854 855 856 857 0
858 859 860 861 862 863 0
864 865 866 867 868 869 0
870 871 872 873 874 875 0
876 877 878 879 880 881 0
882 883 884 885 886 887 0
888 889 890 891 892 893 0
894 895 896 897 898 899 0
900 901 902 903 904 905 0
911 912 913 914 915 916 0
917 918 919 920 921 922 0
923 924 925 926 927 928 0
929 930 931 932 933 934 0
935 936 937 938 939 940 0
941 942 943 944 945 946 0
947 948 949 950 951 952 0
953 954 955 956 957 958 0
959 960 961 962 963 964 0
965 966 967 968 969 970 0
971 972 973 974 975 976 0
977 978 979 980 981 982 0
983 984 985 986 987 988 0
989 990 991 992 993 994 0
995 996 997 998 999 1000 0
1001 1002 1003 1004 1005 1006 0
1007 1008 1009 1010 1011 1012 0
1013 1014 1015 1016 1017 1018 0
1019 1020 1021 1022 1023 1024 0
1025 1026 1027 1028 1029 1030 0
1031 1032 1033 1034 1035 1036 0
1037 1038 1039 1040 1041 1042 0
1043 1044 1045 1046 1047 1048 0
1049 1050 1051 1052 1053 1054 0
