p cnf 808 6072
1 2 0
3 4 0
5 6 0
7 8 0
9 10 0
11 12 0
13 14 0
15 16 0
17 18 0
19 20 0
21 22 0
23 24 0
25 26 0
27 28 0
29 30 0
31 32 0
33 34 0
35 36 0
37 38 0
39 40 0
41 42 0
43 44 0
45 46 0
47 48 0
49 50 0
51 52 0
53 54 0
55 56 0
57 58 0
59 60 0
61 62 0
63 64 0
65 66 0
67 68 0
69 70 0
71 72 0
73 74 0
75 76 0
77 78 0
79 80 0
81 82 0
83 84 0
85 86 0
87 88 0
89 90 0
91 92 0
93 94 0
95 96 0
-2 -3 -6 -7 -10 -12 -13 -15 0
-18 -19 -22 -23 -26 -28 -29 -31 0
-34 -35 -38 -39 -42 -44 -45 -47 0
-50 -51 -54 -55 -58 -60 -61 -63 0
-66 -67 -70 -71 -74 -76 -77 -79 0
-82 -83 -86 -87 -90 -92 -93 -95 0
-1 -3 -6 -7 -10 -11 -14 -15 0
-17 -19 -22 -23 -26 -27 -30 -31 0
-33 -35 -38 -39 -42 -43 -46 -47 0
-49 -51 -54 -55 -58 -59 -62 -63 0
-65 -67 -70 -71 -74 -75 -78 -79 0
-81 -83 -86 -87 -90 -91 -94 -95 0
-1 -3 -5 -8 -9 -12 -13 -15 0
-17 -19 -21 -24 -25 -28 -29 -31 0
-33 -35 -37 -40 -41 -44 -45 -47 0
-49 -51 -53 -56 -57 -60 -61 -63 0
-65 -67 -69 -72 -73 -76 -77 -79 0
-81 -83 -85 -88 -89 -92 -93 -95 0
-2 -3 -5 -8 -9 -12 -14 -15 0
-18 -19 -21 -24 -25 -28 -30 -31 0
-34 -35 -37 -40 -41 -44 -46 -47 0
-50 -51 -53 -56 -57 -60 -62 -63 0
-66 -67 -69 -72 -73 -76 -78 -79 0
-82 -83 -85 -88 -89 -92 -94 -95 0
-1 -3 -5 -8 -10 -12 -13 -15 0
-17 -19 -21 -24 -26 -28 -29 -31 0
-33 -35 -37 -40 -42 -44 -45 -47 0
-49 -51 -53 -56 -58 -60 -61 -63 0
-65 -67 -69 -72 -74 -76 -77 -79 0
-81 -83 -85 -88 -90 -92 -93 -95 0
-2 -3 -5 -7 -10 -12 -13 -15 0
-18 -19 -21 -23 -26 -28 -29 -31 0
-34 -35 -37 -39 -42 -44 -45 -47 0
-50 -51 -53 -55 -58 -60 -61 -63 0
-66 -67 -69 -71 -74 -76 -77 -79 0
-82 -83 -85 -87 -90 -92 -93 -95 0
-2 -3 -5 -8 -10 -11 -13 -15 0
-18 -19 -21 -24 -26 -27 -29 -31 0
-34 -35 -37 -40 -42 -43 -45 -47 0
-50 -51 -53 -56 -58 -59 -61 -63 0
-66 -67 -69 -72 -74 -75 -77 -79 0
-82 -83 -85 -88 -90 -91 -93 -95 0
-2 -3 -5 -8 -10 -11 -13 -15 0
-18 -19 -21 -24 -26 -27 -29 -31 0
-34 -35 -37 -40 -42 -43 -45 -47 0
-50 -51 -53 -56 -58 -59 -61 -63 0
-66 -67 -69 -72 -74 -75 -77 -79 0
-82 -83 -85 -88 -90 -91 -93 -95 0
-2 -3 -6 -7 -10 -12 -14 -15 0
-18 -19 -22 -23 -26 -28 -30 -31 0
-34 -35 -38 -39 -42 -44 -46 -47 0
-50 -51 -54 -55 -58 -60 -62 -63 0
-66 -67 -70 -71 -74 -76 -78 -79 0
-82 -83 -86 -87 -90 -92 -94 -95 0
-2 -3 -6 -7 -10 -11 -13 -15 0
-18 -19 -22 -23 -26 -27 -29 -31 0
-34 -35 -38 -39 -42 -43 -45 -47 0
-50 -51 -54 -55 -58 -59 -61 -63 0
-66 -67 -70 -71 -74 -75 -77 -79 0
-82 -83 -86 -87 -90 -91 -93 -95 0
-2 -3 -6 -7 -9 -11 -13 -15 0
-18 -19 -22 -23 -25 -27 -29 -31 0
-34 -35 -38 -39 -41 -43 -45 -47 0
-50 -51 -54 -55 -57 -59 -61 -63 0
-66 -67 -70 -71 -73 -75 -77 -79 0
-82 -83 -86 -87 -89 -91 -93 -95 0
-2 -3 -5 -7 -10 -12 -13 -15 0
-18 -19 -21 -23 -26 -28 -29 -31 0
-34 -35 -37 -39 -42 -44 -45 -47 0
-50 -51 -53 -55 -58 -60 -61 -63 0
-66 -67 -69 -71 -74 -76 -77 -79 0
-82 -83 -85 -87 -90 -92 -93 -95 0
-1 -3 -6 -8 -10 -12 -14 -15 0
-17 -19 -22 -24 -26 -28 -30 -31 0
-33 -35 -38 -40 -42 -44 -46 -47 0
-49 -51 -54 -56 -58 -60 -62 -63 0
-65 -67 -70 -72 -74 -76 -78 -79 0
-81 -83 -86 -88 -90 -92 -94 -95 0
-1 -3 -5 -7 -10 -11 -13 -15 0
-17 -19 -21 -23 -26 -27 -29 -31 0
-33 -35 -37 -39 -42 -43 -45 -47 0
-49 -51 -53 -55 -58 -59 -61 -63 0
-65 -67 -69 -71 -74 -75 -77 -79 0
-81 -83 -85 -87 -90 -91 -93 -95 0
-1 -3 -6 -7 -9 -11 -13 -15 0
-17 -19 -22 -23 -25 -27 -29 -31 0
-33 -35 -38 -39 -41 -43 -45 -47 0
-49 -51 -54 -55 -57 -59 -61 -63 0
-65 -67 -70 -71 -73 -75 -77 -79 0
-81 -83 -86 -87 -89 -91 -93 -95 0
-2 -3 -6 -8 -9 -12 -14 -15 0
-18 -19 -22 -24 -25 -28 -30 -31 0
-34 -35 -38 -40 -41 -44 -46 -47 0
-50 -51 -54 -56 -57 -60 -62 -63 0
-66 -67 -70 -72 -73 -76 -78 -79 0
-82 -83 -86 -88 -89 -92 -94 -95 0
-1 -3 -6 -7 -9 -11 -14 -15 0
-17 -19 -22 -23 -25 -27 -30 -31 0
-33 -35 -38 -39 -41 -43 -46 -47 0
-49 -51 -54 -55 -57 -59 -62 -63 0
-65 -67 -70 -71 -73 -75 -78 -79 0
-81 -83 -86 -87 -89 -91 -94 -95 0
-2 -3 -6 -7 -10 -11 -14 -15 0
-18 -19 -22 -23 -26 -27 -30 -31 0
-34 -35 -38 -39 -42 -43 -46 -47 0
-50 -51 -54 -55 -58 -59 -62 -63 0
-66 -67 -70 -71 -74 -75 -78 -79 0
-82 -83 -86 -87 -90 -91 -94 -95 0
-1 -3 -6 -8 -9 -11 -14 -15 0
-17 -19 -22 -24 -25 -27 -30 -31 0
-33 -35 -38 -40 -41 -43 -46 -47 0
-49 -51 -54 -56 -57 -59 -62 -63 0
-65 -67 -70 -72 -73 -75 -78 -79 0
-81 -83 -86 -88 -89 -91 -94 -95 0
-1 -3 -6 -8 -9 -11 -13 -15 0
-17 -19 -22 -24 -25 -27 -29 -31 0
-33 -35 -38 -40 -41 -43 -45 -47 0
-49 -51 -54 -56 -57 -59 -61 -63 0
-65 -67 -70 -72 -73 -75 -77 -79 0
-81 -83 -86 -88 -89 -91 -93 -95 0
-1 -3 -5 -7 -10 -11 -14 -15 0
-17 -19 -21 -23 -26 -27 -30 -31 0
-33 -35 -37 -39 -42 -43 -46 -47 0
-49 -51 -53 -55 -58 -59 -62 -63 0
-65 -67 -69 -71 -74 -75 -78 -79 0
-81 -83 -85 -87 -90 -91 -94 -95 0
-2 -3 -5 -7 -9 -12 -13 -15 0
-18 -19 -21 -23 -25 -28 -29 -31 0
-34 -35 -37 -39 -41 -44 -45 -47 0
-50 -51 -53 -55 -57 -60 -61 -63 0
-66 -67 -69 -71 -73 -76 -77 -79 0
-82 -83 -85 -87 -89 -92 -93 -95 0
-1 -3 -5 -8 -9 -12 -14 -15 0
-17 -19 -21 -24 -25 -28 -30 -31 0
-33 -35 -37 -40 -41 -44 -46 -47 0
-49 -51 -53 -56 -57 -60 -62 -63 0
-65 -67 -69 -72 -73 -76 -78 -79 0
-81 -83 -85 -88 -89 -92 -94 -95 0
-1 -3 -6 -8 -9 -11 -14 -15 0
-17 -19 -22 -24 -25 -27 -30 -31 0
-33 -35 -38 -40 -41 -43 -46 -47 0
-49 -51 -54 -56 -57 -59 -62 -63 0
-65 -67 -70 -72 -73 -75 -78 -79 0
-81 -83 -86 -88 -89 -91 -94 -95 0
-1 -3 -5 -8 -10 -11 -13 -15 0
-17 -19 -21 -24 -26 -27 -29 -31 0
-33 -35 -37 -40 -42 -43 -45 -47 0
-49 -51 -53 -56 -58 -59 -61 -63 0
-65 -67 -69 -72 -74 -75 -77 -79 0
-81 -83 -85 -88 -90 -91 -93 -95 0
-1 -3 -5 -8 -9 -11 -14 -15 0
-17 -19 -21 -24 -25 -27 -30 -31 0
-33 -35 -37 -40 -41 -43 -46 -47 0
-49 -51 -53 -56 -57 -59 -62 -63 0
-65 -67 -69 -72 -73 -75 -78 -79 0
-81 -83 -85 -88 -89 -91 -94 -95 0
-1 -3 -5 -7 -10 -11 -13 -15 0
-17 -19 -21 -23 -26 -27 -29 -31 0
-33 -35 -37 -39 -42 -43 -45 -47 0
-49 -51 -53 -55 -58 -59 -61 -63 0
-65 -67 -69 -71 -74 -75 -77 -79 0
-81 -83 -85 -87 -90 -91 -93 -95 0
-1 -3 -5 -8 -10 -11 -14 -15 0
-17 -19 -21 -24 -26 -27 -30 -31 0
-33 -35 -37 -40 -42 -43 -46 -47 0
-49 -51 -53 -56 -58 -59 -62 -63 0
-65 -67 -69 -72 -74 -75 -78 -79 0
-81 -83 -85 -88 -90 -91 -94 -95 0
-2 -3 -5 -7 -9 -12 -14 -15 0
-18 -19 -21 -23 -25 -28 -30 -31 0
-34 -35 -37 -39 -41 -44 -46 -47 0
-50 -51 -53 -55 -57 -60 -62 -63 0
-66 -67 -69 -71 -73 -76 -78 -79 0
-82 -83 -85 -87 -89 -92 -94 -95 0
-2 -3 -6 -7 -10 -11 -14 -15 0
-18 -19 -22 -23 -26 -27 -30 -31 0
-34 -35 -38 -39 -42 -43 -46 -47 0
-50 -51 -54 -55 -58 -59 -62 -63 0
-66 -67 -70 -71 -74 -75 -78 -79 0
-82 -83 -86 -87 -90 -91 -94 -95 0
1 -97 0
3 -97 0
6 -97 0
7 -97 0
9 -97 0
11 -97 0
13 -97 0
16 -97 0
17 -98 0
19 -98 0
22 -98 0
23 -98 0
25 -98 0
27 -98 0
29 -98 0
32 -98 0
33 -99 0
35 -99 0
38 -99 0
39 -99 0
41 -99 0
43 -99 0
45 -99 0
48 -99 0
49 -100 0
51 -100 0
54 -100 0
55 -100 0
57 -100 0
59 -100 0
61 -100 0
64 -100 0
65 -101 0
67 -101 0
70 -101 0
71 -101 0
73 -101 0
75 -101 0
77 -101 0
80 -101 0
81 -102 0
83 -102 0
86 -102 0
87 -102 0
89 -102 0
91 -102 0
93 -102 0
96 -102 0
1 -103 0
4 -103 0
5 -103 0
7 -103 0
9 -103 0
12 -103 0
14 -103 0
15 -103 0
17 -104 0
20 -104 0
21 -104 0
23 -104 0
25 -104 0
28 -104 0
30 -104 0
31 -104 0
33 -105 0
36 -105 0
37 -105 0
39 -105 0
41 -105 0
44 -105 0
46 -105 0
47 -105 0
49 -106 0
52 -106 0
53 -106 0
55 -106 0
57 -106 0
60 -106 0
62 -106 0
63 -106 0
65 -107 0
68 -107 0
69 -107 0
71 -107 0
73 -107 0
76 -107 0
78 -107 0
79 -107 0
81 -108 0
84 -108 0
85 -108 0
87 -108 0
89 -108 0
92 -108 0
94 -108 0
95 -108 0
2 -109 0
4 -109 0
6 -109 0
8 -109 0
9 -109 0
11 -109 0
14 -109 0
16 -109 0
18 -110 0
20 -110 0
22 -110 0
24 -110 0
25 -110 0
27 -110 0
30 -110 0
32 -110 0
34 -111 0
36 -111 0
38 -111 0
40 -111 0
41 -111 0
43 -111 0
46 -111 0
48 -111 0
50 -112 0
52 -112 0
54 -112 0
56 -112 0
57 -112 0
59 -112 0
62 -112 0
64 -112 0
66 -113 0
68 -113 0
70 -113 0
72 -113 0
73 -113 0
75 -113 0
78 -113 0
80 -113 0
82 -114 0
84 -114 0
86 -114 0
88 -114 0
89 -114 0
91 -114 0
94 -114 0
96 -114 0
2 -115 0
4 -115 0
6 -115 0
7 -115 0
10 -115 0
12 -115 0
13 -115 0
16 -115 0
18 -116 0
20 -116 0
22 -116 0
23 -116 0
26 -116 0
28 -116 0
29 -116 0
32 -116 0
34 -117 0
36 -117 0
38 -117 0
39 -117 0
42 -117 0
44 -117 0
45 -117 0
48 -117 0
50 -118 0
52 -118 0
54 -118 0
55 -118 0
58 -118 0
60 -118 0
61 -118 0
64 -118 0
66 -119 0
68 -119 0
70 -119 0
71 -119 0
74 -119 0
76 -119 0
77 -119 0
80 -119 0
82 -120 0
84 -120 0
86 -120 0
87 -120 0
90 -120 0
92 -120 0
93 -120 0
96 -120 0
2 -121 0
4 -121 0
6 -121 0
8 -121 0
10 -121 0
11 -121 0
13 -121 0
15 -121 0
18 -122 0
20 -122 0
22 -122 0
24 -122 0
26 -122 0
27 -122 0
29 -122 0
31 -122 0
34 -123 0
36 -123 0
38 -123 0
40 -123 0
42 -123 0
43 -123 0
45 -123 0
47 -123 0
50 -124 0
52 -124 0
54 -124 0
56 -124 0
58 -124 0
59 -124 0
61 -124 0
63 -124 0
66 -125 0
68 -125 0
70 -125 0
72 -125 0
74 -125 0
75 -125 0
77 -125 0
79 -125 0
82 -126 0
84 -126 0
86 -126 0
88 -126 0
90 -126 0
91 -126 0
93 -126 0
95 -126 0
2 -127 0
4 -127 0
6 -127 0
8 -127 0
9 -127 0
11 -127 0
14 -127 0
16 -127 0
18 -128 0
20 -128 0
22 -128 0
24 -128 0
25 -128 0
27 -128 0
30 -128 0
32 -128 0
34 -129 0
36 -129 0
38 -129 0
40 -129 0
41 -129 0
43 -129 0
46 -129 0
48 -129 0
50 -130 0
52 -130 0
54 -130 0
56 -130 0
57 -130 0
59 -130 0
62 -130 0
64 -130 0
66 -131 0
68 -131 0
70 -131 0
72 -131 0
73 -131 0
75 -131 0
78 -131 0
80 -131 0
82 -132 0
84 -132 0
86 -132 0
88 -132 0
89 -132 0
91 -132 0
94 -132 0
96 -132 0
1 -133 0
4 -133 0
5 -133 0
8 -133 0
10 -133 0
11 -133 0
13 -133 0
15 -133 0
17 -134 0
20 -134 0
21 -134 0
24 -134 0
26 -134 0
27 -134 0
29 -134 0
31 -134 0
33 -135 0
36 -135 0
37 -135 0
40 -135 0
42 -135 0
43 -135 0
45 -135 0
47 -135 0
49 -136 0
52 -136 0
53 -136 0
56 -136 0
58 -136 0
59 -136 0
61 -136 0
63 -136 0
65 -137 0
68 -137 0
69 -137 0
72 -137 0
74 -137 0
75 -137 0
77 -137 0
79 -137 0
81 -138 0
84 -138 0
85 -138 0
88 -138 0
90 -138 0
91 -138 0
93 -138 0
95 -138 0
2 -139 0
4 -139 0
5 -139 0
7 -139 0
9 -139 0
11 -139 0
14 -139 0
16 -139 0
18 -140 0
20 -140 0
21 -140 0
23 -140 0
25 -140 0
27 -140 0
30 -140 0
32 -140 0
34 -141 0
36 -141 0
37 -141 0
39 -141 0
41 -141 0
43 -141 0
46 -141 0
48 -141 0
50 -142 0
52 -142 0
53 -142 0
55 -142 0
57 -142 0
59 -142 0
62 -142 0
64 -142 0
66 -143 0
68 -143 0
69 -143 0
71 -143 0
73 -143 0
75 -143 0
78 -143 0
80 -143 0
82 -144 0
84 -144 0
85 -144 0
87 -144 0
89 -144 0
91 -144 0
94 -144 0
96 -144 0
1 -145 0
4 -145 0
6 -145 0
7 -145 0
9 -145 0
11 -145 0
14 -145 0
15 -145 0
17 -146 0
20 -146 0
22 -146 0
23 -146 0
25 -146 0
27 -146 0
30 -146 0
31 -146 0
33 -147 0
36 -147 0
38 -147 0
39 -147 0
41 -147 0
43 -147 0
46 -147 0
47 -147 0
49 -148 0
52 -148 0
54 -148 0
55 -148 0
57 -148 0
59 -148 0
62 -148 0
63 -148 0
65 -149 0
68 -149 0
70 -149 0
71 -149 0
73 -149 0
75 -149 0
78 -149 0
79 -149 0
81 -150 0
84 -150 0
86 -150 0
87 -150 0
89 -150 0
91 -150 0
94 -150 0
95 -150 0
2 -151 0
4 -151 0
6 -151 0
7 -151 0
9 -151 0
12 -151 0
13 -151 0
16 -151 0
18 -152 0
20 -152 0
22 -152 0
23 -152 0
25 -152 0
28 -152 0
29 -152 0
32 -152 0
34 0
36 0
38 0
39 0
41 0
44 0
45 0
48 0
50 -153 0
52 -153 0
54 -153 0
55 -153 0
57 -153 0
60 -153 0
61 -153 0
64 -153 0
66 -154 0
68 -154 0
70 -154 0
71 -154 0
73 -154 0
76 -154 0
77 -154 0
80 -154 0
82 -155 0
84 -155 0
86 -155 0
87 -155 0
89 -155 0
92 -155 0
93 -155 0
96 -155 0
1 -156 0
4 -156 0
5 -156 0
7 -156 0
9 -156 0
12 -156 0
13 -156 0
16 -156 0
17 -157 0
20 -157 0
21 -157 0
23 -157 0
25 -157 0
28 -157 0
29 -157 0
32 -157 0
33 -158 0
36 -158 0
37 -158 0
39 -158 0
41 -158 0
44 -158 0
45 -158 0
48 -158 0
49 -159 0
52 -159 0
53 -159 0
55 -159 0
57 -159 0
60 -159 0
61 -159 0
64 -159 0
65 -160 0
68 -160 0
69 -160 0
71 -160 0
73 -160 0
76 -160 0
77 -160 0
80 -160 0
81 -161 0
84 -161 0
85 -161 0
87 -161 0
89 -161 0
92 -161 0
93 -161 0
96 -161 0
2 -162 0
3 -162 0
5 -162 0
8 -162 0
10 -162 0
12 -162 0
14 -162 0
16 -162 0
18 -163 0
19 -163 0
21 -163 0
24 -163 0
26 -163 0
28 -163 0
30 -163 0
32 -163 0
34 -164 0
35 -164 0
37 -164 0
40 -164 0
42 -164 0
44 -164 0
46 -164 0
48 -164 0
50 -165 0
51 -165 0
53 -165 0
56 -165 0
58 -165 0
60 -165 0
62 -165 0
64 -165 0
66 -166 0
67 -166 0
69 -166 0
72 -166 0
74 -166 0
76 -166 0
78 -166 0
80 -166 0
82 -167 0
83 -167 0
85 -167 0
88 -167 0
90 -167 0
92 -167 0
94 -167 0
96 -167 0
2 -168 0
4 -168 0
5 -168 0
7 -168 0
9 -168 0
12 -168 0
14 -168 0
16 -168 0
18 -169 0
20 -169 0
21 -169 0
23 -169 0
25 -169 0
28 -169 0
30 -169 0
32 -169 0
34 -170 0
36 -170 0
37 -170 0
39 -170 0
41 -170 0
44 -170 0
46 -170 0
48 -170 0
50 -171 0
52 -171 0
53 -171 0
55 -171 0
57 -171 0
60 -171 0
62 -171 0
64 -171 0
66 -172 0
68 -172 0
69 -172 0
71 -172 0
73 -172 0
76 -172 0
78 -172 0
80 -172 0
82 -173 0
84 -173 0
85 -173 0
87 -173 0
89 -173 0
92 -173 0
94 -173 0
96 -173 0
2 -174 0
4 -174 0
5 -174 0
8 -174 0
10 -174 0
12 -174 0
13 -174 0
16 -174 0
18 -175 0
20 -175 0
21 -175 0
24 -175 0
26 -175 0
28 -175 0
29 -175 0
32 -175 0
34 -176 0
36 -176 0
37 -176 0
40 -176 0
42 -176 0
44 -176 0
45 -176 0
48 -176 0
50 -177 0
52 -177 0
53 -177 0
56 -177 0
58 -177 0
60 -177 0
61 -177 0
64 -177 0
66 -178 0
68 -178 0
69 -178 0
72 -178 0
74 -178 0
76 -178 0
77 -178 0
80 -178 0
82 -179 0
84 -179 0
85 -179 0
88 -179 0
90 -179 0
92 -179 0
93 -179 0
96 -179 0
2 -180 0
4 -180 0
6 -180 0
7 -180 0
10 -180 0
11 -180 0
13 -180 0
16 -180 0
18 -181 0
20 -181 0
22 -181 0
23 -181 0
26 -181 0
27 -181 0
29 -181 0
32 -181 0
34 -182 0
36 -182 0
38 -182 0
39 -182 0
42 -182 0
43 -182 0
45 -182 0
48 -182 0
50 -183 0
52 -183 0
54 -183 0
55 -183 0
58 -183 0
59 -183 0
61 -183 0
64 -183 0
66 -184 0
68 -184 0
70 -184 0
71 -184 0
74 -184 0
75 -184 0
77 -184 0
80 -184 0
82 -185 0
84 -185 0
86 -185 0
87 -185 0
90 -185 0
91 -185 0
93 -185 0
96 -185 0
1 -186 0
3 -186 0
5 -186 0
7 -186 0
10 -186 0
12 -186 0
14 -186 0
16 -186 0
17 -187 0
19 -187 0
21 -187 0
23 -187 0
26 -187 0
28 -187 0
30 -187 0
32 -187 0
33 -188 0
35 -188 0
37 -188 0
39 -188 0
42 -188 0
44 -188 0
46 -188 0
48 -188 0
49 -189 0
51 -189 0
53 -189 0
55 -189 0
58 -189 0
60 -189 0
62 -189 0
64 -189 0
65 -190 0
67 -190 0
69 -190 0
71 -190 0
74 -190 0
76 -190 0
78 -190 0
80 -190 0
81 -191 0
83 -191 0
85 -191 0
87 -191 0
90 -191 0
92 -191 0
94 -191 0
96 -191 0
1 -192 0
4 -192 0
6 -192 0
8 -192 0
10 -192 0
12 -192 0
13 -192 0
16 -192 0
17 -193 0
20 -193 0
22 -193 0
24 -193 0
26 -193 0
28 -193 0
29 -193 0
32 -193 0
33 -194 0
36 -194 0
38 -194 0
40 -194 0
42 -194 0
44 -194 0
45 -194 0
48 -194 0
49 -195 0
52 -195 0
54 -195 0
56 -195 0
58 -195 0
60 -195 0
61 -195 0
64 -195 0
65 -196 0
68 -196 0
70 -196 0
72 -196 0
74 -196 0
76 -196 0
77 -196 0
80 -196 0
81 -197 0
84 -197 0
86 -197 0
88 -197 0
90 -197 0
92 -197 0
93 -197 0
96 -197 0
2 -198 0
4 -198 0
5 -198 0
8 -198 0
10 -198 0
12 -198 0
13 -198 0
15 -198 0
18 -199 0
20 -199 0
21 -199 0
24 -199 0
26 -199 0
28 -199 0
29 -199 0
31 -199 0
34 -200 0
36 -200 0
37 -200 0
40 -200 0
42 -200 0
44 -200 0
45 -200 0
47 -200 0
50 -201 0
52 -201 0
53 -201 0
56 -201 0
58 -201 0
60 -201 0
61 -201 0
63 -201 0
66 -202 0
68 -202 0
69 -202 0
72 -202 0
74 -202 0
76 -202 0
77 -202 0
79 -202 0
82 -203 0
84 -203 0
85 -203 0
88 -203 0
90 -203 0
92 -203 0
93 -203 0
95 -203 0
2 -204 0
4 -204 0
6 -204 0
8 -204 0
9 -204 0
12 -204 0
13 -204 0
16 -204 0
18 -205 0
20 -205 0
22 -205 0
24 -205 0
25 -205 0
28 -205 0
29 -205 0
32 -205 0
34 -206 0
36 -206 0
38 -206 0
40 -206 0
41 -206 0
44 -206 0
45 -206 0
48 -206 0
50 -207 0
52 -207 0
54 -207 0
56 -207 0
57 -207 0
60 -207 0
61 -207 0
64 -207 0
66 -208 0
68 -208 0
70 -208 0
72 -208 0
73 -208 0
76 -208 0
77 -208 0
80 -208 0
82 -209 0
84 -209 0
86 -209 0
88 -209 0
89 -209 0
92 -209 0
93 -209 0
96 -209 0
2 -210 0
4 -210 0
6 -210 0
8 -210 0
9 -210 0
12 -210 0
14 -210 0
16 -210 0
18 -211 0
20 -211 0
22 -211 0
24 -211 0
25 -211 0
28 -211 0
30 -211 0
32 -211 0
34 -212 0
36 -212 0
38 -212 0
40 -212 0
41 -212 0
44 -212 0
46 -212 0
48 -212 0
50 -213 0
52 -213 0
54 -213 0
56 -213 0
57 -213 0
60 -213 0
62 -213 0
64 -213 0
66 -214 0
68 -214 0
70 -214 0
72 -214 0
73 -214 0
76 -214 0
78 -214 0
80 -214 0
82 -215 0
84 -215 0
86 -215 0
88 -215 0
89 -215 0
92 -215 0
94 -215 0
96 -215 0
2 -216 0
3 -216 0
5 -216 0
7 -216 0
9 -216 0
12 -216 0
13 -216 0
16 -216 0
18 -217 0
19 -217 0
21 -217 0
23 -217 0
25 -217 0
28 -217 0
29 -217 0
32 -217 0
34 -218 0
35 -218 0
37 -218 0
39 -218 0
41 -218 0
44 -218 0
45 -218 0
48 -218 0
50 -219 0
51 -219 0
53 -219 0
55 -219 0
57 -219 0
60 -219 0
61 -219 0
64 -219 0
66 -220 0
67 -220 0
69 -220 0
71 -220 0
73 -220 0
76 -220 0
77 -220 0
80 -220 0
82 -221 0
83 -221 0
85 -221 0
87 -221 0
89 -221 0
92 -221 0
93 -221 0
96 -221 0
1 -222 0
4 -222 0
6 -222 0
7 -222 0
9 -222 0
11 -222 0
14 -222 0
16 -222 0
17 -223 0
20 -223 0
22 -223 0
23 -223 0
25 -223 0
27 -223 0
30 -223 0
32 -223 0
33 -224 0
36 -224 0
38 -224 0
39 -224 0
41 -224 0
43 -224 0
46 -224 0
48 -224 0
49 -225 0
52 -225 0
54 -225 0
55 -225 0
57 -225 0
59 -225 0
62 -225 0
64 -225 0
65 -226 0
68 -226 0
70 -226 0
71 -226 0
73 -226 0
75 -226 0
78 -226 0
80 -226 0
81 -227 0
84 -227 0
86 -227 0
87 -227 0
89 -227 0
91 -227 0
94 -227 0
96 -227 0
1 -228 0
4 -228 0
6 -228 0
8 -228 0
9 -228 0
12 -228 0
13 -228 0
15 -228 0
17 -229 0
20 -229 0
22 -229 0
24 -229 0
25 -229 0
28 -229 0
29 -229 0
31 -229 0
33 -230 0
36 -230 0
38 -230 0
40 -230 0
41 -230 0
44 -230 0
45 -230 0
47 -230 0
49 -231 0
52 -231 0
54 -231 0
56 -231 0
57 -231 0
60 -231 0
61 -231 0
63 -231 0
65 -232 0
68 -232 0
70 -232 0
72 -232 0
73 -232 0
76 -232 0
77 -232 0
79 -232 0
81 -233 0
84 -233 0
86 -233 0
88 -233 0
89 -233 0
92 -233 0
93 -233 0
95 -233 0
1 -234 0
4 -234 0
6 -234 0
8 -234 0
9 -234 0
12 -234 0
13 -234 0
16 -234 0
17 -235 0
20 -235 0
22 -235 0
24 -235 0
25 -235 0
28 -235 0
29 -235 0
32 -235 0
33 -236 0
36 -236 0
38 -236 0
40 -236 0
41 -236 0
44 -236 0
45 -236 0
48 -236 0
49 -237 0
52 -237 0
54 -237 0
56 -237 0
57 -237 0
60 -237 0
61 -237 0
64 -237 0
65 -238 0
68 -238 0
70 -238 0
72 -238 0
73 -238 0
76 -238 0
77 -238 0
80 -238 0
81 -239 0
84 -239 0
86 -239 0
88 -239 0
89 -239 0
92 -239 0
93 -239 0
96 -239 0
1 -240 0
4 -240 0
6 -240 0
8 -240 0
9 -240 0
11 -240 0
13 -240 0
15 -240 0
17 -241 0
20 -241 0
22 -241 0
24 -241 0
25 -241 0
27 -241 0
29 -241 0
31 -241 0
33 -242 0
36 -242 0
38 -242 0
40 -242 0
41 -242 0
43 -242 0
45 -242 0
47 -242 0
49 -243 0
52 -243 0
54 -243 0
56 -243 0
57 -243 0
59 -243 0
61 -243 0
63 -243 0
65 -244 0
68 -244 0
70 -244 0
72 -244 0
73 -244 0
75 -244 0
77 -244 0
79 -244 0
81 -245 0
84 -245 0
86 -245 0
88 -245 0
89 -245 0
91 -245 0
93 -245 0
95 -245 0
2 -246 0
4 -246 0
6 -246 0
7 -246 0
9 -246 0
12 -246 0
13 -246 0
16 -246 0
18 -247 0
20 -247 0
22 -247 0
23 -247 0
25 -247 0
28 -247 0
29 -247 0
32 -247 0
34 -248 0
36 -248 0
38 -248 0
39 -248 0
41 -248 0
44 -248 0
45 -248 0
48 -248 0
50 -249 0
52 -249 0
54 -249 0
55 -249 0
57 -249 0
60 -249 0
61 -249 0
64 -249 0
66 -250 0
68 -250 0
70 -250 0
71 -250 0
73 -250 0
76 -250 0
77 -250 0
80 -250 0
82 -251 0
84 -251 0
86 -251 0
87 -251 0
89 -251 0
92 -251 0
93 -251 0
96 -251 0
1 -252 0
4 -252 0
6 -252 0
7 -252 0
10 -252 0
12 -252 0
14 -252 0
15 -252 0
17 -253 0
20 -253 0
22 -253 0
23 -253 0
26 -253 0
28 -253 0
30 -253 0
31 -253 0
33 -254 0
36 -254 0
38 -254 0
39 -254 0
42 -254 0
44 -254 0
46 -254 0
47 -254 0
49 -255 0
52 -255 0
54 -255 0
55 -255 0
58 -255 0
60 -255 0
62 -255 0
63 -255 0
65 -256 0
68 -256 0
70 -256 0
71 -256 0
74 -256 0
76 -256 0
78 -256 0
79 -256 0
81 -257 0
84 -257 0
86 -257 0
87 -257 0
90 -257 0
92 -257 0
94 -257 0
95 -257 0
2 -258 0
4 -258 0
6 -258 0
7 -258 0
10 -258 0
11 -258 0
13 -258 0
15 -258 0
18 -259 0
20 -259 0
22 -259 0
23 -259 0
26 -259 0
27 -259 0
29 -259 0
31 -259 0
34 -260 0
36 -260 0
38 -260 0
39 -260 0
42 -260 0
43 -260 0
45 -260 0
47 -260 0
50 -261 0
52 -261 0
54 -261 0
55 -261 0
58 -261 0
59 -261 0
61 -261 0
63 -261 0
66 -262 0
68 -262 0
70 -262 0
71 -262 0
74 -262 0
75 -262 0
77 -262 0
79 -262 0
82 -263 0
84 -263 0
86 -263 0
87 -263 0
90 -263 0
91 -263 0
93 -263 0
95 -263 0
1 -264 0
4 -264 0
5 -264 0
7 -264 0
9 -264 0
11 -264 0
14 -264 0
16 -264 0
17 -265 0
20 -265 0
21 -265 0
23 -265 0
25 -265 0
27 -265 0
30 -265 0
32 -265 0
33 -266 0
36 -266 0
37 -266 0
39 -266 0
41 -266 0
43 -266 0
46 -266 0
48 -266 0
49 -267 0
52 -267 0
53 -267 0
55 -267 0
57 -267 0
59 -267 0
62 -267 0
64 -267 0
65 -268 0
68 -268 0
69 -268 0
71 -268 0
73 -268 0
75 -268 0
78 -268 0
80 -268 0
81 -269 0
84 -269 0
85 -269 0
87 -269 0
89 -269 0
91 -269 0
94 -269 0
96 -269 0
2 -270 0
3 -270 0
6 -270 0
8 -270 0
9 -270 0
12 -270 0
13 -270 0
16 -270 0
18 -271 0
19 -271 0
22 -271 0
24 -271 0
25 -271 0
28 -271 0
29 -271 0
32 -271 0
34 -272 0
35 -272 0
38 -272 0
40 -272 0
41 -272 0
44 -272 0
45 -272 0
48 -272 0
50 -273 0
51 -273 0
54 -273 0
56 -273 0
57 -273 0
60 -273 0
61 -273 0
64 -273 0
66 -274 0
67 -274 0
70 -274 0
72 -274 0
73 -274 0
76 -274 0
77 -274 0
80 -274 0
82 -275 0
83 -275 0
86 -275 0
88 -275 0
89 -275 0
92 -275 0
93 -275 0
96 -275 0
1 -276 0
4 -276 0
5 -276 0
7 -276 0
10 -276 0
11 -276 0
14 -276 0
15 -276 0
17 -277 0
20 -277 0
21 -277 0
23 -277 0
26 -277 0
27 -277 0
30 -277 0
31 -277 0
33 -278 0
36 -278 0
37 -278 0
39 -278 0
42 -278 0
43 -278 0
46 -278 0
47 -278 0
49 -279 0
52 -279 0
53 -279 0
55 -279 0
58 -279 0
59 -279 0
62 -279 0
63 -279 0
65 -280 0
68 -280 0
69 -280 0
71 -280 0
74 -280 0
75 -280 0
78 -280 0
79 -280 0
81 -281 0
84 -281 0
85 -281 0
87 -281 0
90 -281 0
91 -281 0
94 -281 0
95 -281 0
1 -282 0
4 -282 0
6 -282 0
8 -282 0
10 -282 0
11 -282 0
14 -282 0
15 -282 0
17 -283 0
20 -283 0
22 -283 0
24 -283 0
26 -283 0
27 -283 0
30 -283 0
31 -283 0
33 -284 0
36 -284 0
38 -284 0
40 -284 0
42 -284 0
43 -284 0
46 -284 0
47 -284 0
49 -285 0
52 -285 0
54 -285 0
56 -285 0
58 -285 0
59 -285 0
62 -285 0
63 -285 0
65 -286 0
68 -286 0
70 -286 0
72 -286 0
74 -286 0
75 -286 0
78 -286 0
79 -286 0
81 -287 0
84 -287 0
86 -287 0
88 -287 0
90 -287 0
91 -287 0
94 -287 0
95 -287 0
1 -288 0
3 -288 0
6 -288 0
8 -288 0
10 -288 0
11 -288 0
14 -288 0
16 -288 0
17 -289 0
19 -289 0
22 -289 0
24 -289 0
26 -289 0
27 -289 0
30 -289 0
32 -289 0
33 -290 0
35 -290 0
38 -290 0
40 -290 0
42 -290 0
43 -290 0
46 -290 0
48 -290 0
49 -291 0
51 -291 0
54 -291 0
56 -291 0
58 -291 0
59 -291 0
62 -291 0
64 -291 0
65 -292 0
67 -292 0
70 -292 0
72 -292 0
74 -292 0
75 -292 0
78 -292 0
80 -292 0
81 -293 0
83 -293 0
86 -293 0
88 -293 0
90 -293 0
91 -293 0
94 -293 0
96 -293 0
1 -294 0
4 -294 0
6 -294 0
8 -294 0
10 -294 0
11 -294 0
13 -294 0
15 -294 0
17 -295 0
20 -295 0
22 -295 0
24 -295 0
26 -295 0
27 -295 0
29 -295 0
31 -295 0
33 -296 0
36 -296 0
38 -296 0
40 -296 0
42 -296 0
43 -296 0
45 -296 0
47 -296 0
49 -297 0
52 -297 0
54 -297 0
56 -297 0
58 -297 0
59 -297 0
61 -297 0
63 -297 0
65 -298 0
68 -298 0
70 -298 0
72 -298 0
74 -298 0
75 -298 0
77 -298 0
79 -298 0
81 -299 0
84 -299 0
86 -299 0
88 -299 0
90 -299 0
91 -299 0
93 -299 0
95 -299 0
2 -300 0
4 -300 0
5 -300 0
8 -300 0
10 -300 0
12 -300 0
14 -300 0
15 -300 0
18 -301 0
20 -301 0
21 -301 0
24 -301 0
26 -301 0
28 -301 0
30 -301 0
31 -301 0
34 -302 0
36 -302 0
37 -302 0
40 -302 0
42 -302 0
44 -302 0
46 -302 0
47 -302 0
50 -303 0
52 -303 0
53 -303 0
56 -303 0
58 -303 0
60 -303 0
62 -303 0
63 -303 0
66 -304 0
68 -304 0
69 -304 0
72 -304 0
74 -304 0
76 -304 0
78 -304 0
79 -304 0
82 -305 0
84 -305 0
85 -305 0
88 -305 0
90 -305 0
92 -305 0
94 -305 0
95 -305 0
2 -306 0
3 -306 0
5 -306 0
8 -306 0
9 -306 0
11 -306 0
14 -306 0
16 -306 0
18 -307 0
19 -307 0
21 -307 0
24 -307 0
25 -307 0
27 -307 0
30 -307 0
32 -307 0
34 -308 0
35 -308 0
37 -308 0
40 -308 0
41 -308 0
43 -308 0
46 -308 0
48 -308 0
50 -309 0
51 -309 0
53 -309 0
56 -309 0
57 -309 0
59 -309 0
62 -309 0
64 -309 0
66 -310 0
67 -310 0
69 -310 0
72 -310 0
73 -310 0
75 -310 0
78 -310 0
80 -310 0
82 -311 0
83 -311 0
85 -311 0
88 -311 0
89 -311 0
91 -311 0
94 -311 0
96 -311 0
2 -312 0
4 -312 0
6 -312 0
8 -312 0
10 -312 0
11 -312 0
14 -312 0
15 -312 0
18 -313 0
20 -313 0
22 -313 0
24 -313 0
26 -313 0
27 -313 0
30 -313 0
31 -313 0
34 -314 0
36 -314 0
38 -314 0
40 -314 0
42 -314 0
43 -314 0
46 -314 0
47 -314 0
50 -315 0
52 -315 0
54 -315 0
56 -315 0
58 -315 0
59 -315 0
62 -315 0
63 -315 0
66 -316 0
68 -316 0
70 -316 0
72 -316 0
74 -316 0
75 -316 0
78 -316 0
79 -316 0
82 -317 0
84 -317 0
86 -317 0
88 -317 0
90 -317 0
91 -317 0
94 -317 0
95 -317 0
1 -318 0
4 -318 0
5 -318 0
8 -318 0
10 -318 0
12 -318 0
13 -318 0
15 -318 0
17 -319 0
20 -319 0
21 -319 0
24 -319 0
26 -319 0
28 -319 0
29 -319 0
31 -319 0
33 -320 0
36 -320 0
37 -320 0
40 -320 0
42 -320 0
44 -320 0
45 -320 0
47 -320 0
49 -321 0
52 -321 0
53 -321 0
56 -321 0
58 -321 0
60 -321 0
61 -321 0
63 -321 0
65 -322 0
68 -322 0
69 -322 0
72 -322 0
74 -322 0
76 -322 0
77 -322 0
79 -322 0
81 -323 0
84 -323 0
85 -323 0
88 -323 0
90 -323 0
92 -323 0
93 -323 0
95 -323 0
1 -324 0
3 -324 0
6 -324 0
8 -324 0
10 -324 0
12 -324 0
14 -324 0
16 -324 0
17 -325 0
19 -325 0
22 -325 0
24 -325 0
26 -325 0
28 -325 0
30 -325 0
32 -325 0
33 -326 0
35 -326 0
38 -326 0
40 -326 0
42 -326 0
44 -326 0
46 -326 0
48 -326 0
49 -327 0
51 -327 0
54 -327 0
56 -327 0
58 -327 0
60 -327 0
62 -327 0
64 -327 0
65 -328 0
67 -328 0
70 -328 0
72 -328 0
74 -328 0
76 -328 0
78 -328 0
80 -328 0
81 -329 0
83 -329 0
86 -329 0
88 -329 0
90 -329 0
92 -329 0
94 -329 0
96 -329 0
2 -330 0
4 -330 0
6 -330 0
8 -330 0
9 -330 0
11 -330 0
13 -330 0
16 -330 0
18 -331 0
20 -331 0
22 -331 0
24 -331 0
25 -331 0
27 -331 0
29 -331 0
32 -331 0
34 -332 0
36 -332 0
38 -332 0
40 -332 0
41 -332 0
43 -332 0
45 -332 0
48 -332 0
50 -333 0
52 -333 0
54 -333 0
56 -333 0
57 -333 0
59 -333 0
61 -333 0
64 -333 0
66 -334 0
68 -334 0
70 -334 0
72 -334 0
73 -334 0
75 -334 0
77 -334 0
80 -334 0
82 -335 0
84 -335 0
86 -335 0
88 -335 0
89 -335 0
91 -335 0
93 -335 0
96 -335 0
2 -336 0
4 -336 0
6 -336 0
8 -336 0
10 -336 0
12 -336 0
13 -336 0
15 -336 0
18 -337 0
20 -337 0
22 -337 0
24 -337 0
26 -337 0
28 -337 0
29 -337 0
31 -337 0
34 -338 0
36 -338 0
38 -338 0
40 -338 0
42 -338 0
44 -338 0
45 -338 0
47 -338 0
50 -339 0
52 -339 0
54 -339 0
56 -339 0
58 -339 0
60 -339 0
61 -339 0
63 -339 0
66 -340 0
68 -340 0
70 -340 0
72 -340 0
74 -340 0
76 -340 0
77 -340 0
79 -340 0
82 -341 0
84 -341 0
86 -341 0
88 -341 0
90 -341 0
92 -341 0
93 -341 0
95 -341 0
2 -342 0
3 -342 0
6 -342 0
8 -342 0
10 -342 0
11 -342 0
14 -342 0
16 -342 0
18 -343 0
19 -343 0
22 -343 0
24 -343 0
26 -343 0
27 -343 0
30 -343 0
32 -343 0
34 -344 0
35 -344 0
38 -344 0
40 -344 0
42 -344 0
43 -344 0
46 -344 0
48 -344 0
50 -345 0
51 -345 0
54 -345 0
56 -345 0
58 -345 0
59 -345 0
62 -345 0
64 -345 0
66 -346 0
67 -346 0
70 -346 0
72 -346 0
74 -346 0
75 -346 0
78 -346 0
80 -346 0
82 0
83 0
86 0
88 0
90 0
91 0
94 0
96 0
1 -347 0
3 -347 0
5 -347 0
8 -347 0
9 -347 0
12 -347 0
14 -347 0
16 -347 0
17 -348 0
19 -348 0
21 -348 0
24 -348 0
25 -348 0
28 -348 0
30 -348 0
32 -348 0
33 -349 0
35 -349 0
37 -349 0
40 -349 0
41 -349 0
44 -349 0
46 -349 0
48 -349 0
49 -350 0
51 -350 0
53 -350 0
56 -350 0
57 -350 0
60 -350 0
62 -350 0
64 -350 0
65 -351 0
67 -351 0
69 -351 0
72 -351 0
73 -351 0
76 -351 0
78 -351 0
80 -351 0
81 -352 0
83 -352 0
85 -352 0
88 -352 0
89 -352 0
92 -352 0
94 -352 0
96 -352 0
1 -353 0
3 -353 0
5 -353 0
8 -353 0
10 -353 0
11 -353 0
13 -353 0
16 -353 0
17 -354 0
19 -354 0
21 -354 0
24 -354 0
26 -354 0
27 -354 0
29 -354 0
32 -354 0
33 -355 0
35 -355 0
37 -355 0
40 -355 0
42 -355 0
43 -355 0
45 -355 0
48 -355 0
49 -356 0
51 -356 0
53 -356 0
56 -356 0
58 -356 0
59 -356 0
61 -356 0
64 -356 0
65 -357 0
67 -357 0
69 -357 0
72 -357 0
74 -357 0
75 -357 0
77 -357 0
80 -357 0
81 -358 0
83 -358 0
85 -358 0
88 -358 0
90 -358 0
91 -358 0
93 -358 0
96 -358 0
2 -359 0
3 -359 0
5 -359 0
7 -359 0
10 -359 0
11 -359 0
14 -359 0
16 -359 0
18 -360 0
19 -360 0
21 -360 0
23 -360 0
26 -360 0
27 -360 0
30 -360 0
32 -360 0
34 -361 0
35 -361 0
37 -361 0
39 -361 0
42 -361 0
43 -361 0
46 -361 0
48 -361 0
50 -362 0
51 -362 0
53 -362 0
55 -362 0
58 -362 0
59 -362 0
62 -362 0
64 -362 0
66 -363 0
67 -363 0
69 -363 0
71 -363 0
74 -363 0
75 -363 0
78 -363 0
80 -363 0
82 -364 0
83 -364 0
85 -364 0
87 -364 0
90 -364 0
91 -364 0
94 -364 0
96 -364 0
2 -365 0
4 -365 0
6 -365 0
7 -365 0
9 -365 0
11 -365 0
14 -365 0
15 -365 0
18 -366 0
20 -366 0
22 -366 0
23 -366 0
25 -366 0
27 -366 0
30 -366 0
31 -366 0
34 -367 0
36 -367 0
38 -367 0
39 -367 0
41 -367 0
43 -367 0
46 -367 0
47 -367 0
50 -368 0
52 -368 0
54 -368 0
55 -368 0
57 -368 0
59 -368 0
62 -368 0
63 -368 0
66 -369 0
68 -369 0
70 -369 0
71 -369 0
73 -369 0
75 -369 0
78 -369 0
79 -369 0
82 -370 0
84 -370 0
86 -370 0
87 -370 0
89 -370 0
91 -370 0
94 -370 0
95 -370 0
1 -371 0
3 -371 0
6 -371 0
7 -371 0
9 -371 0
12 -371 0
13 -371 0
15 -371 0
17 -372 0
19 -372 0
22 -372 0
23 -372 0
25 -372 0
28 -372 0
29 -372 0
31 -372 0
33 0
35 0
38 0
39 0
41 0
44 0
45 0
47 0
49 -373 0
51 -373 0
54 -373 0
55 -373 0
57 -373 0
60 -373 0
61 -373 0
63 -373 0
65 -374 0
67 -374 0
70 -374 0
71 -374 0
73 -374 0
76 -374 0
77 -374 0
79 -374 0
81 -375 0
83 -375 0
86 -375 0
87 -375 0
89 -375 0
92 -375 0
93 -375 0
95 -375 0
2 -376 0
4 -376 0
6 -376 0
7 -376 0
9 -376 0
11 -376 0
14 -376 0
15 -376 0
18 -377 0
20 -377 0
22 -377 0
23 -377 0
25 -377 0
27 -377 0
30 -377 0
31 -377 0
34 -378 0
36 -378 0
38 -378 0
39 -378 0
41 -378 0
43 -378 0
46 -378 0
47 -378 0
50 -379 0
52 -379 0
54 -379 0
55 -379 0
57 -379 0
59 -379 0
62 -379 0
63 -379 0
66 -380 0
68 -380 0
70 -380 0
71 -380 0
73 -380 0
75 -380 0
78 -380 0
79 -380 0
82 -381 0
84 -381 0
86 -381 0
87 -381 0
89 -381 0
91 -381 0
94 -381 0
95 -381 0
1 -382 0
4 -382 0
6 -382 0
8 -382 0
10 -382 0
12 -382 0
13 -382 0
15 -382 0
17 -383 0
20 -383 0
22 -383 0
24 -383 0
26 -383 0
28 -383 0
29 -383 0
31 -383 0
33 -384 0
36 -384 0
38 -384 0
40 -384 0
42 -384 0
44 -384 0
45 -384 0
47 -384 0
49 -385 0
52 -385 0
54 -385 0
56 -385 0
58 -385 0
60 -385 0
61 -385 0
63 -385 0
65 -386 0
68 -386 0
70 -386 0
72 -386 0
74 -386 0
76 -386 0
77 -386 0
79 -386 0
81 -387 0
84 -387 0
86 -387 0
88 -387 0
90 -387 0
92 -387 0
93 -387 0
95 -387 0
2 -388 0
4 -388 0
6 -388 0
7 -388 0
10 -388 0
12 -388 0
13 -388 0
16 -388 0
18 -389 0
20 -389 0
22 -389 0
23 -389 0
26 -389 0
28 -389 0
29 -389 0
32 -389 0
34 -390 0
36 -390 0
38 -390 0
39 -390 0
42 -390 0
44 -390 0
45 -390 0
48 -390 0
50 -391 0
52 -391 0
54 -391 0
55 -391 0
58 -391 0
60 -391 0
61 -391 0
64 -391 0
66 -392 0
68 -392 0
70 -392 0
71 -392 0
74 -392 0
76 -392 0
77 -392 0
80 -392 0
82 -393 0
84 -393 0
86 -393 0
87 -393 0
90 -393 0
92 -393 0
93 -393 0
96 -393 0
2 -394 0
3 -394 0
5 -394 0
7 -394 0
9 -394 0
12 -394 0
13 -394 0
16 -394 0
18 -395 0
19 -395 0
21 -395 0
23 -395 0
25 -395 0
28 -395 0
29 -395 0
32 -395 0
34 -396 0
35 -396 0
37 -396 0
39 -396 0
41 -396 0
44 -396 0
45 -396 0
48 -396 0
50 -397 0
51 -397 0
53 -397 0
55 -397 0
57 -397 0
60 -397 0
61 -397 0
64 -397 0
66 -398 0
67 -398 0
69 -398 0
71 -398 0
73 -398 0
76 -398 0
77 -398 0
80 -398 0
82 -399 0
83 -399 0
85 -399 0
87 -399 0
89 -399 0
92 -399 0
93 -399 0
96 -399 0
2 -400 0
3 -400 0
5 -400 0
8 -400 0
10 -400 0
11 -400 0
13 -400 0
16 -400 0
18 -401 0
19 -401 0
21 -401 0
24 -401 0
26 -401 0
27 -401 0
29 -401 0
32 -401 0
34 -402 0
35 -402 0
37 -402 0
40 -402 0
42 -402 0
43 -402 0
45 -402 0
48 -402 0
50 -403 0
51 -403 0
53 -403 0
56 -403 0
58 -403 0
59 -403 0
61 -403 0
64 -403 0
66 -404 0
67 -404 0
69 -404 0
72 -404 0
74 -404 0
75 -404 0
77 -404 0
80 -404 0
82 -405 0
83 -405 0
85 -405 0
88 -405 0
90 -405 0
91 -405 0
93 -405 0
96 -405 0
1 -406 0
3 -406 0
6 -406 0
8 -406 0
9 -406 0
12 -406 0
13 -406 0
16 -406 0
17 -407 0
19 -407 0
22 -407 0
24 -407 0
25 -407 0
28 -407 0
29 -407 0
32 -407 0
33 -408 0
35 -408 0
38 -408 0
40 -408 0
41 -408 0
44 -408 0
45 -408 0
48 -408 0
49 -409 0
51 -409 0
54 -409 0
56 -409 0
57 -409 0
60 -409 0
61 -409 0
64 -409 0
65 -410 0
67 -410 0
70 -410 0
72 -410 0
73 -410 0
76 -410 0
77 -410 0
80 -410 0
1 -411 0
3 -411 0
6 -411 0
8 -411 0
10 -411 0
12 -411 0
14 -411 0
16 -411 0
17 -412 0
19 -412 0
22 -412 0
24 -412 0
26 -412 0
28 -412 0
30 -412 0
32 -412 0
33 -413 0
35 -413 0
38 -413 0
40 -413 0
42 -413 0
44 -413 0
46 -413 0
48 -413 0
49 -414 0
51 -414 0
54 -414 0
56 -414 0
58 -414 0
60 -414 0
62 -414 0
64 -414 0
65 -415 0
67 -415 0
70 -415 0
72 -415 0
74 -415 0
76 -415 0
78 -415 0
80 -415 0
81 -416 0
83 -416 0
86 -416 0
88 -416 0
90 -416 0
92 -416 0
94 -416 0
96 -416 0
2 -417 0
3 -417 0
5 -417 0
8 -417 0
10 -417 0
12 -417 0
14 -417 0
16 -417 0
18 -418 0
19 -418 0
21 -418 0
24 -418 0
26 -418 0
28 -418 0
30 -418 0
32 -418 0
34 -419 0
35 -419 0
37 -419 0
40 -419 0
42 -419 0
44 -419 0
46 -419 0
48 -419 0
50 -420 0
51 -420 0
53 -420 0
56 -420 0
58 -420 0
60 -420 0
62 -420 0
64 -420 0
66 -421 0
67 -421 0
69 -421 0
72 -421 0
74 -421 0
76 -421 0
78 -421 0
80 -421 0
82 -422 0
83 -422 0
85 -422 0
88 -422 0
90 -422 0
92 -422 0
94 -422 0
96 -422 0
2 -423 0
4 -423 0
6 -423 0
8 -423 0
10 -423 0
11 -423 0
13 -423 0
15 -423 0
18 -424 0
20 -424 0
22 -424 0
24 -424 0
26 -424 0
27 -424 0
29 -424 0
31 -424 0
34 -425 0
36 -425 0
38 -425 0
40 -425 0
42 -425 0
43 -425 0
45 -425 0
47 -425 0
50 -426 0
52 -426 0
54 -426 0
56 -426 0
58 -426 0
59 -426 0
61 -426 0
63 -426 0
66 -427 0
68 -427 0
70 -427 0
72 -427 0
74 -427 0
75 -427 0
77 -427 0
79 -427 0
82 -428 0
84 -428 0
86 -428 0
88 -428 0
90 -428 0
91 -428 0
93 -428 0
95 -428 0
1 -429 0
4 -429 0
6 -429 0
8 -429 0
9 -429 0
12 -429 0
13 -429 0
15 -429 0
17 -430 0
20 -430 0
22 -430 0
24 -430 0
25 -430 0
28 -430 0
29 -430 0
31 -430 0
33 -431 0
36 -431 0
38 -431 0
40 -431 0
41 -431 0
44 -431 0
45 -431 0
47 -431 0
49 -432 0
52 -432 0
54 -432 0
56 -432 0
57 -432 0
60 -432 0
61 -432 0
63 -432 0
65 -433 0
68 -433 0
70 -433 0
72 -433 0
73 -433 0
76 -433 0
77 -433 0
79 -433 0
81 -434 0
84 -434 0
86 -434 0
88 -434 0
89 -434 0
92 -434 0
93 -434 0
95 -434 0
2 -435 0
4 -435 0
6 -435 0
7 -435 0
9 -435 0
12 -435 0
13 -435 0
15 -435 0
18 -436 0
20 -436 0
22 -436 0
23 -436 0
25 -436 0
28 -436 0
29 -436 0
31 -436 0
34 -437 0
36 -437 0
38 -437 0
39 -437 0
41 -437 0
44 -437 0
45 -437 0
47 -437 0
50 -438 0
52 -438 0
54 -438 0
55 -438 0
57 -438 0
60 -438 0
61 -438 0
63 -438 0
66 -439 0
68 -439 0
70 -439 0
71 -439 0
73 -439 0
76 -439 0
77 -439 0
79 -439 0
82 -440 0
84 -440 0
86 -440 0
87 -440 0
89 -440 0
92 -440 0
93 -440 0
95 -440 0
1 -441 0
4 -441 0
5 -441 0
7 -441 0
10 -441 0
12 -441 0
13 -441 0
16 -441 0
17 -442 0
20 -442 0
21 -442 0
23 -442 0
26 -442 0
28 -442 0
29 -442 0
32 -442 0
33 -443 0
36 -443 0
37 -443 0
39 -443 0
42 -443 0
44 -443 0
45 -443 0
48 -443 0
49 -444 0
52 -444 0
53 -444 0
55 -444 0
58 -444 0
60 -444 0
61 -444 0
64 -444 0
65 -445 0
68 -445 0
69 -445 0
71 -445 0
74 -445 0
76 -445 0
77 -445 0
80 -445 0
81 -446 0
84 -446 0
85 -446 0
87 -446 0
90 -446 0
92 -446 0
93 -446 0
96 -446 0
1 -447 0
3 -447 0
6 -447 0
8 -447 0
9 -447 0
12 -447 0
14 -447 0
16 -447 0
17 -448 0
19 -448 0
22 -448 0
24 -448 0
25 -448 0
28 -448 0
30 -448 0
32 -448 0
33 -449 0
35 -449 0
38 -449 0
40 -449 0
41 -449 0
44 -449 0
46 -449 0
48 -449 0
49 -450 0
51 -450 0
54 -450 0
56 -450 0
57 -450 0
60 -450 0
62 -450 0
64 -450 0
65 -451 0
67 -451 0
70 -451 0
72 -451 0
73 -451 0
76 -451 0
78 -451 0
80 -451 0
81 -452 0
83 -452 0
86 -452 0
88 -452 0
89 -452 0
92 -452 0
94 -452 0
96 -452 0
1 -453 0
4 -453 0
6 -453 0
8 -453 0
9 -453 0
11 -453 0
13 -453 0
16 -453 0
17 -454 0
20 -454 0
22 -454 0
24 -454 0
25 -454 0
27 -454 0
29 -454 0
32 -454 0
33 -455 0
36 -455 0
38 -455 0
40 -455 0
41 -455 0
43 -455 0
45 -455 0
48 -455 0
49 -456 0
52 -456 0
54 -456 0
56 -456 0
57 -456 0
59 -456 0
61 -456 0
64 -456 0
65 -457 0
68 -457 0
70 -457 0
72 -457 0
73 -457 0
75 -457 0
77 -457 0
80 -457 0
81 -458 0
84 -458 0
86 -458 0
88 -458 0
89 -458 0
91 -458 0
93 -458 0
96 -458 0
1 -459 0
4 -459 0
5 -459 0
8 -459 0
9 -459 0
12 -459 0
14 -459 0
16 -459 0
17 -460 0
20 -460 0
21 -460 0
24 -460 0
25 -460 0
28 -460 0
30 -460 0
32 -460 0
33 -461 0
36 -461 0
37 -461 0
40 -461 0
41 -461 0
44 -461 0
46 -461 0
48 -461 0
49 -462 0
52 -462 0
53 -462 0
56 -462 0
57 -462 0
60 -462 0
62 -462 0
64 -462 0
65 -463 0
68 -463 0
69 -463 0
72 -463 0
73 -463 0
76 -463 0
78 -463 0
80 -463 0
81 -464 0
84 -464 0
85 -464 0
88 -464 0
89 -464 0
92 -464 0
94 -464 0
96 -464 0
2 -465 0
4 -465 0
6 -465 0
8 -465 0
10 -465 0
12 -465 0
13 -465 0
16 -465 0
18 -466 0
20 -466 0
22 -466 0
24 -466 0
26 -466 0
28 -466 0
29 -466 0
32 -466 0
34 -467 0
36 -467 0
38 -467 0
40 -467 0
42 -467 0
44 -467 0
45 -467 0
48 -467 0
50 -468 0
52 -468 0
54 -468 0
56 -468 0
58 -468 0
60 -468 0
61 -468 0
64 -468 0
66 -469 0
68 -469 0
70 -469 0
72 -469 0
74 -469 0
76 -469 0
77 -469 0
80 -469 0
82 -470 0
84 -470 0
86 -470 0
88 -470 0
90 -470 0
92 -470 0
93 -470 0
96 -470 0
2 -471 0
4 -471 0
5 -471 0
8 -471 0
10 -471 0
11 -471 0
13 -471 0
16 -471 0
18 -472 0
20 -472 0
21 -472 0
24 -472 0
26 -472 0
27 -472 0
29 -472 0
32 -472 0
34 -473 0
36 -473 0
37 -473 0
40 -473 0
42 -473 0
43 -473 0
45 -473 0
48 -473 0
50 -474 0
52 -474 0
53 -474 0
56 -474 0
58 -474 0
59 -474 0
61 -474 0
64 -474 0
82 -475 0
84 -475 0
85 -475 0
88 -475 0
90 -475 0
91 -475 0
93 -475 0
96 -475 0
2 -476 0
3 -476 0
6 -476 0
7 -476 0
9 -476 0
11 -476 0
13 -476 0
16 -476 0
18 -477 0
19 -477 0
22 -477 0
23 -477 0
25 -477 0
27 -477 0
29 -477 0
32 -477 0
34 -478 0
35 -478 0
38 -478 0
39 -478 0
41 -478 0
43 -478 0
45 -478 0
48 -478 0
50 0
51 0
54 0
55 0
57 0
59 0
61 0
64 0
66 -479 0
67 -479 0
70 -479 0
71 -479 0
73 -479 0
75 -479 0
77 -479 0
80 -479 0
82 -480 0
83 -480 0
86 -480 0
87 -480 0
89 -480 0
91 -480 0
93 -480 0
96 -480 0
2 -481 0
3 -481 0
6 -481 0
7 -481 0
9 -481 0
11 -481 0
14 -481 0
16 -481 0
18 -482 0
19 -482 0
22 -482 0
23 -482 0
25 -482 0
27 -482 0
30 -482 0
32 -482 0
34 -483 0
35 -483 0
38 -483 0
39 -483 0
41 -483 0
43 -483 0
46 -483 0
48 -483 0
50 -484 0
51 -484 0
54 -484 0
55 -484 0
57 -484 0
59 -484 0
62 -484 0
64 -484 0
66 -485 0
67 -485 0
70 -485 0
71 -485 0
73 -485 0
75 -485 0
78 -485 0
80 -485 0
82 -486 0
83 -486 0
86 -486 0
87 -486 0
89 -486 0
91 -486 0
94 -486 0
96 -486 0
2 -487 0
4 -487 0
6 -487 0
7 -487 0
10 -487 0
11 -487 0
14 -487 0
16 -487 0
18 -488 0
20 -488 0
22 -488 0
23 -488 0
26 -488 0
27 -488 0
30 -488 0
32 -488 0
34 -489 0
36 -489 0
38 -489 0
39 -489 0
42 -489 0
43 -489 0
46 -489 0
48 -489 0
50 -490 0
52 -490 0
54 -490 0
55 -490 0
58 -490 0
59 -490 0
62 -490 0
64 -490 0
66 -491 0
68 -491 0
70 -491 0
71 -491 0
74 -491 0
75 -491 0
78 -491 0
80 -491 0
82 -492 0
84 -492 0
86 -492 0
87 -492 0
90 -492 0
91 -492 0
94 -492 0
96 -492 0
2 -493 0
3 -493 0
6 -493 0
8 -493 0
10 -493 0
11 -493 0
13 -493 0
16 -493 0
18 -494 0
19 -494 0
22 -494 0
24 -494 0
26 -494 0
27 -494 0
29 -494 0
32 -494 0
34 -495 0
35 -495 0
38 -495 0
40 -495 0
42 -495 0
43 -495 0
45 -495 0
48 -495 0
50 -496 0
51 -496 0
54 -496 0
56 -496 0
58 -496 0
59 -496 0
61 -496 0
64 -496 0
66 -497 0
67 -497 0
70 -497 0
72 -497 0
74 -497 0
75 -497 0
77 -497 0
80 -497 0
82 -498 0
83 -498 0
86 -498 0
88 -498 0
90 -498 0
91 -498 0
93 -498 0
96 -498 0
2 -499 0
4 -499 0
5 -499 0
7 -499 0
10 -499 0
12 -499 0
14 -499 0
15 -499 0
18 -500 0
20 -500 0
21 -500 0
23 -500 0
26 -500 0
28 -500 0
30 -500 0
31 -500 0
34 -501 0
36 -501 0
37 -501 0
39 -501 0
42 -501 0
44 -501 0
46 -501 0
47 -501 0
50 -502 0
52 -502 0
53 -502 0
55 -502 0
58 -502 0
60 -502 0
62 -502 0
63 -502 0
66 -503 0
68 -503 0
69 -503 0
71 -503 0
74 -503 0
76 -503 0
78 -503 0
79 -503 0
82 -504 0
84 -504 0
85 -504 0
87 -504 0
90 -504 0
92 -504 0
94 -504 0
95 -504 0
1 -505 0
4 -505 0
6 -505 0
8 -505 0
9 -505 0
11 -505 0
13 -505 0
15 -505 0
17 -506 0
20 -506 0
22 -506 0
24 -506 0
25 -506 0
27 -506 0
29 -506 0
31 -506 0
33 -507 0
36 -507 0
38 -507 0
40 -507 0
41 -507 0
43 -507 0
45 -507 0
47 -507 0
49 -508 0
52 -508 0
54 -508 0
56 -508 0
57 -508 0
59 -508 0
61 -508 0
63 -508 0
65 -509 0
68 -509 0
70 -509 0
72 -509 0
73 -509 0
75 -509 0
77 -509 0
79 -509 0
81 -510 0
84 -510 0
86 -510 0
88 -510 0
89 -510 0
91 -510 0
93 -510 0
95 -510 0
1 -511 0
4 -511 0
6 -511 0
8 -511 0
9 -511 0
11 -511 0
14 -511 0
15 -511 0
17 -512 0
20 -512 0
22 -512 0
24 -512 0
25 -512 0
27 -512 0
30 -512 0
31 -512 0
33 -513 0
36 -513 0
38 -513 0
40 -513 0
41 -513 0
43 -513 0
46 -513 0
47 -513 0
49 -514 0
52 -514 0
54 -514 0
56 -514 0
57 -514 0
59 -514 0
62 -514 0
63 -514 0
65 -515 0
68 -515 0
70 -515 0
72 -515 0
73 -515 0
75 -515 0
78 -515 0
79 -515 0
81 -516 0
84 -516 0
86 -516 0
88 -516 0
89 -516 0
91 -516 0
94 -516 0
95 -516 0
2 -517 0
4 -517 0
5 -517 0
8 -517 0
10 -517 0
11 -517 0
13 -517 0
15 -517 0
18 -518 0
20 -518 0
21 -518 0
24 -518 0
26 -518 0
27 -518 0
29 -518 0
31 -518 0
34 -519 0
36 -519 0
37 -519 0
40 -519 0
42 -519 0
43 -519 0
45 -519 0
47 -519 0
50 -520 0
52 -520 0
53 -520 0
56 -520 0
58 -520 0
59 -520 0
61 -520 0
63 -520 0
66 -521 0
68 -521 0
69 -521 0
72 -521 0
74 -521 0
75 -521 0
77 -521 0
79 -521 0
82 -522 0
84 -522 0
85 -522 0
88 -522 0
90 -522 0
91 -522 0
93 -522 0
95 -522 0
1 -523 0
4 -523 0
6 -523 0
7 -523 0
10 -523 0
12 -523 0
13 -523 0
15 -523 0
17 -524 0
20 -524 0
22 -524 0
23 -524 0
26 -524 0
28 -524 0
29 -524 0
31 -524 0
33 -525 0
36 -525 0
38 -525 0
39 -525 0
42 -525 0
44 -525 0
45 -525 0
47 -525 0
49 -526 0
52 -526 0
54 -526 0
55 -526 0
58 -526 0
60 -526 0
61 -526 0
63 -526 0
65 -527 0
68 -527 0
70 -527 0
71 -527 0
74 -527 0
76 -527 0
77 -527 0
79 -527 0
81 -528 0
84 -528 0
86 -528 0
87 -528 0
90 -528 0
92 -528 0
93 -528 0
95 -528 0
1 -529 0
3 -529 0
5 -529 0
8 -529 0
9 -529 0
12 -529 0
14 -529 0
16 -529 0
17 -530 0
19 -530 0
21 -530 0
24 -530 0
25 -530 0
28 -530 0
30 -530 0
32 -530 0
33 -531 0
35 -531 0
37 -531 0
40 -531 0
41 -531 0
44 -531 0
46 -531 0
48 -531 0
49 -532 0
51 -532 0
53 -532 0
56 -532 0
57 -532 0
60 -532 0
62 -532 0
64 -532 0
65 -533 0
67 -533 0
69 -533 0
72 -533 0
73 -533 0
76 -533 0
78 -533 0
80 -533 0
81 -534 0
83 -534 0
85 -534 0
88 -534 0
89 -534 0
92 -534 0
94 -534 0
96 -534 0
2 -535 0
3 -535 0
5 -535 0
8 -535 0
9 -535 0
11 -535 0
13 -535 0
16 -535 0
18 -536 0
19 -536 0
21 -536 0
24 -536 0
25 -536 0
27 -536 0
29 -536 0
32 -536 0
34 -537 0
35 -537 0
37 -537 0
40 -537 0
41 -537 0
43 -537 0
45 -537 0
48 -537 0
50 -538 0
51 -538 0
53 -538 0
56 -538 0
57 -538 0
59 -538 0
61 -538 0
64 -538 0
66 -539 0
67 -539 0
69 -539 0
72 -539 0
73 -539 0
75 -539 0
77 -539 0
80 -539 0
82 -540 0
83 -540 0
85 -540 0
88 -540 0
89 -540 0
91 -540 0
93 -540 0
96 -540 0
18 -541 0
20 -541 0
21 -541 0
23 -541 0
25 -541 0
28 -541 0
29 -541 0
32 -541 0
34 -542 0
36 -542 0
37 -542 0
39 -542 0
41 -542 0
44 -542 0
45 -542 0
48 -542 0
50 -543 0
52 -543 0
53 -543 0
55 -543 0
57 -543 0
60 -543 0
61 -543 0
64 -543 0
66 -544 0
68 -544 0
69 -544 0
71 -544 0
73 -544 0
76 -544 0
77 -544 0
80 -544 0
82 -545 0
84 -545 0
85 -545 0
87 -545 0
89 -545 0
92 -545 0
93 -545 0
96 -545 0
1 -546 0
4 -546 0
6 -546 0
8 -546 0
9 -546 0
11 -546 0
14 -546 0
15 -546 0
17 -547 0
20 -547 0
22 -547 0
24 -547 0
25 -547 0
27 -547 0
30 -547 0
31 -547 0
33 -548 0
36 -548 0
38 -548 0
40 -548 0
41 -548 0
43 -548 0
46 -548 0
47 -548 0
49 -549 0
52 -549 0
54 -549 0
56 -549 0
57 -549 0
59 -549 0
62 -549 0
63 -549 0
65 -550 0
68 -550 0
70 -550 0
72 -550 0
73 -550 0
75 -550 0
78 -550 0
79 -550 0
81 -551 0
84 -551 0
86 -551 0
88 -551 0
89 -551 0
91 -551 0
94 -551 0
95 -551 0
1 -552 0
3 -552 0
6 -552 0
8 -552 0
9 -552 0
12 -552 0
13 -552 0
16 -552 0
17 -553 0
19 -553 0
22 -553 0
24 -553 0
25 -553 0
28 -553 0
29 -553 0
32 -553 0
33 -554 0
35 -554 0
38 -554 0
40 -554 0
41 -554 0
44 -554 0
45 -554 0
48 -554 0
49 -555 0
51 -555 0
54 -555 0
56 -555 0
57 -555 0
60 -555 0
61 -555 0
64 -555 0
65 -556 0
67 -556 0
70 -556 0
72 -556 0
73 -556 0
76 -556 0
77 -556 0
80 -556 0
81 -557 0
83 -557 0
86 -557 0
88 -557 0
89 -557 0
92 -557 0
93 -557 0
96 -557 0
1 -558 0
4 -558 0
5 -558 0
8 -558 0
9 -558 0
12 -558 0
13 -558 0
15 -558 0
17 -559 0
20 -559 0
21 -559 0
24 -559 0
25 -559 0
28 -559 0
29 -559 0
31 -559 0
33 -560 0
36 -560 0
37 -560 0
40 -560 0
41 -560 0
44 -560 0
45 -560 0
47 -560 0
49 -561 0
52 -561 0
53 -561 0
56 -561 0
57 -561 0
60 -561 0
61 -561 0
63 -561 0
65 -562 0
68 -562 0
69 -562 0
72 -562 0
73 -562 0
76 -562 0
77 -562 0
79 -562 0
81 -563 0
84 -563 0
85 -563 0
88 -563 0
89 -563 0
92 -563 0
93 -563 0
95 -563 0
1 -564 0
3 -564 0
5 -564 0
8 -564 0
10 -564 0
12 -564 0
13 -564 0
16 -564 0
17 -565 0
19 -565 0
21 -565 0
24 -565 0
26 -565 0
28 -565 0
29 -565 0
32 -565 0
33 -566 0
35 -566 0
37 -566 0
40 -566 0
42 -566 0
44 -566 0
45 -566 0
48 -566 0
49 -567 0
51 -567 0
53 -567 0
56 -567 0
58 -567 0
60 -567 0
61 -567 0
64 -567 0
65 -568 0
67 -568 0
69 -568 0
72 -568 0
74 -568 0
76 -568 0
77 -568 0
80 -568 0
81 -569 0
83 -569 0
85 -569 0
88 -569 0
90 -569 0
92 -569 0
93 -569 0
96 -569 0
2 -570 0
4 -570 0
6 -570 0
7 -570 0
9 -570 0
12 -570 0
13 -570 0
15 -570 0
18 -571 0
20 -571 0
22 -571 0
23 -571 0
25 -571 0
28 -571 0
29 -571 0
31 -571 0
34 -572 0
36 -572 0
38 -572 0
39 -572 0
41 -572 0
44 -572 0
45 -572 0
47 -572 0
50 -573 0
52 -573 0
54 -573 0
55 -573 0
57 -573 0
60 -573 0
61 -573 0
63 -573 0
66 -574 0
68 -574 0
70 -574 0
71 -574 0
73 -574 0
76 -574 0
77 -574 0
79 -574 0
82 -575 0
84 -575 0
86 -575 0
87 -575 0
89 -575 0
92 -575 0
93 -575 0
95 -575 0
2 -576 0
4 -576 0
5 -576 0
8 -576 0
9 -576 0
12 -576 0
13 -576 0
16 -576 0
18 -577 0
20 -577 0
21 -577 0
24 -577 0
25 -577 0
28 -577 0
29 -577 0
32 -577 0
34 -578 0
36 -578 0
37 -578 0
40 -578 0
41 -578 0
44 -578 0
45 -578 0
48 -578 0
50 -579 0
52 -579 0
53 -579 0
56 -579 0
57 -579 0
60 -579 0
61 -579 0
64 -579 0
66 -580 0
68 -580 0
69 -580 0
72 -580 0
73 -580 0
76 -580 0
77 -580 0
80 -580 0
82 -581 0
84 -581 0
85 -581 0
88 -581 0
89 -581 0
92 -581 0
93 -581 0
96 -581 0
1 -582 0
4 -582 0
6 -582 0
7 -582 0
9 -582 0
11 -582 0
14 -582 0
16 -582 0
17 -583 0
20 -583 0
22 -583 0
23 -583 0
25 -583 0
27 -583 0
30 -583 0
32 -583 0
33 -584 0
36 -584 0
38 -584 0
39 -584 0
41 -584 0
43 -584 0
46 -584 0
48 -584 0
49 -585 0
52 -585 0
54 -585 0
55 -585 0
57 -585 0
59 -585 0
62 -585 0
64 -585 0
65 -586 0
68 -586 0
70 -586 0
71 -586 0
73 -586 0
75 -586 0
78 -586 0
80 -586 0
81 -587 0
84 -587 0
86 -587 0
87 -587 0
89 -587 0
91 -587 0
94 -587 0
96 -587 0
2 -588 0
3 -588 0
6 -588 0
8 -588 0
9 -588 0
12 -588 0
14 -588 0
16 -588 0
18 -589 0
19 -589 0
22 -589 0
24 -589 0
25 -589 0
28 -589 0
30 -589 0
32 -589 0
34 -590 0
35 -590 0
38 -590 0
40 -590 0
41 -590 0
44 -590 0
46 -590 0
48 -590 0
50 -591 0
51 -591 0
54 -591 0
56 -591 0
57 -591 0
60 -591 0
62 -591 0
64 -591 0
66 -592 0
67 -592 0
70 -592 0
72 -592 0
73 -592 0
76 -592 0
78 -592 0
80 -592 0
82 -593 0
83 -593 0
86 -593 0
88 -593 0
89 -593 0
92 -593 0
94 -593 0
96 -593 0
1 -594 0
4 -594 0
5 -594 0
7 -594 0
9 -594 0
12 -594 0
13 -594 0
15 -594 0
17 -595 0
20 -595 0
21 -595 0
23 -595 0
25 -595 0
28 -595 0
29 -595 0
31 -595 0
33 -596 0
36 -596 0
37 -596 0
39 -596 0
41 -596 0
44 -596 0
45 -596 0
47 -596 0
49 -597 0
52 -597 0
53 -597 0
55 -597 0
57 -597 0
60 -597 0
61 -597 0
63 -597 0
65 -598 0
68 -598 0
69 -598 0
71 -598 0
73 -598 0
76 -598 0
77 -598 0
79 -598 0
81 -599 0
84 -599 0
85 -599 0
87 -599 0
89 -599 0
92 -599 0
93 -599 0
95 -599 0
1 -600 0
3 -600 0
6 -600 0
8 -600 0
9 -600 0
11 -600 0
14 -600 0
16 -600 0
17 -601 0
19 -601 0
22 -601 0
24 -601 0
25 -601 0
27 -601 0
30 -601 0
32 -601 0
33 -602 0
35 -602 0
38 -602 0
40 -602 0
41 -602 0
43 -602 0
46 -602 0
48 -602 0
49 -603 0
51 -603 0
54 -603 0
56 -603 0
57 -603 0
59 -603 0
62 -603 0
64 -603 0
65 -604 0
67 -604 0
70 -604 0
72 -604 0
73 -604 0
75 -604 0
78 -604 0
80 -604 0
81 -605 0
83 -605 0
86 -605 0
88 -605 0
89 -605 0
91 -605 0
94 -605 0
96 -605 0
1 -606 0
3 -606 0
6 -606 0
8 -606 0
9 -606 0
11 -606 0
13 -606 0
16 -606 0
17 -607 0
19 -607 0
22 -607 0
24 -607 0
25 -607 0
27 -607 0
29 -607 0
32 -607 0
33 -608 0
35 -608 0
38 -608 0
40 -608 0
41 -608 0
43 -608 0
45 -608 0
48 -608 0
49 -609 0
51 -609 0
54 -609 0
56 -609 0
57 -609 0
59 -609 0
61 -609 0
64 -609 0
65 -610 0
67 -610 0
70 -610 0
72 -610 0
73 -610 0
75 -610 0
77 -610 0
80 -610 0
81 -611 0
83 -611 0
86 -611 0
88 -611 0
89 -611 0
91 -611 0
93 -611 0
96 -611 0
2 -612 0
4 -612 0
6 -612 0
7 -612 0
9 -612 0
11 -612 0
14 -612 0
16 -612 0
18 -613 0
20 -613 0
22 -613 0
23 -613 0
25 -613 0
27 -613 0
30 -613 0
32 -613 0
34 -614 0
36 -614 0
38 -614 0
39 -614 0
41 -614 0
43 -614 0
46 -614 0
48 -614 0
50 -615 0
52 -615 0
54 -615 0
55 -615 0
57 -615 0
59 -615 0
62 -615 0
64 -615 0
82 -616 0
84 -616 0
86 -616 0
87 -616 0
89 -616 0
91 -616 0
94 -616 0
96 -616 0
2 -617 0
4 -617 0
5 -617 0
7 -617 0
10 -617 0
11 -617 0
13 -617 0
16 -617 0
18 -618 0
20 -618 0
21 -618 0
23 -618 0
26 -618 0
27 -618 0
29 -618 0
32 -618 0
34 -619 0
36 -619 0
37 -619 0
39 -619 0
42 -619 0
43 -619 0
45 -619 0
48 -619 0
50 -620 0
52 -620 0
53 -620 0
55 -620 0
58 -620 0
59 -620 0
61 -620 0
64 -620 0
66 -621 0
68 -621 0
69 -621 0
71 -621 0
74 -621 0
75 -621 0
77 -621 0
80 -621 0
82 -622 0
84 -622 0
85 -622 0
87 -622 0
90 -622 0
91 -622 0
93 -622 0
96 -622 0
1 -623 0
4 -623 0
5 -623 0
7 -623 0
10 -623 0
12 -623 0
14 -623 0
16 -623 0
17 -624 0
20 -624 0
21 -624 0
23 -624 0
26 -624 0
28 -624 0
30 -624 0
32 -624 0
33 -625 0
36 -625 0
37 -625 0
39 -625 0
42 -625 0
44 -625 0
46 -625 0
48 -625 0
49 -626 0
52 -626 0
53 -626 0
55 -626 0
58 -626 0
60 -626 0
62 -626 0
64 -626 0
65 -627 0
68 -627 0
69 -627 0
71 -627 0
74 -627 0
76 -627 0
78 -627 0
80 -627 0
81 -628 0
84 -628 0
85 -628 0
87 -628 0
90 -628 0
92 -628 0
94 -628 0
96 -628 0
2 -629 0
4 -629 0
6 -629 0
8 -629 0
10 -629 0
12 -629 0
14 -629 0
16 -629 0
18 -630 0
20 -630 0
22 -630 0
24 -630 0
26 -630 0
28 -630 0
30 -630 0
32 -630 0
34 -631 0
36 -631 0
38 -631 0
40 -631 0
42 -631 0
44 -631 0
46 -631 0
48 -631 0
50 -632 0
52 -632 0
54 -632 0
56 -632 0
58 -632 0
60 -632 0
62 -632 0
64 -632 0
66 -633 0
68 -633 0
70 -633 0
72 -633 0
74 -633 0
76 -633 0
78 -633 0
80 -633 0
82 -634 0
84 -634 0
86 -634 0
88 -634 0
90 -634 0
92 -634 0
94 -634 0
96 -634 0
2 -635 0
4 -635 0
6 -635 0
8 -635 0
10 -635 0
11 -635 0
13 -635 0
15 -635 0
18 -636 0
20 -636 0
22 -636 0
24 -636 0
26 -636 0
27 -636 0
29 -636 0
31 -636 0
34 -637 0
36 -637 0
38 -637 0
40 -637 0
42 -637 0
43 -637 0
45 -637 0
47 -637 0
50 -638 0
52 -638 0
54 -638 0
56 -638 0
58 -638 0
59 -638 0
61 -638 0
63 -638 0
66 -639 0
68 -639 0
70 -639 0
72 -639 0
74 -639 0
75 -639 0
77 -639 0
79 -639 0
82 -640 0
84 -640 0
86 -640 0
88 -640 0
90 -640 0
91 -640 0
93 -640 0
95 -640 0
2 -641 0
3 -641 0
5 -641 0
8 -641 0
10 -641 0
11 -641 0
14 -641 0
16 -641 0
18 -642 0
19 -642 0
21 -642 0
24 -642 0
26 -642 0
27 -642 0
30 -642 0
32 -642 0
34 -643 0
35 -643 0
37 -643 0
40 -643 0
42 -643 0
43 -643 0
46 -643 0
48 -643 0
50 -644 0
51 -644 0
53 -644 0
56 -644 0
58 -644 0
59 -644 0
62 -644 0
64 -644 0
66 -645 0
67 -645 0
69 -645 0
72 -645 0
74 -645 0
75 -645 0
78 -645 0
80 -645 0
82 -646 0
83 -646 0
85 -646 0
88 -646 0
90 -646 0
91 -646 0
94 -646 0
96 -646 0
1 -647 0
4 -647 0
5 -647 0
7 -647 0
9 -647 0
12 -647 0
13 -647 0
15 -647 0
17 -648 0
20 -648 0
21 -648 0
23 -648 0
25 -648 0
28 -648 0
29 -648 0
31 -648 0
33 -649 0
36 -649 0
37 -649 0
39 -649 0
41 -649 0
44 -649 0
45 -649 0
47 -649 0
49 -650 0
52 -650 0
53 -650 0
55 -650 0
57 -650 0
60 -650 0
61 -650 0
63 -650 0
65 -651 0
68 -651 0
69 -651 0
71 -651 0
73 -651 0
76 -651 0
77 -651 0
79 -651 0
81 -652 0
84 -652 0
85 -652 0
87 -652 0
89 -652 0
92 -652 0
93 -652 0
95 -652 0
1 -653 0
4 -653 0
6 -653 0
8 -653 0
9 -653 0
12 -653 0
14 -653 0
15 -653 0
17 -654 0
20 -654 0
22 -654 0
24 -654 0
25 -654 0
28 -654 0
30 -654 0
31 -654 0
33 -655 0
36 -655 0
38 -655 0
40 -655 0
41 -655 0
44 -655 0
46 -655 0
47 -655 0
49 -656 0
52 -656 0
54 -656 0
56 -656 0
57 -656 0
60 -656 0
62 -656 0
63 -656 0
65 -657 0
68 -657 0
70 -657 0
72 -657 0
73 -657 0
76 -657 0
78 -657 0
79 -657 0
81 -658 0
84 -658 0
86 -658 0
88 -658 0
89 -658 0
92 -658 0
94 -658 0
95 -658 0
2 -659 0
4 -659 0
5 -659 0
8 -659 0
9 -659 0
11 -659 0
14 -659 0
16 -659 0
18 -660 0
20 -660 0
21 -660 0
24 -660 0
25 -660 0
27 -660 0
30 -660 0
32 -660 0
34 -661 0
36 -661 0
37 -661 0
40 -661 0
41 -661 0
43 -661 0
46 -661 0
48 -661 0
50 -662 0
52 -662 0
53 -662 0
56 -662 0
57 -662 0
59 -662 0
62 -662 0
64 -662 0
66 -663 0
68 -663 0
69 -663 0
72 -663 0
73 -663 0
75 -663 0
78 -663 0
80 -663 0
82 -664 0
84 -664 0
85 -664 0
88 -664 0
89 -664 0
91 -664 0
94 -664 0
96 -664 0
1 -665 0
4 -665 0
5 -665 0
7 -665 0
10 -665 0
12 -665 0
13 -665 0
15 -665 0
17 -666 0
20 -666 0
21 -666 0
23 -666 0
26 -666 0
28 -666 0
29 -666 0
31 -666 0
33 -667 0
36 -667 0
37 -667 0
39 -667 0
42 -667 0
44 -667 0
45 -667 0
47 -667 0
49 -668 0
52 -668 0
53 -668 0
55 -668 0
58 -668 0
60 -668 0
61 -668 0
63 -668 0
65 -669 0
68 -669 0
69 -669 0
71 -669 0
74 -669 0
76 -669 0
77 -669 0
79 -669 0
81 -670 0
84 -670 0
85 -670 0
87 -670 0
90 -670 0
92 -670 0
93 -670 0
95 -670 0
1 -671 0
4 -671 0
5 -671 0
8 -671 0
9 -671 0
11 -671 0
14 -671 0
15 -671 0
17 -672 0
20 -672 0
21 -672 0
24 -672 0
25 -672 0
27 -672 0
30 -672 0
31 -672 0
33 -673 0
36 -673 0
37 -673 0
40 -673 0
41 -673 0
43 -673 0
46 -673 0
47 -673 0
49 -674 0
52 -674 0
53 -674 0
56 -674 0
57 -674 0
59 -674 0
62 -674 0
63 -674 0
65 -675 0
68 -675 0
69 -675 0
72 -675 0
73 -675 0
75 -675 0
78 -675 0
79 -675 0
81 -676 0
84 -676 0
85 -676 0
88 -676 0
89 -676 0
91 -676 0
94 -676 0
95 -676 0
2 -677 0
3 -677 0
5 -677 0
7 -677 0
10 -677 0
11 -677 0
13 -677 0
16 -677 0
18 -678 0
19 -678 0
21 -678 0
23 -678 0
26 -678 0
27 -678 0
29 -678 0
32 -678 0
34 -679 0
35 -679 0
37 -679 0
39 -679 0
42 -679 0
43 -679 0
45 -679 0
48 -679 0
50 -680 0
51 -680 0
53 -680 0
55 -680 0
58 -680 0
59 -680 0
61 -680 0
64 -680 0
66 -681 0
67 -681 0
69 -681 0
71 -681 0
74 -681 0
75 -681 0
77 -681 0
80 -681 0
82 -682 0
83 -682 0
85 -682 0
87 -682 0
90 -682 0
91 -682 0
93 -682 0
96 -682 0
2 -683 0
4 -683 0
6 -683 0
7 -683 0
10 -683 0
11 -683 0
13 -683 0
15 -683 0
18 -684 0
20 -684 0
22 -684 0
23 -684 0
26 -684 0
27 -684 0
29 -684 0
31 -684 0
34 -685 0
36 -685 0
38 -685 0
39 -685 0
42 -685 0
43 -685 0
45 -685 0
47 -685 0
50 -686 0
52 -686 0
54 -686 0
55 -686 0
58 -686 0
59 -686 0
61 -686 0
63 -686 0
66 -687 0
68 -687 0
70 -687 0
71 -687 0
74 -687 0
75 -687 0
77 -687 0
79 -687 0
82 -688 0
84 -688 0
86 -688 0
87 -688 0
90 -688 0
91 -688 0
93 -688 0
95 -688 0
2 -689 0
4 -689 0
6 -689 0
8 -689 0
10 -689 0
12 -689 0
14 -689 0
16 -689 0
18 -690 0
20 -690 0
22 -690 0
24 -690 0
26 -690 0
28 -690 0
30 -690 0
32 -690 0
34 -691 0
36 -691 0
38 -691 0
40 -691 0
42 -691 0
44 -691 0
46 -691 0
48 -691 0
50 -692 0
52 -692 0
54 -692 0
56 -692 0
58 -692 0
60 -692 0
62 -692 0
64 -692 0
66 -693 0
68 -693 0
70 -693 0
72 -693 0
74 -693 0
76 -693 0
78 -693 0
80 -693 0
82 -694 0
84 -694 0
86 -694 0
88 -694 0
90 -694 0
92 -694 0
94 -694 0
96 -694 0
2 -695 0
3 -695 0
5 -695 0
7 -695 0
10 -695 0
12 -695 0
13 -695 0
16 -695 0
18 -696 0
19 -696 0
21 -696 0
23 -696 0
26 -696 0
28 -696 0
29 -696 0
32 -696 0
34 -697 0
35 -697 0
37 -697 0
39 -697 0
42 -697 0
44 -697 0
45 -697 0
48 -697 0
50 -698 0
51 -698 0
53 -698 0
55 -698 0
58 -698 0
60 -698 0
61 -698 0
64 -698 0
66 -699 0
67 -699 0
69 -699 0
71 -699 0
74 -699 0
76 -699 0
77 -699 0
80 -699 0
82 -700 0
83 -700 0
85 -700 0
87 -700 0
90 -700 0
92 -700 0
93 -700 0
96 -700 0
1 -701 0
4 -701 0
5 -701 0
7 -701 0
9 -701 0
12 -701 0
13 -701 0
16 -701 0
17 -702 0
20 -702 0
21 -702 0
23 -702 0
25 -702 0
28 -702 0
29 -702 0
32 -702 0
33 -703 0
36 -703 0
37 -703 0
39 -703 0
41 -703 0
44 -703 0
45 -703 0
48 -703 0
49 -704 0
52 -704 0
53 -704 0
55 -704 0
57 -704 0
60 -704 0
61 -704 0
64 -704 0
65 -705 0
68 -705 0
69 -705 0
71 -705 0
73 -705 0
76 -705 0
77 -705 0
80 -705 0
81 -706 0
84 -706 0
85 -706 0
87 -706 0
89 -706 0
92 -706 0
93 -706 0
96 -706 0
1 -707 0
4 -707 0
6 -707 0
7 -707 0
9 -707 0
11 -707 0
13 -707 0
16 -707 0
17 -708 0
20 -708 0
22 -708 0
23 -708 0
25 -708 0
27 -708 0
29 -708 0
32 -708 0
33 -709 0
36 -709 0
38 -709 0
39 -709 0
41 -709 0
43 -709 0
45 -709 0
48 -709 0
49 -710 0
52 -710 0
54 -710 0
55 -710 0
57 -710 0
59 -710 0
61 -710 0
64 -710 0
65 -711 0
68 -711 0
70 -711 0
71 -711 0
73 -711 0
75 -711 0
77 -711 0
80 -711 0
81 -712 0
84 -712 0
86 -712 0
87 -712 0
89 -712 0
91 -712 0
93 -712 0
96 -712 0
2 -713 0
4 -713 0
6 -713 0
8 -713 0
10 -713 0
11 -713 0
13 -713 0
16 -713 0
18 -714 0
20 -714 0
22 -714 0
24 -714 0
26 -714 0
27 -714 0
29 -714 0
32 -714 0
34 -715 0
36 -715 0
38 -715 0
40 -715 0
42 -715 0
43 -715 0
45 -715 0
48 -715 0
50 -716 0
52 -716 0
54 -716 0
56 -716 0
58 -716 0
59 -716 0
61 -716 0
64 -716 0
66 -717 0
68 -717 0
70 -717 0
72 -717 0
74 -717 0
75 -717 0
77 -717 0
80 -717 0
82 -718 0
84 -718 0
86 -718 0
88 -718 0
90 -718 0
91 -718 0
93 -718 0
96 -718 0
1 -719 0
4 -719 0
5 -719 0
7 -719 0
9 -719 0
12 -719 0
14 -719 0
16 -719 0
17 -720 0
20 -720 0
21 -720 0
23 -720 0
25 -720 0
28 -720 0
30 -720 0
32 -720 0
33 -721 0
36 -721 0
37 -721 0
39 -721 0
41 -721 0
44 -721 0
46 -721 0
48 -721 0
49 -722 0
52 -722 0
53 -722 0
55 -722 0
57 -722 0
60 -722 0
62 -722 0
64 -722 0
65 -723 0
68 -723 0
69 -723 0
71 -723 0
73 -723 0
76 -723 0
78 -723 0
80 -723 0
81 -724 0
84 -724 0
85 -724 0
87 -724 0
89 -724 0
92 -724 0
94 -724 0
96 -724 0
2 -725 0
4 -725 0
6 -725 0
8 -725 0
9 -725 0
12 -725 0
14 -725 0
16 -725 0
18 -726 0
20 -726 0
22 -726 0
24 -726 0
25 -726 0
28 -726 0
30 -726 0
32 -726 0
34 -727 0
36 -727 0
38 -727 0
40 -727 0
41 -727 0
44 -727 0
46 -727 0
48 -727 0
50 -728 0
52 -728 0
54 -728 0
56 -728 0
57 -728 0
60 -728 0
62 -728 0
64 -728 0
66 -729 0
68 -729 0
70 -729 0
72 -729 0
73 -729 0
76 -729 0
78 -729 0
80 -729 0
82 -730 0
84 -730 0
86 -730 0
88 -730 0
89 -730 0
92 -730 0
94 -730 0
96 -730 0
1 -731 0
4 -731 0
6 -731 0
7 -731 0
9 -731 0
12 -731 0
14 -731 0
15 -731 0
17 -732 0
20 -732 0
22 -732 0
23 -732 0
25 -732 0
28 -732 0
30 -732 0
31 -732 0
33 -733 0
36 -733 0
38 -733 0
39 -733 0
41 -733 0
44 -733 0
46 -733 0
47 -733 0
49 -734 0
52 -734 0
54 -734 0
55 -734 0
57 -734 0
60 -734 0
62 -734 0
63 -734 0
65 -735 0
68 -735 0
70 -735 0
71 -735 0
73 -735 0
76 -735 0
78 -735 0
79 -735 0
81 -736 0
84 -736 0
86 -736 0
87 -736 0
89 -736 0
92 -736 0
94 -736 0
95 -736 0
1 -737 0
3 -737 0
6 -737 0
8 -737 0
9 -737 0
12 -737 0
14 -737 0
16 -737 0
17 -738 0
19 -738 0
22 -738 0
24 -738 0
25 -738 0
28 -738 0
30 -738 0
32 -738 0
33 -739 0
35 -739 0
38 -739 0
40 -739 0
41 -739 0
44 -739 0
46 -739 0
48 -739 0
49 -740 0
51 -740 0
54 -740 0
56 -740 0
57 -740 0
60 -740 0
62 -740 0
64 -740 0
65 -741 0
67 -741 0
70 -741 0
72 -741 0
73 -741 0
76 -741 0
78 -741 0
80 -741 0
81 -742 0
83 -742 0
86 -742 0
88 -742 0
89 -742 0
92 -742 0
94 -742 0
96 -742 0
1 -743 0
4 -743 0
5 -743 0
8 -743 0
10 -743 0
11 -743 0
13 -743 0
16 -743 0
17 -744 0
20 -744 0
21 -744 0
24 -744 0
26 -744 0
27 -744 0
29 -744 0
32 -744 0
33 -745 0
36 -745 0
37 -745 0
40 -745 0
42 -745 0
43 -745 0
45 -745 0
48 -745 0
49 -746 0
52 -746 0
53 -746 0
56 -746 0
58 -746 0
59 -746 0
61 -746 0
64 -746 0
65 -747 0
68 -747 0
69 -747 0
72 -747 0
74 -747 0
75 -747 0
77 -747 0
80 -747 0
81 -748 0
84 -748 0
85 -748 0
88 -748 0
90 -748 0
91 -748 0
93 -748 0
96 -748 0
2 -749 0
4 -749 0
6 -749 0
8 -749 0
9 -749 0
12 -749 0
14 -749 0
16 -749 0
18 -750 0
20 -750 0
22 -750 0
24 -750 0
25 -750 0
28 -750 0
30 -750 0
32 -750 0
34 -751 0
36 -751 0
38 -751 0
40 -751 0
41 -751 0
44 -751 0
46 -751 0
48 -751 0
50 -752 0
52 -752 0
54 -752 0
56 -752 0
57 -752 0
60 -752 0
62 -752 0
64 -752 0
66 -753 0
68 -753 0
70 -753 0
72 -753 0
73 -753 0
76 -753 0
78 -753 0
80 -753 0
82 -754 0
84 -754 0
86 -754 0
88 -754 0
89 -754 0
92 -754 0
94 -754 0
96 -754 0
1 -755 0
4 -755 0
6 -755 0
8 -755 0
10 -755 0
12 -755 0
14 -755 0
15 -755 0
17 -756 0
20 -756 0
22 -756 0
24 -756 0
26 -756 0
28 -756 0
30 -756 0
31 -756 0
33 -757 0
36 -757 0
38 -757 0
40 -757 0
42 -757 0
44 -757 0
46 -757 0
47 -757 0
49 -758 0
52 -758 0
54 -758 0
56 -758 0
58 -758 0
60 -758 0
62 -758 0
63 -758 0
65 -759 0
68 -759 0
70 -759 0
72 -759 0
74 -759 0
76 -759 0
78 -759 0
79 -759 0
81 -760 0
84 -760 0
86 -760 0
88 -760 0
90 -760 0
92 -760 0
94 -760 0
95 -760 0
2 -761 0
3 -761 0
6 -761 0
8 -761 0
10 -761 0
12 -761 0
14 -761 0
16 -761 0
18 -762 0
19 -762 0
22 -762 0
24 -762 0
26 -762 0
28 -762 0
30 -762 0
32 -762 0
34 -763 0
35 -763 0
38 -763 0
40 -763 0
42 -763 0
44 -763 0
46 -763 0
48 -763 0
50 -764 0
51 -764 0
54 -764 0
56 -764 0
58 -764 0
60 -764 0
62 -764 0
64 -764 0
66 -765 0
67 -765 0
70 -765 0
72 -765 0
74 -765 0
76 -765 0
78 -765 0
80 -765 0
82 -766 0
83 -766 0
86 -766 0
88 -766 0
90 -766 0
92 -766 0
94 -766 0
96 -766 0
2 -767 0
3 -767 0
5 -767 0
8 -767 0
10 -767 0
12 -767 0
13 -767 0
16 -767 0
18 -768 0
19 -768 0
21 -768 0
24 -768 0
26 -768 0
28 -768 0
29 -768 0
32 -768 0
34 -769 0
35 -769 0
37 -769 0
40 -769 0
42 -769 0
44 -769 0
45 -769 0
48 -769 0
50 -770 0
51 -770 0
53 -770 0
56 -770 0
58 -770 0
60 -770 0
61 -770 0
64 -770 0
66 -771 0
67 -771 0
69 -771 0
72 -771 0
74 -771 0
76 -771 0
77 -771 0
80 -771 0
82 -772 0
83 -772 0
85 -772 0
88 -772 0
90 -772 0
92 -772 0
93 -772 0
96 -772 0
1 -773 0
4 -773 0
5 -773 0
7 -773 0
10 -773 0
11 -773 0
13 -773 0
15 -773 0
17 -774 0
20 -774 0
21 -774 0
23 -774 0
26 -774 0
27 -774 0
29 -774 0
31 -774 0
33 -775 0
36 -775 0
37 -775 0
39 -775 0
42 -775 0
43 -775 0
45 -775 0
47 -775 0
49 -776 0
52 -776 0
53 -776 0
55 -776 0
58 -776 0
59 -776 0
61 -776 0
63 -776 0
65 -777 0
68 -777 0
69 -777 0
71 -777 0
74 -777 0
75 -777 0
77 -777 0
79 -777 0
81 -778 0
84 -778 0
85 -778 0
87 -778 0
90 -778 0
91 -778 0
93 -778 0
95 -778 0
2 -779 0
4 -779 0
5 -779 0
8 -779 0
9 -779 0
11 -779 0
13 -779 0
16 -779 0
18 -780 0
20 -780 0
21 -780 0
24 -780 0
25 -780 0
27 -780 0
29 -780 0
32 -780 0
34 -781 0
36 -781 0
37 -781 0
40 -781 0
41 -781 0
43 -781 0
45 -781 0
48 -781 0
50 -782 0
52 -782 0
53 -782 0
56 -782 0
57 -782 0
59 -782 0
61 -782 0
64 -782 0
66 -783 0
68 -783 0
69 -783 0
72 -783 0
73 -783 0
75 -783 0
77 -783 0
80 -783 0
82 -784 0
84 -784 0
85 -784 0
88 -784 0
89 -784 0
91 -784 0
93 -784 0
96 -784 0
2 -785 0
4 -785 0
5 -785 0
7 -785 0
9 -785 0
11 -785 0
13 -785 0
16 -785 0
18 -786 0
20 -786 0
21 -786 0
23 -786 0
25 -786 0
27 -786 0
29 -786 0
32 -786 0
34 -787 0
36 -787 0
37 -787 0
39 -787 0
41 -787 0
43 -787 0
45 -787 0
48 -787 0
50 -788 0
52 -788 0
53 -788 0
55 -788 0
57 -788 0
59 -788 0
61 -788 0
64 -788 0
66 -789 0
68 -789 0
69 -789 0
71 -789 0
73 -789 0
75 -789 0
77 -789 0
80 -789 0
82 -790 0
84 -790 0
85 -790 0
87 -790 0
89 -790 0
91 -790 0
93 -790 0
96 -790 0
2 -791 0
4 -791 0
5 -791 0
7 -791 0
9 -791 0
11 -791 0
13 -791 0
16 -791 0
18 -792 0
20 -792 0
21 -792 0
23 -792 0
25 -792 0
27 -792 0
29 -792 0
32 -792 0
34 -793 0
36 -793 0
37 -793 0
39 -793 0
41 -793 0
43 -793 0
45 -793 0
48 -793 0
50 -794 0
52 -794 0
53 -794 0
55 -794 0
57 -794 0
59 -794 0
61 -794 0
64 -794 0
66 -795 0
68 -795 0
69 -795 0
71 -795 0
73 -795 0
75 -795 0
77 -795 0
80 -795 0
82 -796 0
84 -796 0
85 -796 0
87 -796 0
89 -796 0
91 -796 0
93 -796 0
96 -796 0
1 -797 0
3 -797 0
6 -797 0
8 -797 0
10 -797 0
12 -797 0
13 -797 0
16 -797 0
17 -798 0
19 -798 0
22 -798 0
24 -798 0
26 -798 0
28 -798 0
29 -798 0
32 -798 0
33 -799 0
35 -799 0
38 -799 0
40 -799 0
42 -799 0
44 -799 0
45 -799 0
48 -799 0
49 -800 0
51 -800 0
54 -800 0
56 -800 0
58 -800 0
60 -800 0
61 -800 0
64 -800 0
65 -801 0
67 -801 0
70 -801 0
72 -801 0
74 -801 0
76 -801 0
77 -801 0
80 -801 0
81 -802 0
83 -802 0
86 -802 0
88 -802 0
90 -802 0
92 -802 0
93 -802 0
96 -802 0
1 -803 0
4 -803 0
5 -803 0
8 -803 0
9 -803 0
12 -803 0
14 -803 0
16 -803 0
17 -804 0
20 -804 0
21 -804 0
24 -804 0
25 -804 0
28 -804 0
30 -804 0
32 -804 0
33 -805 0
36 -805 0
37 -805 0
40 -805 0
41 -805 0
44 -805 0
46 -805 0
48 -805 0
49 -806 0
52 -806 0
53 -806 0
56 -806 0
57 -806 0
60 -806 0
62 -806 0
64 -806 0
65 -807 0
68 -807 0
69 -807 0
72 -807 0
73 -807 0
76 -807 0
78 -807 0
80 -807 0
81 -808 0
84 -808 0
85 -808 0
88 -808 0
89 -808 0
92 -808 0
94 -808 0
96 -808 0
97 98 99 100 101 102 0
103 104 105 106 107 108 0
109 110 111 112 113 114 0
115 116 117 118 119 120 0
121 122 123 124 125 126 0
127 128 129 130 131 132 0
133 134 135 136 137 138 0
139 140 141 142 143 144 0
145 146 147 148 149 150 0
156 157 158 159 160 161 0
162 163 164 165 166 167 0
168 169 170 171 172 173 0
174 175 176 177 178 179 0
180 181 182 183 184 185 0
186 187 188 189 190 191 0
192 193 194 195 196 197 0
198 199 200 201 202 203 0
204 205 206 207 208 209 0
210 211 212 213 214 215 0
216 217 218 219 220 221 0
222 223 224 225 226 227 0
228 229 230 231 232 233 0
234 235 236 237 238 239 0
240 241 242 243 244 245 0
246 247 248 249 250 251 0
252 253 254 255 256 257 0
258 259 260 261 262 263 0
264 265 266 267 268 269 0
270 271 272 273 274 275 0
276 277 278 279 280 281 0
282 283 284 285 286 287 0
288 289 290 291 292 293 0
294 295 296 297 298 299 0
300 301 302 303 304 305 0
306 307 308 309 310 311 0
312 313 314 315 316 317 0
318 319 320 321 322 323 0
324 325 326 327 328 329 0
330 331 332 333 334 335 0
336 337 338 339 340 341 0
347 348 349 350 351 352 0
353 354 355 356 357 358 0
359 360 361 362 363 364 0
365 366 367 368 369 370 0
376 377 378 379 380 381 0
382 383 384 385 386 387 0
388 389 390 391 392 393 0
394 395 396 397 398 399 0
400 401 402 403 404 405 0
406 407 408 409 410 0
411 412 413 414 415 416 0
417 418 419 420 421 422 0
423 424 425 426 427 428 0
429 430 431 432 433 434 0
435 436 437 438 439 440 0
441 442 443 444 445 446 0
447 448 449 450 451 452 0
453 454 455 456 457 458 0
459 460 461 462 463 464 0
465 466 467 468 469 470 0
471 472 473 474 475 0
481 482 483 484 485 486 0
487 488 489 490 491 492 0
493 494 495 496 497 498 0
499 500 501 502 503 504 0
505 506 507 508 509 510 0
511 512 513 514 515 516 0
517 518 519 520 521 522 0
523 524 525 526 527 528 0
529 530 531 532 533 534 0
535 536 537 538 539 540 0
541 542 543 544 545 0
546 547 548 549 550 551 0
552 553 554 555 556 557 0
558 559 560 561 562 563 0
564 565 566 567 568 569 0
570 571 572 573 574 575 0
576 577 578 579 580 581 0
582 583 584 585 586 587 0
588 589 590 591 592 593 0
594 595 596 597 598 599 0
600 601 602 603 604 605 0
606 607 608 609 610 611 0
612 613 614 615 616 0
617 618 619 620 621 622 0
623 624 625 626 627 628 0
629 630 631 632 633 634 0
635 636 637 638 639 640 0
641 642 643 644 645 646 0
647 648 649 650 651 652 0
653 654 655 656 657 658 0
659 660 661 662 663 664 0
665 666 667 668 669 670 0
671 672 673 674 675 676 0
677 678 679 680 681 682 0
683 684 685 686 687 688 0
689 690 691 692 693 694 0
695 696 697 698 699 700 0
701 702 703 704 705 706 0
707 708 709 710 711 712 0
713 714 715 716 717 718 0
719 720 721 722 723 724 0
725 726 727 728 729 730 0
731 732 733 734 735 736 0
737 738 739 740 741 742 0
743 744 745 746 747 748 0
749 750 751 752 753 754 0
755 756 757 758 759 760 0
761 762 763 764 765 766 0
767 768 769 770 771 772 0
773 774 775 776 777 778 0
779 780 781 782 783 784 0
785 786 787 788 789 790 0
791 792 793 794 795 796 0
797 798 799 800 801 802 0
803 804 805 806 807 808 0
