p cnf 815 6100
1 2 0
3 4 0
5 6 0
7 8 0
9 10 0
11 12 0
13 14 0
15 16 0
17 18 0
19 20 0
21 22 0
23 24 0
25 26 0
27 28 0
29 30 0
31 32 0
33 34 0
35 36 0
37 38 0
39 40 0
41 42 0
43 44 0
45 46 0
47 48 0
49 50 0
51 52 0
53 54 0
55 56 0
57 58 0
59 60 0
61 62 0
63 64 0
65 66 0
67 68 0
69 70 0
71 72 0
73 74 0
75 76 0
77 78 0
79 80 0
81 82 0
83 84 0
85 86 0
87 88 0
89 90 0
91 92 0
93 94 0
95 96 0
-2 -3 -6 -7 -10 -12 -13 -15 0
-18 -19 -22 -23 -26 -28 -29 -31 0
-34 -35 -38 -39 -42 -44 -45 -47 0
-50 -51 -54 -55 -58 -60 -61 -63 0
-66 -67 -70 -71 -74 -76 -77 -79 0
-82 -83 -86 -87 -90 -92 -93 -95 0
-1 -3 -6 -7 -10 -11 -14 -15 0
-17 -19 -22 -23 -26 -27 -30 -31 0
-33 -35 -38 -39 -42 -43 -46 -47 0
-49 -51 -54 -55 -58 -59 -62 -63 0
-65 -67 -70 -71 -74 -75 -78 -79 0
-81 -83 -86 -87 -90 -91 -94 -95 0
-1 -3 -5 -8 -9 -12 -13 -15 0
-17 -19 -21 -24 -25 -28 -29 -31 0
-33 -35 -37 -40 -41 -44 -45 -47 0
-49 -51 -53 -56 -57 -60 -61 -63 0
-65 -67 -69 -72 -73 -76 -77 -79 0
-81 -83 -85 -88 -89 -92 -93 -95 0
-2 -3 -5 -8 -9 -12 -14 -15 0
-18 -19 -21 -24 -25 -28 -30 -31 0
-34 -35 -37 -40 -41 -44 -46 -47 0
-50 -51 -53 -56 -57 -60 -62 -63 0
-66 -67 -69 -72 -73 -76 -78 -79 0
-82 -83 -85 -88 -89 -92 -94 -95 0
-1 -3 -5 -8 -10 -12 -13 -15 0
-17 -19 -21 -24 -26 -28 -29 -31 0
-33 -35 -37 -40 -42 -44 -45 -47 0
-49 -51 -53 -56 -58 -60 -61 -63 0
-65 -67 -69 -72 -74 -76 -77 -79 0
-81 -83 -85 -88 -90 -92 -93 -95 0
-2 -3 -5 -7 -10 -12 -13 -15 0
-18 -19 -21 -23 -26 -28 -29 -31 0
-34 -35 -37 -39 -42 -44 -45 -47 0
-50 -51 -53 -55 -58 -60 -61 -63 0
-66 -67 -69 -71 -74 -76 -77 -79 0
-82 -83 -85 -87 -90 -92 -93 -95 0
-2 -3 -5 -8 -10 -11 -13 -15 0
-18 -19 -21 -24 -26 -27 -29 -31 0
-34 -35 -37 -40 -42 -43 -45 -47 0
-50 -51 -53 -56 -58 -59 -61 -63 0
-66 -67 -69 -72 -74 -75 -77 -79 0
-82 -83 -85 -88 -90 -91 -93 -95 0
-2 -3 -5 -8 -10 -11 -13 -15 0
-18 -19 -21 -24 -26 -27 -29 -31 0
-34 -35 -37 -40 -42 -43 -45 -47 0
-50 -51 -53 -56 -58 -59 -61 -63 0
-66 -67 -69 -72 -74 -75 -77 -79 0
-82 -83 -85 -88 -90 -91 -93 -95 0
-2 -3 -6 -7 -10 -12 -14 -15 0
-18 -19 -22 -23 -26 -28 -30 -31 0
-34 -35 -38 -39 -42 -44 -46 -47 0
-50 -51 -54 -55 -58 -60 -62 -63 0
-66 -67 -70 -71 -74 -76 -78 -79 0
-82 -83 -86 -87 -90 -92 -94 -95 0
-2 -3 -6 -7 -10 -11 -13 -15 0
-18 -19 -22 -23 -26 -27 -29 -31 0
-34 -35 -38 -39 -42 -43 -45 -47 0
-50 -51 -54 -55 -58 -59 -61 -63 0
-66 -67 -70 -71 -74 -75 -77 -79 0
-82 -83 -86 -87 -90 -91 -93 -95 0
-2 -3 -6 -7 -9 -11 -13 -15 0
-18 -19 -22 -23 -25 -27 -29 -31 0
-34 -35 -38 -39 -41 -43 -45 -47 0
-50 -51 -54 -55 -57 -59 -61 -63 0
-66 -67 -70 -71 -73 -75 -77 -79 0
-82 -83 -86 -87 -89 -91 -93 -95 0
-2 -3 -5 -7 -10 -12 -13 -15 0
-18 -19 -21 -23 -26 -28 -29 -31 0
-34 -35 -37 -39 -42 -44 -45 -47 0
-50 -51 -53 -55 -58 -60 -61 -63 0
-66 -67 -69 -71 -74 -76 -77 -79 0
-82 -83 -85 -87 -90 -92 -93 -95 0
-1 -3 -6 -8 -10 -12 -14 -15 0
-17 -19 -22 -24 -26 -28 -30 -31 0
-33 -35 -38 -40 -42 -44 -46 -47 0
-49 -51 -54 -56 -58 -60 -62 -63 0
-65 -67 -70 -72 -74 -76 -78 -79 0
-81 -83 -86 -88 -90 -92 -94 -95 0
-1 -3 -5 -7 -10 -11 -13 -15 0
-17 -19 -21 -23 -26 -27 -29 -31 0
-33 -35 -37 -39 -42 -43 -45 -47 0
-49 -51 -53 -55 -58 -59 -61 -63 0
-65 -67 -69 -71 -74 -75 -77 -79 0
-81 -83 -85 -87 -90 -91 -93 -95 0
-1 -3 -6 -7 -9 -11 -13 -15 0
-17 -19 -22 -23 -25 -27 -29 -31 0
-33 -35 -38 -39 -41 -43 -45 -47 0
-49 -51 -54 -55 -57 -59 -61 -63 0
-65 -67 -70 -71 -73 -75 -77 -79 0
-81 -83 -86 -87 -89 -91 -93 -95 0
-2 -3 -6 -8 -9 -12 -14 -15 0
-18 -19 -22 -24 -25 -28 -30 -31 0
-34 -35 -38 -40 -41 -44 -46 -47 0
-50 -51 -54 -56 -57 -60 -62 -63 0
-66 -67 -70 -72 -73 -76 -78 -79 0
-82 -83 -86 -88 -89 -92 -94 -95 0
-1 -3 -6 -7 -9 -11 -14 -15 0
-17 -19 -22 -23 -25 -27 -30 -31 0
-33 -35 -38 -39 -41 -43 -46 -47 0
-49 -51 -54 -55 -57 -59 -62 -63 0
-65 -67 -70 -71 -73 -75 -78 -79 0
-81 -83 -86 -87 -89 -91 -94 -95 0
-2 -3 -6 -7 -10 -11 -14 -15 0
-18 -19 -22 -23 -26 -27 -30 -31 0
-34 -35 -38 -39 -42 -43 -46 -47 0
-50 -51 -54 -55 -58 -59 -62 -63 0
-66 -67 -70 -71 -74 -75 -78 -79 0
-82 -83 -86 -87 -90 -91 -94 -95 0
-1 -3 -6 -8 -9 -11 -14 -15 0
-17 -19 -22 -24 -25 -27 -30 -31 0
-33 -35 -38 -40 -41 -43 -46 -47 0
-49 -51 -54 -56 -57 -59 -62 -63 0
-65 -67 -70 -72 -73 -75 -78 -79 0
-81 -83 -86 -88 -89 -91 -94 -95 0
-1 -3 -6 -8 -9 -11 -13 -15 0
-17 -19 -22 -24 -25 -27 -29 -31 0
-33 -35 -38 -40 -41 -43 -45 -47 0
-49 -51 -54 -56 -57 -59 -61 -63 0
-65 -67 -70 -72 -73 -75 -77 -79 0
-81 -83 -86 -88 -89 -91 -93 -95 0
-1 -3 -5 -7 -10 -11 -14 -15 0
-17 -19 -21 -23 -26 -27 -30 -31 0
-33 -35 -37 -39 -42 -43 -46 -47 0
-49 -51 -53 -55 -58 -59 -62 -63 0
-65 -67 -69 -71 -74 -75 -78 -79 0
-81 -83 -85 -87 -90 -91 -94 -95 0
-2 -3 -5 -7 -9 -12 -13 -15 0
-18 -19 -21 -23 -25 -28 -29 -31 0
-34 -35 -37 -39 -41 -44 -45 -47 0
-50 -51 -53 -55 -57 -60 -61 -63 0
-66 -67 -69 -71 -73 -76 -77 -79 0
-82 -83 -85 -87 -89 -92 -93 -95 0
-1 -3 -5 -8 -9 -12 -14 -15 0
-17 -19 -21 -24 -25 -28 -30 -31 0
-33 -35 -37 -40 -41 -44 -46 -47 0
-49 -51 -53 -56 -57 -60 -62 -63 0
-65 -67 -69 -72 -73 -76 -78 -79 0
-81 -83 -85 -88 -89 -92 -94 -95 0
-1 -3 -6 -8 -9 -11 -14 -15 0
-17 -19 -22 -24 -25 -27 -30 -31 0
-33 -35 -38 -40 -41 -43 -46 -47 0
-49 -51 -54 -56 -57 -59 -62 -63 0
-65 -67 -70 -72 -73 -75 -78 -79 0
-81 -83 -86 -88 -89 -91 -94 -95 0
-1 -3 -5 -8 -10 -11 -13 -15 0
-17 -19 -21 -24 -26 -27 -29 -31 0
-33 -35 -37 -40 -42 -43 -45 -47 0
-49 -51 -53 -56 -58 -59 -61 -63 0
-65 -67 -69 -72 -74 -75 -77 -79 0
-81 -83 -85 -88 -90 -91 -93 -95 0
-1 -3 -5 -8 -9 -11 -14 -15 0
-17 -19 -21 -24 -25 -27 -30 -31 0
-33 -35 -37 -40 -41 -43 -46 -47 0
-49 -51 -53 -56 -57 -59 -62 -63 0
-65 -67 -69 -72 -73 -75 -78 -79 0
-81 -83 -85 -88 -89 -91 -94 -95 0
-1 -3 -5 -7 -10 -11 -13 -15 0
-17 -19 -21 -23 -26 -27 -29 -31 0
-33 -35 -37 -39 -42 -43 -45 -47 0
-49 -51 -53 -55 -58 -59 -61 -63 0
-65 -67 -69 -71 -74 -75 -77 -79 0
-81 -83 -85 -87 -90 -91 -93 -95 0
-1 -3 -5 -8 -10 -11 -14 -15 0
-17 -19 -21 -24 -26 -27 -30 -31 0
-33 -35 -37 -40 -42 -43 -46 -47 0
-49 -51 -53 -56 -58 -59 -62 -63 0
-65 -67 -69 -72 -74 -75 -78 -79 0
-81 -83 -85 -88 -90 -91 -94 -95 0
-2 -3 -5 -7 -9 -12 -14 -15 0
-18 -19 -21 -23 -25 -28 -30 -31 0
-34 -35 -37 -39 -41 -44 -46 -47 0
-50 -51 -53 -55 -57 -60 -62 -63 0
-66 -67 -69 -71 -73 -76 -78 -79 0
-82 -83 -85 -87 -89 -92 -94 -95 0
-2 -3 -6 -7 -10 -11 -14 -15 0
-18 -19 -22 -23 -26 -27 -30 -31 0
-34 -35 -38 -39 -42 -43 -46 -47 0
-50 -51 -54 -55 -58 -59 -62 -63 0
-66 -67 -70 -71 -74 -75 -78 -79 0
-82 -83 -86 -87 -90 -91 -94 -95 0
1 -97 0
3 -97 0
6 -97 0
7 -97 0
9 -97 0
11 -97 0
13 -97 0
16 -97 0
17 -98 0
19 -98 0
22 -98 0
23 -98 0
25 -98 0
27 -98 0
29 -98 0
32 -98 0
33 -99 0
35 -99 0
38 -99 0
39 -99 0
41 -99 0
43 -99 0
45 -99 0
48 -99 0
49 -100 0
51 -100 0
54 -100 0
55 -100 0
57 -100 0
59 -100 0
61 -100 0
64 -100 0
65 -101 0
67 -101 0
70 -101 0
71 -101 0
73 -101 0
75 -101 0
77 -101 0
80 -101 0
81 -102 0
83 -102 0
86 -102 0
87 -102 0
89 -102 0
91 -102 0
93 -102 0
96 -102 0
1 -103 0
4 -103 0
5 -103 0
7 -103 0
9 -103 0
12 -103 0
14 -103 0
15 -103 0
17 -104 0
20 -104 0
21 -104 0
23 -104 0
25 -104 0
28 -104 0
30 -104 0
31 -104 0
33 -105 0
36 -105 0
37 -105 0
39 -105 0
41 -105 0
44 -105 0
46 -105 0
47 -105 0
49 -106 0
52 -106 0
53 -106 0
55 -106 0
57 -106 0
60 -106 0
62 -106 0
63 -106 0
65 -107 0
68 -107 0
69 -107 0
71 -107 0
73 -107 0
76 -107 0
78 -107 0
79 -107 0
81 -108 0
84 -108 0
85 -108 0
87 -108 0
89 -108 0
92 -108 0
94 -108 0
95 -108 0
2 -109 0
4 -109 0
6 -109 0
8 -109 0
9 -109 0
11 -109 0
14 -109 0
16 -109 0
18 -110 0
20 -110 0
22 -110 0
24 -110 0
25 -110 0
27 -110 0
30 -110 0
32 -110 0
34 -111 0
36 -111 0
38 -111 0
40 -111 0
41 -111 0
43 -111 0
46 -111 0
48 -111 0
50 -112 0
52 -112 0
54 -112 0
56 -112 0
57 -112 0
59 -112 0
62 -112 0
64 -112 0
66 -113 0
68 -113 0
70 -113 0
72 -113 0
73 -113 0
75 -113 0
78 -113 0
80 -113 0
82 -114 0
84 -114 0
86 -114 0
88 -114 0
89 -114 0
91 -114 0
94 -114 0
96 -114 0
2 -115 0
4 -115 0
6 -115 0
7 -115 0
10 -115 0
12 -115 0
13 -115 0
16 -115 0
18 -116 0
20 -116 0
22 -116 0
23 -116 0
26 -116 0
28 -116 0
29 -116 0
32 -116 0
34 -117 0
36 -117 0
38 -117 0
39 -117 0
42 -117 0
44 -117 0
45 -117 0
48 -117 0
50 -118 0
52 -118 0
54 -118 0
55 -118 0
58 -118 0
60 -118 0
61 -118 0
64 -118 0
66 -119 0
68 -119 0
70 -119 0
71 -119 0
74 -119 0
76 -119 0
77 -119 0
80 -119 0
82 -120 0
84 -120 0
86 -120 0
87 -120 0
90 -120 0
92 -120 0
93 -120 0
96 -120 0
2 -121 0
4 -121 0
6 -121 0
8 -121 0
10 -121 0
11 -121 0
13 -121 0
15 -121 0
18 -122 0
20 -122 0
22 -122 0
24 -122 0
26 -122 0
27 -122 0
29 -122 0
31 -122 0
34 -123 0
36 -123 0
38 -123 0
40 -123 0
42 -123 0
43 -123 0
45 -123 0
47 -123 0
50 -124 0
52 -124 0
54 -124 0
56 -124 0
58 -124 0
59 -124 0
61 -124 0
63 -124 0
66 -125 0
68 -125 0
70 -125 0
72 -125 0
74 -125 0
75 -125 0
77 -125 0
79 -125 0
82 -126 0
84 -126 0
86 -126 0
88 -126 0
90 -126 0
91 -126 0
93 -126 0
95 -126 0
2 -127 0
4 -127 0
6 -127 0
8 -127 0
9 -127 0
11 -127 0
14 -127 0
16 -127 0
18 -128 0
20 -128 0
22 -128 0
24 -128 0
25 -128 0
27 -128 0
30 -128 0
32 -128 0
34 -129 0
36 -129 0
38 -129 0
40 -129 0
41 -129 0
43 -129 0
46 -129 0
48 -129 0
50 -130 0
52 -130 0
54 -130 0
56 -130 0
57 -130 0
59 -130 0
62 -130 0
64 -130 0
66 -131 0
68 -131 0
70 -131 0
72 -131 0
73 -131 0
75 -131 0
78 -131 0
80 -131 0
82 -132 0
84 -132 0
86 -132 0
88 -132 0
89 -132 0
91 -132 0
94 -132 0
96 -132 0
1 -133 0
4 -133 0
5 -133 0
8 -133 0
10 -133 0
11 -133 0
13 -133 0
15 -133 0
17 -134 0
20 -134 0
21 -134 0
24 -134 0
26 -134 0
27 -134 0
29 -134 0
31 -134 0
33 -135 0
36 -135 0
37 -135 0
40 -135 0
42 -135 0
43 -135 0
45 -135 0
47 -135 0
49 -136 0
52 -136 0
53 -136 0
56 -136 0
58 -136 0
59 -136 0
61 -136 0
63 -136 0
65 -137 0
68 -137 0
69 -137 0
72 -137 0
74 -137 0
75 -137 0
77 -137 0
79 -137 0
81 -138 0
84 -138 0
85 -138 0
88 -138 0
90 -138 0
91 -138 0
93 -138 0
95 -138 0
2 -139 0
4 -139 0
5 -139 0
7 -139 0
9 -139 0
11 -139 0
14 -139 0
16 -139 0
18 -140 0
20 -140 0
21 -140 0
23 -140 0
25 -140 0
27 -140 0
30 -140 0
32 -140 0
34 -141 0
36 -141 0
37 -141 0
39 -141 0
41 -141 0
43 -141 0
46 -141 0
48 -141 0
50 -142 0
52 -142 0
53 -142 0
55 -142 0
57 -142 0
59 -142 0
62 -142 0
64 -142 0
66 -143 0
68 -143 0
69 -143 0
71 -143 0
73 -143 0
75 -143 0
78 -143 0
80 -143 0
82 -144 0
84 -144 0
85 -144 0
87 -144 0
89 -144 0
91 -144 0
94 -144 0
96 -144 0
1 -145 0
4 -145 0
6 -145 0
7 -145 0
9 -145 0
11 -145 0
14 -145 0
15 -145 0
17 -146 0
20 -146 0
22 -146 0
23 -146 0
25 -146 0
27 -146 0
30 -146 0
31 -146 0
33 -147 0
36 -147 0
38 -147 0
39 -147 0
41 -147 0
43 -147 0
46 -147 0
47 -147 0
49 -148 0
52 -148 0
54 -148 0
55 -148 0
57 -148 0
59 -148 0
62 -148 0
63 -148 0
65 -149 0
68 -149 0
70 -149 0
71 -149 0
73 -149 0
75 -149 0
78 -149 0
79 -149 0
81 -150 0
84 -150 0
86 -150 0
87 -150 0
89 -150 0
91 -150 0
94 -150 0
95 -150 0
2 -151 0
4 -151 0
6 -151 0
7 -151 0
9 -151 0
12 -151 0
13 -151 0
16 -151 0
18 -152 0
20 -152 0
22 -152 0
23 -152 0
25 -152 0
28 -152 0
29 -152 0
32 -152 0
34 -153 0
36 -153 0
38 -153 0
39 -153 0
41 -153 0
44 -153 0
45 -153 0
48 -153 0
50 -154 0
52 -154 0
54 -154 0
55 -154 0
57 -154 0
60 -154 0
61 -154 0
64 -154 0
66 -155 0
68 -155 0
70 -155 0
71 -155 0
73 -155 0
76 -155 0
77 -155 0
80 -155 0
82 -156 0
84 -156 0
86 -156 0
87 -156 0
89 -156 0
92 -156 0
93 -156 0
96 -156 0
1 -157 0
4 -157 0
5 -157 0
7 -157 0
9 -157 0
12 -157 0
13 -157 0
16 -157 0
17 -158 0
20 -158 0
21 -158 0
23 -158 0
25 -158 0
28 -158 0
29 -158 0
32 -158 0
33 -159 0
36 -159 0
37 -159 0
39 -159 0
41 -159 0
44 -159 0
45 -159 0
48 -159 0
49 -160 0
52 -160 0
53 -160 0
55 -160 0
57 -160 0
60 -160 0
61 -160 0
64 -160 0
65 -161 0
68 -161 0
69 -161 0
71 -161 0
73 -161 0
76 -161 0
77 -161 0
80 -161 0
81 -162 0
84 -162 0
85 -162 0
87 -162 0
89 -162 0
92 -162 0
93 -162 0
96 -162 0
2 -163 0
3 -163 0
5 -163 0
8 -163 0
10 -163 0
12 -163 0
14 -163 0
16 -163 0
18 -164 0
19 -164 0
21 -164 0
24 -164 0
26 -164 0
28 -164 0
30 -164 0
32 -164 0
34 -165 0
35 -165 0
37 -165 0
40 -165 0
42 -165 0
44 -165 0
46 -165 0
48 -165 0
50 -166 0
51 -166 0
53 -166 0
56 -166 0
58 -166 0
60 -166 0
62 -166 0
64 -166 0
66 -167 0
67 -167 0
69 -167 0
72 -167 0
74 -167 0
76 -167 0
78 -167 0
80 -167 0
82 -168 0
83 -168 0
85 -168 0
88 -168 0
90 -168 0
92 -168 0
94 -168 0
96 -168 0
2 -169 0
4 -169 0
5 -169 0
7 -169 0
9 -169 0
12 -169 0
14 -169 0
16 -169 0
18 -170 0
20 -170 0
21 -170 0
23 -170 0
25 -170 0
28 -170 0
30 -170 0
32 -170 0
34 -171 0
36 -171 0
37 -171 0
39 -171 0
41 -171 0
44 -171 0
46 -171 0
48 -171 0
50 -172 0
52 -172 0
53 -172 0
55 -172 0
57 -172 0
60 -172 0
62 -172 0
64 -172 0
66 -173 0
68 -173 0
69 -173 0
71 -173 0
73 -173 0
76 -173 0
78 -173 0
80 -173 0
82 -174 0
84 -174 0
85 -174 0
87 -174 0
89 -174 0
92 -174 0
94 -174 0
96 -174 0
2 -175 0
4 -175 0
5 -175 0
8 -175 0
10 -175 0
12 -175 0
13 -175 0
16 -175 0
18 -176 0
20 -176 0
21 -176 0
24 -176 0
26 -176 0
28 -176 0
29 -176 0
32 -176 0
34 -177 0
36 -177 0
37 -177 0
40 -177 0
42 -177 0
44 -177 0
45 -177 0
48 -177 0
50 -178 0
52 -178 0
53 -178 0
56 -178 0
58 -178 0
60 -178 0
61 -178 0
64 -178 0
66 -179 0
68 -179 0
69 -179 0
72 -179 0
74 -179 0
76 -179 0
77 -179 0
80 -179 0
82 -180 0
84 -180 0
85 -180 0
88 -180 0
90 -180 0
92 -180 0
93 -180 0
96 -180 0
2 -181 0
4 -181 0
6 -181 0
7 -181 0
10 -181 0
11 -181 0
13 -181 0
16 -181 0
18 -182 0
20 -182 0
22 -182 0
23 -182 0
26 -182 0
27 -182 0
29 -182 0
32 -182 0
34 -183 0
36 -183 0
38 -183 0
39 -183 0
42 -183 0
43 -183 0
45 -183 0
48 -183 0
50 -184 0
52 -184 0
54 -184 0
55 -184 0
58 -184 0
59 -184 0
61 -184 0
64 -184 0
66 -185 0
68 -185 0
70 -185 0
71 -185 0
74 -185 0
75 -185 0
77 -185 0
80 -185 0
82 -186 0
84 -186 0
86 -186 0
87 -186 0
90 -186 0
91 -186 0
93 -186 0
96 -186 0
1 -187 0
3 -187 0
5 -187 0
7 -187 0
10 -187 0
12 -187 0
14 -187 0
16 -187 0
17 -188 0
19 -188 0
21 -188 0
23 -188 0
26 -188 0
28 -188 0
30 -188 0
32 -188 0
33 -189 0
35 -189 0
37 -189 0
39 -189 0
42 -189 0
44 -189 0
46 -189 0
48 -189 0
49 -190 0
51 -190 0
53 -190 0
55 -190 0
58 -190 0
60 -190 0
62 -190 0
64 -190 0
65 -191 0
67 -191 0
69 -191 0
71 -191 0
74 -191 0
76 -191 0
78 -191 0
80 -191 0
81 -192 0
83 -192 0
85 -192 0
87 -192 0
90 -192 0
92 -192 0
94 -192 0
96 -192 0
1 -193 0
4 -193 0
6 -193 0
8 -193 0
10 -193 0
12 -193 0
13 -193 0
16 -193 0
17 -194 0
20 -194 0
22 -194 0
24 -194 0
26 -194 0
28 -194 0
29 -194 0
32 -194 0
33 -195 0
36 -195 0
38 -195 0
40 -195 0
42 -195 0
44 -195 0
45 -195 0
48 -195 0
49 -196 0
52 -196 0
54 -196 0
56 -196 0
58 -196 0
60 -196 0
61 -196 0
64 -196 0
65 -197 0
68 -197 0
70 -197 0
72 -197 0
74 -197 0
76 -197 0
77 -197 0
80 -197 0
81 -198 0
84 -198 0
86 -198 0
88 -198 0
90 -198 0
92 -198 0
93 -198 0
96 -198 0
2 -199 0
4 -199 0
5 -199 0
8 -199 0
10 -199 0
12 -199 0
13 -199 0
15 -199 0
18 -200 0
20 -200 0
21 -200 0
24 -200 0
26 -200 0
28 -200 0
29 -200 0
31 -200 0
34 -201 0
36 -201 0
37 -201 0
40 -201 0
42 -201 0
44 -201 0
45 -201 0
47 -201 0
50 -202 0
52 -202 0
53 -202 0
56 -202 0
58 -202 0
60 -202 0
61 -202 0
63 -202 0
66 -203 0
68 -203 0
69 -203 0
72 -203 0
74 -203 0
76 -203 0
77 -203 0
79 -203 0
82 -204 0
84 -204 0
85 -204 0
88 -204 0
90 -204 0
92 -204 0
93 -204 0
95 -204 0
2 -205 0
4 -205 0
6 -205 0
8 -205 0
9 -205 0
12 -205 0
13 -205 0
16 -205 0
18 -206 0
20 -206 0
22 -206 0
24 -206 0
25 -206 0
28 -206 0
29 -206 0
32 -206 0
34 -207 0
36 -207 0
38 -207 0
40 -207 0
41 -207 0
44 -207 0
45 -207 0
48 -207 0
50 -208 0
52 -208 0
54 -208 0
56 -208 0
57 -208 0
60 -208 0
61 -208 0
64 -208 0
66 -209 0
68 -209 0
70 -209 0
72 -209 0
73 -209 0
76 -209 0
77 -209 0
80 -209 0
82 -210 0
84 -210 0
86 -210 0
88 -210 0
89 -210 0
92 -210 0
93 -210 0
96 -210 0
2 -211 0
4 -211 0
6 -211 0
8 -211 0
9 -211 0
12 -211 0
14 -211 0
16 -211 0
18 -212 0
20 -212 0
22 -212 0
24 -212 0
25 -212 0
28 -212 0
30 -212 0
32 -212 0
34 -213 0
36 -213 0
38 -213 0
40 -213 0
41 -213 0
44 -213 0
46 -213 0
48 -213 0
50 -214 0
52 -214 0
54 -214 0
56 -214 0
57 -214 0
60 -214 0
62 -214 0
64 -214 0
66 -215 0
68 -215 0
70 -215 0
72 -215 0
73 -215 0
76 -215 0
78 -215 0
80 -215 0
82 -216 0
84 -216 0
86 -216 0
88 -216 0
89 -216 0
92 -216 0
94 -216 0
96 -216 0
2 -217 0
3 -217 0
5 -217 0
7 -217 0
9 -217 0
12 -217 0
13 -217 0
16 -217 0
18 -218 0
19 -218 0
21 -218 0
23 -218 0
25 -218 0
28 -218 0
29 -218 0
32 -218 0
34 -219 0
35 -219 0
37 -219 0
39 -219 0
41 -219 0
44 -219 0
45 -219 0
48 -219 0
50 -220 0
51 -220 0
53 -220 0
55 -220 0
57 -220 0
60 -220 0
61 -220 0
64 -220 0
66 -221 0
67 -221 0
69 -221 0
71 -221 0
73 -221 0
76 -221 0
77 -221 0
80 -221 0
82 -222 0
83 -222 0
85 -222 0
87 -222 0
89 -222 0
92 -222 0
93 -222 0
96 -222 0
1 -223 0
4 -223 0
6 -223 0
7 -223 0
9 -223 0
11 -223 0
14 -223 0
16 -223 0
17 -224 0
20 -224 0
22 -224 0
23 -224 0
25 -224 0
27 -224 0
30 -224 0
32 -224 0
33 -225 0
36 -225 0
38 -225 0
39 -225 0
41 -225 0
43 -225 0
46 -225 0
48 -225 0
49 -226 0
52 -226 0
54 -226 0
55 -226 0
57 -226 0
59 -226 0
62 -226 0
64 -226 0
65 -227 0
68 -227 0
70 -227 0
71 -227 0
73 -227 0
75 -227 0
78 -227 0
80 -227 0
81 -228 0
84 -228 0
86 -228 0
87 -228 0
89 -228 0
91 -228 0
94 -228 0
96 -228 0
1 -229 0
4 -229 0
6 -229 0
8 -229 0
9 -229 0
12 -229 0
13 -229 0
15 -229 0
17 -230 0
20 -230 0
22 -230 0
24 -230 0
25 -230 0
28 -230 0
29 -230 0
31 -230 0
33 -231 0
36 -231 0
38 -231 0
40 -231 0
41 -231 0
44 -231 0
45 -231 0
47 -231 0
49 -232 0
52 -232 0
54 -232 0
56 -232 0
57 -232 0
60 -232 0
61 -232 0
63 -232 0
65 -233 0
68 -233 0
70 -233 0
72 -233 0
73 -233 0
76 -233 0
77 -233 0
79 -233 0
81 -234 0
84 -234 0
86 -234 0
88 -234 0
89 -234 0
92 -234 0
93 -234 0
95 -234 0
1 -235 0
4 -235 0
6 -235 0
8 -235 0
9 -235 0
12 -235 0
13 -235 0
16 -235 0
17 -236 0
20 -236 0
22 -236 0
24 -236 0
25 -236 0
28 -236 0
29 -236 0
32 -236 0
33 -237 0
36 -237 0
38 -237 0
40 -237 0
41 -237 0
44 -237 0
45 -237 0
48 -237 0
49 -238 0
52 -238 0
54 -238 0
56 -238 0
57 -238 0
60 -238 0
61 -238 0
64 -238 0
65 -239 0
68 -239 0
70 -239 0
72 -239 0
73 -239 0
76 -239 0
77 -239 0
80 -239 0
81 -240 0
84 -240 0
86 -240 0
88 -240 0
89 -240 0
92 -240 0
93 -240 0
96 -240 0
1 -241 0
4 -241 0
6 -241 0
8 -241 0
9 -241 0
11 -241 0
13 -241 0
15 -241 0
17 -242 0
20 -242 0
22 -242 0
24 -242 0
25 -242 0
27 -242 0
29 -242 0
31 -242 0
33 -243 0
36 -243 0
38 -243 0
40 -243 0
41 -243 0
43 -243 0
45 -243 0
47 -243 0
49 -244 0
52 -244 0
54 -244 0
56 -244 0
57 -244 0
59 -244 0
61 -244 0
63 -244 0
65 -245 0
68 -245 0
70 -245 0
72 -245 0
73 -245 0
75 -245 0
77 -245 0
79 -245 0
81 -246 0
84 -246 0
86 -246 0
88 -246 0
89 -246 0
91 -246 0
93 -246 0
95 -246 0
2 -247 0
4 -247 0
6 -247 0
7 -247 0
9 -247 0
12 -247 0
13 -247 0
16 -247 0
18 -248 0
20 -248 0
22 -248 0
23 -248 0
25 -248 0
28 -248 0
29 -248 0
32 -248 0
34 -249 0
36 -249 0
38 -249 0
39 -249 0
41 -249 0
44 -249 0
45 -249 0
48 -249 0
50 -250 0
52 -250 0
54 -250 0
55 -250 0
57 -250 0
60 -250 0
61 -250 0
64 -250 0
66 -251 0
68 -251 0
70 -251 0
71 -251 0
73 -251 0
76 -251 0
77 -251 0
80 -251 0
82 -252 0
84 -252 0
86 -252 0
87 -252 0
89 -252 0
92 -252 0
93 -252 0
96 -252 0
1 -253 0
4 -253 0
6 -253 0
7 -253 0
10 -253 0
12 -253 0
14 -253 0
15 -253 0
17 -254 0
20 -254 0
22 -254 0
23 -254 0
26 -254 0
28 -254 0
30 -254 0
31 -254 0
33 -255 0
36 -255 0
38 -255 0
39 -255 0
42 -255 0
44 -255 0
46 -255 0
47 -255 0
49 -256 0
52 -256 0
54 -256 0
55 -256 0
58 -256 0
60 -256 0
62 -256 0
63 -256 0
65 -257 0
68 -257 0
70 -257 0
71 -257 0
74 -257 0
76 -257 0
78 -257 0
79 -257 0
81 -258 0
84 -258 0
86 -258 0
87 -258 0
90 -258 0
92 -258 0
94 -258 0
95 -258 0
2 -259 0
4 -259 0
6 -259 0
7 -259 0
10 -259 0
11 -259 0
13 -259 0
15 -259 0
18 -260 0
20 -260 0
22 -260 0
23 -260 0
26 -260 0
27 -260 0
29 -260 0
31 -260 0
34 -261 0
36 -261 0
38 -261 0
39 -261 0
42 -261 0
43 -261 0
45 -261 0
47 -261 0
50 -262 0
52 -262 0
54 -262 0
55 -262 0
58 -262 0
59 -262 0
61 -262 0
63 -262 0
66 -263 0
68 -263 0
70 -263 0
71 -263 0
74 -263 0
75 -263 0
77 -263 0
79 -263 0
82 -264 0
84 -264 0
86 -264 0
87 -264 0
90 -264 0
91 -264 0
93 -264 0
95 -264 0
1 -265 0
4 -265 0
5 -265 0
7 -265 0
9 -265 0
11 -265 0
14 -265 0
16 -265 0
17 -266 0
20 -266 0
21 -266 0
23 -266 0
25 -266 0
27 -266 0
30 -266 0
32 -266 0
33 -267 0
36 -267 0
37 -267 0
39 -267 0
41 -267 0
43 -267 0
46 -267 0
48 -267 0
49 -268 0
52 -268 0
53 -268 0
55 -268 0
57 -268 0
59 -268 0
62 -268 0
64 -268 0
65 -269 0
68 -269 0
69 -269 0
71 -269 0
73 -269 0
75 -269 0
78 -269 0
80 -269 0
81 -270 0
84 -270 0
85 -270 0
87 -270 0
89 -270 0
91 -270 0
94 -270 0
96 -270 0
2 -271 0
3 -271 0
6 -271 0
8 -271 0
9 -271 0
12 -271 0
13 -271 0
16 -271 0
18 -272 0
19 -272 0
22 -272 0
24 -272 0
25 -272 0
28 -272 0
29 -272 0
32 -272 0
34 -273 0
35 -273 0
38 -273 0
40 -273 0
41 -273 0
44 -273 0
45 -273 0
48 -273 0
50 -274 0
51 -274 0
54 -274 0
56 -274 0
57 -274 0
60 -274 0
61 -274 0
64 -274 0
66 -275 0
67 -275 0
70 -275 0
72 -275 0
73 -275 0
76 -275 0
77 -275 0
80 -275 0
82 -276 0
83 -276 0
86 -276 0
88 -276 0
89 -276 0
92 -276 0
93 -276 0
96 -276 0
1 -277 0
4 -277 0
5 -277 0
7 -277 0
10 -277 0
11 -277 0
14 -277 0
15 -277 0
17 -278 0
20 -278 0
21 -278 0
23 -278 0
26 -278 0
27 -278 0
30 -278 0
31 -278 0
33 -279 0
36 -279 0
37 -279 0
39 -279 0
42 -279 0
43 -279 0
46 -279 0
47 -279 0
49 -280 0
52 -280 0
53 -280 0
55 -280 0
58 -280 0
59 -280 0
62 -280 0
63 -280 0
65 -281 0
68 -281 0
69 -281 0
71 -281 0
74 -281 0
75 -281 0
78 -281 0
79 -281 0
81 -282 0
84 -282 0
85 -282 0
87 -282 0
90 -282 0
91 -282 0
94 -282 0
95 -282 0
1 -283 0
4 -283 0
6 -283 0
8 -283 0
10 -283 0
11 -283 0
14 -283 0
15 -283 0
17 -284 0
20 -284 0
22 -284 0
24 -284 0
26 -284 0
27 -284 0
30 -284 0
31 -284 0
33 -285 0
36 -285 0
38 -285 0
40 -285 0
42 -285 0
43 -285 0
46 -285 0
47 -285 0
49 -286 0
52 -286 0
54 -286 0
56 -286 0
58 -286 0
59 -286 0
62 -286 0
63 -286 0
65 -287 0
68 -287 0
70 -287 0
72 -287 0
74 -287 0
75 -287 0
78 -287 0
79 -287 0
81 -288 0
84 -288 0
86 -288 0
88 -288 0
90 -288 0
91 -288 0
94 -288 0
95 -288 0
1 -289 0
3 -289 0
6 -289 0
8 -289 0
10 -289 0
11 -289 0
14 -289 0
16 -289 0
17 -290 0
19 -290 0
22 -290 0
24 -290 0
26 -290 0
27 -290 0
30 -290 0
32 -290 0
33 -291 0
35 -291 0
38 -291 0
40 -291 0
42 -291 0
43 -291 0
46 -291 0
48 -291 0
49 -292 0
51 -292 0
54 -292 0
56 -292 0
58 -292 0
59 -292 0
62 -292 0
64 -292 0
65 -293 0
67 -293 0
70 -293 0
72 -293 0
74 -293 0
75 -293 0
78 -293 0
80 -293 0
81 -294 0
83 -294 0
86 -294 0
88 -294 0
90 -294 0
91 -294 0
94 -294 0
96 -294 0
1 -295 0
4 -295 0
6 -295 0
8 -295 0
10 -295 0
11 -295 0
13 -295 0
15 -295 0
17 -296 0
20 -296 0
22 -296 0
24 -296 0
26 -296 0
27 -296 0
29 -296 0
31 -296 0
33 -297 0
36 -297 0
38 -297 0
40 -297 0
42 -297 0
43 -297 0
45 -297 0
47 -297 0
49 -298 0
52 -298 0
54 -298 0
56 -298 0
58 -298 0
59 -298 0
61 -298 0
63 -298 0
65 -299 0
68 -299 0
70 -299 0
72 -299 0
74 -299 0
75 -299 0
77 -299 0
79 -299 0
81 -300 0
84 -300 0
86 -300 0
88 -300 0
90 -300 0
91 -300 0
93 -300 0
95 -300 0
2 -301 0
4 -301 0
5 -301 0
8 -301 0
10 -301 0
12 -301 0
14 -301 0
15 -301 0
18 -302 0
20 -302 0
21 -302 0
24 -302 0
26 -302 0
28 -302 0
30 -302 0
31 -302 0
34 -303 0
36 -303 0
37 -303 0
40 -303 0
42 -303 0
44 -303 0
46 -303 0
47 -303 0
50 -304 0
52 -304 0
53 -304 0
56 -304 0
58 -304 0
60 -304 0
62 -304 0
63 -304 0
66 -305 0
68 -305 0
69 -305 0
72 -305 0
74 -305 0
76 -305 0
78 -305 0
79 -305 0
82 -306 0
84 -306 0
85 -306 0
88 -306 0
90 -306 0
92 -306 0
94 -306 0
95 -306 0
2 -307 0
3 -307 0
5 -307 0
8 -307 0
9 -307 0
11 -307 0
14 -307 0
16 -307 0
18 -308 0
19 -308 0
21 -308 0
24 -308 0
25 -308 0
27 -308 0
30 -308 0
32 -308 0
34 -309 0
35 -309 0
37 -309 0
40 -309 0
41 -309 0
43 -309 0
46 -309 0
48 -309 0
50 -310 0
51 -310 0
53 -310 0
56 -310 0
57 -310 0
59 -310 0
62 -310 0
64 -310 0
66 -311 0
67 -311 0
69 -311 0
72 -311 0
73 -311 0
75 -311 0
78 -311 0
80 -311 0
82 -312 0
83 -312 0
85 -312 0
88 -312 0
89 -312 0
91 -312 0
94 -312 0
96 -312 0
2 -313 0
4 -313 0
6 -313 0
8 -313 0
10 -313 0
11 -313 0
14 -313 0
15 -313 0
18 -314 0
20 -314 0
22 -314 0
24 -314 0
26 -314 0
27 -314 0
30 -314 0
31 -314 0
34 -315 0
36 -315 0
38 -315 0
40 -315 0
42 -315 0
43 -315 0
46 -315 0
47 -315 0
50 -316 0
52 -316 0
54 -316 0
56 -316 0
58 -316 0
59 -316 0
62 -316 0
63 -316 0
66 -317 0
68 -317 0
70 -317 0
72 -317 0
74 -317 0
75 -317 0
78 -317 0
79 -317 0
82 -318 0
84 -318 0
86 -318 0
88 -318 0
90 -318 0
91 -318 0
94 -318 0
95 -318 0
1 -319 0
4 -319 0
5 -319 0
8 -319 0
10 -319 0
12 -319 0
13 -319 0
15 -319 0
17 -320 0
20 -320 0
21 -320 0
24 -320 0
26 -320 0
28 -320 0
29 -320 0
31 -320 0
33 -321 0
36 -321 0
37 -321 0
40 -321 0
42 -321 0
44 -321 0
45 -321 0
47 -321 0
49 -322 0
52 -322 0
53 -322 0
56 -322 0
58 -322 0
60 -322 0
61 -322 0
63 -322 0
65 -323 0
68 -323 0
69 -323 0
72 -323 0
74 -323 0
76 -323 0
77 -323 0
79 -323 0
81 -324 0
84 -324 0
85 -324 0
88 -324 0
90 -324 0
92 -324 0
93 -324 0
95 -324 0
1 -325 0
3 -325 0
6 -325 0
8 -325 0
10 -325 0
12 -325 0
14 -325 0
16 -325 0
17 -326 0
19 -326 0
22 -326 0
24 -326 0
26 -326 0
28 -326 0
30 -326 0
32 -326 0
33 -327 0
35 -327 0
38 -327 0
40 -327 0
42 -327 0
44 -327 0
46 -327 0
48 -327 0
49 -328 0
51 -328 0
54 -328 0
56 -328 0
58 -328 0
60 -328 0
62 -328 0
64 -328 0
65 -329 0
67 -329 0
70 -329 0
72 -329 0
74 -329 0
76 -329 0
78 -329 0
80 -329 0
81 -330 0
83 -330 0
86 -330 0
88 -330 0
90 -330 0
92 -330 0
94 -330 0
96 -330 0
2 -331 0
4 -331 0
6 -331 0
8 -331 0
9 -331 0
11 -331 0
13 -331 0
16 -331 0
18 -332 0
20 -332 0
22 -332 0
24 -332 0
25 -332 0
27 -332 0
29 -332 0
32 -332 0
34 -333 0
36 -333 0
38 -333 0
40 -333 0
41 -333 0
43 -333 0
45 -333 0
48 -333 0
50 -334 0
52 -334 0
54 -334 0
56 -334 0
57 -334 0
59 -334 0
61 -334 0
64 -334 0
66 -335 0
68 -335 0
70 -335 0
72 -335 0
73 -335 0
75 -335 0
77 -335 0
80 -335 0
82 -336 0
84 -336 0
86 -336 0
88 -336 0
89 -336 0
91 -336 0
93 -336 0
96 -336 0
2 -337 0
4 -337 0
6 -337 0
8 -337 0
10 -337 0
12 -337 0
13 -337 0
15 -337 0
18 -338 0
20 -338 0
22 -338 0
24 -338 0
26 -338 0
28 -338 0
29 -338 0
31 -338 0
34 -339 0
36 -339 0
38 -339 0
40 -339 0
42 -339 0
44 -339 0
45 -339 0
47 -339 0
50 -340 0
52 -340 0
54 -340 0
56 -340 0
58 -340 0
60 -340 0
61 -340 0
63 -340 0
66 -341 0
68 -341 0
70 -341 0
72 -341 0
74 -341 0
76 -341 0
77 -341 0
79 -341 0
82 -342 0
84 -342 0
86 -342 0
88 -342 0
90 -342 0
92 -342 0
93 -342 0
95 -342 0
2 -343 0
3 -343 0
6 -343 0
8 -343 0
10 -343 0
11 -343 0
14 -343 0
16 -343 0
18 -344 0
19 -344 0
22 -344 0
24 -344 0
26 -344 0
27 -344 0
30 -344 0
32 -344 0
34 -345 0
35 -345 0
38 -345 0
40 -345 0
42 -345 0
43 -345 0
46 -345 0
48 -345 0
50 -346 0
51 -346 0
54 -346 0
56 -346 0
58 -346 0
59 -346 0
62 -346 0
64 -346 0
66 -347 0
67 -347 0
70 -347 0
72 -347 0
74 -347 0
75 -347 0
78 -347 0
80 -347 0
82 -348 0
83 -348 0
86 -348 0
88 -348 0
90 -348 0
91 -348 0
94 -348 0
96 -348 0
1 -349 0
3 -349 0
5 -349 0
8 -349 0
9 -349 0
12 -349 0
14 -349 0
16 -349 0
17 -350 0
19 -350 0
21 -350 0
24 -350 0
25 -350 0
28 -350 0
30 -350 0
32 -350 0
33 -351 0
35 -351 0
37 -351 0
40 -351 0
41 -351 0
44 -351 0
46 -351 0
48 -351 0
49 -352 0
51 -352 0
53 -352 0
56 -352 0
57 -352 0
60 -352 0
62 -352 0
64 -352 0
65 -353 0
67 -353 0
69 -353 0
72 -353 0
73 -353 0
76 -353 0
78 -353 0
80 -353 0
81 -354 0
83 -354 0
85 -354 0
88 -354 0
89 -354 0
92 -354 0
94 -354 0
96 -354 0
1 -355 0
3 -355 0
5 -355 0
8 -355 0
10 -355 0
11 -355 0
13 -355 0
16 -355 0
17 -356 0
19 -356 0
21 -356 0
24 -356 0
26 -356 0
27 -356 0
29 -356 0
32 -356 0
33 -357 0
35 -357 0
37 -357 0
40 -357 0
42 -357 0
43 -357 0
45 -357 0
48 -357 0
49 -358 0
51 -358 0
53 -358 0
56 -358 0
58 -358 0
59 -358 0
61 -358 0
64 -358 0
65 -359 0
67 -359 0
69 -359 0
72 -359 0
74 -359 0
75 -359 0
77 -359 0
80 -359 0
81 -360 0
83 -360 0
85 -360 0
88 -360 0
90 -360 0
91 -360 0
93 -360 0
96 -360 0
2 -361 0
3 -361 0
5 -361 0
7 -361 0
10 -361 0
11 -361 0
14 -361 0
16 -361 0
18 -362 0
19 -362 0
21 -362 0
23 -362 0
26 -362 0
27 -362 0
30 -362 0
32 -362 0
34 -363 0
35 -363 0
37 -363 0
39 -363 0
42 -363 0
43 -363 0
46 -363 0
48 -363 0
50 -364 0
51 -364 0
53 -364 0
55 -364 0
58 -364 0
59 -364 0
62 -364 0
64 -364 0
66 -365 0
67 -365 0
69 -365 0
71 -365 0
74 -365 0
75 -365 0
78 -365 0
80 -365 0
82 -366 0
83 -366 0
85 -366 0
87 -366 0
90 -366 0
91 -366 0
94 -366 0
96 -366 0
2 -367 0
4 -367 0
6 -367 0
7 -367 0
9 -367 0
11 -367 0
14 -367 0
15 -367 0
18 -368 0
20 -368 0
22 -368 0
23 -368 0
25 -368 0
27 -368 0
30 -368 0
31 -368 0
34 -369 0
36 -369 0
38 -369 0
39 -369 0
41 -369 0
43 -369 0
46 -369 0
47 -369 0
50 -370 0
52 -370 0
54 -370 0
55 -370 0
57 -370 0
59 -370 0
62 -370 0
63 -370 0
66 -371 0
68 -371 0
70 -371 0
71 -371 0
73 -371 0
75 -371 0
78 -371 0
79 -371 0
82 -372 0
84 -372 0
86 -372 0
87 -372 0
89 -372 0
91 -372 0
94 -372 0
95 -372 0
1 -373 0
3 -373 0
6 -373 0
7 -373 0
9 -373 0
12 -373 0
13 -373 0
15 -373 0
17 -374 0
19 -374 0
22 -374 0
23 -374 0
25 -374 0
28 -374 0
29 -374 0
31 -374 0
49 -375 0
51 -375 0
54 -375 0
55 -375 0
57 -375 0
60 -375 0
61 -375 0
63 -375 0
65 -376 0
67 -376 0
70 -376 0
71 -376 0
73 -376 0
76 -376 0
77 -376 0
79 -376 0
81 -377 0
83 -377 0
86 -377 0
87 -377 0
89 -377 0
92 -377 0
93 -377 0
95 -377 0
2 -378 0
4 -378 0
6 -378 0
7 -378 0
9 -378 0
11 -378 0
14 -378 0
15 -378 0
18 -379 0
20 -379 0
22 -379 0
23 -379 0
25 -379 0
27 -379 0
30 -379 0
31 -379 0
34 -380 0
36 -380 0
38 -380 0
39 -380 0
41 -380 0
43 -380 0
46 -380 0
47 -380 0
50 -381 0
52 -381 0
54 -381 0
55 -381 0
57 -381 0
59 -381 0
62 -381 0
63 -381 0
66 -382 0
68 -382 0
70 -382 0
71 -382 0
73 -382 0
75 -382 0
78 -382 0
79 -382 0
82 -383 0
84 -383 0
86 -383 0
87 -383 0
89 -383 0
91 -383 0
94 -383 0
95 -383 0
1 -384 0
4 -384 0
6 -384 0
8 -384 0
10 -384 0
12 -384 0
13 -384 0
15 -384 0
17 -385 0
20 -385 0
22 -385 0
24 -385 0
26 -385 0
28 -385 0
29 -385 0
31 -385 0
33 -386 0
36 -386 0
38 -386 0
40 -386 0
42 -386 0
44 -386 0
45 -386 0
47 -386 0
49 -387 0
52 -387 0
54 -387 0
56 -387 0
58 -387 0
60 -387 0
61 -387 0
63 -387 0
65 -388 0
68 -388 0
70 -388 0
72 -388 0
74 -388 0
76 -388 0
77 -388 0
79 -388 0
81 -389 0
84 -389 0
86 -389 0
88 -389 0
90 -389 0
92 -389 0
93 -389 0
95 -389 0
2 -390 0
4 -390 0
6 -390 0
7 -390 0
10 -390 0
12 -390 0
13 -390 0
16 -390 0
18 -391 0
20 -391 0
22 -391 0
23 -391 0
26 -391 0
28 -391 0
29 -391 0
32 -391 0
34 -392 0
36 -392 0
38 -392 0
39 -392 0
42 -392 0
44 -392 0
45 -392 0
48 -392 0
50 -393 0
52 -393 0
54 -393 0
55 -393 0
58 -393 0
60 -393 0
61 -393 0
64 -393 0
66 -394 0
68 -394 0
70 -394 0
71 -394 0
74 -394 0
76 -394 0
77 -394 0
80 -394 0
82 -395 0
84 -395 0
86 -395 0
87 -395 0
90 -395 0
92 -395 0
93 -395 0
96 -395 0
2 -396 0
3 -396 0
5 -396 0
7 -396 0
9 -396 0
12 -396 0
13 -396 0
16 -396 0
18 -397 0
19 -397 0
21 -397 0
23 -397 0
25 -397 0
28 -397 0
29 -397 0
32 -397 0
34 -398 0
35 -398 0
37 -398 0
39 -398 0
41 -398 0
44 -398 0
45 -398 0
48 -398 0
50 -399 0
51 -399 0
53 -399 0
55 -399 0
57 -399 0
60 -399 0
61 -399 0
64 -399 0
66 -400 0
67 -400 0
69 -400 0
71 -400 0
73 -400 0
76 -400 0
77 -400 0
80 -400 0
82 -401 0
83 -401 0
85 -401 0
87 -401 0
89 -401 0
92 -401 0
93 -401 0
96 -401 0
2 -402 0
3 -402 0
5 -402 0
8 -402 0
10 -402 0
11 -402 0
13 -402 0
16 -402 0
18 -403 0
19 -403 0
21 -403 0
24 -403 0
26 -403 0
27 -403 0
29 -403 0
32 -403 0
34 -404 0
35 -404 0
37 -404 0
40 -404 0
42 -404 0
43 -404 0
45 -404 0
48 -404 0
50 -405 0
51 -405 0
53 -405 0
56 -405 0
58 -405 0
59 -405 0
61 -405 0
64 -405 0
66 -406 0
67 -406 0
69 -406 0
72 -406 0
74 -406 0
75 -406 0
77 -406 0
80 -406 0
82 -407 0
83 -407 0
85 -407 0
88 -407 0
90 -407 0
91 -407 0
93 -407 0
96 -407 0
1 -408 0
3 -408 0
6 -408 0
8 -408 0
9 -408 0
12 -408 0
13 -408 0
16 -408 0
17 -409 0
19 -409 0
22 -409 0
24 -409 0
25 -409 0
28 -409 0
29 -409 0
32 -409 0
33 -410 0
35 -410 0
38 -410 0
40 -410 0
41 -410 0
44 -410 0
45 -410 0
48 -410 0
49 -411 0
51 -411 0
54 -411 0
56 -411 0
57 -411 0
60 -411 0
61 -411 0
64 -411 0
65 -412 0
67 -412 0
70 -412 0
72 -412 0
73 -412 0
76 -412 0
77 -412 0
80 -412 0
81 -413 0
83 -413 0
86 -413 0
88 -413 0
89 -413 0
92 -413 0
93 -413 0
96 -413 0
1 -414 0
3 -414 0
6 -414 0
8 -414 0
10 -414 0
12 -414 0
14 -414 0
16 -414 0
17 -415 0
19 -415 0
22 -415 0
24 -415 0
26 -415 0
28 -415 0
30 -415 0
32 -415 0
33 -416 0
35 -416 0
38 -416 0
40 -416 0
42 -416 0
44 -416 0
46 -416 0
48 -416 0
49 -417 0
51 -417 0
54 -417 0
56 -417 0
58 -417 0
60 -417 0
62 -417 0
64 -417 0
65 -418 0
67 -418 0
70 -418 0
72 -418 0
74 -418 0
76 -418 0
78 -418 0
80 -418 0
81 -419 0
83 -419 0
86 -419 0
88 -419 0
90 -419 0
92 -419 0
94 -419 0
96 -419 0
2 -420 0
3 -420 0
5 -420 0
8 -420 0
10 -420 0
12 -420 0
14 -420 0
16 -420 0
18 -421 0
19 -421 0
21 -421 0
24 -421 0
26 -421 0
28 -421 0
30 -421 0
32 -421 0
34 -422 0
35 -422 0
37 -422 0
40 -422 0
42 -422 0
44 -422 0
46 -422 0
48 -422 0
50 -423 0
51 -423 0
53 -423 0
56 -423 0
58 -423 0
60 -423 0
62 -423 0
64 -423 0
66 -424 0
67 -424 0
69 -424 0
72 -424 0
74 -424 0
76 -424 0
78 -424 0
80 -424 0
82 -425 0
83 -425 0
85 -425 0
88 -425 0
90 -425 0
92 -425 0
94 -425 0
96 -425 0
2 -426 0
4 -426 0
6 -426 0
8 -426 0
10 -426 0
11 -426 0
13 -426 0
15 -426 0
18 -427 0
20 -427 0
22 -427 0
24 -427 0
26 -427 0
27 -427 0
29 -427 0
31 -427 0
34 -428 0
36 -428 0
38 -428 0
40 -428 0
42 -428 0
43 -428 0
45 -428 0
47 -428 0
50 -429 0
52 -429 0
54 -429 0
56 -429 0
58 -429 0
59 -429 0
61 -429 0
63 -429 0
66 -430 0
68 -430 0
70 -430 0
72 -430 0
74 -430 0
75 -430 0
77 -430 0
79 -430 0
82 -431 0
84 -431 0
86 -431 0
88 -431 0
90 -431 0
91 -431 0
93 -431 0
95 -431 0
1 -432 0
4 -432 0
6 -432 0
8 -432 0
9 -432 0
12 -432 0
13 -432 0
15 -432 0
17 -433 0
20 -433 0
22 -433 0
24 -433 0
25 -433 0
28 -433 0
29 -433 0
31 -433 0
33 -434 0
36 -434 0
38 -434 0
40 -434 0
41 -434 0
44 -434 0
45 -434 0
47 -434 0
49 -435 0
52 -435 0
54 -435 0
56 -435 0
57 -435 0
60 -435 0
61 -435 0
63 -435 0
65 -436 0
68 -436 0
70 -436 0
72 -436 0
73 -436 0
76 -436 0
77 -436 0
79 -436 0
81 -437 0
84 -437 0
86 -437 0
88 -437 0
89 -437 0
92 -437 0
93 -437 0
95 -437 0
2 -438 0
4 -438 0
6 -438 0
7 -438 0
9 -438 0
12 -438 0
13 -438 0
15 -438 0
18 -439 0
20 -439 0
22 -439 0
23 -439 0
25 -439 0
28 -439 0
29 -439 0
31 -439 0
34 -440 0
36 -440 0
38 -440 0
39 -440 0
41 -440 0
44 -440 0
45 -440 0
47 -440 0
50 -441 0
52 -441 0
54 -441 0
55 -441 0
57 -441 0
60 -441 0
61 -441 0
63 -441 0
66 -442 0
68 -442 0
70 -442 0
71 -442 0
73 -442 0
76 -442 0
77 -442 0
79 -442 0
82 -443 0
84 -443 0
86 -443 0
87 -443 0
89 -443 0
92 -443 0
93 -443 0
95 -443 0
1 -444 0
4 -444 0
5 -444 0
7 -444 0
10 -444 0
12 -444 0
13 -444 0
16 -444 0
17 -445 0
20 -445 0
21 -445 0
23 -445 0
26 -445 0
28 -445 0
29 -445 0
32 -445 0
33 -446 0
36 -446 0
37 -446 0
39 -446 0
42 -446 0
44 -446 0
45 -446 0
48 -446 0
49 -447 0
52 -447 0
53 -447 0
55 -447 0
58 -447 0
60 -447 0
61 -447 0
64 -447 0
65 -448 0
68 -448 0
69 -448 0
71 -448 0
74 -448 0
76 -448 0
77 -448 0
80 -448 0
81 -449 0
84 -449 0
85 -449 0
87 -449 0
90 -449 0
92 -449 0
93 -449 0
96 -449 0
1 -450 0
3 -450 0
6 -450 0
8 -450 0
9 -450 0
12 -450 0
14 -450 0
16 -450 0
17 -451 0
19 -451 0
22 -451 0
24 -451 0
25 -451 0
28 -451 0
30 -451 0
32 -451 0
33 -452 0
35 -452 0
38 -452 0
40 -452 0
41 -452 0
44 -452 0
46 -452 0
48 -452 0
49 -453 0
51 -453 0
54 -453 0
56 -453 0
57 -453 0
60 -453 0
62 -453 0
64 -453 0
65 -454 0
67 -454 0
70 -454 0
72 -454 0
73 -454 0
76 -454 0
78 -454 0
80 -454 0
81 -455 0
83 -455 0
86 -455 0
88 -455 0
89 -455 0
92 -455 0
94 -455 0
96 -455 0
1 -456 0
4 -456 0
6 -456 0
8 -456 0
9 -456 0
11 -456 0
13 -456 0
16 -456 0
17 -457 0
20 -457 0
22 -457 0
24 -457 0
25 -457 0
27 -457 0
29 -457 0
32 -457 0
33 -458 0
36 -458 0
38 -458 0
40 -458 0
41 -458 0
43 -458 0
45 -458 0
48 -458 0
49 -459 0
52 -459 0
54 -459 0
56 -459 0
57 -459 0
59 -459 0
61 -459 0
64 -459 0
65 -460 0
68 -460 0
70 -460 0
72 -460 0
73 -460 0
75 -460 0
77 -460 0
80 -460 0
81 -461 0
84 -461 0
86 -461 0
88 -461 0
89 -461 0
91 -461 0
93 -461 0
96 -461 0
1 -462 0
4 -462 0
5 -462 0
8 -462 0
9 -462 0
12 -462 0
14 -462 0
16 -462 0
17 -463 0
20 -463 0
21 -463 0
24 -463 0
25 -463 0
28 -463 0
30 -463 0
32 -463 0
33 -464 0
36 -464 0
37 -464 0
40 -464 0
41 -464 0
44 -464 0
46 -464 0
48 -464 0
49 -465 0
52 -465 0
53 -465 0
56 -465 0
57 -465 0
60 -465 0
62 -465 0
64 -465 0
65 -466 0
68 -466 0
69 -466 0
72 -466 0
73 -466 0
76 -466 0
78 -466 0
80 -466 0
81 -467 0
84 -467 0
85 -467 0
88 -467 0
89 -467 0
92 -467 0
94 -467 0
96 -467 0
2 -468 0
4 -468 0
6 -468 0
8 -468 0
10 -468 0
12 -468 0
13 -468 0
16 -468 0
18 -469 0
20 -469 0
22 -469 0
24 -469 0
26 -469 0
28 -469 0
29 -469 0
32 -469 0
34 -470 0
36 -470 0
38 -470 0
40 -470 0
42 -470 0
44 -470 0
45 -470 0
48 -470 0
50 -471 0
52 -471 0
54 -471 0
56 -471 0
58 -471 0
60 -471 0
61 -471 0
64 -471 0
66 -472 0
68 -472 0
70 -472 0
72 -472 0
74 -472 0
76 -472 0
77 -472 0
80 -472 0
82 -473 0
84 -473 0
86 -473 0
88 -473 0
90 -473 0
92 -473 0
93 -473 0
96 -473 0
2 -474 0
4 -474 0
5 -474 0
8 -474 0
10 -474 0
11 -474 0
13 -474 0
16 -474 0
18 -475 0
20 -475 0
21 -475 0
24 -475 0
26 -475 0
27 -475 0
29 -475 0
32 -475 0
34 -476 0
36 -476 0
37 -476 0
40 -476 0
42 -476 0
43 -476 0
45 -476 0
48 -476 0
50 -477 0
52 -477 0
53 -477 0
56 -477 0
58 -477 0
59 -477 0
61 -477 0
64 -477 0
66 -478 0
68 -478 0
69 -478 0
72 -478 0
74 -478 0
75 -478 0
77 -478 0
80 -478 0
82 -479 0
84 -479 0
85 -479 0
88 -479 0
90 -479 0
91 -479 0
93 -479 0
96 -479 0
2 -480 0
3 -480 0
6 -480 0
7 -480 0
9 -480 0
11 -480 0
13 -480 0
16 -480 0
18 -481 0
19 -481 0
22 -481 0
23 -481 0
25 -481 0
27 -481 0
29 -481 0
32 -481 0
34 -482 0
35 -482 0
38 -482 0
39 -482 0
41 -482 0
43 -482 0
45 -482 0
48 -482 0
50 -483 0
51 -483 0
54 -483 0
55 -483 0
57 -483 0
59 -483 0
61 -483 0
64 -483 0
66 -484 0
67 -484 0
70 -484 0
71 -484 0
73 -484 0
75 -484 0
77 -484 0
80 -484 0
82 -485 0
83 -485 0
86 -485 0
87 -485 0
89 -485 0
91 -485 0
93 -485 0
96 -485 0
2 -486 0
3 -486 0
6 -486 0
7 -486 0
9 -486 0
11 -486 0
14 -486 0
16 -486 0
18 -487 0
19 -487 0
22 -487 0
23 -487 0
25 -487 0
27 -487 0
30 -487 0
32 -487 0
34 -488 0
35 -488 0
38 -488 0
39 -488 0
41 -488 0
43 -488 0
46 -488 0
48 -488 0
50 -489 0
51 -489 0
54 -489 0
55 -489 0
57 -489 0
59 -489 0
62 -489 0
64 -489 0
66 -490 0
67 -490 0
70 -490 0
71 -490 0
73 -490 0
75 -490 0
78 -490 0
80 -490 0
82 -491 0
83 -491 0
86 -491 0
87 -491 0
89 -491 0
91 -491 0
94 -491 0
96 -491 0
2 -492 0
4 -492 0
6 -492 0
7 -492 0
10 -492 0
11 -492 0
14 -492 0
16 -492 0
18 -493 0
20 -493 0
22 -493 0
23 -493 0
26 -493 0
27 -493 0
30 -493 0
32 -493 0
34 -494 0
36 -494 0
38 -494 0
39 -494 0
42 -494 0
43 -494 0
46 -494 0
48 -494 0
50 -495 0
52 -495 0
54 -495 0
55 -495 0
58 -495 0
59 -495 0
62 -495 0
64 -495 0
66 -496 0
68 -496 0
70 -496 0
71 -496 0
74 -496 0
75 -496 0
78 -496 0
80 -496 0
82 -497 0
84 -497 0
86 -497 0
87 -497 0
90 -497 0
91 -497 0
94 -497 0
96 -497 0
2 -498 0
3 -498 0
6 -498 0
8 -498 0
10 -498 0
11 -498 0
13 -498 0
16 -498 0
18 -499 0
19 -499 0
22 -499 0
24 -499 0
26 -499 0
27 -499 0
29 -499 0
32 -499 0
34 -500 0
35 -500 0
38 -500 0
40 -500 0
42 -500 0
43 -500 0
45 -500 0
48 -500 0
50 -501 0
51 -501 0
54 -501 0
56 -501 0
58 -501 0
59 -501 0
61 -501 0
64 -501 0
66 -502 0
67 -502 0
70 -502 0
72 -502 0
74 -502 0
75 -502 0
77 -502 0
80 -502 0
82 -503 0
83 -503 0
86 -503 0
88 -503 0
90 -503 0
91 -503 0
93 -503 0
96 -503 0
2 -504 0
4 -504 0
5 -504 0
7 -504 0
10 -504 0
12 -504 0
14 -504 0
15 -504 0
18 -505 0
20 -505 0
21 -505 0
23 -505 0
26 -505 0
28 -505 0
30 -505 0
31 -505 0
34 -506 0
36 -506 0
37 -506 0
39 -506 0
42 -506 0
44 -506 0
46 -506 0
47 -506 0
50 -507 0
52 -507 0
53 -507 0
55 -507 0
58 -507 0
60 -507 0
62 -507 0
63 -507 0
66 -508 0
68 -508 0
69 -508 0
71 -508 0
74 -508 0
76 -508 0
78 -508 0
79 -508 0
82 -509 0
84 -509 0
85 -509 0
87 -509 0
90 -509 0
92 -509 0
94 -509 0
95 -509 0
1 -510 0
4 -510 0
6 -510 0
8 -510 0
9 -510 0
11 -510 0
13 -510 0
15 -510 0
17 -511 0
20 -511 0
22 -511 0
24 -511 0
25 -511 0
27 -511 0
29 -511 0
31 -511 0
33 -512 0
36 -512 0
38 -512 0
40 -512 0
41 -512 0
43 -512 0
45 -512 0
47 -512 0
49 -513 0
52 -513 0
54 -513 0
56 -513 0
57 -513 0
59 -513 0
61 -513 0
63 -513 0
65 -514 0
68 -514 0
70 -514 0
72 -514 0
73 -514 0
75 -514 0
77 -514 0
79 -514 0
81 -515 0
84 -515 0
86 -515 0
88 -515 0
89 -515 0
91 -515 0
93 -515 0
95 -515 0
1 -516 0
4 -516 0
6 -516 0
8 -516 0
9 -516 0
11 -516 0
14 -516 0
15 -516 0
17 -517 0
20 -517 0
22 -517 0
24 -517 0
25 -517 0
27 -517 0
30 -517 0
31 -517 0
33 -518 0
36 -518 0
38 -518 0
40 -518 0
41 -518 0
43 -518 0
46 -518 0
47 -518 0
49 -519 0
52 -519 0
54 -519 0
56 -519 0
57 -519 0
59 -519 0
62 -519 0
63 -519 0
65 -520 0
68 -520 0
70 -520 0
72 -520 0
73 -520 0
75 -520 0
78 -520 0
79 -520 0
81 -521 0
84 -521 0
86 -521 0
88 -521 0
89 -521 0
91 -521 0
94 -521 0
95 -521 0
2 -522 0
4 -522 0
5 -522 0
8 -522 0
10 -522 0
11 -522 0
13 -522 0
15 -522 0
18 -523 0
20 -523 0
21 -523 0
24 -523 0
26 -523 0
27 -523 0
29 -523 0
31 -523 0
34 -524 0
36 -524 0
37 -524 0
40 -524 0
42 -524 0
43 -524 0
45 -524 0
47 -524 0
50 -525 0
52 -525 0
53 -525 0
56 -525 0
58 -525 0
59 -525 0
61 -525 0
63 -525 0
66 -526 0
68 -526 0
69 -526 0
72 -526 0
74 -526 0
75 -526 0
77 -526 0
79 -526 0
82 -527 0
84 -527 0
85 -527 0
88 -527 0
90 -527 0
91 -527 0
93 -527 0
95 -527 0
1 -528 0
4 -528 0
6 -528 0
7 -528 0
10 -528 0
12 -528 0
13 -528 0
15 -528 0
17 -529 0
20 -529 0
22 -529 0
23 -529 0
26 -529 0
28 -529 0
29 -529 0
31 -529 0
33 -530 0
36 -530 0
38 -530 0
39 -530 0
42 -530 0
44 -530 0
45 -530 0
47 -530 0
49 -531 0
52 -531 0
54 -531 0
55 -531 0
58 -531 0
60 -531 0
61 -531 0
63 -531 0
65 -532 0
68 -532 0
70 -532 0
71 -532 0
74 -532 0
76 -532 0
77 -532 0
79 -532 0
81 -533 0
84 -533 0
86 -533 0
87 -533 0
90 -533 0
92 -533 0
93 -533 0
95 -533 0
1 -534 0
3 -534 0
5 -534 0
8 -534 0
9 -534 0
12 -534 0
14 -534 0
16 -534 0
17 -535 0
19 -535 0
21 -535 0
24 -535 0
25 -535 0
28 -535 0
30 -535 0
32 -535 0
33 -536 0
35 -536 0
37 -536 0
40 -536 0
41 -536 0
44 -536 0
46 -536 0
48 -536 0
49 -537 0
51 -537 0
53 -537 0
56 -537 0
57 -537 0
60 -537 0
62 -537 0
64 -537 0
65 -538 0
67 -538 0
69 -538 0
72 -538 0
73 -538 0
76 -538 0
78 -538 0
80 -538 0
81 -539 0
83 -539 0
85 -539 0
88 -539 0
89 -539 0
92 -539 0
94 -539 0
96 -539 0
2 -540 0
3 -540 0
5 -540 0
8 -540 0
9 -540 0
11 -540 0
13 -540 0
16 -540 0
18 -541 0
19 -541 0
21 -541 0
24 -541 0
25 -541 0
27 -541 0
29 -541 0
32 -541 0
34 -542 0
35 -542 0
37 -542 0
40 -542 0
41 -542 0
43 -542 0
45 -542 0
48 -542 0
50 -543 0
51 -543 0
53 -543 0
56 -543 0
57 -543 0
59 -543 0
61 -543 0
64 -543 0
66 -544 0
67 -544 0
69 -544 0
72 -544 0
73 -544 0
75 -544 0
77 -544 0
80 -544 0
82 -545 0
83 -545 0
85 -545 0
88 -545 0
89 -545 0
91 -545 0
93 -545 0
96 -545 0
2 -546 0
4 -546 0
5 -546 0
7 -546 0
9 -546 0
12 -546 0
13 -546 0
16 -546 0
18 -547 0
20 -547 0
21 -547 0
23 -547 0
25 -547 0
28 -547 0
29 -547 0
32 -547 0
34 -548 0
36 -548 0
37 -548 0
39 -548 0
41 -548 0
44 -548 0
45 -548 0
48 -548 0
50 -549 0
52 -549 0
53 -549 0
55 -549 0
57 -549 0
60 -549 0
61 -549 0
64 -549 0
66 -550 0
68 -550 0
69 -550 0
71 -550 0
73 -550 0
76 -550 0
77 -550 0
80 -550 0
82 -551 0
84 -551 0
85 -551 0
87 -551 0
89 -551 0
92 -551 0
93 -551 0
96 -551 0
1 -552 0
4 -552 0
6 -552 0
8 -552 0
9 -552 0
11 -552 0
14 -552 0
15 -552 0
17 -553 0
20 -553 0
22 -553 0
24 -553 0
25 -553 0
27 -553 0
30 -553 0
31 -553 0
33 -554 0
36 -554 0
38 -554 0
40 -554 0
41 -554 0
43 -554 0
46 -554 0
47 -554 0
49 -555 0
52 -555 0
54 -555 0
56 -555 0
57 -555 0
59 -555 0
62 -555 0
63 -555 0
65 -556 0
68 -556 0
70 -556 0
72 -556 0
73 -556 0
75 -556 0
78 -556 0
79 -556 0
81 -557 0
84 -557 0
86 -557 0
88 -557 0
89 -557 0
91 -557 0
94 -557 0
95 -557 0
1 -558 0
3 -558 0
6 -558 0
8 -558 0
9 -558 0
12 -558 0
13 -558 0
16 -558 0
17 -559 0
19 -559 0
22 -559 0
24 -559 0
25 -559 0
28 -559 0
29 -559 0
32 -559 0
33 -560 0
35 -560 0
38 -560 0
40 -560 0
41 -560 0
44 -560 0
45 -560 0
48 -560 0
49 -561 0
51 -561 0
54 -561 0
56 -561 0
57 -561 0
60 -561 0
61 -561 0
64 -561 0
65 -562 0
67 -562 0
70 -562 0
72 -562 0
73 -562 0
76 -562 0
77 -562 0
80 -562 0
81 -563 0
83 -563 0
86 -563 0
88 -563 0
89 -563 0
92 -563 0
93 -563 0
96 -563 0
1 -564 0
4 -564 0
5 -564 0
8 -564 0
9 -564 0
12 -564 0
13 -564 0
15 -564 0
17 -565 0
20 -565 0
21 -565 0
24 -565 0
25 -565 0
28 -565 0
29 -565 0
31 -565 0
33 -566 0
36 -566 0
37 -566 0
40 -566 0
41 -566 0
44 -566 0
45 -566 0
47 -566 0
49 -567 0
52 -567 0
53 -567 0
56 -567 0
57 -567 0
60 -567 0
61 -567 0
63 -567 0
65 -568 0
68 -568 0
69 -568 0
72 -568 0
73 -568 0
76 -568 0
77 -568 0
79 -568 0
81 -569 0
84 -569 0
85 -569 0
88 -569 0
89 -569 0
92 -569 0
93 -569 0
95 -569 0
1 -570 0
3 -570 0
5 -570 0
8 -570 0
10 -570 0
12 -570 0
13 -570 0
16 -570 0
17 -571 0
19 -571 0
21 -571 0
24 -571 0
26 -571 0
28 -571 0
29 -571 0
32 -571 0
33 -572 0
35 -572 0
37 -572 0
40 -572 0
42 -572 0
44 -572 0
45 -572 0
48 -572 0
49 -573 0
51 -573 0
53 -573 0
56 -573 0
58 -573 0
60 -573 0
61 -573 0
64 -573 0
65 -574 0
67 -574 0
69 -574 0
72 -574 0
74 -574 0
76 -574 0
77 -574 0
80 -574 0
81 -575 0
83 -575 0
85 -575 0
88 -575 0
90 -575 0
92 -575 0
93 -575 0
96 -575 0
2 -576 0
4 -576 0
6 -576 0
7 -576 0
9 -576 0
12 -576 0
13 -576 0
15 -576 0
18 -577 0
20 -577 0
22 -577 0
23 -577 0
25 -577 0
28 -577 0
29 -577 0
31 -577 0
34 -578 0
36 -578 0
38 -578 0
39 -578 0
41 -578 0
44 -578 0
45 -578 0
47 -578 0
50 -579 0
52 -579 0
54 -579 0
55 -579 0
57 -579 0
60 -579 0
61 -579 0
63 -579 0
66 -580 0
68 -580 0
70 -580 0
71 -580 0
73 -580 0
76 -580 0
77 -580 0
79 -580 0
82 -581 0
84 -581 0
86 -581 0
87 -581 0
89 -581 0
92 -581 0
93 -581 0
95 -581 0
2 -582 0
4 -582 0
5 -582 0
8 -582 0
9 -582 0
12 -582 0
13 -582 0
16 -582 0
18 -583 0
20 -583 0
21 -583 0
24 -583 0
25 -583 0
28 -583 0
29 -583 0
32 -583 0
34 -584 0
36 -584 0
37 -584 0
40 -584 0
41 -584 0
44 -584 0
45 -584 0
48 -584 0
50 -585 0
52 -585 0
53 -585 0
56 -585 0
57 -585 0
60 -585 0
61 -585 0
64 -585 0
66 -586 0
68 -586 0
69 -586 0
72 -586 0
73 -586 0
76 -586 0
77 -586 0
80 -586 0
82 -587 0
84 -587 0
85 -587 0
88 -587 0
89 -587 0
92 -587 0
93 -587 0
96 -587 0
1 -588 0
4 -588 0
6 -588 0
7 -588 0
9 -588 0
11 -588 0
14 -588 0
16 -588 0
17 -589 0
20 -589 0
22 -589 0
23 -589 0
25 -589 0
27 -589 0
30 -589 0
32 -589 0
33 -590 0
36 -590 0
38 -590 0
39 -590 0
41 -590 0
43 -590 0
46 -590 0
48 -590 0
49 -591 0
52 -591 0
54 -591 0
55 -591 0
57 -591 0
59 -591 0
62 -591 0
64 -591 0
65 -592 0
68 -592 0
70 -592 0
71 -592 0
73 -592 0
75 -592 0
78 -592 0
80 -592 0
81 -593 0
84 -593 0
86 -593 0
87 -593 0
89 -593 0
91 -593 0
94 -593 0
96 -593 0
2 -594 0
3 -594 0
6 -594 0
8 -594 0
9 -594 0
12 -594 0
14 -594 0
16 -594 0
18 -595 0
19 -595 0
22 -595 0
24 -595 0
25 -595 0
28 -595 0
30 -595 0
32 -595 0
34 -596 0
35 -596 0
38 -596 0
40 -596 0
41 -596 0
44 -596 0
46 -596 0
48 -596 0
50 -597 0
51 -597 0
54 -597 0
56 -597 0
57 -597 0
60 -597 0
62 -597 0
64 -597 0
66 -598 0
67 -598 0
70 -598 0
72 -598 0
73 -598 0
76 -598 0
78 -598 0
80 -598 0
82 -599 0
83 -599 0
86 -599 0
88 -599 0
89 -599 0
92 -599 0
94 -599 0
96 -599 0
1 -600 0
4 -600 0
5 -600 0
7 -600 0
9 -600 0
12 -600 0
13 -600 0
15 -600 0
17 -601 0
20 -601 0
21 -601 0
23 -601 0
25 -601 0
28 -601 0
29 -601 0
31 -601 0
33 -602 0
36 -602 0
37 -602 0
39 -602 0
41 -602 0
44 -602 0
45 -602 0
47 -602 0
49 -603 0
52 -603 0
53 -603 0
55 -603 0
57 -603 0
60 -603 0
61 -603 0
63 -603 0
65 -604 0
68 -604 0
69 -604 0
71 -604 0
73 -604 0
76 -604 0
77 -604 0
79 -604 0
81 -605 0
84 -605 0
85 -605 0
87 -605 0
89 -605 0
92 -605 0
93 -605 0
95 -605 0
1 -606 0
3 -606 0
6 -606 0
8 -606 0
9 -606 0
11 -606 0
14 -606 0
16 -606 0
17 -607 0
19 -607 0
22 -607 0
24 -607 0
25 -607 0
27 -607 0
30 -607 0
32 -607 0
33 -608 0
35 -608 0
38 -608 0
40 -608 0
41 -608 0
43 -608 0
46 -608 0
48 -608 0
49 -609 0
51 -609 0
54 -609 0
56 -609 0
57 -609 0
59 -609 0
62 -609 0
64 -609 0
65 -610 0
67 -610 0
70 -610 0
72 -610 0
73 -610 0
75 -610 0
78 -610 0
80 -610 0
81 -611 0
83 -611 0
86 -611 0
88 -611 0
89 -611 0
91 -611 0
94 -611 0
96 -611 0
1 -612 0
3 -612 0
6 -612 0
8 -612 0
9 -612 0
11 -612 0
13 -612 0
16 -612 0
17 -613 0
19 -613 0
22 -613 0
24 -613 0
25 -613 0
27 -613 0
29 -613 0
32 -613 0
33 -614 0
35 -614 0
38 -614 0
40 -614 0
41 -614 0
43 -614 0
45 -614 0
48 -614 0
49 -615 0
51 -615 0
54 -615 0
56 -615 0
57 -615 0
59 -615 0
61 -615 0
64 -615 0
65 -616 0
67 -616 0
70 -616 0
72 -616 0
73 -616 0
75 -616 0
77 -616 0
80 -616 0
81 -617 0
83 -617 0
86 -617 0
88 -617 0
89 -617 0
91 -617 0
93 -617 0
96 -617 0
2 -618 0
4 -618 0
6 -618 0
7 -618 0
9 -618 0
11 -618 0
14 -618 0
16 -618 0
18 -619 0
20 -619 0
22 -619 0
23 -619 0
25 -619 0
27 -619 0
30 -619 0
32 -619 0
34 -620 0
36 -620 0
38 -620 0
39 -620 0
41 -620 0
43 -620 0
46 -620 0
48 -620 0
50 -621 0
52 -621 0
54 -621 0
55 -621 0
57 -621 0
59 -621 0
62 -621 0
64 -621 0
66 -622 0
68 -622 0
70 -622 0
71 -622 0
73 -622 0
75 -622 0
78 -622 0
80 -622 0
82 -623 0
84 -623 0
86 -623 0
87 -623 0
89 -623 0
91 -623 0
94 -623 0
96 -623 0
2 -624 0
4 -624 0
5 -624 0
7 -624 0
10 -624 0
11 -624 0
13 -624 0
16 -624 0
18 -625 0
20 -625 0
21 -625 0
23 -625 0
26 -625 0
27 -625 0
29 -625 0
32 -625 0
34 -626 0
36 -626 0
37 -626 0
39 -626 0
42 -626 0
43 -626 0
45 -626 0
48 -626 0
50 -627 0
52 -627 0
53 -627 0
55 -627 0
58 -627 0
59 -627 0
61 -627 0
64 -627 0
66 -628 0
68 -628 0
69 -628 0
71 -628 0
74 -628 0
75 -628 0
77 -628 0
80 -628 0
82 -629 0
84 -629 0
85 -629 0
87 -629 0
90 -629 0
91 -629 0
93 -629 0
96 -629 0
1 -630 0
4 -630 0
5 -630 0
7 -630 0
10 -630 0
12 -630 0
14 -630 0
16 -630 0
17 -631 0
20 -631 0
21 -631 0
23 -631 0
26 -631 0
28 -631 0
30 -631 0
32 -631 0
33 -632 0
36 -632 0
37 -632 0
39 -632 0
42 -632 0
44 -632 0
46 -632 0
48 -632 0
49 -633 0
52 -633 0
53 -633 0
55 -633 0
58 -633 0
60 -633 0
62 -633 0
64 -633 0
65 -634 0
68 -634 0
69 -634 0
71 -634 0
74 -634 0
76 -634 0
78 -634 0
80 -634 0
81 -635 0
84 -635 0
85 -635 0
87 -635 0
90 -635 0
92 -635 0
94 -635 0
96 -635 0
2 -636 0
4 -636 0
6 -636 0
8 -636 0
10 -636 0
12 -636 0
14 -636 0
16 -636 0
18 -637 0
20 -637 0
22 -637 0
24 -637 0
26 -637 0
28 -637 0
30 -637 0
32 -637 0
34 -638 0
36 -638 0
38 -638 0
40 -638 0
42 -638 0
44 -638 0
46 -638 0
48 -638 0
50 -639 0
52 -639 0
54 -639 0
56 -639 0
58 -639 0
60 -639 0
62 -639 0
64 -639 0
66 -640 0
68 -640 0
70 -640 0
72 -640 0
74 -640 0
76 -640 0
78 -640 0
80 -640 0
82 -641 0
84 -641 0
86 -641 0
88 -641 0
90 -641 0
92 -641 0
94 -641 0
96 -641 0
2 -642 0
4 -642 0
6 -642 0
8 -642 0
10 -642 0
11 -642 0
13 -642 0
15 -642 0
18 -643 0
20 -643 0
22 -643 0
24 -643 0
26 -643 0
27 -643 0
29 -643 0
31 -643 0
34 -644 0
36 -644 0
38 -644 0
40 -644 0
42 -644 0
43 -644 0
45 -644 0
47 -644 0
50 -645 0
52 -645 0
54 -645 0
56 -645 0
58 -645 0
59 -645 0
61 -645 0
63 -645 0
66 -646 0
68 -646 0
70 -646 0
72 -646 0
74 -646 0
75 -646 0
77 -646 0
79 -646 0
82 -647 0
84 -647 0
86 -647 0
88 -647 0
90 -647 0
91 -647 0
93 -647 0
95 -647 0
2 -648 0
3 -648 0
5 -648 0
8 -648 0
10 -648 0
11 -648 0
14 -648 0
16 -648 0
18 -649 0
19 -649 0
21 -649 0
24 -649 0
26 -649 0
27 -649 0
30 -649 0
32 -649 0
34 -650 0
35 -650 0
37 -650 0
40 -650 0
42 -650 0
43 -650 0
46 -650 0
48 -650 0
50 -651 0
51 -651 0
53 -651 0
56 -651 0
58 -651 0
59 -651 0
62 -651 0
64 -651 0
66 -652 0
67 -652 0
69 -652 0
72 -652 0
74 -652 0
75 -652 0
78 -652 0
80 -652 0
82 -653 0
83 -653 0
85 -653 0
88 -653 0
90 -653 0
91 -653 0
94 -653 0
96 -653 0
1 -654 0
4 -654 0
5 -654 0
7 -654 0
9 -654 0
12 -654 0
13 -654 0
15 -654 0
17 -655 0
20 -655 0
21 -655 0
23 -655 0
25 -655 0
28 -655 0
29 -655 0
31 -655 0
33 -656 0
36 -656 0
37 -656 0
39 -656 0
41 -656 0
44 -656 0
45 -656 0
47 -656 0
49 -657 0
52 -657 0
53 -657 0
55 -657 0
57 -657 0
60 -657 0
61 -657 0
63 -657 0
65 -658 0
68 -658 0
69 -658 0
71 -658 0
73 -658 0
76 -658 0
77 -658 0
79 -658 0
81 -659 0
84 -659 0
85 -659 0
87 -659 0
89 -659 0
92 -659 0
93 -659 0
95 -659 0
1 -660 0
4 -660 0
6 -660 0
8 -660 0
9 -660 0
12 -660 0
14 -660 0
15 -660 0
17 -661 0
20 -661 0
22 -661 0
24 -661 0
25 -661 0
28 -661 0
30 -661 0
31 -661 0
33 -662 0
36 -662 0
38 -662 0
40 -662 0
41 -662 0
44 -662 0
46 -662 0
47 -662 0
49 -663 0
52 -663 0
54 -663 0
56 -663 0
57 -663 0
60 -663 0
62 -663 0
63 -663 0
65 -664 0
68 -664 0
70 -664 0
72 -664 0
73 -664 0
76 -664 0
78 -664 0
79 -664 0
81 -665 0
84 -665 0
86 -665 0
88 -665 0
89 -665 0
92 -665 0
94 -665 0
95 -665 0
2 -666 0
4 -666 0
5 -666 0
8 -666 0
9 -666 0
11 -666 0
14 -666 0
16 -666 0
18 -667 0
20 -667 0
21 -667 0
24 -667 0
25 -667 0
27 -667 0
30 -667 0
32 -667 0
34 -668 0
36 -668 0
37 -668 0
40 -668 0
41 -668 0
43 -668 0
46 -668 0
48 -668 0
50 -669 0
52 -669 0
53 -669 0
56 -669 0
57 -669 0
59 -669 0
62 -669 0
64 -669 0
66 -670 0
68 -670 0
69 -670 0
72 -670 0
73 -670 0
75 -670 0
78 -670 0
80 -670 0
82 -671 0
84 -671 0
85 -671 0
88 -671 0
89 -671 0
91 -671 0
94 -671 0
96 -671 0
1 -672 0
4 -672 0
5 -672 0
7 -672 0
10 -672 0
12 -672 0
13 -672 0
15 -672 0
17 -673 0
20 -673 0
21 -673 0
23 -673 0
26 -673 0
28 -673 0
29 -673 0
31 -673 0
33 -674 0
36 -674 0
37 -674 0
39 -674 0
42 -674 0
44 -674 0
45 -674 0
47 -674 0
49 -675 0
52 -675 0
53 -675 0
55 -675 0
58 -675 0
60 -675 0
61 -675 0
63 -675 0
65 -676 0
68 -676 0
69 -676 0
71 -676 0
74 -676 0
76 -676 0
77 -676 0
79 -676 0
81 -677 0
84 -677 0
85 -677 0
87 -677 0
90 -677 0
92 -677 0
93 -677 0
95 -677 0
1 -678 0
4 -678 0
5 -678 0
8 -678 0
9 -678 0
11 -678 0
14 -678 0
15 -678 0
17 -679 0
20 -679 0
21 -679 0
24 -679 0
25 -679 0
27 -679 0
30 -679 0
31 -679 0
33 -680 0
36 -680 0
37 -680 0
40 -680 0
41 -680 0
43 -680 0
46 -680 0
47 -680 0
49 -681 0
52 -681 0
53 -681 0
56 -681 0
57 -681 0
59 -681 0
62 -681 0
63 -681 0
65 -682 0
68 -682 0
69 -682 0
72 -682 0
73 -682 0
75 -682 0
78 -682 0
79 -682 0
81 -683 0
84 -683 0
85 -683 0
88 -683 0
89 -683 0
91 -683 0
94 -683 0
95 -683 0
2 -684 0
3 -684 0
5 -684 0
7 -684 0
10 -684 0
11 -684 0
13 -684 0
16 -684 0
18 -685 0
19 -685 0
21 -685 0
23 -685 0
26 -685 0
27 -685 0
29 -685 0
32 -685 0
34 -686 0
35 -686 0
37 -686 0
39 -686 0
42 -686 0
43 -686 0
45 -686 0
48 -686 0
50 -687 0
51 -687 0
53 -687 0
55 -687 0
58 -687 0
59 -687 0
61 -687 0
64 -687 0
66 -688 0
67 -688 0
69 -688 0
71 -688 0
74 -688 0
75 -688 0
77 -688 0
80 -688 0
82 -689 0
83 -689 0
85 -689 0
87 -689 0
90 -689 0
91 -689 0
93 -689 0
96 -689 0
2 -690 0
4 -690 0
6 -690 0
7 -690 0
10 -690 0
11 -690 0
13 -690 0
15 -690 0
18 -691 0
20 -691 0
22 -691 0
23 -691 0
26 -691 0
27 -691 0
29 -691 0
31 -691 0
34 -692 0
36 -692 0
38 -692 0
39 -692 0
42 -692 0
43 -692 0
45 -692 0
47 -692 0
50 -693 0
52 -693 0
54 -693 0
55 -693 0
58 -693 0
59 -693 0
61 -693 0
63 -693 0
66 -694 0
68 -694 0
70 -694 0
71 -694 0
74 -694 0
75 -694 0
77 -694 0
79 -694 0
82 -695 0
84 -695 0
86 -695 0
87 -695 0
90 -695 0
91 -695 0
93 -695 0
95 -695 0
2 -696 0
4 -696 0
6 -696 0
8 -696 0
10 -696 0
12 -696 0
14 -696 0
16 -696 0
18 -697 0
20 -697 0
22 -697 0
24 -697 0
26 -697 0
28 -697 0
30 -697 0
32 -697 0
34 -698 0
36 -698 0
38 -698 0
40 -698 0
42 -698 0
44 -698 0
46 -698 0
48 -698 0
50 -699 0
52 -699 0
54 -699 0
56 -699 0
58 -699 0
60 -699 0
62 -699 0
64 -699 0
66 -700 0
68 -700 0
70 -700 0
72 -700 0
74 -700 0
76 -700 0
78 -700 0
80 -700 0
82 -701 0
84 -701 0
86 -701 0
88 -701 0
90 -701 0
92 -701 0
94 -701 0
96 -701 0
2 -702 0
3 -702 0
5 -702 0
7 -702 0
10 -702 0
12 -702 0
13 -702 0
16 -702 0
18 -703 0
19 -703 0
21 -703 0
23 -703 0
26 -703 0
28 -703 0
29 -703 0
32 -703 0
34 -704 0
35 -704 0
37 -704 0
39 -704 0
42 -704 0
44 -704 0
45 -704 0
48 -704 0
50 -705 0
51 -705 0
53 -705 0
55 -705 0
58 -705 0
60 -705 0
61 -705 0
64 -705 0
66 -706 0
67 -706 0
69 -706 0
71 -706 0
74 -706 0
76 -706 0
77 -706 0
80 -706 0
82 -707 0
83 -707 0
85 -707 0
87 -707 0
90 -707 0
92 -707 0
93 -707 0
96 -707 0
1 -708 0
4 -708 0
5 -708 0
7 -708 0
9 -708 0
12 -708 0
13 -708 0
16 -708 0
17 -709 0
20 -709 0
21 -709 0
23 -709 0
25 -709 0
28 -709 0
29 -709 0
32 -709 0
33 -710 0
36 -710 0
37 -710 0
39 -710 0
41 -710 0
44 -710 0
45 -710 0
48 -710 0
49 -711 0
52 -711 0
53 -711 0
55 -711 0
57 -711 0
60 -711 0
61 -711 0
64 -711 0
65 -712 0
68 -712 0
69 -712 0
71 -712 0
73 -712 0
76 -712 0
77 -712 0
80 -712 0
81 -713 0
84 -713 0
85 -713 0
87 -713 0
89 -713 0
92 -713 0
93 -713 0
96 -713 0
1 -714 0
4 -714 0
6 -714 0
7 -714 0
9 -714 0
11 -714 0
13 -714 0
16 -714 0
17 -715 0
20 -715 0
22 -715 0
23 -715 0
25 -715 0
27 -715 0
29 -715 0
32 -715 0
33 -716 0
36 -716 0
38 -716 0
39 -716 0
41 -716 0
43 -716 0
45 -716 0
48 -716 0
49 -717 0
52 -717 0
54 -717 0
55 -717 0
57 -717 0
59 -717 0
61 -717 0
64 -717 0
65 -718 0
68 -718 0
70 -718 0
71 -718 0
73 -718 0
75 -718 0
77 -718 0
80 -718 0
81 -719 0
84 -719 0
86 -719 0
87 -719 0
89 -719 0
91 -719 0
93 -719 0
96 -719 0
2 -720 0
4 -720 0
6 -720 0
8 -720 0
10 -720 0
11 -720 0
13 -720 0
16 -720 0
18 -721 0
20 -721 0
22 -721 0
24 -721 0
26 -721 0
27 -721 0
29 -721 0
32 -721 0
34 -722 0
36 -722 0
38 -722 0
40 -722 0
42 -722 0
43 -722 0
45 -722 0
48 -722 0
50 -723 0
52 -723 0
54 -723 0
56 -723 0
58 -723 0
59 -723 0
61 -723 0
64 -723 0
66 -724 0
68 -724 0
70 -724 0
72 -724 0
74 -724 0
75 -724 0
77 -724 0
80 -724 0
82 -725 0
84 -725 0
86 -725 0
88 -725 0
90 -725 0
91 -725 0
93 -725 0
96 -725 0
1 -726 0
4 -726 0
5 -726 0
7 -726 0
9 -726 0
12 -726 0
14 -726 0
16 -726 0
17 -727 0
20 -727 0
21 -727 0
23 -727 0
25 -727 0
28 -727 0
30 -727 0
32 -727 0
33 -728 0
36 -728 0
37 -728 0
39 -728 0
41 -728 0
44 -728 0
46 -728 0
48 -728 0
49 -729 0
52 -729 0
53 -729 0
55 -729 0
57 -729 0
60 -729 0
62 -729 0
64 -729 0
65 -730 0
68 -730 0
69 -730 0
71 -730 0
73 -730 0
76 -730 0
78 -730 0
80 -730 0
81 -731 0
84 -731 0
85 -731 0
87 -731 0
89 -731 0
92 -731 0
94 -731 0
96 -731 0
2 -732 0
4 -732 0
6 -732 0
8 -732 0
9 -732 0
12 -732 0
14 -732 0
16 -732 0
18 -733 0
20 -733 0
22 -733 0
24 -733 0
25 -733 0
28 -733 0
30 -733 0
32 -733 0
34 -734 0
36 -734 0
38 -734 0
40 -734 0
41 -734 0
44 -734 0
46 -734 0
48 -734 0
50 -735 0
52 -735 0
54 -735 0
56 -735 0
57 -735 0
60 -735 0
62 -735 0
64 -735 0
66 -736 0
68 -736 0
70 -736 0
72 -736 0
73 -736 0
76 -736 0
78 -736 0
80 -736 0
82 -737 0
84 -737 0
86 -737 0
88 -737 0
89 -737 0
92 -737 0
94 -737 0
96 -737 0
1 -738 0
4 -738 0
6 -738 0
7 -738 0
9 -738 0
12 -738 0
14 -738 0
15 -738 0
17 -739 0
20 -739 0
22 -739 0
23 -739 0
25 -739 0
28 -739 0
30 -739 0
31 -739 0
33 -740 0
36 -740 0
38 -740 0
39 -740 0
41 -740 0
44 -740 0
46 -740 0
47 -740 0
49 -741 0
52 -741 0
54 -741 0
55 -741 0
57 -741 0
60 -741 0
62 -741 0
63 -741 0
65 -742 0
68 -742 0
70 -742 0
71 -742 0
73 -742 0
76 -742 0
78 -742 0
79 -742 0
81 -743 0
84 -743 0
86 -743 0
87 -743 0
89 -743 0
92 -743 0
94 -743 0
95 -743 0
1 -744 0
3 -744 0
6 -744 0
8 -744 0
9 -744 0
12 -744 0
14 -744 0
16 -744 0
17 -745 0
19 -745 0
22 -745 0
24 -745 0
25 -745 0
28 -745 0
30 -745 0
32 -745 0
33 -746 0
35 -746 0
38 -746 0
40 -746 0
41 -746 0
44 -746 0
46 -746 0
48 -746 0
49 -747 0
51 -747 0
54 -747 0
56 -747 0
57 -747 0
60 -747 0
62 -747 0
64 -747 0
65 -748 0
67 -748 0
70 -748 0
72 -748 0
73 -748 0
76 -748 0
78 -748 0
80 -748 0
81 -749 0
83 -749 0
86 -749 0
88 -749 0
89 -749 0
92 -749 0
94 -749 0
96 -749 0
1 -750 0
4 -750 0
5 -750 0
8 -750 0
10 -750 0
11 -750 0
13 -750 0
16 -750 0
17 -751 0
20 -751 0
21 -751 0
24 -751 0
26 -751 0
27 -751 0
29 -751 0
32 -751 0
33 -752 0
36 -752 0
37 -752 0
40 -752 0
42 -752 0
43 -752 0
45 -752 0
48 -752 0
49 -753 0
52 -753 0
53 -753 0
56 -753 0
58 -753 0
59 -753 0
61 -753 0
64 -753 0
65 -754 0
68 -754 0
69 -754 0
72 -754 0
74 -754 0
75 -754 0
77 -754 0
80 -754 0
81 -755 0
84 -755 0
85 -755 0
88 -755 0
90 -755 0
91 -755 0
93 -755 0
96 -755 0
2 -756 0
4 -756 0
6 -756 0
8 -756 0
9 -756 0
12 -756 0
14 -756 0
16 -756 0
18 -757 0
20 -757 0
22 -757 0
24 -757 0
25 -757 0
28 -757 0
30 -757 0
32 -757 0
34 -758 0
36 -758 0
38 -758 0
40 -758 0
41 -758 0
44 -758 0
46 -758 0
48 -758 0
50 -759 0
52 -759 0
54 -759 0
56 -759 0
57 -759 0
60 -759 0
62 -759 0
64 -759 0
66 -760 0
68 -760 0
70 -760 0
72 -760 0
73 -760 0
76 -760 0
78 -760 0
80 -760 0
82 -761 0
84 -761 0
86 -761 0
88 -761 0
89 -761 0
92 -761 0
94 -761 0
96 -761 0
1 -762 0
4 -762 0
6 -762 0
8 -762 0
10 -762 0
12 -762 0
14 -762 0
15 -762 0
17 -763 0
20 -763 0
22 -763 0
24 -763 0
26 -763 0
28 -763 0
30 -763 0
31 -763 0
33 -764 0
36 -764 0
38 -764 0
40 -764 0
42 -764 0
44 -764 0
46 -764 0
47 -764 0
49 -765 0
52 -765 0
54 -765 0
56 -765 0
58 -765 0
60 -765 0
62 -765 0
63 -765 0
65 -766 0
68 -766 0
70 -766 0
72 -766 0
74 -766 0
76 -766 0
78 -766 0
79 -766 0
81 -767 0
84 -767 0
86 -767 0
88 -767 0
90 -767 0
92 -767 0
94 -767 0
95 -767 0
2 -768 0
3 -768 0
6 -768 0
8 -768 0
10 -768 0
12 -768 0
14 -768 0
16 -768 0
18 -769 0
19 -769 0
22 -769 0
24 -769 0
26 -769 0
28 -769 0
30 -769 0
32 -769 0
34 -770 0
35 -770 0
38 -770 0
40 -770 0
42 -770 0
44 -770 0
46 -770 0
48 -770 0
50 -771 0
51 -771 0
54 -771 0
56 -771 0
58 -771 0
60 -771 0
62 -771 0
64 -771 0
66 -772 0
67 -772 0
70 -772 0
72 -772 0
74 -772 0
76 -772 0
78 -772 0
80 -772 0
82 -773 0
83 -773 0
86 -773 0
88 -773 0
90 -773 0
92 -773 0
94 -773 0
96 -773 0
2 -774 0
3 -774 0
5 -774 0
8 -774 0
10 -774 0
12 -774 0
13 -774 0
16 -774 0
18 -775 0
19 -775 0
21 -775 0
24 -775 0
26 -775 0
28 -775 0
29 -775 0
32 -775 0
34 -776 0
35 -776 0
37 -776 0
40 -776 0
42 -776 0
44 -776 0
45 -776 0
48 -776 0
50 -777 0
51 -777 0
53 -777 0
56 -777 0
58 -777 0
60 -777 0
61 -777 0
64 -777 0
66 -778 0
67 -778 0
69 -778 0
72 -778 0
74 -778 0
76 -778 0
77 -778 0
80 -778 0
82 -779 0
83 -779 0
85 -779 0
88 -779 0
90 -779 0
92 -779 0
93 -779 0
96 -779 0
1 -780 0
4 -780 0
5 -780 0
7 -780 0
10 -780 0
11 -780 0
13 -780 0
15 -780 0
17 -781 0
20 -781 0
21 -781 0
23 -781 0
26 -781 0
27 -781 0
29 -781 0
31 -781 0
33 -782 0
36 -782 0
37 -782 0
39 -782 0
42 -782 0
43 -782 0
45 -782 0
47 -782 0
49 -783 0
52 -783 0
53 -783 0
55 -783 0
58 -783 0
59 -783 0
61 -783 0
63 -783 0
65 -784 0
68 -784 0
69 -784 0
71 -784 0
74 -784 0
75 -784 0
77 -784 0
79 -784 0
81 -785 0
84 -785 0
85 -785 0
87 -785 0
90 -785 0
91 -785 0
93 -785 0
95 -785 0
2 -786 0
4 -786 0
5 -786 0
8 -786 0
9 -786 0
11 -786 0
13 -786 0
16 -786 0
18 -787 0
20 -787 0
21 -787 0
24 -787 0
25 -787 0
27 -787 0
29 -787 0
32 -787 0
34 -788 0
36 -788 0
37 -788 0
40 -788 0
41 -788 0
43 -788 0
45 -788 0
48 -788 0
50 -789 0
52 -789 0
53 -789 0
56 -789 0
57 -789 0
59 -789 0
61 -789 0
64 -789 0
66 -790 0
68 -790 0
69 -790 0
72 -790 0
73 -790 0
75 -790 0
77 -790 0
80 -790 0
82 -791 0
84 -791 0
85 -791 0
88 -791 0
89 -791 0
91 -791 0
93 -791 0
96 -791 0
2 -792 0
4 -792 0
5 -792 0
7 -792 0
9 -792 0
11 -792 0
13 -792 0
16 -792 0
18 -793 0
20 -793 0
21 -793 0
23 -793 0
25 -793 0
27 -793 0
29 -793 0
32 -793 0
34 -794 0
36 -794 0
37 -794 0
39 -794 0
41 -794 0
43 -794 0
45 -794 0
48 -794 0
50 -795 0
52 -795 0
53 -795 0
55 -795 0
57 -795 0
59 -795 0
61 -795 0
64 -795 0
66 -796 0
68 -796 0
69 -796 0
71 -796 0
73 -796 0
75 -796 0
77 -796 0
80 -796 0
82 -797 0
84 -797 0
85 -797 0
87 -797 0
89 -797 0
91 -797 0
93 -797 0
96 -797 0
2 -798 0
4 -798 0
5 -798 0
7 -798 0
9 -798 0
11 -798 0
13 -798 0
16 -798 0
18 -799 0
20 -799 0
21 -799 0
23 -799 0
25 -799 0
27 -799 0
29 -799 0
32 -799 0
34 -800 0
36 -800 0
37 -800 0
39 -800 0
41 -800 0
43 -800 0
45 -800 0
48 -800 0
50 -801 0
52 -801 0
53 -801 0
55 -801 0
57 -801 0
59 -801 0
61 -801 0
64 -801 0
66 -802 0
68 -802 0
69 -802 0
71 -802 0
73 -802 0
75 -802 0
77 -802 0
80 -802 0
82 -803 0
84 -803 0
85 -803 0
87 -803 0
89 -803 0
91 -803 0
93 -803 0
96 -803 0
1 -804 0
3 -804 0
6 -804 0
8 -804 0
10 -804 0
12 -804 0
13 -804 0
16 -804 0
17 -805 0
19 -805 0
22 -805 0
24 -805 0
26 -805 0
28 -805 0
29 -805 0
32 -805 0
33 -806 0
35 -806 0
38 -806 0
40 -806 0
42 -806 0
44 -806 0
45 -806 0
48 -806 0
49 -807 0
51 -807 0
54 -807 0
56 -807 0
58 -807 0
60 -807 0
61 -807 0
64 -807 0
65 -808 0
67 -808 0
70 -808 0
72 -808 0
74 -808 0
76 -808 0
77 -808 0
80 -808 0
81 -809 0
83 -809 0
86 -809 0
88 -809 0
90 -809 0
92 -809 0
93 -809 0
96 -809 0
1 -810 0
4 -810 0
5 -810 0
8 -810 0
9 -810 0
12 -810 0
14 -810 0
16 -810 0
17 -811 0
20 -811 0
21 -811 0
24 -811 0
25 -811 0
28 -811 0
30 -811 0
32 -811 0
33 -812 0
36 -812 0
37 -812 0
40 -812 0
41 -812 0
44 -812 0
46 -812 0
48 -812 0
49 -813 0
52 -813 0
53 -813 0
56 -813 0
57 -813 0
60 -813 0
62 -813 0
64 -813 0
65 -814 0
68 -814 0
69 -814 0
72 -814 0
73 -814 0
76 -814 0
78 -814 0
80 -814 0
81 -815 0
84 -815 0
85 -815 0
88 -815 0
89 -815 0
92 -815 0
94 -815 0
96 -815 0
97 98 99 100 101 102 0
103 104 105 106 107 108 0
109 110 111 112 113 114 0
115 116 117 118 119 120 0
121 122 123 124 125 126 0
127 128 129 130 131 132 0
133 134 135 136 137 138 0
139 140 141 142 143 144 0
145 146 147 148 149 150 0
151 152 153 154 155 156 0
157 158 159 160 161 162 0
163 164 165 166 167 168 0
169 170 171 172 173 174 0
175 176 177 178 179 180 0
181 182 183 184 185 186 0
187 188 189 190 191 192 0
193 194 195 196 197 198 0
199 200 201 202 203 204 0
205 206 207 208 209 210 0
211 212 213 214 215 216 0
217 218 219 220 221 222 0
223 224 225 226 227 228 0
229 230 231 232 233 234 0
235 236 237 238 239 240 0
241 242 243 244 245 246 0
247 248 249 250 251 252 0
253 254 255 256 257 258 0
259 260 261 262 263 264 0
265 266 267 268 269 270 0
271 272 273 274 275 276 0
277 278 279 280 281 282 0
283 284 285 286 287 288 0
289 290 291 292 293 294 0
295 296 297 298 299 300 0
301 302 303 304 305 306 0
307 308 309 310 311 312 0
313 314 315 316 317 318 0
319 320 321 322 323 324 0
325 326 327 328 329 330 0
331 332 333 334 335 336 0
337 338 339 340 341 342 0
343 344 345 346 347 348 0
349 350 351 352 353 354 0
355 356 357 358 359 360 0
361 362 363 364 365 366 0
367 368 369 370 371 372 0
373 374 375 376 377 0
378 379 380 381 382 383 0
384 385 386 387 388 389 0
390 391 392 393 394 395 0
396 397 398 399 400 401 0
402 403 404 405 406 407 0
408 409 410 411 412 413 0
414 415 416 417 418 419 0
420 421 422 423 424 425 0
426 427 428 429 430 431 0
432 433 434 435 436 437 0
438 439 440 441 442 443 0
444 445 446 447 448 449 0
450 451 452 453 454 455 0
456 457 458 459 460 461 0
462 463 464 465 466 467 0
468 469 470 471 472 473 0
474 475 476 477 478 479 0
480 481 482 483 484 485 0
486 487 488 489 490 491 0
492 493 494 495 496 497 0
498 499 500 501 502 503 0
504 505 506 507 508 509 0
510 511 512 513 514 515 0
516 517 518 519 520 521 0
522 523 524 525 526 527 0
528 529 530 531 532 533 0
534 535 536 537 538 539 0
540 541 542 543 544 545 0
546 547 548 549 550 551 0
552 553 554 555 556 557 0
558 559 560 561 562 563 0
564 565 566 567 568 569 0
570 571 572 573 574 575 0
576 577 578 579 580 581 0
582 583 584 585 586 587 0
588 589 590 591 592 593 0
594 595 596 597 598 599 0
600 601 602 603 604 605 0
606 607 608 609 610 611 0
612 613 614 615 616 617 0
618 619 620 621 622 623 0
624 625 626 627 628 629 0
630 631 632 633 634 635 0
636 637 638 639 640 641 0
642 643 644 645 646 647 0
648 649 650 651 652 653 0
654 655 656 657 658 659 0
660 661 662 663 664 665 0
666 667 668 669 670 671 0
672 673 674 675 676 677 0
678 679 680 681 682 683 0
684 685 686 687 688 689 0
690 691 692 693 694 695 0
696 697 698 699 700 701 0
702 703 704 705 706 707 0
708 709 710 711 712 713 0
714 715 716 717 718 719 0
720 721 722 723 724 725 0
726 727 728 729 730 731 0
732 733 734 735 736 737 0
738 739 740 741 742 743 0
744 745 746 747 748 749 0
750 751 752 753 754 755 0
756 757 758 759 760 761 0
762 763 764 765 766 767 0
768 769 770 771 772 773 0
774 775 776 777 778 779 0
780 781 782 783 784 785 0
786 787 788 789 790 791 0
792 793 794 795 796 797 0
798 799 800 801 802 803 0
804 805 806 807 808 809 0
810 811 812 813 814 815 0
