p cnf 497 2971
1 2 0
3 4 0
5 6 0
7 8 0
10 11 0
12 13 0
14 15 0
16 17 0
18 19 0
20 21 0
22 23 0
24 25 0
26 27 0
28 29 0
30 31 0
32 33 0
34 35 0
36 37 0
38 39 0
40 41 0
42 43 0
44 45 0
46 47 0
48 49 0
50 51 0
52 53 0
54 55 0
56 57 0
58 59 0
60 61 0
62 63 0
64 65 0
66 67 0
68 69 0
70 71 0
72 73 0
74 75 0
76 77 0
79 80 0
81 82 0
83 0
84 85 0
86 87 0
88 89 0
90 91 0
92 93 0
94 95 0
96 97 0
98 99 0
100 101 0
102 103 0
104 105 0
106 107 0
108 109 0
110 111 0
112 113 0
114 115 0
116 117 0
118 119 0
120 121 0
122 123 0
124 125 0
126 127 0
128 129 0
130 131 0
132 133 0
134 135 0
136 137 0
139 140 0
141 142 0
143 144 0
145 146 0
147 148 0
149 150 0
151 152 0
153 0
154 155 0
-1 -4 -5 -8 -11 -12 -15 0
-16 -19 -20 -23 -24 -27 -28 -31 0
-32 -35 -36 -39 -40 -43 -44 -47 0
-48 -51 -52 -55 -56 -59 -60 -63 0
-64 -67 -68 -71 -72 -75 -76 -78 0
-94 -97 -98 -101 -102 -105 -106 -109 0
-110 -113 -114 -117 -118 -121 -122 -125 0
-126 -129 -130 -133 -134 -137 -140 0
-2 -3 -6 -7 -11 -12 -15 0
-17 -18 -21 -22 -24 -27 -28 -31 0
-33 -34 -37 -38 -40 -43 -44 -47 0
-49 -50 -53 -54 -56 -59 -60 -63 0
-65 -66 -69 -70 -72 -75 -76 -78 0
-80 -81 -83 -84 -86 -89 -90 -93 0
-95 -96 -99 -100 -102 -105 -106 -109 0
-111 -112 -115 -116 -118 -121 -122 -125 0
-127 -128 -131 -132 -134 -137 -140 0
-1 -4 -5 -7 -10 -12 -15 0
-16 -19 -20 -22 -24 -26 -28 -31 0
-32 -35 -36 -38 -40 -42 -44 -47 0
-48 -51 -52 -54 -56 -58 -60 -63 0
-64 -67 -68 -70 -72 -74 -76 -78 0
-94 -97 -98 -100 -102 -104 -106 -109 0
-110 -113 -114 -116 -118 -120 -122 -125 0
-126 -129 -130 -132 -134 -136 -140 0
-1 -4 -6 -8 -11 -12 -15 0
-16 -19 -21 -23 -24 -27 -28 -31 0
-32 -35 -37 -39 -40 -43 -44 -47 0
-48 -51 -53 -55 -56 -59 -60 -63 0
-64 -67 -69 -71 -72 -75 -76 -78 0
-79 -82 -83 -85 -86 -89 -90 -93 0
-94 -97 -99 -101 -102 -105 -106 -109 0
-110 -113 -115 -117 -118 -121 -122 -125 0
-126 -129 -131 -133 -134 -137 -140 0
-1 -3 -6 -7 -10 -12 -15 0
-16 -18 -21 -22 -24 -26 -28 -31 0
-32 -34 -37 -38 -40 -42 -44 -47 0
-48 -50 -53 -54 -56 -58 -60 -63 0
-64 -66 -69 -70 -72 -74 -76 -78 0
-79 -81 -83 -84 -86 -88 -90 -93 0
-94 -96 -99 -100 -102 -104 -106 -109 0
-110 -112 -115 -116 -118 -120 -122 -125 0
-126 -128 -131 -132 -134 -136 -140 0
-2 -3 -5 -8 -11 -12 -15 0
-17 -18 -20 -23 -24 -27 -28 -31 0
-33 -34 -36 -39 -40 -43 -44 -47 0
-49 -50 -52 -55 -56 -59 -60 -63 0
-65 -66 -68 -71 -72 -75 -76 -78 0
-95 -96 -98 -101 -102 -105 -106 -109 0
-111 -112 -114 -117 -118 -121 -122 -125 0
-127 -128 -130 -133 -134 -137 -140 0
-2 -3 -5 -8 -10 -12 -15 0
-17 -18 -20 -23 -24 -26 -28 -31 0
-33 -34 -36 -39 -40 -42 -44 -47 0
-49 -50 -52 -55 -56 -58 -60 -63 0
-65 -66 -68 -71 -72 -74 -76 -78 0
-95 -96 -98 -101 -102 -104 -106 -109 0
-111 -112 -114 -117 -118 -120 -122 -125 0
-127 -128 -130 -133 -134 -136 -140 0
-2 -4 -6 -8 -10 -12 -14 0
-17 -19 -21 -23 -24 -26 -28 -30 0
-33 -35 -37 -39 -40 -42 -44 -46 0
-49 -51 -53 -55 -56 -58 -60 -62 0
-65 -67 -69 -71 -72 -74 -76 0
-80 -82 -83 -85 -86 -88 -90 -92 0
-95 -97 -99 -101 -102 -104 -106 -108 0
-111 -113 -115 -117 -118 -120 -122 -124 0
-127 -129 -131 -133 -134 -136 -139 0
-2 -3 -5 -8 -10 -12 -14 0
-17 -18 -20 -23 -24 -26 -28 -30 0
-33 -34 -36 -39 -40 -42 -44 -46 0
-49 -50 -52 -55 -56 -58 -60 -62 0
-65 -66 -68 -71 -72 -74 -76 0
-95 -96 -98 -101 -102 -104 -106 -108 0
-111 -112 -114 -117 -118 -120 -122 -124 0
-127 -128 -130 -133 -134 -136 -139 0
-1 -4 -5 -8 -10 -12 -15 0
-16 -19 -20 -23 -24 -26 -28 -31 0
-32 -35 -36 -39 -40 -42 -44 -47 0
-48 -51 -52 -55 -56 -58 -60 -63 0
-64 -67 -68 -71 -72 -74 -76 -78 0
-94 -97 -98 -101 -102 -104 -106 -109 0
-110 -113 -114 -117 -118 -120 -122 -125 0
-126 -129 -130 -133 -134 -136 -140 0
-2 -4 -6 -7 -11 -12 -15 0
-17 -19 -21 -22 -24 -27 -28 -31 0
-33 -35 -37 -38 -40 -43 -44 -47 0
-49 -51 -53 -54 -56 -59 -60 -63 0
-65 -67 -69 -70 -72 -75 -76 -78 0
-80 -82 -83 -84 -86 -89 -90 -93 0
-95 -97 -99 -100 -102 -105 -106 -109 0
-111 -113 -115 -116 -118 -121 -122 -125 0
-127 -129 -131 -132 -134 -137 -140 0
-2 -3 -5 -8 -11 -12 -15 0
-17 -18 -20 -23 -24 -27 -28 -31 0
-33 -34 -36 -39 -40 -43 -44 -47 0
-49 -50 -52 -55 -56 -59 -60 -63 0
-65 -66 -68 -71 -72 -75 -76 -78 0
-95 -96 -98 -101 -102 -105 -106 -109 0
-111 -112 -114 -117 -118 -121 -122 -125 0
-127 -128 -130 -133 -134 -137 -140 0
-1 -3 -6 -8 -10 -12 -15 0
-16 -18 -21 -23 -24 -26 -28 -31 0
-32 -34 -37 -39 -40 -42 -44 -47 0
-48 -50 -53 -55 -56 -58 -60 -63 0
-64 -66 -69 -71 -72 -74 -76 -78 0
-79 -81 -83 -85 -86 -88 -90 -93 0
-94 -96 -99 -101 -102 -104 -106 -109 0
-110 -112 -115 -117 -118 -120 -122 -125 0
-126 -128 -131 -133 -134 -136 -140 0
-1 -3 -5 -8 -11 -12 -15 0
-16 -18 -20 -23 -24 -27 -28 -31 0
-32 -34 -36 -39 -40 -43 -44 -47 0
-48 -50 -52 -55 -56 -59 -60 -63 0
-64 -66 -68 -71 -72 -75 -76 -78 0
-94 -96 -98 -101 -102 -105 -106 -109 0
-110 -112 -114 -117 -118 -121 -122 -125 0
-126 -128 -130 -133 -134 -137 -140 0
-2 -4 -5 -8 -10 -12 -15 0
-17 -19 -20 -23 -24 -26 -28 -31 0
-33 -35 -36 -39 -40 -42 -44 -47 0
-49 -51 -52 -55 -56 -58 -60 -63 0
-65 -67 -68 -71 -72 -74 -76 -78 0
-95 -97 -98 -101 -102 -104 -106 -109 0
-111 -113 -114 -117 -118 -120 -122 -125 0
-127 -129 -130 -133 -134 -136 -140 0
1 -156 0
4 -156 0
6 -156 0
8 -156 0
9 -156 0
11 -156 0
12 -156 0
15 -156 0
16 -157 0
19 -157 0
21 -157 0
23 -157 0
25 -157 0
27 -157 0
28 -157 0
31 -157 0
32 -158 0
35 -158 0
37 -158 0
39 -158 0
41 -158 0
43 -158 0
44 -158 0
47 -158 0
48 -159 0
51 -159 0
53 -159 0
55 -159 0
57 -159 0
59 -159 0
60 -159 0
63 -159 0
64 -160 0
67 -160 0
69 -160 0
71 -160 0
73 -160 0
75 -160 0
76 -160 0
78 -160 0
79 -161 0
82 -161 0
83 -161 0
85 -161 0
87 -161 0
89 -161 0
90 -161 0
93 -161 0
94 -162 0
97 -162 0
99 -162 0
101 -162 0
103 -162 0
105 -162 0
106 -162 0
109 -162 0
110 -163 0
113 -163 0
115 -163 0
117 -163 0
119 -163 0
121 -163 0
122 -163 0
125 -163 0
126 -164 0
129 -164 0
131 -164 0
133 -164 0
135 -164 0
137 -164 0
140 -164 0
141 -165 0
144 -165 0
146 -165 0
148 -165 0
150 -165 0
152 -165 0
-165 0
155 -165 0
1 -166 0
4 -166 0
6 -166 0
8 -166 0
11 -166 0
13 -166 0
15 -166 0
16 -167 0
19 -167 0
21 -167 0
23 -167 0
24 -167 0
27 -167 0
29 -167 0
31 -167 0
32 -168 0
35 -168 0
37 -168 0
39 -168 0
40 -168 0
43 -168 0
45 -168 0
47 -168 0
48 -169 0
51 -169 0
53 -169 0
55 -169 0
56 -169 0
59 -169 0
61 -169 0
63 -169 0
64 -170 0
67 -170 0
69 -170 0
71 -170 0
72 -170 0
75 -170 0
77 -170 0
78 -170 0
79 -171 0
82 -171 0
83 -171 0
85 -171 0
86 -171 0
89 -171 0
91 -171 0
93 -171 0
94 -172 0
97 -172 0
99 -172 0
101 -172 0
102 -172 0
105 -172 0
107 -172 0
109 -172 0
110 -173 0
113 -173 0
115 -173 0
117 -173 0
118 -173 0
121 -173 0
123 -173 0
125 -173 0
126 -174 0
129 -174 0
131 -174 0
133 -174 0
134 -174 0
137 -174 0
138 -174 0
140 -174 0
141 -175 0
144 -175 0
146 -175 0
148 -175 0
149 -175 0
152 -175 0
153 -175 0
155 -175 0
1 -176 0
4 -176 0
5 -176 0
7 -176 0
9 -176 0
10 -176 0
12 -176 0
15 -176 0
16 -177 0
19 -177 0
20 -177 0
22 -177 0
25 -177 0
26 -177 0
28 -177 0
31 -177 0
32 -178 0
35 -178 0
36 -178 0
38 -178 0
41 -178 0
42 -178 0
44 -178 0
47 -178 0
48 -179 0
51 -179 0
52 -179 0
54 -179 0
57 -179 0
58 -179 0
60 -179 0
63 -179 0
64 -180 0
67 -180 0
68 -180 0
70 -180 0
73 -180 0
74 -180 0
76 -180 0
78 -180 0
79 -181 0
82 -181 0
-181 0
84 -181 0
87 -181 0
88 -181 0
90 -181 0
93 -181 0
94 -182 0
97 -182 0
98 -182 0
100 -182 0
103 -182 0
104 -182 0
106 -182 0
109 -182 0
110 -183 0
113 -183 0
114 -183 0
116 -183 0
119 -183 0
120 -183 0
122 -183 0
125 -183 0
126 -184 0
129 -184 0
130 -184 0
132 -184 0
135 -184 0
136 -184 0
140 -184 0
141 -185 0
144 -185 0
145 -185 0
147 -185 0
150 -185 0
151 -185 0
-185 0
155 -185 0
2 -186 0
3 -186 0
6 -186 0
7 -186 0
9 -186 0
11 -186 0
13 -186 0
14 -186 0
17 -187 0
18 -187 0
21 -187 0
22 -187 0
25 -187 0
27 -187 0
29 -187 0
30 -187 0
33 -188 0
34 -188 0
37 -188 0
38 -188 0
41 -188 0
43 -188 0
45 -188 0
46 -188 0
49 -189 0
50 -189 0
53 -189 0
54 -189 0
57 -189 0
59 -189 0
61 -189 0
62 -189 0
65 -190 0
66 -190 0
69 -190 0
70 -190 0
73 -190 0
75 -190 0
77 -190 0
80 -191 0
81 -191 0
83 -191 0
84 -191 0
87 -191 0
89 -191 0
91 -191 0
92 -191 0
95 -192 0
96 -192 0
99 -192 0
100 -192 0
103 -192 0
105 -192 0
107 -192 0
108 -192 0
111 -193 0
112 -193 0
115 -193 0
116 -193 0
119 -193 0
121 -193 0
123 -193 0
124 -193 0
127 -194 0
128 -194 0
131 -194 0
132 -194 0
135 -194 0
137 -194 0
138 -194 0
139 -194 0
142 -195 0
143 -195 0
146 -195 0
147 -195 0
150 -195 0
152 -195 0
153 -195 0
154 -195 0
1 -196 0
3 -196 0
5 -196 0
8 -196 0
11 -196 0
13 -196 0
14 -196 0
16 -197 0
18 -197 0
20 -197 0
23 -197 0
24 -197 0
27 -197 0
29 -197 0
30 -197 0
32 -198 0
34 -198 0
36 -198 0
39 -198 0
40 -198 0
43 -198 0
45 -198 0
46 -198 0
48 -199 0
50 -199 0
52 -199 0
55 -199 0
56 -199 0
59 -199 0
61 -199 0
62 -199 0
64 -200 0
66 -200 0
68 -200 0
71 -200 0
72 -200 0
75 -200 0
77 -200 0
79 -201 0
81 -201 0
-201 0
85 -201 0
86 -201 0
89 -201 0
91 -201 0
92 -201 0
94 -202 0
96 -202 0
98 -202 0
101 -202 0
102 -202 0
105 -202 0
107 -202 0
108 -202 0
110 -203 0
112 -203 0
114 -203 0
117 -203 0
118 -203 0
121 -203 0
123 -203 0
124 -203 0
126 -204 0
128 -204 0
130 -204 0
133 -204 0
134 -204 0
137 -204 0
138 -204 0
139 -204 0
141 -205 0
143 -205 0
145 -205 0
148 -205 0
149 -205 0
152 -205 0
153 -205 0
154 -205 0
1 -206 0
3 -206 0
5 -206 0
8 -206 0
9 -206 0
10 -206 0
12 -206 0
14 -206 0
16 -207 0
18 -207 0
20 -207 0
23 -207 0
25 -207 0
26 -207 0
28 -207 0
30 -207 0
32 -208 0
34 -208 0
36 -208 0
39 -208 0
41 -208 0
42 -208 0
44 -208 0
46 -208 0
48 -209 0
50 -209 0
52 -209 0
55 -209 0
57 -209 0
58 -209 0
60 -209 0
62 -209 0
64 -210 0
66 -210 0
68 -210 0
71 -210 0
73 -210 0
74 -210 0
76 -210 0
79 -211 0
81 -211 0
-211 0
85 -211 0
87 -211 0
88 -211 0
90 -211 0
92 -211 0
94 -212 0
96 -212 0
98 -212 0
101 -212 0
103 -212 0
104 -212 0
106 -212 0
108 -212 0
110 -213 0
112 -213 0
114 -213 0
117 -213 0
119 -213 0
120 -213 0
122 -213 0
124 -213 0
126 -214 0
128 -214 0
130 -214 0
133 -214 0
135 -214 0
136 -214 0
139 -214 0
141 -215 0
143 -215 0
145 -215 0
148 -215 0
150 -215 0
151 -215 0
-215 0
154 -215 0
1 -216 0
4 -216 0
5 -216 0
7 -216 0
9 -216 0
11 -216 0
13 -216 0
15 -216 0
16 -217 0
19 -217 0
20 -217 0
22 -217 0
25 -217 0
27 -217 0
29 -217 0
31 -217 0
32 -218 0
35 -218 0
36 -218 0
38 -218 0
41 -218 0
43 -218 0
45 -218 0
47 -218 0
48 -219 0
51 -219 0
52 -219 0
54 -219 0
57 -219 0
59 -219 0
61 -219 0
63 -219 0
64 -220 0
67 -220 0
68 -220 0
70 -220 0
73 -220 0
75 -220 0
77 -220 0
78 -220 0
79 -221 0
82 -221 0
-221 0
84 -221 0
87 -221 0
89 -221 0
91 -221 0
93 -221 0
94 -222 0
97 -222 0
98 -222 0
100 -222 0
103 -222 0
105 -222 0
107 -222 0
109 -222 0
110 -223 0
113 -223 0
114 -223 0
116 -223 0
119 -223 0
121 -223 0
123 -223 0
125 -223 0
126 -224 0
129 -224 0
130 -224 0
132 -224 0
135 -224 0
137 -224 0
138 -224 0
140 -224 0
141 -225 0
144 -225 0
145 -225 0
147 -225 0
150 -225 0
152 -225 0
153 -225 0
155 -225 0
2 -226 0
4 -226 0
6 -226 0
7 -226 0
9 -226 0
10 -226 0
12 -226 0
15 -226 0
17 -227 0
19 -227 0
21 -227 0
22 -227 0
25 -227 0
26 -227 0
28 -227 0
31 -227 0
33 -228 0
35 -228 0
37 -228 0
38 -228 0
41 -228 0
42 -228 0
44 -228 0
47 -228 0
49 -229 0
51 -229 0
53 -229 0
54 -229 0
57 -229 0
58 -229 0
60 -229 0
63 -229 0
65 -230 0
67 -230 0
69 -230 0
70 -230 0
73 -230 0
74 -230 0
76 -230 0
78 -230 0
80 -231 0
82 -231 0
83 -231 0
84 -231 0
87 -231 0
88 -231 0
90 -231 0
93 -231 0
95 -232 0
97 -232 0
99 -232 0
100 -232 0
103 -232 0
104 -232 0
106 -232 0
109 -232 0
111 -233 0
113 -233 0
115 -233 0
116 -233 0
119 -233 0
120 -233 0
122 -233 0
125 -233 0
127 -234 0
129 -234 0
131 -234 0
132 -234 0
135 -234 0
136 -234 0
140 -234 0
142 -235 0
144 -235 0
146 -235 0
147 -235 0
150 -235 0
151 -235 0
-235 0
155 -235 0
1 -236 0
4 -236 0
5 -236 0
8 -236 0
9 -236 0
11 -236 0
12 -236 0
14 -236 0
16 -237 0
19 -237 0
20 -237 0
23 -237 0
25 -237 0
27 -237 0
28 -237 0
30 -237 0
32 -238 0
35 -238 0
36 -238 0
39 -238 0
41 -238 0
43 -238 0
44 -238 0
46 -238 0
48 -239 0
51 -239 0
52 -239 0
55 -239 0
57 -239 0
59 -239 0
60 -239 0
62 -239 0
64 -240 0
67 -240 0
68 -240 0
71 -240 0
73 -240 0
75 -240 0
76 -240 0
79 -241 0
82 -241 0
-241 0
85 -241 0
87 -241 0
89 -241 0
90 -241 0
92 -241 0
94 -242 0
97 -242 0
98 -242 0
101 -242 0
103 -242 0
105 -242 0
106 -242 0
108 -242 0
110 -243 0
113 -243 0
114 -243 0
117 -243 0
119 -243 0
121 -243 0
122 -243 0
124 -243 0
141 -244 0
144 -244 0
145 -244 0
148 -244 0
150 -244 0
152 -244 0
-244 0
154 -244 0
1 -245 0
3 -245 0
6 -245 0
7 -245 0
9 -245 0
10 -245 0
13 -245 0
15 -245 0
16 -246 0
18 -246 0
21 -246 0
22 -246 0
25 -246 0
26 -246 0
29 -246 0
31 -246 0
32 -247 0
34 -247 0
37 -247 0
38 -247 0
41 -247 0
42 -247 0
45 -247 0
47 -247 0
48 -248 0
50 -248 0
53 -248 0
54 -248 0
57 -248 0
58 -248 0
61 -248 0
63 -248 0
64 -249 0
66 -249 0
69 -249 0
70 -249 0
73 -249 0
74 -249 0
77 -249 0
78 -249 0
79 -250 0
81 -250 0
83 -250 0
84 -250 0
87 -250 0
88 -250 0
91 -250 0
93 -250 0
94 -251 0
96 -251 0
99 -251 0
100 -251 0
103 -251 0
104 -251 0
107 -251 0
109 -251 0
110 -252 0
112 -252 0
115 -252 0
116 -252 0
119 -252 0
120 -252 0
123 -252 0
125 -252 0
126 -253 0
128 -253 0
131 -253 0
132 -253 0
135 -253 0
136 -253 0
138 -253 0
140 -253 0
141 -254 0
143 -254 0
146 -254 0
147 -254 0
150 -254 0
151 -254 0
153 -254 0
155 -254 0
2 -255 0
3 -255 0
5 -255 0
8 -255 0
9 -255 0
10 -255 0
12 -255 0
14 -255 0
17 -256 0
18 -256 0
20 -256 0
23 -256 0
25 -256 0
26 -256 0
28 -256 0
30 -256 0
33 -257 0
34 -257 0
36 -257 0
39 -257 0
41 -257 0
42 -257 0
44 -257 0
46 -257 0
49 -258 0
50 -258 0
52 -258 0
55 -258 0
57 -258 0
58 -258 0
60 -258 0
62 -258 0
65 -259 0
66 -259 0
68 -259 0
71 -259 0
73 -259 0
74 -259 0
76 -259 0
80 -260 0
81 -260 0
-260 0
85 -260 0
87 -260 0
88 -260 0
90 -260 0
92 -260 0
95 -261 0
96 -261 0
98 -261 0
101 -261 0
103 -261 0
104 -261 0
106 -261 0
108 -261 0
111 -262 0
112 -262 0
114 -262 0
117 -262 0
119 -262 0
120 -262 0
122 -262 0
124 -262 0
127 -263 0
128 -263 0
130 -263 0
133 -263 0
135 -263 0
136 -263 0
139 -263 0
142 -264 0
143 -264 0
145 -264 0
148 -264 0
150 -264 0
151 -264 0
-264 0
154 -264 0
1 -265 0
3 -265 0
6 -265 0
7 -265 0
11 -265 0
13 -265 0
14 -265 0
16 -266 0
18 -266 0
21 -266 0
22 -266 0
24 -266 0
27 -266 0
29 -266 0
30 -266 0
32 -267 0
34 -267 0
37 -267 0
38 -267 0
40 -267 0
43 -267 0
45 -267 0
46 -267 0
48 -268 0
50 -268 0
53 -268 0
54 -268 0
56 -268 0
59 -268 0
61 -268 0
62 -268 0
64 -269 0
66 -269 0
69 -269 0
70 -269 0
72 -269 0
75 -269 0
77 -269 0
79 -270 0
81 -270 0
83 -270 0
84 -270 0
86 -270 0
89 -270 0
91 -270 0
92 -270 0
94 -271 0
96 -271 0
99 -271 0
100 -271 0
102 -271 0
105 -271 0
107 -271 0
108 -271 0
110 -272 0
112 -272 0
115 -272 0
116 -272 0
118 -272 0
121 -272 0
123 -272 0
124 -272 0
126 -273 0
128 -273 0
131 -273 0
132 -273 0
134 -273 0
137 -273 0
138 -273 0
139 -273 0
141 -274 0
143 -274 0
146 -274 0
147 -274 0
149 -274 0
152 -274 0
153 -274 0
154 -274 0
1 -275 0
4 -275 0
6 -275 0
7 -275 0
9 -275 0
10 -275 0
12 -275 0
15 -275 0
16 -276 0
19 -276 0
21 -276 0
22 -276 0
25 -276 0
26 -276 0
28 -276 0
31 -276 0
32 -277 0
35 -277 0
37 -277 0
38 -277 0
41 -277 0
42 -277 0
44 -277 0
47 -277 0
48 -278 0
51 -278 0
53 -278 0
54 -278 0
57 -278 0
58 -278 0
60 -278 0
63 -278 0
64 -279 0
67 -279 0
69 -279 0
70 -279 0
73 -279 0
74 -279 0
76 -279 0
78 -279 0
79 -280 0
82 -280 0
83 -280 0
84 -280 0
87 -280 0
88 -280 0
90 -280 0
93 -280 0
94 -281 0
97 -281 0
99 -281 0
100 -281 0
103 -281 0
104 -281 0
106 -281 0
109 -281 0
110 -282 0
113 -282 0
115 -282 0
116 -282 0
119 -282 0
120 -282 0
122 -282 0
125 -282 0
126 -283 0
129 -283 0
131 -283 0
132 -283 0
135 -283 0
136 -283 0
140 -283 0
141 -284 0
144 -284 0
146 -284 0
147 -284 0
150 -284 0
151 -284 0
-284 0
155 -284 0
1 -285 0
4 -285 0
6 -285 0
8 -285 0
9 -285 0
11 -285 0
12 -285 0
15 -285 0
16 -286 0
19 -286 0
21 -286 0
23 -286 0
25 -286 0
27 -286 0
28 -286 0
31 -286 0
32 -287 0
35 -287 0
37 -287 0
39 -287 0
41 -287 0
43 -287 0
44 -287 0
47 -287 0
48 -288 0
51 -288 0
53 -288 0
55 -288 0
57 -288 0
59 -288 0
60 -288 0
63 -288 0
64 -289 0
67 -289 0
69 -289 0
71 -289 0
73 -289 0
75 -289 0
76 -289 0
78 -289 0
79 -290 0
82 -290 0
83 -290 0
85 -290 0
87 -290 0
89 -290 0
90 -290 0
93 -290 0
94 -291 0
97 -291 0
99 -291 0
101 -291 0
103 -291 0
105 -291 0
106 -291 0
109 -291 0
110 -292 0
113 -292 0
115 -292 0
117 -292 0
119 -292 0
121 -292 0
122 -292 0
125 -292 0
126 -293 0
129 -293 0
131 -293 0
133 -293 0
135 -293 0
137 -293 0
140 -293 0
141 -294 0
144 -294 0
146 -294 0
148 -294 0
150 -294 0
152 -294 0
-294 0
155 -294 0
1 -295 0
3 -295 0
5 -295 0
8 -295 0
10 -295 0
13 -295 0
15 -295 0
16 -296 0
18 -296 0
20 -296 0
23 -296 0
24 -296 0
26 -296 0
29 -296 0
31 -296 0
32 -297 0
34 -297 0
36 -297 0
39 -297 0
40 -297 0
42 -297 0
45 -297 0
47 -297 0
48 -298 0
50 -298 0
52 -298 0
55 -298 0
56 -298 0
58 -298 0
61 -298 0
63 -298 0
64 -299 0
66 -299 0
68 -299 0
71 -299 0
72 -299 0
74 -299 0
77 -299 0
78 -299 0
79 -300 0
81 -300 0
-300 0
85 -300 0
86 -300 0
88 -300 0
91 -300 0
93 -300 0
94 -301 0
96 -301 0
98 -301 0
101 -301 0
102 -301 0
104 -301 0
107 -301 0
109 -301 0
110 -302 0
112 -302 0
114 -302 0
117 -302 0
118 -302 0
120 -302 0
123 -302 0
125 -302 0
126 -303 0
128 -303 0
130 -303 0
133 -303 0
134 -303 0
136 -303 0
138 -303 0
140 -303 0
141 -304 0
143 -304 0
145 -304 0
148 -304 0
149 -304 0
151 -304 0
153 -304 0
155 -304 0
2 -305 0
4 -305 0
5 -305 0
8 -305 0
10 -305 0
13 -305 0
15 -305 0
17 -306 0
19 -306 0
20 -306 0
23 -306 0
24 -306 0
26 -306 0
29 -306 0
31 -306 0
33 -307 0
35 -307 0
36 -307 0
39 -307 0
40 -307 0
42 -307 0
45 -307 0
47 -307 0
49 -308 0
51 -308 0
52 -308 0
55 -308 0
56 -308 0
58 -308 0
61 -308 0
63 -308 0
65 -309 0
67 -309 0
68 -309 0
71 -309 0
72 -309 0
74 -309 0
77 -309 0
78 -309 0
80 -310 0
82 -310 0
-310 0
85 -310 0
86 -310 0
88 -310 0
91 -310 0
93 -310 0
95 -311 0
97 -311 0
98 -311 0
101 -311 0
102 -311 0
104 -311 0
107 -311 0
109 -311 0
111 -312 0
113 -312 0
114 -312 0
117 -312 0
118 -312 0
120 -312 0
123 -312 0
125 -312 0
127 -313 0
129 -313 0
130 -313 0
133 -313 0
134 -313 0
136 -313 0
138 -313 0
140 -313 0
142 -314 0
144 -314 0
145 -314 0
148 -314 0
149 -314 0
151 -314 0
153 -314 0
155 -314 0
1 -315 0
4 -315 0
5 -315 0
7 -315 0
9 -315 0
10 -315 0
13 -315 0
15 -315 0
16 -316 0
19 -316 0
20 -316 0
22 -316 0
25 -316 0
26 -316 0
29 -316 0
31 -316 0
32 -317 0
35 -317 0
36 -317 0
38 -317 0
41 -317 0
42 -317 0
45 -317 0
47 -317 0
48 -318 0
51 -318 0
52 -318 0
54 -318 0
57 -318 0
58 -318 0
61 -318 0
63 -318 0
64 -319 0
67 -319 0
68 -319 0
70 -319 0
73 -319 0
74 -319 0
77 -319 0
78 -319 0
79 -320 0
82 -320 0
-320 0
84 -320 0
87 -320 0
88 -320 0
91 -320 0
93 -320 0
94 -321 0
97 -321 0
98 -321 0
100 -321 0
103 -321 0
104 -321 0
107 -321 0
109 -321 0
110 -322 0
113 -322 0
114 -322 0
116 -322 0
119 -322 0
120 -322 0
123 -322 0
125 -322 0
126 -323 0
129 -323 0
130 -323 0
132 -323 0
135 -323 0
136 -323 0
138 -323 0
140 -323 0
141 -324 0
144 -324 0
145 -324 0
147 -324 0
150 -324 0
151 -324 0
153 -324 0
155 -324 0
2 -325 0
4 -325 0
6 -325 0
7 -325 0
10 -325 0
13 -325 0
15 -325 0
17 -326 0
19 -326 0
21 -326 0
22 -326 0
24 -326 0
26 -326 0
29 -326 0
31 -326 0
33 -327 0
35 -327 0
37 -327 0
38 -327 0
40 -327 0
42 -327 0
45 -327 0
47 -327 0
49 -328 0
51 -328 0
53 -328 0
54 -328 0
56 -328 0
58 -328 0
61 -328 0
63 -328 0
65 -329 0
67 -329 0
69 -329 0
70 -329 0
72 -329 0
74 -329 0
77 -329 0
78 -329 0
80 -330 0
82 -330 0
83 -330 0
84 -330 0
86 -330 0
88 -330 0
91 -330 0
93 -330 0
95 -331 0
97 -331 0
99 -331 0
100 -331 0
102 -331 0
104 -331 0
107 -331 0
109 -331 0
111 -332 0
113 -332 0
115 -332 0
116 -332 0
118 -332 0
120 -332 0
123 -332 0
125 -332 0
127 -333 0
129 -333 0
131 -333 0
132 -333 0
134 -333 0
136 -333 0
138 -333 0
140 -333 0
142 -334 0
144 -334 0
146 -334 0
147 -334 0
149 -334 0
151 -334 0
153 -334 0
155 -334 0
1 -335 0
3 -335 0
5 -335 0
7 -335 0
11 -335 0
13 -335 0
15 -335 0
16 0
18 0
20 0
22 0
24 0
27 0
29 0
31 0
32 -336 0
34 -336 0
36 -336 0
38 -336 0
40 -336 0
43 -336 0
45 -336 0
47 -336 0
48 -337 0
50 -337 0
52 -337 0
54 -337 0
56 -337 0
59 -337 0
61 -337 0
63 -337 0
64 -338 0
66 -338 0
68 -338 0
70 -338 0
72 -338 0
75 -338 0
77 -338 0
78 -338 0
79 -339 0
81 -339 0
-339 0
84 -339 0
86 -339 0
89 -339 0
91 -339 0
93 -339 0
94 -340 0
96 -340 0
98 -340 0
100 -340 0
102 -340 0
105 -340 0
107 -340 0
109 -340 0
110 -341 0
112 -341 0
114 -341 0
116 -341 0
118 -341 0
121 -341 0
123 -341 0
125 -341 0
126 -342 0
128 -342 0
130 -342 0
132 -342 0
134 -342 0
137 -342 0
138 -342 0
140 -342 0
141 -343 0
143 -343 0
145 -343 0
147 -343 0
149 -343 0
152 -343 0
153 -343 0
155 -343 0
2 -344 0
3 -344 0
5 -344 0
8 -344 0
11 -344 0
13 -344 0
15 -344 0
17 -345 0
18 -345 0
20 -345 0
23 -345 0
24 -345 0
27 -345 0
29 -345 0
31 -345 0
33 -346 0
34 -346 0
36 -346 0
39 -346 0
40 -346 0
43 -346 0
45 -346 0
47 -346 0
49 -347 0
50 -347 0
52 -347 0
55 -347 0
56 -347 0
59 -347 0
61 -347 0
63 -347 0
65 -348 0
66 -348 0
68 -348 0
71 -348 0
72 -348 0
75 -348 0
77 -348 0
78 -348 0
80 -349 0
81 -349 0
-349 0
85 -349 0
86 -349 0
89 -349 0
91 -349 0
93 -349 0
95 -350 0
96 -350 0
98 -350 0
101 -350 0
102 -350 0
105 -350 0
107 -350 0
109 -350 0
111 -351 0
112 -351 0
114 -351 0
117 -351 0
118 -351 0
121 -351 0
123 -351 0
125 -351 0
127 -352 0
128 -352 0
130 -352 0
133 -352 0
134 -352 0
137 -352 0
138 -352 0
140 -352 0
142 -353 0
143 -353 0
145 -353 0
148 -353 0
149 -353 0
152 -353 0
153 -353 0
155 -353 0
2 -354 0
3 -354 0
6 -354 0
8 -354 0
9 -354 0
11 -354 0
12 -354 0
15 -354 0
17 -355 0
18 -355 0
21 -355 0
23 -355 0
25 -355 0
27 -355 0
28 -355 0
31 -355 0
33 -356 0
34 -356 0
37 -356 0
39 -356 0
41 -356 0
43 -356 0
44 -356 0
47 -356 0
49 -357 0
50 -357 0
53 -357 0
55 -357 0
57 -357 0
59 -357 0
60 -357 0
63 -357 0
65 -358 0
66 -358 0
69 -358 0
71 -358 0
73 -358 0
75 -358 0
76 -358 0
78 -358 0
80 -359 0
81 -359 0
83 -359 0
85 -359 0
87 -359 0
89 -359 0
90 -359 0
93 -359 0
95 -360 0
96 -360 0
99 -360 0
101 -360 0
103 -360 0
105 -360 0
106 -360 0
109 -360 0
111 -361 0
112 -361 0
115 -361 0
117 -361 0
119 -361 0
121 -361 0
122 -361 0
125 -361 0
127 -362 0
128 -362 0
131 -362 0
133 -362 0
135 -362 0
137 -362 0
140 -362 0
142 -363 0
143 -363 0
146 -363 0
148 -363 0
150 -363 0
152 -363 0
-363 0
155 -363 0
2 -364 0
3 -364 0
6 -364 0
7 -364 0
11 -364 0
13 -364 0
15 -364 0
17 -365 0
18 -365 0
21 -365 0
22 -365 0
24 -365 0
27 -365 0
29 -365 0
31 -365 0
33 -366 0
34 -366 0
37 -366 0
38 -366 0
40 -366 0
43 -366 0
45 -366 0
47 -366 0
49 -367 0
50 -367 0
53 -367 0
54 -367 0
56 -367 0
59 -367 0
61 -367 0
63 -367 0
65 -368 0
66 -368 0
69 -368 0
70 -368 0
72 -368 0
75 -368 0
77 -368 0
78 -368 0
80 -369 0
81 -369 0
83 -369 0
84 -369 0
86 -369 0
89 -369 0
91 -369 0
93 -369 0
95 -370 0
96 -370 0
99 -370 0
100 -370 0
102 -370 0
105 -370 0
107 -370 0
109 -370 0
111 -371 0
112 -371 0
115 -371 0
116 -371 0
118 -371 0
121 -371 0
123 -371 0
125 -371 0
127 -372 0
128 -372 0
131 -372 0
132 -372 0
134 -372 0
137 -372 0
138 -372 0
140 -372 0
142 0
143 0
146 0
147 0
149 0
152 0
153 0
155 0
1 -373 0
4 -373 0
5 -373 0
8 -373 0
9 -373 0
11 -373 0
12 -373 0
14 -373 0
16 -374 0
19 -374 0
20 -374 0
23 -374 0
25 -374 0
27 -374 0
28 -374 0
30 -374 0
32 -375 0
35 -375 0
36 -375 0
39 -375 0
41 -375 0
43 -375 0
44 -375 0
46 -375 0
48 -376 0
51 -376 0
52 -376 0
55 -376 0
57 -376 0
59 -376 0
60 -376 0
62 -376 0
64 -377 0
67 -377 0
68 -377 0
71 -377 0
73 -377 0
75 -377 0
76 -377 0
79 -378 0
82 -378 0
-378 0
85 -378 0
87 -378 0
89 -378 0
90 -378 0
92 -378 0
94 -379 0
97 -379 0
98 -379 0
101 -379 0
103 -379 0
105 -379 0
106 -379 0
108 -379 0
110 -380 0
113 -380 0
114 -380 0
117 -380 0
119 -380 0
121 -380 0
122 -380 0
124 -380 0
126 -381 0
129 -381 0
130 -381 0
133 -381 0
135 -381 0
137 -381 0
139 -381 0
141 -382 0
144 -382 0
145 -382 0
148 -382 0
150 -382 0
152 -382 0
-382 0
154 -382 0
2 -383 0
3 -383 0
6 -383 0
7 -383 0
9 -383 0
10 -383 0
13 -383 0
14 -383 0
17 -384 0
18 -384 0
21 -384 0
22 -384 0
25 -384 0
26 -384 0
29 -384 0
30 -384 0
33 0
34 0
37 0
38 0
41 0
42 0
45 0
46 0
49 -385 0
50 -385 0
53 -385 0
54 -385 0
57 -385 0
58 -385 0
61 -385 0
62 -385 0
65 -386 0
66 -386 0
69 -386 0
70 -386 0
73 -386 0
74 -386 0
77 -386 0
80 -387 0
81 -387 0
83 -387 0
84 -387 0
87 -387 0
88 -387 0
91 -387 0
92 -387 0
95 -388 0
96 -388 0
99 -388 0
100 -388 0
103 -388 0
104 -388 0
107 -388 0
108 -388 0
111 -389 0
112 -389 0
115 -389 0
116 -389 0
119 -389 0
120 -389 0
123 -389 0
124 -389 0
127 -390 0
128 -390 0
131 -390 0
132 -390 0
135 -390 0
136 -390 0
138 -390 0
139 -390 0
142 -391 0
143 -391 0
146 -391 0
147 -391 0
150 -391 0
151 -391 0
153 -391 0
154 -391 0
2 -392 0
3 -392 0
5 -392 0
8 -392 0
9 -392 0
10 -392 0
12 -392 0
14 -392 0
17 -393 0
18 -393 0
20 -393 0
23 -393 0
25 -393 0
26 -393 0
28 -393 0
30 -393 0
33 -394 0
34 -394 0
36 -394 0
39 -394 0
41 -394 0
42 -394 0
44 -394 0
46 -394 0
49 -395 0
50 -395 0
52 -395 0
55 -395 0
57 -395 0
58 -395 0
60 -395 0
62 -395 0
65 -396 0
66 -396 0
68 -396 0
71 -396 0
73 -396 0
74 -396 0
76 -396 0
80 -397 0
81 -397 0
-397 0
85 -397 0
87 -397 0
88 -397 0
90 -397 0
92 -397 0
95 -398 0
96 -398 0
98 -398 0
101 -398 0
103 -398 0
104 -398 0
106 -398 0
108 -398 0
111 -399 0
112 -399 0
114 -399 0
117 -399 0
119 -399 0
120 -399 0
122 -399 0
124 -399 0
127 -400 0
128 -400 0
130 -400 0
133 -400 0
135 -400 0
136 -400 0
139 -400 0
142 -401 0
143 -401 0
145 -401 0
148 -401 0
150 -401 0
151 -401 0
-401 0
154 -401 0
2 -402 0
4 -402 0
5 -402 0
7 -402 0
9 -402 0
10 -402 0
13 -402 0
15 -402 0
17 -403 0
19 -403 0
20 -403 0
22 -403 0
25 -403 0
26 -403 0
29 -403 0
31 -403 0
33 -404 0
35 -404 0
36 -404 0
38 -404 0
41 -404 0
42 -404 0
45 -404 0
47 -404 0
49 -405 0
51 -405 0
52 -405 0
54 -405 0
57 -405 0
58 -405 0
61 -405 0
63 -405 0
65 -406 0
67 -406 0
68 -406 0
70 -406 0
73 -406 0
74 -406 0
77 -406 0
78 -406 0
80 -407 0
82 -407 0
-407 0
84 -407 0
87 -407 0
88 -407 0
91 -407 0
93 -407 0
95 -408 0
97 -408 0
98 -408 0
100 -408 0
103 -408 0
104 -408 0
107 -408 0
109 -408 0
111 -409 0
113 -409 0
114 -409 0
116 -409 0
119 -409 0
120 -409 0
123 -409 0
125 -409 0
127 0
129 0
130 0
132 0
135 0
136 0
138 0
140 0
142 -410 0
144 -410 0
145 -410 0
147 -410 0
150 -410 0
151 -410 0
153 -410 0
155 -410 0
2 -411 0
4 -411 0
6 -411 0
7 -411 0
9 -411 0
10 -411 0
12 -411 0
15 -411 0
17 -412 0
19 -412 0
21 -412 0
22 -412 0
25 -412 0
26 -412 0
28 -412 0
31 -412 0
33 -413 0
35 -413 0
37 -413 0
38 -413 0
41 -413 0
42 -413 0
44 -413 0
47 -413 0
49 -414 0
51 -414 0
53 -414 0
54 -414 0
57 -414 0
58 -414 0
60 -414 0
63 -414 0
65 -415 0
67 -415 0
69 -415 0
70 -415 0
73 -415 0
74 -415 0
76 -415 0
78 -415 0
80 -416 0
82 -416 0
83 -416 0
84 -416 0
87 -416 0
88 -416 0
90 -416 0
93 -416 0
95 -417 0
97 -417 0
99 -417 0
100 -417 0
103 -417 0
104 -417 0
106 -417 0
109 -417 0
111 -418 0
113 -418 0
115 -418 0
116 -418 0
119 -418 0
120 -418 0
122 -418 0
125 -418 0
127 -419 0
129 -419 0
131 -419 0
132 -419 0
135 -419 0
136 -419 0
140 -419 0
142 -420 0
144 -420 0
146 -420 0
147 -420 0
150 -420 0
151 -420 0
-420 0
155 -420 0
1 -421 0
3 -421 0
5 -421 0
7 -421 0
9 -421 0
10 -421 0
12 -421 0
15 -421 0
16 -422 0
18 -422 0
20 -422 0
22 -422 0
25 -422 0
26 -422 0
28 -422 0
31 -422 0
32 -423 0
34 -423 0
36 -423 0
38 -423 0
41 -423 0
42 -423 0
44 -423 0
47 -423 0
48 -424 0
50 -424 0
52 -424 0
54 -424 0
57 -424 0
58 -424 0
60 -424 0
63 -424 0
64 -425 0
66 -425 0
68 -425 0
70 -425 0
73 -425 0
74 -425 0
76 -425 0
78 -425 0
79 -426 0
81 -426 0
-426 0
84 -426 0
87 -426 0
88 -426 0
90 -426 0
93 -426 0
94 -427 0
96 -427 0
98 -427 0
100 -427 0
103 -427 0
104 -427 0
106 -427 0
109 -427 0
110 -428 0
112 -428 0
114 -428 0
116 -428 0
119 -428 0
120 -428 0
122 -428 0
125 -428 0
126 -429 0
128 -429 0
130 -429 0
132 -429 0
135 -429 0
136 -429 0
140 -429 0
141 -430 0
143 -430 0
145 -430 0
147 -430 0
150 -430 0
151 -430 0
-430 0
155 -430 0
2 0
3 0
5 0
8 0
9 0
11 0
12 0
14 0
17 -431 0
18 -431 0
20 -431 0
23 -431 0
25 -431 0
27 -431 0
28 -431 0
30 -431 0
33 -432 0
34 -432 0
36 -432 0
39 -432 0
41 -432 0
43 -432 0
44 -432 0
46 -432 0
49 -433 0
50 -433 0
52 -433 0
55 -433 0
57 -433 0
59 -433 0
60 -433 0
62 -433 0
65 -434 0
66 -434 0
68 -434 0
71 -434 0
73 -434 0
75 -434 0
76 -434 0
80 -435 0
81 -435 0
-435 0
85 -435 0
87 -435 0
89 -435 0
90 -435 0
92 -435 0
95 -436 0
96 -436 0
98 -436 0
101 -436 0
103 -436 0
105 -436 0
106 -436 0
108 -436 0
111 -437 0
112 -437 0
114 -437 0
117 -437 0
119 -437 0
121 -437 0
122 -437 0
124 -437 0
127 -438 0
128 -438 0
130 -438 0
133 -438 0
135 -438 0
137 -438 0
139 -438 0
142 -439 0
143 -439 0
145 -439 0
148 -439 0
150 -439 0
152 -439 0
-439 0
154 -439 0
1 -440 0
3 -440 0
6 -440 0
8 -440 0
11 -440 0
13 -440 0
15 -440 0
16 -441 0
18 -441 0
21 -441 0
23 -441 0
24 -441 0
27 -441 0
29 -441 0
31 -441 0
32 -442 0
34 -442 0
37 -442 0
39 -442 0
40 -442 0
43 -442 0
45 -442 0
47 -442 0
48 -443 0
50 -443 0
53 -443 0
55 -443 0
56 -443 0
59 -443 0
61 -443 0
63 -443 0
64 -444 0
66 -444 0
69 -444 0
71 -444 0
72 -444 0
75 -444 0
77 -444 0
78 -444 0
79 -445 0
81 -445 0
83 -445 0
85 -445 0
86 -445 0
89 -445 0
91 -445 0
93 -445 0
94 -446 0
96 -446 0
99 -446 0
101 -446 0
102 -446 0
105 -446 0
107 -446 0
109 -446 0
110 -447 0
112 -447 0
115 -447 0
117 -447 0
118 -447 0
121 -447 0
123 -447 0
125 -447 0
141 -448 0
143 -448 0
146 -448 0
148 -448 0
149 -448 0
152 -448 0
153 -448 0
155 -448 0
1 -449 0
4 -449 0
6 -449 0
8 -449 0
9 -449 0
11 -449 0
12 -449 0
15 -449 0
16 -450 0
19 -450 0
21 -450 0
23 -450 0
25 -450 0
27 -450 0
28 -450 0
31 -450 0
32 -451 0
35 -451 0
37 -451 0
39 -451 0
41 -451 0
43 -451 0
44 -451 0
47 -451 0
48 -452 0
51 -452 0
53 -452 0
55 -452 0
57 -452 0
59 -452 0
60 -452 0
63 -452 0
64 -453 0
67 -453 0
69 -453 0
71 -453 0
73 -453 0
75 -453 0
76 -453 0
78 -453 0
79 -454 0
82 -454 0
83 -454 0
85 -454 0
87 -454 0
89 -454 0
90 -454 0
93 -454 0
94 -455 0
97 -455 0
99 -455 0
101 -455 0
103 -455 0
105 -455 0
106 -455 0
109 -455 0
110 -456 0
113 -456 0
115 -456 0
117 -456 0
119 -456 0
121 -456 0
122 -456 0
125 -456 0
126 -457 0
129 -457 0
131 -457 0
133 -457 0
135 -457 0
137 -457 0
140 -457 0
141 -458 0
144 -458 0
146 -458 0
148 -458 0
150 -458 0
152 -458 0
-458 0
155 -458 0
2 -459 0
4 -459 0
5 -459 0
7 -459 0
9 -459 0
11 -459 0
12 -459 0
14 -459 0
17 -460 0
19 -460 0
20 -460 0
22 -460 0
25 -460 0
27 -460 0
28 -460 0
30 -460 0
33 -461 0
35 -461 0
36 -461 0
38 -461 0
41 -461 0
43 -461 0
44 -461 0
46 -461 0
49 -462 0
51 -462 0
52 -462 0
54 -462 0
57 -462 0
59 -462 0
60 -462 0
62 -462 0
65 -463 0
67 -463 0
68 -463 0
70 -463 0
73 -463 0
75 -463 0
76 -463 0
80 -464 0
82 -464 0
-464 0
84 -464 0
87 -464 0
89 -464 0
90 -464 0
92 -464 0
95 -465 0
97 -465 0
98 -465 0
100 -465 0
103 -465 0
105 -465 0
106 -465 0
108 -465 0
111 -466 0
113 -466 0
114 -466 0
116 -466 0
119 -466 0
121 -466 0
122 -466 0
124 -466 0
127 -467 0
129 -467 0
130 -467 0
132 -467 0
135 -467 0
137 -467 0
139 -467 0
142 -468 0
144 -468 0
145 -468 0
147 -468 0
150 -468 0
152 -468 0
-468 0
154 -468 0
2 -469 0
4 -469 0
5 -469 0
7 -469 0
9 -469 0
11 -469 0
13 -469 0
15 -469 0
33 -470 0
35 -470 0
36 -470 0
38 -470 0
41 -470 0
43 -470 0
45 -470 0
47 -470 0
49 -471 0
51 -471 0
52 -471 0
54 -471 0
57 -471 0
59 -471 0
61 -471 0
63 -471 0
65 -472 0
67 -472 0
68 -472 0
70 -472 0
73 -472 0
75 -472 0
77 -472 0
78 -472 0
80 -473 0
82 -473 0
-473 0
84 -473 0
87 -473 0
89 -473 0
91 -473 0
93 -473 0
95 -474 0
97 -474 0
98 -474 0
100 -474 0
103 -474 0
105 -474 0
107 -474 0
109 -474 0
111 -475 0
113 -475 0
114 -475 0
116 -475 0
119 -475 0
121 -475 0
123 -475 0
125 -475 0
127 -476 0
129 -476 0
130 -476 0
132 -476 0
135 -476 0
137 -476 0
138 -476 0
140 -476 0
142 -477 0
144 -477 0
145 -477 0
147 -477 0
150 -477 0
152 -477 0
153 -477 0
155 -477 0
1 -478 0
4 -478 0
5 -478 0
8 -478 0
9 -478 0
10 -478 0
12 -478 0
14 -478 0
16 -479 0
19 -479 0
20 -479 0
23 -479 0
25 -479 0
26 -479 0
28 -479 0
30 -479 0
32 -480 0
35 -480 0
36 -480 0
39 -480 0
41 -480 0
42 -480 0
44 -480 0
46 -480 0
48 -481 0
51 -481 0
52 -481 0
55 -481 0
57 -481 0
58 -481 0
60 -481 0
62 -481 0
64 -482 0
67 -482 0
68 -482 0
71 -482 0
73 -482 0
74 -482 0
76 -482 0
79 -483 0
82 -483 0
-483 0
85 -483 0
87 -483 0
88 -483 0
90 -483 0
92 -483 0
94 -484 0
97 -484 0
98 -484 0
101 -484 0
103 -484 0
104 -484 0
106 -484 0
108 -484 0
110 -485 0
113 -485 0
114 -485 0
117 -485 0
119 -485 0
120 -485 0
122 -485 0
124 -485 0
126 -486 0
129 -486 0
130 -486 0
133 -486 0
135 -486 0
136 -486 0
139 -486 0
141 -487 0
144 -487 0
145 -487 0
148 -487 0
150 -487 0
151 -487 0
-487 0
154 -487 0
1 -488 0
3 -488 0
5 -488 0
8 -488 0
9 -488 0
11 -488 0
13 -488 0
15 -488 0
16 -489 0
18 -489 0
20 -489 0
23 -489 0
25 -489 0
27 -489 0
29 -489 0
31 -489 0
32 -490 0
34 -490 0
36 -490 0
39 -490 0
41 -490 0
43 -490 0
45 -490 0
47 -490 0
48 -491 0
50 -491 0
52 -491 0
55 -491 0
57 -491 0
59 -491 0
61 -491 0
63 -491 0
64 -492 0
66 -492 0
68 -492 0
71 -492 0
73 -492 0
75 -492 0
77 -492 0
78 -492 0
79 -493 0
81 -493 0
-493 0
85 -493 0
87 -493 0
89 -493 0
91 -493 0
93 -493 0
94 -494 0
96 -494 0
98 -494 0
101 -494 0
103 -494 0
105 -494 0
107 -494 0
109 -494 0
110 -495 0
112 -495 0
114 -495 0
117 -495 0
119 -495 0
121 -495 0
123 -495 0
125 -495 0
126 -496 0
128 -496 0
130 -496 0
133 -496 0
135 -496 0
137 -496 0
138 -496 0
140 -496 0
141 -497 0
143 -497 0
145 -497 0
148 -497 0
150 -497 0
152 -497 0
153 -497 0
155 -497 0
156 157 158 159 160 161 162 163 164 165 0
166 167 168 169 170 171 172 173 174 175 0
176 177 178 179 180 181 182 183 184 185 0
186 187 188 189 190 191 192 193 194 195 0
196 197 198 199 200 201 202 203 204 205 0
206 207 208 209 210 211 212 213 214 215 0
216 217 218 219 220 221 222 223 224 225 0
226 227 228 229 230 231 232 233 234 235 0
236 237 238 239 240 241 242 243 244 0
245 246 247 248 249 250 251 252 253 254 0
255 256 257 258 259 260 261 262 263 264 0
265 266 267 268 269 270 271 272 273 274 0
275 276 277 278 279 280 281 282 283 284 0
285 286 287 288 289 290 291 292 293 294 0
295 296 297 298 299 300 301 302 303 304 0
305 306 307 308 309 310 311 312 313 314 0
315 316 317 318 319 320 321 322 323 324 0
325 326 327 328 329 330 331 332 333 334 0
344 345 346 347 348 349 350 351 352 353 0
354 355 356 357 358 359 360 361 362 363 0
373 374 375 376 377 378 379 380 381 382 0
392 393 394 395 396 397 398 399 400 401 0
411 412 413 414 415 416 417 418 419 420 0
421 422 423 424 425 426 427 428 429 430 0
440 441 442 443 444 445 446 447 448 0
449 450 451 452 453 454 455 456 457 458 0
459 460 461 462 463 464 465 466 467 468 0
469 470 471 472 473 474 475 476 477 0
478 479 480 481 482 483 484 485 486 487 0
488 489 490 491 492 493 494 495 496 497 0
