p cnf 941 6579
1 2 0
3 4 0
5 6 0
7 8 0
9 10 0
11 12 0
13 14 0
15 16 0
17 18 0
19 20 0
21 22 0
23 24 0
25 26 0
27 28 0
29 30 0
31 32 0
33 34 0
35 36 0
37 38 0
39 40 0
41 42 0
43 44 0
45 46 0
47 48 0
49 50 0
51 52 0
53 54 0
56 57 0
58 59 0
60 61 0
62 63 0
64 65 0
66 67 0
68 69 0
71 72 0
73 74 0
75 76 0
77 78 0
79 80 0
81 82 0
83 84 0
85 86 0
87 88 0
89 90 0
91 92 0
93 94 0
95 96 0
97 98 0
99 100 0
101 102 0
103 104 0
105 106 0
107 108 0
109 110 0
111 112 0
113 114 0
115 116 0
117 118 0
119 120 0
121 122 0
123 124 0
125 126 0
127 128 0
129 130 0
131 132 0
133 134 0
135 136 0
137 138 0
139 140 0
141 142 0
143 144 0
145 146 0
147 0
148 149 0
150 151 0
152 153 0
154 155 0
156 157 0
-1 -4 -5 -8 -9 -12 -13 -16 0
-17 -20 -21 -24 -25 -28 -29 -32 0
-33 -36 -37 -40 -41 -44 -45 -48 0
-49 -52 -53 -55 -56 -59 -60 -63 0
-64 -67 -68 -70 -71 -74 -75 -78 0
-79 -82 -83 -86 -87 -90 -91 -94 0
-95 -98 -99 -102 -103 -106 -107 -110 0
-111 -114 -115 -118 -119 -122 -123 -126 0
-127 -130 -131 -134 -135 -138 -139 -142 0
-2 -3 -6 -7 -9 -12 -13 -16 0
-18 -19 -22 -23 -25 -28 -29 -32 0
-34 -35 -38 -39 -41 -44 -45 -48 0
-50 -51 -54 -56 -59 -60 -63 0
-65 -66 -69 -71 -74 -75 -78 0
-80 -81 -84 -85 -87 -90 -91 -94 0
-96 -97 -100 -101 -103 -106 -107 -110 0
-112 -113 -116 -117 -119 -122 -123 -126 0
-128 -129 -132 -133 -135 -138 -139 -142 0
-144 -145 -147 -148 -150 -153 -154 -157 0
-1 -4 -5 -7 -9 -11 -13 -16 0
-17 -20 -21 -23 -25 -27 -29 -32 0
-33 -36 -37 -39 -41 -43 -45 -48 0
-49 -52 -53 -56 -58 -60 -63 0
-64 -67 -68 -71 -73 -75 -78 0
-79 -82 -83 -85 -87 -89 -91 -94 0
-95 -98 -99 -101 -103 -105 -107 -110 0
-111 -114 -115 -117 -119 -121 -123 -126 0
-127 -130 -131 -133 -135 -137 -139 -142 0
-1 -4 -6 -8 -9 -12 -13 -16 0
-17 -20 -22 -24 -25 -28 -29 -32 0
-33 -36 -38 -40 -41 -44 -45 -48 0
-49 -52 -54 -55 -56 -59 -60 -63 0
-64 -67 -69 -70 -71 -74 -75 -78 0
-79 -82 -84 -86 -87 -90 -91 -94 0
-95 -98 -100 -102 -103 -106 -107 -110 0
-111 -114 -116 -118 -119 -122 -123 -126 0
-127 -130 -132 -134 -135 -138 -139 -142 0
-143 -146 -147 -149 -150 -153 -154 -157 0
-1 -3 -6 -7 -9 -11 -13 -16 0
-17 -19 -22 -23 -25 -27 -29 -32 0
-33 -35 -38 -39 -41 -43 -45 -48 0
-49 -51 -54 -56 -58 -60 -63 0
-64 -66 -69 -71 -73 -75 -78 0
-79 -81 -84 -85 -87 -89 -91 -94 0
-95 -97 -100 -101 -103 -105 -107 -110 0
-111 -113 -116 -117 -119 -121 -123 -126 0
-127 -129 -132 -133 -135 -137 -139 -142 0
-143 -145 -147 -148 -150 -152 -154 -157 0
-2 -3 -5 -8 -9 -12 -13 -16 0
-18 -19 -21 -24 -25 -28 -29 -32 0
-34 -35 -37 -40 -41 -44 -45 -48 0
-50 -51 -53 -55 -56 -59 -60 -63 0
-65 -66 -68 -70 -71 -74 -75 -78 0
-80 -81 -83 -86 -87 -90 -91 -94 0
-96 -97 -99 -102 -103 -106 -107 -110 0
-112 -113 -115 -118 -119 -122 -123 -126 0
-128 -129 -131 -134 -135 -138 -139 -142 0
-2 -3 -5 -8 -9 -11 -13 -16 0
-18 -19 -21 -24 -25 -27 -29 -32 0
-34 -35 -37 -40 -41 -43 -45 -48 0
-50 -51 -53 -55 -56 -58 -60 -63 0
-65 -66 -68 -70 -71 -73 -75 -78 0
-80 -81 -83 -86 -87 -89 -91 -94 0
-96 -97 -99 -102 -103 -105 -107 -110 0
-112 -113 -115 -118 -119 -121 -123 -126 0
-128 -129 -131 -134 -135 -137 -139 -142 0
-2 -4 -6 -8 -9 -11 -13 -15 0
-18 -20 -22 -24 -25 -27 -29 -31 0
-34 -36 -38 -40 -41 -43 -45 -47 0
-50 -52 -54 -55 -56 -58 -60 -62 0
-65 -67 -69 -70 -71 -73 -75 -77 0
-80 -82 -84 -86 -87 -89 -91 -93 0
-96 -98 -100 -102 -103 -105 -107 -109 0
-112 -114 -116 -118 -119 -121 -123 -125 0
-128 -130 -132 -134 -135 -137 -139 -141 0
-144 -146 -147 -149 -150 -152 -154 -156 0
-2 -3 -5 -8 -9 -11 -13 -15 0
-18 -19 -21 -24 -25 -27 -29 -31 0
-34 -35 -37 -40 -41 -43 -45 -47 0
-50 -51 -53 -55 -56 -58 -60 -62 0
-65 -66 -68 -70 -71 -73 -75 -77 0
-80 -81 -83 -86 -87 -89 -91 -93 0
-96 -97 -99 -102 -103 -105 -107 -109 0
-112 -113 -115 -118 -119 -121 -123 -125 0
-128 -129 -131 -134 -135 -137 -139 -141 0
-1 -4 -5 -8 -9 -11 -13 -16 0
-17 -20 -21 -24 -25 -27 -29 -32 0
-33 -36 -37 -40 -41 -43 -45 -48 0
-49 -52 -53 -55 -56 -58 -60 -63 0
-64 -67 -68 -70 -71 -73 -75 -78 0
-79 -82 -83 -86 -87 -89 -91 -94 0
-95 -98 -99 -102 -103 -105 -107 -110 0
-111 -114 -115 -118 -119 -121 -123 -126 0
-127 -130 -131 -134 -135 -137 -139 -142 0
-2 -4 -6 -7 -9 -12 -13 -16 0
-18 -20 -22 -23 -25 -28 -29 -32 0
-34 -36 -38 -39 -41 -44 -45 -48 0
-50 -52 -54 -56 -59 -60 -63 0
-65 -67 -69 -71 -74 -75 -78 0
-80 -82 -84 -85 -87 -90 -91 -94 0
-96 -98 -100 -101 -103 -106 -107 -110 0
-112 -114 -116 -117 -119 -122 -123 -126 0
-128 -130 -132 -133 -135 -138 -139 -142 0
-144 -146 -147 -148 -150 -153 -154 -157 0
-2 -3 -5 -8 -9 -12 -13 -16 0
-18 -19 -21 -24 -25 -28 -29 -32 0
-34 -35 -37 -40 -41 -44 -45 -48 0
-50 -51 -53 -55 -56 -59 -60 -63 0
-65 -66 -68 -70 -71 -74 -75 -78 0
-80 -81 -83 -86 -87 -90 -91 -94 0
-96 -97 -99 -102 -103 -106 -107 -110 0
-112 -113 -115 -118 -119 -122 -123 -126 0
-128 -129 -131 -134 -135 -138 -139 -142 0
-1 -3 -6 -8 -9 -11 -13 -16 0
-17 -19 -22 -24 -25 -27 -29 -32 0
-33 -35 -38 -40 -41 -43 -45 -48 0
-49 -51 -54 -55 -56 -58 -60 -63 0
-64 -66 -69 -70 -71 -73 -75 -78 0
-79 -81 -84 -86 -87 -89 -91 -94 0
-95 -97 -100 -102 -103 -105 -107 -110 0
-111 -113 -116 -118 -119 -121 -123 -126 0
-127 -129 -132 -134 -135 -137 -139 -142 0
-143 -145 -147 -149 -150 -152 -154 -157 0
-1 -3 -5 -8 -9 -12 -13 -16 0
-17 -19 -21 -24 -25 -28 -29 -32 0
-33 -35 -37 -40 -41 -44 -45 -48 0
-49 -51 -53 -55 -56 -59 -60 -63 0
-64 -66 -68 -70 -71 -74 -75 -78 0
-79 -81 -83 -86 -87 -90 -91 -94 0
-95 -97 -99 -102 -103 -106 -107 -110 0
-111 -113 -115 -118 -119 -122 -123 -126 0
-127 -129 -131 -134 -135 -138 -139 -142 0
-2 -4 -5 -8 -9 -11 -13 -16 0
-18 -20 -21 -24 -25 -27 -29 -32 0
-34 -36 -37 -40 -41 -43 -45 -48 0
-50 -52 -53 -55 -56 -58 -60 -63 0
-65 -67 -68 -70 -71 -73 -75 -78 0
-80 -82 -83 -86 -87 -89 -91 -94 0
-96 -98 -99 -102 -103 -105 -107 -110 0
-112 -114 -115 -118 -119 -121 -123 -126 0
-128 -130 -131 -134 -135 -137 -139 -142 0
-2 -3 -5 -7 -9 -12 -13 -16 0
-18 -19 -21 -23 -25 -28 -29 -32 0
-34 -35 -37 -39 -41 -44 -45 -48 0
-50 -51 -53 -56 -59 -60 -63 0
-65 -66 -68 -71 -74 -75 -78 0
-80 -81 -83 -85 -87 -90 -91 -94 0
-96 -97 -99 -101 -103 -106 -107 -110 0
-112 -113 -115 -117 -119 -122 -123 -126 0
-128 -129 -131 -133 -135 -138 -139 -142 0
-2 -4 -5 -8 -9 -11 -13 -15 0
-18 -20 -21 -24 -25 -27 -29 -31 0
-34 -36 -37 -40 -41 -43 -45 -47 0
-50 -52 -53 -55 -56 -58 -60 -62 0
-65 -67 -68 -70 -71 -73 -75 -77 0
-80 -82 -83 -86 -87 -89 -91 -93 0
-96 -98 -99 -102 -103 -105 -107 -109 0
-112 -114 -115 -118 -119 -121 -123 -125 0
-128 -130 -131 -134 -135 -137 -139 -141 0
-1 -4 -5 -8 -9 -12 -13 -16 0
-17 -20 -21 -24 -25 -28 -29 -32 0
-33 -36 -37 -40 -41 -44 -45 -48 0
-49 -52 -53 -55 -56 -59 -60 -63 0
-64 -67 -68 -70 -71 -74 -75 -78 0
-79 -82 -83 -86 -87 -90 -91 -94 0
-95 -98 -99 -102 -103 -106 -107 -110 0
-111 -114 -115 -118 -119 -122 -123 -126 0
-127 -130 -131 -134 -135 -138 -139 -142 0
-1 -4 -5 -8 -9 -11 -13 -16 0
-17 -20 -21 -24 -25 -27 -29 -32 0
-33 -36 -37 -40 -41 -43 -45 -48 0
-49 -52 -53 -55 -56 -58 -60 -63 0
-64 -67 -68 -70 -71 -73 -75 -78 0
-79 -82 -83 -86 -87 -89 -91 -94 0
-95 -98 -99 -102 -103 -105 -107 -110 0
-111 -114 -115 -118 -119 -121 -123 -126 0
-127 -130 -131 -134 -135 -137 -139 -142 0
-2 -3 -6 -7 -9 -12 -13 -16 0
-18 -19 -22 -23 -25 -28 -29 -32 0
-34 -35 -38 -39 -41 -44 -45 -48 0
-50 -51 -54 -56 -59 -60 -63 0
-65 -66 -69 -71 -74 -75 -78 0
-80 -81 -84 -85 -87 -90 -91 -94 0
-96 -97 -100 -101 -103 -106 -107 -110 0
-112 -113 -116 -117 -119 -122 -123 -126 0
-128 -129 -132 -133 -135 -138 -139 -142 0
-144 -145 -147 -148 -150 -153 -154 -157 0
-2 -3 -6 -7 -9 -11 -13 -16 0
-18 -19 -22 -23 -25 -27 -29 -32 0
-34 -35 -38 -39 -41 -43 -45 -48 0
-50 -51 -54 -56 -58 -60 -63 0
-65 -66 -69 -71 -73 -75 -78 0
-80 -81 -84 -85 -87 -89 -91 -94 0
-96 -97 -100 -101 -103 -105 -107 -110 0
-112 -113 -116 -117 -119 -121 -123 -126 0
-128 -129 -132 -133 -135 -137 -139 -142 0
-144 -145 -147 -148 -150 -152 -154 -157 0
1 -158 0
4 -158 0
6 -158 0
8 -158 0
10 -158 0
12 -158 0
13 -158 0
16 -158 0
17 -159 0
20 -159 0
22 -159 0
24 -159 0
26 -159 0
28 -159 0
29 -159 0
32 -159 0
33 -160 0
36 -160 0
38 -160 0
40 -160 0
42 -160 0
44 -160 0
45 -160 0
48 -160 0
49 -161 0
52 -161 0
54 -161 0
55 -161 0
57 -161 0
59 -161 0
60 -161 0
63 -161 0
64 -162 0
67 -162 0
69 -162 0
70 -162 0
72 -162 0
74 -162 0
75 -162 0
78 -162 0
79 -163 0
82 -163 0
84 -163 0
86 -163 0
88 -163 0
90 -163 0
91 -163 0
94 -163 0
95 -164 0
98 -164 0
100 -164 0
102 -164 0
104 -164 0
106 -164 0
107 -164 0
110 -164 0
111 -165 0
114 -165 0
116 -165 0
118 -165 0
120 -165 0
122 -165 0
123 -165 0
126 -165 0
127 -166 0
130 -166 0
132 -166 0
134 -166 0
136 -166 0
138 -166 0
139 -166 0
142 -166 0
143 -167 0
146 -167 0
147 -167 0
149 -167 0
151 -167 0
153 -167 0
154 -167 0
157 -167 0
17 -168 0
20 -168 0
22 -168 0
24 -168 0
25 -168 0
28 -168 0
30 -168 0
32 -168 0
33 -169 0
36 -169 0
38 -169 0
40 -169 0
41 -169 0
44 -169 0
46 -169 0
48 -169 0
49 -170 0
52 -170 0
54 -170 0
55 -170 0
56 -170 0
59 -170 0
61 -170 0
63 -170 0
64 -171 0
67 -171 0
69 -171 0
70 -171 0
71 -171 0
74 -171 0
76 -171 0
78 -171 0
79 -172 0
82 -172 0
84 -172 0
86 -172 0
87 -172 0
90 -172 0
92 -172 0
94 -172 0
95 -173 0
98 -173 0
100 -173 0
102 -173 0
103 -173 0
106 -173 0
108 -173 0
110 -173 0
111 -174 0
114 -174 0
116 -174 0
118 -174 0
119 -174 0
122 -174 0
124 -174 0
126 -174 0
127 -175 0
130 -175 0
132 -175 0
134 -175 0
135 -175 0
138 -175 0
140 -175 0
142 -175 0
143 -176 0
146 -176 0
147 -176 0
149 -176 0
150 -176 0
153 -176 0
155 -176 0
157 -176 0
1 -177 0
4 -177 0
5 -177 0
7 -177 0
10 -177 0
11 -177 0
13 -177 0
16 -177 0
17 -178 0
20 -178 0
21 -178 0
23 -178 0
26 -178 0
27 -178 0
29 -178 0
32 -178 0
33 -179 0
36 -179 0
37 -179 0
39 -179 0
42 -179 0
43 -179 0
45 -179 0
48 -179 0
49 -180 0
52 -180 0
53 -180 0
57 -180 0
58 -180 0
60 -180 0
63 -180 0
64 -181 0
67 -181 0
68 -181 0
72 -181 0
73 -181 0
75 -181 0
78 -181 0
79 -182 0
82 -182 0
83 -182 0
85 -182 0
88 -182 0
89 -182 0
91 -182 0
94 -182 0
95 -183 0
98 -183 0
99 -183 0
101 -183 0
104 -183 0
105 -183 0
107 -183 0
110 -183 0
111 -184 0
114 -184 0
115 -184 0
117 -184 0
120 -184 0
121 -184 0
123 -184 0
126 -184 0
127 -185 0
130 -185 0
131 -185 0
133 -185 0
136 -185 0
137 -185 0
139 -185 0
142 -185 0
143 -186 0
146 -186 0
-186 0
148 -186 0
151 -186 0
152 -186 0
154 -186 0
157 -186 0
2 -187 0
3 -187 0
6 -187 0
7 -187 0
10 -187 0
12 -187 0
14 -187 0
15 -187 0
18 -188 0
19 -188 0
22 -188 0
23 -188 0
26 -188 0
28 -188 0
30 -188 0
31 -188 0
34 -189 0
35 -189 0
38 -189 0
39 -189 0
42 -189 0
44 -189 0
46 -189 0
47 -189 0
50 -190 0
51 -190 0
54 -190 0
57 -190 0
59 -190 0
61 -190 0
62 -190 0
65 -191 0
66 -191 0
69 -191 0
72 -191 0
74 -191 0
76 -191 0
77 -191 0
80 -192 0
81 -192 0
84 -192 0
85 -192 0
88 -192 0
90 -192 0
92 -192 0
93 -192 0
96 -193 0
97 -193 0
100 -193 0
101 -193 0
104 -193 0
106 -193 0
108 -193 0
109 -193 0
112 -194 0
113 -194 0
116 -194 0
117 -194 0
120 -194 0
122 -194 0
124 -194 0
125 -194 0
128 -195 0
129 -195 0
132 -195 0
133 -195 0
136 -195 0
138 -195 0
140 -195 0
141 -195 0
144 -196 0
145 -196 0
147 -196 0
148 -196 0
151 -196 0
153 -196 0
155 -196 0
156 -196 0
1 -197 0
3 -197 0
5 -197 0
8 -197 0
9 -197 0
12 -197 0
14 -197 0
15 -197 0
17 -198 0
19 -198 0
21 -198 0
24 -198 0
25 -198 0
28 -198 0
30 -198 0
31 -198 0
33 -199 0
35 -199 0
37 -199 0
40 -199 0
41 -199 0
44 -199 0
46 -199 0
47 -199 0
49 -200 0
51 -200 0
53 -200 0
55 -200 0
56 -200 0
59 -200 0
61 -200 0
62 -200 0
64 -201 0
66 -201 0
68 -201 0
70 -201 0
71 -201 0
74 -201 0
76 -201 0
77 -201 0
79 -202 0
81 -202 0
83 -202 0
86 -202 0
87 -202 0
90 -202 0
92 -202 0
93 -202 0
95 -203 0
97 -203 0
99 -203 0
102 -203 0
103 -203 0
106 -203 0
108 -203 0
109 -203 0
111 -204 0
113 -204 0
115 -204 0
118 -204 0
119 -204 0
122 -204 0
124 -204 0
125 -204 0
127 -205 0
129 -205 0
131 -205 0
134 -205 0
135 -205 0
138 -205 0
140 -205 0
141 -205 0
143 -206 0
145 -206 0
-206 0
149 -206 0
150 -206 0
153 -206 0
155 -206 0
156 -206 0
1 -207 0
3 -207 0
5 -207 0
8 -207 0
10 -207 0
11 -207 0
13 -207 0
15 -207 0
17 -208 0
19 -208 0
21 -208 0
24 -208 0
26 -208 0
27 -208 0
29 -208 0
31 -208 0
33 -209 0
35 -209 0
37 -209 0
40 -209 0
42 -209 0
43 -209 0
45 -209 0
47 -209 0
49 -210 0
51 -210 0
53 -210 0
55 -210 0
57 -210 0
58 -210 0
60 -210 0
62 -210 0
64 -211 0
66 -211 0
68 -211 0
70 -211 0
72 -211 0
73 -211 0
75 -211 0
77 -211 0
79 -212 0
81 -212 0
83 -212 0
86 -212 0
88 -212 0
89 -212 0
91 -212 0
93 -212 0
95 -213 0
97 -213 0
99 -213 0
102 -213 0
104 -213 0
105 -213 0
107 -213 0
109 -213 0
111 0
113 0
115 0
118 0
120 0
121 0
123 0
125 0
127 -214 0
129 -214 0
131 -214 0
134 -214 0
136 -214 0
137 -214 0
139 -214 0
141 -214 0
143 -215 0
145 -215 0
-215 0
149 -215 0
151 -215 0
152 -215 0
154 -215 0
156 -215 0
1 -216 0
4 -216 0
5 -216 0
7 -216 0
10 -216 0
12 -216 0
14 -216 0
16 -216 0
17 -217 0
20 -217 0
21 -217 0
23 -217 0
26 -217 0
28 -217 0
30 -217 0
32 -217 0
33 -218 0
36 -218 0
37 -218 0
39 -218 0
42 -218 0
44 -218 0
46 -218 0
48 -218 0
49 -219 0
52 -219 0
53 -219 0
57 -219 0
59 -219 0
61 -219 0
63 -219 0
64 -220 0
67 -220 0
68 -220 0
72 -220 0
74 -220 0
76 -220 0
78 -220 0
79 -221 0
82 -221 0
83 -221 0
85 -221 0
88 -221 0
90 -221 0
92 -221 0
94 -221 0
95 -222 0
98 -222 0
99 -222 0
101 -222 0
104 -222 0
106 -222 0
108 -222 0
110 -222 0
111 -223 0
114 -223 0
115 -223 0
117 -223 0
120 -223 0
122 -223 0
124 -223 0
126 -223 0
127 -224 0
130 -224 0
131 -224 0
133 -224 0
136 -224 0
138 -224 0
140 -224 0
142 -224 0
143 -225 0
146 -225 0
-225 0
148 -225 0
151 -225 0
153 -225 0
155 -225 0
157 -225 0
2 -226 0
4 -226 0
6 -226 0
7 -226 0
10 -226 0
11 -226 0
13 -226 0
16 -226 0
18 -227 0
20 -227 0
22 -227 0
23 -227 0
26 -227 0
27 -227 0
29 -227 0
32 -227 0
34 -228 0
36 -228 0
38 -228 0
39 -228 0
42 -228 0
43 -228 0
45 -228 0
48 -228 0
50 -229 0
52 -229 0
54 -229 0
57 -229 0
58 -229 0
60 -229 0
63 -229 0
65 -230 0
67 -230 0
69 -230 0
72 -230 0
73 -230 0
75 -230 0
78 -230 0
80 -231 0
82 -231 0
84 -231 0
85 -231 0
88 -231 0
89 -231 0
91 -231 0
94 -231 0
112 -232 0
114 -232 0
116 -232 0
117 -232 0
120 -232 0
121 -232 0
123 -232 0
126 -232 0
128 -233 0
130 -233 0
132 -233 0
133 -233 0
136 -233 0
137 -233 0
139 -233 0
142 -233 0
144 -234 0
146 -234 0
147 -234 0
148 -234 0
151 -234 0
152 -234 0
154 -234 0
157 -234 0
1 -235 0
4 -235 0
5 -235 0
8 -235 0
10 -235 0
12 -235 0
13 -235 0
15 -235 0
17 -236 0
20 -236 0
21 -236 0
24 -236 0
26 -236 0
28 -236 0
29 -236 0
31 -236 0
33 -237 0
36 -237 0
37 -237 0
40 -237 0
42 -237 0
44 -237 0
45 -237 0
47 -237 0
49 -238 0
52 -238 0
53 -238 0
55 -238 0
57 -238 0
59 -238 0
60 -238 0
62 -238 0
64 -239 0
67 -239 0
68 -239 0
70 -239 0
72 -239 0
74 -239 0
75 -239 0
77 -239 0
79 -240 0
82 -240 0
83 -240 0
86 -240 0
88 -240 0
90 -240 0
91 -240 0
93 -240 0
95 -241 0
98 -241 0
99 -241 0
102 -241 0
104 -241 0
106 -241 0
107 -241 0
109 -241 0
111 -242 0
114 -242 0
115 -242 0
118 -242 0
120 -242 0
122 -242 0
123 -242 0
125 -242 0
127 -243 0
130 -243 0
131 -243 0
134 -243 0
136 -243 0
138 -243 0
139 -243 0
141 -243 0
143 -244 0
146 -244 0
-244 0
149 -244 0
151 -244 0
153 -244 0
154 -244 0
156 -244 0
1 -245 0
3 -245 0
6 -245 0
7 -245 0
10 -245 0
11 -245 0
14 -245 0
16 -245 0
17 -246 0
19 -246 0
22 -246 0
23 -246 0
26 -246 0
27 -246 0
30 -246 0
32 -246 0
33 -247 0
35 -247 0
38 -247 0
39 -247 0
42 -247 0
43 -247 0
46 -247 0
48 -247 0
49 -248 0
51 -248 0
54 -248 0
57 -248 0
58 -248 0
61 -248 0
63 -248 0
64 -249 0
66 -249 0
69 -249 0
72 -249 0
73 -249 0
76 -249 0
78 -249 0
79 -250 0
81 -250 0
84 -250 0
85 -250 0
88 -250 0
89 -250 0
92 -250 0
94 -250 0
95 -251 0
97 -251 0
100 -251 0
101 -251 0
104 -251 0
105 -251 0
108 -251 0
110 -251 0
111 -252 0
113 -252 0
116 -252 0
117 -252 0
120 -252 0
121 -252 0
124 -252 0
126 -252 0
127 -253 0
129 -253 0
132 -253 0
133 -253 0
136 -253 0
137 -253 0
140 -253 0
142 -253 0
143 -254 0
145 -254 0
147 -254 0
148 -254 0
151 -254 0
152 -254 0
155 -254 0
157 -254 0
2 -255 0
3 -255 0
5 -255 0
8 -255 0
10 -255 0
11 -255 0
13 -255 0
15 -255 0
18 -256 0
19 -256 0
21 -256 0
24 -256 0
26 -256 0
27 -256 0
29 -256 0
31 -256 0
34 -257 0
35 -257 0
37 -257 0
40 -257 0
42 -257 0
43 -257 0
45 -257 0
47 -257 0
50 -258 0
51 -258 0
53 -258 0
55 -258 0
57 -258 0
58 -258 0
60 -258 0
62 -258 0
65 -259 0
66 -259 0
68 -259 0
70 -259 0
72 -259 0
73 -259 0
75 -259 0
77 -259 0
80 -260 0
81 -260 0
83 -260 0
86 -260 0
88 -260 0
89 -260 0
91 -260 0
93 -260 0
96 -261 0
97 -261 0
99 -261 0
102 -261 0
104 -261 0
105 -261 0
107 -261 0
109 -261 0
112 -262 0
113 -262 0
115 -262 0
118 -262 0
120 -262 0
121 -262 0
123 -262 0
125 -262 0
128 -263 0
129 -263 0
131 -263 0
134 -263 0
136 -263 0
137 -263 0
139 -263 0
141 -263 0
144 -264 0
145 -264 0
-264 0
149 -264 0
151 -264 0
152 -264 0
154 -264 0
156 -264 0
1 -265 0
3 -265 0
6 -265 0
7 -265 0
9 -265 0
12 -265 0
14 -265 0
15 -265 0
17 -266 0
19 -266 0
22 -266 0
23 -266 0
25 -266 0
28 -266 0
30 -266 0
31 -266 0
33 -267 0
35 -267 0
38 -267 0
39 -267 0
41 -267 0
44 -267 0
46 -267 0
47 -267 0
49 -268 0
51 -268 0
54 -268 0
56 -268 0
59 -268 0
61 -268 0
62 -268 0
64 -269 0
66 -269 0
69 -269 0
71 -269 0
74 -269 0
76 -269 0
77 -269 0
79 -270 0
81 -270 0
84 -270 0
85 -270 0
87 -270 0
90 -270 0
92 -270 0
93 -270 0
95 -271 0
97 -271 0
100 -271 0
101 -271 0
103 -271 0
106 -271 0
108 -271 0
109 -271 0
111 -272 0
113 -272 0
116 -272 0
117 -272 0
119 -272 0
122 -272 0
124 -272 0
125 -272 0
127 -273 0
129 -273 0
132 -273 0
133 -273 0
135 -273 0
138 -273 0
140 -273 0
141 -273 0
143 -274 0
145 -274 0
147 -274 0
148 -274 0
150 -274 0
153 -274 0
155 -274 0
156 -274 0
1 -275 0
4 -275 0
6 -275 0
7 -275 0
10 -275 0
11 -275 0
13 -275 0
16 -275 0
17 -276 0
20 -276 0
22 -276 0
23 -276 0
26 -276 0
27 -276 0
29 -276 0
32 -276 0
33 -277 0
36 -277 0
38 -277 0
39 -277 0
42 -277 0
43 -277 0
45 -277 0
48 -277 0
49 -278 0
52 -278 0
54 -278 0
57 -278 0
58 -278 0
60 -278 0
63 -278 0
64 -279 0
67 -279 0
69 -279 0
72 -279 0
73 -279 0
75 -279 0
78 -279 0
79 -280 0
82 -280 0
84 -280 0
85 -280 0
88 -280 0
89 -280 0
91 -280 0
94 -280 0
95 -281 0
98 -281 0
100 -281 0
101 -281 0
104 -281 0
105 -281 0
107 -281 0
110 -281 0
111 -282 0
114 -282 0
116 -282 0
117 -282 0
120 -282 0
121 -282 0
123 -282 0
126 -282 0
127 -283 0
130 -283 0
132 -283 0
133 -283 0
136 -283 0
137 -283 0
139 -283 0
142 -283 0
143 -284 0
146 -284 0
147 -284 0
148 -284 0
151 -284 0
152 -284 0
154 -284 0
157 -284 0
1 -285 0
4 -285 0
6 -285 0
8 -285 0
10 -285 0
12 -285 0
13 -285 0
16 -285 0
17 -286 0
20 -286 0
22 -286 0
24 -286 0
26 -286 0
28 -286 0
29 -286 0
32 -286 0
33 -287 0
36 -287 0
38 -287 0
40 -287 0
42 -287 0
44 -287 0
45 -287 0
48 -287 0
49 -288 0
52 -288 0
54 -288 0
55 -288 0
57 -288 0
59 -288 0
60 -288 0
63 -288 0
64 -289 0
67 -289 0
69 -289 0
70 -289 0
72 -289 0
74 -289 0
75 -289 0
78 -289 0
79 -290 0
82 -290 0
84 -290 0
86 -290 0
88 -290 0
90 -290 0
91 -290 0
94 -290 0
95 -291 0
98 -291 0
100 -291 0
102 -291 0
104 -291 0
106 -291 0
107 -291 0
110 -291 0
111 -292 0
114 -292 0
116 -292 0
118 -292 0
120 -292 0
122 -292 0
123 -292 0
126 -292 0
127 -293 0
130 -293 0
132 -293 0
134 -293 0
136 -293 0
138 -293 0
139 -293 0
142 -293 0
143 -294 0
146 -294 0
147 -294 0
149 -294 0
151 -294 0
153 -294 0
154 -294 0
157 -294 0
1 -295 0
3 -295 0
5 -295 0
8 -295 0
9 -295 0
11 -295 0
14 -295 0
16 -295 0
17 -296 0
19 -296 0
21 -296 0
24 -296 0
25 -296 0
27 -296 0
30 -296 0
32 -296 0
33 -297 0
35 -297 0
37 -297 0
40 -297 0
41 -297 0
43 -297 0
46 -297 0
48 -297 0
49 -298 0
51 -298 0
53 -298 0
55 -298 0
56 -298 0
58 -298 0
61 -298 0
63 -298 0
64 -299 0
66 -299 0
68 -299 0
70 -299 0
71 -299 0
73 -299 0
76 -299 0
78 -299 0
79 -300 0
81 -300 0
83 -300 0
86 -300 0
87 -300 0
89 -300 0
92 -300 0
94 -300 0
95 -301 0
97 -301 0
99 -301 0
102 -301 0
103 -301 0
105 -301 0
108 -301 0
110 -301 0
111 -302 0
113 -302 0
115 -302 0
118 -302 0
119 -302 0
121 -302 0
124 -302 0
126 -302 0
127 -303 0
129 -303 0
131 -303 0
134 -303 0
135 -303 0
137 -303 0
140 -303 0
142 -303 0
143 -304 0
145 -304 0
-304 0
149 -304 0
150 -304 0
152 -304 0
155 -304 0
157 -304 0
2 -305 0
4 -305 0
5 -305 0
8 -305 0
9 -305 0
11 -305 0
14 -305 0
16 -305 0
18 -306 0
20 -306 0
21 -306 0
24 -306 0
25 -306 0
27 -306 0
30 -306 0
32 -306 0
34 -307 0
36 -307 0
37 -307 0
40 -307 0
41 -307 0
43 -307 0
46 -307 0
48 -307 0
50 -308 0
52 -308 0
53 -308 0
55 -308 0
56 -308 0
58 -308 0
61 -308 0
63 -308 0
65 -309 0
67 -309 0
68 -309 0
70 -309 0
71 -309 0
73 -309 0
76 -309 0
78 -309 0
80 -310 0
82 -310 0
83 -310 0
86 -310 0
87 -310 0
89 -310 0
92 -310 0
94 -310 0
96 -311 0
98 -311 0
99 -311 0
102 -311 0
103 -311 0
105 -311 0
108 -311 0
110 -311 0
112 -312 0
114 -312 0
115 -312 0
118 -312 0
119 -312 0
121 -312 0
124 -312 0
126 -312 0
128 -313 0
130 -313 0
131 -313 0
134 -313 0
135 -313 0
137 -313 0
140 -313 0
142 -313 0
144 -314 0
146 -314 0
-314 0
149 -314 0
150 -314 0
152 -314 0
155 -314 0
157 -314 0
1 -315 0
4 -315 0
5 -315 0
7 -315 0
10 -315 0
11 -315 0
14 -315 0
16 -315 0
17 -316 0
20 -316 0
21 -316 0
23 -316 0
26 -316 0
27 -316 0
30 -316 0
32 -316 0
33 -317 0
36 -317 0
37 -317 0
39 -317 0
42 -317 0
43 -317 0
46 -317 0
48 -317 0
49 -318 0
52 -318 0
53 -318 0
57 -318 0
58 -318 0
61 -318 0
63 -318 0
64 -319 0
67 -319 0
68 -319 0
72 -319 0
73 -319 0
76 -319 0
78 -319 0
79 -320 0
82 -320 0
83 -320 0
85 -320 0
88 -320 0
89 -320 0
92 -320 0
94 -320 0
95 -321 0
98 -321 0
99 -321 0
101 -321 0
104 -321 0
105 -321 0
108 -321 0
110 -321 0
111 -322 0
114 -322 0
115 -322 0
117 -322 0
120 -322 0
121 -322 0
124 -322 0
126 -322 0
127 -323 0
130 -323 0
131 -323 0
133 -323 0
136 -323 0
137 -323 0
140 -323 0
142 -323 0
143 -324 0
146 -324 0
-324 0
148 -324 0
151 -324 0
152 -324 0
155 -324 0
157 -324 0
2 -325 0
4 -325 0
6 -325 0
7 -325 0
9 -325 0
11 -325 0
14 -325 0
16 -325 0
18 -326 0
20 -326 0
22 -326 0
23 -326 0
25 -326 0
27 -326 0
30 -326 0
32 -326 0
34 -327 0
36 -327 0
38 -327 0
39 -327 0
41 -327 0
43 -327 0
46 -327 0
48 -327 0
50 -328 0
52 -328 0
54 -328 0
56 -328 0
58 -328 0
61 -328 0
63 -328 0
65 -329 0
67 -329 0
69 -329 0
71 -329 0
73 -329 0
76 -329 0
78 -329 0
80 -330 0
82 -330 0
84 -330 0
85 -330 0
87 -330 0
89 -330 0
92 -330 0
94 -330 0
96 -331 0
98 -331 0
100 -331 0
101 -331 0
103 -331 0
105 -331 0
108 -331 0
110 -331 0
112 -332 0
114 -332 0
116 -332 0
117 -332 0
119 -332 0
121 -332 0
124 -332 0
126 -332 0
128 -333 0
130 -333 0
132 -333 0
133 -333 0
135 -333 0
137 -333 0
140 -333 0
142 -333 0
144 -334 0
146 -334 0
147 -334 0
148 -334 0
150 -334 0
152 -334 0
155 -334 0
157 -334 0
1 -335 0
3 -335 0
5 -335 0
7 -335 0
9 -335 0
12 -335 0
14 -335 0
16 -335 0
17 -336 0
19 -336 0
21 -336 0
23 -336 0
25 -336 0
28 -336 0
30 -336 0
32 -336 0
33 -337 0
35 -337 0
37 -337 0
39 -337 0
41 -337 0
44 -337 0
46 -337 0
48 -337 0
49 -338 0
51 -338 0
53 -338 0
56 -338 0
59 -338 0
61 -338 0
63 -338 0
64 -339 0
66 -339 0
68 -339 0
71 -339 0
74 -339 0
76 -339 0
78 -339 0
79 -340 0
81 -340 0
83 -340 0
85 -340 0
87 -340 0
90 -340 0
92 -340 0
94 -340 0
95 -341 0
97 -341 0
99 -341 0
101 -341 0
103 -341 0
106 -341 0
108 -341 0
110 -341 0
111 -342 0
113 -342 0
115 -342 0
117 -342 0
119 -342 0
122 -342 0
124 -342 0
126 -342 0
127 -343 0
129 -343 0
131 -343 0
133 -343 0
135 -343 0
138 -343 0
140 -343 0
142 -343 0
143 -344 0
145 -344 0
-344 0
148 -344 0
150 -344 0
153 -344 0
155 -344 0
157 -344 0
2 -345 0
3 -345 0
5 -345 0
8 -345 0
9 -345 0
12 -345 0
14 -345 0
16 -345 0
18 -346 0
19 -346 0
21 -346 0
24 -346 0
25 -346 0
28 -346 0
30 -346 0
32 -346 0
34 -347 0
35 -347 0
37 -347 0
40 -347 0
41 -347 0
44 -347 0
46 -347 0
48 -347 0
50 -348 0
51 -348 0
53 -348 0
55 -348 0
56 -348 0
59 -348 0
61 -348 0
63 -348 0
65 -349 0
66 -349 0
68 -349 0
70 -349 0
71 -349 0
74 -349 0
76 -349 0
78 -349 0
80 -350 0
81 -350 0
83 -350 0
86 -350 0
87 -350 0
90 -350 0
92 -350 0
94 -350 0
96 -351 0
97 -351 0
99 -351 0
102 -351 0
103 -351 0
106 -351 0
108 -351 0
110 -351 0
112 -352 0
113 -352 0
115 -352 0
118 -352 0
119 -352 0
122 -352 0
124 -352 0
126 -352 0
128 -353 0
129 -353 0
131 -353 0
134 -353 0
135 -353 0
138 -353 0
140 -353 0
142 -353 0
144 -354 0
145 -354 0
-354 0
149 -354 0
150 -354 0
153 -354 0
155 -354 0
157 -354 0
2 -355 0
3 -355 0
6 -355 0
8 -355 0
10 -355 0
12 -355 0
13 -355 0
16 -355 0
18 -356 0
19 -356 0
22 -356 0
24 -356 0
26 -356 0
28 -356 0
29 -356 0
32 -356 0
34 -357 0
35 -357 0
38 -357 0
40 -357 0
42 -357 0
44 -357 0
45 -357 0
48 -357 0
50 -358 0
51 -358 0
54 -358 0
55 -358 0
57 -358 0
59 -358 0
60 -358 0
63 -358 0
65 -359 0
66 -359 0
69 -359 0
70 -359 0
72 -359 0
74 -359 0
75 -359 0
78 -359 0
80 -360 0
81 -360 0
84 -360 0
86 -360 0
88 -360 0
90 -360 0
91 -360 0
94 -360 0
96 -361 0
97 -361 0
100 -361 0
102 -361 0
104 -361 0
106 -361 0
107 -361 0
110 -361 0
112 -362 0
113 -362 0
116 -362 0
118 -362 0
120 -362 0
122 -362 0
123 -362 0
126 -362 0
128 -363 0
129 -363 0
132 -363 0
134 -363 0
136 -363 0
138 -363 0
139 -363 0
142 -363 0
144 -364 0
145 -364 0
147 -364 0
149 -364 0
151 -364 0
153 -364 0
154 -364 0
157 -364 0
2 -365 0
3 -365 0
6 -365 0
7 -365 0
9 -365 0
12 -365 0
14 -365 0
16 -365 0
18 -366 0
19 -366 0
22 -366 0
23 -366 0
25 -366 0
28 -366 0
30 -366 0
32 -366 0
34 -367 0
35 -367 0
38 -367 0
39 -367 0
41 -367 0
44 -367 0
46 -367 0
48 -367 0
50 -368 0
51 -368 0
54 -368 0
56 -368 0
59 -368 0
61 -368 0
63 -368 0
65 -369 0
66 -369 0
69 -369 0
71 -369 0
74 -369 0
76 -369 0
78 -369 0
80 -370 0
81 -370 0
84 -370 0
85 -370 0
87 -370 0
90 -370 0
92 -370 0
94 -370 0
96 -371 0
97 -371 0
100 -371 0
101 -371 0
103 -371 0
106 -371 0
108 -371 0
110 -371 0
112 -372 0
113 -372 0
116 -372 0
117 -372 0
119 -372 0
122 -372 0
124 -372 0
126 -372 0
128 -373 0
129 -373 0
132 -373 0
133 -373 0
135 -373 0
138 -373 0
140 -373 0
142 -373 0
144 -374 0
145 -374 0
147 -374 0
148 -374 0
150 -374 0
153 -374 0
155 -374 0
157 -374 0
1 -375 0
4 -375 0
5 -375 0
8 -375 0
10 -375 0
12 -375 0
13 -375 0
15 -375 0
17 -376 0
20 -376 0
21 -376 0
24 -376 0
26 -376 0
28 -376 0
29 -376 0
31 -376 0
33 -377 0
36 -377 0
37 -377 0
40 -377 0
42 -377 0
44 -377 0
45 -377 0
47 -377 0
49 -378 0
52 -378 0
53 -378 0
55 -378 0
57 -378 0
59 -378 0
60 -378 0
62 -378 0
64 -379 0
67 -379 0
68 -379 0
70 -379 0
72 -379 0
74 -379 0
75 -379 0
77 -379 0
79 -380 0
82 -380 0
83 -380 0
86 -380 0
88 -380 0
90 -380 0
91 -380 0
93 -380 0
95 -381 0
98 -381 0
99 -381 0
102 -381 0
104 -381 0
106 -381 0
107 -381 0
109 -381 0
111 -382 0
114 -382 0
115 -382 0
118 -382 0
120 -382 0
122 -382 0
123 -382 0
125 -382 0
127 -383 0
130 -383 0
131 -383 0
134 -383 0
136 -383 0
138 -383 0
139 -383 0
141 -383 0
143 -384 0
146 -384 0
-384 0
149 -384 0
151 -384 0
153 -384 0
154 -384 0
156 -384 0
2 -385 0
3 -385 0
6 -385 0
7 -385 0
10 -385 0
11 -385 0
14 -385 0
15 -385 0
18 -386 0
19 -386 0
22 -386 0
23 -386 0
26 -386 0
27 -386 0
30 -386 0
31 -386 0
34 -387 0
35 -387 0
38 -387 0
39 -387 0
42 -387 0
43 -387 0
46 -387 0
47 -387 0
50 -388 0
51 -388 0
54 -388 0
57 -388 0
58 -388 0
61 -388 0
62 -388 0
65 -389 0
66 -389 0
69 -389 0
72 -389 0
73 -389 0
76 -389 0
77 -389 0
80 -390 0
81 -390 0
84 -390 0
85 -390 0
88 -390 0
89 -390 0
92 -390 0
93 -390 0
96 -391 0
97 -391 0
100 -391 0
101 -391 0
104 -391 0
105 -391 0
108 -391 0
109 -391 0
112 -392 0
113 -392 0
116 -392 0
117 -392 0
120 -392 0
121 -392 0
124 -392 0
125 -392 0
128 -393 0
129 -393 0
132 -393 0
133 -393 0
136 -393 0
137 -393 0
140 -393 0
141 -393 0
144 -394 0
145 -394 0
147 -394 0
148 -394 0
151 -394 0
152 -394 0
155 -394 0
156 -394 0
2 -395 0
3 -395 0
5 -395 0
8 -395 0
10 -395 0
11 -395 0
13 -395 0
15 -395 0
18 -396 0
19 -396 0
21 -396 0
24 -396 0
26 -396 0
27 -396 0
29 -396 0
31 -396 0
34 -397 0
35 -397 0
37 -397 0
40 -397 0
42 -397 0
43 -397 0
45 -397 0
47 -397 0
50 -398 0
51 -398 0
53 -398 0
55 -398 0
57 -398 0
58 -398 0
60 -398 0
62 -398 0
65 -399 0
66 -399 0
68 -399 0
70 -399 0
72 -399 0
73 -399 0
75 -399 0
77 -399 0
80 -400 0
81 -400 0
83 -400 0
86 -400 0
88 -400 0
89 -400 0
91 -400 0
93 -400 0
96 -401 0
97 -401 0
99 -401 0
102 -401 0
104 -401 0
105 -401 0
107 -401 0
109 -401 0
112 -402 0
113 -402 0
115 -402 0
118 -402 0
120 -402 0
121 -402 0
123 -402 0
125 -402 0
128 -403 0
129 -403 0
131 -403 0
134 -403 0
136 -403 0
137 -403 0
139 -403 0
141 -403 0
144 -404 0
145 -404 0
-404 0
149 -404 0
151 -404 0
152 -404 0
154 -404 0
156 -404 0
2 -405 0
4 -405 0
5 -405 0
7 -405 0
10 -405 0
11 -405 0
14 -405 0
16 -405 0
18 -406 0
20 -406 0
21 -406 0
23 -406 0
26 -406 0
27 -406 0
30 -406 0
32 -406 0
34 -407 0
36 -407 0
37 -407 0
39 -407 0
42 -407 0
43 -407 0
46 -407 0
48 -407 0
50 -408 0
52 -408 0
53 -408 0
57 -408 0
58 -408 0
61 -408 0
63 -408 0
65 -409 0
67 -409 0
68 -409 0
72 -409 0
73 -409 0
76 -409 0
78 -409 0
80 -410 0
82 -410 0
83 -410 0
85 -410 0
88 -410 0
89 -410 0
92 -410 0
94 -410 0
96 -411 0
98 -411 0
99 -411 0
101 -411 0
104 -411 0
105 -411 0
108 -411 0
110 -411 0
112 -412 0
114 -412 0
115 -412 0
117 -412 0
120 -412 0
121 -412 0
124 -412 0
126 -412 0
128 -413 0
130 -413 0
131 -413 0
133 -413 0
136 -413 0
137 -413 0
140 -413 0
142 -413 0
144 -414 0
146 -414 0
-414 0
148 -414 0
151 -414 0
152 -414 0
155 -414 0
157 -414 0
2 -415 0
4 -415 0
6 -415 0
7 -415 0
10 -415 0
11 -415 0
13 -415 0
16 -415 0
18 -416 0
20 -416 0
22 -416 0
23 -416 0
26 -416 0
27 -416 0
29 -416 0
32 -416 0
34 -417 0
36 -417 0
38 -417 0
39 -417 0
42 -417 0
43 -417 0
45 -417 0
48 -417 0
50 -418 0
52 -418 0
54 -418 0
57 -418 0
58 -418 0
60 -418 0
63 -418 0
65 -419 0
67 -419 0
69 -419 0
72 -419 0
73 -419 0
75 -419 0
78 -419 0
80 -420 0
82 -420 0
84 -420 0
85 -420 0
88 -420 0
89 -420 0
91 -420 0
94 -420 0
96 -421 0
98 -421 0
100 -421 0
101 -421 0
104 -421 0
105 -421 0
107 -421 0
110 -421 0
112 -422 0
114 -422 0
116 -422 0
117 -422 0
120 -422 0
121 -422 0
123 -422 0
126 -422 0
128 -423 0
130 -423 0
132 -423 0
133 -423 0
136 -423 0
137 -423 0
139 -423 0
142 -423 0
144 -424 0
146 -424 0
147 -424 0
148 -424 0
151 -424 0
152 -424 0
154 -424 0
157 -424 0
1 -425 0
3 -425 0
5 -425 0
7 -425 0
10 -425 0
11 -425 0
13 -425 0
16 -425 0
17 -426 0
19 -426 0
21 -426 0
23 -426 0
26 -426 0
27 -426 0
29 -426 0
32 -426 0
33 -427 0
35 -427 0
37 -427 0
39 -427 0
42 -427 0
43 -427 0
45 -427 0
48 -427 0
49 -428 0
51 -428 0
53 -428 0
57 -428 0
58 -428 0
60 -428 0
63 -428 0
64 -429 0
66 -429 0
68 -429 0
72 -429 0
73 -429 0
75 -429 0
78 -429 0
79 -430 0
81 -430 0
83 -430 0
85 -430 0
88 -430 0
89 -430 0
91 -430 0
94 -430 0
95 -431 0
97 -431 0
99 -431 0
101 -431 0
104 -431 0
105 -431 0
107 -431 0
110 -431 0
111 -432 0
113 -432 0
115 -432 0
117 -432 0
120 -432 0
121 -432 0
123 -432 0
126 -432 0
127 -433 0
129 -433 0
131 -433 0
133 -433 0
136 -433 0
137 -433 0
139 -433 0
142 -433 0
143 -434 0
145 -434 0
-434 0
148 -434 0
151 -434 0
152 -434 0
154 -434 0
157 -434 0
2 -435 0
3 -435 0
5 -435 0
8 -435 0
10 -435 0
12 -435 0
13 -435 0
15 -435 0
18 -436 0
19 -436 0
21 -436 0
24 -436 0
26 -436 0
28 -436 0
29 -436 0
31 -436 0
34 -437 0
35 -437 0
37 -437 0
40 -437 0
42 -437 0
44 -437 0
45 -437 0
47 -437 0
50 -438 0
51 -438 0
53 -438 0
55 -438 0
57 -438 0
59 -438 0
60 -438 0
62 -438 0
65 -439 0
66 -439 0
68 -439 0
70 -439 0
72 -439 0
74 -439 0
75 -439 0
77 -439 0
80 -440 0
81 -440 0
83 -440 0
86 -440 0
88 -440 0
90 -440 0
91 -440 0
93 -440 0
96 -441 0
97 -441 0
99 -441 0
102 -441 0
104 -441 0
106 -441 0
107 -441 0
109 -441 0
112 -442 0
113 -442 0
115 -442 0
118 -442 0
120 -442 0
122 -442 0
123 -442 0
125 -442 0
128 -443 0
129 -443 0
131 -443 0
134 -443 0
136 -443 0
138 -443 0
139 -443 0
141 -443 0
144 -444 0
145 -444 0
-444 0
149 -444 0
151 -444 0
153 -444 0
154 -444 0
156 -444 0
1 -445 0
3 -445 0
6 -445 0
8 -445 0
9 -445 0
12 -445 0
14 -445 0
16 -445 0
17 -446 0
19 -446 0
22 -446 0
24 -446 0
25 -446 0
28 -446 0
30 -446 0
32 -446 0
33 -447 0
35 -447 0
38 -447 0
40 -447 0
41 -447 0
44 -447 0
46 -447 0
48 -447 0
49 -448 0
51 -448 0
54 -448 0
55 -448 0
56 -448 0
59 -448 0
61 -448 0
63 -448 0
64 -449 0
66 -449 0
69 -449 0
70 -449 0
71 -449 0
74 -449 0
76 -449 0
78 -449 0
79 -450 0
81 -450 0
84 -450 0
86 -450 0
87 -450 0
90 -450 0
92 -450 0
94 -450 0
95 -451 0
97 -451 0
100 -451 0
102 -451 0
103 -451 0
106 -451 0
108 -451 0
110 -451 0
111 -452 0
113 -452 0
116 -452 0
118 -452 0
119 -452 0
122 -452 0
124 -452 0
126 -452 0
127 -453 0
129 -453 0
132 -453 0
134 -453 0
135 -453 0
138 -453 0
140 -453 0
142 -453 0
143 -454 0
145 -454 0
147 -454 0
149 -454 0
150 -454 0
153 -454 0
155 -454 0
157 -454 0
1 -455 0
4 -455 0
6 -455 0
8 -455 0
10 -455 0
12 -455 0
13 -455 0
16 -455 0
17 -456 0
20 -456 0
22 -456 0
24 -456 0
26 -456 0
28 -456 0
29 -456 0
32 -456 0
33 -457 0
36 -457 0
38 -457 0
40 -457 0
42 -457 0
44 -457 0
45 -457 0
48 -457 0
49 -458 0
52 -458 0
54 -458 0
55 -458 0
57 -458 0
59 -458 0
60 -458 0
63 -458 0
64 -459 0
67 -459 0
69 -459 0
70 -459 0
72 -459 0
74 -459 0
75 -459 0
78 -459 0
79 -460 0
82 -460 0
84 -460 0
86 -460 0
88 -460 0
90 -460 0
91 -460 0
94 -460 0
95 -461 0
98 -461 0
100 -461 0
102 -461 0
104 -461 0
106 -461 0
107 -461 0
110 -461 0
111 -462 0
114 -462 0
116 -462 0
118 -462 0
120 -462 0
122 -462 0
123 -462 0
126 -462 0
127 -463 0
130 -463 0
132 -463 0
134 -463 0
136 -463 0
138 -463 0
139 -463 0
142 -463 0
143 -464 0
146 -464 0
147 -464 0
149 -464 0
151 -464 0
153 -464 0
154 -464 0
157 -464 0
2 -465 0
4 -465 0
5 -465 0
7 -465 0
10 -465 0
12 -465 0
13 -465 0
15 -465 0
18 -466 0
20 -466 0
21 -466 0
23 -466 0
26 -466 0
28 -466 0
29 -466 0
31 -466 0
34 -467 0
36 -467 0
37 -467 0
39 -467 0
42 -467 0
44 -467 0
45 -467 0
47 -467 0
50 -468 0
52 -468 0
53 -468 0
57 -468 0
59 -468 0
60 -468 0
62 -468 0
65 -469 0
67 -469 0
68 -469 0
72 -469 0
74 -469 0
75 -469 0
77 -469 0
80 -470 0
82 -470 0
83 -470 0
85 -470 0
88 -470 0
90 -470 0
91 -470 0
93 -470 0
96 -471 0
98 -471 0
99 -471 0
101 -471 0
104 -471 0
106 -471 0
107 -471 0
109 -471 0
112 -472 0
114 -472 0
115 -472 0
117 -472 0
120 -472 0
122 -472 0
123 -472 0
125 -472 0
128 -473 0
130 -473 0
131 -473 0
133 -473 0
136 -473 0
138 -473 0
139 -473 0
141 -473 0
144 -474 0
146 -474 0
-474 0
148 -474 0
151 -474 0
153 -474 0
154 -474 0
156 -474 0
2 -475 0
4 -475 0
5 -475 0
7 -475 0
10 -475 0
12 -475 0
14 -475 0
16 -475 0
18 -476 0
20 -476 0
21 -476 0
23 -476 0
26 -476 0
28 -476 0
30 -476 0
32 -476 0
34 -477 0
36 -477 0
37 -477 0
39 -477 0
42 -477 0
44 -477 0
46 -477 0
48 -477 0
50 -478 0
52 -478 0
53 -478 0
57 -478 0
59 -478 0
61 -478 0
63 -478 0
65 -479 0
67 -479 0
68 -479 0
72 -479 0
74 -479 0
76 -479 0
78 -479 0
80 -480 0
82 -480 0
83 -480 0
85 -480 0
88 -480 0
90 -480 0
92 -480 0
94 -480 0
96 -481 0
98 -481 0
99 -481 0
101 -481 0
104 -481 0
106 -481 0
108 -481 0
110 -481 0
112 -482 0
114 -482 0
115 -482 0
117 -482 0
120 -482 0
122 -482 0
124 -482 0
126 -482 0
128 -483 0
130 -483 0
131 -483 0
133 -483 0
136 -483 0
138 -483 0
140 -483 0
142 -483 0
144 -484 0
146 -484 0
-484 0
148 -484 0
151 -484 0
153 -484 0
155 -484 0
157 -484 0
1 -485 0
4 -485 0
5 -485 0
8 -485 0
10 -485 0
11 -485 0
13 -485 0
15 -485 0
17 -486 0
20 -486 0
21 -486 0
24 -486 0
26 -486 0
27 -486 0
29 -486 0
31 -486 0
33 -487 0
36 -487 0
37 -487 0
40 -487 0
42 -487 0
43 -487 0
45 -487 0
47 -487 0
49 -488 0
52 -488 0
53 -488 0
55 -488 0
57 -488 0
58 -488 0
60 -488 0
62 -488 0
64 -489 0
67 -489 0
68 -489 0
70 -489 0
72 -489 0
73 -489 0
75 -489 0
77 -489 0
79 -490 0
82 -490 0
83 -490 0
86 -490 0
88 -490 0
89 -490 0
91 -490 0
93 -490 0
95 -491 0
98 -491 0
99 -491 0
102 -491 0
104 -491 0
105 -491 0
107 -491 0
109 -491 0
111 -492 0
114 -492 0
115 -492 0
118 -492 0
120 -492 0
121 -492 0
123 -492 0
125 -492 0
127 -493 0
130 -493 0
131 -493 0
134 -493 0
136 -493 0
137 -493 0
139 -493 0
141 -493 0
143 -494 0
146 -494 0
-494 0
149 -494 0
151 -494 0
152 -494 0
154 -494 0
156 -494 0
1 -495 0
3 -495 0
5 -495 0
8 -495 0
10 -495 0
12 -495 0
14 -495 0
16 -495 0
17 -496 0
19 -496 0
21 -496 0
24 -496 0
26 -496 0
28 -496 0
30 -496 0
32 -496 0
33 -497 0
35 -497 0
37 -497 0
40 -497 0
42 -497 0
44 -497 0
46 -497 0
48 -497 0
49 -498 0
51 -498 0
53 -498 0
55 -498 0
57 -498 0
59 -498 0
61 -498 0
63 -498 0
64 -499 0
66 -499 0
68 -499 0
70 -499 0
72 -499 0
74 -499 0
76 -499 0
78 -499 0
79 -500 0
81 -500 0
83 -500 0
86 -500 0
88 -500 0
90 -500 0
92 -500 0
94 -500 0
95 -501 0
97 -501 0
99 -501 0
102 -501 0
104 -501 0
106 -501 0
108 -501 0
110 -501 0
111 -502 0
113 -502 0
115 -502 0
118 -502 0
120 -502 0
122 -502 0
124 -502 0
126 -502 0
127 -503 0
129 -503 0
131 -503 0
134 -503 0
136 -503 0
138 -503 0
140 -503 0
142 -503 0
143 -504 0
145 -504 0
-504 0
149 -504 0
151 -504 0
153 -504 0
155 -504 0
157 -504 0
1 -505 0
4 -505 0
6 -505 0
8 -505 0
10 -505 0
11 -505 0
14 -505 0
15 -505 0
17 -506 0
20 -506 0
22 -506 0
24 -506 0
26 -506 0
27 -506 0
30 -506 0
31 -506 0
33 -507 0
36 -507 0
38 -507 0
40 -507 0
42 -507 0
43 -507 0
46 -507 0
47 -507 0
49 -508 0
52 -508 0
54 -508 0
55 -508 0
57 -508 0
58 -508 0
61 -508 0
62 -508 0
64 -509 0
67 -509 0
69 -509 0
70 -509 0
72 -509 0
73 -509 0
76 -509 0
77 -509 0
79 -510 0
82 -510 0
84 -510 0
86 -510 0
88 -510 0
89 -510 0
92 -510 0
93 -510 0
95 -511 0
98 -511 0
100 -511 0
102 -511 0
104 -511 0
105 -511 0
108 -511 0
109 -511 0
111 -512 0
114 -512 0
116 -512 0
118 -512 0
120 -512 0
121 -512 0
124 -512 0
125 -512 0
127 -513 0
130 -513 0
132 -513 0
134 -513 0
136 -513 0
137 -513 0
140 -513 0
141 -513 0
143 -514 0
146 -514 0
147 -514 0
149 -514 0
151 -514 0
152 -514 0
155 -514 0
156 -514 0
2 -515 0
3 -515 0
5 -515 0
8 -515 0
10 -515 0
12 -515 0
13 -515 0
15 -515 0
18 -516 0
19 -516 0
21 -516 0
24 -516 0
26 -516 0
28 -516 0
29 -516 0
31 -516 0
34 -517 0
35 -517 0
37 -517 0
40 -517 0
42 -517 0
44 -517 0
45 -517 0
47 -517 0
50 -518 0
51 -518 0
53 -518 0
55 -518 0
57 -518 0
59 -518 0
60 -518 0
62 -518 0
65 -519 0
66 -519 0
68 -519 0
70 -519 0
72 -519 0
74 -519 0
75 -519 0
77 -519 0
80 -520 0
81 -520 0
83 -520 0
86 -520 0
88 -520 0
90 -520 0
91 -520 0
93 -520 0
96 -521 0
97 -521 0
99 -521 0
102 -521 0
104 -521 0
106 -521 0
107 -521 0
109 -521 0
112 -522 0
113 -522 0
115 -522 0
118 -522 0
120 -522 0
122 -522 0
123 -522 0
125 -522 0
128 -523 0
129 -523 0
131 -523 0
134 -523 0
136 -523 0
138 -523 0
139 -523 0
141 -523 0
144 -524 0
145 -524 0
-524 0
149 -524 0
151 -524 0
153 -524 0
154 -524 0
156 -524 0
17 -525 0
19 -525 0
22 -525 0
24 -525 0
26 -525 0
27 -525 0
30 -525 0
31 -525 0
33 -526 0
35 -526 0
38 -526 0
40 -526 0
42 -526 0
43 -526 0
46 -526 0
47 -526 0
49 -527 0
51 -527 0
54 -527 0
55 -527 0
57 -527 0
58 -527 0
61 -527 0
62 -527 0
64 -528 0
66 -528 0
69 -528 0
70 -528 0
72 -528 0
73 -528 0
76 -528 0
77 -528 0
79 -529 0
81 -529 0
84 -529 0
86 -529 0
88 -529 0
89 -529 0
92 -529 0
93 -529 0
95 -530 0
97 -530 0
100 -530 0
102 -530 0
104 -530 0
105 -530 0
108 -530 0
109 -530 0
111 -531 0
113 -531 0
116 -531 0
118 -531 0
120 -531 0
121 -531 0
124 -531 0
125 -531 0
127 -532 0
129 -532 0
132 -532 0
134 -532 0
136 -532 0
137 -532 0
140 -532 0
141 -532 0
143 -533 0
145 -533 0
147 -533 0
149 -533 0
151 -533 0
152 -533 0
155 -533 0
156 -533 0
1 -534 0
3 -534 0
6 -534 0
8 -534 0
10 -534 0
11 -534 0
14 -534 0
15 -534 0
17 -535 0
19 -535 0
22 -535 0
24 -535 0
26 -535 0
27 -535 0
30 -535 0
31 -535 0
33 -536 0
35 -536 0
38 -536 0
40 -536 0
42 -536 0
43 -536 0
46 -536 0
47 -536 0
49 -537 0
51 -537 0
54 -537 0
55 -537 0
57 -537 0
58 -537 0
61 -537 0
62 -537 0
64 -538 0
66 -538 0
69 -538 0
70 -538 0
72 -538 0
73 -538 0
76 -538 0
77 -538 0
79 -539 0
81 -539 0
84 -539 0
86 -539 0
88 -539 0
89 -539 0
92 -539 0
93 -539 0
95 -540 0
97 -540 0
100 -540 0
102 -540 0
104 -540 0
105 -540 0
108 -540 0
109 -540 0
111 -541 0
113 -541 0
116 -541 0
118 -541 0
120 -541 0
121 -541 0
124 -541 0
125 -541 0
127 -542 0
129 -542 0
132 -542 0
134 -542 0
136 -542 0
137 -542 0
140 -542 0
141 -542 0
143 -543 0
145 -543 0
147 -543 0
149 -543 0
151 -543 0
152 -543 0
155 -543 0
156 -543 0
1 -544 0
4 -544 0
6 -544 0
7 -544 0
9 -544 0
12 -544 0
14 -544 0
16 -544 0
17 -545 0
20 -545 0
22 -545 0
23 -545 0
25 -545 0
28 -545 0
30 -545 0
32 -545 0
33 -546 0
36 -546 0
38 -546 0
39 -546 0
41 -546 0
44 -546 0
46 -546 0
48 -546 0
49 -547 0
52 -547 0
54 -547 0
56 -547 0
59 -547 0
61 -547 0
63 -547 0
64 -548 0
67 -548 0
69 -548 0
71 -548 0
74 -548 0
76 -548 0
78 -548 0
79 -549 0
82 -549 0
84 -549 0
85 -549 0
87 -549 0
90 -549 0
92 -549 0
94 -549 0
95 -550 0
98 -550 0
100 -550 0
101 -550 0
103 -550 0
106 -550 0
108 -550 0
110 -550 0
111 -551 0
114 -551 0
116 -551 0
117 -551 0
119 -551 0
122 -551 0
124 -551 0
126 -551 0
127 -552 0
130 -552 0
132 -552 0
133 -552 0
135 -552 0
138 -552 0
140 -552 0
142 -552 0
143 -553 0
146 -553 0
147 -553 0
148 -553 0
150 -553 0
153 -553 0
155 -553 0
157 -553 0
1 -554 0
3 -554 0
5 -554 0
8 -554 0
10 -554 0
11 -554 0
14 -554 0
16 -554 0
17 -555 0
19 -555 0
21 -555 0
24 -555 0
26 -555 0
27 -555 0
30 -555 0
32 -555 0
33 -556 0
35 -556 0
37 -556 0
40 -556 0
42 -556 0
43 -556 0
46 -556 0
48 -556 0
49 -557 0
51 -557 0
53 -557 0
55 -557 0
57 -557 0
58 -557 0
61 -557 0
63 -557 0
64 -558 0
66 -558 0
68 -558 0
70 -558 0
72 -558 0
73 -558 0
76 -558 0
78 -558 0
79 -559 0
81 -559 0
83 -559 0
86 -559 0
88 -559 0
89 -559 0
92 -559 0
94 -559 0
95 -560 0
97 -560 0
99 -560 0
102 -560 0
104 -560 0
105 -560 0
108 -560 0
110 -560 0
111 -561 0
113 -561 0
115 -561 0
118 -561 0
120 -561 0
121 -561 0
124 -561 0
126 -561 0
127 -562 0
129 -562 0
131 -562 0
134 -562 0
136 -562 0
137 -562 0
140 -562 0
142 -562 0
143 -563 0
145 -563 0
-563 0
149 -563 0
151 -563 0
152 -563 0
155 -563 0
157 -563 0
1 -564 0
4 -564 0
6 -564 0
8 -564 0
9 -564 0
12 -564 0
14 -564 0
15 -564 0
17 -565 0
20 -565 0
22 -565 0
24 -565 0
25 -565 0
28 -565 0
30 -565 0
31 -565 0
33 -566 0
36 -566 0
38 -566 0
40 -566 0
41 -566 0
44 -566 0
46 -566 0
47 -566 0
49 -567 0
52 -567 0
54 -567 0
55 -567 0
56 -567 0
59 -567 0
61 -567 0
62 -567 0
64 -568 0
67 -568 0
69 -568 0
70 -568 0
71 -568 0
74 -568 0
76 -568 0
77 -568 0
79 -569 0
82 -569 0
84 -569 0
86 -569 0
87 -569 0
90 -569 0
92 -569 0
93 -569 0
95 -570 0
98 -570 0
100 -570 0
102 -570 0
103 -570 0
106 -570 0
108 -570 0
109 -570 0
111 -571 0
114 -571 0
116 -571 0
118 -571 0
119 -571 0
122 -571 0
124 -571 0
125 -571 0
127 -572 0
130 -572 0
132 -572 0
134 -572 0
135 -572 0
138 -572 0
140 -572 0
141 -572 0
143 -573 0
146 -573 0
147 -573 0
149 -573 0
150 -573 0
153 -573 0
155 -573 0
156 -573 0
1 -574 0
3 -574 0
6 -574 0
8 -574 0
10 -574 0
11 -574 0
13 -574 0
16 -574 0
17 -575 0
19 -575 0
22 -575 0
24 -575 0
26 -575 0
27 -575 0
29 -575 0
32 -575 0
33 -576 0
35 -576 0
38 -576 0
40 -576 0
42 -576 0
43 -576 0
45 -576 0
48 -576 0
49 -577 0
51 -577 0
54 -577 0
55 -577 0
57 -577 0
58 -577 0
60 -577 0
63 -577 0
64 -578 0
66 -578 0
69 -578 0
70 -578 0
72 -578 0
73 -578 0
75 -578 0
78 -578 0
79 -579 0
81 -579 0
84 -579 0
86 -579 0
88 -579 0
89 -579 0
91 -579 0
94 -579 0
95 -580 0
97 -580 0
100 -580 0
102 -580 0
104 -580 0
105 -580 0
107 -580 0
110 -580 0
111 -581 0
113 -581 0
116 -581 0
118 -581 0
120 -581 0
121 -581 0
123 -581 0
126 -581 0
127 -582 0
129 -582 0
132 -582 0
134 -582 0
136 -582 0
137 -582 0
139 -582 0
142 -582 0
143 -583 0
145 -583 0
147 -583 0
149 -583 0
151 -583 0
152 -583 0
154 -583 0
157 -583 0
2 -584 0
3 -584 0
5 -584 0
7 -584 0
10 -584 0
12 -584 0
13 -584 0
15 -584 0
18 -585 0
19 -585 0
21 -585 0
23 -585 0
26 -585 0
28 -585 0
29 -585 0
31 -585 0
34 -586 0
35 -586 0
37 -586 0
39 -586 0
42 -586 0
44 -586 0
45 -586 0
47 -586 0
50 -587 0
51 -587 0
53 -587 0
57 -587 0
59 -587 0
60 -587 0
62 -587 0
65 -588 0
66 -588 0
68 -588 0
72 -588 0
74 -588 0
75 -588 0
77 -588 0
80 -589 0
81 -589 0
83 -589 0
85 -589 0
88 -589 0
90 -589 0
91 -589 0
93 -589 0
96 -590 0
97 -590 0
99 -590 0
101 -590 0
104 -590 0
106 -590 0
107 -590 0
109 -590 0
112 -591 0
113 -591 0
115 -591 0
117 -591 0
120 -591 0
122 -591 0
123 -591 0
125 -591 0
128 -592 0
129 -592 0
131 -592 0
133 -592 0
136 -592 0
138 -592 0
139 -592 0
141 -592 0
144 -593 0
145 -593 0
-593 0
148 -593 0
151 -593 0
153 -593 0
154 -593 0
156 -593 0
1 -594 0
4 -594 0
5 -594 0
8 -594 0
10 -594 0
12 -594 0
14 -594 0
15 -594 0
17 -595 0
20 -595 0
21 -595 0
24 -595 0
26 -595 0
28 -595 0
30 -595 0
31 -595 0
33 -596 0
36 -596 0
37 -596 0
40 -596 0
42 -596 0
44 -596 0
46 -596 0
47 -596 0
49 -597 0
52 -597 0
53 -597 0
55 -597 0
57 -597 0
59 -597 0
61 -597 0
62 -597 0
64 -598 0
67 -598 0
68 -598 0
70 -598 0
72 -598 0
74 -598 0
76 -598 0
77 -598 0
79 -599 0
82 -599 0
83 -599 0
86 -599 0
88 -599 0
90 -599 0
92 -599 0
93 -599 0
95 -600 0
98 -600 0
99 -600 0
102 -600 0
104 -600 0
106 -600 0
108 -600 0
109 -600 0
111 -601 0
114 -601 0
115 -601 0
118 -601 0
120 -601 0
122 -601 0
124 -601 0
125 -601 0
127 -602 0
130 -602 0
131 -602 0
134 -602 0
136 -602 0
138 -602 0
140 -602 0
141 -602 0
143 -603 0
146 -603 0
-603 0
149 -603 0
151 -603 0
153 -603 0
155 -603 0
156 -603 0
1 -604 0
4 -604 0
5 -604 0
7 -604 0
10 -604 0
11 -604 0
14 -604 0
15 -604 0
17 -605 0
20 -605 0
21 -605 0
23 -605 0
26 -605 0
27 -605 0
30 -605 0
31 -605 0
33 -606 0
36 -606 0
37 -606 0
39 -606 0
42 -606 0
43 -606 0
46 -606 0
47 -606 0
49 -607 0
52 -607 0
53 -607 0
57 -607 0
58 -607 0
61 -607 0
62 -607 0
64 -608 0
67 -608 0
68 -608 0
72 -608 0
73 -608 0
76 -608 0
77 -608 0
79 -609 0
82 -609 0
83 -609 0
85 -609 0
88 -609 0
89 -609 0
92 -609 0
93 -609 0
95 -610 0
98 -610 0
99 -610 0
101 -610 0
104 -610 0
105 -610 0
108 -610 0
109 -610 0
111 -611 0
114 -611 0
115 -611 0
117 -611 0
120 -611 0
121 -611 0
124 -611 0
125 -611 0
127 -612 0
130 -612 0
131 -612 0
133 -612 0
136 -612 0
137 -612 0
140 -612 0
141 -612 0
143 -613 0
146 -613 0
-613 0
148 -613 0
151 -613 0
152 -613 0
155 -613 0
156 -613 0
1 -614 0
3 -614 0
5 -614 0
7 -614 0
9 -614 0
12 -614 0
14 -614 0
16 -614 0
17 -615 0
19 -615 0
21 -615 0
23 -615 0
25 -615 0
28 -615 0
30 -615 0
32 -615 0
33 -616 0
35 -616 0
37 -616 0
39 -616 0
41 -616 0
44 -616 0
46 -616 0
48 -616 0
49 -617 0
51 -617 0
53 -617 0
56 -617 0
59 -617 0
61 -617 0
63 -617 0
64 -618 0
66 -618 0
68 -618 0
71 -618 0
74 -618 0
76 -618 0
78 -618 0
79 -619 0
81 -619 0
83 -619 0
85 -619 0
87 -619 0
90 -619 0
92 -619 0
94 -619 0
95 -620 0
97 -620 0
99 -620 0
101 -620 0
103 -620 0
106 -620 0
108 -620 0
110 -620 0
111 -621 0
113 -621 0
115 -621 0
117 -621 0
119 -621 0
122 -621 0
124 -621 0
126 -621 0
127 -622 0
129 -622 0
131 -622 0
133 -622 0
135 -622 0
138 -622 0
140 -622 0
142 -622 0
143 -623 0
145 -623 0
-623 0
148 -623 0
150 -623 0
153 -623 0
155 -623 0
157 -623 0
1 -624 0
4 -624 0
5 -624 0
7 -624 0
10 -624 0
12 -624 0
14 -624 0
15 -624 0
17 -625 0
20 -625 0
21 -625 0
23 -625 0
26 -625 0
28 -625 0
30 -625 0
31 -625 0
33 -626 0
36 -626 0
37 -626 0
39 -626 0
42 -626 0
44 -626 0
46 -626 0
47 -626 0
49 -627 0
52 -627 0
53 -627 0
57 -627 0
59 -627 0
61 -627 0
62 -627 0
64 -628 0
67 -628 0
68 -628 0
72 -628 0
74 -628 0
76 -628 0
77 -628 0
79 -629 0
82 -629 0
83 -629 0
85 -629 0
88 -629 0
90 -629 0
92 -629 0
93 -629 0
95 -630 0
98 -630 0
99 -630 0
101 -630 0
104 -630 0
106 -630 0
108 -630 0
109 -630 0
111 -631 0
114 -631 0
115 -631 0
117 -631 0
120 -631 0
122 -631 0
124 -631 0
125 -631 0
127 -632 0
130 -632 0
131 -632 0
133 -632 0
136 -632 0
138 -632 0
140 -632 0
141 -632 0
143 -633 0
146 -633 0
-633 0
148 -633 0
151 -633 0
153 -633 0
155 -633 0
156 -633 0
1 -634 0
3 -634 0
6 -634 0
8 -634 0
9 -634 0
12 -634 0
14 -634 0
15 -634 0
17 -635 0
19 -635 0
22 -635 0
24 -635 0
25 -635 0
28 -635 0
30 -635 0
31 -635 0
33 -636 0
35 -636 0
38 -636 0
40 -636 0
41 -636 0
44 -636 0
46 -636 0
47 -636 0
49 -637 0
51 -637 0
54 -637 0
55 -637 0
56 -637 0
59 -637 0
61 -637 0
62 -637 0
64 -638 0
66 -638 0
69 -638 0
70 -638 0
71 -638 0
74 -638 0
76 -638 0
77 -638 0
79 -639 0
81 -639 0
84 -639 0
86 -639 0
87 -639 0
90 -639 0
92 -639 0
93 -639 0
95 -640 0
97 -640 0
100 -640 0
102 -640 0
103 -640 0
106 -640 0
108 -640 0
109 -640 0
111 -641 0
113 -641 0
116 -641 0
118 -641 0
119 -641 0
122 -641 0
124 -641 0
125 -641 0
127 -642 0
129 -642 0
132 -642 0
134 -642 0
135 -642 0
138 -642 0
140 -642 0
141 -642 0
143 -643 0
145 -643 0
147 -643 0
149 -643 0
150 -643 0
153 -643 0
155 -643 0
156 -643 0
2 -644 0
4 -644 0
6 -644 0
8 -644 0
10 -644 0
11 -644 0
13 -644 0
16 -644 0
18 -645 0
20 -645 0
22 -645 0
24 -645 0
26 -645 0
27 -645 0
29 -645 0
32 -645 0
34 -646 0
36 -646 0
38 -646 0
40 -646 0
42 -646 0
43 -646 0
45 -646 0
48 -646 0
50 -647 0
52 -647 0
54 -647 0
55 -647 0
57 -647 0
58 -647 0
60 -647 0
63 -647 0
65 -648 0
67 -648 0
69 -648 0
70 -648 0
72 -648 0
73 -648 0
75 -648 0
78 -648 0
80 -649 0
82 -649 0
84 -649 0
86 -649 0
88 -649 0
89 -649 0
91 -649 0
94 -649 0
96 -650 0
98 -650 0
100 -650 0
102 -650 0
104 -650 0
105 -650 0
107 -650 0
110 -650 0
112 -651 0
114 -651 0
116 -651 0
118 -651 0
120 -651 0
121 -651 0
123 -651 0
126 -651 0
128 -652 0
130 -652 0
132 -652 0
134 -652 0
136 -652 0
137 -652 0
139 -652 0
142 -652 0
144 -653 0
146 -653 0
147 -653 0
149 -653 0
151 -653 0
152 -653 0
154 -653 0
157 -653 0
2 -654 0
3 -654 0
6 -654 0
7 -654 0
9 -654 0
12 -654 0
14 -654 0
16 -654 0
18 -655 0
19 -655 0
22 -655 0
23 -655 0
25 -655 0
28 -655 0
30 -655 0
32 -655 0
34 -656 0
35 -656 0
38 -656 0
39 -656 0
41 -656 0
44 -656 0
46 -656 0
48 -656 0
50 -657 0
51 -657 0
54 -657 0
56 -657 0
59 -657 0
61 -657 0
63 -657 0
65 -658 0
66 -658 0
69 -658 0
71 -658 0
74 -658 0
76 -658 0
78 -658 0
80 -659 0
81 -659 0
84 -659 0
85 -659 0
87 -659 0
90 -659 0
92 -659 0
94 -659 0
96 0
97 0
100 0
101 0
103 0
106 0
108 0
110 0
112 -660 0
113 -660 0
116 -660 0
117 -660 0
119 -660 0
122 -660 0
124 -660 0
126 -660 0
128 -661 0
129 -661 0
132 -661 0
133 -661 0
135 -661 0
138 -661 0
140 -661 0
142 -661 0
144 -662 0
145 -662 0
147 -662 0
148 -662 0
150 -662 0
153 -662 0
155 -662 0
157 -662 0
1 -663 0
3 -663 0
6 -663 0
8 -663 0
10 -663 0
12 -663 0
13 -663 0
16 -663 0
17 -664 0
19 -664 0
22 -664 0
24 -664 0
26 -664 0
28 -664 0
29 -664 0
32 -664 0
33 -665 0
35 -665 0
38 -665 0
40 -665 0
42 -665 0
44 -665 0
45 -665 0
48 -665 0
49 -666 0
51 -666 0
54 -666 0
55 -666 0
57 -666 0
59 -666 0
60 -666 0
63 -666 0
64 -667 0
66 -667 0
69 -667 0
70 -667 0
72 -667 0
74 -667 0
75 -667 0
78 -667 0
79 -668 0
81 -668 0
84 -668 0
86 -668 0
88 -668 0
90 -668 0
91 -668 0
94 -668 0
95 -669 0
97 -669 0
100 -669 0
102 -669 0
104 -669 0
106 -669 0
107 -669 0
110 -669 0
111 -670 0
113 -670 0
116 -670 0
118 -670 0
120 -670 0
122 -670 0
123 -670 0
126 -670 0
127 -671 0
129 -671 0
132 -671 0
134 -671 0
136 -671 0
138 -671 0
139 -671 0
142 -671 0
143 -672 0
145 -672 0
147 -672 0
149 -672 0
151 -672 0
153 -672 0
154 -672 0
157 -672 0
1 -673 0
4 -673 0
5 -673 0
8 -673 0
10 -673 0
12 -673 0
13 -673 0
15 -673 0
17 -674 0
20 -674 0
21 -674 0
24 -674 0
26 -674 0
28 -674 0
29 -674 0
31 -674 0
33 -675 0
36 -675 0
37 -675 0
40 -675 0
42 -675 0
44 -675 0
45 -675 0
47 -675 0
49 -676 0
52 -676 0
53 -676 0
55 -676 0
57 -676 0
59 -676 0
60 -676 0
62 -676 0
64 -677 0
67 -677 0
68 -677 0
70 -677 0
72 -677 0
74 -677 0
75 -677 0
77 -677 0
79 -678 0
82 -678 0
83 -678 0
86 -678 0
88 -678 0
90 -678 0
91 -678 0
93 -678 0
95 -679 0
98 -679 0
99 -679 0
102 -679 0
104 -679 0
106 -679 0
107 -679 0
109 -679 0
111 -680 0
114 -680 0
115 -680 0
118 -680 0
120 -680 0
122 -680 0
123 -680 0
125 -680 0
127 -681 0
130 -681 0
131 -681 0
134 -681 0
136 -681 0
138 -681 0
139 -681 0
141 -681 0
143 -682 0
146 -682 0
-682 0
149 -682 0
151 -682 0
153 -682 0
154 -682 0
156 -682 0
2 -683 0
3 -683 0
5 -683 0
8 -683 0
10 -683 0
12 -683 0
14 -683 0
15 -683 0
18 -684 0
19 -684 0
21 -684 0
24 -684 0
26 -684 0
28 -684 0
30 -684 0
31 -684 0
34 -685 0
35 -685 0
37 -685 0
40 -685 0
42 -685 0
44 -685 0
46 -685 0
47 -685 0
50 -686 0
51 -686 0
53 -686 0
55 -686 0
57 -686 0
59 -686 0
61 -686 0
62 -686 0
65 -687 0
66 -687 0
68 -687 0
70 -687 0
72 -687 0
74 -687 0
76 -687 0
77 -687 0
80 -688 0
81 -688 0
83 -688 0
86 -688 0
88 -688 0
90 -688 0
92 -688 0
93 -688 0
96 -689 0
97 -689 0
99 -689 0
102 -689 0
104 -689 0
106 -689 0
108 -689 0
109 -689 0
112 -690 0
113 -690 0
115 -690 0
118 -690 0
120 -690 0
122 -690 0
124 -690 0
125 -690 0
128 -691 0
129 -691 0
131 -691 0
134 -691 0
136 -691 0
138 -691 0
140 -691 0
141 -691 0
144 -692 0
145 -692 0
-692 0
149 -692 0
151 -692 0
153 -692 0
155 -692 0
156 -692 0
2 -693 0
4 -693 0
5 -693 0
8 -693 0
10 -693 0
12 -693 0
14 -693 0
15 -693 0
18 -694 0
20 -694 0
21 -694 0
24 -694 0
26 -694 0
28 -694 0
30 -694 0
31 -694 0
34 -695 0
36 -695 0
37 -695 0
40 -695 0
42 -695 0
44 -695 0
46 -695 0
47 -695 0
50 -696 0
52 -696 0
53 -696 0
55 -696 0
57 -696 0
59 -696 0
61 -696 0
62 -696 0
65 -697 0
67 -697 0
68 -697 0
70 -697 0
72 -697 0
74 -697 0
76 -697 0
77 -697 0
80 -698 0
82 -698 0
83 -698 0
86 -698 0
88 -698 0
90 -698 0
92 -698 0
93 -698 0
96 -699 0
98 -699 0
99 -699 0
102 -699 0
104 -699 0
106 -699 0
108 -699 0
109 -699 0
112 -700 0
114 -700 0
115 -700 0
118 -700 0
120 -700 0
122 -700 0
124 -700 0
125 -700 0
128 -701 0
130 -701 0
131 -701 0
134 -701 0
136 -701 0
138 -701 0
140 -701 0
141 -701 0
144 -702 0
146 -702 0
-702 0
149 -702 0
151 -702 0
153 -702 0
155 -702 0
156 -702 0
1 -703 0
3 -703 0
5 -703 0
8 -703 0
10 -703 0
11 -703 0
13 -703 0
16 -703 0
17 -704 0
19 -704 0
21 -704 0
24 -704 0
26 -704 0
27 -704 0
29 -704 0
32 -704 0
33 -705 0
35 -705 0
37 -705 0
40 -705 0
42 -705 0
43 -705 0
45 -705 0
48 -705 0
49 -706 0
51 -706 0
53 -706 0
55 -706 0
57 -706 0
58 -706 0
60 -706 0
63 -706 0
64 -707 0
66 -707 0
68 -707 0
70 -707 0
72 -707 0
73 -707 0
75 -707 0
78 -707 0
79 -708 0
81 -708 0
83 -708 0
86 -708 0
88 -708 0
89 -708 0
91 -708 0
94 -708 0
95 -709 0
97 -709 0
99 -709 0
102 -709 0
104 -709 0
105 -709 0
107 -709 0
110 -709 0
111 -710 0
113 -710 0
115 -710 0
118 -710 0
120 -710 0
121 -710 0
123 -710 0
126 -710 0
127 -711 0
129 -711 0
131 -711 0
134 -711 0
136 -711 0
137 -711 0
139 -711 0
142 -711 0
143 -712 0
145 -712 0
-712 0
149 -712 0
151 -712 0
152 -712 0
154 -712 0
157 -712 0
1 -713 0
4 -713 0
6 -713 0
8 -713 0
10 -713 0
11 -713 0
13 -713 0
16 -713 0
17 -714 0
20 -714 0
22 -714 0
24 -714 0
26 -714 0
27 -714 0
29 -714 0
32 -714 0
33 -715 0
36 -715 0
38 -715 0
40 -715 0
42 -715 0
43 -715 0
45 -715 0
48 -715 0
49 -716 0
52 -716 0
54 -716 0
55 -716 0
57 -716 0
58 -716 0
60 -716 0
63 -716 0
64 -717 0
67 -717 0
69 -717 0
70 -717 0
72 -717 0
73 -717 0
75 -717 0
78 -717 0
79 -718 0
82 -718 0
84 -718 0
86 -718 0
88 -718 0
89 -718 0
91 -718 0
94 -718 0
95 -719 0
98 -719 0
100 -719 0
102 -719 0
104 -719 0
105 -719 0
107 -719 0
110 -719 0
111 -720 0
114 -720 0
116 -720 0
118 -720 0
120 -720 0
121 -720 0
123 -720 0
126 -720 0
127 -721 0
130 -721 0
132 -721 0
134 -721 0
136 -721 0
137 -721 0
139 -721 0
142 -721 0
143 -722 0
146 -722 0
147 -722 0
149 -722 0
151 -722 0
152 -722 0
154 -722 0
157 -722 0
2 -723 0
3 -723 0
6 -723 0
8 -723 0
10 -723 0
12 -723 0
13 -723 0
15 -723 0
18 -724 0
19 -724 0
22 -724 0
24 -724 0
26 -724 0
28 -724 0
29 -724 0
31 -724 0
34 -725 0
35 -725 0
38 -725 0
40 -725 0
42 -725 0
44 -725 0
45 -725 0
47 -725 0
50 -726 0
51 -726 0
54 -726 0
55 -726 0
57 -726 0
59 -726 0
60 -726 0
62 -726 0
65 -727 0
66 -727 0
69 -727 0
70 -727 0
72 -727 0
74 -727 0
75 -727 0
77 -727 0
80 -728 0
81 -728 0
84 -728 0
86 -728 0
88 -728 0
90 -728 0
91 -728 0
93 -728 0
96 -729 0
97 -729 0
100 -729 0
102 -729 0
104 -729 0
106 -729 0
107 -729 0
109 -729 0
112 -730 0
113 -730 0
116 -730 0
118 -730 0
120 -730 0
122 -730 0
123 -730 0
125 -730 0
128 -731 0
129 -731 0
132 -731 0
134 -731 0
136 -731 0
138 -731 0
139 -731 0
141 -731 0
144 -732 0
145 -732 0
147 -732 0
149 -732 0
151 -732 0
153 -732 0
154 -732 0
156 -732 0
2 -733 0
4 -733 0
5 -733 0
7 -733 0
9 -733 0
11 -733 0
14 -733 0
16 -733 0
18 -734 0
20 -734 0
21 -734 0
23 -734 0
25 -734 0
27 -734 0
30 -734 0
32 -734 0
34 -735 0
36 -735 0
37 -735 0
39 -735 0
41 -735 0
43 -735 0
46 -735 0
48 -735 0
50 -736 0
52 -736 0
53 -736 0
56 -736 0
58 -736 0
61 -736 0
63 -736 0
65 -737 0
67 -737 0
68 -737 0
71 -737 0
73 -737 0
76 -737 0
78 -737 0
80 -738 0
82 -738 0
83 -738 0
85 -738 0
87 -738 0
89 -738 0
92 -738 0
94 -738 0
96 -739 0
98 -739 0
99 -739 0
101 -739 0
103 -739 0
105 -739 0
108 -739 0
110 -739 0
112 -740 0
114 -740 0
115 -740 0
117 -740 0
119 -740 0
121 -740 0
124 -740 0
126 -740 0
128 -741 0
130 -741 0
131 -741 0
133 -741 0
135 -741 0
137 -741 0
140 -741 0
142 -741 0
144 -742 0
146 -742 0
-742 0
148 -742 0
150 -742 0
152 -742 0
155 -742 0
157 -742 0
2 -743 0
4 -743 0
5 -743 0
8 -743 0
9 -743 0
11 -743 0
14 -743 0
15 -743 0
18 -744 0
20 -744 0
21 -744 0
24 -744 0
25 -744 0
27 -744 0
30 -744 0
31 -744 0
34 -745 0
36 -745 0
37 -745 0
40 -745 0
41 -745 0
43 -745 0
46 -745 0
47 -745 0
50 -746 0
52 -746 0
53 -746 0
55 -746 0
56 -746 0
58 -746 0
61 -746 0
62 -746 0
65 -747 0
67 -747 0
68 -747 0
70 -747 0
71 -747 0
73 -747 0
76 -747 0
77 -747 0
80 -748 0
82 -748 0
83 -748 0
86 -748 0
87 -748 0
89 -748 0
92 -748 0
93 -748 0
96 -749 0
98 -749 0
99 -749 0
102 -749 0
103 -749 0
105 -749 0
108 -749 0
109 -749 0
112 -750 0
114 -750 0
115 -750 0
118 -750 0
119 -750 0
121 -750 0
124 -750 0
125 -750 0
128 -751 0
130 -751 0
131 -751 0
134 -751 0
135 -751 0
137 -751 0
140 -751 0
141 -751 0
144 -752 0
146 -752 0
-752 0
149 -752 0
150 -752 0
152 -752 0
155 -752 0
156 -752 0
1 -753 0
3 -753 0
6 -753 0
8 -753 0
10 -753 0
11 -753 0
13 -753 0
16 -753 0
17 -754 0
19 -754 0
22 -754 0
24 -754 0
26 -754 0
27 -754 0
29 -754 0
32 -754 0
33 -755 0
35 -755 0
38 -755 0
40 -755 0
42 -755 0
43 -755 0
45 -755 0
48 -755 0
49 -756 0
51 -756 0
54 -756 0
55 -756 0
57 -756 0
58 -756 0
60 -756 0
63 -756 0
64 -757 0
66 -757 0
69 -757 0
70 -757 0
72 -757 0
73 -757 0
75 -757 0
78 -757 0
79 -758 0
81 -758 0
84 -758 0
86 -758 0
88 -758 0
89 -758 0
91 -758 0
94 -758 0
95 -759 0
97 -759 0
100 -759 0
102 -759 0
104 -759 0
105 -759 0
107 -759 0
110 -759 0
111 -760 0
113 -760 0
116 -760 0
118 -760 0
120 -760 0
121 -760 0
123 -760 0
126 -760 0
127 -761 0
129 -761 0
132 -761 0
134 -761 0
136 -761 0
137 -761 0
139 -761 0
142 -761 0
143 -762 0
145 -762 0
147 -762 0
149 -762 0
151 -762 0
152 -762 0
154 -762 0
157 -762 0
2 -763 0
3 -763 0
6 -763 0
8 -763 0
10 -763 0
11 -763 0
14 -763 0
15 -763 0
18 -764 0
19 -764 0
22 -764 0
24 -764 0
26 -764 0
27 -764 0
30 -764 0
31 -764 0
34 -765 0
35 -765 0
38 -765 0
40 -765 0
42 -765 0
43 -765 0
46 -765 0
47 -765 0
50 -766 0
51 -766 0
54 -766 0
55 -766 0
57 -766 0
58 -766 0
61 -766 0
62 -766 0
65 -767 0
66 -767 0
69 -767 0
70 -767 0
72 -767 0
73 -767 0
76 -767 0
77 -767 0
80 -768 0
81 -768 0
84 -768 0
86 -768 0
88 -768 0
89 -768 0
92 -768 0
93 -768 0
96 -769 0
97 -769 0
100 -769 0
102 -769 0
104 -769 0
105 -769 0
108 -769 0
109 -769 0
112 -770 0
113 -770 0
116 -770 0
118 -770 0
120 -770 0
121 -770 0
124 -770 0
125 -770 0
128 -771 0
129 -771 0
132 -771 0
134 -771 0
136 -771 0
137 -771 0
140 -771 0
141 -771 0
144 -772 0
145 -772 0
147 -772 0
149 -772 0
151 -772 0
152 -772 0
155 -772 0
156 -772 0
2 -773 0
3 -773 0
6 -773 0
7 -773 0
9 -773 0
12 -773 0
14 -773 0
16 -773 0
18 -774 0
19 -774 0
22 -774 0
23 -774 0
25 -774 0
28 -774 0
30 -774 0
32 -774 0
34 -775 0
35 -775 0
38 -775 0
39 -775 0
41 -775 0
44 -775 0
46 -775 0
48 -775 0
50 -776 0
51 -776 0
54 -776 0
56 -776 0
59 -776 0
61 -776 0
63 -776 0
65 -777 0
66 -777 0
69 -777 0
71 -777 0
74 -777 0
76 -777 0
78 -777 0
80 -778 0
81 -778 0
84 -778 0
85 -778 0
87 -778 0
90 -778 0
92 -778 0
94 -778 0
96 -779 0
97 -779 0
100 -779 0
101 -779 0
103 -779 0
106 -779 0
108 -779 0
110 -779 0
112 -780 0
113 -780 0
116 -780 0
117 -780 0
119 -780 0
122 -780 0
124 -780 0
126 -780 0
128 -781 0
129 -781 0
132 -781 0
133 -781 0
135 -781 0
138 -781 0
140 -781 0
142 -781 0
144 -782 0
145 -782 0
147 -782 0
148 -782 0
150 -782 0
153 -782 0
155 -782 0
157 -782 0
1 -783 0
3 -783 0
5 -783 0
7 -783 0
10 -783 0
12 -783 0
13 -783 0
15 -783 0
17 -784 0
19 -784 0
21 -784 0
23 -784 0
26 -784 0
28 -784 0
29 -784 0
31 -784 0
33 -785 0
35 -785 0
37 -785 0
39 -785 0
42 -785 0
44 -785 0
45 -785 0
47 -785 0
49 -786 0
51 -786 0
53 -786 0
57 -786 0
59 -786 0
60 -786 0
62 -786 0
64 -787 0
66 -787 0
68 -787 0
72 -787 0
74 -787 0
75 -787 0
77 -787 0
79 -788 0
81 -788 0
83 -788 0
85 -788 0
88 -788 0
90 -788 0
91 -788 0
93 -788 0
95 -789 0
97 -789 0
99 -789 0
101 -789 0
104 -789 0
106 -789 0
107 -789 0
109 -789 0
111 -790 0
113 -790 0
115 -790 0
117 -790 0
120 -790 0
122 -790 0
123 -790 0
125 -790 0
127 -791 0
129 -791 0
131 -791 0
133 -791 0
136 -791 0
138 -791 0
139 -791 0
141 -791 0
143 -792 0
145 -792 0
-792 0
148 -792 0
151 -792 0
153 -792 0
154 -792 0
156 -792 0
2 -793 0
3 -793 0
6 -793 0
7 -793 0
10 -793 0
11 -793 0
13 -793 0
16 -793 0
18 -794 0
19 -794 0
22 -794 0
23 -794 0
26 -794 0
27 -794 0
29 -794 0
32 -794 0
34 -795 0
35 -795 0
38 -795 0
39 -795 0
42 -795 0
43 -795 0
45 -795 0
48 -795 0
50 -796 0
51 -796 0
54 -796 0
57 -796 0
58 -796 0
60 -796 0
63 -796 0
65 -797 0
66 -797 0
69 -797 0
72 -797 0
73 -797 0
75 -797 0
78 -797 0
80 -798 0
81 -798 0
84 -798 0
85 -798 0
88 -798 0
89 -798 0
91 -798 0
94 -798 0
96 -799 0
97 -799 0
100 -799 0
101 -799 0
104 -799 0
105 -799 0
107 -799 0
110 -799 0
112 -800 0
113 -800 0
116 -800 0
117 -800 0
120 -800 0
121 -800 0
123 -800 0
126 -800 0
128 -801 0
129 -801 0
132 -801 0
133 -801 0
136 -801 0
137 -801 0
139 -801 0
142 -801 0
144 -802 0
145 -802 0
147 -802 0
148 -802 0
151 -802 0
152 -802 0
154 -802 0
157 -802 0
1 -803 0
3 -803 0
6 -803 0
8 -803 0
9 -803 0
11 -803 0
14 -803 0
16 -803 0
17 -804 0
19 -804 0
22 -804 0
24 -804 0
25 -804 0
27 -804 0
30 -804 0
32 -804 0
33 -805 0
35 -805 0
38 -805 0
40 -805 0
41 -805 0
43 -805 0
46 -805 0
48 -805 0
49 -806 0
51 -806 0
54 -806 0
55 -806 0
56 -806 0
58 -806 0
61 -806 0
63 -806 0
64 -807 0
66 -807 0
69 -807 0
70 -807 0
71 -807 0
73 -807 0
76 -807 0
78 -807 0
79 -808 0
81 -808 0
84 -808 0
86 -808 0
87 -808 0
89 -808 0
92 -808 0
94 -808 0
95 -809 0
97 -809 0
100 -809 0
102 -809 0
103 -809 0
105 -809 0
108 -809 0
110 -809 0
111 -810 0
113 -810 0
116 -810 0
118 -810 0
119 -810 0
121 -810 0
124 -810 0
126 -810 0
127 -811 0
129 -811 0
132 -811 0
134 -811 0
135 -811 0
137 -811 0
140 -811 0
142 -811 0
143 -812 0
145 -812 0
147 -812 0
149 -812 0
150 -812 0
152 -812 0
155 -812 0
157 -812 0
1 -813 0
4 -813 0
5 -813 0
8 -813 0
9 -813 0
12 -813 0
14 -813 0
16 -813 0
17 -814 0
20 -814 0
21 -814 0
24 -814 0
25 -814 0
28 -814 0
30 -814 0
32 -814 0
33 -815 0
36 -815 0
37 -815 0
40 -815 0
41 -815 0
44 -815 0
46 -815 0
48 -815 0
49 -816 0
52 -816 0
53 -816 0
55 -816 0
56 -816 0
59 -816 0
61 -816 0
63 -816 0
64 -817 0
67 -817 0
68 -817 0
70 -817 0
71 -817 0
74 -817 0
76 -817 0
78 -817 0
79 -818 0
82 -818 0
83 -818 0
86 -818 0
87 -818 0
90 -818 0
92 -818 0
94 -818 0
95 -819 0
98 -819 0
99 -819 0
102 -819 0
103 -819 0
106 -819 0
108 -819 0
110 -819 0
111 -820 0
114 -820 0
115 -820 0
118 -820 0
119 -820 0
122 -820 0
124 -820 0
126 -820 0
127 -821 0
130 -821 0
131 -821 0
134 -821 0
135 -821 0
138 -821 0
140 -821 0
142 -821 0
143 -822 0
146 -822 0
-822 0
149 -822 0
150 -822 0
153 -822 0
155 -822 0
157 -822 0
1 -823 0
3 -823 0
5 -823 0
8 -823 0
9 -823 0
12 -823 0
14 -823 0
16 -823 0
17 -824 0
19 -824 0
21 -824 0
24 -824 0
25 -824 0
28 -824 0
30 -824 0
32 -824 0
33 -825 0
35 -825 0
37 -825 0
40 -825 0
41 -825 0
44 -825 0
46 -825 0
48 -825 0
49 -826 0
51 -826 0
53 -826 0
55 -826 0
56 -826 0
59 -826 0
61 -826 0
63 -826 0
64 -827 0
66 -827 0
68 -827 0
70 -827 0
71 -827 0
74 -827 0
76 -827 0
78 -827 0
79 -828 0
81 -828 0
83 -828 0
86 -828 0
87 -828 0
90 -828 0
92 -828 0
94 -828 0
95 -829 0
97 -829 0
99 -829 0
102 -829 0
103 -829 0
106 -829 0
108 -829 0
110 -829 0
111 -830 0
113 -830 0
115 -830 0
118 -830 0
119 -830 0
122 -830 0
124 -830 0
126 -830 0
127 -831 0
129 -831 0
131 -831 0
134 -831 0
135 -831 0
138 -831 0
140 -831 0
142 -831 0
143 -832 0
145 -832 0
-832 0
149 -832 0
150 -832 0
153 -832 0
155 -832 0
157 -832 0
2 -833 0
3 -833 0
5 -833 0
7 -833 0
9 -833 0
12 -833 0
13 -833 0
15 -833 0
18 -834 0
19 -834 0
21 -834 0
23 -834 0
25 -834 0
28 -834 0
29 -834 0
31 -834 0
34 -835 0
35 -835 0
37 -835 0
39 -835 0
41 -835 0
44 -835 0
45 -835 0
47 -835 0
50 -836 0
51 -836 0
53 -836 0
56 -836 0
59 -836 0
60 -836 0
62 -836 0
65 -837 0
66 -837 0
68 -837 0
71 -837 0
74 -837 0
75 -837 0
77 -837 0
80 -838 0
81 -838 0
83 -838 0
85 -838 0
87 -838 0
90 -838 0
91 -838 0
93 -838 0
96 -839 0
97 -839 0
99 -839 0
101 -839 0
103 -839 0
106 -839 0
107 -839 0
109 -839 0
112 -840 0
113 -840 0
115 -840 0
117 -840 0
119 -840 0
122 -840 0
123 -840 0
125 -840 0
128 -841 0
129 -841 0
131 -841 0
133 -841 0
135 -841 0
138 -841 0
139 -841 0
141 -841 0
144 -842 0
145 -842 0
-842 0
148 -842 0
150 -842 0
153 -842 0
154 -842 0
156 -842 0
2 -843 0
4 -843 0
5 -843 0
8 -843 0
9 -843 0
11 -843 0
14 -843 0
16 -843 0
18 -844 0
20 -844 0
21 -844 0
24 -844 0
25 -844 0
27 -844 0
30 -844 0
32 -844 0
34 -845 0
36 -845 0
37 -845 0
40 -845 0
41 -845 0
43 -845 0
46 -845 0
48 -845 0
50 -846 0
52 -846 0
53 -846 0
55 -846 0
56 -846 0
58 -846 0
61 -846 0
63 -846 0
65 -847 0
67 -847 0
68 -847 0
70 -847 0
71 -847 0
73 -847 0
76 -847 0
78 -847 0
80 -848 0
82 -848 0
83 -848 0
86 -848 0
87 -848 0
89 -848 0
92 -848 0
94 -848 0
96 -849 0
98 -849 0
99 -849 0
102 -849 0
103 -849 0
105 -849 0
108 -849 0
110 -849 0
112 -850 0
114 -850 0
115 -850 0
118 -850 0
119 -850 0
121 -850 0
124 -850 0
126 -850 0
128 -851 0
130 -851 0
131 -851 0
134 -851 0
135 -851 0
137 -851 0
140 -851 0
142 -851 0
144 -852 0
146 -852 0
-852 0
149 -852 0
150 -852 0
152 -852 0
155 -852 0
157 -852 0
1 -853 0
3 -853 0
5 -853 0
7 -853 0
10 -853 0
12 -853 0
13 -853 0
16 -853 0
17 -854 0
19 -854 0
21 -854 0
23 -854 0
26 -854 0
28 -854 0
29 -854 0
32 -854 0
33 -855 0
35 -855 0
37 -855 0
39 -855 0
42 -855 0
44 -855 0
45 -855 0
48 -855 0
49 -856 0
51 -856 0
53 -856 0
57 -856 0
59 -856 0
60 -856 0
63 -856 0
64 -857 0
66 -857 0
68 -857 0
72 -857 0
74 -857 0
75 -857 0
78 -857 0
79 -858 0
81 -858 0
83 -858 0
85 -858 0
88 -858 0
90 -858 0
91 -858 0
94 -858 0
95 -859 0
97 -859 0
99 -859 0
101 -859 0
104 -859 0
106 -859 0
107 -859 0
110 -859 0
111 -860 0
113 -860 0
115 -860 0
117 -860 0
120 -860 0
122 -860 0
123 -860 0
126 -860 0
127 -861 0
129 -861 0
131 -861 0
133 -861 0
136 -861 0
138 -861 0
139 -861 0
142 -861 0
143 -862 0
145 -862 0
-862 0
148 -862 0
151 -862 0
153 -862 0
154 -862 0
157 -862 0
2 -863 0
4 -863 0
5 -863 0
8 -863 0
9 -863 0
12 -863 0
14 -863 0
16 -863 0
18 -864 0
20 -864 0
21 -864 0
24 -864 0
25 -864 0
28 -864 0
30 -864 0
32 -864 0
34 -865 0
36 -865 0
37 -865 0
40 -865 0
41 -865 0
44 -865 0
46 -865 0
48 -865 0
50 -866 0
52 -866 0
53 -866 0
55 -866 0
56 -866 0
59 -866 0
61 -866 0
63 -866 0
65 -867 0
67 -867 0
68 -867 0
70 -867 0
71 -867 0
74 -867 0
76 -867 0
78 -867 0
80 -868 0
82 -868 0
83 -868 0
86 -868 0
87 -868 0
90 -868 0
92 -868 0
94 -868 0
96 -869 0
98 -869 0
99 -869 0
102 -869 0
103 -869 0
106 -869 0
108 -869 0
110 -869 0
112 -870 0
114 -870 0
115 -870 0
118 -870 0
119 -870 0
122 -870 0
124 -870 0
126 -870 0
128 -871 0
130 -871 0
131 -871 0
134 -871 0
135 -871 0
138 -871 0
140 -871 0
142 -871 0
144 -872 0
146 -872 0
-872 0
149 -872 0
150 -872 0
153 -872 0
155 -872 0
157 -872 0
1 -873 0
3 -873 0
6 -873 0
7 -873 0
10 -873 0
12 -873 0
14 -873 0
15 -873 0
17 -874 0
19 -874 0
22 -874 0
23 -874 0
26 -874 0
28 -874 0
30 -874 0
31 -874 0
33 -875 0
35 -875 0
38 -875 0
39 -875 0
42 -875 0
44 -875 0
46 -875 0
47 -875 0
49 -876 0
51 -876 0
54 -876 0
57 -876 0
59 -876 0
61 -876 0
62 -876 0
64 -877 0
66 -877 0
69 -877 0
72 -877 0
74 -877 0
76 -877 0
77 -877 0
79 -878 0
81 -878 0
84 -878 0
85 -878 0
88 -878 0
90 -878 0
92 -878 0
93 -878 0
95 -879 0
97 -879 0
100 -879 0
101 -879 0
104 -879 0
106 -879 0
108 -879 0
109 -879 0
111 -880 0
113 -880 0
116 -880 0
117 -880 0
120 -880 0
122 -880 0
124 -880 0
125 -880 0
127 -881 0
129 -881 0
132 -881 0
133 -881 0
136 -881 0
138 -881 0
140 -881 0
141 -881 0
143 -882 0
145 -882 0
147 -882 0
148 -882 0
151 -882 0
153 -882 0
155 -882 0
156 -882 0
1 -883 0
4 -883 0
5 -883 0
7 -883 0
10 -883 0
12 -883 0
13 -883 0
16 -883 0
17 -884 0
20 -884 0
21 -884 0
23 -884 0
26 -884 0
28 -884 0
29 -884 0
32 -884 0
33 -885 0
36 -885 0
37 -885 0
39 -885 0
42 -885 0
44 -885 0
45 -885 0
48 -885 0
49 -886 0
52 -886 0
53 -886 0
57 -886 0
59 -886 0
60 -886 0
63 -886 0
64 -887 0
67 -887 0
68 -887 0
72 -887 0
74 -887 0
75 -887 0
78 -887 0
79 -888 0
82 -888 0
83 -888 0
85 -888 0
88 -888 0
90 -888 0
91 -888 0
94 -888 0
95 -889 0
98 -889 0
99 -889 0
101 -889 0
104 -889 0
106 -889 0
107 -889 0
110 -889 0
111 -890 0
114 -890 0
115 -890 0
117 -890 0
120 -890 0
122 -890 0
123 -890 0
126 -890 0
127 -891 0
130 -891 0
131 -891 0
133 -891 0
136 -891 0
138 -891 0
139 -891 0
142 -891 0
143 -892 0
146 -892 0
-892 0
148 -892 0
151 -892 0
153 -892 0
154 -892 0
157 -892 0
1 -893 0
3 -893 0
6 -893 0
7 -893 0
10 -893 0
12 -893 0
14 -893 0
15 -893 0
17 -894 0
19 -894 0
22 -894 0
23 -894 0
26 -894 0
28 -894 0
30 -894 0
31 -894 0
33 -895 0
35 -895 0
38 -895 0
39 -895 0
42 -895 0
44 -895 0
46 -895 0
47 -895 0
49 -896 0
51 -896 0
54 -896 0
57 -896 0
59 -896 0
61 -896 0
62 -896 0
64 -897 0
66 -897 0
69 -897 0
72 -897 0
74 -897 0
76 -897 0
77 -897 0
79 -898 0
81 -898 0
84 -898 0
85 -898 0
88 -898 0
90 -898 0
92 -898 0
93 -898 0
95 0
97 0
100 0
101 0
104 0
106 0
108 0
109 0
111 -899 0
113 -899 0
116 -899 0
117 -899 0
120 -899 0
122 -899 0
124 -899 0
125 -899 0
127 -900 0
129 -900 0
132 -900 0
133 -900 0
136 -900 0
138 -900 0
140 -900 0
141 -900 0
143 -901 0
145 -901 0
147 -901 0
148 -901 0
151 -901 0
153 -901 0
155 -901 0
156 -901 0
2 -902 0
4 -902 0
5 -902 0
7 -902 0
10 -902 0
12 -902 0
13 -902 0
16 -902 0
18 -903 0
20 -903 0
21 -903 0
23 -903 0
26 -903 0
28 -903 0
29 -903 0
32 -903 0
34 -904 0
36 -904 0
37 -904 0
39 -904 0
42 -904 0
44 -904 0
45 -904 0
48 -904 0
50 -905 0
52 -905 0
53 -905 0
57 -905 0
59 -905 0
60 -905 0
63 -905 0
65 -906 0
67 -906 0
68 -906 0
72 -906 0
74 -906 0
75 -906 0
78 -906 0
80 -907 0
82 -907 0
83 -907 0
85 -907 0
88 -907 0
90 -907 0
91 -907 0
94 -907 0
96 -908 0
98 -908 0
99 -908 0
101 -908 0
104 -908 0
106 -908 0
107 -908 0
110 -908 0
112 -909 0
114 -909 0
115 -909 0
117 -909 0
120 -909 0
122 -909 0
123 -909 0
126 -909 0
128 -910 0
130 -910 0
131 -910 0
133 -910 0
136 -910 0
138 -910 0
139 -910 0
142 -910 0
144 -911 0
146 -911 0
-911 0
148 -911 0
151 -911 0
153 -911 0
154 -911 0
157 -911 0
2 -912 0
4 -912 0
6 -912 0
7 -912 0
10 -912 0
12 -912 0
13 -912 0
16 -912 0
18 -913 0
20 -913 0
22 -913 0
23 -913 0
26 -913 0
28 -913 0
29 -913 0
32 -913 0
34 -914 0
36 -914 0
38 -914 0
39 -914 0
42 -914 0
44 -914 0
45 -914 0
48 -914 0
50 -915 0
52 -915 0
54 -915 0
57 -915 0
59 -915 0
60 -915 0
63 -915 0
65 -916 0
67 -916 0
69 -916 0
72 -916 0
74 -916 0
75 -916 0
78 -916 0
80 -917 0
82 -917 0
84 -917 0
85 -917 0
88 -917 0
90 -917 0
91 -917 0
94 -917 0
96 -918 0
98 -918 0
100 -918 0
101 -918 0
104 -918 0
106 -918 0
107 -918 0
110 -918 0
112 -919 0
114 -919 0
116 -919 0
117 -919 0
120 -919 0
122 -919 0
123 -919 0
126 -919 0
128 -920 0
130 -920 0
132 -920 0
133 -920 0
136 -920 0
138 -920 0
139 -920 0
142 -920 0
144 -921 0
146 -921 0
147 -921 0
148 -921 0
151 -921 0
153 -921 0
154 -921 0
157 -921 0
1 -922 0
3 -922 0
6 -922 0
8 -922 0
10 -922 0
11 -922 0
13 -922 0
15 -922 0
17 -923 0
19 -923 0
22 -923 0
24 -923 0
26 -923 0
27 -923 0
29 -923 0
31 -923 0
33 -924 0
35 -924 0
38 -924 0
40 -924 0
42 -924 0
43 -924 0
45 -924 0
47 -924 0
49 -925 0
51 -925 0
54 -925 0
55 -925 0
57 -925 0
58 -925 0
60 -925 0
62 -925 0
64 -926 0
66 -926 0
69 -926 0
70 -926 0
72 -926 0
73 -926 0
75 -926 0
77 -926 0
79 -927 0
81 -927 0
84 -927 0
86 -927 0
88 -927 0
89 -927 0
91 -927 0
93 -927 0
95 -928 0
97 -928 0
100 -928 0
102 -928 0
104 -928 0
105 -928 0
107 -928 0
109 -928 0
111 -929 0
113 -929 0
116 -929 0
118 -929 0
120 -929 0
121 -929 0
123 -929 0
125 -929 0
127 -930 0
129 -930 0
132 -930 0
134 -930 0
136 -930 0
137 -930 0
139 -930 0
141 -930 0
143 -931 0
145 -931 0
147 -931 0
149 -931 0
151 -931 0
152 -931 0
154 -931 0
156 -931 0
2 -932 0
3 -932 0
6 -932 0
8 -932 0
10 -932 0
11 -932 0
13 -932 0
15 -932 0
18 -933 0
19 -933 0
22 -933 0
24 -933 0
26 -933 0
27 -933 0
29 -933 0
31 -933 0
34 -934 0
35 -934 0
38 -934 0
40 -934 0
42 -934 0
43 -934 0
45 -934 0
47 -934 0
50 -935 0
51 -935 0
54 -935 0
55 -935 0
57 -935 0
58 -935 0
60 -935 0
62 -935 0
65 -936 0
66 -936 0
69 -936 0
70 -936 0
72 -936 0
73 -936 0
75 -936 0
77 -936 0
80 -937 0
81 -937 0
84 -937 0
86 -937 0
88 -937 0
89 -937 0
91 -937 0
93 -937 0
96 -938 0
97 -938 0
100 -938 0
102 -938 0
104 -938 0
105 -938 0
107 -938 0
109 -938 0
112 -939 0
113 -939 0
116 -939 0
118 -939 0
120 -939 0
121 -939 0
123 -939 0
125 -939 0
128 -940 0
129 -940 0
132 -940 0
134 -940 0
136 -940 0
137 -940 0
139 -940 0
141 -940 0
144 -941 0
145 -941 0
147 -941 0
149 -941 0
151 -941 0
152 -941 0
154 -941 0
156 -941 0
158 159 160 161 162 163 164 165 166 167 0
168 169 170 171 172 173 174 175 176 0
177 178 179 180 181 182 183 184 185 186 0
187 188 189 190 191 192 193 194 195 196 0
197 198 199 200 201 202 203 204 205 206 0
216 217 218 219 220 221 222 223 224 225 0
226 227 228 229 230 231 232 233 234 0
235 236 237 238 239 240 241 242 243 244 0
245 246 247 248 249 250 251 252 253 254 0
255 256 257 258 259 260 261 262 263 264 0
265 266 267 268 269 270 271 272 273 274 0
275 276 277 278 279 280 281 282 283 284 0
285 286 287 288 289 290 291 292 293 294 0
295 296 297 298 299 300 301 302 303 304 0
305 306 307 308 309 310 311 312 313 314 0
315 316 317 318 319 320 321 322 323 324 0
325 326 327 328 329 330 331 332 333 334 0
335 336 337 338 339 340 341 342 343 344 0
345 346 347 348 349 350 351 352 353 354 0
355 356 357 358 359 360 361 362 363 364 0
365 366 367 368 369 370 371 372 373 374 0
375 376 377 378 379 380 381 382 383 384 0
385 386 387 388 389 390 391 392 393 394 0
395 396 397 398 399 400 401 402 403 404 0
405 406 407 408 409 410 411 412 413 414 0
415 416 417 418 419 420 421 422 423 424 0
425 426 427 428 429 430 431 432 433 434 0
435 436 437 438 439 440 441 442 443 444 0
445 446 447 448 449 450 451 452 453 454 0
455 456 457 458 459 460 461 462 463 464 0
465 466 467 468 469 470 471 472 473 474 0
475 476 477 478 479 480 481 482 483 484 0
485 486 487 488 489 490 491 492 493 494 0
495 496 497 498 499 500 501 502 503 504 0
505 506 507 508 509 510 511 512 513 514 0
515 516 517 518 519 520 521 522 523 524 0
525 526 527 528 529 530 531 532 533 0
534 535 536 537 538 539 540 541 542 543 0
544 545 546 547 548 549 550 551 552 553 0
554 555 556 557 558 559 560 561 562 563 0
564 565 566 567 568 569 570 571 572 573 0
574 575 576 577 578 579 580 581 582 583 0
584 585 586 587 588 589 590 591 592 593 0
594 595 596 597 598 599 600 601 602 603 0
604 605 606 607 608 609 610 611 612 613 0
614 615 616 617 618 619 620 621 622 623 0
624 625 626 627 628 629 630 631 632 633 0
634 635 636 637 638 639 640 641 642 643 0
644 645 646 647 648 649 650 651 652 653 0
663 664 665 666 667 668 669 670 671 672 0
673 674 675 676 677 678 679 680 681 682 0
683 684 685 686 687 688 689 690 691 692 0
693 694 695 696 697 698 699 700 701 702 0
703 704 705 706 707 708 709 710 711 712 0
713 714 715 716 717 718 719 720 721 722 0
723 724 725 726 727 728 729 730 731 732 0
733 734 735 736 737 738 739 740 741 742 0
743 744 745 746 747 748 749 750 751 752 0
753 754 755 756 757 758 759 760 761 762 0
763 764 765 766 767 768 769 770 771 772 0
773 774 775 776 777 778 779 780 781 782 0
783 784 785 786 787 788 789 790 791 792 0
793 794 795 796 797 798 799 800 801 802 0
803 804 805 806 807 808 809 810 811 812 0
813 814 815 816 817 818 819 820 821 822 0
823 824 825 826 827 828 829 830 831 832 0
833 834 835 836 837 838 839 840 841 842 0
843 844 845 846 847 848 849 850 851 852 0
853 854 855 856 857 858 859 860 861 862 0
863 864 865 866 867 868 869 870 871 872 0
873 874 875 876 877 878 879 880 881 882 0
883 884 885 886 887 888 889 890 891 892 0
902 903 904 905 906 907 908 909 910 911 0
912 913 914 915 916 917 918 919 920 921 0
922 923 924 925 926 927 928 929 930 931 0
932 933 934 935 936 937 938 939 940 941 0
