p cnf 519 3124
1 2 0
3 4 0
5 6 0
7 8 0
9 10 0
11 12 0
13 14 0
15 16 0
17 18 0
19 20 0
21 22 0
23 24 0
25 26 0
27 28 0
29 30 0
31 32 0
33 0
34 35 0
36 37 0
38 39 0
40 41 0
42 43 0
44 45 0
46 47 0
48 49 0
50 51 0
52 53 0
54 55 0
56 57 0
58 59 0
60 61 0
62 63 0
64 65 0
66 67 0
68 69 0
70 71 0
72 73 0
74 75 0
76 77 0
78 79 0
80 81 0
82 83 0
84 85 0
86 87 0
88 89 0
90 91 0
92 93 0
94 95 0
96 97 0
98 99 0
100 101 0
102 103 0
104 105 0
106 107 0
108 109 0
110 111 0
112 113 0
114 115 0
116 117 0
118 119 0
120 121 0
122 123 0
124 125 0
126 127 0
128 129 0
130 131 0
132 133 0
134 135 0
136 137 0
138 139 0
140 141 0
142 143 0
144 145 0
146 147 0
148 149 0
150 151 0
152 153 0
154 155 0
156 157 0
-2 -4 -5 -7 -10 -12 -14 -15 0
-47 -49 -50 -52 -55 -57 -59 -60 0
-63 -65 -66 -68 -71 -73 -75 -76 0
-79 -81 -82 -84 -87 -89 -91 -92 0
-95 -97 -98 -100 -103 -105 -107 -108 0
-111 -113 -114 -116 -119 -121 -123 -124 0
-127 -129 -130 -132 -135 -137 -139 -140 0
-143 -145 -146 -148 -151 -153 -155 -156 0
-2 -4 -6 -7 -9 -12 -14 -16 0
-47 -49 -51 -52 -54 -57 -59 -61 0
-63 -65 -67 -68 -70 -73 -75 -77 0
-79 -81 -83 -84 -86 -89 -91 -93 0
-95 -97 -99 -100 -102 -105 -107 -109 0
-111 -113 -115 -116 -118 -121 -123 -125 0
-127 -129 -131 -132 -134 -137 -139 -141 0
-143 -145 -147 -148 -150 -153 -155 -157 0
-1 -4 -5 -7 -9 -12 -14 -16 0
-46 -49 -50 -52 -54 -57 -59 -61 0
-62 -65 -66 -68 -70 -73 -75 -77 0
-78 -81 -82 -84 -86 -89 -91 -93 0
-94 -97 -98 -100 -102 -105 -107 -109 0
-110 -113 -114 -116 -118 -121 -123 -125 0
-126 -129 -130 -132 -134 -137 -139 -141 0
-142 -145 -146 -148 -150 -153 -155 -157 0
-2 -4 -6 -7 -10 -12 -14 -16 0
-47 -49 -51 -52 -55 -57 -59 -61 0
-63 -65 -67 -68 -71 -73 -75 -77 0
-79 -81 -83 -84 -87 -89 -91 -93 0
-95 -97 -99 -100 -103 -105 -107 -109 0
-111 -113 -115 -116 -119 -121 -123 -125 0
-127 -129 -131 -132 -135 -137 -139 -141 0
-143 -145 -147 -148 -151 -153 -155 -157 0
-1 -4 -6 -8 -9 -12 -13 -16 0
-17 -20 -22 -24 -25 -28 -30 0
-46 -49 -51 -53 -54 -57 -58 -61 0
-62 -65 -67 -69 -70 -73 -74 -77 0
-78 -81 -83 -85 -86 -89 -90 -93 0
-94 -97 -99 -101 -102 -105 -106 -109 0
-110 -113 -115 -117 -118 -121 -122 -125 0
-126 -129 -131 -133 -134 -137 -138 -141 0
-142 -145 -147 -149 -150 -153 -154 -157 0
-1 -4 -6 -8 -10 -12 -14 -15 0
-46 -49 -51 -53 -55 -57 -59 -60 0
-62 -65 -67 -69 -71 -73 -75 -76 0
-78 -81 -83 -85 -87 -89 -91 -92 0
-94 -97 -99 -101 -103 -105 -107 -108 0
-110 -113 -115 -117 -119 -121 -123 -124 0
-126 -129 -131 -133 -135 -137 -139 -140 0
-142 -145 -147 -149 -151 -153 -155 -156 0
-2 -4 -6 -8 -9 -12 -14 -16 0
-47 -49 -51 -53 -54 -57 -59 -61 0
-63 -65 -67 -69 -70 -73 -75 -77 0
-79 -81 -83 -85 -86 -89 -91 -93 0
-95 -97 -99 -101 -102 -105 -107 -109 0
-111 -113 -115 -117 -118 -121 -123 -125 0
-127 -129 -131 -133 -134 -137 -139 -141 0
-143 -145 -147 -149 -150 -153 -155 -157 0
-2 -4 -5 -8 -10 -12 -14 -16 0
-47 -49 -50 -53 -55 -57 -59 -61 0
-63 -65 -66 -69 -71 -73 -75 -77 0
-79 -81 -82 -85 -87 -89 -91 -93 0
-95 -97 -98 -101 -103 -105 -107 -109 0
-111 -113 -114 -117 -119 -121 -123 -125 0
-127 -129 -130 -133 -135 -137 -139 -141 0
-143 -145 -146 -149 -151 -153 -155 -157 0
-1 -4 -6 -7 -10 -12 -14 -16 0
-46 -49 -51 -52 -55 -57 -59 -61 0
-62 -65 -67 -68 -71 -73 -75 -77 0
-78 -81 -83 -84 -87 -89 -91 -93 0
-94 -97 -99 -100 -103 -105 -107 -109 0
-110 -113 -115 -116 -119 -121 -123 -125 0
-126 -129 -131 -132 -135 -137 -139 -141 0
-142 -145 -147 -148 -151 -153 -155 -157 0
-2 -4 -6 -8 -9 -12 -14 -16 0
-47 -49 -51 -53 -54 -57 -59 -61 0
-63 -65 -67 -69 -70 -73 -75 -77 0
-79 -81 -83 -85 -86 -89 -91 -93 0
-95 -97 -99 -101 -102 -105 -107 -109 0
-111 -113 -115 -117 -118 -121 -123 -125 0
-127 -129 -131 -133 -134 -137 -139 -141 0
-143 -145 -147 -149 -150 -153 -155 -157 0
-2 -4 -6 -8 -9 -12 -14 -15 0
-47 -49 -51 -53 -54 -57 -59 -60 0
-63 -65 -67 -69 -70 -73 -75 -76 0
-79 -81 -83 -85 -86 -89 -91 -92 0
-95 -97 -99 -101 -102 -105 -107 -108 0
-111 -113 -115 -117 -118 -121 -123 -124 0
-127 -129 -131 -133 -134 -137 -139 -140 0
-143 -145 -147 -149 -150 -153 -155 -156 0
-2 -4 -5 -8 -10 -12 -14 -15 0
-47 -49 -50 -53 -55 -57 -59 -60 0
-63 -65 -66 -69 -71 -73 -75 -76 0
-79 -81 -82 -85 -87 -89 -91 -92 0
-95 -97 -98 -101 -103 -105 -107 -108 0
-111 -113 -114 -117 -119 -121 -123 -124 0
-127 -129 -130 -133 -135 -137 -139 -140 0
-143 -145 -146 -149 -151 -153 -155 -156 0
-2 -4 -6 -8 -10 -12 -14 -15 0
-47 -49 -51 -53 -55 -57 -59 -60 0
-63 -65 -67 -69 -71 -73 -75 -76 0
-79 -81 -83 -85 -87 -89 -91 -92 0
-95 -97 -99 -101 -103 -105 -107 -108 0
-111 -113 -115 -117 -119 -121 -123 -124 0
-127 -129 -131 -133 -135 -137 -139 -140 0
-143 -145 -147 -149 -151 -153 -155 -156 0
1 -158 0
4 -158 0
5 -158 0
7 -158 0
9 -158 0
12 -158 0
13 -158 0
15 -158 0
17 -159 0
20 -159 0
21 -159 0
23 -159 0
25 -159 0
28 -159 0
29 -159 0
31 -160 0
-160 0
34 -160 0
36 -160 0
38 -160 0
41 -160 0
42 -160 0
44 -160 0
46 -161 0
49 -161 0
50 -161 0
52 -161 0
54 -161 0
57 -161 0
58 -161 0
60 -161 0
62 -162 0
65 -162 0
66 -162 0
68 -162 0
70 -162 0
73 -162 0
74 -162 0
76 -162 0
78 -163 0
81 -163 0
82 -163 0
84 -163 0
86 -163 0
89 -163 0
90 -163 0
92 -163 0
110 -164 0
113 -164 0
114 -164 0
116 -164 0
118 -164 0
121 -164 0
122 -164 0
124 -164 0
126 -165 0
129 -165 0
130 -165 0
132 -165 0
134 -165 0
137 -165 0
138 -165 0
140 -165 0
142 -166 0
145 -166 0
146 -166 0
148 -166 0
150 -166 0
153 -166 0
154 -166 0
156 -166 0
1 -167 0
4 -167 0
6 -167 0
8 -167 0
10 -167 0
11 -167 0
13 -167 0
16 -167 0
17 -168 0
20 -168 0
22 -168 0
24 -168 0
26 -168 0
27 -168 0
30 -168 0
31 -169 0
-169 0
35 -169 0
37 -169 0
39 -169 0
40 -169 0
42 -169 0
45 -169 0
46 -170 0
49 -170 0
51 -170 0
53 -170 0
55 -170 0
56 -170 0
58 -170 0
61 -170 0
62 -171 0
65 -171 0
67 -171 0
69 -171 0
71 -171 0
72 -171 0
74 -171 0
77 -171 0
78 -172 0
81 -172 0
83 -172 0
85 -172 0
87 -172 0
88 -172 0
90 -172 0
93 -172 0
94 -173 0
97 -173 0
99 -173 0
101 -173 0
103 -173 0
104 -173 0
106 -173 0
109 -173 0
110 -174 0
113 -174 0
115 -174 0
117 -174 0
119 -174 0
120 -174 0
122 -174 0
125 -174 0
126 -175 0
129 -175 0
131 -175 0
133 -175 0
135 -175 0
136 -175 0
138 -175 0
141 -175 0
142 -176 0
145 -176 0
147 -176 0
149 -176 0
151 -176 0
152 -176 0
154 -176 0
157 -176 0
1 -177 0
4 -177 0
6 -177 0
8 -177 0
9 -177 0
11 -177 0
13 -177 0
16 -177 0
17 -178 0
20 -178 0
22 -178 0
24 -178 0
25 -178 0
27 -178 0
30 -178 0
31 -179 0
-179 0
35 -179 0
37 -179 0
38 -179 0
40 -179 0
42 -179 0
45 -179 0
46 -180 0
49 -180 0
51 -180 0
53 -180 0
54 -180 0
56 -180 0
58 -180 0
61 -180 0
62 -181 0
65 -181 0
67 -181 0
69 -181 0
70 -181 0
72 -181 0
74 -181 0
77 -181 0
78 -182 0
81 -182 0
83 -182 0
85 -182 0
86 -182 0
88 -182 0
90 -182 0
93 -182 0
94 -183 0
97 -183 0
99 -183 0
101 -183 0
102 -183 0
104 -183 0
106 -183 0
109 -183 0
110 -184 0
113 -184 0
115 -184 0
117 -184 0
118 -184 0
120 -184 0
122 -184 0
125 -184 0
126 -185 0
129 -185 0
131 -185 0
133 -185 0
134 -185 0
136 -185 0
138 -185 0
141 -185 0
142 -186 0
145 -186 0
147 -186 0
149 -186 0
150 -186 0
152 -186 0
154 -186 0
157 -186 0
1 -187 0
4 -187 0
5 -187 0
8 -187 0
10 -187 0
12 -187 0
13 -187 0
16 -187 0
17 0
20 0
21 0
24 0
26 0
28 0
30 0
31 -188 0
-188 0
34 -188 0
37 -188 0
39 -188 0
41 -188 0
42 -188 0
45 -188 0
46 -189 0
49 -189 0
50 -189 0
53 -189 0
55 -189 0
57 -189 0
58 -189 0
61 -189 0
62 -190 0
65 -190 0
66 -190 0
69 -190 0
71 -190 0
73 -190 0
74 -190 0
77 -190 0
78 -191 0
81 -191 0
82 -191 0
85 -191 0
87 -191 0
89 -191 0
90 -191 0
93 -191 0
94 -192 0
97 -192 0
98 -192 0
101 -192 0
103 -192 0
105 -192 0
106 -192 0
109 -192 0
110 -193 0
113 -193 0
114 -193 0
117 -193 0
119 -193 0
121 -193 0
122 -193 0
125 -193 0
126 -194 0
129 -194 0
130 -194 0
133 -194 0
135 -194 0
137 -194 0
138 -194 0
141 -194 0
1 -195 0
4 -195 0
5 -195 0
7 -195 0
10 -195 0
11 -195 0
14 -195 0
15 -195 0
17 -196 0
20 -196 0
21 -196 0
23 -196 0
26 -196 0
27 -196 0
-196 0
29 -196 0
31 -197 0
-197 0
34 -197 0
36 -197 0
39 -197 0
40 -197 0
43 -197 0
44 -197 0
46 -198 0
49 -198 0
50 -198 0
52 -198 0
55 -198 0
56 -198 0
59 -198 0
60 -198 0
62 -199 0
65 -199 0
66 -199 0
68 -199 0
71 -199 0
72 -199 0
75 -199 0
76 -199 0
78 -200 0
81 -200 0
82 -200 0
84 -200 0
87 -200 0
88 -200 0
91 -200 0
92 -200 0
94 -201 0
97 -201 0
98 -201 0
100 -201 0
103 -201 0
104 -201 0
107 -201 0
108 -201 0
110 -202 0
113 -202 0
114 -202 0
116 -202 0
119 -202 0
120 -202 0
123 -202 0
124 -202 0
126 -203 0
129 -203 0
130 -203 0
132 -203 0
135 -203 0
136 -203 0
139 -203 0
140 -203 0
142 -204 0
145 -204 0
146 -204 0
148 -204 0
151 -204 0
152 -204 0
155 -204 0
156 -204 0
2 -205 0
4 -205 0
6 -205 0
8 -205 0
10 -205 0
11 -205 0
14 -205 0
15 -205 0
18 -206 0
20 -206 0
22 -206 0
24 -206 0
26 -206 0
27 -206 0
-206 0
29 -206 0
32 -207 0
-207 0
35 -207 0
37 -207 0
39 -207 0
40 -207 0
43 -207 0
44 -207 0
47 -208 0
49 -208 0
51 -208 0
53 -208 0
55 -208 0
56 -208 0
59 -208 0
60 -208 0
63 -209 0
65 -209 0
67 -209 0
69 -209 0
71 -209 0
72 -209 0
75 -209 0
76 -209 0
79 -210 0
81 -210 0
83 -210 0
85 -210 0
87 -210 0
88 -210 0
91 -210 0
92 -210 0
95 -211 0
97 -211 0
99 -211 0
101 -211 0
103 -211 0
104 -211 0
107 -211 0
108 -211 0
111 -212 0
113 -212 0
115 -212 0
117 -212 0
119 -212 0
120 -212 0
123 -212 0
124 -212 0
127 -213 0
129 -213 0
131 -213 0
133 -213 0
135 -213 0
136 -213 0
139 -213 0
140 -213 0
143 -214 0
145 -214 0
147 -214 0
149 -214 0
151 -214 0
152 -214 0
155 -214 0
156 -214 0
1 -215 0
3 -215 0
6 -215 0
7 -215 0
9 -215 0
12 -215 0
14 -215 0
15 -215 0
17 -216 0
19 -216 0
22 -216 0
23 -216 0
25 -216 0
28 -216 0
-216 0
29 -216 0
31 -217 0
33 -217 0
35 -217 0
36 -217 0
38 -217 0
41 -217 0
43 -217 0
44 -217 0
46 -218 0
48 -218 0
51 -218 0
52 -218 0
54 -218 0
57 -218 0
59 -218 0
60 -218 0
62 -219 0
64 -219 0
67 -219 0
68 -219 0
70 -219 0
73 -219 0
75 -219 0
76 -219 0
78 -220 0
80 -220 0
83 -220 0
84 -220 0
86 -220 0
89 -220 0
91 -220 0
92 -220 0
94 -221 0
96 -221 0
99 -221 0
100 -221 0
102 -221 0
105 -221 0
107 -221 0
108 -221 0
110 -222 0
112 -222 0
115 -222 0
116 -222 0
118 -222 0
121 -222 0
123 -222 0
124 -222 0
126 -223 0
128 -223 0
131 -223 0
132 -223 0
134 -223 0
137 -223 0
139 -223 0
140 -223 0
142 -224 0
144 -224 0
147 -224 0
148 -224 0
150 -224 0
153 -224 0
155 -224 0
156 -224 0
2 -225 0
3 -225 0
5 -225 0
8 -225 0
9 -225 0
11 -225 0
14 -225 0
15 -225 0
18 -226 0
19 -226 0
21 -226 0
24 -226 0
25 -226 0
27 -226 0
-226 0
29 -226 0
32 -227 0
33 -227 0
34 -227 0
37 -227 0
38 -227 0
40 -227 0
43 -227 0
44 -227 0
47 -228 0
48 -228 0
50 -228 0
53 -228 0
54 -228 0
56 -228 0
59 -228 0
60 -228 0
63 -229 0
64 -229 0
66 -229 0
69 -229 0
70 -229 0
72 -229 0
75 -229 0
76 -229 0
79 -230 0
80 -230 0
82 -230 0
85 -230 0
86 -230 0
88 -230 0
91 -230 0
92 -230 0
95 -231 0
96 -231 0
98 -231 0
101 -231 0
102 -231 0
104 -231 0
107 -231 0
108 -231 0
111 -232 0
112 -232 0
114 -232 0
117 -232 0
118 -232 0
120 -232 0
123 -232 0
124 -232 0
127 -233 0
128 -233 0
130 -233 0
133 -233 0
134 -233 0
136 -233 0
139 -233 0
140 -233 0
143 0
144 0
146 0
149 0
150 0
152 0
155 0
156 0
2 -234 0
3 -234 0
6 -234 0
7 -234 0
10 -234 0
12 -234 0
13 -234 0
15 -234 0
18 -235 0
19 -235 0
22 -235 0
23 -235 0
26 -235 0
28 -235 0
29 -235 0
32 -236 0
33 -236 0
35 -236 0
36 -236 0
39 -236 0
41 -236 0
42 -236 0
44 -236 0
47 -237 0
48 -237 0
51 -237 0
52 -237 0
55 -237 0
57 -237 0
58 -237 0
60 -237 0
63 -238 0
64 -238 0
67 -238 0
68 -238 0
71 -238 0
73 -238 0
74 -238 0
76 -238 0
79 -239 0
80 -239 0
83 -239 0
84 -239 0
87 -239 0
89 -239 0
90 -239 0
92 -239 0
95 -240 0
96 -240 0
99 -240 0
100 -240 0
103 -240 0
105 -240 0
106 -240 0
108 -240 0
111 -241 0
112 -241 0
115 -241 0
116 -241 0
119 -241 0
121 -241 0
122 -241 0
124 -241 0
127 -242 0
128 -242 0
131 -242 0
132 -242 0
135 -242 0
137 -242 0
138 -242 0
140 -242 0
143 -243 0
144 -243 0
147 -243 0
148 -243 0
151 -243 0
153 -243 0
154 -243 0
156 -243 0
1 -244 0
3 -244 0
6 -244 0
7 -244 0
9 -244 0
12 -244 0
13 -244 0
15 -244 0
17 -245 0
19 -245 0
22 -245 0
23 -245 0
25 -245 0
28 -245 0
29 -245 0
31 -246 0
33 -246 0
35 -246 0
36 -246 0
38 -246 0
41 -246 0
42 -246 0
44 -246 0
46 -247 0
48 -247 0
51 -247 0
52 -247 0
54 -247 0
57 -247 0
58 -247 0
60 -247 0
62 -248 0
64 -248 0
67 -248 0
68 -248 0
70 -248 0
73 -248 0
74 -248 0
76 -248 0
78 -249 0
80 -249 0
83 -249 0
84 -249 0
86 -249 0
89 -249 0
90 -249 0
92 -249 0
94 -250 0
96 -250 0
99 -250 0
100 -250 0
102 -250 0
105 -250 0
106 -250 0
108 -250 0
110 -251 0
112 -251 0
115 -251 0
116 -251 0
118 -251 0
121 -251 0
122 -251 0
124 -251 0
126 -252 0
128 -252 0
131 -252 0
132 -252 0
134 -252 0
137 -252 0
138 -252 0
140 -252 0
142 -253 0
144 -253 0
147 -253 0
148 -253 0
150 -253 0
153 -253 0
154 -253 0
156 -253 0
1 -254 0
3 -254 0
6 -254 0
8 -254 0
10 -254 0
12 -254 0
13 -254 0
15 -254 0
17 -255 0
19 -255 0
22 -255 0
24 -255 0
26 -255 0
28 -255 0
29 -255 0
31 -256 0
33 -256 0
35 -256 0
37 -256 0
39 -256 0
41 -256 0
42 -256 0
44 -256 0
46 -257 0
48 -257 0
51 -257 0
53 -257 0
55 -257 0
57 -257 0
58 -257 0
60 -257 0
62 -258 0
64 -258 0
67 -258 0
69 -258 0
71 -258 0
73 -258 0
74 -258 0
76 -258 0
78 -259 0
80 -259 0
83 -259 0
85 -259 0
87 -259 0
89 -259 0
90 -259 0
92 -259 0
94 -260 0
96 -260 0
99 -260 0
101 -260 0
103 -260 0
105 -260 0
106 -260 0
108 -260 0
110 -261 0
112 -261 0
115 -261 0
117 -261 0
119 -261 0
121 -261 0
122 -261 0
124 -261 0
126 -262 0
128 -262 0
131 -262 0
133 -262 0
135 -262 0
137 -262 0
138 -262 0
140 -262 0
142 -263 0
144 -263 0
147 -263 0
149 -263 0
151 -263 0
153 -263 0
154 -263 0
156 -263 0
2 -264 0
4 -264 0
6 -264 0
8 -264 0
10 -264 0
11 -264 0
13 -264 0
16 -264 0
18 -265 0
20 -265 0
22 -265 0
24 -265 0
26 -265 0
27 -265 0
30 -265 0
32 -266 0
-266 0
35 -266 0
37 -266 0
39 -266 0
40 -266 0
42 -266 0
45 -266 0
47 -267 0
49 -267 0
51 -267 0
53 -267 0
55 -267 0
56 -267 0
58 -267 0
61 -267 0
63 -268 0
65 -268 0
67 -268 0
69 -268 0
71 -268 0
72 -268 0
74 -268 0
77 -268 0
79 -269 0
81 -269 0
83 -269 0
85 -269 0
87 -269 0
88 -269 0
90 -269 0
93 -269 0
95 -270 0
97 -270 0
99 -270 0
101 -270 0
103 -270 0
104 -270 0
106 -270 0
109 -270 0
111 -271 0
113 -271 0
115 -271 0
117 -271 0
119 -271 0
120 -271 0
122 -271 0
125 -271 0
127 -272 0
129 -272 0
131 -272 0
133 -272 0
135 -272 0
136 -272 0
138 -272 0
141 -272 0
143 -273 0
145 -273 0
147 -273 0
149 -273 0
151 -273 0
152 -273 0
154 -273 0
157 -273 0
2 -274 0
4 -274 0
5 -274 0
7 -274 0
9 -274 0
11 -274 0
14 -274 0
15 -274 0
18 -275 0
20 -275 0
21 -275 0
23 -275 0
25 -275 0
27 -275 0
-275 0
29 -275 0
32 -276 0
-276 0
34 -276 0
36 -276 0
38 -276 0
40 -276 0
43 -276 0
44 -276 0
47 -277 0
49 -277 0
50 -277 0
52 -277 0
54 -277 0
56 -277 0
59 -277 0
60 -277 0
63 -278 0
65 -278 0
66 -278 0
68 -278 0
70 -278 0
72 -278 0
75 -278 0
76 -278 0
79 -279 0
81 -279 0
82 -279 0
84 -279 0
86 -279 0
88 -279 0
91 -279 0
92 -279 0
95 -280 0
97 -280 0
98 -280 0
100 -280 0
102 -280 0
104 -280 0
107 -280 0
108 -280 0
111 -281 0
113 -281 0
114 -281 0
116 -281 0
118 -281 0
120 -281 0
123 -281 0
124 -281 0
127 -282 0
129 -282 0
130 -282 0
132 -282 0
134 -282 0
136 -282 0
139 -282 0
140 -282 0
143 -283 0
145 -283 0
146 -283 0
148 -283 0
150 -283 0
152 -283 0
155 -283 0
156 -283 0
1 -284 0
4 -284 0
6 -284 0
8 -284 0
10 -284 0
11 -284 0
14 -284 0
16 -284 0
17 -285 0
20 -285 0
22 -285 0
24 -285 0
26 -285 0
27 -285 0
-285 0
30 -285 0
31 -286 0
-286 0
35 -286 0
37 -286 0
39 -286 0
40 -286 0
43 -286 0
45 -286 0
46 -287 0
49 -287 0
51 -287 0
53 -287 0
55 -287 0
56 -287 0
59 -287 0
61 -287 0
62 -288 0
65 -288 0
67 -288 0
69 -288 0
71 -288 0
72 -288 0
75 -288 0
77 -288 0
78 -289 0
81 -289 0
83 -289 0
85 -289 0
87 -289 0
88 -289 0
91 -289 0
93 -289 0
94 -290 0
97 -290 0
99 -290 0
101 -290 0
103 -290 0
104 -290 0
107 -290 0
109 -290 0
110 -291 0
113 -291 0
115 -291 0
117 -291 0
119 -291 0
120 -291 0
123 -291 0
125 -291 0
126 -292 0
129 -292 0
131 -292 0
133 -292 0
135 -292 0
136 -292 0
139 -292 0
141 -292 0
142 -293 0
145 -293 0
147 -293 0
149 -293 0
151 -293 0
152 -293 0
155 -293 0
157 -293 0
2 -294 0
3 -294 0
6 -294 0
7 -294 0
10 -294 0
11 -294 0
14 -294 0
16 -294 0
18 -295 0
19 -295 0
22 -295 0
23 -295 0
26 -295 0
27 -295 0
-295 0
30 -295 0
32 -296 0
33 -296 0
35 -296 0
36 -296 0
39 -296 0
40 -296 0
43 -296 0
45 -296 0
47 -297 0
48 -297 0
51 -297 0
52 -297 0
55 -297 0
56 -297 0
59 -297 0
61 -297 0
63 -298 0
64 -298 0
67 -298 0
68 -298 0
71 -298 0
72 -298 0
75 -298 0
77 -298 0
79 -299 0
80 -299 0
83 -299 0
84 -299 0
87 -299 0
88 -299 0
91 -299 0
93 -299 0
95 -300 0
96 -300 0
99 -300 0
100 -300 0
103 -300 0
104 -300 0
107 -300 0
109 -300 0
111 -301 0
112 -301 0
115 -301 0
116 -301 0
119 -301 0
120 -301 0
123 -301 0
125 -301 0
127 -302 0
128 -302 0
131 -302 0
132 -302 0
135 -302 0
136 -302 0
139 -302 0
141 -302 0
143 -303 0
144 -303 0
147 -303 0
148 -303 0
151 -303 0
152 -303 0
155 -303 0
157 -303 0
1 -304 0
3 -304 0
5 -304 0
7 -304 0
9 -304 0
11 -304 0
13 -304 0
15 -304 0
17 -305 0
19 -305 0
21 -305 0
23 -305 0
25 -305 0
27 -305 0
29 -305 0
31 -306 0
33 -306 0
34 -306 0
36 -306 0
38 -306 0
40 -306 0
42 -306 0
44 -306 0
46 -307 0
48 -307 0
50 -307 0
52 -307 0
54 -307 0
56 -307 0
58 -307 0
60 -307 0
62 -308 0
64 -308 0
66 -308 0
68 -308 0
70 -308 0
72 -308 0
74 -308 0
76 -308 0
78 -309 0
80 -309 0
82 -309 0
84 -309 0
86 -309 0
88 -309 0
90 -309 0
92 -309 0
94 -310 0
96 -310 0
98 -310 0
100 -310 0
102 -310 0
104 -310 0
106 -310 0
108 -310 0
110 -311 0
112 -311 0
114 -311 0
116 -311 0
118 -311 0
120 -311 0
122 -311 0
124 -311 0
126 -312 0
128 -312 0
130 -312 0
132 -312 0
134 -312 0
136 -312 0
138 -312 0
140 -312 0
142 -313 0
144 -313 0
146 -313 0
148 -313 0
150 -313 0
152 -313 0
154 -313 0
156 -313 0
1 -314 0
3 -314 0
5 -314 0
8 -314 0
9 -314 0
11 -314 0
13 -314 0
16 -314 0
17 -315 0
19 -315 0
21 -315 0
24 -315 0
25 -315 0
27 -315 0
30 -315 0
46 -316 0
48 -316 0
50 -316 0
53 -316 0
54 -316 0
56 -316 0
58 -316 0
61 -316 0
62 -317 0
64 -317 0
66 -317 0
69 -317 0
70 -317 0
72 -317 0
74 -317 0
77 -317 0
78 -318 0
80 -318 0
82 -318 0
85 -318 0
86 -318 0
88 -318 0
90 -318 0
93 -318 0
94 -319 0
96 -319 0
98 -319 0
101 -319 0
102 -319 0
104 -319 0
106 -319 0
109 -319 0
110 -320 0
112 -320 0
114 -320 0
117 -320 0
118 -320 0
120 -320 0
122 -320 0
125 -320 0
126 -321 0
128 -321 0
130 -321 0
133 -321 0
134 -321 0
136 -321 0
138 -321 0
141 -321 0
142 -322 0
144 -322 0
146 -322 0
149 -322 0
150 -322 0
152 -322 0
154 -322 0
157 -322 0
2 -323 0
3 -323 0
5 -323 0
8 -323 0
10 -323 0
12 -323 0
13 -323 0
16 -323 0
18 -324 0
19 -324 0
21 -324 0
24 -324 0
26 -324 0
28 -324 0
30 -324 0
32 -325 0
33 -325 0
34 -325 0
37 -325 0
39 -325 0
41 -325 0
42 -325 0
45 -325 0
47 -326 0
48 -326 0
50 -326 0
53 -326 0
55 -326 0
57 -326 0
58 -326 0
61 -326 0
63 -327 0
64 -327 0
66 -327 0
69 -327 0
71 -327 0
73 -327 0
74 -327 0
77 -327 0
79 -328 0
80 -328 0
82 -328 0
85 -328 0
87 -328 0
89 -328 0
90 -328 0
93 -328 0
95 -329 0
96 -329 0
98 -329 0
101 -329 0
103 -329 0
105 -329 0
106 -329 0
109 -329 0
111 -330 0
112 -330 0
114 -330 0
117 -330 0
119 -330 0
121 -330 0
122 -330 0
125 -330 0
127 -331 0
128 -331 0
130 -331 0
133 -331 0
135 -331 0
137 -331 0
138 -331 0
141 -331 0
143 -332 0
144 -332 0
146 -332 0
149 -332 0
151 -332 0
153 -332 0
154 -332 0
157 -332 0
2 -333 0
4 -333 0
5 -333 0
8 -333 0
9 -333 0
12 -333 0
13 -333 0
15 -333 0
18 -334 0
20 -334 0
21 -334 0
24 -334 0
25 -334 0
28 -334 0
29 -334 0
32 -335 0
-335 0
34 -335 0
37 -335 0
38 -335 0
41 -335 0
42 -335 0
44 -335 0
47 -336 0
49 -336 0
50 -336 0
53 -336 0
54 -336 0
57 -336 0
58 -336 0
60 -336 0
63 -337 0
65 -337 0
66 -337 0
69 -337 0
70 -337 0
73 -337 0
74 -337 0
76 -337 0
79 -338 0
81 -338 0
82 -338 0
85 -338 0
86 -338 0
89 -338 0
90 -338 0
92 -338 0
95 0
97 0
98 0
101 0
102 0
105 0
106 0
108 0
111 -339 0
113 -339 0
114 -339 0
117 -339 0
118 -339 0
121 -339 0
122 -339 0
124 -339 0
127 -340 0
129 -340 0
130 -340 0
133 -340 0
134 -340 0
137 -340 0
138 -340 0
140 -340 0
143 -341 0
145 -341 0
146 -341 0
149 -341 0
150 -341 0
153 -341 0
154 -341 0
156 -341 0
2 -342 0
3 -342 0
6 -342 0
7 -342 0
9 -342 0
12 -342 0
14 -342 0
15 -342 0
18 -343 0
19 -343 0
22 -343 0
23 -343 0
25 -343 0
28 -343 0
-343 0
29 -343 0
32 -344 0
33 -344 0
35 -344 0
36 -344 0
38 -344 0
41 -344 0
43 -344 0
44 -344 0
47 -345 0
48 -345 0
51 -345 0
52 -345 0
54 -345 0
57 -345 0
59 -345 0
60 -345 0
63 -346 0
64 -346 0
67 -346 0
68 -346 0
70 -346 0
73 -346 0
75 -346 0
76 -346 0
79 -347 0
80 -347 0
83 -347 0
84 -347 0
86 -347 0
89 -347 0
91 -347 0
92 -347 0
95 -348 0
96 -348 0
99 -348 0
100 -348 0
102 -348 0
105 -348 0
107 -348 0
108 -348 0
111 -349 0
112 -349 0
115 -349 0
116 -349 0
118 -349 0
121 -349 0
123 -349 0
124 -349 0
127 -350 0
128 -350 0
131 -350 0
132 -350 0
134 -350 0
137 -350 0
139 -350 0
140 -350 0
143 -351 0
144 -351 0
147 -351 0
148 -351 0
150 -351 0
153 -351 0
155 -351 0
156 -351 0
2 -352 0
3 -352 0
5 -352 0
7 -352 0
10 -352 0
12 -352 0
14 -352 0
16 -352 0
18 -353 0
19 -353 0
21 -353 0
23 -353 0
26 -353 0
28 -353 0
-353 0
30 -353 0
32 -354 0
33 -354 0
34 -354 0
36 -354 0
39 -354 0
41 -354 0
43 -354 0
45 -354 0
47 -355 0
48 -355 0
50 -355 0
52 -355 0
55 -355 0
57 -355 0
59 -355 0
61 -355 0
63 -356 0
64 -356 0
66 -356 0
68 -356 0
71 -356 0
73 -356 0
75 -356 0
77 -356 0
79 -357 0
80 -357 0
82 -357 0
84 -357 0
87 -357 0
89 -357 0
91 -357 0
93 -357 0
95 -358 0
96 -358 0
98 -358 0
100 -358 0
103 -358 0
105 -358 0
107 -358 0
109 -358 0
111 -359 0
112 -359 0
114 -359 0
116 -359 0
119 -359 0
121 -359 0
123 -359 0
125 -359 0
127 -360 0
128 -360 0
130 -360 0
132 -360 0
135 -360 0
137 -360 0
139 -360 0
141 -360 0
143 -361 0
144 -361 0
146 -361 0
148 -361 0
151 -361 0
153 -361 0
155 -361 0
157 -361 0
1 -362 0
3 -362 0
6 -362 0
8 -362 0
9 -362 0
11 -362 0
13 -362 0
15 -362 0
17 -363 0
19 -363 0
22 -363 0
24 -363 0
25 -363 0
27 -363 0
29 -363 0
31 -364 0
33 -364 0
35 -364 0
37 -364 0
38 -364 0
40 -364 0
42 -364 0
44 -364 0
46 -365 0
48 -365 0
51 -365 0
53 -365 0
54 -365 0
56 -365 0
58 -365 0
60 -365 0
62 -366 0
64 -366 0
67 -366 0
69 -366 0
70 -366 0
72 -366 0
74 -366 0
76 -366 0
94 -367 0
96 -367 0
99 -367 0
101 -367 0
102 -367 0
104 -367 0
106 -367 0
108 -367 0
110 -368 0
112 -368 0
115 -368 0
117 -368 0
118 -368 0
120 -368 0
122 -368 0
124 -368 0
126 -369 0
128 -369 0
131 -369 0
133 -369 0
134 -369 0
136 -369 0
138 -369 0
140 -369 0
142 -370 0
144 -370 0
147 -370 0
149 -370 0
150 -370 0
152 -370 0
154 -370 0
156 -370 0
2 -371 0
4 -371 0
5 -371 0
8 -371 0
9 -371 0
12 -371 0
13 -371 0
16 -371 0
18 -372 0
20 -372 0
21 -372 0
24 -372 0
25 -372 0
28 -372 0
30 -372 0
32 -373 0
-373 0
34 -373 0
37 -373 0
38 -373 0
41 -373 0
42 -373 0
45 -373 0
47 -374 0
49 -374 0
50 -374 0
53 -374 0
54 -374 0
57 -374 0
58 -374 0
61 -374 0
63 -375 0
65 -375 0
66 -375 0
69 -375 0
70 -375 0
73 -375 0
74 -375 0
77 -375 0
79 -376 0
81 -376 0
82 -376 0
85 -376 0
86 -376 0
89 -376 0
90 -376 0
93 -376 0
95 -377 0
97 -377 0
98 -377 0
101 -377 0
102 -377 0
105 -377 0
106 -377 0
109 -377 0
111 -378 0
113 -378 0
114 -378 0
117 -378 0
118 -378 0
121 -378 0
122 -378 0
125 -378 0
127 -379 0
129 -379 0
130 -379 0
133 -379 0
134 -379 0
137 -379 0
138 -379 0
141 -379 0
143 -380 0
145 -380 0
146 -380 0
149 -380 0
150 -380 0
153 -380 0
154 -380 0
157 -380 0
1 -381 0
3 -381 0
6 -381 0
7 -381 0
9 -381 0
11 -381 0
13 -381 0
15 -381 0
17 -382 0
19 -382 0
22 -382 0
23 -382 0
25 -382 0
27 -382 0
29 -382 0
31 -383 0
33 -383 0
35 -383 0
36 -383 0
38 -383 0
40 -383 0
42 -383 0
44 -383 0
46 -384 0
48 -384 0
51 -384 0
52 -384 0
54 -384 0
56 -384 0
58 -384 0
60 -384 0
62 -385 0
64 -385 0
67 -385 0
68 -385 0
70 -385 0
72 -385 0
74 -385 0
76 -385 0
78 -386 0
80 -386 0
83 -386 0
84 -386 0
86 -386 0
88 -386 0
90 -386 0
92 -386 0
94 -387 0
96 -387 0
99 -387 0
100 -387 0
102 -387 0
104 -387 0
106 -387 0
108 -387 0
110 -388 0
112 -388 0
115 -388 0
116 -388 0
118 -388 0
120 -388 0
122 -388 0
124 -388 0
126 -389 0
128 -389 0
131 -389 0
132 -389 0
134 -389 0
136 -389 0
138 -389 0
140 -389 0
142 -390 0
144 -390 0
147 -390 0
148 -390 0
150 -390 0
152 -390 0
154 -390 0
156 -390 0
1 -391 0
3 -391 0
6 -391 0
8 -391 0
9 -391 0
11 -391 0
14 -391 0
15 -391 0
17 -392 0
19 -392 0
22 -392 0
24 -392 0
25 -392 0
27 -392 0
-392 0
29 -392 0
31 -393 0
33 -393 0
35 -393 0
37 -393 0
38 -393 0
40 -393 0
43 -393 0
44 -393 0
46 -394 0
48 -394 0
51 -394 0
53 -394 0
54 -394 0
56 -394 0
59 -394 0
60 -394 0
62 -395 0
64 -395 0
67 -395 0
69 -395 0
70 -395 0
72 -395 0
75 -395 0
76 -395 0
78 -396 0
80 -396 0
83 -396 0
85 -396 0
86 -396 0
88 -396 0
91 -396 0
92 -396 0
94 -397 0
96 -397 0
99 -397 0
101 -397 0
102 -397 0
104 -397 0
107 -397 0
108 -397 0
110 -398 0
112 -398 0
115 -398 0
117 -398 0
118 -398 0
120 -398 0
123 -398 0
124 -398 0
126 -399 0
128 -399 0
131 -399 0
133 -399 0
134 -399 0
136 -399 0
139 -399 0
140 -399 0
142 -400 0
144 -400 0
147 -400 0
149 -400 0
150 -400 0
152 -400 0
155 -400 0
156 -400 0
1 -401 0
3 -401 0
5 -401 0
8 -401 0
10 -401 0
12 -401 0
14 -401 0
15 -401 0
17 -402 0
19 -402 0
21 -402 0
24 -402 0
26 -402 0
28 -402 0
-402 0
29 -402 0
31 -403 0
33 -403 0
34 -403 0
37 -403 0
39 -403 0
41 -403 0
43 -403 0
44 -403 0
46 -404 0
48 -404 0
50 -404 0
53 -404 0
55 -404 0
57 -404 0
59 -404 0
60 -404 0
62 -405 0
64 -405 0
66 -405 0
69 -405 0
71 -405 0
73 -405 0
75 -405 0
76 -405 0
78 -406 0
80 -406 0
82 -406 0
85 -406 0
87 -406 0
89 -406 0
91 -406 0
92 -406 0
94 -407 0
96 -407 0
98 -407 0
101 -407 0
103 -407 0
105 -407 0
107 -407 0
108 -407 0
110 -408 0
112 -408 0
114 -408 0
117 -408 0
119 -408 0
121 -408 0
123 -408 0
124 -408 0
126 -409 0
128 -409 0
130 -409 0
133 -409 0
135 -409 0
137 -409 0
139 -409 0
140 -409 0
142 -410 0
144 -410 0
146 -410 0
149 -410 0
151 -410 0
153 -410 0
155 -410 0
156 -410 0
2 -411 0
3 -411 0
5 -411 0
8 -411 0
10 -411 0
11 -411 0
13 -411 0
15 -411 0
18 -412 0
19 -412 0
21 -412 0
24 -412 0
26 -412 0
27 -412 0
29 -412 0
32 -413 0
33 -413 0
34 -413 0
37 -413 0
39 -413 0
40 -413 0
42 -413 0
44 -413 0
47 -414 0
48 -414 0
50 -414 0
53 -414 0
55 -414 0
56 -414 0
58 -414 0
60 -414 0
63 -415 0
64 -415 0
66 -415 0
69 -415 0
71 -415 0
72 -415 0
74 -415 0
76 -415 0
79 -416 0
80 -416 0
82 -416 0
85 -416 0
87 -416 0
88 -416 0
90 -416 0
92 -416 0
95 -417 0
96 -417 0
98 -417 0
101 -417 0
103 -417 0
104 -417 0
106 -417 0
108 -417 0
111 -418 0
112 -418 0
114 -418 0
117 -418 0
119 -418 0
120 -418 0
122 -418 0
124 -418 0
127 -419 0
128 -419 0
130 -419 0
133 -419 0
135 -419 0
136 -419 0
138 -419 0
140 -419 0
143 -420 0
144 -420 0
146 -420 0
149 -420 0
151 -420 0
152 -420 0
154 -420 0
156 -420 0
1 -421 0
3 -421 0
5 -421 0
7 -421 0
10 -421 0
12 -421 0
14 -421 0
15 -421 0
17 -422 0
19 -422 0
21 -422 0
23 -422 0
26 -422 0
28 -422 0
-422 0
29 -422 0
31 -423 0
33 -423 0
34 -423 0
36 -423 0
39 -423 0
41 -423 0
43 -423 0
44 -423 0
46 -424 0
48 -424 0
50 -424 0
52 -424 0
55 -424 0
57 -424 0
59 -424 0
60 -424 0
62 -425 0
64 -425 0
66 -425 0
68 -425 0
71 -425 0
73 -425 0
75 -425 0
76 -425 0
78 -426 0
80 -426 0
82 -426 0
84 -426 0
87 -426 0
89 -426 0
91 -426 0
92 -426 0
94 -427 0
96 -427 0
98 -427 0
100 -427 0
103 -427 0
105 -427 0
107 -427 0
108 -427 0
110 -428 0
112 -428 0
114 -428 0
116 -428 0
119 -428 0
121 -428 0
123 -428 0
124 -428 0
126 -429 0
128 -429 0
130 -429 0
132 -429 0
135 -429 0
137 -429 0
139 -429 0
140 -429 0
142 -430 0
144 -430 0
146 -430 0
148 -430 0
151 -430 0
153 -430 0
155 -430 0
156 -430 0
2 -431 0
3 -431 0
6 -431 0
7 -431 0
9 -431 0
12 -431 0
13 -431 0
16 -431 0
18 -432 0
19 -432 0
22 -432 0
23 -432 0
25 -432 0
28 -432 0
30 -432 0
32 -433 0
33 -433 0
35 -433 0
36 -433 0
38 -433 0
41 -433 0
42 -433 0
45 -433 0
47 -434 0
48 -434 0
51 -434 0
52 -434 0
54 -434 0
57 -434 0
58 -434 0
61 -434 0
63 -435 0
64 -435 0
67 -435 0
68 -435 0
70 -435 0
73 -435 0
74 -435 0
77 -435 0
79 -436 0
80 -436 0
83 -436 0
84 -436 0
86 -436 0
89 -436 0
90 -436 0
93 -436 0
95 -437 0
96 -437 0
99 -437 0
100 -437 0
102 -437 0
105 -437 0
106 -437 0
109 -437 0
111 -438 0
112 -438 0
115 -438 0
116 -438 0
118 -438 0
121 -438 0
122 -438 0
125 -438 0
127 -439 0
128 -439 0
131 -439 0
132 -439 0
134 -439 0
137 -439 0
138 -439 0
141 -439 0
143 -440 0
144 -440 0
147 -440 0
148 -440 0
150 -440 0
153 -440 0
154 -440 0
157 -440 0
1 -441 0
4 -441 0
6 -441 0
7 -441 0
9 -441 0
11 -441 0
13 -441 0
15 -441 0
17 -442 0
20 -442 0
22 -442 0
23 -442 0
25 -442 0
27 -442 0
29 -442 0
31 -443 0
-443 0
35 -443 0
36 -443 0
38 -443 0
40 -443 0
42 -443 0
44 -443 0
46 -444 0
49 -444 0
51 -444 0
52 -444 0
54 -444 0
56 -444 0
58 -444 0
60 -444 0
62 -445 0
65 -445 0
67 -445 0
68 -445 0
70 -445 0
72 -445 0
74 -445 0
76 -445 0
78 -446 0
81 -446 0
83 -446 0
84 -446 0
86 -446 0
88 -446 0
90 -446 0
92 -446 0
94 -447 0
97 -447 0
99 -447 0
100 -447 0
102 -447 0
104 -447 0
106 -447 0
108 -447 0
110 -448 0
113 -448 0
115 -448 0
116 -448 0
118 -448 0
120 -448 0
122 -448 0
124 -448 0
126 -449 0
129 -449 0
131 -449 0
132 -449 0
134 -449 0
136 -449 0
138 -449 0
140 -449 0
142 -450 0
145 -450 0
147 -450 0
148 -450 0
150 -450 0
152 -450 0
154 -450 0
156 -450 0
1 -451 0
3 -451 0
5 -451 0
8 -451 0
10 -451 0
11 -451 0
14 -451 0
15 -451 0
17 -452 0
19 -452 0
21 -452 0
24 -452 0
26 -452 0
27 -452 0
-452 0
29 -452 0
31 -453 0
33 -453 0
34 -453 0
37 -453 0
39 -453 0
40 -453 0
43 -453 0
44 -453 0
46 -454 0
48 -454 0
50 -454 0
53 -454 0
55 -454 0
56 -454 0
59 -454 0
60 -454 0
62 -455 0
64 -455 0
66 -455 0
69 -455 0
71 -455 0
72 -455 0
75 -455 0
76 -455 0
78 -456 0
80 -456 0
82 -456 0
85 -456 0
87 -456 0
88 -456 0
91 -456 0
92 -456 0
94 -457 0
96 -457 0
98 -457 0
101 -457 0
103 -457 0
104 -457 0
107 -457 0
108 -457 0
110 -458 0
112 -458 0
114 -458 0
117 -458 0
119 -458 0
120 -458 0
123 -458 0
124 -458 0
126 -459 0
128 -459 0
130 -459 0
133 -459 0
135 -459 0
136 -459 0
139 -459 0
140 -459 0
142 -460 0
144 -460 0
146 -460 0
149 -460 0
151 -460 0
152 -460 0
155 -460 0
156 -460 0
2 -461 0
4 -461 0
5 -461 0
7 -461 0
9 -461 0
11 -461 0
14 -461 0
16 -461 0
18 -462 0
20 -462 0
21 -462 0
23 -462 0
25 -462 0
27 -462 0
-462 0
30 -462 0
32 -463 0
-463 0
34 -463 0
36 -463 0
38 -463 0
40 -463 0
43 -463 0
45 -463 0
47 -464 0
49 -464 0
50 -464 0
52 -464 0
54 -464 0
56 -464 0
59 -464 0
61 -464 0
63 -465 0
65 -465 0
66 -465 0
68 -465 0
70 -465 0
72 -465 0
75 -465 0
77 -465 0
79 0
81 0
82 0
84 0
86 0
88 0
91 0
93 0
95 -466 0
97 -466 0
98 -466 0
100 -466 0
102 -466 0
104 -466 0
107 -466 0
109 -466 0
111 -467 0
113 -467 0
114 -467 0
116 -467 0
118 -467 0
120 -467 0
123 -467 0
125 -467 0
127 -468 0
129 -468 0
130 -468 0
132 -468 0
134 -468 0
136 -468 0
139 -468 0
141 -468 0
143 -469 0
145 -469 0
146 -469 0
148 -469 0
150 -469 0
152 -469 0
155 -469 0
157 -469 0
1 -470 0
3 -470 0
6 -470 0
7 -470 0
9 -470 0
12 -470 0
14 -470 0
15 -470 0
17 -471 0
19 -471 0
22 -471 0
23 -471 0
25 -471 0
28 -471 0
-471 0
29 -471 0
31 -472 0
33 -472 0
35 -472 0
36 -472 0
38 -472 0
41 -472 0
43 -472 0
44 -472 0
46 -473 0
48 -473 0
51 -473 0
52 -473 0
54 -473 0
57 -473 0
59 -473 0
60 -473 0
62 -474 0
64 -474 0
67 -474 0
68 -474 0
70 -474 0
73 -474 0
75 -474 0
76 -474 0
78 -475 0
80 -475 0
83 -475 0
84 -475 0
86 -475 0
89 -475 0
91 -475 0
92 -475 0
94 -476 0
96 -476 0
99 -476 0
100 -476 0
102 -476 0
105 -476 0
107 -476 0
108 -476 0
110 -477 0
112 -477 0
115 -477 0
116 -477 0
118 -477 0
121 -477 0
123 -477 0
124 -477 0
126 -478 0
128 -478 0
131 -478 0
132 -478 0
134 -478 0
137 -478 0
139 -478 0
140 -478 0
142 -479 0
144 -479 0
147 -479 0
148 -479 0
150 -479 0
153 -479 0
155 -479 0
156 -479 0
1 -480 0
3 -480 0
5 -480 0
8 -480 0
10 -480 0
11 -480 0
13 -480 0
16 -480 0
17 -481 0
19 -481 0
21 -481 0
24 -481 0
26 -481 0
27 -481 0
30 -481 0
31 -482 0
33 -482 0
34 -482 0
37 -482 0
39 -482 0
40 -482 0
42 -482 0
45 -482 0
46 -483 0
48 -483 0
50 -483 0
53 -483 0
55 -483 0
56 -483 0
58 -483 0
61 -483 0
62 -484 0
64 -484 0
66 -484 0
69 -484 0
71 -484 0
72 -484 0
74 -484 0
77 -484 0
78 -485 0
80 -485 0
82 -485 0
85 -485 0
87 -485 0
88 -485 0
90 -485 0
93 -485 0
94 -486 0
96 -486 0
98 -486 0
101 -486 0
103 -486 0
104 -486 0
106 -486 0
109 -486 0
110 -487 0
112 -487 0
114 -487 0
117 -487 0
119 -487 0
120 -487 0
122 -487 0
125 -487 0
126 -488 0
128 -488 0
130 -488 0
133 -488 0
135 -488 0
136 -488 0
138 -488 0
141 -488 0
142 -489 0
144 -489 0
146 -489 0
149 -489 0
151 -489 0
152 -489 0
154 -489 0
157 -489 0
1 -490 0
3 -490 0
6 -490 0
8 -490 0
9 -490 0
11 -490 0
14 -490 0
15 -490 0
17 -491 0
19 -491 0
22 -491 0
24 -491 0
25 -491 0
27 -491 0
-491 0
29 -491 0
31 -492 0
33 -492 0
35 -492 0
37 -492 0
38 -492 0
40 -492 0
43 -492 0
44 -492 0
46 -493 0
48 -493 0
51 -493 0
53 -493 0
54 -493 0
56 -493 0
59 -493 0
60 -493 0
62 -494 0
64 -494 0
67 -494 0
69 -494 0
70 -494 0
72 -494 0
75 -494 0
76 -494 0
78 -495 0
80 -495 0
83 -495 0
85 -495 0
86 -495 0
88 -495 0
91 -495 0
92 -495 0
94 -496 0
96 -496 0
99 -496 0
101 -496 0
102 -496 0
104 -496 0
107 -496 0
108 -496 0
110 -497 0
112 -497 0
115 -497 0
117 -497 0
118 -497 0
120 -497 0
123 -497 0
124 -497 0
126 -498 0
128 -498 0
131 -498 0
133 -498 0
134 -498 0
136 -498 0
139 -498 0
140 -498 0
142 -499 0
144 -499 0
147 -499 0
149 -499 0
150 -499 0
152 -499 0
155 -499 0
156 -499 0
2 -500 0
3 -500 0
5 -500 0
8 -500 0
10 -500 0
11 -500 0
13 -500 0
16 -500 0
18 -501 0
19 -501 0
21 -501 0
24 -501 0
26 -501 0
27 -501 0
30 -501 0
32 -502 0
33 -502 0
34 -502 0
37 -502 0
39 -502 0
40 -502 0
42 -502 0
45 -502 0
47 -503 0
48 -503 0
50 -503 0
53 -503 0
55 -503 0
56 -503 0
58 -503 0
61 -503 0
63 -504 0
64 -504 0
66 -504 0
69 -504 0
71 -504 0
72 -504 0
74 -504 0
77 -504 0
79 -505 0
80 -505 0
82 -505 0
85 -505 0
87 -505 0
88 -505 0
90 -505 0
93 -505 0
95 -506 0
96 -506 0
98 -506 0
101 -506 0
103 -506 0
104 -506 0
106 -506 0
109 -506 0
111 -507 0
112 -507 0
114 -507 0
117 -507 0
119 -507 0
120 -507 0
122 -507 0
125 -507 0
127 -508 0
128 -508 0
130 -508 0
133 -508 0
135 -508 0
136 -508 0
138 -508 0
141 -508 0
143 -509 0
144 -509 0
146 -509 0
149 -509 0
151 -509 0
152 -509 0
154 -509 0
157 -509 0
2 -510 0
3 -510 0
6 -510 0
7 -510 0
10 -510 0
11 -510 0
13 -510 0
16 -510 0
18 -511 0
19 -511 0
22 -511 0
23 -511 0
26 -511 0
27 -511 0
30 -511 0
32 -512 0
33 -512 0
35 -512 0
36 -512 0
39 -512 0
40 -512 0
42 -512 0
45 -512 0
47 -513 0
48 -513 0
51 -513 0
52 -513 0
55 -513 0
56 -513 0
58 -513 0
61 -513 0
63 -514 0
64 -514 0
67 -514 0
68 -514 0
71 -514 0
72 -514 0
74 -514 0
77 -514 0
79 -515 0
80 -515 0
83 -515 0
84 -515 0
87 -515 0
88 -515 0
90 -515 0
93 -515 0
95 -516 0
96 -516 0
99 -516 0
100 -516 0
103 -516 0
104 -516 0
106 -516 0
109 -516 0
111 -517 0
112 -517 0
115 -517 0
116 -517 0
119 -517 0
120 -517 0
122 -517 0
125 -517 0
127 -518 0
128 -518 0
131 -518 0
132 -518 0
135 -518 0
136 -518 0
138 -518 0
141 -518 0
143 -519 0
144 -519 0
147 -519 0
148 -519 0
151 -519 0
152 -519 0
154 -519 0
157 -519 0
158 159 160 161 162 163 164 165 166 0
167 168 169 170 171 172 173 174 175 176 0
177 178 179 180 181 182 183 184 185 186 0
195 196 197 198 199 200 201 202 203 204 0
205 206 207 208 209 210 211 212 213 214 0
215 216 217 218 219 220 221 222 223 224 0
234 235 236 237 238 239 240 241 242 243 0
244 245 246 247 248 249 250 251 252 253 0
254 255 256 257 258 259 260 261 262 263 0
264 265 266 267 268 269 270 271 272 273 0
274 275 276 277 278 279 280 281 282 283 0
284 285 286 287 288 289 290 291 292 293 0
294 295 296 297 298 299 300 301 302 303 0
304 305 306 307 308 309 310 311 312 313 0
314 315 316 317 318 319 320 321 322 0
323 324 325 326 327 328 329 330 331 332 0
342 343 344 345 346 347 348 349 350 351 0
352 353 354 355 356 357 358 359 360 361 0
362 363 364 365 366 367 368 369 370 0
371 372 373 374 375 376 377 378 379 380 0
381 382 383 384 385 386 387 388 389 390 0
391 392 393 394 395 396 397 398 399 400 0
401 402 403 404 405 406 407 408 409 410 0
411 412 413 414 415 416 417 418 419 420 0
421 422 423 424 425 426 427 428 429 430 0
431 432 433 434 435 436 437 438 439 440 0
441 442 443 444 445 446 447 448 449 450 0
451 452 453 454 455 456 457 458 459 460 0
470 471 472 473 474 475 476 477 478 479 0
480 481 482 483 484 485 486 487 488 489 0
490 491 492 493 494 495 496 497 498 499 0
500 501 502 503 504 505 506 507 508 509 0
510 511 512 513 514 515 516 517 518 519 0
