p cnf 521 3126
1 2 0
3 4 0
5 6 0
7 8 0
9 10 0
11 12 0
13 14 0
15 16 0
17 18 0
19 20 0
21 22 0
23 24 0
25 26 0
27 28 0
29 30 0
31 32 0
33 0
34 35 0
36 37 0
38 39 0
40 41 0
42 43 0
44 45 0
46 47 0
48 49 0
50 51 0
52 53 0
54 55 0
56 57 0
58 59 0
60 61 0
62 63 0
64 65 0
66 67 0
68 69 0
70 71 0
72 73 0
74 75 0
76 77 0
78 79 0
80 81 0
82 83 0
84 85 0
86 87 0
88 89 0
90 91 0
92 93 0
94 95 0
96 97 0
98 99 0
100 101 0
102 103 0
104 105 0
106 107 0
108 109 0
110 111 0
112 113 0
114 115 0
116 117 0
118 119 0
120 121 0
122 123 0
124 125 0
126 127 0
128 129 0
130 131 0
132 133 0
134 135 0
136 137 0
138 139 0
140 141 0
142 143 0
144 145 0
146 147 0
148 149 0
150 151 0
152 153 0
154 155 0
156 157 0
-2 -4 -5 -7 -10 -12 -14 -15 0
-47 -49 -50 -52 -55 -57 -59 -60 0
-63 -65 -66 -68 -71 -73 -75 -76 0
-79 -81 -82 -84 -87 -89 -91 -92 0
-95 -97 -98 -100 -103 -105 -107 -108 0
-111 -113 -114 -116 -119 -121 -123 -124 0
-127 -129 -130 -132 -135 -137 -139 -140 0
-143 -145 -146 -148 -151 -153 -155 -156 0
-2 -4 -6 -7 -9 -12 -14 -16 0
-47 -49 -51 -52 -54 -57 -59 -61 0
-63 -65 -67 -68 -70 -73 -75 -77 0
-79 -81 -83 -84 -86 -89 -91 -93 0
-95 -97 -99 -100 -102 -105 -107 -109 0
-111 -113 -115 -116 -118 -121 -123 -125 0
-127 -129 -131 -132 -134 -137 -139 -141 0
-143 -145 -147 -148 -150 -153 -155 -157 0
-1 -4 -5 -7 -9 -12 -14 -16 0
-46 -49 -50 -52 -54 -57 -59 -61 0
-62 -65 -66 -68 -70 -73 -75 -77 0
-78 -81 -82 -84 -86 -89 -91 -93 0
-94 -97 -98 -100 -102 -105 -107 -109 0
-110 -113 -114 -116 -118 -121 -123 -125 0
-126 -129 -130 -132 -134 -137 -139 -141 0
-142 -145 -146 -148 -150 -153 -155 -157 0
-2 -4 -6 -7 -10 -12 -14 -16 0
-47 -49 -51 -52 -55 -57 -59 -61 0
-63 -65 -67 -68 -71 -73 -75 -77 0
-79 -81 -83 -84 -87 -89 -91 -93 0
-95 -97 -99 -100 -103 -105 -107 -109 0
-111 -113 -115 -116 -119 -121 -123 -125 0
-127 -129 -131 -132 -135 -137 -139 -141 0
-143 -145 -147 -148 -151 -153 -155 -157 0
-1 -4 -6 -8 -9 -12 -13 -16 0
-17 -20 -22 -24 -25 -28 -30 0
-46 -49 -51 -53 -54 -57 -58 -61 0
-62 -65 -67 -69 -70 -73 -74 -77 0
-78 -81 -83 -85 -86 -89 -90 -93 0
-94 -97 -99 -101 -102 -105 -106 -109 0
-110 -113 -115 -117 -118 -121 -122 -125 0
-126 -129 -131 -133 -134 -137 -138 -141 0
-142 -145 -147 -149 -150 -153 -154 -157 0
-1 -4 -6 -8 -10 -12 -14 -15 0
-46 -49 -51 -53 -55 -57 -59 -60 0
-62 -65 -67 -69 -71 -73 -75 -76 0
-78 -81 -83 -85 -87 -89 -91 -92 0
-94 -97 -99 -101 -103 -105 -107 -108 0
-110 -113 -115 -117 -119 -121 -123 -124 0
-126 -129 -131 -133 -135 -137 -139 -140 0
-142 -145 -147 -149 -151 -153 -155 -156 0
-2 -4 -6 -8 -9 -12 -14 -16 0
-47 -49 -51 -53 -54 -57 -59 -61 0
-63 -65 -67 -69 -70 -73 -75 -77 0
-79 -81 -83 -85 -86 -89 -91 -93 0
-95 -97 -99 -101 -102 -105 -107 -109 0
-111 -113 -115 -117 -118 -121 -123 -125 0
-127 -129 -131 -133 -134 -137 -139 -141 0
-143 -145 -147 -149 -150 -153 -155 -157 0
-2 -4 -5 -8 -10 -12 -14 -16 0
-47 -49 -50 -53 -55 -57 -59 -61 0
-63 -65 -66 -69 -71 -73 -75 -77 0
-79 -81 -82 -85 -87 -89 -91 -93 0
-95 -97 -98 -101 -103 -105 -107 -109 0
-111 -113 -114 -117 -119 -121 -123 -125 0
-127 -129 -130 -133 -135 -137 -139 -141 0
-143 -145 -146 -149 -151 -153 -155 -157 0
-1 -4 -6 -7 -10 -12 -14 -16 0
-46 -49 -51 -52 -55 -57 -59 -61 0
-62 -65 -67 -68 -71 -73 -75 -77 0
-78 -81 -83 -84 -87 -89 -91 -93 0
-94 -97 -99 -100 -103 -105 -107 -109 0
-110 -113 -115 -116 -119 -121 -123 -125 0
-126 -129 -131 -132 -135 -137 -139 -141 0
-142 -145 -147 -148 -151 -153 -155 -157 0
-2 -4 -6 -8 -9 -12 -14 -16 0
-47 -49 -51 -53 -54 -57 -59 -61 0
-63 -65 -67 -69 -70 -73 -75 -77 0
-79 -81 -83 -85 -86 -89 -91 -93 0
-95 -97 -99 -101 -102 -105 -107 -109 0
-111 -113 -115 -117 -118 -121 -123 -125 0
-127 -129 -131 -133 -134 -137 -139 -141 0
-143 -145 -147 -149 -150 -153 -155 -157 0
-2 -4 -6 -8 -9 -12 -14 -15 0
-47 -49 -51 -53 -54 -57 -59 -60 0
-63 -65 -67 -69 -70 -73 -75 -76 0
-79 -81 -83 -85 -86 -89 -91 -92 0
-95 -97 -99 -101 -102 -105 -107 -108 0
-111 -113 -115 -117 -118 -121 -123 -124 0
-127 -129 -131 -133 -134 -137 -139 -140 0
-143 -145 -147 -149 -150 -153 -155 -156 0
-2 -4 -5 -8 -10 -12 -14 -15 0
-47 -49 -50 -53 -55 -57 -59 -60 0
-63 -65 -66 -69 -71 -73 -75 -76 0
-79 -81 -82 -85 -87 -89 -91 -92 0
-95 -97 -98 -101 -103 -105 -107 -108 0
-111 -113 -114 -117 -119 -121 -123 -124 0
-127 -129 -130 -133 -135 -137 -139 -140 0
-143 -145 -146 -149 -151 -153 -155 -156 0
-2 -4 -6 -8 -10 -12 -14 -15 0
-47 -49 -51 -53 -55 -57 -59 -60 0
-63 -65 -67 -69 -71 -73 -75 -76 0
-79 -81 -83 -85 -87 -89 -91 -92 0
-95 -97 -99 -101 -103 -105 -107 -108 0
-111 -113 -115 -117 -119 -121 -123 -124 0
-127 -129 -131 -133 -135 -137 -139 -140 0
-143 -145 -147 -149 -151 -153 -155 -156 0
1 -158 0
4 -158 0
5 -158 0
7 -158 0
9 -158 0
12 -158 0
13 -158 0
15 -158 0
17 -159 0
20 -159 0
21 -159 0
23 -159 0
25 -159 0
28 -159 0
29 -159 0
31 -160 0
-160 0
34 -160 0
36 -160 0
38 -160 0
41 -160 0
42 -160 0
44 -160 0
46 -161 0
49 -161 0
50 -161 0
52 -161 0
54 -161 0
57 -161 0
58 -161 0
60 -161 0
62 -162 0
65 -162 0
66 -162 0
68 -162 0
70 -162 0
73 -162 0
74 -162 0
76 -162 0
78 -163 0
81 -163 0
82 -163 0
84 -163 0
86 -163 0
89 -163 0
90 -163 0
92 -163 0
110 -164 0
113 -164 0
114 -164 0
116 -164 0
118 -164 0
121 -164 0
122 -164 0
124 -164 0
126 -165 0
129 -165 0
130 -165 0
132 -165 0
134 -165 0
137 -165 0
138 -165 0
140 -165 0
142 -166 0
145 -166 0
146 -166 0
148 -166 0
150 -166 0
153 -166 0
154 -166 0
156 -166 0
1 -167 0
4 -167 0
6 -167 0
8 -167 0
10 -167 0
11 -167 0
13 -167 0
16 -167 0
17 -168 0
20 -168 0
22 -168 0
24 -168 0
26 -168 0
27 -168 0
30 -168 0
31 -169 0
-169 0
35 -169 0
37 -169 0
39 -169 0
40 -169 0
42 -169 0
45 -169 0
46 -170 0
49 -170 0
51 -170 0
53 -170 0
55 -170 0
56 -170 0
58 -170 0
61 -170 0
62 -171 0
65 -171 0
67 -171 0
69 -171 0
71 -171 0
72 -171 0
74 -171 0
77 -171 0
78 -172 0
81 -172 0
83 -172 0
85 -172 0
87 -172 0
88 -172 0
90 -172 0
93 -172 0
94 -173 0
97 -173 0
99 -173 0
101 -173 0
103 -173 0
104 -173 0
106 -173 0
109 -173 0
110 -174 0
113 -174 0
115 -174 0
117 -174 0
119 -174 0
120 -174 0
122 -174 0
125 -174 0
126 -175 0
129 -175 0
131 -175 0
133 -175 0
135 -175 0
136 -175 0
138 -175 0
141 -175 0
142 -176 0
145 -176 0
147 -176 0
149 -176 0
151 -176 0
152 -176 0
154 -176 0
157 -176 0
1 -177 0
4 -177 0
6 -177 0
8 -177 0
9 -177 0
11 -177 0
13 -177 0
16 -177 0
17 -178 0
20 -178 0
22 -178 0
24 -178 0
25 -178 0
27 -178 0
30 -178 0
31 -179 0
-179 0
35 -179 0
37 -179 0
38 -179 0
40 -179 0
42 -179 0
45 -179 0
46 -180 0
49 -180 0
51 -180 0
53 -180 0
54 -180 0
56 -180 0
58 -180 0
61 -180 0
62 -181 0
65 -181 0
67 -181 0
69 -181 0
70 -181 0
72 -181 0
74 -181 0
77 -181 0
78 -182 0
81 -182 0
83 -182 0
85 -182 0
86 -182 0
88 -182 0
90 -182 0
93 -182 0
94 -183 0
97 -183 0
99 -183 0
101 -183 0
102 -183 0
104 -183 0
106 -183 0
109 -183 0
110 -184 0
113 -184 0
115 -184 0
117 -184 0
118 -184 0
120 -184 0
122 -184 0
125 -184 0
126 -185 0
129 -185 0
131 -185 0
133 -185 0
134 -185 0
136 -185 0
138 -185 0
141 -185 0
142 -186 0
145 -186 0
147 -186 0
149 -186 0
150 -186 0
152 -186 0
154 -186 0
157 -186 0
1 -187 0
4 -187 0
5 -187 0
8 -187 0
10 -187 0
12 -187 0
13 -187 0
16 -187 0
17 0
20 0
21 0
24 0
26 0
28 0
30 0
31 -188 0
-188 0
34 -188 0
37 -188 0
39 -188 0
41 -188 0
42 -188 0
45 -188 0
46 -189 0
49 -189 0
50 -189 0
53 -189 0
55 -189 0
57 -189 0
58 -189 0
61 -189 0
62 -190 0
65 -190 0
66 -190 0
69 -190 0
71 -190 0
73 -190 0
74 -190 0
77 -190 0
78 -191 0
81 -191 0
82 -191 0
85 -191 0
87 -191 0
89 -191 0
90 -191 0
93 -191 0
94 -192 0
97 -192 0
98 -192 0
101 -192 0
103 -192 0
105 -192 0
106 -192 0
109 -192 0
110 -193 0
113 -193 0
114 -193 0
117 -193 0
119 -193 0
121 -193 0
122 -193 0
125 -193 0
126 -194 0
129 -194 0
130 -194 0
133 -194 0
135 -194 0
137 -194 0
138 -194 0
141 -194 0
1 -195 0
4 -195 0
5 -195 0
7 -195 0
10 -195 0
11 -195 0
14 -195 0
15 -195 0
17 -196 0
20 -196 0
21 -196 0
23 -196 0
26 -196 0
27 -196 0
-196 0
29 -196 0
31 -197 0
-197 0
34 -197 0
36 -197 0
39 -197 0
40 -197 0
43 -197 0
44 -197 0
46 -198 0
49 -198 0
50 -198 0
52 -198 0
55 -198 0
56 -198 0
59 -198 0
60 -198 0
62 -199 0
65 -199 0
66 -199 0
68 -199 0
71 -199 0
72 -199 0
75 -199 0
76 -199 0
78 -200 0
81 -200 0
82 -200 0
84 -200 0
87 -200 0
88 -200 0
91 -200 0
92 -200 0
94 -201 0
97 -201 0
98 -201 0
100 -201 0
103 -201 0
104 -201 0
107 -201 0
108 -201 0
110 -202 0
113 -202 0
114 -202 0
116 -202 0
119 -202 0
120 -202 0
123 -202 0
124 -202 0
126 -203 0
129 -203 0
130 -203 0
132 -203 0
135 -203 0
136 -203 0
139 -203 0
140 -203 0
142 -204 0
145 -204 0
146 -204 0
148 -204 0
151 -204 0
152 -204 0
155 -204 0
156 -204 0
2 -205 0
4 -205 0
6 -205 0
8 -205 0
10 -205 0
11 -205 0
14 -205 0
15 -205 0
18 -206 0
20 -206 0
22 -206 0
24 -206 0
26 -206 0
27 -206 0
-206 0
29 -206 0
32 -207 0
-207 0
35 -207 0
37 -207 0
39 -207 0
40 -207 0
43 -207 0
44 -207 0
47 -208 0
49 -208 0
51 -208 0
53 -208 0
55 -208 0
56 -208 0
59 -208 0
60 -208 0
63 -209 0
65 -209 0
67 -209 0
69 -209 0
71 -209 0
72 -209 0
75 -209 0
76 -209 0
79 -210 0
81 -210 0
83 -210 0
85 -210 0
87 -210 0
88 -210 0
91 -210 0
92 -210 0
95 -211 0
97 -211 0
99 -211 0
101 -211 0
103 -211 0
104 -211 0
107 -211 0
108 -211 0
111 -212 0
113 -212 0
115 -212 0
117 -212 0
119 -212 0
120 -212 0
123 -212 0
124 -212 0
127 -213 0
129 -213 0
131 -213 0
133 -213 0
135 -213 0
136 -213 0
139 -213 0
140 -213 0
143 -214 0
145 -214 0
147 -214 0
149 -214 0
151 -214 0
152 -214 0
155 -214 0
156 -214 0
1 -215 0
3 -215 0
6 -215 0
7 -215 0
9 -215 0
12 -215 0
14 -215 0
15 -215 0
17 -216 0
19 -216 0
22 -216 0
23 -216 0
25 -216 0
28 -216 0
-216 0
29 -216 0
31 -217 0
33 -217 0
35 -217 0
36 -217 0
38 -217 0
41 -217 0
43 -217 0
44 -217 0
46 -218 0
48 -218 0
51 -218 0
52 -218 0
54 -218 0
57 -218 0
59 -218 0
60 -218 0
62 -219 0
64 -219 0
67 -219 0
68 -219 0
70 -219 0
73 -219 0
75 -219 0
76 -219 0
78 -220 0
80 -220 0
83 -220 0
84 -220 0
86 -220 0
89 -220 0
91 -220 0
92 -220 0
94 -221 0
96 -221 0
99 -221 0
100 -221 0
102 -221 0
105 -221 0
107 -221 0
108 -221 0
110 -222 0
112 -222 0
115 -222 0
116 -222 0
118 -222 0
121 -222 0
123 -222 0
124 -222 0
126 -223 0
128 -223 0
131 -223 0
132 -223 0
134 -223 0
137 -223 0
139 -223 0
140 -223 0
142 -224 0
144 -224 0
147 -224 0
148 -224 0
150 -224 0
153 -224 0
155 -224 0
156 -224 0
2 -225 0
3 -225 0
5 -225 0
8 -225 0
9 -225 0
11 -225 0
14 -225 0
15 -225 0
18 -226 0
19 -226 0
21 -226 0
24 -226 0
25 -226 0
27 -226 0
-226 0
29 -226 0
32 -227 0
33 -227 0
34 -227 0
37 -227 0
38 -227 0
40 -227 0
43 -227 0
44 -227 0
47 -228 0
48 -228 0
50 -228 0
53 -228 0
54 -228 0
56 -228 0
59 -228 0
60 -228 0
63 -229 0
64 -229 0
66 -229 0
69 -229 0
70 -229 0
72 -229 0
75 -229 0
76 -229 0
79 -230 0
80 -230 0
82 -230 0
85 -230 0
86 -230 0
88 -230 0
91 -230 0
92 -230 0
95 -231 0
96 -231 0
98 -231 0
101 -231 0
102 -231 0
104 -231 0
107 -231 0
108 -231 0
111 -232 0
112 -232 0
114 -232 0
117 -232 0
118 -232 0
120 -232 0
123 -232 0
124 -232 0
127 -233 0
128 -233 0
130 -233 0
133 -233 0
134 -233 0
136 -233 0
139 -233 0
140 -233 0
143 0
144 0
146 0
149 0
150 0
152 0
155 0
156 0
2 -234 0
3 -234 0
6 -234 0
7 -234 0
10 -234 0
12 -234 0
13 -234 0
15 -234 0
18 -235 0
19 -235 0
22 -235 0
23 -235 0
26 -235 0
28 -235 0
29 -235 0
32 -236 0
33 -236 0
35 -236 0
36 -236 0
39 -236 0
41 -236 0
42 -236 0
44 -236 0
47 -237 0
48 -237 0
51 -237 0
52 -237 0
55 -237 0
57 -237 0
58 -237 0
60 -237 0
63 -238 0
64 -238 0
67 -238 0
68 -238 0
71 -238 0
73 -238 0
74 -238 0
76 -238 0
79 -239 0
80 -239 0
83 -239 0
84 -239 0
87 -239 0
89 -239 0
90 -239 0
92 -239 0
95 -240 0
96 -240 0
99 -240 0
100 -240 0
103 -240 0
105 -240 0
106 -240 0
108 -240 0
111 -241 0
112 -241 0
115 -241 0
116 -241 0
119 -241 0
121 -241 0
122 -241 0
124 -241 0
127 -242 0
128 -242 0
131 -242 0
132 -242 0
135 -242 0
137 -242 0
138 -242 0
140 -242 0
143 -243 0
144 -243 0
147 -243 0
148 -243 0
151 -243 0
153 -243 0
154 -243 0
156 -243 0
1 -244 0
3 -244 0
6 -244 0
7 -244 0
9 -244 0
12 -244 0
13 -244 0
15 -244 0
17 -245 0
19 -245 0
22 -245 0
23 -245 0
25 -245 0
28 -245 0
29 -245 0
31 -246 0
33 -246 0
35 -246 0
36 -246 0
38 -246 0
41 -246 0
42 -246 0
44 -246 0
46 -247 0
48 -247 0
51 -247 0
52 -247 0
54 -247 0
57 -247 0
58 -247 0
60 -247 0
62 -248 0
64 -248 0
67 -248 0
68 -248 0
70 -248 0
73 -248 0
74 -248 0
76 -248 0
78 -249 0
80 -249 0
83 -249 0
84 -249 0
86 -249 0
89 -249 0
90 -249 0
92 -249 0
94 -250 0
96 -250 0
99 -250 0
100 -250 0
102 -250 0
105 -250 0
106 -250 0
108 -250 0
110 -251 0
112 -251 0
115 -251 0
116 -251 0
118 -251 0
121 -251 0
122 -251 0
124 -251 0
126 -252 0
128 -252 0
131 -252 0
132 -252 0
134 -252 0
137 -252 0
138 -252 0
140 -252 0
142 -253 0
144 -253 0
147 -253 0
148 -253 0
150 -253 0
153 -253 0
154 -253 0
156 -253 0
1 -254 0
3 -254 0
6 -254 0
8 -254 0
10 -254 0
12 -254 0
13 -254 0
15 -254 0
17 -255 0
19 -255 0
22 -255 0
24 -255 0
26 -255 0
28 -255 0
29 -255 0
31 -256 0
33 -256 0
35 -256 0
37 -256 0
39 -256 0
41 -256 0
42 -256 0
44 -256 0
46 -257 0
48 -257 0
51 -257 0
53 -257 0
55 -257 0
57 -257 0
58 -257 0
60 -257 0
62 -258 0
64 -258 0
67 -258 0
69 -258 0
71 -258 0
73 -258 0
74 -258 0
76 -258 0
78 -259 0
80 -259 0
83 -259 0
85 -259 0
87 -259 0
89 -259 0
90 -259 0
92 -259 0
94 -260 0
96 -260 0
99 -260 0
101 -260 0
103 -260 0
105 -260 0
106 -260 0
108 -260 0
110 -261 0
112 -261 0
115 -261 0
117 -261 0
119 -261 0
121 -261 0
122 -261 0
124 -261 0
126 -262 0
128 -262 0
131 -262 0
133 -262 0
135 -262 0
137 -262 0
138 -262 0
140 -262 0
142 -263 0
144 -263 0
147 -263 0
149 -263 0
151 -263 0
153 -263 0
154 -263 0
156 -263 0
2 -264 0
4 -264 0
6 -264 0
8 -264 0
10 -264 0
11 -264 0
13 -264 0
16 -264 0
18 -265 0
20 -265 0
22 -265 0
24 -265 0
26 -265 0
27 -265 0
30 -265 0
32 -266 0
-266 0
35 -266 0
37 -266 0
39 -266 0
40 -266 0
42 -266 0
45 -266 0
47 -267 0
49 -267 0
51 -267 0
53 -267 0
55 -267 0
56 -267 0
58 -267 0
61 -267 0
63 -268 0
65 -268 0
67 -268 0
69 -268 0
71 -268 0
72 -268 0
74 -268 0
77 -268 0
79 -269 0
81 -269 0
83 -269 0
85 -269 0
87 -269 0
88 -269 0
90 -269 0
93 -269 0
95 -270 0
97 -270 0
99 -270 0
101 -270 0
103 -270 0
104 -270 0
106 -270 0
109 -270 0
111 -271 0
113 -271 0
115 -271 0
117 -271 0
119 -271 0
120 -271 0
122 -271 0
125 -271 0
127 -272 0
129 -272 0
131 -272 0
133 -272 0
135 -272 0
136 -272 0
138 -272 0
141 -272 0
143 -273 0
145 -273 0
147 -273 0
149 -273 0
151 -273 0
152 -273 0
154 -273 0
157 -273 0
2 -274 0
4 -274 0
5 -274 0
7 -274 0
9 -274 0
11 -274 0
14 -274 0
15 -274 0
18 -275 0
20 -275 0
21 -275 0
23 -275 0
25 -275 0
27 -275 0
-275 0
29 -275 0
32 -276 0
-276 0
34 -276 0
36 -276 0
38 -276 0
40 -276 0
43 -276 0
44 -276 0
47 -277 0
49 -277 0
50 -277 0
52 -277 0
54 -277 0
56 -277 0
59 -277 0
60 -277 0
63 -278 0
65 -278 0
66 -278 0
68 -278 0
70 -278 0
72 -278 0
75 -278 0
76 -278 0
79 -279 0
81 -279 0
82 -279 0
84 -279 0
86 -279 0
88 -279 0
91 -279 0
92 -279 0
95 -280 0
97 -280 0
98 -280 0
100 -280 0
102 -280 0
104 -280 0
107 -280 0
108 -280 0
111 -281 0
113 -281 0
114 -281 0
116 -281 0
118 -281 0
120 -281 0
123 -281 0
124 -281 0
127 -282 0
129 -282 0
130 -282 0
132 -282 0
134 -282 0
136 -282 0
139 -282 0
140 -282 0
143 -283 0
145 -283 0
146 -283 0
148 -283 0
150 -283 0
152 -283 0
155 -283 0
156 -283 0
1 -284 0
4 -284 0
6 -284 0
8 -284 0
10 -284 0
11 -284 0
14 -284 0
16 -284 0
17 -285 0
20 -285 0
22 -285 0
24 -285 0
26 -285 0
27 -285 0
-285 0
30 -285 0
31 -286 0
-286 0
35 -286 0
37 -286 0
39 -286 0
40 -286 0
43 -286 0
45 -286 0
46 -287 0
49 -287 0
51 -287 0
53 -287 0
55 -287 0
56 -287 0
59 -287 0
61 -287 0
62 -288 0
65 -288 0
67 -288 0
69 -288 0
71 -288 0
72 -288 0
75 -288 0
77 -288 0
78 -289 0
81 -289 0
83 -289 0
85 -289 0
87 -289 0
88 -289 0
91 -289 0
93 -289 0
94 -290 0
97 -290 0
99 -290 0
101 -290 0
103 -290 0
104 -290 0
107 -290 0
109 -290 0
110 -291 0
113 -291 0
115 -291 0
117 -291 0
119 -291 0
120 -291 0
123 -291 0
125 -291 0
126 -292 0
129 -292 0
131 -292 0
133 -292 0
135 -292 0
136 -292 0
139 -292 0
141 -292 0
142 -293 0
145 -293 0
147 -293 0
149 -293 0
151 -293 0
152 -293 0
155 -293 0
157 -293 0
2 -294 0
3 -294 0
6 -294 0
7 -294 0
10 -294 0
11 -294 0
14 -294 0
16 -294 0
18 -295 0
19 -295 0
22 -295 0
23 -295 0
26 -295 0
27 -295 0
-295 0
30 -295 0
32 -296 0
33 -296 0
35 -296 0
36 -296 0
39 -296 0
40 -296 0
43 -296 0
45 -296 0
47 -297 0
48 -297 0
51 -297 0
52 -297 0
55 -297 0
56 -297 0
59 -297 0
61 -297 0
63 -298 0
64 -298 0
67 -298 0
68 -298 0
71 -298 0
72 -298 0
75 -298 0
77 -298 0
79 -299 0
80 -299 0
83 -299 0
84 -299 0
87 -299 0
88 -299 0
91 -299 0
93 -299 0
95 -300 0
96 -300 0
99 -300 0
100 -300 0
103 -300 0
104 -300 0
107 -300 0
109 -300 0
111 -301 0
112 -301 0
115 -301 0
116 -301 0
119 -301 0
120 -301 0
123 -301 0
125 -301 0
127 -302 0
128 -302 0
131 -302 0
132 -302 0
135 -302 0
136 -302 0
139 -302 0
141 -302 0
143 -303 0
144 -303 0
147 -303 0
148 -303 0
151 -303 0
152 -303 0
155 -303 0
157 -303 0
1 -304 0
3 -304 0
5 -304 0
7 -304 0
9 -304 0
11 -304 0
13 -304 0
15 -304 0
17 -305 0
19 -305 0
21 -305 0
23 -305 0
25 -305 0
27 -305 0
29 -305 0
31 -306 0
33 -306 0
34 -306 0
36 -306 0
38 -306 0
40 -306 0
42 -306 0
44 -306 0
46 -307 0
48 -307 0
50 -307 0
52 -307 0
54 -307 0
56 -307 0
58 -307 0
60 -307 0
62 -308 0
64 -308 0
66 -308 0
68 -308 0
70 -308 0
72 -308 0
74 -308 0
76 -308 0
78 -309 0
80 -309 0
82 -309 0
84 -309 0
86 -309 0
88 -309 0
90 -309 0
92 -309 0
94 -310 0
96 -310 0
98 -310 0
100 -310 0
102 -310 0
104 -310 0
106 -310 0
108 -310 0
110 -311 0
112 -311 0
114 -311 0
116 -311 0
118 -311 0
120 -311 0
122 -311 0
124 -311 0
126 -312 0
128 -312 0
130 -312 0
132 -312 0
134 -312 0
136 -312 0
138 -312 0
140 -312 0
142 -313 0
144 -313 0
146 -313 0
148 -313 0
150 -313 0
152 -313 0
154 -313 0
156 -313 0
1 -314 0
3 -314 0
5 -314 0
8 -314 0
9 -314 0
11 -314 0
13 -314 0
16 -314 0
17 -315 0
19 -315 0
21 -315 0
24 -315 0
25 -315 0
27 -315 0
30 -315 0
46 -316 0
48 -316 0
50 -316 0
53 -316 0
54 -316 0
56 -316 0
58 -316 0
61 -316 0
62 -317 0
64 -317 0
66 -317 0
69 -317 0
70 -317 0
72 -317 0
74 -317 0
77 -317 0
78 -318 0
80 -318 0
82 -318 0
85 -318 0
86 -318 0
88 -318 0
90 -318 0
93 -318 0
94 -319 0
96 -319 0
98 -319 0
101 -319 0
102 -319 0
104 -319 0
106 -319 0
109 -319 0
110 -320 0
112 -320 0
114 -320 0
117 -320 0
118 -320 0
120 -320 0
122 -320 0
125 -320 0
126 -321 0
128 -321 0
130 -321 0
133 -321 0
134 -321 0
136 -321 0
138 -321 0
141 -321 0
142 -322 0
144 -322 0
146 -322 0
149 -322 0
150 -322 0
152 -322 0
154 -322 0
157 -322 0
2 -323 0
3 -323 0
5 -323 0
8 -323 0
10 -323 0
12 -323 0
13 -323 0
16 -323 0
18 -324 0
19 -324 0
21 -324 0
24 -324 0
26 -324 0
28 -324 0
30 -324 0
32 -325 0
33 -325 0
34 -325 0
37 -325 0
39 -325 0
41 -325 0
42 -325 0
45 -325 0
47 -326 0
48 -326 0
50 -326 0
53 -326 0
55 -326 0
57 -326 0
58 -326 0
61 -326 0
63 -327 0
64 -327 0
66 -327 0
69 -327 0
71 -327 0
73 -327 0
74 -327 0
77 -327 0
79 -328 0
80 -328 0
82 -328 0
85 -328 0
87 -328 0
89 -328 0
90 -328 0
93 -328 0
95 -329 0
96 -329 0
98 -329 0
101 -329 0
103 -329 0
105 -329 0
106 -329 0
109 -329 0
111 -330 0
112 -330 0
114 -330 0
117 -330 0
119 -330 0
121 -330 0
122 -330 0
125 -330 0
127 -331 0
128 -331 0
130 -331 0
133 -331 0
135 -331 0
137 -331 0
138 -331 0
141 -331 0
143 -332 0
144 -332 0
146 -332 0
149 -332 0
151 -332 0
153 -332 0
154 -332 0
157 -332 0
2 -333 0
4 -333 0
5 -333 0
8 -333 0
9 -333 0
12 -333 0
13 -333 0
15 -333 0
18 -334 0
20 -334 0
21 -334 0
24 -334 0
25 -334 0
28 -334 0
29 -334 0
32 -335 0
-335 0
34 -335 0
37 -335 0
38 -335 0
41 -335 0
42 -335 0
44 -335 0
47 -336 0
49 -336 0
50 -336 0
53 -336 0
54 -336 0
57 -336 0
58 -336 0
60 -336 0
63 -337 0
65 -337 0
66 -337 0
69 -337 0
70 -337 0
73 -337 0
74 -337 0
76 -337 0
79 -338 0
81 -338 0
82 -338 0
85 -338 0
86 -338 0
89 -338 0
90 -338 0
92 -338 0
95 -339 0
97 -339 0
98 -339 0
101 -339 0
102 -339 0
105 -339 0
106 -339 0
108 -339 0
111 -340 0
113 -340 0
114 -340 0
117 -340 0
118 -340 0
121 -340 0
122 -340 0
124 -340 0
127 -341 0
129 -341 0
130 -341 0
133 -341 0
134 -341 0
137 -341 0
138 -341 0
140 -341 0
143 -342 0
145 -342 0
146 -342 0
149 -342 0
150 -342 0
153 -342 0
154 -342 0
156 -342 0
2 -343 0
3 -343 0
6 -343 0
7 -343 0
9 -343 0
12 -343 0
14 -343 0
15 -343 0
18 -344 0
19 -344 0
22 -344 0
23 -344 0
25 -344 0
28 -344 0
-344 0
29 -344 0
32 -345 0
33 -345 0
35 -345 0
36 -345 0
38 -345 0
41 -345 0
43 -345 0
44 -345 0
47 -346 0
48 -346 0
51 -346 0
52 -346 0
54 -346 0
57 -346 0
59 -346 0
60 -346 0
63 -347 0
64 -347 0
67 -347 0
68 -347 0
70 -347 0
73 -347 0
75 -347 0
76 -347 0
79 -348 0
80 -348 0
83 -348 0
84 -348 0
86 -348 0
89 -348 0
91 -348 0
92 -348 0
95 -349 0
96 -349 0
99 -349 0
100 -349 0
102 -349 0
105 -349 0
107 -349 0
108 -349 0
111 -350 0
112 -350 0
115 -350 0
116 -350 0
118 -350 0
121 -350 0
123 -350 0
124 -350 0
127 -351 0
128 -351 0
131 -351 0
132 -351 0
134 -351 0
137 -351 0
139 -351 0
140 -351 0
143 -352 0
144 -352 0
147 -352 0
148 -352 0
150 -352 0
153 -352 0
155 -352 0
156 -352 0
2 -353 0
3 -353 0
5 -353 0
7 -353 0
10 -353 0
12 -353 0
14 -353 0
16 -353 0
18 -354 0
19 -354 0
21 -354 0
23 -354 0
26 -354 0
28 -354 0
-354 0
30 -354 0
32 -355 0
33 -355 0
34 -355 0
36 -355 0
39 -355 0
41 -355 0
43 -355 0
45 -355 0
47 -356 0
48 -356 0
50 -356 0
52 -356 0
55 -356 0
57 -356 0
59 -356 0
61 -356 0
63 -357 0
64 -357 0
66 -357 0
68 -357 0
71 -357 0
73 -357 0
75 -357 0
77 -357 0
79 -358 0
80 -358 0
82 -358 0
84 -358 0
87 -358 0
89 -358 0
91 -358 0
93 -358 0
95 -359 0
96 -359 0
98 -359 0
100 -359 0
103 -359 0
105 -359 0
107 -359 0
109 -359 0
111 -360 0
112 -360 0
114 -360 0
116 -360 0
119 -360 0
121 -360 0
123 -360 0
125 -360 0
127 -361 0
128 -361 0
130 -361 0
132 -361 0
135 -361 0
137 -361 0
139 -361 0
141 -361 0
143 -362 0
144 -362 0
146 -362 0
148 -362 0
151 -362 0
153 -362 0
155 -362 0
157 -362 0
1 -363 0
3 -363 0
6 -363 0
8 -363 0
9 -363 0
11 -363 0
13 -363 0
15 -363 0
17 -364 0
19 -364 0
22 -364 0
24 -364 0
25 -364 0
27 -364 0
29 -364 0
31 -365 0
33 -365 0
35 -365 0
37 -365 0
38 -365 0
40 -365 0
42 -365 0
44 -365 0
46 -366 0
48 -366 0
51 -366 0
53 -366 0
54 -366 0
56 -366 0
58 -366 0
60 -366 0
62 -367 0
64 -367 0
67 -367 0
69 -367 0
70 -367 0
72 -367 0
74 -367 0
76 -367 0
94 -368 0
96 -368 0
99 -368 0
101 -368 0
102 -368 0
104 -368 0
106 -368 0
108 -368 0
110 -369 0
112 -369 0
115 -369 0
117 -369 0
118 -369 0
120 -369 0
122 -369 0
124 -369 0
126 -370 0
128 -370 0
131 -370 0
133 -370 0
134 -370 0
136 -370 0
138 -370 0
140 -370 0
142 -371 0
144 -371 0
147 -371 0
149 -371 0
150 -371 0
152 -371 0
154 -371 0
156 -371 0
2 -372 0
4 -372 0
5 -372 0
8 -372 0
9 -372 0
12 -372 0
13 -372 0
16 -372 0
18 -373 0
20 -373 0
21 -373 0
24 -373 0
25 -373 0
28 -373 0
30 -373 0
32 -374 0
-374 0
34 -374 0
37 -374 0
38 -374 0
41 -374 0
42 -374 0
45 -374 0
47 -375 0
49 -375 0
50 -375 0
53 -375 0
54 -375 0
57 -375 0
58 -375 0
61 -375 0
63 -376 0
65 -376 0
66 -376 0
69 -376 0
70 -376 0
73 -376 0
74 -376 0
77 -376 0
79 -377 0
81 -377 0
82 -377 0
85 -377 0
86 -377 0
89 -377 0
90 -377 0
93 -377 0
95 -378 0
97 -378 0
98 -378 0
101 -378 0
102 -378 0
105 -378 0
106 -378 0
109 -378 0
111 -379 0
113 -379 0
114 -379 0
117 -379 0
118 -379 0
121 -379 0
122 -379 0
125 -379 0
127 -380 0
129 -380 0
130 -380 0
133 -380 0
134 -380 0
137 -380 0
138 -380 0
141 -380 0
143 -381 0
145 -381 0
146 -381 0
149 -381 0
150 -381 0
153 -381 0
154 -381 0
157 -381 0
1 -382 0
3 -382 0
6 -382 0
7 -382 0
9 -382 0
11 -382 0
13 -382 0
15 -382 0
17 -383 0
19 -383 0
22 -383 0
23 -383 0
25 -383 0
27 -383 0
29 -383 0
31 -384 0
33 -384 0
35 -384 0
36 -384 0
38 -384 0
40 -384 0
42 -384 0
44 -384 0
46 -385 0
48 -385 0
51 -385 0
52 -385 0
54 -385 0
56 -385 0
58 -385 0
60 -385 0
62 -386 0
64 -386 0
67 -386 0
68 -386 0
70 -386 0
72 -386 0
74 -386 0
76 -386 0
78 -387 0
80 -387 0
83 -387 0
84 -387 0
86 -387 0
88 -387 0
90 -387 0
92 -387 0
94 -388 0
96 -388 0
99 -388 0
100 -388 0
102 -388 0
104 -388 0
106 -388 0
108 -388 0
110 -389 0
112 -389 0
115 -389 0
116 -389 0
118 -389 0
120 -389 0
122 -389 0
124 -389 0
126 -390 0
128 -390 0
131 -390 0
132 -390 0
134 -390 0
136 -390 0
138 -390 0
140 -390 0
142 -391 0
144 -391 0
147 -391 0
148 -391 0
150 -391 0
152 -391 0
154 -391 0
156 -391 0
1 -392 0
3 -392 0
6 -392 0
8 -392 0
9 -392 0
11 -392 0
14 -392 0
15 -392 0
17 -393 0
19 -393 0
22 -393 0
24 -393 0
25 -393 0
27 -393 0
-393 0
29 -393 0
31 -394 0
33 -394 0
35 -394 0
37 -394 0
38 -394 0
40 -394 0
43 -394 0
44 -394 0
46 -395 0
48 -395 0
51 -395 0
53 -395 0
54 -395 0
56 -395 0
59 -395 0
60 -395 0
62 -396 0
64 -396 0
67 -396 0
69 -396 0
70 -396 0
72 -396 0
75 -396 0
76 -396 0
78 -397 0
80 -397 0
83 -397 0
85 -397 0
86 -397 0
88 -397 0
91 -397 0
92 -397 0
94 -398 0
96 -398 0
99 -398 0
101 -398 0
102 -398 0
104 -398 0
107 -398 0
108 -398 0
110 -399 0
112 -399 0
115 -399 0
117 -399 0
118 -399 0
120 -399 0
123 -399 0
124 -399 0
126 -400 0
128 -400 0
131 -400 0
133 -400 0
134 -400 0
136 -400 0
139 -400 0
140 -400 0
142 -401 0
144 -401 0
147 -401 0
149 -401 0
150 -401 0
152 -401 0
155 -401 0
156 -401 0
1 -402 0
3 -402 0
5 -402 0
8 -402 0
10 -402 0
12 -402 0
14 -402 0
15 -402 0
17 -403 0
19 -403 0
21 -403 0
24 -403 0
26 -403 0
28 -403 0
-403 0
29 -403 0
31 -404 0
33 -404 0
34 -404 0
37 -404 0
39 -404 0
41 -404 0
43 -404 0
44 -404 0
46 -405 0
48 -405 0
50 -405 0
53 -405 0
55 -405 0
57 -405 0
59 -405 0
60 -405 0
62 -406 0
64 -406 0
66 -406 0
69 -406 0
71 -406 0
73 -406 0
75 -406 0
76 -406 0
78 -407 0
80 -407 0
82 -407 0
85 -407 0
87 -407 0
89 -407 0
91 -407 0
92 -407 0
94 -408 0
96 -408 0
98 -408 0
101 -408 0
103 -408 0
105 -408 0
107 -408 0
108 -408 0
110 -409 0
112 -409 0
114 -409 0
117 -409 0
119 -409 0
121 -409 0
123 -409 0
124 -409 0
126 -410 0
128 -410 0
130 -410 0
133 -410 0
135 -410 0
137 -410 0
139 -410 0
140 -410 0
142 -411 0
144 -411 0
146 -411 0
149 -411 0
151 -411 0
153 -411 0
155 -411 0
156 -411 0
2 -412 0
3 -412 0
5 -412 0
8 -412 0
10 -412 0
11 -412 0
13 -412 0
15 -412 0
18 -413 0
19 -413 0
21 -413 0
24 -413 0
26 -413 0
27 -413 0
29 -413 0
32 -414 0
33 -414 0
34 -414 0
37 -414 0
39 -414 0
40 -414 0
42 -414 0
44 -414 0
47 -415 0
48 -415 0
50 -415 0
53 -415 0
55 -415 0
56 -415 0
58 -415 0
60 -415 0
63 -416 0
64 -416 0
66 -416 0
69 -416 0
71 -416 0
72 -416 0
74 -416 0
76 -416 0
79 -417 0
80 -417 0
82 -417 0
85 -417 0
87 -417 0
88 -417 0
90 -417 0
92 -417 0
95 -418 0
96 -418 0
98 -418 0
101 -418 0
103 -418 0
104 -418 0
106 -418 0
108 -418 0
111 -419 0
112 -419 0
114 -419 0
117 -419 0
119 -419 0
120 -419 0
122 -419 0
124 -419 0
127 -420 0
128 -420 0
130 -420 0
133 -420 0
135 -420 0
136 -420 0
138 -420 0
140 -420 0
143 -421 0
144 -421 0
146 -421 0
149 -421 0
151 -421 0
152 -421 0
154 -421 0
156 -421 0
1 -422 0
3 -422 0
5 -422 0
7 -422 0
10 -422 0
12 -422 0
14 -422 0
15 -422 0
17 -423 0
19 -423 0
21 -423 0
23 -423 0
26 -423 0
28 -423 0
-423 0
29 -423 0
31 -424 0
33 -424 0
34 -424 0
36 -424 0
39 -424 0
41 -424 0
43 -424 0
44 -424 0
46 -425 0
48 -425 0
50 -425 0
52 -425 0
55 -425 0
57 -425 0
59 -425 0
60 -425 0
62 -426 0
64 -426 0
66 -426 0
68 -426 0
71 -426 0
73 -426 0
75 -426 0
76 -426 0
78 -427 0
80 -427 0
82 -427 0
84 -427 0
87 -427 0
89 -427 0
91 -427 0
92 -427 0
94 -428 0
96 -428 0
98 -428 0
100 -428 0
103 -428 0
105 -428 0
107 -428 0
108 -428 0
110 -429 0
112 -429 0
114 -429 0
116 -429 0
119 -429 0
121 -429 0
123 -429 0
124 -429 0
126 -430 0
128 -430 0
130 -430 0
132 -430 0
135 -430 0
137 -430 0
139 -430 0
140 -430 0
142 -431 0
144 -431 0
146 -431 0
148 -431 0
151 -431 0
153 -431 0
155 -431 0
156 -431 0
2 -432 0
3 -432 0
6 -432 0
7 -432 0
9 -432 0
12 -432 0
13 -432 0
16 -432 0
18 -433 0
19 -433 0
22 -433 0
23 -433 0
25 -433 0
28 -433 0
30 -433 0
32 -434 0
33 -434 0
35 -434 0
36 -434 0
38 -434 0
41 -434 0
42 -434 0
45 -434 0
47 -435 0
48 -435 0
51 -435 0
52 -435 0
54 -435 0
57 -435 0
58 -435 0
61 -435 0
63 -436 0
64 -436 0
67 -436 0
68 -436 0
70 -436 0
73 -436 0
74 -436 0
77 -436 0
79 -437 0
80 -437 0
83 -437 0
84 -437 0
86 -437 0
89 -437 0
90 -437 0
93 -437 0
95 -438 0
96 -438 0
99 -438 0
100 -438 0
102 -438 0
105 -438 0
106 -438 0
109 -438 0
111 -439 0
112 -439 0
115 -439 0
116 -439 0
118 -439 0
121 -439 0
122 -439 0
125 -439 0
127 -440 0
128 -440 0
131 -440 0
132 -440 0
134 -440 0
137 -440 0
138 -440 0
141 -440 0
143 -441 0
144 -441 0
147 -441 0
148 -441 0
150 -441 0
153 -441 0
154 -441 0
157 -441 0
1 -442 0
4 -442 0
6 -442 0
7 -442 0
9 -442 0
11 -442 0
13 -442 0
15 -442 0
17 -443 0
20 -443 0
22 -443 0
23 -443 0
25 -443 0
27 -443 0
29 -443 0
31 -444 0
-444 0
35 -444 0
36 -444 0
38 -444 0
40 -444 0
42 -444 0
44 -444 0
46 -445 0
49 -445 0
51 -445 0
52 -445 0
54 -445 0
56 -445 0
58 -445 0
60 -445 0
62 -446 0
65 -446 0
67 -446 0
68 -446 0
70 -446 0
72 -446 0
74 -446 0
76 -446 0
78 -447 0
81 -447 0
83 -447 0
84 -447 0
86 -447 0
88 -447 0
90 -447 0
92 -447 0
94 -448 0
97 -448 0
99 -448 0
100 -448 0
102 -448 0
104 -448 0
106 -448 0
108 -448 0
110 -449 0
113 -449 0
115 -449 0
116 -449 0
118 -449 0
120 -449 0
122 -449 0
124 -449 0
126 -450 0
129 -450 0
131 -450 0
132 -450 0
134 -450 0
136 -450 0
138 -450 0
140 -450 0
142 -451 0
145 -451 0
147 -451 0
148 -451 0
150 -451 0
152 -451 0
154 -451 0
156 -451 0
1 -452 0
3 -452 0
5 -452 0
8 -452 0
10 -452 0
11 -452 0
14 -452 0
15 -452 0
17 -453 0
19 -453 0
21 -453 0
24 -453 0
26 -453 0
27 -453 0
-453 0
29 -453 0
31 -454 0
33 -454 0
34 -454 0
37 -454 0
39 -454 0
40 -454 0
43 -454 0
44 -454 0
46 -455 0
48 -455 0
50 -455 0
53 -455 0
55 -455 0
56 -455 0
59 -455 0
60 -455 0
62 -456 0
64 -456 0
66 -456 0
69 -456 0
71 -456 0
72 -456 0
75 -456 0
76 -456 0
78 -457 0
80 -457 0
82 -457 0
85 -457 0
87 -457 0
88 -457 0
91 -457 0
92 -457 0
94 -458 0
96 -458 0
98 -458 0
101 -458 0
103 -458 0
104 -458 0
107 -458 0
108 -458 0
110 -459 0
112 -459 0
114 -459 0
117 -459 0
119 -459 0
120 -459 0
123 -459 0
124 -459 0
126 -460 0
128 -460 0
130 -460 0
133 -460 0
135 -460 0
136 -460 0
139 -460 0
140 -460 0
142 -461 0
144 -461 0
146 -461 0
149 -461 0
151 -461 0
152 -461 0
155 -461 0
156 -461 0
2 -462 0
4 -462 0
5 -462 0
7 -462 0
9 -462 0
11 -462 0
14 -462 0
16 -462 0
18 -463 0
20 -463 0
21 -463 0
23 -463 0
25 -463 0
27 -463 0
-463 0
30 -463 0
32 -464 0
-464 0
34 -464 0
36 -464 0
38 -464 0
40 -464 0
43 -464 0
45 -464 0
47 -465 0
49 -465 0
50 -465 0
52 -465 0
54 -465 0
56 -465 0
59 -465 0
61 -465 0
63 -466 0
65 -466 0
66 -466 0
68 -466 0
70 -466 0
72 -466 0
75 -466 0
77 -466 0
79 -467 0
81 -467 0
82 -467 0
84 -467 0
86 -467 0
88 -467 0
91 -467 0
93 -467 0
95 -468 0
97 -468 0
98 -468 0
100 -468 0
102 -468 0
104 -468 0
107 -468 0
109 -468 0
111 -469 0
113 -469 0
114 -469 0
116 -469 0
118 -469 0
120 -469 0
123 -469 0
125 -469 0
127 -470 0
129 -470 0
130 -470 0
132 -470 0
134 -470 0
136 -470 0
139 -470 0
141 -470 0
143 -471 0
145 -471 0
146 -471 0
148 -471 0
150 -471 0
152 -471 0
155 -471 0
157 -471 0
1 -472 0
3 -472 0
6 -472 0
7 -472 0
9 -472 0
12 -472 0
14 -472 0
15 -472 0
17 -473 0
19 -473 0
22 -473 0
23 -473 0
25 -473 0
28 -473 0
-473 0
29 -473 0
31 -474 0
33 -474 0
35 -474 0
36 -474 0
38 -474 0
41 -474 0
43 -474 0
44 -474 0
46 -475 0
48 -475 0
51 -475 0
52 -475 0
54 -475 0
57 -475 0
59 -475 0
60 -475 0
62 -476 0
64 -476 0
67 -476 0
68 -476 0
70 -476 0
73 -476 0
75 -476 0
76 -476 0
78 -477 0
80 -477 0
83 -477 0
84 -477 0
86 -477 0
89 -477 0
91 -477 0
92 -477 0
94 -478 0
96 -478 0
99 -478 0
100 -478 0
102 -478 0
105 -478 0
107 -478 0
108 -478 0
110 -479 0
112 -479 0
115 -479 0
116 -479 0
118 -479 0
121 -479 0
123 -479 0
124 -479 0
126 -480 0
128 -480 0
131 -480 0
132 -480 0
134 -480 0
137 -480 0
139 -480 0
140 -480 0
142 -481 0
144 -481 0
147 -481 0
148 -481 0
150 -481 0
153 -481 0
155 -481 0
156 -481 0
1 -482 0
3 -482 0
5 -482 0
8 -482 0
10 -482 0
11 -482 0
13 -482 0
16 -482 0
17 -483 0
19 -483 0
21 -483 0
24 -483 0
26 -483 0
27 -483 0
30 -483 0
31 -484 0
33 -484 0
34 -484 0
37 -484 0
39 -484 0
40 -484 0
42 -484 0
45 -484 0
46 -485 0
48 -485 0
50 -485 0
53 -485 0
55 -485 0
56 -485 0
58 -485 0
61 -485 0
62 -486 0
64 -486 0
66 -486 0
69 -486 0
71 -486 0
72 -486 0
74 -486 0
77 -486 0
78 -487 0
80 -487 0
82 -487 0
85 -487 0
87 -487 0
88 -487 0
90 -487 0
93 -487 0
94 -488 0
96 -488 0
98 -488 0
101 -488 0
103 -488 0
104 -488 0
106 -488 0
109 -488 0
110 -489 0
112 -489 0
114 -489 0
117 -489 0
119 -489 0
120 -489 0
122 -489 0
125 -489 0
126 -490 0
128 -490 0
130 -490 0
133 -490 0
135 -490 0
136 -490 0
138 -490 0
141 -490 0
142 -491 0
144 -491 0
146 -491 0
149 -491 0
151 -491 0
152 -491 0
154 -491 0
157 -491 0
1 -492 0
3 -492 0
6 -492 0
8 -492 0
9 -492 0
11 -492 0
14 -492 0
15 -492 0
17 -493 0
19 -493 0
22 -493 0
24 -493 0
25 -493 0
27 -493 0
-493 0
29 -493 0
31 -494 0
33 -494 0
35 -494 0
37 -494 0
38 -494 0
40 -494 0
43 -494 0
44 -494 0
46 -495 0
48 -495 0
51 -495 0
53 -495 0
54 -495 0
56 -495 0
59 -495 0
60 -495 0
62 -496 0
64 -496 0
67 -496 0
69 -496 0
70 -496 0
72 -496 0
75 -496 0
76 -496 0
78 -497 0
80 -497 0
83 -497 0
85 -497 0
86 -497 0
88 -497 0
91 -497 0
92 -497 0
94 -498 0
96 -498 0
99 -498 0
101 -498 0
102 -498 0
104 -498 0
107 -498 0
108 -498 0
110 -499 0
112 -499 0
115 -499 0
117 -499 0
118 -499 0
120 -499 0
123 -499 0
124 -499 0
126 -500 0
128 -500 0
131 -500 0
133 -500 0
134 -500 0
136 -500 0
139 -500 0
140 -500 0
142 -501 0
144 -501 0
147 -501 0
149 -501 0
150 -501 0
152 -501 0
155 -501 0
156 -501 0
2 -502 0
3 -502 0
5 -502 0
8 -502 0
10 -502 0
11 -502 0
13 -502 0
16 -502 0
18 -503 0
19 -503 0
21 -503 0
24 -503 0
26 -503 0
27 -503 0
30 -503 0
32 -504 0
33 -504 0
34 -504 0
37 -504 0
39 -504 0
40 -504 0
42 -504 0
45 -504 0
47 -505 0
48 -505 0
50 -505 0
53 -505 0
55 -505 0
56 -505 0
58 -505 0
61 -505 0
63 -506 0
64 -506 0
66 -506 0
69 -506 0
71 -506 0
72 -506 0
74 -506 0
77 -506 0
79 -507 0
80 -507 0
82 -507 0
85 -507 0
87 -507 0
88 -507 0
90 -507 0
93 -507 0
95 -508 0
96 -508 0
98 -508 0
101 -508 0
103 -508 0
104 -508 0
106 -508 0
109 -508 0
111 -509 0
112 -509 0
114 -509 0
117 -509 0
119 -509 0
120 -509 0
122 -509 0
125 -509 0
127 -510 0
128 -510 0
130 -510 0
133 -510 0
135 -510 0
136 -510 0
138 -510 0
141 -510 0
143 -511 0
144 -511 0
146 -511 0
149 -511 0
151 -511 0
152 -511 0
154 -511 0
157 -511 0
2 -512 0
3 -512 0
6 -512 0
7 -512 0
10 -512 0
11 -512 0
13 -512 0
16 -512 0
18 -513 0
19 -513 0
22 -513 0
23 -513 0
26 -513 0
27 -513 0
30 -513 0
32 -514 0
33 -514 0
35 -514 0
36 -514 0
39 -514 0
40 -514 0
42 -514 0
45 -514 0
47 -515 0
48 -515 0
51 -515 0
52 -515 0
55 -515 0
56 -515 0
58 -515 0
61 -515 0
63 -516 0
64 -516 0
67 -516 0
68 -516 0
71 -516 0
72 -516 0
74 -516 0
77 -516 0
79 -517 0
80 -517 0
83 -517 0
84 -517 0
87 -517 0
88 -517 0
90 -517 0
93 -517 0
95 -518 0
96 -518 0
99 -518 0
100 -518 0
103 -518 0
104 -518 0
106 -518 0
109 -518 0
111 -519 0
112 -519 0
115 -519 0
116 -519 0
119 -519 0
120 -519 0
122 -519 0
125 -519 0
127 -520 0
128 -520 0
131 -520 0
132 -520 0
135 -520 0
136 -520 0
138 -520 0
141 -520 0
143 -521 0
144 -521 0
147 -521 0
148 -521 0
151 -521 0
152 -521 0
154 -521 0
157 -521 0
158 159 160 161 162 163 164 165 166 0
167 168 169 170 171 172 173 174 175 176 0
177 178 179 180 181 182 183 184 185 186 0
195 196 197 198 199 200 201 202 203 204 0
205 206 207 208 209 210 211 212 213 214 0
215 216 217 218 219 220 221 222 223 224 0
234 235 236 237 238 239 240 241 242 243 0
244 245 246 247 248 249 250 251 252 253 0
254 255 256 257 258 259 260 261 262 263 0
264 265 266 267 268 269 270 271 272 273 0
274 275 276 277 278 279 280 281 282 283 0
284 285 286 287 288 289 290 291 292 293 0
294 295 296 297 298 299 300 301 302 303 0
304 305 306 307 308 309 310 311 312 313 0
314 315 316 317 318 319 320 321 322 0
323 324 325 326 327 328 329 330 331 332 0
333 334 335 336 337 338 339 340 341 342 0
343 344 345 346 347 348 349 350 351 352 0
353 354 355 356 357 358 359 360 361 362 0
363 364 365 366 367 368 369 370 371 0
372 373 374 375 376 377 378 379 380 381 0
382 383 384 385 386 387 388 389 390 391 0
392 393 394 395 396 397 398 399 400 401 0
402 403 404 405 406 407 408 409 410 411 0
412 413 414 415 416 417 418 419 420 421 0
422 423 424 425 426 427 428 429 430 431 0
432 433 434 435 436 437 438 439 440 441 0
442 443 444 445 446 447 448 449 450 451 0
452 453 454 455 456 457 458 459 460 461 0
462 463 464 465 466 467 468 469 470 471 0
472 473 474 475 476 477 478 479 480 481 0
482 483 484 485 486 487 488 489 490 491 0
492 493 494 495 496 497 498 499 500 501 0
502 503 504 505 506 507 508 509 510 511 0
512 513 514 515 516 517 518 519 520 521 0
