p cnf 519 3118
1 2 0
3 4 0
5 6 0
7 8 0
9 10 0
11 12 0
13 14 0
15 16 0
17 18 0
19 20 0
21 22 0
23 24 0
25 26 0
27 28 0
29 30 0
31 32 0
33 34 0
35 36 0
37 38 0
39 40 0
41 42 0
43 44 0
45 46 0
47 48 0
49 50 0
51 52 0
53 54 0
55 56 0
57 58 0
59 60 0
62 63 0
64 65 0
66 67 0
68 69 0
70 71 0
72 73 0
74 75 0
76 77 0
78 79 0
80 81 0
82 83 0
84 85 0
86 87 0
88 89 0
90 91 0
92 93 0
94 95 0
96 97 0
98 99 0
100 101 0
102 103 0
104 105 0
106 107 0
108 109 0
110 111 0
112 113 0
114 115 0
116 117 0
118 119 0
120 121 0
122 123 0
124 125 0
126 127 0
128 129 0
130 131 0
132 133 0
134 135 0
136 137 0
138 139 0
140 141 0
142 143 0
144 145 0
146 147 0
148 149 0
150 151 0
152 153 0
154 155 0
156 157 0
158 159 0
-1 -3 -6 -7 -10 -12 -13 -15 0
-17 -19 -22 -23 -26 -28 -29 -31 0
-33 -35 -38 -39 -42 -44 -45 -47 0
-49 -51 -54 -55 -58 -60 -61 -62 0
-64 -66 -69 -70 -73 -75 -76 -78 0
-80 -82 -85 -86 -89 -91 -92 -94 0
-96 -98 -101 -102 -105 -107 -108 -110 0
-112 -114 -117 -118 -121 -123 -124 -126 0
-128 -130 -133 -134 -137 -139 -140 -142 0
-144 -146 -149 -150 -153 -155 -156 -158 0
-2 -3 -6 -8 -9 -12 -14 -15 0
-18 -19 -22 -24 -25 -28 -30 -31 0
-34 -35 -38 -40 -41 -44 -46 -47 0
-50 -51 -54 -56 -57 -60 -62 0
-65 -66 -69 -71 -72 -75 -77 -78 0
-81 -82 -85 -87 -88 -91 -93 -94 0
-97 -98 -101 -103 -104 -107 -109 -110 0
-113 -114 -117 -119 -120 -123 -125 -126 0
-129 -130 -133 -135 -136 -139 -141 -142 0
-145 -146 -149 -151 -152 -155 -157 -158 0
-1 -3 -5 -7 -9 -12 -13 -15 0
-17 -19 -21 -23 -25 -28 -29 -31 0
-33 -35 -37 -39 -41 -44 -45 -47 0
-49 -51 -53 -55 -57 -60 -61 -62 0
-64 -66 -68 -70 -72 -75 -76 -78 0
-80 -82 -84 -86 -88 -91 -92 -94 0
-96 -98 -100 -102 -104 -107 -108 -110 0
-112 -114 -116 -118 -120 -123 -124 -126 0
-128 -130 -132 -134 -136 -139 -140 -142 0
-144 -146 -148 -150 -152 -155 -156 -158 0
-1 -3 -5 -8 -9 -12 -14 -15 0
-17 -19 -21 -24 -25 -28 -30 -31 0
-33 -35 -37 -40 -41 -44 -46 -47 0
-49 -51 -53 -56 -57 -60 -62 0
-64 -66 -68 -71 -72 -75 -77 -78 0
-80 -82 -84 -87 -88 -91 -93 -94 0
-96 -98 -100 -103 -104 -107 -109 -110 0
-112 -114 -116 -119 -120 -123 -125 -126 0
-128 -130 -132 -135 -136 -139 -141 -142 0
-144 -146 -148 -151 -152 -155 -157 -158 0
-1 -4 -5 -8 -9 -12 -13 -15 0
-17 -20 -21 -24 -25 -28 -29 -31 0
-33 -36 -37 -40 -41 -44 -45 -47 0
-49 -52 -53 -56 -57 -60 -61 -62 0
-64 -67 -68 -71 -72 -75 -76 -78 0
-80 -83 -84 -87 -88 -91 -92 -94 0
-96 -99 -100 -103 -104 -107 -108 -110 0
-112 -115 -116 -119 -120 -123 -124 -126 0
-128 -131 -132 -135 -136 -139 -140 -142 0
-144 -147 -148 -151 -152 -155 -156 -158 0
-2 -3 -6 -7 -10 -12 -14 -15 0
-18 -19 -22 -23 -26 -28 -30 -31 0
-34 -35 -38 -39 -42 -44 -46 -47 0
-50 -51 -54 -55 -58 -60 -62 0
-65 -66 -69 -70 -73 -75 -77 -78 0
-81 -82 -85 -86 -89 -91 -93 -94 0
-97 -98 -101 -102 -105 -107 -109 -110 0
-113 -114 -117 -118 -121 -123 -125 -126 0
-129 -130 -133 -134 -137 -139 -141 -142 0
-145 -146 -149 -150 -153 -155 -157 -158 0
-1 -3 -5 -7 -9 -11 -14 -15 0
-17 -19 -21 -23 -25 -27 -30 -31 0
-33 -35 -37 -39 -41 -43 -46 -47 0
-49 -51 -53 -55 -57 -59 -62 0
-64 -66 -68 -70 -72 -74 -77 -78 0
-80 -82 -84 -86 -88 -90 -93 -94 0
-96 -98 -100 -102 -104 -106 -109 -110 0
-112 -114 -116 -118 -120 -122 -125 -126 0
-128 -130 -132 -134 -136 -138 -141 -142 0
-144 -146 -148 -150 -152 -154 -157 -158 0
-2 -4 -6 -8 -9 -11 -13 -15 0
-18 -20 -22 -24 -25 -27 -29 -31 0
-34 -36 -38 -40 -41 -43 -45 -47 0
-50 -52 -54 -56 -57 -59 -61 -62 0
-65 -67 -69 -71 -72 -74 -76 -78 0
-81 -83 -85 -87 -88 -90 -92 -94 0
-97 -99 -101 -103 -104 -106 -108 -110 0
-113 -115 -117 -119 -120 -122 -124 -126 0
-129 -131 -133 -135 -136 -138 -140 -142 0
-145 -147 -149 -151 -152 -154 -156 -158 0
-1 -4 -6 -7 -9 -11 -14 -15 0
-17 -20 -22 -23 -25 -27 -30 -31 0
-33 -36 -38 -39 -41 -43 -46 -47 0
-49 -52 -54 -55 -57 -59 -62 0
-64 -67 -69 -70 -72 -74 -77 -78 0
-80 -83 -85 -86 -88 -90 -93 -94 0
-96 -99 -101 -102 -104 -106 -109 -110 0
-112 -115 -117 -118 -120 -122 -125 -126 0
-128 -131 -133 -134 -136 -138 -141 -142 0
-144 -147 -149 -150 -152 -154 -157 -158 0
-2 -3 -6 -8 -10 -12 -14 -15 0
-18 -19 -22 -24 -26 -28 -30 -31 0
-34 -35 -38 -40 -42 -44 -46 -47 0
-50 -51 -54 -56 -58 -60 -62 0
-65 -66 -69 -71 -73 -75 -77 -78 0
-81 -82 -85 -87 -89 -91 -93 -94 0
-97 -98 -101 -103 -105 -107 -109 -110 0
-113 -114 -117 -119 -121 -123 -125 -126 0
-129 -130 -133 -135 -137 -139 -141 -142 0
-145 -146 -149 -151 -153 -155 -157 -158 0
-2 -4 -5 -8 -9 -12 -14 -15 0
-18 -20 -21 -24 -25 -28 -30 -31 0
-34 -36 -37 -40 -41 -44 -46 -47 0
-50 -52 -53 -56 -57 -60 -62 0
-65 -67 -68 -71 -72 -75 -77 -78 0
-81 -83 -84 -87 -88 -91 -93 -94 0
-97 -99 -100 -103 -104 -107 -109 -110 0
-113 -115 -116 -119 -120 -123 -125 -126 0
-129 -131 -132 -135 -136 -139 -141 -142 0
-145 -147 -148 -151 -152 -155 -157 -158 0
-2 -3 -6 -8 -9 -12 -13 -15 0
-18 -19 -22 -24 -25 -28 -29 -31 0
-34 -35 -38 -40 -41 -44 -45 -47 0
-50 -51 -54 -56 -57 -60 -61 -62 0
-65 -66 -69 -71 -72 -75 -76 -78 0
-81 -82 -85 -87 -88 -91 -92 -94 0
-97 -98 -101 -103 -104 -107 -108 -110 0
-113 -114 -117 -119 -120 -123 -124 -126 0
-129 -130 -133 -135 -136 -139 -140 -142 0
-145 -146 -149 -151 -152 -155 -156 -158 0
-1 -3 -6 -8 -10 -11 -13 -15 0
-17 -19 -22 -24 -26 -27 -29 -31 0
-33 -35 -38 -40 -42 -43 -45 -47 0
-49 -51 -54 -56 -58 -59 -61 -62 0
-64 -66 -69 -71 -73 -74 -76 -78 0
-80 -82 -85 -87 -89 -90 -92 -94 0
-96 -98 -101 -103 -105 -106 -108 -110 0
-112 -114 -117 -119 -121 -122 -124 -126 0
-128 -130 -133 -135 -137 -138 -140 -142 0
-144 -146 -149 -151 -153 -154 -156 -158 0
-1 -4 -6 -7 -9 -12 -13 -15 0
-17 -20 -22 -23 -25 -28 -29 -31 0
-33 -36 -38 -39 -41 -44 -45 -47 0
-49 -52 -54 -55 -57 -60 -61 -62 0
-64 -67 -69 -70 -72 -75 -76 -78 0
-80 -83 -85 -86 -88 -91 -92 -94 0
-96 -99 -101 -102 -104 -107 -108 -110 0
-112 -115 -117 -118 -120 -123 -124 -126 0
-128 -131 -133 -134 -136 -139 -140 -142 0
-144 -147 -149 -150 -152 -155 -156 -158 0
1 -160 0
4 -160 0
5 -160 0
8 -160 0
10 -160 0
11 -160 0
13 -160 0
16 -160 0
17 -161 0
20 -161 0
21 -161 0
24 -161 0
26 -161 0
27 -161 0
29 -161 0
32 -161 0
33 -162 0
36 -162 0
37 -162 0
40 -162 0
42 -162 0
43 -162 0
45 -162 0
48 -162 0
49 -163 0
52 -163 0
53 -163 0
56 -163 0
58 -163 0
59 -163 0
61 -163 0
63 -163 0
64 -164 0
67 -164 0
68 -164 0
71 -164 0
73 -164 0
74 -164 0
76 -164 0
79 -164 0
80 -165 0
83 -165 0
84 -165 0
87 -165 0
89 -165 0
90 -165 0
92 -165 0
95 -165 0
96 -166 0
99 -166 0
100 -166 0
103 -166 0
105 -166 0
106 -166 0
108 -166 0
111 -166 0
112 -167 0
115 -167 0
116 -167 0
119 -167 0
121 -167 0
122 -167 0
124 -167 0
127 -167 0
128 -168 0
131 -168 0
132 -168 0
135 -168 0
137 -168 0
138 -168 0
140 -168 0
143 -168 0
144 -169 0
147 -169 0
148 -169 0
151 -169 0
153 -169 0
154 -169 0
156 -169 0
159 -169 0
1 -170 0
4 -170 0
5 -170 0
7 -170 0
10 -170 0
12 -170 0
14 -170 0
16 -170 0
17 -171 0
20 -171 0
21 -171 0
23 -171 0
26 -171 0
28 -171 0
30 -171 0
32 -171 0
33 -172 0
36 -172 0
37 -172 0
39 -172 0
42 -172 0
44 -172 0
46 -172 0
48 -172 0
49 -173 0
52 -173 0
53 -173 0
55 -173 0
58 -173 0
60 -173 0
63 -173 0
64 -174 0
67 -174 0
68 -174 0
70 -174 0
73 -174 0
75 -174 0
77 -174 0
79 -174 0
80 -175 0
83 -175 0
84 -175 0
86 -175 0
89 -175 0
91 -175 0
93 -175 0
95 -175 0
96 -176 0
99 -176 0
100 -176 0
102 -176 0
105 -176 0
107 -176 0
109 -176 0
111 -176 0
112 -177 0
115 -177 0
116 -177 0
118 -177 0
121 -177 0
123 -177 0
125 -177 0
127 -177 0
128 -178 0
131 -178 0
132 -178 0
134 -178 0
137 -178 0
139 -178 0
141 -178 0
143 -178 0
144 -179 0
147 -179 0
148 -179 0
150 -179 0
153 -179 0
155 -179 0
157 -179 0
159 -179 0
2 -180 0
4 -180 0
5 -180 0
8 -180 0
9 -180 0
11 -180 0
14 -180 0
16 -180 0
18 -181 0
20 -181 0
21 -181 0
24 -181 0
25 -181 0
27 -181 0
30 -181 0
32 -181 0
34 -182 0
36 -182 0
37 -182 0
40 -182 0
41 -182 0
43 -182 0
46 -182 0
48 -182 0
50 -183 0
52 -183 0
53 -183 0
56 -183 0
57 -183 0
59 -183 0
63 -183 0
65 -184 0
67 -184 0
68 -184 0
71 -184 0
72 -184 0
74 -184 0
77 -184 0
79 -184 0
81 -185 0
83 -185 0
84 -185 0
87 -185 0
88 -185 0
90 -185 0
93 -185 0
95 -185 0
97 -186 0
99 -186 0
100 -186 0
103 -186 0
104 -186 0
106 -186 0
109 -186 0
111 -186 0
113 -187 0
115 -187 0
116 -187 0
119 -187 0
120 -187 0
122 -187 0
125 -187 0
127 -187 0
129 -188 0
131 -188 0
132 -188 0
135 -188 0
136 -188 0
138 -188 0
141 -188 0
143 -188 0
145 -189 0
147 -189 0
148 -189 0
151 -189 0
152 -189 0
154 -189 0
157 -189 0
159 -189 0
2 -190 0
4 -190 0
6 -190 0
8 -190 0
10 -190 0
12 -190 0
13 -190 0
15 -190 0
18 -191 0
20 -191 0
22 -191 0
24 -191 0
26 -191 0
28 -191 0
29 -191 0
31 -191 0
34 -192 0
36 -192 0
38 -192 0
40 -192 0
42 -192 0
44 -192 0
45 -192 0
47 -192 0
50 -193 0
52 -193 0
54 -193 0
56 -193 0
58 -193 0
60 -193 0
61 -193 0
62 -193 0
65 -194 0
67 -194 0
69 -194 0
71 -194 0
73 -194 0
75 -194 0
76 -194 0
78 -194 0
81 -195 0
83 -195 0
85 -195 0
87 -195 0
89 -195 0
91 -195 0
92 -195 0
94 -195 0
97 -196 0
99 -196 0
101 -196 0
103 -196 0
105 -196 0
107 -196 0
108 -196 0
110 -196 0
113 -197 0
115 -197 0
117 -197 0
119 -197 0
121 -197 0
123 -197 0
124 -197 0
126 -197 0
129 -198 0
131 -198 0
133 -198 0
135 -198 0
137 -198 0
139 -198 0
140 -198 0
142 -198 0
145 -199 0
147 -199 0
149 -199 0
151 -199 0
153 -199 0
155 -199 0
156 -199 0
158 -199 0
1 -200 0
3 -200 0
5 -200 0
8 -200 0
9 -200 0
11 -200 0
13 -200 0
16 -200 0
17 -201 0
19 -201 0
21 -201 0
24 -201 0
25 -201 0
27 -201 0
29 -201 0
32 -201 0
33 -202 0
35 -202 0
37 -202 0
40 -202 0
41 -202 0
43 -202 0
45 -202 0
48 -202 0
49 -203 0
51 -203 0
53 -203 0
56 -203 0
57 -203 0
59 -203 0
61 -203 0
63 -203 0
64 -204 0
66 -204 0
68 -204 0
71 -204 0
72 -204 0
74 -204 0
76 -204 0
79 -204 0
80 -205 0
82 -205 0
84 -205 0
87 -205 0
88 -205 0
90 -205 0
92 -205 0
95 -205 0
96 -206 0
98 -206 0
100 -206 0
103 -206 0
104 -206 0
106 -206 0
108 -206 0
111 -206 0
112 -207 0
114 -207 0
116 -207 0
119 -207 0
120 -207 0
122 -207 0
124 -207 0
127 -207 0
128 -208 0
130 -208 0
132 -208 0
135 -208 0
136 -208 0
138 -208 0
140 -208 0
143 -208 0
144 -209 0
146 -209 0
148 -209 0
151 -209 0
152 -209 0
154 -209 0
156 -209 0
159 -209 0
1 -210 0
4 -210 0
6 -210 0
8 -210 0
10 -210 0
12 -210 0
13 -210 0
15 -210 0
17 -211 0
20 -211 0
22 -211 0
24 -211 0
26 -211 0
28 -211 0
29 -211 0
31 -211 0
33 -212 0
36 -212 0
38 -212 0
40 -212 0
42 -212 0
44 -212 0
45 -212 0
47 -212 0
49 -213 0
52 -213 0
54 -213 0
56 -213 0
58 -213 0
60 -213 0
61 -213 0
62 -213 0
64 -214 0
67 -214 0
69 -214 0
71 -214 0
73 -214 0
75 -214 0
76 -214 0
78 -214 0
80 -215 0
83 -215 0
85 -215 0
87 -215 0
89 -215 0
91 -215 0
92 -215 0
94 -215 0
96 -216 0
99 -216 0
101 -216 0
103 -216 0
105 -216 0
107 -216 0
108 -216 0
110 -216 0
112 -217 0
115 -217 0
117 -217 0
119 -217 0
121 -217 0
123 -217 0
124 -217 0
126 -217 0
128 -218 0
131 -218 0
133 -218 0
135 -218 0
137 -218 0
139 -218 0
140 -218 0
142 -218 0
144 -219 0
147 -219 0
149 -219 0
151 -219 0
153 -219 0
155 -219 0
156 -219 0
158 -219 0
2 -220 0
3 -220 0
5 -220 0
7 -220 0
9 -220 0
12 -220 0
13 -220 0
16 -220 0
18 -221 0
19 -221 0
21 -221 0
23 -221 0
25 -221 0
28 -221 0
29 -221 0
32 -221 0
34 -222 0
35 -222 0
37 -222 0
39 -222 0
41 -222 0
44 -222 0
45 -222 0
48 -222 0
50 -223 0
51 -223 0
53 -223 0
55 -223 0
57 -223 0
60 -223 0
61 -223 0
63 -223 0
65 -224 0
66 -224 0
68 -224 0
70 -224 0
72 -224 0
75 -224 0
76 -224 0
79 -224 0
81 -225 0
82 -225 0
84 -225 0
86 -225 0
88 -225 0
91 -225 0
92 -225 0
95 -225 0
97 -226 0
98 -226 0
100 -226 0
102 -226 0
104 -226 0
107 -226 0
108 -226 0
111 -226 0
113 -227 0
114 -227 0
116 -227 0
118 -227 0
120 -227 0
123 -227 0
124 -227 0
127 -227 0
129 -228 0
130 -228 0
132 -228 0
134 -228 0
136 -228 0
139 -228 0
140 -228 0
143 -228 0
145 -229 0
146 -229 0
148 -229 0
150 -229 0
152 -229 0
155 -229 0
156 -229 0
159 -229 0
2 -230 0
4 -230 0
6 -230 0
7 -230 0
10 -230 0
11 -230 0
14 -230 0
15 -230 0
18 -231 0
20 -231 0
22 -231 0
23 -231 0
26 -231 0
27 -231 0
30 -231 0
31 -231 0
34 -232 0
36 -232 0
38 -232 0
39 -232 0
42 -232 0
43 -232 0
46 -232 0
47 -232 0
50 -233 0
52 -233 0
54 -233 0
55 -233 0
58 -233 0
59 -233 0
62 -233 0
65 -234 0
67 -234 0
69 -234 0
70 -234 0
73 -234 0
74 -234 0
77 -234 0
78 -234 0
81 -235 0
83 -235 0
85 -235 0
86 -235 0
89 -235 0
90 -235 0
93 -235 0
94 -235 0
97 -236 0
99 -236 0
101 -236 0
102 -236 0
105 -236 0
106 -236 0
109 -236 0
110 -236 0
113 -237 0
115 -237 0
117 -237 0
118 -237 0
121 -237 0
122 -237 0
125 -237 0
126 -237 0
129 -238 0
131 -238 0
133 -238 0
134 -238 0
137 -238 0
138 -238 0
141 -238 0
142 -238 0
145 -239 0
147 -239 0
149 -239 0
150 -239 0
153 -239 0
154 -239 0
157 -239 0
158 -239 0
2 -240 0
3 -240 0
5 -240 0
8 -240 0
10 -240 0
11 -240 0
14 -240 0
15 -240 0
18 -241 0
19 -241 0
21 -241 0
24 -241 0
26 -241 0
27 -241 0
30 -241 0
31 -241 0
34 -242 0
35 -242 0
37 -242 0
40 -242 0
42 -242 0
43 -242 0
46 -242 0
47 -242 0
50 -243 0
51 -243 0
53 -243 0
56 -243 0
58 -243 0
59 -243 0
62 -243 0
65 -244 0
66 -244 0
68 -244 0
71 -244 0
73 -244 0
74 -244 0
77 -244 0
78 -244 0
81 -245 0
82 -245 0
84 -245 0
87 -245 0
89 -245 0
90 -245 0
93 -245 0
94 -245 0
97 -246 0
98 -246 0
100 -246 0
103 -246 0
105 -246 0
106 -246 0
109 -246 0
110 -246 0
113 -247 0
114 -247 0
116 -247 0
119 -247 0
121 -247 0
122 -247 0
125 -247 0
126 -247 0
129 -248 0
130 -248 0
132 -248 0
135 -248 0
137 -248 0
138 -248 0
141 -248 0
142 -248 0
145 -249 0
146 -249 0
148 -249 0
151 -249 0
153 -249 0
154 -249 0
157 -249 0
158 -249 0
1 -250 0
4 -250 0
6 -250 0
8 -250 0
9 -250 0
11 -250 0
13 -250 0
16 -250 0
17 -251 0
20 -251 0
22 -251 0
24 -251 0
25 -251 0
27 -251 0
29 -251 0
32 -251 0
33 -252 0
36 -252 0
38 -252 0
40 -252 0
41 -252 0
43 -252 0
45 -252 0
48 -252 0
49 -253 0
52 -253 0
54 -253 0
56 -253 0
57 -253 0
59 -253 0
61 -253 0
63 -253 0
64 -254 0
67 -254 0
69 -254 0
71 -254 0
72 -254 0
74 -254 0
76 -254 0
79 -254 0
80 -255 0
83 -255 0
85 -255 0
87 -255 0
88 -255 0
90 -255 0
92 -255 0
95 -255 0
96 -256 0
99 -256 0
101 -256 0
103 -256 0
104 -256 0
106 -256 0
108 -256 0
111 -256 0
112 -257 0
115 -257 0
117 -257 0
119 -257 0
120 -257 0
122 -257 0
124 -257 0
127 -257 0
128 -258 0
131 -258 0
133 -258 0
135 -258 0
136 -258 0
138 -258 0
140 -258 0
143 -258 0
144 -259 0
147 -259 0
149 -259 0
151 -259 0
152 -259 0
154 -259 0
156 -259 0
159 -259 0
2 -260 0
3 -260 0
6 -260 0
7 -260 0
9 -260 0
12 -260 0
14 -260 0
16 -260 0
18 -261 0
19 -261 0
22 -261 0
23 -261 0
25 -261 0
28 -261 0
30 -261 0
32 -261 0
34 -262 0
35 -262 0
38 -262 0
39 -262 0
41 -262 0
44 -262 0
46 -262 0
48 -262 0
50 -263 0
51 -263 0
54 -263 0
55 -263 0
57 -263 0
60 -263 0
63 -263 0
65 -264 0
66 -264 0
69 -264 0
70 -264 0
72 -264 0
75 -264 0
77 -264 0
79 -264 0
81 -265 0
82 -265 0
85 -265 0
86 -265 0
88 -265 0
91 -265 0
93 -265 0
95 -265 0
97 -266 0
98 -266 0
101 -266 0
102 -266 0
104 -266 0
107 -266 0
109 -266 0
111 -266 0
113 -267 0
114 -267 0
117 -267 0
118 -267 0
120 -267 0
123 -267 0
125 -267 0
127 -267 0
129 -268 0
130 -268 0
133 -268 0
134 -268 0
136 -268 0
139 -268 0
141 -268 0
143 -268 0
145 -269 0
146 -269 0
149 -269 0
150 -269 0
152 -269 0
155 -269 0
157 -269 0
159 -269 0
2 -270 0
4 -270 0
5 -270 0
8 -270 0
9 -270 0
11 -270 0
13 -270 0
16 -270 0
18 -271 0
20 -271 0
21 -271 0
24 -271 0
25 -271 0
27 -271 0
29 -271 0
32 -271 0
34 -272 0
36 -272 0
37 -272 0
40 -272 0
41 -272 0
43 -272 0
45 -272 0
48 -272 0
50 -273 0
52 -273 0
53 -273 0
56 -273 0
57 -273 0
59 -273 0
61 -273 0
63 -273 0
65 -274 0
67 -274 0
68 -274 0
71 -274 0
72 -274 0
74 -274 0
76 -274 0
79 -274 0
81 -275 0
83 -275 0
84 -275 0
87 -275 0
88 -275 0
90 -275 0
92 -275 0
95 -275 0
97 -276 0
99 -276 0
100 -276 0
103 -276 0
104 -276 0
106 -276 0
108 -276 0
111 -276 0
113 -277 0
115 -277 0
116 -277 0
119 -277 0
120 -277 0
122 -277 0
124 -277 0
127 -277 0
129 -278 0
131 -278 0
132 -278 0
135 -278 0
136 -278 0
138 -278 0
140 -278 0
143 -278 0
145 -279 0
147 -279 0
148 -279 0
151 -279 0
152 -279 0
154 -279 0
156 -279 0
159 -279 0
2 -280 0
3 -280 0
5 -280 0
8 -280 0
10 -280 0
12 -280 0
13 -280 0
16 -280 0
18 -281 0
19 -281 0
21 -281 0
24 -281 0
26 -281 0
28 -281 0
29 -281 0
32 -281 0
34 -282 0
35 -282 0
37 -282 0
40 -282 0
42 -282 0
44 -282 0
45 -282 0
48 -282 0
50 -283 0
51 -283 0
53 -283 0
56 -283 0
58 -283 0
60 -283 0
61 -283 0
63 -283 0
65 -284 0
66 -284 0
68 -284 0
71 -284 0
73 -284 0
75 -284 0
76 -284 0
79 -284 0
81 -285 0
82 -285 0
84 -285 0
87 -285 0
89 -285 0
91 -285 0
92 -285 0
95 -285 0
97 -286 0
98 -286 0
100 -286 0
103 -286 0
105 -286 0
107 -286 0
108 -286 0
111 -286 0
113 -287 0
114 -287 0
116 -287 0
119 -287 0
121 -287 0
123 -287 0
124 -287 0
127 -287 0
129 -288 0
130 -288 0
132 -288 0
135 -288 0
137 -288 0
139 -288 0
140 -288 0
143 -288 0
145 -289 0
146 -289 0
148 -289 0
151 -289 0
153 -289 0
155 -289 0
156 -289 0
159 -289 0
2 -290 0
3 -290 0
5 -290 0
7 -290 0
9 -290 0
11 -290 0
13 -290 0
16 -290 0
18 -291 0
19 -291 0
21 -291 0
23 -291 0
25 -291 0
27 -291 0
29 -291 0
32 -291 0
34 -292 0
35 -292 0
37 -292 0
39 -292 0
41 -292 0
43 -292 0
45 -292 0
48 -292 0
50 -293 0
51 -293 0
53 -293 0
55 -293 0
57 -293 0
59 -293 0
61 -293 0
63 -293 0
65 -294 0
66 -294 0
68 -294 0
70 -294 0
72 -294 0
74 -294 0
76 -294 0
79 -294 0
81 -295 0
82 -295 0
84 -295 0
86 -295 0
88 -295 0
90 -295 0
92 -295 0
95 -295 0
97 -296 0
98 -296 0
100 -296 0
102 -296 0
104 -296 0
106 -296 0
108 -296 0
111 -296 0
113 -297 0
114 -297 0
116 -297 0
118 -297 0
120 -297 0
122 -297 0
124 -297 0
127 -297 0
129 -298 0
130 -298 0
132 -298 0
134 -298 0
136 -298 0
138 -298 0
140 -298 0
143 -298 0
145 -299 0
146 -299 0
148 -299 0
150 -299 0
152 -299 0
154 -299 0
156 -299 0
159 -299 0
2 -300 0
3 -300 0
5 -300 0
7 -300 0
9 -300 0
11 -300 0
13 -300 0
16 -300 0
18 -301 0
19 -301 0
21 -301 0
23 -301 0
25 -301 0
27 -301 0
29 -301 0
32 -301 0
34 -302 0
35 -302 0
37 -302 0
39 -302 0
41 -302 0
43 -302 0
45 -302 0
48 -302 0
50 -303 0
51 -303 0
53 -303 0
55 -303 0
57 -303 0
59 -303 0
61 -303 0
63 -303 0
65 -304 0
66 -304 0
68 -304 0
70 -304 0
72 -304 0
74 -304 0
76 -304 0
79 -304 0
81 -305 0
82 -305 0
84 -305 0
86 -305 0
88 -305 0
90 -305 0
92 -305 0
95 -305 0
97 -306 0
98 -306 0
100 -306 0
102 -306 0
104 -306 0
106 -306 0
108 -306 0
111 -306 0
113 -307 0
114 -307 0
116 -307 0
118 -307 0
120 -307 0
122 -307 0
124 -307 0
127 -307 0
129 -308 0
130 -308 0
132 -308 0
134 -308 0
136 -308 0
138 -308 0
140 -308 0
143 -308 0
145 -309 0
146 -309 0
148 -309 0
150 -309 0
152 -309 0
154 -309 0
156 -309 0
159 -309 0
1 -310 0
4 -310 0
6 -310 0
7 -310 0
10 -310 0
12 -310 0
13 -310 0
15 -310 0
17 -311 0
20 -311 0
22 -311 0
23 -311 0
26 -311 0
28 -311 0
29 -311 0
31 -311 0
33 -312 0
36 -312 0
38 -312 0
39 -312 0
42 -312 0
44 -312 0
45 -312 0
47 -312 0
49 -313 0
52 -313 0
54 -313 0
55 -313 0
58 -313 0
60 -313 0
61 -313 0
62 -313 0
64 -314 0
67 -314 0
69 -314 0
70 -314 0
73 -314 0
75 -314 0
76 -314 0
78 -314 0
80 -315 0
83 -315 0
85 -315 0
86 -315 0
89 -315 0
91 -315 0
92 -315 0
94 -315 0
96 -316 0
99 -316 0
101 -316 0
102 -316 0
105 -316 0
107 -316 0
108 -316 0
110 -316 0
112 -317 0
115 -317 0
117 -317 0
118 -317 0
121 -317 0
123 -317 0
124 -317 0
126 -317 0
128 -318 0
131 -318 0
133 -318 0
134 -318 0
137 -318 0
139 -318 0
140 -318 0
142 -318 0
144 -319 0
147 -319 0
149 -319 0
150 -319 0
153 -319 0
155 -319 0
156 -319 0
158 -319 0
1 -320 0
3 -320 0
5 -320 0
8 -320 0
9 -320 0
12 -320 0
14 -320 0
16 -320 0
17 -321 0
19 -321 0
21 -321 0
24 -321 0
25 -321 0
28 -321 0
30 -321 0
32 -321 0
33 -322 0
35 -322 0
37 -322 0
40 -322 0
41 -322 0
44 -322 0
46 -322 0
48 -322 0
49 -323 0
51 -323 0
53 -323 0
56 -323 0
57 -323 0
60 -323 0
63 -323 0
64 -324 0
66 -324 0
68 -324 0
71 -324 0
72 -324 0
75 -324 0
77 -324 0
79 -324 0
80 -325 0
82 -325 0
84 -325 0
87 -325 0
88 -325 0
91 -325 0
93 -325 0
95 -325 0
96 -326 0
98 -326 0
100 -326 0
103 -326 0
104 -326 0
107 -326 0
109 -326 0
111 -326 0
112 -327 0
114 -327 0
116 -327 0
119 -327 0
120 -327 0
123 -327 0
125 -327 0
127 -327 0
128 -328 0
130 -328 0
132 -328 0
135 -328 0
136 -328 0
139 -328 0
141 -328 0
143 -328 0
144 -329 0
146 -329 0
148 -329 0
151 -329 0
152 -329 0
155 -329 0
157 -329 0
159 -329 0
2 -330 0
4 -330 0
5 -330 0
7 -330 0
10 -330 0
12 -330 0
14 -330 0
15 -330 0
18 -331 0
20 -331 0
21 -331 0
23 -331 0
26 -331 0
28 -331 0
30 -331 0
31 -331 0
34 -332 0
36 -332 0
37 -332 0
39 -332 0
42 -332 0
44 -332 0
46 -332 0
47 -332 0
50 -333 0
52 -333 0
53 -333 0
55 -333 0
58 -333 0
60 -333 0
62 -333 0
65 -334 0
67 -334 0
68 -334 0
70 -334 0
73 -334 0
75 -334 0
77 -334 0
78 -334 0
81 -335 0
83 -335 0
84 -335 0
86 -335 0
89 -335 0
91 -335 0
93 -335 0
94 -335 0
97 -336 0
99 -336 0
100 -336 0
102 -336 0
105 -336 0
107 -336 0
109 -336 0
110 -336 0
113 -337 0
115 -337 0
116 -337 0
118 -337 0
121 -337 0
123 -337 0
125 -337 0
126 -337 0
129 -338 0
131 -338 0
132 -338 0
134 -338 0
137 -338 0
139 -338 0
141 -338 0
142 -338 0
145 -339 0
147 -339 0
148 -339 0
150 -339 0
153 -339 0
155 -339 0
157 -339 0
158 -339 0
1 -340 0
3 -340 0
5 -340 0
7 -340 0
10 -340 0
11 -340 0
13 -340 0
16 -340 0
17 -341 0
19 -341 0
21 -341 0
23 -341 0
26 -341 0
27 -341 0
29 -341 0
32 -341 0
33 -342 0
35 -342 0
37 -342 0
39 -342 0
42 -342 0
43 -342 0
45 -342 0
48 -342 0
49 -343 0
51 -343 0
53 -343 0
55 -343 0
58 -343 0
59 -343 0
61 -343 0
63 -343 0
64 -344 0
66 -344 0
68 -344 0
70 -344 0
73 -344 0
74 -344 0
76 -344 0
79 -344 0
80 -345 0
82 -345 0
84 -345 0
86 -345 0
89 -345 0
90 -345 0
92 -345 0
95 -345 0
96 -346 0
98 -346 0
100 -346 0
102 -346 0
105 -346 0
106 -346 0
108 -346 0
111 -346 0
112 -347 0
114 -347 0
116 -347 0
118 -347 0
121 -347 0
122 -347 0
124 -347 0
127 -347 0
128 -348 0
130 -348 0
132 -348 0
134 -348 0
137 -348 0
138 -348 0
140 -348 0
143 -348 0
144 -349 0
146 -349 0
148 -349 0
150 -349 0
153 -349 0
154 -349 0
156 -349 0
159 -349 0
2 -350 0
3 -350 0
5 -350 0
8 -350 0
10 -350 0
12 -350 0
13 -350 0
16 -350 0
18 -351 0
19 -351 0
21 -351 0
24 -351 0
26 -351 0
28 -351 0
29 -351 0
32 -351 0
34 -352 0
35 -352 0
37 -352 0
40 -352 0
42 -352 0
44 -352 0
45 -352 0
48 -352 0
50 -353 0
51 -353 0
53 -353 0
56 -353 0
58 -353 0
60 -353 0
61 -353 0
63 -353 0
65 -354 0
66 -354 0
68 -354 0
71 -354 0
73 -354 0
75 -354 0
76 -354 0
79 -354 0
81 -355 0
82 -355 0
84 -355 0
87 -355 0
89 -355 0
91 -355 0
92 -355 0
95 -355 0
97 -356 0
98 -356 0
100 -356 0
103 -356 0
105 -356 0
107 -356 0
108 -356 0
111 -356 0
113 -357 0
114 -357 0
116 -357 0
119 -357 0
121 -357 0
123 -357 0
124 -357 0
127 -357 0
129 -358 0
130 -358 0
132 -358 0
135 -358 0
137 -358 0
139 -358 0
140 -358 0
143 -358 0
145 -359 0
146 -359 0
148 -359 0
151 -359 0
153 -359 0
155 -359 0
156 -359 0
159 -359 0
2 -360 0
3 -360 0
6 -360 0
8 -360 0
10 -360 0
11 -360 0
13 -360 0
16 -360 0
18 -361 0
19 -361 0
22 -361 0
24 -361 0
26 -361 0
27 -361 0
29 -361 0
32 -361 0
34 -362 0
35 -362 0
38 -362 0
40 -362 0
42 -362 0
43 -362 0
45 -362 0
48 -362 0
50 -363 0
51 -363 0
54 -363 0
56 -363 0
58 -363 0
59 -363 0
61 -363 0
63 -363 0
65 -364 0
66 -364 0
69 -364 0
71 -364 0
73 -364 0
74 -364 0
76 -364 0
79 -364 0
81 -365 0
82 -365 0
85 -365 0
87 -365 0
89 -365 0
90 -365 0
92 -365 0
95 -365 0
97 -366 0
98 -366 0
101 -366 0
103 -366 0
105 -366 0
106 -366 0
108 -366 0
111 -366 0
113 -367 0
114 -367 0
117 -367 0
119 -367 0
121 -367 0
122 -367 0
124 -367 0
127 -367 0
129 -368 0
130 -368 0
133 -368 0
135 -368 0
137 -368 0
138 -368 0
140 -368 0
143 -368 0
145 -369 0
146 -369 0
149 -369 0
151 -369 0
153 -369 0
154 -369 0
156 -369 0
159 -369 0
2 -370 0
4 -370 0
6 -370 0
7 -370 0
10 -370 0
11 -370 0
14 -370 0
15 -370 0
18 -371 0
20 -371 0
22 -371 0
23 -371 0
26 -371 0
27 -371 0
30 -371 0
31 -371 0
34 -372 0
36 -372 0
38 -372 0
39 -372 0
42 -372 0
43 -372 0
46 -372 0
47 -372 0
50 -373 0
52 -373 0
54 -373 0
55 -373 0
58 -373 0
59 -373 0
62 -373 0
65 -374 0
67 -374 0
69 -374 0
70 -374 0
73 -374 0
74 -374 0
77 -374 0
78 -374 0
81 -375 0
83 -375 0
85 -375 0
86 -375 0
89 -375 0
90 -375 0
93 -375 0
94 -375 0
97 -376 0
99 -376 0
101 -376 0
102 -376 0
105 -376 0
106 -376 0
109 -376 0
110 -376 0
113 -377 0
115 -377 0
117 -377 0
118 -377 0
121 -377 0
122 -377 0
125 -377 0
126 -377 0
129 -378 0
131 -378 0
133 -378 0
134 -378 0
137 -378 0
138 -378 0
141 -378 0
142 -378 0
145 -379 0
147 -379 0
149 -379 0
150 -379 0
153 -379 0
154 -379 0
157 -379 0
158 -379 0
2 -380 0
3 -380 0
6 -380 0
8 -380 0
9 -380 0
11 -380 0
14 -380 0
16 -380 0
18 -381 0
19 -381 0
22 -381 0
24 -381 0
25 -381 0
27 -381 0
30 -381 0
32 -381 0
34 -382 0
35 -382 0
38 -382 0
40 -382 0
41 -382 0
43 -382 0
46 -382 0
48 -382 0
50 -383 0
51 -383 0
54 -383 0
56 -383 0
57 -383 0
59 -383 0
63 -383 0
65 -384 0
66 -384 0
69 -384 0
71 -384 0
72 -384 0
74 -384 0
77 -384 0
79 -384 0
81 -385 0
82 -385 0
85 -385 0
87 -385 0
88 -385 0
90 -385 0
93 -385 0
95 -385 0
97 -386 0
98 -386 0
101 -386 0
103 -386 0
104 -386 0
106 -386 0
109 -386 0
111 -386 0
113 -387 0
114 -387 0
117 -387 0
119 -387 0
120 -387 0
122 -387 0
125 -387 0
127 -387 0
129 -388 0
130 -388 0
133 -388 0
135 -388 0
136 -388 0
138 -388 0
141 -388 0
143 -388 0
145 -389 0
146 -389 0
149 -389 0
151 -389 0
152 -389 0
154 -389 0
157 -389 0
159 -389 0
1 -390 0
4 -390 0
5 -390 0
8 -390 0
10 -390 0
11 -390 0
14 -390 0
16 -390 0
17 -391 0
20 -391 0
21 -391 0
24 -391 0
26 -391 0
27 -391 0
30 -391 0
32 -391 0
33 -392 0
36 -392 0
37 -392 0
40 -392 0
42 -392 0
43 -392 0
46 -392 0
48 -392 0
49 -393 0
52 -393 0
53 -393 0
56 -393 0
58 -393 0
59 -393 0
63 -393 0
64 -394 0
67 -394 0
68 -394 0
71 -394 0
73 -394 0
74 -394 0
77 -394 0
79 -394 0
80 -395 0
83 -395 0
84 -395 0
87 -395 0
89 -395 0
90 -395 0
93 -395 0
95 -395 0
96 -396 0
99 -396 0
100 -396 0
103 -396 0
105 -396 0
106 -396 0
109 -396 0
111 -396 0
112 -397 0
115 -397 0
116 -397 0
119 -397 0
121 -397 0
122 -397 0
125 -397 0
127 -397 0
128 -398 0
131 -398 0
132 -398 0
135 -398 0
137 -398 0
138 -398 0
141 -398 0
143 -398 0
144 -399 0
147 -399 0
148 -399 0
151 -399 0
153 -399 0
154 -399 0
157 -399 0
159 -399 0
1 -400 0
3 -400 0
5 -400 0
8 -400 0
10 -400 0
12 -400 0
13 -400 0
15 -400 0
17 -401 0
19 -401 0
21 -401 0
24 -401 0
26 -401 0
28 -401 0
29 -401 0
31 -401 0
33 -402 0
35 -402 0
37 -402 0
40 -402 0
42 -402 0
44 -402 0
45 -402 0
47 -402 0
49 -403 0
51 -403 0
53 -403 0
56 -403 0
58 -403 0
60 -403 0
61 -403 0
62 -403 0
64 -404 0
66 -404 0
68 -404 0
71 -404 0
73 -404 0
75 -404 0
76 -404 0
78 -404 0
80 -405 0
82 -405 0
84 -405 0
87 -405 0
89 -405 0
91 -405 0
92 -405 0
94 -405 0
96 -406 0
98 -406 0
100 -406 0
103 -406 0
105 -406 0
107 -406 0
108 -406 0
110 -406 0
112 -407 0
114 -407 0
116 -407 0
119 -407 0
121 -407 0
123 -407 0
124 -407 0
126 -407 0
128 -408 0
130 -408 0
132 -408 0
135 -408 0
137 -408 0
139 -408 0
140 -408 0
142 -408 0
144 -409 0
146 -409 0
148 -409 0
151 -409 0
153 -409 0
155 -409 0
156 -409 0
158 -409 0
1 -410 0
3 -410 0
5 -410 0
8 -410 0
10 -410 0
11 -410 0
14 -410 0
16 -410 0
17 -411 0
19 -411 0
21 -411 0
24 -411 0
26 -411 0
27 -411 0
30 -411 0
32 -411 0
33 -412 0
35 -412 0
37 -412 0
40 -412 0
42 -412 0
43 -412 0
46 -412 0
48 -412 0
49 -413 0
51 -413 0
53 -413 0
56 -413 0
58 -413 0
59 -413 0
63 -413 0
64 -414 0
66 -414 0
68 -414 0
71 -414 0
73 -414 0
74 -414 0
77 -414 0
79 -414 0
80 -415 0
82 -415 0
84 -415 0
87 -415 0
89 -415 0
90 -415 0
93 -415 0
95 -415 0
96 -416 0
98 -416 0
100 -416 0
103 -416 0
105 -416 0
106 -416 0
109 -416 0
111 -416 0
112 -417 0
114 -417 0
116 -417 0
119 -417 0
121 -417 0
122 -417 0
125 -417 0
127 -417 0
128 -418 0
130 -418 0
132 -418 0
135 -418 0
137 -418 0
138 -418 0
141 -418 0
143 -418 0
144 -419 0
146 -419 0
148 -419 0
151 -419 0
153 -419 0
154 -419 0
157 -419 0
159 -419 0
2 -420 0
4 -420 0
6 -420 0
7 -420 0
10 -420 0
12 -420 0
14 -420 0
16 -420 0
18 -421 0
20 -421 0
22 -421 0
23 -421 0
26 -421 0
28 -421 0
30 -421 0
32 -421 0
34 -422 0
36 -422 0
38 -422 0
39 -422 0
42 -422 0
44 -422 0
46 -422 0
48 -422 0
50 -423 0
52 -423 0
54 -423 0
55 -423 0
58 -423 0
60 -423 0
63 -423 0
65 -424 0
67 -424 0
69 -424 0
70 -424 0
73 -424 0
75 -424 0
77 -424 0
79 -424 0
81 -425 0
83 -425 0
85 -425 0
86 -425 0
89 -425 0
91 -425 0
93 -425 0
95 -425 0
97 -426 0
99 -426 0
101 -426 0
102 -426 0
105 -426 0
107 -426 0
109 -426 0
111 -426 0
113 -427 0
115 -427 0
117 -427 0
118 -427 0
121 -427 0
123 -427 0
125 -427 0
127 -427 0
129 -428 0
131 -428 0
133 -428 0
134 -428 0
137 -428 0
139 -428 0
141 -428 0
143 -428 0
145 -429 0
147 -429 0
149 -429 0
150 -429 0
153 -429 0
155 -429 0
157 -429 0
159 -429 0
1 -430 0
3 -430 0
5 -430 0
8 -430 0
10 -430 0
12 -430 0
14 -430 0
16 -430 0
17 -431 0
19 -431 0
21 -431 0
24 -431 0
26 -431 0
28 -431 0
30 -431 0
32 -431 0
33 -432 0
35 -432 0
37 -432 0
40 -432 0
42 -432 0
44 -432 0
46 -432 0
48 -432 0
49 -433 0
51 -433 0
53 -433 0
56 -433 0
58 -433 0
60 -433 0
63 -433 0
64 -434 0
66 -434 0
68 -434 0
71 -434 0
73 -434 0
75 -434 0
77 -434 0
79 -434 0
80 -435 0
82 -435 0
84 -435 0
87 -435 0
89 -435 0
91 -435 0
93 -435 0
95 -435 0
96 -436 0
98 -436 0
100 -436 0
103 -436 0
105 -436 0
107 -436 0
109 -436 0
111 -436 0
112 -437 0
114 -437 0
116 -437 0
119 -437 0
121 -437 0
123 -437 0
125 -437 0
127 -437 0
128 -438 0
130 -438 0
132 -438 0
135 -438 0
137 -438 0
139 -438 0
141 -438 0
143 -438 0
144 -439 0
146 -439 0
148 -439 0
151 -439 0
153 -439 0
155 -439 0
157 -439 0
159 -439 0
2 -440 0
4 -440 0
6 -440 0
8 -440 0
10 -440 0
11 -440 0
13 -440 0
15 -440 0
18 -441 0
20 -441 0
22 -441 0
24 -441 0
26 -441 0
27 -441 0
29 -441 0
31 -441 0
34 -442 0
36 -442 0
38 -442 0
40 -442 0
42 -442 0
43 -442 0
45 -442 0
47 -442 0
50 -443 0
52 -443 0
54 -443 0
56 -443 0
58 -443 0
59 -443 0
61 -443 0
62 -443 0
65 -444 0
67 -444 0
69 -444 0
71 -444 0
73 -444 0
74 -444 0
76 -444 0
78 -444 0
81 -445 0
83 -445 0
85 -445 0
87 -445 0
89 -445 0
90 -445 0
92 -445 0
94 -445 0
97 -446 0
99 -446 0
101 -446 0
103 -446 0
105 -446 0
106 -446 0
108 -446 0
110 -446 0
113 -447 0
115 -447 0
117 -447 0
119 -447 0
121 -447 0
122 -447 0
124 -447 0
126 -447 0
129 -448 0
131 -448 0
133 -448 0
135 -448 0
137 -448 0
138 -448 0
140 -448 0
142 -448 0
145 -449 0
147 -449 0
149 -449 0
151 -449 0
153 -449 0
154 -449 0
156 -449 0
158 -449 0
2 -450 0
3 -450 0
5 -450 0
7 -450 0
9 -450 0
11 -450 0
13 -450 0
16 -450 0
18 -451 0
19 -451 0
21 -451 0
23 -451 0
25 -451 0
27 -451 0
29 -451 0
32 -451 0
34 -452 0
35 -452 0
37 -452 0
39 -452 0
41 -452 0
43 -452 0
45 -452 0
48 -452 0
50 -453 0
51 -453 0
53 -453 0
55 -453 0
57 -453 0
59 -453 0
61 -453 0
63 -453 0
65 -454 0
66 -454 0
68 -454 0
70 -454 0
72 -454 0
74 -454 0
76 -454 0
79 -454 0
81 -455 0
82 -455 0
84 -455 0
86 -455 0
88 -455 0
90 -455 0
92 -455 0
95 -455 0
97 -456 0
98 -456 0
100 -456 0
102 -456 0
104 -456 0
106 -456 0
108 -456 0
111 -456 0
113 -457 0
114 -457 0
116 -457 0
118 -457 0
120 -457 0
122 -457 0
124 -457 0
127 -457 0
129 -458 0
130 -458 0
132 -458 0
134 -458 0
136 -458 0
138 -458 0
140 -458 0
143 -458 0
145 -459 0
146 -459 0
148 -459 0
150 -459 0
152 -459 0
154 -459 0
156 -459 0
159 -459 0
2 -460 0
4 -460 0
6 -460 0
8 -460 0
10 -460 0
12 -460 0
14 -460 0
15 -460 0
18 -461 0
20 -461 0
22 -461 0
24 -461 0
26 -461 0
28 -461 0
30 -461 0
31 -461 0
34 -462 0
36 -462 0
38 -462 0
40 -462 0
42 -462 0
44 -462 0
46 -462 0
47 -462 0
50 -463 0
52 -463 0
54 -463 0
56 -463 0
58 -463 0
60 -463 0
62 -463 0
65 -464 0
67 -464 0
69 -464 0
71 -464 0
73 -464 0
75 -464 0
77 -464 0
78 -464 0
81 -465 0
83 -465 0
85 -465 0
87 -465 0
89 -465 0
91 -465 0
93 -465 0
94 -465 0
97 -466 0
99 -466 0
101 -466 0
103 -466 0
105 -466 0
107 -466 0
109 -466 0
110 -466 0
113 -467 0
115 -467 0
117 -467 0
119 -467 0
121 -467 0
123 -467 0
125 -467 0
126 -467 0
129 -468 0
131 -468 0
133 -468 0
135 -468 0
137 -468 0
139 -468 0
141 -468 0
142 -468 0
145 -469 0
147 -469 0
149 -469 0
151 -469 0
153 -469 0
155 -469 0
157 -469 0
158 -469 0
2 -470 0
4 -470 0
6 -470 0
7 -470 0
10 -470 0
11 -470 0
13 -470 0
16 -470 0
18 -471 0
20 -471 0
22 -471 0
23 -471 0
26 -471 0
27 -471 0
29 -471 0
32 -471 0
34 -472 0
36 -472 0
38 -472 0
39 -472 0
42 -472 0
43 -472 0
45 -472 0
48 -472 0
50 -473 0
52 -473 0
54 -473 0
55 -473 0
58 -473 0
59 -473 0
61 -473 0
63 -473 0
65 -474 0
67 -474 0
69 -474 0
70 -474 0
73 -474 0
74 -474 0
76 -474 0
79 -474 0
81 -475 0
83 -475 0
85 -475 0
86 -475 0
89 -475 0
90 -475 0
92 -475 0
95 -475 0
97 -476 0
99 -476 0
101 -476 0
102 -476 0
105 -476 0
106 -476 0
108 -476 0
111 -476 0
113 -477 0
115 -477 0
117 -477 0
118 -477 0
121 -477 0
122 -477 0
124 -477 0
127 -477 0
129 -478 0
131 -478 0
133 -478 0
134 -478 0
137 -478 0
138 -478 0
140 -478 0
143 -478 0
145 -479 0
147 -479 0
149 -479 0
150 -479 0
153 -479 0
154 -479 0
156 -479 0
159 -479 0
2 -480 0
4 -480 0
6 -480 0
8 -480 0
10 -480 0
11 -480 0
14 -480 0
15 -480 0
18 -481 0
20 -481 0
22 -481 0
24 -481 0
26 -481 0
27 -481 0
30 -481 0
31 -481 0
34 -482 0
36 -482 0
38 -482 0
40 -482 0
42 -482 0
43 -482 0
46 -482 0
47 -482 0
50 -483 0
52 -483 0
54 -483 0
56 -483 0
58 -483 0
59 -483 0
62 -483 0
65 -484 0
67 -484 0
69 -484 0
71 -484 0
73 -484 0
74 -484 0
77 -484 0
78 -484 0
81 -485 0
83 -485 0
85 -485 0
87 -485 0
89 -485 0
90 -485 0
93 -485 0
94 -485 0
97 -486 0
99 -486 0
101 -486 0
103 -486 0
105 -486 0
106 -486 0
109 -486 0
110 -486 0
113 -487 0
115 -487 0
117 -487 0
119 -487 0
121 -487 0
122 -487 0
125 -487 0
126 -487 0
129 -488 0
131 -488 0
133 -488 0
135 -488 0
137 -488 0
138 -488 0
141 -488 0
142 -488 0
145 -489 0
147 -489 0
149 -489 0
151 -489 0
153 -489 0
154 -489 0
157 -489 0
158 -489 0
2 -490 0
4 -490 0
6 -490 0
7 -490 0
10 -490 0
12 -490 0
14 -490 0
16 -490 0
18 -491 0
20 -491 0
22 -491 0
23 -491 0
26 -491 0
28 -491 0
30 -491 0
32 -491 0
34 -492 0
36 -492 0
38 -492 0
39 -492 0
42 -492 0
44 -492 0
46 -492 0
48 -492 0
50 -493 0
52 -493 0
54 -493 0
55 -493 0
58 -493 0
60 -493 0
63 -493 0
65 -494 0
67 -494 0
69 -494 0
70 -494 0
73 -494 0
75 -494 0
77 -494 0
79 -494 0
81 -495 0
83 -495 0
85 -495 0
86 -495 0
89 -495 0
91 -495 0
93 -495 0
95 -495 0
97 -496 0
99 -496 0
101 -496 0
102 -496 0
105 -496 0
107 -496 0
109 -496 0
111 -496 0
113 -497 0
115 -497 0
117 -497 0
118 -497 0
121 -497 0
123 -497 0
125 -497 0
127 -497 0
129 -498 0
131 -498 0
133 -498 0
134 -498 0
137 -498 0
139 -498 0
141 -498 0
143 -498 0
145 -499 0
147 -499 0
149 -499 0
150 -499 0
153 -499 0
155 -499 0
157 -499 0
159 -499 0
1 -500 0
4 -500 0
5 -500 0
8 -500 0
10 -500 0
12 -500 0
14 -500 0
15 -500 0
17 -501 0
20 -501 0
21 -501 0
24 -501 0
26 -501 0
28 -501 0
30 -501 0
31 -501 0
33 -502 0
36 -502 0
37 -502 0
40 -502 0
42 -502 0
44 -502 0
46 -502 0
47 -502 0
49 -503 0
52 -503 0
53 -503 0
56 -503 0
58 -503 0
60 -503 0
62 -503 0
64 -504 0
67 -504 0
68 -504 0
71 -504 0
73 -504 0
75 -504 0
77 -504 0
78 -504 0
80 -505 0
83 -505 0
84 -505 0
87 -505 0
89 -505 0
91 -505 0
93 -505 0
94 -505 0
96 -506 0
99 -506 0
100 -506 0
103 -506 0
105 -506 0
107 -506 0
109 -506 0
110 -506 0
112 -507 0
115 -507 0
116 -507 0
119 -507 0
121 -507 0
123 -507 0
125 -507 0
126 -507 0
128 -508 0
131 -508 0
132 -508 0
135 -508 0
137 -508 0
139 -508 0
141 -508 0
142 -508 0
144 -509 0
147 -509 0
148 -509 0
151 -509 0
153 -509 0
155 -509 0
157 -509 0
158 -509 0
1 -510 0
3 -510 0
5 -510 0
8 -510 0
10 -510 0
12 -510 0
13 -510 0
15 -510 0
17 -511 0
19 -511 0
21 -511 0
24 -511 0
26 -511 0
28 -511 0
29 -511 0
31 -511 0
33 -512 0
35 -512 0
37 -512 0
40 -512 0
42 -512 0
44 -512 0
45 -512 0
47 -512 0
49 -513 0
51 -513 0
53 -513 0
56 -513 0
58 -513 0
60 -513 0
61 -513 0
62 -513 0
64 -514 0
66 -514 0
68 -514 0
71 -514 0
73 -514 0
75 -514 0
76 -514 0
78 -514 0
80 -515 0
82 -515 0
84 -515 0
87 -515 0
89 -515 0
91 -515 0
92 -515 0
94 -515 0
96 -516 0
98 -516 0
100 -516 0
103 -516 0
105 -516 0
107 -516 0
108 -516 0
110 -516 0
112 -517 0
114 -517 0
116 -517 0
119 -517 0
121 -517 0
123 -517 0
124 -517 0
126 -517 0
128 -518 0
130 -518 0
132 -518 0
135 -518 0
137 -518 0
139 -518 0
140 -518 0
142 -518 0
144 -519 0
146 -519 0
148 -519 0
151 -519 0
153 -519 0
155 -519 0
156 -519 0
158 -519 0
160 161 162 163 164 165 166 167 168 169 0
170 171 172 173 174 175 176 177 178 179 0
180 181 182 183 184 185 186 187 188 189 0
190 191 192 193 194 195 196 197 198 199 0
200 201 202 203 204 205 206 207 208 209 0
210 211 212 213 214 215 216 217 218 219 0
220 221 222 223 224 225 226 227 228 229 0
230 231 232 233 234 235 236 237 238 239 0
240 241 242 243 244 245 246 247 248 249 0
250 251 252 253 254 255 256 257 258 259 0
260 261 262 263 264 265 266 267 268 269 0
270 271 272 273 274 275 276 277 278 279 0
280 281 282 283 284 285 286 287 288 289 0
290 291 292 293 294 295 296 297 298 299 0
300 301 302 303 304 305 306 307 308 309 0
310 311 312 313 314 315 316 317 318 319 0
320 321 322 323 324 325 326 327 328 329 0
330 331 332 333 334 335 336 337 338 339 0
340 341 342 343 344 345 346 347 348 349 0
350 351 352 353 354 355 356 357 358 359 0
360 361 362 363 364 365 366 367 368 369 0
370 371 372 373 374 375 376 377 378 379 0
380 381 382 383 384 385 386 387 388 389 0
390 391 392 393 394 395 396 397 398 399 0
400 401 402 403 404 405 406 407 408 409 0
410 411 412 413 414 415 416 417 418 419 0
420 421 422 423 424 425 426 427 428 429 0
430 431 432 433 434 435 436 437 438 439 0
440 441 442 443 444 445 446 447 448 449 0
450 451 452 453 454 455 456 457 458 459 0
460 461 462 463 464 465 466 467 468 469 0
470 471 472 473 474 475 476 477 478 479 0
480 481 482 483 484 485 486 487 488 489 0
490 491 492 493 494 495 496 497 498 499 0
500 501 502 503 504 505 506 507 508 509 0
510 511 512 513 514 515 516 517 518 519 0
