p cnf 164 682
1 2 3 4 5 6 7 8 9 10 11 12 13 14 15 0
33 34 35 36 37 38 39 40 41 42 43 44 45 46 47 48 49 50 0
51 52 53 54 55 56 57 58 59 60 61 62 63 64 65 66 67 0
68 69 70 71 72 73 74 75 76 77 78 79 80 81 82 0
83 84 85 86 87 88 89 90 91 92 93 94 95 96 97 98 99 100 0
117 118 119 120 121 122 123 124 125 126 127 128 129 130 131 132 0
133 134 135 136 137 138 139 140 141 142 143 144 145 146 147 148 149 0
150 151 152 153 154 155 156 157 158 159 160 161 162 163 164 0
-1 -16 0
-1 -33 0
-1 -51 0
-1 -68 0
-1 -83 0
-1 -101 0
-1 -117 0
-1 -133 0
-1 -150 0
-16 -33 0
-16 -51 0
-16 -68 0
-16 -83 0
-16 -101 0
-16 -117 0
-16 -133 0
-16 -150 0
-33 -51 0
-33 -68 0
-33 -83 0
-33 -101 0
-33 -117 0
-33 -133 0
-33 -150 0
-51 -68 0
-51 -83 0
-51 -101 0
-51 -117 0
-51 -133 0
-51 -150 0
-68 -83 0
-68 -101 0
-68 -117 0
-68 -133 0
-68 -150 0
-83 -101 0
-83 -117 0
-83 -133 0
-83 -150 0
-101 -117 0
-101 -133 0
-101 -150 0
-117 -133 0
-117 -150 0
-133 -150 0
-2 -17 0
-2 -34 0
-2 -52 0
-2 -69 0
-2 -84 0
-2 -118 0
-2 -134 0
-17 -34 0
-17 -52 0
-17 -69 0
-17 -84 0
-17 -118 0
-17 -134 0
-34 -52 0
-34 -69 0
-34 -84 0
-34 -118 0
-34 -134 0
-52 -69 0
-52 -84 0
-52 -118 0
-52 -134 0
-69 -84 0
-69 -118 0
-69 -134 0
-84 -118 0
-84 -134 0
-118 -134 0
-3 -18 0
-3 -35 0
-3 -53 0
-3 -85 0
-3 -102 0
-3 -135 0
-3 -151 0
-18 -35 0
-18 -53 0
-18 -85 0
-18 -102 0
-18 -135 0
-18 -151 0
-35 -53 0
-35 -85 0
-35 -102 0
-35 -135 0
-35 -151 0
-53 -85 0
-53 -102 0
-53 -135 0
-53 -151 0
-85 -102 0
-85 -135 0
-85 -151 0
-102 -135 0
-102 -151 0
-135 -151 0
-19 -36 0
-19 -54 0
-19 -86 0
-19 -103 0
-19 -136 0
-19 -152 0
-36 -54 0
-36 -86 0
-36 -103 0
-36 -136 0
-36 -152 0
-54 -86 0
-54 -103 0
-54 -136 0
-54 -152 0
-86 -103 0
-86 -136 0
-86 -152 0
-103 -136 0
-103 -152 0
-136 -152 0
-4 -20 0
-4 -37 0
-4 -55 0
-4 -70 0
-4 -87 0
-4 -104 0
-4 -119 0
-4 -137 0
-4 -153 0
-20 -37 0
-20 -55 0
-20 -70 0
-20 -87 0
-20 -104 0
-20 -119 0
-20 -137 0
-20 -153 0
-37 -55 0
-37 -70 0
-37 -87 0
-37 -104 0
-37 -119 0
-37 -137 0
-37 -153 0
-55 -70 0
-55 -87 0
-55 -104 0
-55 -119 0
-55 -137 0
-55 -153 0
-70 -87 0
-70 -104 0
-70 -119 0
-70 -137 0
-70 -153 0
-87 -104 0
-87 -119 0
-87 -137 0
-87 -153 0
-104 -119 0
-104 -137 0
-104 -153 0
-119 -137 0
-119 -153 0
-137 -153 0
-5 -21 0
-5 -38 0
-5 -56 0
-5 -71 0
-5 -88 0
-5 -105 0
-5 -120 0
-5 -138 0
-5 -154 0
-21 -38 0
-21 -56 0
-21 -71 0
-21 -88 0
-21 -105 0
-21 -120 0
-21 -138 0
-21 -154 0
-38 -56 0
-38 -71 0
-38 -88 0
-38 -105 0
-38 -120 0
-38 -138 0
-38 -154 0
-56 -71 0
-56 -88 0
-56 -105 0
-56 -120 0
-56 -138 0
-56 -154 0
-71 -88 0
-71 -105 0
-71 -120 0
-71 -138 0
-71 -154 0
-88 -105 0
-88 -120 0
-88 -138 0
-88 -154 0
-105 -120 0
-105 -138 0
-105 -154 0
-120 -138 0
-120 -154 0
-138 -154 0
-6 -22 0
-6 -39 0
-6 -57 0
-6 -72 0
-6 -89 0
-6 -121 0
-6 -139 0
-22 -39 0
-22 -57 0
-22 -72 0
-22 -89 0
-22 -121 0
-22 -139 0
-39 -57 0
-39 -72 0
-39 -89 0
-39 -121 0
-39 -139 0
-57 -72 0
-57 -89 0
-57 -121 0
-57 -139 0
-72 -89 0
-72 -121 0
-72 -139 0
-89 -121 0
-89 -139 0
-121 -139 0
-7 -23 0
-7 -40 0
-7 -58 0
-7 -73 0
-7 -90 0
-7 -106 0
-7 -122 0
-7 -140 0
-7 -155 0
-23 -40 0
-23 -58 0
-23 -73 0
-23 -90 0
-23 -106 0
-23 -122 0
-23 -140 0
-23 -155 0
-40 -58 0
-40 -73 0
-40 -90 0
-40 -106 0
-40 -122 0
-40 -140 0
-40 -155 0
-58 -73 0
-58 -90 0
-58 -106 0
-58 -122 0
-58 -140 0
-58 -155 0
-73 -90 0
-73 -106 0
-73 -122 0
-73 -140 0
-73 -155 0
-90 -106 0
-90 -122 0
-90 -140 0
-90 -155 0
-106 -122 0
-106 -140 0
-106 -155 0
-122 -140 0
-122 -155 0
-140 -155 0
-8 -41 0
-8 -59 0
-8 -74 0
-8 -91 0
-8 -107 0
-8 -123 0
-8 -141 0
-8 -156 0
-41 -59 0
-41 -74 0
-41 -91 0
-41 -107 0
-41 -123 0
-41 -141 0
-41 -156 0
-59 -74 0
-59 -91 0
-59 -107 0
-59 -123 0
-59 -141 0
-59 -156 0
-74 -91 0
-74 -107 0
-74 -123 0
-74 -141 0
-74 -156 0
-91 -107 0
-91 -123 0
-91 -141 0
-91 -156 0
-107 -123 0
-107 -141 0
-107 -156 0
-123 -141 0
-123 -156 0
-141 -156 0
-9 -24 0
-9 -42 0
-9 -60 0
-9 -92 0
-9 -108 0
-9 -124 0
-9 -142 0
-9 -157 0
-24 -42 0
-24 -60 0
-24 -92 0
-24 -108 0
-24 -124 0
-24 -142 0
-24 -157 0
-42 -60 0
-42 -92 0
-42 -108 0
-42 -124 0
-42 -142 0
-42 -157 0
-60 -92 0
-60 -108 0
-60 -124 0
-60 -142 0
-60 -157 0
-92 -108 0
-92 -124 0
-92 -142 0
-92 -157 0
-108 -124 0
-108 -142 0
-108 -157 0
-124 -142 0
-124 -157 0
-142 -157 0
-10 -25 0
-10 -43 0
-10 -61 0
-10 -75 0
-10 -93 0
-10 -109 0
-10 -125 0
-25 -43 0
-25 -61 0
-25 -75 0
-25 -93 0
-25 -109 0
-25 -125 0
-43 -61 0
-43 -75 0
-43 -93 0
-43 -109 0
-43 -125 0
-61 -75 0
-61 -93 0
-61 -109 0
-61 -125 0
-75 -93 0
-75 -109 0
-75 -125 0
-93 -109 0
-93 -125 0
-109 -125 0
-11 -26 0
-11 -44 0
-11 -62 0
-11 -76 0
-11 -94 0
-11 -110 0
-11 -126 0
-11 -143 0
-11 -158 0
-26 -44 0
-26 -62 0
-26 -76 0
-26 -94 0
-26 -110 0
-26 -126 0
-26 -143 0
-26 -158 0
-44 -62 0
-44 -76 0
-44 -94 0
-44 -110 0
-44 -126 0
-44 -143 0
-44 -158 0
-62 -76 0
-62 -94 0
-62 -110 0
-62 -126 0
-62 -143 0
-62 -158 0
-76 -94 0
-76 -110 0
-76 -126 0
-76 -143 0
-76 -158 0
-94 -110 0
-94 -126 0
-94 -143 0
-94 -158 0
-110 -126 0
-110 -143 0
-110 -158 0
-126 -143 0
-126 -158 0
-143 -158 0
-12 -27 0
-12 -45 0
-12 -63 0
-12 -77 0
-12 -95 0
-12 -111 0
-12 -127 0
-12 -144 0
-12 -159 0
-27 -45 0
-27 -63 0
-27 -77 0
-27 -95 0
-27 -111 0
-27 -127 0
-27 -144 0
-27 -159 0
-45 -63 0
-45 -77 0
-45 -95 0
-45 -111 0
-45 -127 0
-45 -144 0
-45 -159 0
-63 -77 0
-63 -95 0
-63 -111 0
-63 -127 0
-63 -144 0
-63 -159 0
-77 -95 0
-77 -111 0
-77 -127 0
-77 -144 0
-77 -159 0
-95 -111 0
-95 -127 0
-95 -144 0
-95 -159 0
-111 -127 0
-111 -144 0
-111 -159 0
-127 -144 0
-127 -159 0
-144 -159 0
-13 -28 0
-13 -46 0
-13 -64 0
-13 -78 0
-13 -96 0
-13 -112 0
-13 -128 0
-13 -145 0
-13 -160 0
-28 -46 0
-28 -64 0
-28 -78 0
-28 -96 0
-28 -112 0
-28 -128 0
-28 -145 0
-28 -160 0
-46 -64 0
-46 -78 0
-46 -96 0
-46 -112 0
-46 -128 0
-46 -145 0
-46 -160 0
-64 -78 0
-64 -96 0
-64 -112 0
-64 -128 0
-64 -145 0
-64 -160 0
-78 -96 0
-78 -112 0
-78 -128 0
-78 -145 0
-78 -160 0
-96 -112 0
-96 -128 0
-96 -145 0
-96 -160 0
-112 -128 0
-112 -145 0
-112 -160 0
-128 -145 0
-128 -160 0
-145 -160 0
-29 -47 0
-29 -79 0
-29 -97 0
-29 -113 0
-29 -129 0
-29 -146 0
-29 -161 0
-47 -79 0
-47 -97 0
-47 -113 0
-47 -129 0
-47 -146 0
-47 -161 0
-79 -97 0
-79 -113 0
-79 -129 0
-79 -146 0
-79 -161 0
-97 -113 0
-97 -129 0
-97 -146 0
-97 -161 0
-113 -129 0
-113 -146 0
-113 -161 0
-129 -146 0
-129 -161 0
-146 -161 0
-14 -30 0
-14 -48 0
-14 -65 0
-14 -80 0
-14 -98 0
-14 -114 0
-14 -130 0
-14 -147 0
-14 -162 0
-30 -48 0
-30 -65 0
-30 -80 0
-30 -98 0
-30 -114 0
-30 -130 0
-30 -147 0
-30 -162 0
-48 -65 0
-48 -80 0
-48 -98 0
-48 -114 0
-48 -130 0
-48 -147 0
-48 -162 0
-65 -80 0
-65 -98 0
-65 -114 0
-65 -130 0
-65 -147 0
-65 -162 0
-80 -98 0
-80 -114 0
-80 -130 0
-80 -147 0
-80 -162 0
-98 -114 0
-98 -130 0
-98 -147 0
-98 -162 0
-114 -130 0
-114 -147 0
-114 -162 0
-130 -147 0
-130 -162 0
-147 -162 0
-31 -49 0
-31 -66 0
-31 -81 0
-31 -99 0
-31 -115 0
-31 -131 0
-31 -148 0
-31 -163 0
-49 -66 0
-49 -81 0
-49 -99 0
-49 -115 0
-49 -131 0
-49 -148 0
-49 -163 0
-66 -81 0
-66 -99 0
-66 -115 0
-66 -131 0
-66 -148 0
-66 -163 0
-81 -99 0
-81 -115 0
-81 -131 0
-81 -148 0
-81 -163 0
-99 -115 0
-99 -131 0
-99 -148 0
-99 -163 0
-115 -131 0
-115 -148 0
-115 -163 0
-131 -148 0
-131 -163 0
-148 -163 0
-15 -32 0
-15 -50 0
-15 -67 0
-15 -82 0
-15 -100 0
-15 -116 0
-15 -132 0
-15 -149 0
-15 -164 0
-32 -50 0
-32 -67 0
-32 -82 0
-32 -100 0
-32 -116 0
-32 -132 0
-32 -149 0
-32 -164 0
-50 -67 0
-50 -82 0
-50 -100 0
-50 -116 0
-50 -132 0
-50 -149 0
-50 -164 0
-67 -82 0
-67 -100 0
-67 -116 0
-67 -132 0
-67 -149 0
-67 -164 0
-82 -100 0
-82 -116 0
-82 -132 0
-82 -149 0
-82 -164 0
-100 -116 0
-100 -132 0
-100 -149 0
-100 -164 0
-116 -132 0
-116 -149 0
-116 -164 0
-132 -149 0
-132 -164 0
-149 -164 0
