p cnf 203 809
1 2 3 4 5 6 7 8 9 10 11 12 13 14 15 16 17 18 19 0
20 21 22 23 24 25 26 27 28 29 30 31 32 33 34 35 36 37 0
81 82 83 84 85 86 87 88 89 90 91 92 93 94 95 96 97 98 0
99 100 101 102 103 104 105 106 107 108 109 110 111 112 113 114 115 116 117 118 119 0
120 121 122 123 124 125 126 127 128 129 130 131 132 133 134 135 136 137 138 139 140 0
141 142 143 144 145 146 147 148 149 150 151 152 153 154 155 156 157 158 159 160 161 0
162 163 164 165 166 167 168 169 170 171 172 173 174 175 176 177 178 179 180 181 182 183 0
184 185 186 187 188 189 190 191 192 193 194 195 196 197 198 199 200 201 202 203 0
-1 -20 0
-1 -59 0
-1 -81 0
-1 -99 0
-1 -120 0
-1 -141 0
-1 -162 0
-1 -184 0
-20 -59 0
-20 -81 0
-20 -99 0
-20 -120 0
-20 -141 0
-20 -162 0
-20 -184 0
-59 -81 0
-59 -99 0
-59 -120 0
-59 -141 0
-59 -162 0
-59 -184 0
-81 -99 0
-81 -120 0
-81 -141 0
-81 -162 0
-81 -184 0
-99 -120 0
-99 -141 0
-99 -162 0
-99 -184 0
-120 -141 0
-120 -162 0
-120 -184 0
-141 -162 0
-141 -184 0
-162 -184 0
-2 -21 0
-2 -38 0
-2 -82 0
-2 -100 0
-2 -121 0
-2 -142 0
-2 -163 0
-2 -185 0
-21 -38 0
-21 -82 0
-21 -100 0
-21 -121 0
-21 -142 0
-21 -163 0
-21 -185 0
-38 -82 0
-38 -100 0
-38 -121 0
-38 -142 0
-38 -163 0
-38 -185 0
-82 -100 0
-82 -121 0
-82 -142 0
-82 -163 0
-82 -185 0
-100 -121 0
-100 -142 0
-100 -163 0
-100 -185 0
-121 -142 0
-121 -163 0
-121 -185 0
-142 -163 0
-142 -185 0
-163 -185 0
-3 -22 0
-3 -39 0
-3 -60 0
-3 -83 0
-3 -101 0
-3 -122 0
-3 -143 0
-3 -164 0
-3 -186 0
-22 -39 0
-22 -60 0
-22 -83 0
-22 -101 0
-22 -122 0
-22 -143 0
-22 -164 0
-22 -186 0
-39 -60 0
-39 -83 0
-39 -101 0
-39 -122 0
-39 -143 0
-39 -164 0
-39 -186 0
-60 -83 0
-60 -101 0
-60 -122 0
-60 -143 0
-60 -164 0
-60 -186 0
-83 -101 0
-83 -122 0
-83 -143 0
-83 -164 0
-83 -186 0
-101 -122 0
-101 -143 0
-101 -164 0
-101 -186 0
-122 -143 0
-122 -164 0
-122 -186 0
-143 -164 0
-143 -186 0
-164 -186 0
-4 -40 0
-4 -61 0
-4 -84 0
-4 -102 0
-4 -123 0
-4 -144 0
-4 -165 0
-4 -187 0
-40 -61 0
-40 -84 0
-40 -102 0
-40 -123 0
-40 -144 0
-40 -165 0
-40 -187 0
-61 -84 0
-61 -102 0
-61 -123 0
-61 -144 0
-61 -165 0
-61 -187 0
-84 -102 0
-84 -123 0
-84 -144 0
-84 -165 0
-84 -187 0
-102 -123 0
-102 -144 0
-102 -165 0
-102 -187 0
-123 -144 0
-123 -165 0
-123 -187 0
-144 -165 0
-144 -187 0
-165 -187 0
-5 -41 0
-5 -62 0
-5 -85 0
-5 -103 0
-5 -124 0
-5 -145 0
-5 -166 0
-41 -62 0
-41 -85 0
-41 -103 0
-41 -124 0
-41 -145 0
-41 -166 0
-62 -85 0
-62 -103 0
-62 -124 0
-62 -145 0
-62 -166 0
-85 -103 0
-85 -124 0
-85 -145 0
-85 -166 0
-103 -124 0
-103 -145 0
-103 -166 0
-124 -145 0
-124 -166 0
-145 -166 0
-6 -23 0
-6 -42 0
-6 -63 0
-6 -86 0
-6 -104 0
-6 -125 0
-6 -167 0
-6 -188 0
-23 -42 0
-23 -63 0
-23 -86 0
-23 -104 0
-23 -125 0
-23 -167 0
-23 -188 0
-42 -63 0
-42 -86 0
-42 -104 0
-42 -125 0
-42 -167 0
-42 -188 0
-63 -86 0
-63 -104 0
-63 -125 0
-63 -167 0
-63 -188 0
-86 -104 0
-86 -125 0
-86 -167 0
-86 -188 0
-104 -125 0
-104 -167 0
-104 -188 0
-125 -167 0
-125 -188 0
-167 -188 0
-7 -43 0
-7 -64 0
-7 -87 0
-7 -105 0
-7 -126 0
-7 -146 0
-7 -168 0
-7 -189 0
-43 -64 0
-43 -87 0
-43 -105 0
-43 -126 0
-43 -146 0
-43 -168 0
-43 -189 0
-64 -87 0
-64 -105 0
-64 -126 0
-64 -146 0
-64 -168 0
-64 -189 0
-87 -105 0
-87 -126 0
-87 -146 0
-87 -168 0
-87 -189 0
-105 -126 0
-105 -146 0
-105 -168 0
-105 -189 0
-126 -146 0
-126 -168 0
-126 -189 0
-146 -168 0
-146 -189 0
-168 -189 0
-44 -65 0
-44 -88 0
-44 -106 0
-44 -127 0
-44 -147 0
-44 -169 0
-65 -88 0
-65 -106 0
-65 -127 0
-65 -147 0
-65 -169 0
-88 -106 0
-88 -127 0
-88 -147 0
-88 -169 0
-106 -127 0
-106 -147 0
-106 -169 0
-127 -147 0
-127 -169 0
-147 -169 0
-8 -24 0
-8 -45 0
-8 -66 0
-8 -89 0
-8 -107 0
-8 -148 0
-8 -170 0
-8 -190 0
-24 -45 0
-24 -66 0
-24 -89 0
-24 -107 0
-24 -148 0
-24 -170 0
-24 -190 0
-45 -66 0
-45 -89 0
-45 -107 0
-45 -148 0
-45 -170 0
-45 -190 0
-66 -89 0
-66 -107 0
-66 -148 0
-66 -170 0
-66 -190 0
-89 -107 0
-89 -148 0
-89 -170 0
-89 -190 0
-107 -148 0
-107 -170 0
-107 -190 0
-148 -170 0
-148 -190 0
-170 -190 0
-9 -25 0
-9 -46 0
-9 -67 0
-9 -108 0
-9 -128 0
-9 -149 0
-9 -171 0
-9 -191 0
-25 -46 0
-25 -67 0
-25 -108 0
-25 -128 0
-25 -149 0
-25 -171 0
-25 -191 0
-46 -67 0
-46 -108 0
-46 -128 0
-46 -149 0
-46 -171 0
-46 -191 0
-67 -108 0
-67 -128 0
-67 -149 0
-67 -171 0
-67 -191 0
-108 -128 0
-108 -149 0
-108 -171 0
-108 -191 0
-128 -149 0
-128 -171 0
-128 -191 0
-149 -171 0
-149 -191 0
-171 -191 0
-10 -47 0
-10 -68 0
-10 -90 0
-10 -109 0
-10 -129 0
-10 -150 0
-10 -172 0
-10 -192 0
-47 -68 0
-47 -90 0
-47 -109 0
-47 -129 0
-47 -150 0
-47 -172 0
-47 -192 0
-68 -90 0
-68 -109 0
-68 -129 0
-68 -150 0
-68 -172 0
-68 -192 0
-90 -109 0
-90 -129 0
-90 -150 0
-90 -172 0
-90 -192 0
-109 -129 0
-109 -150 0
-109 -172 0
-109 -192 0
-129 -150 0
-129 -172 0
-129 -192 0
-150 -172 0
-150 -192 0
-172 -192 0
-11 -26 0
-11 -48 0
-11 -69 0
-11 -110 0
-11 -130 0
-11 -151 0
-11 -173 0
-11 -193 0
-26 -48 0
-26 -69 0
-26 -110 0
-26 -130 0
-26 -151 0
-26 -173 0
-26 -193 0
-48 -69 0
-48 -110 0
-48 -130 0
-48 -151 0
-48 -173 0
-48 -193 0
-69 -110 0
-69 -130 0
-69 -151 0
-69 -173 0
-69 -193 0
-110 -130 0
-110 -151 0
-110 -173 0
-110 -193 0
-130 -151 0
-130 -173 0
-130 -193 0
-151 -173 0
-151 -193 0
-173 -193 0
-12 -27 0
-12 -49 0
-12 -70 0
-12 -91 0
-12 -111 0
-12 -131 0
-12 -152 0
-12 -174 0
-12 -194 0
-27 -49 0
-27 -70 0
-27 -91 0
-27 -111 0
-27 -131 0
-27 -152 0
-27 -174 0
-27 -194 0
-49 -70 0
-49 -91 0
-49 -111 0
-49 -131 0
-49 -152 0
-49 -174 0
-49 -194 0
-70 -91 0
-70 -111 0
-70 -131 0
-70 -152 0
-70 -174 0
-70 -194 0
-91 -111 0
-91 -131 0
-91 -152 0
-91 -174 0
-91 -194 0
-111 -131 0
-111 -152 0
-111 -174 0
-111 -194 0
-131 -152 0
-131 -174 0
-131 -194 0
-152 -174 0
-152 -194 0
-174 -194 0
-13 -28 0
-13 -50 0
-13 -71 0
-13 -112 0
-13 -132 0
-13 -153 0
-13 -175 0
-13 -195 0
-28 -50 0
-28 -71 0
-28 -112 0
-28 -132 0
-28 -153 0
-28 -175 0
-28 -195 0
-50 -71 0
-50 -112 0
-50 -132 0
-50 -153 0
-50 -175 0
-50 -195 0
-71 -112 0
-71 -132 0
-71 -153 0
-71 -175 0
-71 -195 0
-112 -132 0
-112 -153 0
-112 -175 0
-112 -195 0
-132 -153 0
-132 -175 0
-132 -195 0
-153 -175 0
-153 -195 0
-175 -195 0
-14 -29 0
-14 -51 0
-14 -72 0
-14 -92 0
-14 -113 0
-14 -154 0
-14 -176 0
-14 -196 0
-29 -51 0
-29 -72 0
-29 -92 0
-29 -113 0
-29 -154 0
-29 -176 0
-29 -196 0
-51 -72 0
-51 -92 0
-51 -113 0
-51 -154 0
-51 -176 0
-51 -196 0
-72 -92 0
-72 -113 0
-72 -154 0
-72 -176 0
-72 -196 0
-92 -113 0
-92 -154 0
-92 -176 0
-92 -196 0
-113 -154 0
-113 -176 0
-113 -196 0
-154 -176 0
-154 -196 0
-176 -196 0
-30 -52 0
-30 -73 0
-30 -114 0
-30 -133 0
-30 -155 0
-30 -177 0
-30 -197 0
-52 -73 0
-52 -114 0
-52 -133 0
-52 -155 0
-52 -177 0
-52 -197 0
-73 -114 0
-73 -133 0
-73 -155 0
-73 -177 0
-73 -197 0
-114 -133 0
-114 -155 0
-114 -177 0
-114 -197 0
-133 -155 0
-133 -177 0
-133 -197 0
-155 -177 0
-155 -197 0
-177 -197 0
-15 -31 0
-15 -53 0
-15 -74 0
-15 -93 0
-15 -134 0
-15 -156 0
-15 -178 0
-15 -198 0
-31 -53 0
-31 -74 0
-31 -93 0
-31 -134 0
-31 -156 0
-31 -178 0
-31 -198 0
-53 -74 0
-53 -93 0
-53 -134 0
-53 -156 0
-53 -178 0
-53 -198 0
-74 -93 0
-74 -134 0
-74 -156 0
-74 -178 0
-74 -198 0
-93 -134 0
-93 -156 0
-93 -178 0
-93 -198 0
-134 -156 0
-134 -178 0
-134 -198 0
-156 -178 0
-156 -198 0
-178 -198 0
-32 -54 0
-32 -75 0
-32 -94 0
-32 -115 0
-32 -135 0
-32 -157 0
-32 -199 0
-54 -75 0
-54 -94 0
-54 -115 0
-54 -135 0
-54 -157 0
-54 -199 0
-75 -94 0
-75 -115 0
-75 -135 0
-75 -157 0
-75 -199 0
-94 -115 0
-94 -135 0
-94 -157 0
-94 -199 0
-115 -135 0
-115 -157 0
-115 -199 0
-135 -157 0
-135 -199 0
-157 -199 0
-16 -33 0
-16 -55 0
-16 -76 0
-16 -116 0
-16 -136 0
-16 -158 0
-16 -179 0
-33 -55 0
-33 -76 0
-33 -116 0
-33 -136 0
-33 -158 0
-33 -179 0
-55 -76 0
-55 -116 0
-55 -136 0
-55 -158 0
-55 -179 0
-76 -116 0
-76 -136 0
-76 -158 0
-76 -179 0
-116 -136 0
-116 -158 0
-116 -179 0
-136 -158 0
-136 -179 0
-158 -179 0
-34 -56 0
-34 -77 0
-34 -95 0
-34 -117 0
-34 -137 0
-34 -180 0
-34 -200 0
-56 -77 0
-56 -95 0
-56 -117 0
-56 -137 0
-56 -180 0
-56 -200 0
-77 -95 0
-77 -117 0
-77 -137 0
-77 -180 0
-77 -200 0
-95 -117 0
-95 -137 0
-95 -180 0
-95 -200 0
-117 -137 0
-117 -180 0
-117 -200 0
-137 -180 0
-137 -200 0
-180 -200 0
-17 -35 0
-17 -57 0
-17 -78 0
-17 -96 0
-17 -118 0
-17 -138 0
-17 -159 0
-17 -181 0
-17 -201 0
-35 -57 0
-35 -78 0
-35 -96 0
-35 -118 0
-35 -138 0
-35 -159 0
-35 -181 0
-35 -201 0
-57 -78 0
-57 -96 0
-57 -118 0
-57 -138 0
-57 -159 0
-57 -181 0
-57 -201 0
-78 -96 0
-78 -118 0
-78 -138 0
-78 -159 0
-78 -181 0
-78 -201 0
-96 -118 0
-96 -138 0
-96 -159 0
-96 -181 0
-96 -201 0
-118 -138 0
-118 -159 0
-118 -181 0
-118 -201 0
-138 -159 0
-138 -181 0
-138 -201 0
-159 -181 0
-159 -201 0
-181 -201 0
-18 -36 0
-18 -79 0
-18 -97 0
-18 -139 0
-18 -160 0
-18 -182 0
-18 -202 0
-36 -79 0
-36 -97 0
-36 -139 0
-36 -160 0
-36 -182 0
-36 -202 0
-79 -97 0
-79 -139 0
-79 -160 0
-79 -182 0
-79 -202 0
-97 -139 0
-97 -160 0
-97 -182 0
-97 -202 0
-139 -160 0
-139 -182 0
-139 -202 0
-160 -182 0
-160 -202 0
-182 -202 0
-19 -37 0
-19 -58 0
-19 -80 0
-19 -98 0
-19 -119 0
-19 -140 0
-19 -161 0
-19 -183 0
-19 -203 0
-37 -58 0
-37 -80 0
-37 -98 0
-37 -119 0
-37 -140 0
-37 -161 0
-37 -183 0
-37 -203 0
-58 -80 0
-58 -98 0
-58 -119 0
-58 -140 0
-58 -161 0
-58 -183 0
-58 -203 0
-80 -98 0
-80 -119 0
-80 -140 0
-80 -161 0
-80 -183 0
-80 -203 0
-98 -119 0
-98 -140 0
-98 -161 0
-98 -183 0
-98 -203 0
-119 -140 0
-119 -161 0
-119 -183 0
-119 -203 0
-140 -161 0
-140 -183 0
-140 -203 0
-161 -183 0
-161 -203 0
-183 -203 0
