p cnf 89 327
-23 53 -84 0
-5 -9 -37 0
-9 -68 -89 0
-30 44 -48 0
-19 48 -61 0
18 61 65 0
-2 49 -87 0
-6 -10 -86 0
22 40 63 0
-51 66 -69 0
-1 24 -68 0
25 -39 -61 0
4 -12 -73 0
54 -72 0
29 30 -89 0
17 -39 -40 0
4 -10 -15 0
3 -29 -47 0
40 -42 -51 0
40 -45 62 0
27 -28 52 0
20 -46 0
10 -53 -57 0
-76 81 0
43 77 86 0
-3 -4 -23 0
-22 28 86 0
-2 -64 67 0
5 -81 88 0
25 -77 0
-16 -76 0
16 29 89 0
7 -22 31 0
-49 63 -78 0
-15 -19 -77 0
-49 60 0
59 -76 -80 0
32 53 84 0
-21 -76 0
-15 22 26 0
16 -57 0
-6 -30 -86 0
-30 -57 -83 0
6 -28 61 0
5 -39 -84 0
-37 -80 85 0
-20 -45 -57 0
-9 29 -45 0
-9 44 62 0
12 27 -31 0
3 12 -70 0
-5 88 89 0
-34 50 53 0
-4 -29 49 0
33 61 0
18 -24 86 0
14 -53 84 0
-74 87 88 0
18 -41 -48 0
19 48 68 0
14 -47 87 0
-13 -26 -67 0
-5 47 79 0
31 -38 -48 0
10 40 -42 0
-6 -70 -74 0
38 -55 80 0
-57 66 71 0
2 -31 0
7 -30 -51 0
3 20 25 0
1 36 -42 0
2 -18 -52 0
21 -66 84 0
-18 27 -51 0
19 48 72 0
-7 -25 -56 0
8 76 0
7 -26 0
7 -82 -83 0
-17 -43 86 0
-2 6 38 0
-39 -57 58 0
36 74 -88 0
8 39 67 0
-24 59 60 0
39 -47 -81 0
6 32 -70 0
8 -21 76 0
-44 74 -77 0
-23 -27 -48 0
37 43 -48 0
-7 47 -60 0
-18 -78 0
-4 -12 69 0
-38 55 0
-42 61 -69 0
5 -44 -47 0
-42 45 -80 0
32 64 -86 0
-19 55 -76 0
5 -8 48 0
13 -46 60 0
17 34 -89 0
-46 50 76 0
6 20 66 0
39 -43 44 0
15 37 -73 0
-6 -30 70 0
2 -25 83 0
3 -20 25 0
-18 -50 0
63 66 74 0
57 -74 0
24 -53 -63 0
-15 -38 -42 0
-6 -15 35 0
-44 59 -82 0
50 -73 75 0
-21 34 66 0
2 -46 62 0
72 81 89 0
-54 -66 -68 0
-63 -65 -82 0
2 -30 -48 0
-31 50 62 0
28 -63 0
50 79 88 0
-55 -56 66 0
16 73 88 0
28 73 0
31 -47 86 0
-17 54 79 0
11 20 0
24 52 71 0
35 -37 64 0
-21 35 68 0
7 38 65 0
16 81 0
-1 -58 0
1 -40 80 0
-44 46 82 0
-9 49 -72 0
18 -38 -45 0
-12 -44 -78 0
12 18 -83 0
-10 22 -86 0
-11 35 -36 0
28 29 -53 0
-34 -70 87 0
12 22 -83 0
2 14 16 0
-49 71 0
-4 -25 48 0
22 -39 -88 0
-10 -20 -74 0
-10 64 0
73 77 79 0
-16 36 42 0
30 41 87 0
-10 -47 -61 0
-9 40 -50 0
-10 -32 -47 0
18 25 46 0
-12 17 -70 0
-34 41 -56 0
-12 -30 55 0
3 23 81 0
-22 56 -74 0
15 -59 -75 0
58 62 0
-4 -6 27 0
-17 -29 -40 0
-72 -83 -85 0
7 61 74 0
-14 53 54 0
48 65 -85 0
-3 -12 89 0
7 -68 71 0
-5 -57 61 0
-48 57 -68 0
-36 57 75 0
18 -30 67 0
-22 -46 49 0
-7 15 -50 0
-14 56 77 0
-3 -16 0
-42 52 -68 0
-14 -19 -84 0
-8 -16 -49 0
5 44 63 0
36 -69 78 0
-21 30 72 0
-9 -23 40 0
-9 -27 -73 0
4 -88 0
-39 -76 0
-2 -3 -87 0
-54 75 -80 0
24 -69 83 0
46 75 -76 0
12 37 57 0
-10 12 53 0
-15 42 46 0
-55 -69 70 0
14 19 34 0
-2 -41 0
14 -43 63 0
31 -69 78 0
-39 -53 0
-9 -55 -68 0
-3 -13 50 0
-18 -61 74 0
-47 85 0
19 77 -78 0
-20 75 87 0
-41 -87 0
-19 -21 -49 0
-10 -72 -81 0
38 -57 -73 0
-7 54 0
48 -49 -51 0
-29 49 -66 0
-4 -17 26 0
45 -46 -49 0
-45 48 -88 0
-17 -83 87 0
43 48 -77 0
17 30 -82 0
42 60 -71 0
-29 30 0
-23 -73 -87 0
72 74 0
24 57 -70 0
-45 -78 -86 0
40 -72 -75 0
26 -45 0
25 58 80 0
57 -61 -67 0
-21 67 -83 0
2 -15 0
51 -64 -78 0
-1 -56 -73 0
76 89 0
-25 43 87 0
-23 51 -77 0
-37 86 0
-51 -77 78 0
-25 -28 89 0
18 19 56 0
-16 -57 -82 0
-48 -70 -72 0
-17 -24 53 0
41 -56 0
-30 52 0
-4 10 13 0
-77 81 0
30 -45 0
-54 59 -62 0
-35 -44 88 0
-43 -51 0
-43 -47 86 0
-52 69 80 0
53 56 61 0
-16 -18 -38 0
16 -62 86 0
-25 77 -86 0
41 -48 -80 0
-1 -38 0
-32 50 84 0
45 53 -57 0
-5 -66 -70 0
57 -65 0
-26 -56 -70 0
8 -55 -89 0
-8 -66 0
-27 28 -65 0
-28 31 87 0
-57 -74 80 0
-22 -62 65 0
28 55 -80 0
-45 48 -63 0
23 -32 -43 0
-47 -50 51 0
-3 -39 -70 0
75 -88 0
5 -49 72 0
10 20 87 0
11 33 53 0
11 -45 0
-33 -43 0
-14 -59 -76 0
5 35 0
-1 10 28 0
-21 -48 -54 0
-12 87 0
-46 80 81 0
-40 -49 52 0
33 81 88 0
-8 9 -55 0
-11 -87 88 0
14 -51 0
9 -21 -58 0
-4 28 0
4 -39 -82 0
47 -51 74 0
13 -30 37 0
24 -89 0
23 -54 60 0
-13 -45 -70 0
5 71 85 0
-4 63 70 0
-33 40 -58 0
40 42 60 0
12 -39 64 0
32 -71 78 0
-26 63 65 0
7 -27 -72 0
29 55 61 0
-8 66 0
-5 35 -71 0
-19 54 82 0
42 -52 -84 0
49 -74 78 0
47 60 89 0
22 -52 -82 0
3 -67 89 0
