p cnf 90 356
-15 -16 -29 0
25 -34 -47 0
-7 43 -75 0
-4 -36 60 0
-14 -20 40 0
36 40 0
3 73 84 0
-41 -56 -73 0
25 -48 61 0
35 -49 -77 0
-33 -62 83 0
-15 23 -45 0
-47 -62 77 0
-79 -87 -88 0
-31 81 -87 0
64 -81 -86 0
-1 -27 81 0
36 -67 70 0
-3 -22 -77 0
-9 21 86 0
-56 -65 -69 0
-22 -70 76 0
-20 41 45 0
21 53 -87 0
-73 -78 79 0
-1 -25 85 0
15 31 -63 0
5 -41 72 0
-71 80 0
-38 59 62 0
6 -11 81 0
38 -84 0
79 -80 87 0
16 41 -84 0
18 58 -68 0
21 35 -88 0
15 74 0
-43 70 76 0
37 -67 -82 0
-10 11 39 0
5 74 0
3 -13 66 0
10 19 -69 0
-9 25 -78 0
65 80 0
42 -58 66 0
-6 51 -84 0
7 37 41 0
-6 16 -43 0
34 71 -78 0
-31 83 0
12 -79 -81 0
30 -59 69 0
37 43 -50 0
16 63 0
21 -83 0
8 -49 54 0
-30 46 53 0
-8 44 60 0
12 -64 69 0
-6 -51 85 0
34 -71 -89 0
60 -73 0
55 70 79 0
-52 -54 -83 0
33 -82 0
-23 -26 61 0
12 -43 89 0
24 83 0
12 61 -77 0
9 22 64 0
-7 22 58 0
10 56 68 0
25 -26 -39 0
4 53 70 0
-49 61 -69 0
-5 -64 -87 0
-7 11 76 0
-2 -19 27 0
32 -50 -72 0
-3 -7 -29 0
-45 55 83 0
20 69 73 0
20 -21 77 0
37 53 88 0
-46 68 0
-25 -67 86 0
-30 -32 0
-21 -40 -82 0
-9 53 -59 0
-9 -40 67 0
-24 -34 77 0
-22 37 -77 0
-9 -80 0
-21 -34 -77 0
-9 -22 49 0
16 23 30 0
7 44 -78 0
7 -14 -24 0
12 62 -74 0
53 67 -87 0
7 81 0
5 -45 59 0
-6 -83 0
15 50 -62 0
-14 -47 77 0
-43 -64 66 0
-26 63 89 0
-11 -37 -57 0
51 -70 90 0
-61 -62 67 0
-8 -10 -16 0
54 72 -86 0
-20 -30 -65 0
10 32 68 0
64 -70 86 0
-1 26 -54 0
29 61 82 0
43 -47 76 0
16 -19 58 0
12 -47 88 0
-13 14 -44 0
-16 42 -53 0
44 -57 62 0
3 9 64 0
-25 27 85 0
-35 65 -74 0
-31 -35 89 0
9 28 0
-8 46 77 0
9 46 62 0
-33 86 -89 0
-5 -20 34 0
-7 -19 29 0
-1 45 0
-2 74 -75 0
2 -4 -54 0
-7 12 -26 0
45 71 75 0
-65 66 -88 0
52 75 82 0
18 22 31 0
8 -29 35 0
-18 -64 70 0
45 48 -53 0
16 20 -62 0
-9 -37 61 0
55 -60 65 0
29 -56 -64 0
17 -81 90 0
31 35 -79 0
-6 15 76 0
-59 -79 87 0
37 54 -68 0
15 -30 53 0
-3 42 -43 0
60 -61 62 0
-17 -78 0
6 -61 -68 0
26 32 76 0
39 -61 64 0
48 -67 0
11 35 51 0
-31 81 -87 0
-20 -51 -68 0
22 25 -65 0
-58 -62 84 0
-82 -84 0
-59 -90 0
23 27 -32 0
23 -41 60 0
-59 -69 -74 0
-10 -34 74 0
-47 68 -77 0
13 -67 73 0
21 -24 37 0
-2 9 -47 0
-55 56 -63 0
-11 -54 77 0
-34 66 -78 0
12 19 70 0
-18 26 88 0
28 -29 -38 0
20 47 90 0
4 19 -38 0
39 59 89 0
1 -75 82 0
51 71 -88 0
-28 45 -71 0
-58 -72 89 0
3 29 0
53 75 84 0
30 61 73 0
-19 26 79 0
69 -82 0
-47 -51 84 0
-3 81 0
23 26 48 0
-10 14 35 0
67 74 0
1 14 79 0
-33 -39 0
24 52 -57 0
-10 -65 81 0
-1 -4 27 0
3 -20 81 0
-14 -77 86 0
-14 -15 82 0
8 21 -46 0
-4 -5 -23 0
-7 -42 79 0
26 33 77 0
-24 -29 60 0
12 -82 -89 0
54 61 80 0
-18 -50 72 0
26 58 0
6 16 51 0
-13 25 75 0
23 -75 90 0
-26 81 90 0
55 66 -90 0
41 -53 -88 0
4 8 66 0
-16 45 -80 0
54 -66 74 0
-12 19 -21 0
-14 36 52 0
-28 46 71 0
-38 -72 89 0
-9 38 64 0
-15 67 90 0
2 -7 -25 0
-20 31 -79 0
9 -22 -30 0
-9 26 -47 0
28 -45 -65 0
33 56 88 0
-9 16 -81 0
17 37 80 0
-10 30 0
5 12 0
48 49 0
16 -20 37 0
26 41 0
-26 33 90 0
1 -27 52 0
-65 80 90 0
31 -64 -71 0
27 -65 0
70 78 86 0
-4 -13 -18 0
-21 -34 0
-16 -73 -83 0
-12 -31 -84 0
25 71 -78 0
-11 58 -84 0
12 -44 81 0
18 -29 90 0
6 16 -35 0
-30 70 0
28 -76 0
-25 -40 86 0
-2 70 0
-60 -66 80 0
-38 -72 -79 0
2 -22 86 0
15 22 -69 0
37 43 59 0
-16 21 59 0
-13 52 81 0
13 -14 37 0
41 62 -72 0
23 31 0
22 -30 -57 0
11 -64 83 0
38 -45 89 0
-38 -43 -59 0
-50 63 0
1 21 -30 0
-27 66 73 0
-17 39 81 0
33 60 -70 0
-2 12 68 0
-43 51 0
-37 -68 -75 0
16 48 0
-19 -55 68 0
32 57 0
-69 -72 87 0
-6 -9 -88 0
9 -17 19 0
-38 45 57 0
17 -75 0
-13 -66 76 0
5 59 80 0
-8 -18 -76 0
54 -75 89 0
46 -59 -73 0
42 70 -82 0
2 -71 0
9 -14 -47 0
-28 30 -65 0
-3 15 46 0
-27 82 0
59 -64 -77 0
-11 43 -54 0
-11 -68 72 0
54 65 -74 0
-18 -59 -89 0
29 46 0
-6 12 -45 0
6 -42 73 0
-28 -64 68 0
-2 77 81 0
-25 -70 -80 0
26 -57 -78 0
-31 33 38 0
-17 32 62 0
-24 -28 -77 0
43 -54 0
1 -45 -69 0
-59 73 80 0
22 -81 0
-7 8 33 0
-19 -27 -85 0
-42 -44 -51 0
-1 32 -42 0
-51 54 65 0
42 -73 -84 0
15 -26 28 0
34 -46 59 0
1 40 0
33 35 74 0
-89 -90 0
19 21 -23 0
-24 -56 61 0
28 42 -90 0
13 72 0
-1 43 67 0
-7 -77 0
-18 24 -60 0
-26 -90 0
-1 44 0
36 39 72 0
44 49 0
34 57 -66 0
10 -71 -77 0
8 44 77 0
-21 -29 -59 0
21 38 65 0
29 37 86 0
-56 66 -68 0
45 -49 67 0
-15 23 -36 0
53 -60 -68 0
