p cnf 93 362
33 41 83 0
-4 -7 -39 0
-3 4 49 0
59 -79 90 0
17 -28 0
-13 39 85 0
-19 -54 -69 0
10 17 0
33 76 80 0
-32 -41 0
-27 28 61 0
43 56 60 0
8 18 28 0
-68 74 -83 0
34 -37 82 0
33 -39 52 0
6 8 89 0
-4 -19 81 0
-1 -7 21 0
15 -44 90 0
-17 58 71 0
49 74 0
-10 -22 -56 0
39 -68 -77 0
55 70 74 0
10 82 89 0
-15 -82 -89 0
60 65 0
21 84 -90 0
3 -88 -91 0
45 -64 -71 0
-51 -52 -81 0
-6 63 0
14 -72 77 0
88 90 0
-4 35 54 0
41 52 -70 0
40 78 -83 0
1 -88 0
-11 -72 -89 0
1 -7 0
-54 57 -77 0
-17 57 70 0
7 -19 90 0
27 42 68 0
-45 -61 0
-73 -85 0
-41 70 -75 0
25 -69 -80 0
7 -58 -62 0
38 43 76 0
-24 -29 64 0
43 -65 90 0
-18 -67 70 0
46 -67 0
-31 86 -92 0
2 -51 63 0
-4 44 92 0
17 -22 29 0
-7 -28 -37 0
-9 16 -18 0
-5 43 -54 0
3 13 42 0
-9 -25 60 0
-32 44 59 0
5 49 75 0
36 48 71 0
-26 -34 -80 0
-31 -66 -93 0
-4 44 90 0
1 3 45 0
25 -61 -89 0
24 -77 -79 0
-23 63 92 0
-48 -72 75 0
25 47 70 0
17 32 -59 0
40 -53 0
-2 75 0
-29 36 -91 0
-11 -63 -69 0
-7 -24 76 0
20 -63 89 0
-13 -53 80 0
-23 -87 93 0
-3 22 -54 0
-30 -44 -78 0
-9 54 -89 0
11 18 86 0
65 77 78 0
13 19 39 0
10 11 33 0
4 -36 64 0
5 23 36 0
2 -41 90 0
38 67 -92 0
-12 26 0
-10 -35 0
-12 19 -44 0
2 -5 -20 0
-58 -59 92 0
4 9 49 0
45 -68 -71 0
55 -60 78 0
-24 -87 0
-35 60 -92 0
52 53 91 0
-45 64 77 0
-5 -47 79 0
22 -72 93 0
-18 -93 0
22 51 77 0
-15 25 -39 0
-25 52 90 0
-3 19 83 0
13 36 -55 0
20 35 -93 0
-13 -54 82 0
-48 56 -71 0
5 -43 86 0
21 -34 38 0
-23 -32 39 0
-48 -55 -88 0
36 70 72 0
-32 50 0
-21 50 -75 0
-39 49 90 0
-14 34 -89 0
-5 13 -29 0
-3 45 75 0
-19 63 92 0
-22 28 0
-26 51 -67 0
20 -41 -42 0
9 -41 -77 0
42 69 70 0
5 29 -45 0
34 -35 88 0
-33 55 88 0
-4 -51 92 0
-27 -56 81 0
-2 -3 -67 0
72 -80 -89 0
-29 -57 -84 0
77 -80 -92 0
-40 -87 -90 0
-1 -27 0
16 45 84 0
16 -32 -74 0
-36 -56 -62 0
7 79 85 0
31 -60 0
2 -48 -80 0
38 -65 71 0
-45 -59 71 0
-1 -50 0
-13 -89 -91 0
24 -42 48 0
4 -55 -63 0
42 56 -86 0
26 53 -65 0
-34 -42 84 0
19 -43 -73 0
6 32 79 0
-13 -87 -89 0
-62 67 -72 0
-13 85 89 0
25 -42 -70 0
5 -39 86 0
22 80 88 0
29 41 89 0
-12 -56 72 0
50 -52 55 0
1 35 -93 0
8 35 -72 0
6 72 92 0
-39 53 -80 0
-21 -31 -64 0
12 -16 75 0
63 -78 -87 0
33 -87 0
35 -38 -51 0
11 60 88 0
33 -86 92 0
-10 -71 93 0
35 37 -66 0
-20 70 -81 0
56 68 -73 0
-56 83 0
38 46 -68 0
44 -91 0
-11 -82 0
47 -54 92 0
60 75 0
14 -18 -46 0
53 -60 62 0
8 16 -89 0
33 -55 -89 0
-19 -20 89 0
64 67 -76 0
5 -64 82 0
60 -70 -75 0
5 -15 -70 0
-11 15 -73 0
11 60 72 0
55 -57 88 0
-9 29 45 0
32 -76 92 0
2 13 25 0
-62 -83 -84 0
-9 16 -70 0
38 42 -76 0
37 72 0
-10 45 78 0
10 35 46 0
11 -39 -56 0
-49 54 0
-13 48 74 0
-19 -55 -70 0
53 -55 57 0
-16 50 92 0
-25 40 -50 0
37 59 0
-9 45 67 0
-50 59 -64 0
-10 -26 56 0
9 -37 71 0
-31 66 75 0
-2 4 79 0
33 -73 -90 0
-34 59 79 0
-18 69 -73 0
44 80 88 0
-17 -39 69 0
-6 -9 -71 0
19 -39 62 0
-6 21 26 0
-34 -44 -70 0
2 53 -74 0
-84 -91 0
-27 92 0
-5 -42 57 0
-44 76 87 0
1 51 -54 0
42 -49 -72 0
-6 48 -75 0
-17 20 -44 0
12 67 0
16 71 0
5 -51 59 0
-23 -56 0
-4 -31 -71 0
17 -30 69 0
-57 88 0
68 78 -84 0
21 -66 69 0
62 74 -83 0
-8 24 56 0
7 -17 23 0
30 86 -93 0
-5 -59 75 0
-66 81 92 0
-7 34 92 0
19 33 0
54 -66 90 0
38 -41 83 0
-24 -54 -57 0
-35 50 58 0
-27 57 -74 0
-47 56 -90 0
-1 44 -84 0
-32 80 0
17 62 -85 0
-7 -52 -60 0
-17 36 84 0
70 75 78 0
20 -46 -52 0
14 -48 -59 0
17 33 47 0
35 45 -75 0
43 49 53 0
31 -73 -76 0
-10 17 52 0
54 -62 -66 0
-2 45 79 0
21 -39 -45 0
-3 -53 -59 0
-4 16 62 0
-45 60 -67 0
-17 -21 0
79 88 0
25 -42 62 0
4 -73 81 0
20 -51 79 0
-19 48 86 0
10 48 75 0
-6 -39 84 0
8 17 27 0
6 8 -33 0
-16 40 0
-24 51 71 0
-46 64 -78 0
-26 42 -43 0
27 -60 66 0
3 -10 -15 0
1 -87 -93 0
-19 28 29 0
49 51 90 0
-44 50 0
16 -41 -69 0
2 7 -42 0
41 47 83 0
16 -47 84 0
24 75 -85 0
4 73 -88 0
8 40 87 0
-8 70 92 0
35 -48 91 0
2 25 -78 0
7 -16 -30 0
23 -42 87 0
58 62 -79 0
-64 66 74 0
-14 45 -77 0
33 -43 -47 0
18 -88 -91 0
-55 68 -77 0
-13 74 82 0
16 78 -83 0
-43 -48 82 0
-70 81 87 0
-3 34 -43 0
48 68 0
-38 55 -62 0
-45 -61 0
-21 -27 -38 0
3 -6 36 0
11 -20 29 0
11 40 68 0
-25 79 80 0
15 64 79 0
-45 65 -72 0
-5 42 54 0
-79 80 -81 0
15 -44 -75 0
-33 74 84 0
-17 -54 88 0
24 -57 58 0
-4 -70 84 0
-30 69 72 0
14 -46 -53 0
-11 44 -77 0
-12 -48 -78 0
34 77 -81 0
9 -58 -73 0
-40 -47 78 0
22 84 87 0
-7 17 23 0
-2 37 -60 0
16 -18 46 0
-9 52 -54 0
-9 47 -76 0
