p cnf 78 304
-10 15 73 0
11 24 45 0
41 52 -60 0
-22 -40 0
8 -45 -77 0
32 54 -62 0
55 70 -78 0
16 -20 -27 0
15 73 0
21 -29 -36 0
4 17 43 0
40 -52 53 0
-43 -45 59 0
15 26 0
-6 47 -55 0
-63 -70 0
25 -47 0
-6 46 48 0
16 43 0
-7 -36 59 0
-25 -43 -49 0
-1 27 0
-8 57 0
-29 -33 37 0
-2 21 -44 0
37 -54 61 0
4 63 0
-41 77 78 0
-26 35 -74 0
3 14 0
-39 -49 -74 0
-25 -27 51 0
-20 55 0
-27 -40 65 0
-40 50 0
-55 70 0
3 -6 0
15 21 32 0
4 39 -73 0
6 60 70 0
46 -52 -56 0
13 -22 -47 0
13 35 36 0
-55 -68 0
18 49 -72 0
-31 -76 0
9 -17 0
-49 -50 -72 0
28 33 0
32 55 -78 0
-47 -64 -66 0
12 33 77 0
37 -45 56 0
37 -72 0
-43 -73 0
-24 46 61 0
6 -60 -71 0
6 -40 -58 0
24 41 -53 0
45 -52 0
2 24 25 0
-15 -70 0
-29 31 47 0
20 -37 49 0
10 -75 -76 0
19 -24 0
8 12 -54 0
42 -43 0
21 44 -50 0
-2 12 -30 0
45 48 0
-5 -11 -64 0
-15 -23 62 0
1 -32 -77 0
11 -54 -75 0
29 59 62 0
22 -27 36 0
-15 -46 48 0
20 -30 -71 0
-22 23 0
-21 -65 73 0
54 56 73 0
57 67 0
-29 -56 -63 0
-8 64 65 0
-7 -35 0
7 30 -71 0
-22 45 54 0
-67 -73 0
8 -33 57 0
-5 26 -76 0
-20 -35 0
-14 -19 24 0
25 -59 77 0
-8 -51 0
-32 57 71 0
42 -51 55 0
-20 -55 -56 0
-14 -54 -73 0
-41 42 71 0
-25 -34 -49 0
-18 23 60 0
25 50 51 0
-8 28 72 0
13 -19 75 0
-2 30 0
-69 72 0
-28 -57 0
-2 16 -65 0
65 -70 -71 0
34 -63 0
-35 53 -54 0
23 -61 -63 0
41 -48 0
-1 -56 -68 0
12 -26 -63 0
17 -51 76 0
-5 -24 45 0
21 56 74 0
-34 -50 -54 0
1 -19 21 0
-3 19 49 0
16 -38 75 0
-2 -63 0
-12 19 77 0
-2 14 46 0
-13 27 -55 0
-16 -49 0
15 -17 -69 0
25 -29 58 0
17 36 -78 0
-29 -30 52 0
15 -61 0
-19 -54 78 0
3 22 0
20 -42 46 0
-3 67 -78 0
4 23 39 0
30 62 0
6 -21 64 0
-9 -26 -32 0
-34 -62 -64 0
-1 39 0
36 46 77 0
25 -36 -57 0
15 -51 -78 0
24 -36 61 0
-45 66 0
-25 62 71 0
4 40 -60 0
-52 -71 0
-20 37 64 0
4 -37 -47 0
27 49 0
-32 51 -72 0
-30 40 42 0
-12 -19 27 0
-9 -43 64 0
-38 55 61 0
54 -59 0
56 -67 0
19 -31 42 0
19 27 62 0
-8 19 0
10 12 58 0
-6 11 35 0
-35 52 56 0
38 46 69 0
9 -28 -39 0
27 51 69 0
-14 -59 0
-5 55 -62 0
-14 -29 -34 0
-14 -16 -47 0
28 -34 52 0
46 -57 77 0
56 -61 -76 0
-35 36 66 0
-8 35 45 0
-15 -16 50 0
14 -42 -64 0
-19 -23 61 0
47 -74 -78 0
42 69 0
-3 6 -32 0
-17 51 -67 0
1 -31 -36 0
39 56 -57 0
47 -67 72 0
-46 -54 74 0
28 59 66 0
14 -47 55 0
-37 -67 76 0
-60 -62 78 0
16 -24 71 0
10 12 -67 0
-15 21 71 0
-42 44 -67 0
1 40 -58 0
10 48 -75 0
-3 64 74 0
-3 26 -75 0
-20 39 58 0
-35 50 63 0
2 3 0
-12 35 0
-1 65 -74 0
-5 -49 -75 0
10 -32 -35 0
60 -66 0
4 16 -71 0
-58 59 0
29 -43 -67 0
15 -55 69 0
33 -64 76 0
11 -58 -78 0
-1 -33 -71 0
-24 -67 76 0
-33 -51 -61 0
-4 50 0
60 63 0
-39 50 70 0
31 52 -66 0
27 53 0
-50 70 75 0
37 -45 58 0
-51 67 0
5 -34 70 0
3 -66 73 0
47 59 -73 0
41 -76 0
-32 65 -78 0
3 19 0
8 -38 -42 0
3 -47 72 0
34 -51 65 0
26 -28 -57 0
-9 15 -41 0
-4 64 69 0
-49 -54 0
44 46 75 0
34 35 41 0
28 38 62 0
-34 -45 -46 0
19 -25 -27 0
-21 64 0
-10 -70 0
17 36 -47 0
-22 41 -45 0
-36 39 41 0
11 -27 -71 0
47 -71 0
-21 22 -40 0
-34 61 -62 0
-9 -37 0
-16 -21 54 0
39 56 0
16 22 -72 0
6 -46 -52 0
-16 -35 59 0
-2 34 78 0
-31 -40 49 0
41 69 0
31 -70 0
-47 67 0
-16 23 35 0
-7 -56 0
-6 40 0
10 -23 29 0
-17 -60 0
11 -73 -74 0
4 9 -47 0
32 -76 0
-4 17 46 0
-22 -70 -74 0
-13 -15 0
1 31 55 0
-34 43 -53 0
-29 -34 48 0
12 21 -56 0
15 -39 0
-37 -76 0
-8 46 0
-9 13 -28 0
-20 38 69 0
2 17 0
-48 -63 -76 0
-26 42 53 0
-11 -72 0
3 7 -76 0
37 -50 66 0
-8 -29 49 0
45 46 -69 0
51 57 -67 0
-6 19 55 0
-10 16 -20 0
12 -77 0
-4 24 -75 0
-12 49 -55 0
-10 -25 0
49 61 74 0
-3 67 0
-48 -54 63 0
21 -26 41 0
