p cnf 85 323
-2 -83 0
43 -56 69 0
6 -30 0
-34 56 -72 0
1 32 -37 0
-18 -27 -66 0
-20 75 80 0
43 -44 78 0
-31 -32 73 0
-45 -67 -69 0
-8 43 -68 0
-4 -19 68 0
40 56 -84 0
73 -75 -80 0
-18 -39 -65 0
22 25 -77 0
-8 -19 46 0
-16 21 -71 0
70 -71 80 0
-33 -46 0
-4 52 69 0
-33 -36 85 0
45 77 80 0
-16 19 47 0
18 -31 -81 0
-3 79 0
2 6 0
-35 49 80 0
-6 66 -68 0
-19 27 74 0
-52 76 -82 0
-21 -37 -45 0
9 53 55 0
4 -8 10 0
-47 58 79 0
22 48 -84 0
10 76 84 0
-1 11 54 0
21 39 0
47 -54 55 0
81 85 0
-39 42 -78 0
63 -72 73 0
1 43 -53 0
-18 -79 -82 0
-39 78 0
1 -25 27 0
-25 67 70 0
-35 83 0
66 -75 0
29 -42 63 0
27 -49 82 0
12 57 81 0
4 22 -24 0
-31 -40 43 0
37 39 -54 0
-27 -54 -69 0
-13 33 64 0
7 -53 -75 0
-26 -55 0
11 -61 -77 0
-29 -49 -68 0
2 71 0
19 53 -72 0
-31 46 -67 0
5 56 68 0
-7 -55 58 0
27 33 48 0
1 -60 -70 0
15 -33 81 0
-8 18 40 0
-12 15 38 0
-8 -62 -84 0
-18 21 45 0
-2 -57 -60 0
39 -84 0
8 39 71 0
-45 49 59 0
-1 31 0
33 41 50 0
-5 -78 -81 0
-64 72 0
-11 41 73 0
12 48 61 0
22 -26 -82 0
-25 31 -48 0
3 20 71 0
4 12 15 0
-7 48 60 0
8 -12 -41 0
-36 -58 -85 0
-30 -60 -72 0
-26 -30 81 0
5 -44 0
5 45 66 0
-7 12 19 0
9 -42 80 0
-9 49 -59 0
-8 -36 -57 0
43 -45 -61 0
-27 64 0
-75 83 -85 0
-11 -30 -53 0
13 -53 -57 0
-10 -64 81 0
25 31 -73 0
-29 53 54 0
-57 79 84 0
20 -75 82 0
-14 -34 59 0
17 -19 78 0
-14 57 75 0
3 -29 47 0
9 68 81 0
-2 -72 76 0
-26 42 60 0
28 -44 0
-6 -51 0
29 33 -71 0
45 -47 0
7 -66 81 0
-14 38 48 0
32 72 -77 0
27 33 0
16 -74 0
-3 69 0
-38 -53 74 0
-7 73 79 0
37 66 75 0
-45 -68 0
-32 52 85 0
18 -73 -77 0
23 -77 78 0
-20 42 -52 0
-11 -38 60 0
-13 -35 -49 0
-49 -84 0
23 57 84 0
-40 -52 80 0
10 -18 74 0
-10 -15 -57 0
17 -49 60 0
-8 27 38 0
-2 -11 66 0
30 -47 -75 0
15 -32 -43 0
27 73 -75 0
-10 -40 51 0
22 -55 -79 0
49 51 71 0
19 24 33 0
-2 21 30 0
-27 -77 -85 0
-45 -58 -69 0
37 -40 0
-11 -42 -51 0
49 85 0
-17 28 78 0
53 59 82 0
17 -70 0
1 -24 47 0
24 52 -57 0
57 -65 -76 0
9 -37 0
27 -31 0
-45 47 0
-18 -22 57 0
-17 27 45 0
11 17 -41 0
13 -72 0
-42 -51 0
-10 -40 48 0
-67 68 74 0
-31 55 -81 0
-34 -41 0
-26 47 49 0
-28 -62 -65 0
17 -33 49 0
25 37 47 0
1 14 -66 0
22 -47 -83 0
4 -50 -82 0
-2 -17 56 0
20 38 -73 0
-33 53 0
16 -65 -84 0
21 28 0
2 21 35 0
-49 61 80 0
-1 20 -71 0
-15 -21 0
10 -25 73 0
-15 51 -74 0
3 58 81 0
-3 -5 70 0
54 -69 0
-10 -60 76 0
-14 18 77 0
-27 -45 0
20 55 81 0
-42 -45 80 0
11 -35 -66 0
-50 54 85 0
-20 57 0
-15 31 -36 0
47 63 -77 0
6 23 -37 0
7 -18 -61 0
-44 61 -62 0
24 -39 60 0
-13 -30 -56 0
-9 -59 65 0
26 -51 71 0
-47 54 63 0
15 -34 51 0
-16 26 82 0
-52 54 -75 0
3 21 57 0
25 47 -66 0
11 -25 37 0
-39 65 0
-40 -54 -78 0
30 57 -58 0
19 -49 0
58 66 -76 0
7 -39 0
-24 66 -76 0
63 77 0
17 -36 58 0
50 67 79 0
-9 81 0
-14 -52 -66 0
-21 72 0
48 -64 0
15 -47 82 0
-32 43 76 0
24 52 -68 0
33 -51 57 0
-1 43 71 0
28 -54 78 0
15 -20 30 0
43 -72 0
-4 -15 -23 0
3 23 -71 0
54 -59 68 0
51 60 -72 0
-20 49 0
45 -84 0
-35 47 -69 0
-7 -27 32 0
5 -9 -78 0
1 2 79 0
-36 39 80 0
35 -56 -71 0
-41 -70 85 0
-27 53 0
-34 -41 -53 0
3 4 0
-34 40 0
-20 21 -56 0
-13 -25 56 0
-29 60 -69 0
6 14 -50 0
-6 -26 -69 0
3 23 -24 0
37 -50 -53 0
-7 -35 -70 0
38 65 -84 0
-23 45 -55 0
32 -65 -83 0
-5 -22 34 0
-8 41 62 0
-12 -62 0
-33 -35 -54 0
-35 -64 -79 0
2 -7 -18 0
-14 45 -72 0
26 -48 0
-22 39 -41 0
1 -21 35 0
14 -33 -73 0
3 37 -55 0
-26 29 35 0
-17 44 85 0
11 81 0
33 69 0
-10 -31 -33 0
-31 -56 -79 0
-6 -41 0
28 36 -75 0
-15 60 73 0
-21 37 -78 0
-39 -62 0
-22 68 0
-2 -26 73 0
-25 33 -37 0
-7 -48 -83 0
49 -55 0
-6 50 67 0
1 -37 0
21 40 76 0
1 -76 0
49 -62 -77 0
33 -44 47 0
9 -34 -80 0
53 -60 -78 0
-60 69 -80 0
-3 -71 79 0
-10 72 0
-38 -55 -77 0
9 -54 0
24 -57 -78 0
17 -19 -43 0
51 -63 0
15 79 80 0
17 43 74 0
-18 -19 53 0
39 54 85 0
15 31 49 0
-9 -33 83 0
-4 -73 80 0
35 -83 0
-11 -18 76 0
