p cnf 80 272
49 -75 0
-4 -8 -34 0
-8 -63 0
-18 -56 0
17 56 60 0
-2 45 -79 0
-5 -9 -77 0
21 37 58 0
-47 61 -65 0
22 -36 -56 0
3 -11 -68 0
26 27 0
16 -36 -37 0
3 -9 -15 0
-26 -44 0
37 -39 -47 0
37 -42 57 0
24 -25 48 0
19 -43 0
40 77 0
-21 25 77 0
-2 -59 62 0
6 -21 28 0
-45 58 -70 0
2 13 0
-45 55 64 0
29 49 75 0
-15 21 23 0
-5 -27 -77 0
5 -25 56 0
4 -36 -75 0
-34 -72 76 0
-8 26 -42 0
47 -64 71 0
-8 41 57 0
11 24 -28 0
11 -66 0
-31 46 49 0
-3 -26 45 0
30 56 64 0
17 77 0
14 -49 75 0
18 63 0
14 -44 79 0
-12 -23 -62 0
-4 44 71 0
9 37 -39 0
35 -50 72 0
2 -28 0
6 -27 -47 0
19 22 0
1 33 -39 0
2 -17 -48 0
20 -61 75 0
16 51 60 0
-17 24 -47 0
-6 -22 -52 0
7 13 0
6 -23 0
6 -73 -74 0
-16 -40 77 0
-2 5 35 0
33 -80 0
7 36 62 0
54 55 0
5 29 -66 0
7 -20 0
-6 44 -55 0
-17 -70 0
-3 -11 65 0
-35 50 0
-39 56 -65 0
4 -41 -44 0
-39 42 -72 0
29 59 -77 0
4 -7 0
12 -43 55 0
16 31 0
27 -32 -64 0
-13 46 -73 0
-43 46 0
5 19 61 0
36 -40 41 0
15 34 -68 0
-5 -27 66 0
-3 -13 -25 0
2 -22 74 0
-8 46 51 0
-19 22 0
-17 -46 0
58 61 0
-15 -35 -39 0
-5 -15 32 0
-41 54 -73 0
46 -68 69 0
-20 31 61 0
2 -43 57 0
-29 36 0
11 -13 23 0
-61 -63 0
-58 -60 -73 0
-28 46 57 0
25 -51 -58 0
46 71 80 0
-50 -52 61 0
25 68 0
28 -44 77 0
10 19 0
32 -34 59 0
64 -78 0
-20 32 63 0
6 35 60 0
-1 -53 0
1 -37 72 0
-41 43 73 0
-8 45 0
17 -35 -42 0
-11 -41 -70 0
11 17 -74 0
-9 21 -77 0
-10 32 -33 0
13 -64 0
25 26 -49 0
-31 -66 79 0
11 21 -74 0
-45 67 0
-3 -22 0
21 -36 -80 0
-9 59 78 0
68 71 0
33 39 0
27 38 79 0
44 -55 -78 0
-9 -44 -56 0
-8 37 -46 0
-9 -29 -44 0
17 22 43 0
-11 16 -66 0
-31 38 -52 0
-11 -27 50 0
15 -54 -69 0
53 57 0
-3 -5 24 0
-16 -26 -37 0
-74 -76 0
6 56 0
60 -76 0
6 -63 67 0
-33 69 0
17 -27 62 0
-21 -43 45 0
-6 15 -46 0
-14 52 0
-39 48 -63 0
-14 -18 -75 0
-7 -45 0
4 41 58 0
33 -65 70 0
40 -66 -78 0
-8 37 0
-8 -24 -68 0
3 -80 0
69 -72 0
11 34 0
-9 11 49 0
-15 39 43 0
-50 -65 66 0
-1 -13 74 0
14 18 31 0
-2 -38 0
14 -40 58 0
28 -65 70 0
-36 -49 78 0
-8 -50 -63 0
-17 -56 0
-44 76 0
18 -70 0
-19 69 79 0
-38 -79 0
-18 -20 -45 0
-45 -47 0
-26 45 -61 0
-3 -16 23 0
42 -43 -45 0
5 51 0
-42 -80 0
-16 -74 79 0
-20 39 51 0
16 27 -73 0
39 55 -67 0
-26 27 0
-68 -79 0
16 51 77 0
-42 -70 -77 0
37 -69 0
13 23 -42 0
22 53 72 0
-56 -62 0
-20 62 -74 0
13 51 -67 0
2 -15 78 0
47 -59 -70 0
-8 51 74 0
-1 -52 -68 0
-60 65 0
-22 40 79 0
-34 77 0
17 18 52 0
-16 49 0
38 -52 0
-27 48 0
-3 9 12 0
27 -42 78 0
54 -57 0
-32 -41 80 0
-40 -47 -51 0
-40 -44 77 0
-48 65 72 0
49 52 56 0
-17 -35 0
-22 -77 0
-1 -35 64 0
-29 46 75 0
-4 -61 -66 0
13 -60 0
-23 -52 -66 0
7 -50 0
-7 -61 0
-24 25 -60 0
-25 28 79 0
-21 -57 60 0
25 50 -72 0
-42 -58 0
-44 -46 47 0
69 -80 0
9 19 79 0
10 30 49 0
10 13 -42 0
-13 -44 0
4 32 0
-1 9 25 0
-11 64 79 0
-43 72 0
-37 -45 48 0
30 80 0
-7 8 -50 0
-10 -79 80 0
8 -20 -53 0
37 76 0
-3 25 0
3 -36 -73 0
44 -47 0
12 -27 34 0
-12 -42 -66 0
4 67 76 0
-3 58 66 0
-30 37 -53 0
37 39 55 0
11 -36 59 0
29 -67 70 0
-23 58 60 0
6 -24 0
-22 -61 -78 0
-52 66 -78 0
26 50 56 0
-7 61 0
-4 32 -67 0
39 -48 -75 0
-2 14 -78 0
-11 -13 15 0
-21 24 -78 0
21 -48 -73 0
