p cnf 72 233
24 25 48 0
10 38 39 0
-3 -6 -42 0
-6 -56 0
23 -33 -68 0
7 -48 0
22 44 0
-26 -32 -57 0
-27 -42 0
16 -62 65 0
-9 -13 47 0
-15 45 -53 0
-27 28 72 0
13 16 0
9 -17 36 0
9 -10 19 0
14 -33 72 0
2 64 71 0
-43 63 71 0
19 26 36 0
21 -68 0
24 -44 55 0
1 -30 -45 0
-31 36 0
17 -39 -70 0
5 25 57 0
-7 -63 67 0
-13 -18 -35 0
12 57 71 0
46 -48 -56 0
-9 11 20 0
12 -32 58 0
-35 -65 0
33 38 -58 0
-27 59 72 0
16 21 -48 0
-22 62 0
-2 29 -57 0
19 37 60 0
-5 -9 55 0
25 -30 -39 0
-27 -68 0
13 51 0
49 50 0
8 11 60 0
11 -27 41 0
18 -37 69 0
-24 -51 71 0
6 -19 0
35 -39 0
11 -35 61 0
-27 -71 0
6 -11 33 0
11 22 -49 0
28 -31 -58 0
7 40 -57 0
-23 31 72 0
-11 54 0
36 -63 -69 0
18 -60 -70 0
-51 53 -59 0
-2 5 0
18 72 0
12 -30 45 0
-42 -53 0
-6 -24 58 0
6 -7 58 0
-39 -49 0
35 39 0
1 38 47 0
-54 -55 67 0
-1 -17 0
7 -20 0
19 32 -53 0
-24 60 0
-39 41 -52 0
11 69 -71 0
41 49 0
13 -14 22 0
38 60 0
12 -22 44 0
10 -50 66 0
37 -50 62 0
24 45 58 0
-7 43 0
-16 -27 -33 0
-36 -52 56 0
16 -58 0
-12 -31 55 0
16 -48 0
4 35 0
20 -27 67 0
16 40 57 0
-40 62 0
2 50 -52 0
-11 -49 0
30 42 -62 0
-11 15 59 0
35 -38 0
18 -57 58 0
3 44 -62 0
17 -55 0
17 -39 -58 0
51 -67 0
15 -20 32 0
50 63 -68 0
-4 37 0
24 -62 0
16 38 65 0
-8 -44 -62 0
9 44 -72 0
-8 -26 -61 0
67 -71 0
-1 46 0
36 49 0
-7 -19 0
-3 -18 55 0
23 -57 0
-9 -70 0
1 -64 0
13 -19 21 0
42 -58 -68 0
-32 -33 0
12 -66 -67 0
-8 46 -55 0
-16 46 72 0
33 64 -65 0
5 6 24 0
-18 62 68 0
-4 27 -70 0
8 9 -30 0
25 70 0
-39 -53 -67 0
17 -20 0
-1 41 0
19 64 -71 0
43 66 0
25 -35 0
35 46 0
-12 -39 0
55 57 0
-4 -22 47 0
4 19 55 0
32 -61 0
20 62 -71 0
-26 -28 -51 0
-9 -11 0
24 63 0
-9 22 41 0
41 50 0
-23 30 -32 0
-1 38 -71 0
9 -19 38 0
-28 -63 0
60 68 0
25 59 0
30 -58 -65 0
-3 10 0
-5 39 58 0
-40 42 71 0
-27 -49 -65 0
2 -31 55 0
11 -15 19 0
7 25 37 0
-30 31 -44 0
-54 -62 68 0
-35 44 72 0
-11 20 33 0
-46 56 0
-3 14 -51 0
29 -36 38 0
23 -69 -70 0
7 26 -63 0
14 -23 0
15 -49 -60 0
-16 56 0
24 -37 60 0
4 -33 0
-35 -36 63 0
4 -13 -46 0
-51 71 0
-33 61 -63 0
2 -11 38 0
-22 60 -67 0
14 37 -66 0
6 -41 65 0
8 9 27 0
3 45 -47 0
-16 -51 68 0
-3 -17 43 0
13 -23 46 0
5 -64 0
23 56 -57 0
19 63 0
-13 29 67 0
-17 -51 0
-35 -36 -55 0
1 -19 55 0
54 69 0
7 33 45 0
-21 53 56 0
-6 24 -63 0
-59 61 -64 0
-27 -53 59 0
-18 -32 65 0
-25 71 0
-49 55 68 0
2 -39 0
34 -41 70 0
-2 -12 -39 0
9 55 -72 0
-54 -58 67 0
44 66 0
-6 -8 -48 0
13 -57 63 0
26 -34 0
3 -22 33 0
-36 48 56 0
17 32 -64 0
-27 -45 0
4 31 52 0
29 -59 0
48 -69 0
-49 63 70 0
-29 40 -48 0
18 -48 50 0
24 47 65 0
17 33 49 0
10 45 0
-13 -61 0
23 30 0
9 15 0
25 64 0
