p cnf 83 287
7 33 0
-51 -74 0
-13 38 78 0
40 -53 56 0
27 34 -35 0
51 62 0
-15 -71 -80 0
54 66 0
-50 -61 -75 0
1 -42 53 0
7 12 -37 0
20 -25 61 0
9 -10 -25 0
45 -59 0
3 -31 61 0
-7 -57 0
18 42 79 0
-36 59 -68 0
-16 28 -51 0
11 -14 21 0
2 6 -72 0
-42 53 81 0
-20 -35 66 0
-11 -20 27 0
-30 38 0
13 -17 26 0
-32 81 -82 0
-15 -47 0
-33 -34 -67 0
9 51 64 0
-5 22 -80 0
-15 77 -81 0
12 52 -77 0
8 -17 79 0
3 26 81 0
8 18 45 0
19 -67 -75 0
12 31 0
28 -36 -51 0
-30 -50 -59 0
-5 37 0
27 -32 0
2 -65 66 0
-32 -59 66 0
3 12 69 0
54 -60 -61 0
48 -55 -56 0
-6 -33 57 0
33 63 0
-14 38 0
2 63 -76 0
58 -79 0
-34 -70 80 0
-11 75 0
6 -19 -30 0
50 -52 -59 0
-9 73 -82 0
-12 -22 59 0
11 -35 0
10 -28 82 0
23 38 76 0
-22 -44 61 0
-24 -50 -53 0
1 10 -15 0
22 32 61 0
14 40 -49 0
1 6 44 0
-5 -81 -82 0
29 -32 33 0
-10 35 51 0
9 40 57 0
-16 64 -67 0
-64 -83 0
2 -17 -81 0
2 -67 81 0
11 -29 82 0
4 13 57 0
-4 7 -77 0
3 28 50 0
-11 37 66 0
-25 -32 0
12 -28 -29 0
11 -32 -38 0
30 31 52 0
-21 -23 -26 0
34 42 74 0
18 69 -72 0
-17 -50 -67 0
24 73 83 0
-15 -41 -59 0
40 56 -73 0
18 60 -62 0
2 -25 -50 0
13 -21 79 0
-39 75 0
6 -20 55 0
41 55 0
16 -51 83 0
28 -55 -68 0
4 -26 43 0
24 32 0
46 65 0
3 27 -49 0
9 -59 0
1 43 57 0
-54 -71 77 0
8 11 -54 0
11 49 -83 0
-62 73 0
-39 -67 -79 0
-2 11 -49 0
-43 -69 -81 0
4 25 47 0
15 -16 -41 0
-19 30 48 0
-3 -29 55 0
-8 44 -59 0
36 60 78 0
3 31 41 0
-3 -76 82 0
-15 29 0
51 66 0
-17 -22 -32 0
-64 68 -69 0
36 68 -80 0
-2 37 73 0
6 -64 0
9 26 67 0
41 -57 65 0
68 82 0
-6 57 -59 0
26 33 -46 0
-56 -59 -74 0
5 28 -73 0
-15 -68 0
-14 32 -47 0
-13 27 0
-33 55 0
-14 43 0
-42 43 -71 0
-2 22 38 0
-61 73 0
-14 39 62 0
-15 37 0
2 22 -31 0
-11 13 37 0
-27 -33 53 0
7 46 -72 0
-15 -41 43 0
58 -60 0
4 26 -41 0
-11 52 0
-14 -33 36 0
42 57 76 0
-41 63 -72 0
12 36 40 0
36 -48 63 0
17 69 76 0
-51 -76 0
-27 81 -83 0
-50 54 0
-19 37 48 0
-31 -40 -42 0
-5 -54 -76 0
29 44 -67 0
-5 -7 -41 0
-10 27 56 0
14 78 82 0
3 41 0
-31 -33 -44 0
1 -20 -74 0
9 -64 69 0
26 -37 64 0
4 -12 68 0
-2 -22 -62 0
70 -77 0
2 -12 46 0
25 29 -64 0
15 50 55 0
-25 43 48 0
13 -59 81 0
-13 17 83 0
-5 -31 -55 0
9 -34 -72 0
-12 -14 -44 0
11 16 -68 0
5 38 72 0
-13 52 68 0
-12 -30 -48 0
36 -47 -60 0
-18 19 -47 0
10 -65 0
-40 -81 0
13 17 63 0
22 -36 -48 0
-3 32 37 0
16 65 0
-31 -39 -71 0
14 -17 43 0
35 41 -46 0
-4 -16 39 0
22 -36 -83 0
28 -31 57 0
32 -34 63 0
-3 15 -29 0
-13 27 -54 0
-3 20 -31 0
21 -22 80 0
21 -67 78 0
-11 -61 0
-34 54 78 0
-14 -52 -72 0
35 -69 0
63 77 0
-7 15 27 0
-37 41 -69 0
38 -40 -68 0
-63 82 0
34 36 -42 0
20 54 57 0
-1 -18 75 0
-3 14 -21 0
14 21 -81 0
-1 -38 -60 0
15 47 0
8 48 68 0
38 77 79 0
-14 -80 0
-62 -66 0
1 -64 -67 0
-51 59 0
-44 -79 0
3 -78 81 0
9 -12 -51 0
-75 -76 0
-41 -68 83 0
16 26 56 0
-25 30 -36 0
6 -60 -63 0
-39 58 -75 0
29 -59 81 0
43 58 -65 0
-1 -34 0
31 50 56 0
-27 -37 -59 0
6 -23 0
7 -19 52 0
7 16 42 0
12 56 68 0
-35 66 -78 0
-17 -66 -74 0
-6 -22 77 0
-42 53 0
-5 -56 77 0
-12 -34 -61 0
-14 -46 -56 0
17 -45 79 0
-16 17 0
10 -23 0
-29 -64 -73 0
3 -7 69 0
43 -68 -71 0
5 22 75 0
37 -74 78 0
7 -55 0
32 49 0
58 -76 0
57 69 0
44 63 74 0
-34 67 80 0
70 77 -82 0
49 56 0
-8 -45 46 0
43 -63 0
-12 34 0
-4 -18 -21 0
-53 66 74 0
11 -67 -77 0
23 41 0
27 52 71 0
2 -9 -15 0
7 26 -62 0
1 -36 67 0
-31 -47 0
-38 -40 0
7 -17 0
-2 -35 41 0
