p cnf 33 72
-12 -17 0
15 30 0
-4 10 0
6 -14 0
10 21 0
-21 25 0
2 16 0
11 -12 0
-12 -25 0
-23 -27 0
-14 25 0
2 -15 0
-2 -30 0
3 -28 0
1 -27 0
2 6 0
14 -25 0
15 25 0
-12 -19 27 0
-10 20 -31 0
16 -32 0
-11 26 0
4 15 0
-4 -13 0
10 14 -27 0
2 20 0
10 -22 0
-12 -14 -31 0
-5 -10 -30 0
16 -25 0
-5 -19 -25 0
17 -33 0
16 31 -32 0
-20 33 0
10 -17 -30 0
2 -3 0
-1 -11 21 0
21 -29 0
16 -32 0
-6 21 0
-19 25 0
-3 29 0
9 28 0
-16 -23 0
1 -22 -30 0
-16 27 0
22 29 -33 0
-2 14 0
15 -18 -30 0
-21 27 0
-9 -11 -22 0
14 22 0
-5 29 0
1 -16 -31 0
18 23 -28 0
-2 20 0
10 13 0
-26 31 0
7 18 0
-4 -8 -27 0
-10 -26 0
13 31 0
-17 19 0
-18 19 0
-7 8 18 0
14 28 0
13 14 -27 0
17 -24 -29 0
-3 -7 0
10 14 0
-9 -16 0
-11 -19 0
