p cnf 93 368
-1 60 81 0
-3 71 90 0
-35 72 -76 0
-1 -3 8 0
-7 40 -57 0
42 43 -79 0
13 48 -81 0
29 -34 0
19 57 77 0
42 -64 -67 0
-14 -32 42 0
-66 71 88 0
15 27 -44 0
-8 -24 81 0
65 74 92 0
-7 -47 56 0
-8 -23 72 0
-14 56 -58 0
-5 -29 -88 0
-22 59 61 0
18 -37 -78 0
12 -53 -87 0
-18 -31 67 0
-9 12 70 0
-51 56 0
-34 53 78 0
25 -36 -45 0
-26 -46 51 0
-8 53 70 0
11 -90 0
-50 56 83 0
-43 -67 -93 0
2 17 -69 0
-5 30 -78 0
-39 -72 -73 0
-6 -45 85 0
-23 31 -55 0
-65 70 -75 0
-80 85 -89 0
13 88 0
39 -47 -88 0
-12 44 0
-4 -72 -93 0
8 -24 42 0
-15 -21 41 0
-2 -6 -39 0
-8 -44 88 0
-9 18 0
-18 39 0
-34 -52 -72 0
-10 -22 -61 0
24 -32 0
25 -29 -87 0
70 88 89 0
-30 -57 89 0
-21 -26 0
63 -66 -83 0
-11 -24 -53 0
7 -21 70 0
29 -31 -54 0
-27 33 77 0
41 48 -82 0
4 -10 44 0
-1 -8 -69 0
-10 -21 -57 0
-34 -48 60 0
35 71 -83 0
21 34 -92 0
23 -41 -55 0
2 -10 -91 0
-66 77 -83 0
1 -4 82 0
10 25 -85 0
10 -21 -71 0
4 -46 0
12 -18 40 0
-44 -55 -81 0
-2 -10 52 0
12 63 78 0
60 62 0
37 40 69 0
-3 -15 49 0
31 35 -71 0
12 -45 64 0
-45 -70 -71 0
43 -54 -69 0
37 50 92 0
-22 37 0
9 18 0
10 75 -90 0
19 -30 0
-32 -80 -87 0
-1 -5 23 0
-36 90 -91 0
6 39 68 0
2 7 80 0
-37 46 0
10 -54 -63 0
-24 -41 84 0
-8 11 79 0
-44 -60 -88 0
10 -18 49 0
-24 28 89 0
5 -8 -46 0
3 12 42 0
1 9 -47 0
49 54 55 0
-1 72 0
-57 -63 84 0
-2 -71 87 0
33 -61 -90 0
9 37 -88 0
-74 -92 0
-45 60 81 0
-9 -25 -42 0
-23 42 -76 0
-17 -18 -32 0
-45 60 87 0
-35 -74 86 0
52 62 76 0
35 -81 0
-74 -80 86 0
39 -41 80 0
16 49 -54 0
-27 -72 -74 0
28 -46 -55 0
12 15 26 0
4 18 -27 0
8 -80 85 0
3 -63 -66 0
-11 -45 76 0
55 71 92 0
-4 59 90 0
35 -52 92 0
5 10 -56 0
-32 -36 -89 0
-5 7 64 0
13 60 -87 0
-2 -44 -91 0
20 85 87 0
-2 18 -23 0
-7 14 -55 0
18 -75 79 0
-48 79 0
12 -17 -19 0
4 18 82 0
28 42 -91 0
8 22 -48 0
10 44 -88 0
41 -72 -83 0
18 -53 -83 0
-3 15 45 0
17 42 -83 0
-76 -82 0
-6 -13 36 0
-68 -81 89 0
35 47 0
-34 -56 69 0
48 -63 76 0
-6 -48 -50 0
22 43 -84 0
40 46 50 0
16 58 -78 0
-51 -60 -84 0
31 44 -63 0
-40 -74 93 0
10 55 66 0
-22 -27 61 0
12 -33 -39 0
-25 -26 27 0
2 -3 28 0
4 -22 -47 0
29 34 -52 0
-1 4 8 0
-1 -52 86 0
-20 66 0
-48 -89 0
-23 51 57 0
74 -75 81 0
57 61 79 0
-41 -71 0
-40 65 73 0
-30 -62 80 0
-30 86 -92 0
6 -65 -71 0
-43 -68 -75 0
-5 21 24 0
55 56 -77 0
49 -56 -75 0
-11 -15 -82 0
22 -23 53 0
-8 66 -92 0
41 78 -81 0
51 -52 67 0
19 46 62 0
24 -75 85 0
-12 -14 0
-26 -51 65 0
32 51 67 0
36 -48 -84 0
41 92 0
-3 -48 -57 0
21 -49 -85 0
-12 -52 -80 0
-4 9 90 0
1 42 -43 0
4 81 -93 0
27 -39 86 0
-29 91 92 0
14 -26 89 0
46 -67 -78 0
-5 35 -71 0
-7 -68 -73 0
5 -47 -85 0
-21 74 -91 0
45 62 -70 0
-33 72 88 0
-30 -36 -49 0
11 23 -58 0
-14 30 83 0
1 12 -54 0
9 37 -65 0
-9 34 -49 0
42 73 0
7 -23 -42 0
-41 -66 -79 0
-24 -25 77 0
-12 62 88 0
51 63 67 0
-12 22 -63 0
13 33 -64 0
-38 -57 -78 0
-35 -53 71 0
55 -83 -87 0
54 -57 78 0
42 90 -93 0
-3 43 0
44 84 -90 0
24 66 85 0
36 40 52 0
-7 -60 -87 0
33 -44 0
-2 -37 41 0
-7 11 51 0
-42 55 78 0
30 -41 70 0
-27 65 71 0
-8 62 -63 0
10 29 -65 0
73 79 0
-1 -31 -35 0
12 51 -81 0
-27 -60 -64 0
-48 -76 -77 0
-44 47 69 0
23 85 0
36 -51 58 0
21 36 -91 0
-36 50 84 0
-30 -74 82 0
-8 9 -49 0
-19 -28 -38 0
28 63 -73 0
50 64 -90 0
-38 -68 0
35 85 -90 0
30 -85 93 0
-24 59 -78 0
24 34 -82 0
21 -36 0
-25 34 -43 0
22 56 72 0
-9 -45 -74 0
6 -15 62 0
5 22 -81 0
28 56 -74 0
41 -53 64 0
-46 76 81 0
19 -43 -76 0
-16 61 73 0
-35 38 62 0
-13 33 -88 0
1 20 -32 0
20 -46 -49 0
19 -89 0
-22 -33 -45 0
17 27 -89 0
-3 49 -53 0
-32 -39 78 0
-5 24 55 0
-4 -47 0
42 -62 -93 0
-46 51 -73 0
-19 42 78 0
53 57 93 0
12 -55 -93 0
-9 13 33 0
-12 -40 53 0
-39 -55 -63 0
-27 -33 55 0
14 36 83 0
74 85 -93 0
-13 -14 -84 0
30 37 78 0
29 54 57 0
3 35 91 0
27 78 87 0
-30 44 -64 0
66 82 -93 0
2 54 61 0
-17 -53 54 0
16 69 -72 0
5 60 -89 0
16 60 90 0
26 39 -93 0
25 -27 38 0
15 18 -74 0
-4 35 52 0
-13 -36 38 0
-12 -18 52 0
-12 29 48 0
-43 -48 -72 0
22 25 31 0
-30 -33 -35 0
46 87 -90 0
-24 55 -79 0
-67 84 88 0
-16 -51 -75 0
-5 -21 31 0
26 45 77 0
6 37 65 0
14 75 0
9 -22 -88 0
-36 -70 83 0
-1 77 78 0
17 83 93 0
34 -77 0
9 51 -69 0
43 74 86 0
7 -76 0
46 -75 -83 0
8 -14 66 0
5 28 -81 0
27 -46 0
19 36 83 0
-25 43 70 0
-7 -80 -86 0
48 64 79 0
18 66 88 0
-39 44 49 0
30 83 85 0
58 67 79 0
7 -8 -22 0
-7 -38 55 0
-10 28 30 0
-10 21 -29 0
27 -80 82 0
-11 -62 88 0
27 86 0
38 79 -87 0
13 52 85 0
42 -74 86 0
-11 76 0
-3 12 -72 0
2 8 71 0
5 -32 -51 0
-2 36 45 0
48 -77 0
