p cnf 37 76
3 -34 0
-4 15 0
-24 -28 34 0
16 27 -28 0
-9 14 0
17 32 0
9 12 0
28 37 0
-9 -17 -25 0
14 -23 0
-4 -36 0
5 18 21 0
-1 -23 0
-6 -8 0
10 31 0
2 19 0
31 35 0
6 -11 0
12 -36 0
-11 -31 0
24 29 0
3 7 -33 0
-17 28 0
8 21 0
-6 19 0
-15 32 0
-18 -20 0
-29 33 0
2 -8 -20 0
8 -37 0
-14 21 0
-1 -9 0
-11 28 36 0
1 -31 -33 0
18 20 24 0
-19 -35 0
-9 -19 -26 0
-5 21 23 0
11 -14 -20 0
-2 -3 19 0
7 9 0
19 20 0
17 -33 0
1 35 0
20 35 0
14 -24 36 0
16 -29 0
-17 -30 0
5 28 0
6 -12 0
-12 23 -37 0
-1 -8 25 0
-10 -36 0
9 -14 28 0
-4 18 0
1 -23 0
1 17 0
12 31 0
8 30 0
5 31 0
-18 32 -37 0
6 8 25 0
-14 -33 0
17 21 0
-3 -26 0
-4 5 0
2 -16 0
-13 18 0
-17 -24 0
-5 -7 22 0
-6 35 -37 0
-7 13 -23 0
15 34 0
-7 19 0
20 35 0
-14 35 0
