p cnf 65 201
-1 -8 -39 0
-6 13 -64 0
-9 33 -50 0
28 65 0
9 -52 0
-4 -34 -52 0
15 39 54 0
-39 -56 0
33 -48 50 0
25 34 0
26 45 0
3 -36 -45 0
-3 -7 -56 0
-26 35 0
-28 -45 -62 0
12 50 -60 0
38 55 -59 0
7 -16 0
-3 26 46 0
1 -20 0
2 60 -65 0
11 45 61 0
60 62 0
-4 41 51 0
28 -44 0
12 43 0
-9 -50 -65 0
-42 46 0
-29 -39 0
-14 -49 59 0
-10 -43 0
-7 17 -53 0
-44 -57 0
-60 -65 0
12 -42 0
-13 60 0
-13 -44 0
8 9 36 0
-10 30 -31 0
-7 -26 43 0
-41 -46 62 0
23 51 0
-20 -27 0
-42 -45 -48 0
-1 33 55 0
30 -34 -36 0
19 24 61 0
5 -14 -31 0
2 18 37 0
-18 -44 0
20 38 0
-1 -6 -21 0
18 36 58 0
26 -45 0
14 -15 16 0
38 -55 0
13 -22 -63 0
-20 51 0
-2 46 0
-1 -3 61 0
3 -33 0
-9 -11 -48 0
3 -16 -43 0
-23 -38 0
53 -64 0
-9 65 0
30 -48 0
11 -51 64 0
-4 18 37 0
2 13 -59 0
24 -51 0
28 40 57 0
-12 -19 0
45 60 0
13 39 -53 0
53 54 -65 0
-12 24 48 0
-26 -32 0
11 26 -61 0
10 30 38 0
-44 -50 0
28 -30 0
18 48 0
32 -49 -65 0
-18 54 61 0
-1 -20 -33 0
-32 -45 0
5 49 0
-16 41 44 0
2 32 -40 0
-13 -23 65 0
21 42 -46 0
-23 -40 0
-8 -65 0
-8 16 0
21 -62 0
3 -5 -38 0
-32 -38 49 0
-5 36 47 0
1 60 -65 0
-3 -62 0
12 -38 0
-4 -39 0
17 20 -32 0
27 -35 0
3 10 18 0
51 53 0
22 -28 57 0
-3 -36 -63 0
5 41 0
-3 14 55 0
4 16 -57 0
1 -9 0
34 -39 0
-7 -58 0
-6 15 0
23 -29 49 0
-14 41 64 0
-16 -54 60 0
-46 52 64 0
-4 -26 0
24 57 0
-4 -17 -25 0
-22 31 0
37 43 0
7 57 -62 0
2 39 -56 0
31 37 42 0
-26 58 63 0
-40 -43 0
-22 30 0
-1 15 -36 0
7 53 0
13 -61 0
8 -41 0
-13 16 0
3 38 43 0
-21 31 0
20 53 0
-44 49 54 0
-33 50 -53 0
-1 -17 42 0
27 44 -55 0
12 32 0
-17 -53 0
46 -57 -61 0
23 28 36 0
24 41 -50 0
52 63 -64 0
-4 5 0
-18 -32 -61 0
-4 8 29 0
-46 54 57 0
30 -45 0
26 27 39 0
6 37 49 0
-25 58 0
-8 -52 0
-28 48 0
-8 -10 0
-6 -10 0
14 -64 0
18 24 41 0
24 45 0
-9 15 -21 0
3 8 38 0
26 -48 49 0
-16 -44 0
11 -30 0
26 42 58 0
-1 50 0
-9 14 -37 0
-27 38 0
-18 -43 -47 0
52 -57 65 0
-20 -32 -61 0
12 -22 29 0
26 -37 -53 0
-10 17 0
-44 48 0
-34 35 -44 0
4 -44 55 0
35 57 0
-23 -38 0
6 55 0
-49 61 0
-25 26 0
-6 -40 0
25 60 0
9 15 -22 0
-5 -44 62 0
-10 -19 30 0
-17 -34 -55 0
-23 31 53 0
-25 -30 -31 0
19 39 0
33 39 0
10 -11 28 0
-29 -37 0
-14 34 49 0
-25 -63 -65 0
