p cnf 93 356
39 43 81 0
30 40 -85 0
28 32 -86 0
-43 -48 70 0
-13 -31 52 0
-14 28 -76 0
5 17 -86 0
-51 -73 -75 0
-2 79 83 0
5 19 37 0
16 -50 82 0
18 -87 92 0
-9 -27 -33 0
55 -70 -78 0
33 80 -92 0
-14 -33 78 0
-5 -61 0
-31 -39 69 0
21 36 0
-1 -19 -24 0
-26 -45 -68 0
15 74 81 0
-3 28 -69 0
16 -33 -45 0
-43 -77 80 0
14 -43 91 0
11 -88 0
10 89 0
35 -47 67 0
-16 -66 -78 0
-72 -86 -89 0
-36 40 64 0
25 -74 -78 0
50 72 -86 0
19 76 -91 0
-27 40 -92 0
-5 -57 -88 0
-6 -69 -88 0
-2 -42 86 0
-14 -34 81 0
-22 -24 -51 0
-64 71 85 0
-6 -7 -56 0
29 40 41 0
41 -78 84 0
-25 71 77 0
32 34 -38 0
-49 67 -90 0
-30 -51 -65 0
20 70 -76 0
10 13 59 0
24 -41 -84 0
-17 -33 70 0
15 -46 -63 0
18 77 -84 0
32 -52 87 0
-11 -16 -91 0
45 66 -70 0
16 -37 58 0
69 72 0
13 30 -44 0
-4 86 -87 0
-17 21 30 0
22 -39 -88 0
7 -40 91 0
-4 18 20 0
-15 76 86 0
1 -38 83 0
-3 -80 82 0
-26 -51 0
-47 -63 -68 0
7 -72 77 0
-23 25 -86 0
40 55 79 0
23 63 0
-37 -41 -81 0
-8 -48 90 0
-16 18 -87 0
9 -19 -20 0
31 -56 -88 0
34 -49 51 0
-20 -55 -80 0
-31 -53 -58 0
-9 44 -82 0
-42 74 0
12 -50 55 0
-5 -18 0
-48 50 0
-4 81 -84 0
5 67 -80 0
-29 -87 -90 0
-9 62 -63 0
10 12 -43 0
-42 56 80 0
14 -84 0
-13 41 -64 0
41 -70 -79 0
-59 60 0
2 -55 65 0
2 6 -9 0
-44 -89 0
74 -77 -85 0
13 -49 -79 0
20 -73 76 0
-7 -53 -79 0
7 10 -81 0
-61 -73 91 0
-25 31 -44 0
-4 -58 -66 0
-17 45 77 0
1 -46 93 0
-54 76 83 0
25 41 93 0
36 49 69 0
4 71 82 0
-48 -54 -61 0
41 -49 -61 0
-31 32 49 0
11 -64 75 0
-8 28 0
-8 -9 -69 0
48 54 59 0
-1 21 36 0
16 61 -77 0
9 -33 52 0
-46 -56 -76 0
-33 43 -82 0
54 -78 0
5 -17 25 0
-9 17 23 0
-4 -20 -27 0
1 -43 88 0
27 -44 -89 0
-23 42 83 0
-10 53 -69 0
7 35 -43 0
-15 -65 -76 0
4 38 63 0
10 -36 -59 0
42 -56 -72 0
2 -8 -41 0
-48 -57 0
-44 -48 88 0
-5 -33 78 0
-8 44 82 0
72 83 90 0
-8 -20 -27 0
8 -11 33 0
67 75 -84 0
23 -36 71 0
36 49 -79 0
50 -60 -75 0
18 -34 74 0
-15 -33 87 0
29 -35 75 0
-16 44 -50 0
-2 85 93 0
-12 40 89 0
6 -33 -86 0
-6 33 -70 0
72 -77 82 0
-17 -58 -85 0
27 -42 93 0
10 -39 -56 0
1 -31 -90 0
-8 52 -66 0
-41 57 87 0
5 15 -70 0
-36 -40 -93 0
1 -5 -87 0
5 -65 70 0
-13 34 -83 0
-4 26 27 0
21 -50 60 0
-11 -12 -90 0
9 -49 -71 0
24 -28 -71 0
-18 -20 -37 0
-22 -31 34 0
7 -30 52 0
-29 -35 53 0
7 62 68 0
12 16 54 0
-45 -46 -63 0
-56 74 -77 0
-11 -40 -41 0
-9 -56 -62 0
-19 44 0
22 24 32 0
25 -39 -87 0
7 -70 76 0
9 -43 -69 0
-30 -78 89 0
-45 -61 -71 0
-25 -50 84 0
21 -51 -90 0
-47 50 -59 0
-15 22 24 0
3 -7 15 0
41 -88 0
41 48 91 0
-15 -32 82 0
6 -20 -32 0
-13 -25 75 0
40 63 -79 0
3 -30 79 0
-25 86 88 0
28 39 52 0
14 19 -40 0
-10 -57 -76 0
-3 -48 76 0
18 -74 80 0
58 63 89 0
5 53 92 0
-26 61 -86 0
38 -46 66 0
16 67 86 0
1 81 -93 0
-26 87 0
4 -21 -89 0
-28 69 -74 0
-14 -54 -67 0
19 -37 76 0
-21 -44 53 0
29 -43 81 0
-15 38 60 0
-2 19 57 0
15 -28 74 0
-2 -24 53 0
9 -38 -83 0
-26 -45 -85 0
21 -30 71 0
-30 70 85 0
-21 -29 -77 0
71 82 91 0
-25 -48 55 0
8 29 -65 0
-46 55 0
-3 -66 -69 0
7 39 91 0
42 -57 -59 0
-37 -45 -80 0
-69 71 -72 0
-78 86 0
5 -24 -85 0
-18 19 -93 0
-13 -36 81 0
-6 -17 -78 0
1 -56 0
-5 -37 82 0
-11 -49 85 0
13 -53 -82 0
-10 -28 34 0
-5 20 40 0
40 73 -74 0
36 38 -58 0
17 23 0
-22 -23 59 0
34 45 -57 0
-3 -5 -32 0
53 -87 0
27 -28 49 0
-8 32 -55 0
-6 -39 -82 0
-44 -46 -78 0
28 -29 55 0
-5 67 84 0
-5 -34 -54 0
-79 -87 -89 0
6 8 92 0
-28 52 58 0
58 71 88 0
27 -65 -93 0
65 -85 -86 0
45 53 66 0
42 64 0
8 -54 67 0
54 -57 0
-27 -75 84 0
-29 -49 63 0
34 -59 73 0
20 46 68 0
24 -45 0
-48 -70 -72 0
52 -62 -88 0
-7 -49 -69 0
15 -54 -81 0
-28 45 81 0
14 27 89 0
-70 73 91 0
25 44 -49 0
41 -76 85 0
8 -42 72 0
-15 33 -49 0
-2 15 0
-2 39 77 0
12 25 52 0
76 77 79 0
-46 -62 -84 0
-26 70 82 0
52 -64 72 0
-9 -20 83 0
-9 -85 86 0
77 80 93 0
57 70 92 0
37 -53 85 0
9 -22 34 0
15 30 34 0
-20 -28 -92 0
2 -44 -61 0
-65 71 76 0
37 -74 0
20 -81 83 0
-65 81 0
-20 74 -92 0
-10 -57 -67 0
-46 48 0
20 -35 47 0
-16 -18 48 0
4 39 45 0
1 -67 -68 0
41 -48 0
74 -84 -90 0
4 12 36 0
-23 -64 -82 0
19 -70 -81 0
-9 -46 88 0
36 -69 -77 0
52 56 74 0
-5 7 79 0
-15 -80 -89 0
6 27 53 0
-29 48 88 0
13 -14 -64 0
17 57 67 0
25 66 -76 0
37 -61 -67 0
-33 -34 73 0
24 -41 56 0
-3 37 -93 0
19 37 -61 0
-42 58 -68 0
-2 -10 -64 0
-43 56 -81 0
-34 -62 -88 0
-9 56 0
-6 -31 -90 0
-2 72 -87 0
48 85 0
10 43 75 0
24 -40 93 0
-40 46 -85 0
-25 39 -58 0
-55 58 0
29 -68 -92 0
9 -63 -66 0
