p cnf 97 377
16 -19 -79 0
29 50 57 0
-21 -43 89 0
61 -82 0
-39 45 70 0
24 -91 0
-30 48 -60 0
-18 21 -83 0
-2 31 -62 0
-11 23 39 0
-36 -53 -96 0
42 -57 71 0
-23 35 -87 0
-12 44 -47 0
-7 -55 59 0
-7 26 -39 0
13 33 -78 0
-72 74 79 0
-27 -83 89 0
-62 -70 -73 0
16 34 82 0
74 80 -82 0
-1 14 -81 0
9 46 66 0
-2 -4 72 0
9 60 61 0
-50 75 -95 0
-30 -86 -88 0
35 -53 79 0
7 13 -24 0
-44 -56 -78 0
15 -33 68 0
5 -50 -54 0
-6 33 74 0
-4 47 -64 0
25 64 -92 0
6 -67 0
13 37 85 0
13 -15 -82 0
6 -68 -91 0
14 -73 0
-42 54 57 0
10 -18 59 0
-20 -47 -71 0
19 -60 86 0
39 41 93 0
-31 35 -43 0
7 23 76 0
-28 -43 95 0
50 58 96 0
41 -71 -73 0
-13 47 -94 0
-17 -76 87 0
6 -15 -32 0
50 56 83 0
12 46 96 0
2 13 -85 0
-9 72 -91 0
5 42 -56 0
-42 -70 77 0
-23 -40 73 0
22 -35 -88 0
38 -65 96 0
-10 -65 66 0
40 56 -95 0
-7 11 44 0
22 54 88 0
9 14 54 0
45 87 93 0
25 30 -80 0
-23 52 85 0
38 -46 97 0
-40 91 -97 0
-52 -64 -82 0
5 19 56 0
-4 -21 90 0
-21 23 54 0
11 81 -89 0
-2 -26 -77 0
32 -39 91 0
47 65 90 0
-15 -60 0
-19 29 -43 0
-76 -81 -96 0
63 -92 95 0
-35 43 -58 0
25 79 90 0
-25 30 -70 0
-33 43 -52 0
-24 72 -96 0
-57 -65 73 0
-52 -71 0
23 40 -79 0
-27 -68 96 0
-20 22 64 0
-13 17 0
6 36 73 0
-28 -29 39 0
21 38 -97 0
-31 -50 55 0
30 -86 -94 0
-52 70 -90 0
1 4 18 0
12 35 -74 0
15 -28 -91 0
56 59 73 0
20 -69 -80 0
-16 -65 -83 0
8 -35 -41 0
-28 -39 -49 0
-13 -71 88 0
25 -30 -89 0
21 35 79 0
-24 66 85 0
11 12 79 0
-14 -26 0
-14 58 -84 0
-24 -33 52 0
-39 -70 82 0
-72 87 92 0
26 -28 48 0
14 -51 -80 0
50 -58 -66 0
-74 86 -88 0
20 40 83 0
62 67 87 0
8 51 -58 0
-48 -50 64 0
-39 -75 -79 0
-28 -30 37 0
20 42 -72 0
35 -62 65 0
-51 -53 78 0
-35 -39 -97 0
-52 55 -83 0
-1 -31 -51 0
-3 -51 -61 0
-6 87 95 0
23 36 62 0
-47 -48 -73 0
14 48 -86 0
20 32 -87 0
-70 -75 93 0
41 -63 97 0
1 21 -42 0
-29 50 -90 0
50 56 62 0
6 -49 -88 0
-87 -91 92 0
-37 81 -89 0
-60 84 92 0
39 -56 68 0
-38 -52 72 0
-47 55 -77 0
-53 -61 -93 0
-6 21 -35 0
-53 58 83 0
-53 88 93 0
-90 -92 94 0
18 35 -67 0
-15 56 -87 0
-49 63 93 0
49 -89 -93 0
-26 -75 -86 0
10 -36 -75 0
15 20 31 0
-11 18 84 0
-22 85 -94 0
-8 -64 -74 0
59 60 -89 0
-15 34 -37 0
-26 -42 -85 0
-21 -24 -78 0
42 60 97 0
43 48 64 0
44 54 -79 0
-11 -35 78 0
9 25 72 0
38 48 -71 0
6 -21 -80 0
-51 -55 66 0
-22 -84 87 0
58 63 74 0
22 -27 -81 0
-55 69 90 0
29 -51 -90 0
26 -53 -93 0
-10 -41 47 0
31 57 -68 0
10 -80 87 0
22 -47 -71 0
34 -48 -90 0
-32 -33 -37 0
-36 77 -91 0
-1 -19 -87 0
-39 52 -82 0
-7 -14 61 0
12 -14 52 0
-22 38 69 0
-40 -43 85 0
4 22 94 0
6 73 88 0
19 46 71 0
-62 77 82 0
-16 71 84 0
-57 67 -81 0
19 -86 91 0
-52 85 -90 0
77 -79 -80 0
7 -52 69 0
66 -79 -81 0
55 68 80 0
47 -82 95 0
-11 -28 -46 0
20 -41 57 0
13 -64 -87 0
-22 -71 81 0
15 24 53 0
-5 -18 -43 0
-31 -67 95 0
-77 85 -93 0
-34 89 -95 0
11 -89 93 0
-53 91 95 0
38 -39 52 0
-47 50 87 0
-3 -29 88 0
1 74 76 0
-40 53 -60 0
10 25 51 0
-15 -40 -93 0
15 -35 -88 0
-16 19 -60 0
3 -72 94 0
-11 45 -76 0
18 26 40 0
10 -38 -58 0
54 -55 -63 0
-18 55 -74 0
-35 80 91 0
-8 78 -90 0
44 -51 87 0
-55 -57 -97 0
16 -37 -58 0
22 -32 -44 0
5 35 -37 0
51 53 63 0
-1 -37 -81 0
-3 9 33 0
-8 -16 -96 0
-25 -92 -97 0
-29 -35 73 0
27 56 -89 0
-8 14 25 0
8 24 -46 0
-7 12 50 0
30 53 -67 0
-12 21 54 0
29 47 -94 0
-30 -62 93 0
-65 67 89 0
-56 79 92 0
50 57 97 0
-4 -55 94 0
-9 -10 12 0
-8 14 41 0
-49 -76 83 0
-9 -26 -31 0
-18 -86 87 0
6 -21 -84 0
5 -28 72 0
52 -66 94 0
13 30 -84 0
28 67 84 0
24 41 51 0
-34 -40 86 0
-16 48 59 0
-15 59 -97 0
-13 -25 90 0
-5 42 -93 0
-9 16 97 0
-22 -85 -96 0
-4 -38 -42 0
42 61 -92 0
32 45 77 0
-8 -80 89 0
6 9 26 0
-34 57 70 0
19 -35 -64 0
-12 50 93 0
-23 -60 96 0
34 64 85 0
-20 52 69 0
-49 75 -93 0
-36 56 -79 0
-17 34 -43 0
-2 -38 -59 0
57 -74 -95 0
-18 -23 -40 0
-10 -62 69 0
11 12 -91 0
43 -81 -85 0
25 32 -34 0
-42 -53 81 0
-64 85 90 0
-35 -84 96 0
-7 77 89 0
3 66 -96 0
-14 46 89 0
14 -83 93 0
-37 -53 84 0
-35 74 -95 0
-1 15 28 0
18 22 85 0
8 85 94 0
15 21 95 0
-7 73 0
-2 81 83 0
18 -20 79 0
-8 17 45 0
50 -85 86 0
-20 -38 -95 0
-9 35 85 0
36 41 -75 0
-22 -25 -58 0
20 -32 -65 0
-3 -10 -14 0
-57 63 -74 0
14 81 -85 0
5 20 -44 0
-59 64 -70 0
-22 -31 -51 0
40 -74 -83 0
-3 -11 -87 0
-37 -49 -69 0
-65 68 -81 0
12 14 -91 0
39 -46 -87 0
11 -53 94 0
43 67 -87 0
-10 32 94 0
-2 6 -87 0
27 -28 95 0
-19 43 76 0
39 80 89 0
-1 10 -38 0
8 25 90 0
-55 -60 64 0
-38 70 -93 0
-19 -54 83 0
17 44 56 0
-32 36 73 0
31 89 97 0
-5 7 -97 0
-35 44 -89 0
-34 35 -91 0
-26 61 62 0
-34 67 68 0
-7 13 41 0
-24 -43 -92 0
-54 -59 84 0
-30 33 43 0
-22 -24 -27 0
-9 56 -57 0
-12 -83 95 0
-20 -22 31 0
-18 -43 53 0
15 -45 -69 0
-33 -59 -83 0
9 46 -55 0
-32 -65 -78 0
61 88 96 0
-24 74 -96 0
-67 -89 95 0
11 -15 67 0
-19 53 -71 0
51 55 86 0
