p cnf 71 221
1 7 0
20 -44 -51 0
22 -56 0
13 24 -29 0
-5 -25 38 0
-1 -18 23 0
-11 35 0
19 52 0
18 21 -51 0
-11 14 0
-42 49 56 0
-38 -57 0
-25 27 45 0
-62 -68 0
1 3 -68 0
-38 71 0
6 34 -36 0
-19 27 -71 0
9 14 0
-23 -43 -48 0
-17 24 -33 0
15 -44 0
13 -14 0
-4 -51 0
14 -24 71 0
9 22 -48 0
-18 34 -49 0
18 35 52 0
-40 51 0
-2 -4 -66 0
10 -42 -68 0
-9 49 0
-13 28 -45 0
-1 46 -64 0
21 47 0
34 56 0
26 51 -67 0
38 65 68 0
5 -35 0
-17 21 0
-32 -38 0
29 42 0
20 66 0
-12 -44 -46 0
7 40 -45 0
-13 45 -70 0
-31 42 -59 0
-28 -66 68 0
4 -26 35 0
-28 -35 -54 0
-27 58 -59 0
21 52 0
3 -5 0
-34 -57 0
11 22 -52 0
-4 -7 47 0
38 -44 0
6 -52 -63 0
41 45 0
52 -53 -67 0
-28 69 0
-16 -28 0
-36 67 0
-16 37 65 0
-41 -44 58 0
54 -68 0
9 40 0
4 8 -22 0
-1 -48 0
4 46 -67 0
-2 4 0
4 -17 55 0
22 -28 -46 0
-59 62 0
-3 -29 -70 0
2 51 52 0
7 51 0
-39 -40 63 0
-23 46 58 0
-3 8 0
3 52 0
-40 -45 -65 0
-4 -69 70 0
-39 51 68 0
15 -23 0
-16 32 0
36 41 55 0
11 47 71 0
-12 67 0
1 -40 -43 0
-25 -47 -64 0
-4 38 64 0
-12 -16 0
-9 51 0
10 -61 0
10 -55 67 0
13 54 68 0
-7 8 0
5 -18 -31 0
-7 53 0
14 -20 0
-8 -46 -51 0
-16 -21 -24 0
41 42 49 0
12 42 -71 0
-11 -61 0
31 34 53 0
6 30 67 0
27 -31 0
-14 46 0
1 -30 0
3 24 60 0
-51 65 0
-54 68 0
-2 31 34 0
28 65 0
-1 2 0
21 49 50 0
-10 -14 37 0
-45 -69 0
17 -26 34 0
-35 60 0
21 32 52 0
-24 -37 -70 0
-19 47 56 0
-9 -42 0
1 37 -48 0
-9 -47 0
-45 -46 0
-1 -62 0
-7 27 -41 0
-7 38 47 0
12 16 -66 0
46 60 0
-50 55 0
-23 -38 67 0
-16 28 -67 0
2 14 15 0
-1 -18 -67 0
31 60 68 0
-44 49 57 0
46 -59 -64 0
-10 36 0
34 -38 -48 0
-58 -64 0
14 -16 18 0
-21 -33 -62 0
19 -49 -66 0
4 -20 57 0
-2 20 -67 0
-4 -31 -65 0
-12 69 0
25 -43 0
-42 -44 -67 0
14 -24 54 0
-37 -38 -41 0
36 -41 70 0
43 -44 0
24 -30 -38 0
4 -24 0
49 51 -52 0
42 -44 -51 0
-40 -58 0
-17 29 41 0
-39 -54 67 0
-3 67 0
-23 28 -68 0
22 42 44 0
-12 30 -70 0
-11 44 60 0
1 -14 -43 0
-10 49 0
49 67 0
-10 61 0
16 23 0
-2 29 -59 0
5 58 0
-32 66 0
-18 29 0
-17 22 63 0
-39 48 0
13 -35 50 0
-13 -56 -69 0
17 57 0
14 17 60 0
-31 38 0
10 -28 42 0
13 15 -36 0
22 -43 -53 0
16 47 -68 0
-3 10 57 0
21 -37 0
-3 55 0
-10 43 0
-50 -53 56 0
-5 -57 0
21 -43 0
35 36 -43 0
-4 18 51 0
-33 -41 0
-6 -36 0
-4 -35 -62 0
-30 60 0
-20 52 58 0
-1 -8 -36 0
-5 -13 -56 0
-28 46 0
-1 -70 0
-25 -34 56 0
-8 53 0
-18 -52 -67 0
17 59 -61 0
4 23 0
-6 34 -49 0
-29 -59 0
-21 -45 57 0
17 46 -55 0
-28 -48 0
-37 -66 0
-28 -51 58 0
22 69 0
