p cnf 80 280
-9 46 -55 0
53 -55 62 0
-27 45 0
-28 30 -58 0
-2 36 66 0
45 -77 0
-29 37 0
24 -62 0
-15 -61 71 0
8 50 -55 0
-17 -80 0
14 53 61 0
-7 -36 50 0
21 48 -59 0
51 73 -74 0
37 -39 77 0
8 -47 -67 0
-13 -24 0
8 49 0
10 -22 39 0
2 -6 35 0
-16 -57 0
-10 -77 0
-3 -49 0
-6 37 -46 0
12 52 75 0
-15 -47 57 0
-25 -33 0
41 75 0
53 60 -70 0
36 -43 48 0
30 45 64 0
27 38 0
-24 -79 0
-50 -73 0
-26 -35 79 0
17 -33 -61 0
22 27 70 0
-6 -50 0
2 13 62 0
-5 59 68 0
-14 19 -47 0
29 -39 66 0
-26 -33 0
3 25 65 0
-29 65 -71 0
-35 -58 0
-3 -52 -76 0
-8 -9 72 0
-3 28 37 0
-1 44 64 0
-15 52 -67 0
41 -58 0
-15 40 -66 0
20 62 -65 0
-12 -69 -77 0
14 -20 60 0
-18 -35 59 0
-10 11 -46 0
-16 -21 0
29 56 0
-22 -31 73 0
18 -29 -51 0
40 -46 -68 0
-29 48 0
-15 -31 66 0
-31 -51 -63 0
-30 36 74 0
-19 -24 26 0
-4 -10 -44 0
-19 -20 -69 0
-73 77 0
9 61 -68 0
3 -80 0
20 -25 -65 0
36 43 -53 0
-6 -9 -20 0
-55 -66 -79 0
15 -18 -71 0
-10 -73 -74 0
35 -58 0
-19 44 57 0
-18 -71 0
35 51 0
17 43 75 0
17 -20 31 0
-48 75 80 0
31 37 63 0
-52 60 73 0
-10 -51 58 0
8 -28 0
-42 -50 70 0
-18 75 0
-37 -57 80 0
-18 36 39 0
-52 -61 0
-9 -67 71 0
7 -23 64 0
49 -66 0
13 -21 42 0
-21 39 0
2 -6 -33 0
10 -28 76 0
-13 32 -38 0
-18 38 -55 0
-27 -43 -51 0
38 -55 0
29 -42 -61 0
26 -40 57 0
21 41 -62 0
2 -61 0
-26 -27 42 0
18 31 -62 0
3 -20 69 0
49 -55 64 0
-15 63 0
-32 50 60 0
10 -18 0
4 -30 50 0
8 17 -51 0
2 -54 -74 0
-6 20 22 0
-13 -73 75 0
29 -45 77 0
39 -66 71 0
-19 -55 0
-1 28 -43 0
19 -21 37 0
24 -54 58 0
-13 47 64 0
17 53 -75 0
-37 -65 -68 0
19 -57 -62 0
31 -58 65 0
1 -16 44 0
-60 -62 -78 0
-46 55 0
18 27 -71 0
16 66 0
15 37 47 0
29 -64 -79 0
-54 -55 69 0
-18 -28 53 0
-55 56 80 0
-15 -30 63 0
-2 -21 -41 0
-3 62 71 0
12 23 74 0
44 48 52 0
-9 25 -49 0
-42 -74 0
-40 -74 0
-45 -63 -77 0
27 -28 0
29 42 -71 0
-22 -55 73 0
8 50 0
18 35 62 0
73 74 75 0
-3 4 -6 0
-45 67 -76 0
-5 58 71 0
-42 69 0
-37 53 72 0
-2 36 0
-13 26 61 0
2 32 66 0
-9 10 0
29 48 0
-44 -73 -79 0
39 80 0
13 50 -56 0
11 -25 59 0
-15 28 -69 0
54 -62 73 0
-61 63 -74 0
20 -57 62 0
-39 71 -73 0
-23 36 47 0
67 79 0
16 50 -64 0
-7 -42 -58 0
-34 -55 0
38 41 47 0
7 31 41 0
23 38 0
-5 -67 0
-17 18 -80 0
-22 70 0
8 30 69 0
-12 -23 50 0
-9 -20 -50 0
-29 -37 -58 0
-38 40 -41 0
45 57 -78 0
14 -38 -65 0
2 -11 0
-3 53 0
-10 -53 -56 0
26 -40 57 0
23 -26 27 0
-10 -22 0
30 -40 -60 0
19 66 74 0
25 72 78 0
-10 16 56 0
45 -77 -78 0
8 27 67 0
15 -56 -61 0
-35 65 -71 0
-15 19 45 0
-36 69 0
11 -45 0
-43 60 0
-19 25 -74 0
-4 -53 78 0
2 -36 56 0
-3 -41 -74 0
29 -56 -58 0
-9 43 -62 0
-21 22 78 0
9 49 68 0
-24 36 56 0
22 -40 -44 0
-3 63 68 0
16 18 62 0
-15 -33 -67 0
-2 -35 -38 0
-31 -54 80 0
18 -37 -75 0
14 23 0
32 -36 0
-66 78 79 0
4 -25 -75 0
-51 -55 60 0
-5 16 65 0
-9 -19 23 0
15 67 75 0
-17 -49 74 0
43 -56 0
-21 -34 47 0
-8 51 0
20 -43 0
-34 52 68 0
-50 -51 56 0
4 -9 12 0
10 -22 77 0
-21 49 0
3 10 47 0
14 -42 0
-10 54 -59 0
-31 -59 0
-20 35 46 0
20 -22 76 0
22 -67 -72 0
-16 -18 76 0
33 59 61 0
17 76 0
-4 28 -40 0
3 -22 -56 0
-3 -27 -77 0
5 15 46 0
-15 -63 -74 0
-19 62 76 0
-31 -33 42 0
-16 31 76 0
13 35 -64 0
-32 -56 -61 0
40 -50 52 0
-57 77 0
-13 23 -45 0
26 35 0
-21 32 64 0
-44 48 -77 0
-5 48 -70 0
-15 -30 -37 0
18 58 70 0
-7 -40 -60 0
-30 -36 44 0
13 36 42 0
