p cnf 81 291
28 -56 67 0
-5 48 68 0
38 -50 51 0
30 33 -75 0
-28 -63 65 0
-16 -61 67 0
64 -73 0
-35 -72 73 0
-11 12 0
-25 -30 0
28 -34 76 0
-24 72 77 0
26 -53 -74 0
-11 -23 0
24 -43 73 0
6 22 -62 0
-9 17 -27 0
15 -38 -76 0
12 16 61 0
-4 18 77 0
-1 -62 81 0
-12 17 73 0
35 -51 58 0
2 27 33 0
17 48 0
-5 37 -45 0
18 78 0
-36 63 0
6 -13 -64 0
-24 76 81 0
25 -41 57 0
20 -30 60 0
-14 -35 0
-3 -28 -80 0
3 9 48 0
9 63 68 0
34 44 -68 0
-21 -24 70 0
-31 33 -45 0
67 -77 0
20 -57 65 0
-30 46 -63 0
-52 63 0
20 -30 -60 0
29 -76 79 0
-22 27 0
-1 17 48 0
10 12 18 0
54 56 -68 0
16 -21 0
-1 -48 55 0
40 63 -73 0
1 -17 -49 0
-18 -80 0
-11 22 35 0
-5 17 0
-3 6 -21 0
-57 60 -76 0
26 41 63 0
10 -46 -74 0
22 47 62 0
-1 4 -62 0
9 -70 -74 0
51 65 -78 0
6 64 -69 0
-12 80 0
-56 -71 0
51 -64 -81 0
32 -50 -59 0
-32 60 -69 0
-4 13 31 0
28 42 -79 0
-22 -42 -72 0
5 -49 -57 0
-9 66 76 0
-9 -58 0
-28 -46 0
-24 78 80 0
-2 -32 -37 0
12 -17 25 0
-45 51 54 0
69 70 -80 0
1 -7 0
-7 -44 0
21 -30 47 0
12 21 28 0
3 35 -58 0
11 14 -42 0
-27 62 0
35 -52 -69 0
29 -53 -77 0
-62 69 -81 0
-2 4 -19 0
11 -20 0
11 -23 32 0
-33 57 -73 0
40 -59 79 0
-26 -41 49 0
58 -70 0
30 -31 -35 0
-32 38 -80 0
-7 20 -24 0
-20 75 -77 0
21 48 -62 0
14 -52 -55 0
-14 37 0
-33 -81 0
13 24 43 0
20 32 -57 0
36 73 0
8 13 31 0
37 -56 -70 0
-3 -54 -77 0
54 67 0
-18 21 49 0
15 -55 -75 0
-1 23 48 0
-3 4 79 0
2 41 75 0
38 49 -55 0
-51 62 67 0
-13 34 0
7 -46 0
30 -78 0
-59 -64 81 0
5 -38 -79 0
-24 41 79 0
-7 26 54 0
-31 -69 0
-7 -48 0
-17 39 59 0
-1 10 38 0
27 -31 0
17 -63 0
6 28 -47 0
4 38 61 0
-18 68 72 0
-6 -21 0
-11 -32 -40 0
9 34 0
-11 74 0
-38 -73 0
8 16 -38 0
17 -58 -76 0
6 -47 76 0
-8 45 58 0
27 42 73 0
58 -59 70 0
17 -55 69 0
-18 32 63 0
18 46 0
-10 -18 -48 0
-44 -72 0
38 62 -69 0
-32 -38 -74 0
-3 -15 0
20 -35 -75 0
5 64 69 0
14 29 -64 0
32 56 68 0
-7 8 13 0
-43 -50 69 0
-20 -58 -60 0
18 55 -67 0
-12 17 -46 0
35 -48 63 0
-8 16 32 0
14 -17 -31 0
24 -52 0
-4 18 67 0
9 -77 -78 0
4 22 -25 0
-4 -53 0
30 48 54 0
-38 -52 -68 0
-4 68 81 0
5 35 0
-22 47 -59 0
-75 -77 0
12 38 53 0
-31 58 -69 0
21 -43 62 0
-4 38 61 0
8 -55 -66 0
45 -61 -73 0
-16 -30 0
-15 -31 -70 0
-52 56 0
8 36 0
44 45 75 0
25 71 77 0
-49 -61 -78 0
17 -70 0
-29 -40 0
13 49 50 0
42 44 0
-3 25 -31 0
-31 -37 0
-15 -30 62 0
-4 13 0
10 11 -21 0
-34 36 -44 0
7 -22 0
-24 52 -73 0
3 -77 0
-19 -39 0
-18 -75 77 0
10 21 -47 0
-5 18 -55 0
6 -56 73 0
-29 39 -73 0
39 58 0
14 39 -40 0
-7 26 37 0
-35 51 -66 0
-19 -23 -39 0
6 11 -33 0
20 46 48 0
7 -31 63 0
-20 44 50 0
15 53 0
-18 -36 -75 0
28 -30 43 0
11 53 56 0
21 31 47 0
29 31 -64 0
9 -10 -50 0
-18 44 -57 0
-45 -63 64 0
39 -51 -81 0
69 74 0
-16 -37 73 0
-39 -62 0
10 -29 71 0
7 -52 70 0
9 38 51 0
-6 -22 -74 0
-2 3 0
-66 -71 74 0
-65 -67 68 0
21 -28 0
-38 -58 0
-6 -23 48 0
21 38 -43 0
-32 -34 55 0
-12 -34 -79 0
23 -63 -81 0
-20 -74 0
38 -65 -72 0
-30 -57 66 0
17 27 81 0
-7 72 0
-3 15 48 0
51 -62 80 0
17 -22 26 0
20 38 -40 0
29 -44 46 0
23 -31 0
9 -24 -65 0
-7 -46 77 0
-3 -60 0
29 -48 78 0
12 56 0
15 34 60 0
4 -62 73 0
-29 -68 0
-1 63 71 0
1 6 -26 0
14 17 0
-3 34 46 0
15 21 49 0
-73 75 0
7 -11 41 0
-18 31 40 0
39 -46 -60 0
-2 -13 20 0
45 61 0
16 -60 0
-1 3 -40 0
5 -8 -72 0
26 32 -69 0
17 26 -30 0
2 -74 0
-17 19 0
3 -18 37 0
32 -35 -79 0
43 -58 77 0
18 28 59 0
-39 -46 54 0
12 -43 -60 0
-12 28 58 0
