p cnf 85 323
-8 73 -80 0
1 77 -78 0
-19 -55 68 0
27 -33 -68 0
33 -44 -58 0
-22 -32 0
-1 -18 28 0
-6 82 -85 0
-1 -60 0
-3 -21 45 0
6 36 40 0
-48 -78 0
-26 81 0
79 -83 0
4 8 41 0
27 42 -45 0
-25 56 -84 0
-41 49 -76 0
46 53 0
51 54 -78 0
-15 -33 75 0
-41 -58 0
30 31 42 0
-13 80 -83 0
-25 46 57 0
-21 26 -82 0
38 39 73 0
30 31 58 0
-25 75 -80 0
-7 48 76 0
-12 63 0
-20 26 -49 0
-16 54 0
1 -24 44 0
-27 44 58 0
40 49 59 0
11 16 83 0
14 -60 -67 0
-25 -84 0
1 -54 61 0
19 -20 62 0
-47 -82 84 0
20 60 -68 0
35 61 77 0
21 -37 0
2 -36 -42 0
4 16 -50 0
-30 -58 79 0
51 -57 -74 0
55 -67 -73 0
26 -38 -68 0
-41 -70 -82 0
-12 -23 0
-13 -42 53 0
6 18 0
23 -44 -85 0
-13 -46 -65 0
15 19 74 0
-6 -9 -56 0
-37 72 0
18 -28 -38 0
32 -38 83 0
44 -48 -57 0
-12 15 0
1 -49 -63 0
17 -27 69 0
7 61 0
6 -66 0
-20 -58 80 0
9 -32 -67 0
-43 -45 0
27 -38 0
46 -81 0
11 35 77 0
31 -36 -59 0
-29 -64 -74 0
-6 -22 -60 0
-31 -41 52 0
11 -13 32 0
-26 -34 60 0
-22 -33 78 0
-39 50 -73 0
-5 -78 0
56 58 -77 0
-67 -83 0
36 54 71 0
-28 43 -67 0
-43 59 0
-10 -61 82 0
-16 52 74 0
-6 -67 72 0
17 -67 75 0
1 -7 10 0
-32 -36 73 0
-3 81 0
-3 -43 68 0
3 33 -70 0
-73 77 82 0
11 46 50 0
3 25 -36 0
-6 57 64 0
48 68 0
10 47 83 0
45 49 77 0
-12 -82 0
-9 46 65 0
5 24 -31 0
-39 -44 -45 0
35 67 -71 0
21 68 -74 0
28 48 66 0
36 71 0
-48 72 0
11 18 -73 0
40 82 0
6 -76 -81 0
-10 -31 75 0
18 33 -40 0
7 -23 -32 0
20 -21 27 0
50 78 0
9 22 0
-22 -52 56 0
2 19 55 0
73 80 -84 0
-29 -38 0
-31 -63 -78 0
-35 -36 80 0
19 20 -29 0
-17 -25 36 0
-44 59 69 0
16 -83 0
37 47 70 0
71 -84 85 0
9 36 -78 0
23 -41 55 0
-1 63 79 0
12 35 60 0
-15 -23 -52 0
-7 -10 53 0
-22 -26 84 0
36 42 -78 0
-25 57 85 0
5 31 67 0
-37 -38 0
31 41 80 0
-20 61 -65 0
-27 -76 0
4 7 39 0
-8 19 0
-32 -55 61 0
13 -25 0
19 -29 0
38 -79 83 0
-40 -50 -56 0
70 -79 -84 0
3 21 -59 0
-43 44 0
12 -33 -80 0
-36 45 80 0
2 -20 70 0
53 -56 0
-25 44 49 0
-25 -26 83 0
5 -28 -78 0
1 3 55 0
-10 -25 0
75 79 0
16 62 -76 0
-48 -59 61 0
-27 47 62 0
-14 24 62 0
-12 24 -40 0
34 -72 78 0
37 52 81 0
8 14 -65 0
32 81 -82 0
-31 -38 -39 0
-40 45 -67 0
19 30 -65 0
-22 35 55 0
-26 33 -52 0
-6 -15 0
-2 67 -71 0
1 -75 -84 0
-10 53 -62 0
-3 41 46 0
-9 63 0
-80 81 85 0
16 -47 50 0
-45 47 -77 0
27 64 83 0
-4 36 -65 0
-19 -21 -54 0
-8 -44 84 0
6 -28 -41 0
14 49 -73 0
-5 29 -46 0
-10 65 85 0
-34 64 -73 0
17 -32 -43 0
42 -64 0
-19 52 57 0
25 46 -85 0
-23 -36 41 0
26 -70 72 0
-72 85 0
19 66 84 0
14 21 -74 0
-36 -57 75 0
-47 -53 -75 0
-41 66 83 0
-16 -37 -80 0
-39 67 -71 0
-28 -37 79 0
-1 43 0
17 37 -58 0
-13 -14 -69 0
-25 -34 -58 0
-5 19 28 0
-11 -30 -52 0
12 -49 -72 0
41 -58 81 0
28 38 -83 0
-31 -69 83 0
-19 29 -52 0
12 -34 -81 0
-31 -56 84 0
-47 70 73 0
32 43 77 0
5 62 -67 0
-34 -46 0
-11 30 60 0
69 -74 0
9 -10 -12 0
13 43 53 0
-7 -27 -57 0
48 -80 -81 0
-57 58 73 0
2 -26 32 0
-5 16 71 0
-36 46 62 0
11 35 0
68 -75 0
15 27 0
-28 -36 60 0
32 -49 78 0
-52 82 -85 0
-1 62 -71 0
-45 -47 -83 0
32 -38 -58 0
6 54 0
-4 -63 75 0
-34 49 68 0
22 32 -73 0
9 -33 34 0
65 66 -83 0
30 -59 64 0
-27 61 84 0
7 -50 -82 0
9 -83 0
34 49 -50 0
-24 61 0
21 -67 0
15 45 53 0
24 38 70 0
-2 -16 0
-40 -67 70 0
33 -83 -85 0
39 47 62 0
9 34 0
25 58 -81 0
-6 60 70 0
-16 -30 0
-18 -21 46 0
35 73 0
31 -80 -84 0
17 41 -44 0
-4 36 -61 0
11 -24 -42 0
11 -15 57 0
-22 -49 76 0
-4 5 -32 0
-49 78 0
10 50 71 0
3 -12 39 0
41 43 -65 0
29 -47 -85 0
-33 64 -70 0
-26 -31 55 0
67 68 0
-46 -51 -84 0
15 42 -54 0
-68 -71 84 0
43 -70 73 0
-32 36 -63 0
37 75 77 0
-13 -34 -78 0
41 73 85 0
-16 -19 -64 0
-38 46 65 0
34 -46 80 0
9 -52 0
11 37 0
-34 36 -69 0
25 46 0
33 -44 45 0
-1 35 -85 0
-26 -35 -73 0
20 -33 -56 0
3 50 0
9 -21 -66 0
22 -36 -59 0
41 -48 -53 0
-11 -44 -54 0
28 39 -67 0
23 82 0
-22 -67 78 0
12 44 59 0
17 -34 -45 0
3 4 59 0
-23 59 62 0
-14 -52 -76 0
