p cnf 83 288
17 -22 -32 0
20 38 -47 0
38 66 0
-1 -62 0
-1 -19 -82 0
6 7 0
-35 -38 61 0
3 -20 0
-25 40 -66 0
-5 7 18 0
29 45 0
25 -41 -47 0
-43 -46 -57 0
-66 68 0
-49 59 83 0
-10 -17 67 0
-45 57 -79 0
-40 -68 0
-9 -15 -72 0
5 -37 -58 0
16 -56 78 0
3 14 66 0
35 -40 68 0
7 -32 62 0
-24 42 -71 0
-55 -70 -71 0
6 69 0
-2 9 73 0
10 -33 -82 0
28 37 -72 0
69 76 -77 0
-29 78 81 0
-41 82 -83 0
48 -56 -82 0
21 69 79 0
-11 -22 -71 0
15 -83 0
14 -36 65 0
-37 57 -61 0
-19 -64 78 0
-12 16 71 0
13 -59 -65 0
17 44 64 0
48 49 -71 0
-15 -35 77 0
33 47 -64 0
2 43 68 0
23 -44 -74 0
26 45 0
46 77 79 0
-10 19 -68 0
17 -36 44 0
61 70 0
21 -28 -30 0
-28 50 82 0
28 -41 71 0
18 -29 61 0
23 32 41 0
35 51 -80 0
34 48 50 0
-60 -64 -73 0
-56 74 81 0
-17 -37 0
22 -31 -59 0
-17 24 -69 0
55 -60 -76 0
-26 -42 45 0
-40 -42 0
26 64 0
-10 -23 -54 0
-6 -32 46 0
4 -11 -79 0
10 -39 -80 0
-12 -16 -51 0
7 -27 -43 0
-55 58 -73 0
6 15 57 0
15 74 -83 0
23 -54 0
-9 51 82 0
-51 74 0
6 45 0
-7 15 27 0
-15 -53 -57 0
-27 -81 0
-3 -19 -26 0
-62 76 81 0
-17 20 25 0
-37 42 -70 0
-28 -35 -41 0
-49 -69 77 0
-40 -44 -63 0
15 -68 72 0
9 78 0
-50 61 63 0
-37 -51 52 0
24 25 43 0
6 16 -64 0
12 -24 69 0
-16 38 -76 0
23 -43 0
-48 51 0
9 38 0
-30 42 0
-3 38 -67 0
28 -40 -59 0
54 77 0
-41 42 56 0
-25 -42 -57 0
26 -30 -77 0
31 -66 -69 0
-9 73 82 0
31 36 -64 0
-16 30 -70 0
6 74 0
-9 52 67 0
57 -67 0
-3 28 0
53 67 82 0
36 40 55 0
-6 -62 -79 0
11 -20 -26 0
30 60 72 0
36 -69 -82 0
-33 70 0
-16 -21 68 0
-21 22 -72 0
73 -79 0
-6 35 -48 0
-2 42 52 0
-50 -83 0
-21 66 -74 0
5 -44 0
-3 -35 47 0
6 13 25 0
-18 36 0
-25 -32 43 0
21 -33 0
5 26 61 0
-72 77 0
13 -45 -49 0
18 58 74 0
-65 -71 72 0
-62 -75 0
-18 26 69 0
7 -19 83 0
-44 61 77 0
-1 -25 56 0
47 62 0
16 25 33 0
-9 -60 0
-32 73 0
7 44 80 0
-9 -13 82 0
3 -17 56 0
-34 70 0
22 -33 49 0
-12 44 60 0
-66 71 74 0
33 -35 41 0
40 46 -62 0
-32 70 82 0
76 83 0
26 -31 -67 0
51 -65 76 0
-1 14 -30 0
-65 69 0
32 -61 62 0
46 82 0
-14 30 -52 0
31 -78 0
-11 -27 -40 0
-25 -38 66 0
-27 -73 -76 0
-17 -29 32 0
-17 -54 -55 0
10 34 73 0
-41 -46 0
17 -21 36 0
-1 -25 80 0
-27 79 0
-44 54 0
4 45 0
38 39 0
-3 -37 66 0
-10 -26 28 0
8 -48 -71 0
26 31 81 0
-59 83 0
-14 -18 -44 0
-6 44 50 0
-8 54 -80 0
16 19 -49 0
-32 -44 47 0
1 -34 -56 0
-28 -64 0
37 55 0
40 -77 0
32 67 -73 0
-52 -60 -71 0
2 -34 0
15 -58 -69 0
-2 65 -68 0
-48 -50 -76 0
9 -19 -23 0
23 -35 48 0
21 -56 0
-19 -27 0
-36 -40 0
14 46 -79 0
32 -53 56 0
15 -47 -71 0
-9 -62 0
-2 47 75 0
11 79 80 0
8 -25 82 0
-26 -68 74 0
64 68 -73 0
20 52 -72 0
-1 -31 -68 0
-56 57 62 0
-49 74 0
-21 35 76 0
7 12 -65 0
20 -41 50 0
38 68 77 0
-18 64 -75 0
25 -29 0
22 -31 -54 0
61 64 -79 0
-22 -29 -66 0
4 38 59 0
-11 77 80 0
-5 -12 82 0
4 -22 71 0
-18 -44 45 0
21 -73 80 0
31 -33 56 0
33 -44 65 0
-19 29 -55 0
-19 64 0
12 -30 38 0
-20 -31 -63 0
8 35 -36 0
13 -37 50 0
-22 -43 72 0
20 46 58 0
-66 69 80 0
17 32 -40 0
-4 16 47 0
13 50 -82 0
44 -58 65 0
10 -53 0
34 -39 57 0
39 -43 54 0
26 42 0
-51 -65 76 0
5 -37 65 0
10 37 79 0
-39 -47 78 0
41 45 -75 0
-33 42 -73 0
-10 -35 64 0
4 6 -76 0
43 49 -81 0
-23 31 36 0
12 56 79 0
9 -40 61 0
-8 -33 83 0
-56 -59 0
59 64 79 0
13 -74 0
-24 44 0
-27 64 -71 0
-30 52 -81 0
2 42 46 0
-5 -19 30 0
-15 80 0
-6 -52 0
-4 66 0
28 -74 0
8 52 74 0
21 -31 73 0
15 34 77 0
-8 63 0
6 -31 36 0
10 -50 0
-43 -59 -83 0
