p cnf 84 303
-25 37 53 0
-20 -79 0
-2 -27 58 0
-1 -20 -73 0
-12 -33 -70 0
13 59 0
-28 -68 -77 0
24 -39 77 0
6 11 -35 0
22 -29 62 0
-14 -63 67 0
40 66 -69 0
1 9 -69 0
-49 -53 61 0
12 33 56 0
32 65 67 0
19 -23 -65 0
-27 35 -41 0
-44 61 -67 0
14 -50 57 0
9 -61 -80 0
-41 -54 73 0
-17 35 -84 0
-44 84 0
25 -52 -78 0
-24 35 38 0
-17 57 77 0
-5 -26 -57 0
12 -49 71 0
75 -79 81 0
12 -51 53 0
-43 -58 -82 0
42 54 56 0
39 -41 45 0
58 79 0
24 69 83 0
-48 70 76 0
-5 10 17 0
24 51 58 0
-27 29 46 0
-13 -34 68 0
2 37 -56 0
-3 32 -58 0
-35 -38 0
11 28 35 0
35 41 56 0
-45 -53 -62 0
13 62 0
-37 -77 0
-37 -48 -54 0
-3 -67 -75 0
-28 34 -84 0
-43 63 -71 0
-25 57 65 0
10 16 -40 0
-13 28 -51 0
22 30 62 0
-1 2 38 0
-31 51 84 0
-2 -36 -80 0
-41 55 65 0
18 49 -61 0
-25 -44 -73 0
-2 31 35 0
59 71 0
-14 -56 -80 0
-14 -38 81 0
1 53 0
1 13 53 0
7 -13 61 0
1 32 84 0
16 -38 77 0
-44 -71 0
12 54 0
-9 23 78 0
-10 -52 -78 0
50 -72 -79 0
9 46 0
29 44 -53 0
4 -30 -75 0
-65 -75 -77 0
-34 -66 82 0
36 -49 73 0
14 -20 -44 0
-26 -34 -65 0
53 -67 0
-1 -82 0
31 78 0
19 70 82 0
-29 -52 63 0
10 -36 -84 0
10 59 78 0
17 53 -81 0
-23 28 -44 0
-1 10 56 0
-36 -44 -80 0
2 23 42 0
-14 34 -84 0
31 -48 0
25 -53 0
32 -52 -83 0
46 48 -76 0
-49 52 0
-53 -62 66 0
13 63 -82 0
7 38 -69 0
24 -38 67 0
39 46 0
-27 29 -73 0
-19 28 0
-11 -40 0
-25 70 0
-1 -39 -40 0
25 39 -55 0
27 -44 -74 0
-30 -40 44 0
-16 -68 0
20 -50 53 0
-47 53 80 0
5 49 84 0
-25 35 -79 0
5 66 0
5 -69 -83 0
7 15 29 0
-7 -42 54 0
48 -49 -76 0
37 55 75 0
-16 -51 -66 0
-48 52 0
-28 64 -80 0
12 -37 57 0
-28 64 67 0
-2 -24 -28 0
-17 -21 41 0
-51 60 0
-53 -63 0
-44 60 77 0
-17 -65 75 0
-29 51 62 0
-2 -43 0
18 -26 -32 0
-7 32 -46 0
32 -48 -65 0
17 23 44 0
49 55 -61 0
-28 -40 -49 0
42 48 71 0
-6 -68 -84 0
-3 35 54 0
37 -56 -72 0
1 49 -81 0
37 42 83 0
17 28 67 0
-9 -23 80 0
-25 29 -43 0
-6 -9 -18 0
24 48 -75 0
-26 -49 0
-14 29 50 0
-48 -82 0
52 -62 -76 0
-58 71 0
-11 -16 48 0
3 21 -75 0
4 39 54 0
-62 69 79 0
-3 20 27 0
-8 22 -83 0
-22 56 60 0
13 -38 -68 0
-12 14 46 0
-10 22 0
41 67 69 0
-9 26 0
-54 71 -82 0
-3 -24 0
-21 33 0
-56 -71 0
5 10 62 0
-43 -65 0
44 66 73 0
-1 -2 82 0
4 25 80 0
15 -42 74 0
12 58 0
-14 -37 61 0
-41 67 -72 0
31 35 -64 0
3 -5 33 0
51 -72 0
34 49 59 0
49 83 84 0
25 29 53 0
32 -42 51 0
5 -31 56 0
17 22 -48 0
-17 -52 59 0
22 -40 -65 0
14 67 0
-34 61 -83 0
7 -24 0
20 -43 -81 0
19 -24 49 0
-3 -66 -84 0
19 37 -69 0
-56 -66 0
-2 -57 0
20 73 0
5 -27 -58 0
3 -38 39 0
-7 -13 -50 0
67 77 84 0
-6 25 75 0
14 -43 -67 0
-28 -50 -61 0
-27 56 -72 0
-10 58 0
37 -52 59 0
-8 25 -30 0
-23 62 81 0
-33 45 -49 0
54 -56 0
-15 56 -69 0
-5 40 -56 0
31 -64 73 0
5 -21 22 0
-14 -18 -36 0
-34 -53 0
8 -10 -82 0
24 34 80 0
-17 53 0
-33 -53 80 0
-35 56 62 0
25 -48 -67 0
8 -62 -65 0
15 49 -69 0
16 -24 -44 0
6 -20 -43 0
9 -19 -33 0
-22 -82 83 0
-4 -15 -23 0
18 -29 79 0
32 66 0
26 57 82 0
-14 -28 -69 0
-29 45 63 0
36 63 79 0
-18 -77 0
47 76 0
-27 30 0
-10 24 40 0
-7 65 -80 0
7 12 46 0
45 -55 66 0
23 38 -57 0
36 46 59 0
51 -72 0
1 -55 -62 0
1 -12 -83 0
-24 26 0
20 -48 0
-3 17 -84 0
7 -72 0
19 29 -60 0
30 -37 48 0
75 80 0
-11 -54 79 0
38 -39 73 0
10 -17 -65 0
16 23 -79 0
-30 74 78 0
-38 -55 84 0
48 -53 -69 0
24 40 42 0
-1 -48 65 0
5 32 -51 0
-33 54 57 0
-7 67 -69 0
26 -68 -69 0
-2 -35 -53 0
9 -23 -29 0
14 -31 -62 0
34 54 66 0
-14 34 -52 0
-12 25 27 0
-11 16 61 0
-9 31 -34 0
-35 -41 0
-25 51 60 0
-3 45 74 0
-59 65 0
-48 66 75 0
6 -49 -84 0
-30 -51 0
-24 26 39 0
23 -35 -75 0
-8 13 -27 0
-40 63 0
9 32 53 0
5 53 -80 0
-3 -43 82 0
-24 28 -74 0
-32 38 0
