p cnf 92 357
12 -34 -64 0
26 -48 77 0
-16 -70 86 0
5 -29 65 0
36 52 62 0
-18 -53 55 0
-4 27 28 0
3 60 -88 0
-8 87 0
31 -35 67 0
-13 -51 80 0
15 -36 -85 0
19 -54 86 0
31 71 87 0
-4 38 -59 0
-27 52 -74 0
18 -65 -89 0
-4 -24 45 0
31 -32 -54 0
67 -72 -87 0
-3 -27 -71 0
1 -47 -79 0
-19 -37 92 0
-36 38 -79 0
53 60 -81 0
-33 -51 -60 0
22 37 46 0
-21 88 0
-32 -35 -45 0
-3 27 -88 0
-9 -35 90 0
-10 -67 0
6 -41 -81 0
15 -42 -73 0
-14 18 -80 0
47 60 81 0
-12 73 79 0
-55 -61 91 0
16 24 53 0
43 49 -53 0
21 52 -87 0
14 20 -28 0
14 -33 -55 0
-6 60 -68 0
-2 -25 -58 0
6 18 32 0
-56 -85 88 0
-37 72 -74 0
-21 -53 -71 0
-10 75 -77 0
-24 39 64 0
38 48 -85 0
11 -43 0
-4 70 87 0
9 -16 20 0
-34 44 0
-16 -69 0
36 -39 58 0
30 48 90 0
-13 43 77 0
7 40 65 0
27 41 -71 0
50 -63 0
61 -75 -81 0
-17 -26 46 0
-15 -40 0
22 -26 55 0
17 56 -58 0
3 -21 -51 0
8 -32 73 0
-19 -68 86 0
7 -12 -25 0
23 39 49 0
16 55 -62 0
-62 -66 90 0
9 28 0
-17 -32 0
-30 50 0
-57 59 76 0
21 59 91 0
-1 65 91 0
69 -70 0
42 51 0
5 53 78 0
41 -54 62 0
41 -87 0
-8 -23 -87 0
-14 -30 -52 0
19 27 -34 0
33 -80 -88 0
-8 -88 91 0
-29 83 -91 0
-45 -64 -71 0
31 64 88 0
19 -22 74 0
8 82 0
18 66 0
7 51 -53 0
-28 51 -63 0
51 64 -68 0
-6 11 -86 0
20 -35 -54 0
44 -75 76 0
-1 -14 90 0
-29 -50 -78 0
29 68 -86 0
-14 28 -79 0
-37 -50 0
-2 -65 -72 0
24 -40 -46 0
58 -74 -75 0
18 47 -75 0
3 -82 86 0
-27 31 -68 0
63 67 71 0
7 10 77 0
4 -51 69 0
-28 -41 57 0
-30 -41 -87 0
19 23 -63 0
-30 61 65 0
42 -50 -51 0
3 67 91 0
9 -15 64 0
37 48 -58 0
47 57 77 0
42 54 -68 0
-40 -57 65 0
38 57 0
42 -65 -87 0
4 24 77 0
32 -56 -84 0
27 34 -54 0
9 -20 -50 0
-5 36 70 0
39 -72 0
15 33 -40 0
-5 25 79 0
2 33 84 0
-22 29 34 0
-47 -74 76 0
1 -20 -35 0
20 -63 -64 0
31 74 0
-35 69 0
-26 -69 0
53 71 80 0
-2 25 -33 0
9 12 72 0
-3 -89 -91 0
41 64 85 0
36 -76 -77 0
5 -53 82 0
41 80 -92 0
15 76 -78 0
39 -47 -69 0
-8 -62 72 0
-48 -63 66 0
1 -31 -32 0
24 27 53 0
-3 7 -23 0
-52 55 76 0
22 -53 -55 0
51 -77 92 0
22 -46 -85 0
-23 55 -63 0
69 -79 -91 0
-56 -82 84 0
-18 37 63 0
2 -3 -14 0
-13 -30 67 0
-21 29 76 0
-6 -59 -69 0
-7 52 -57 0
3 58 -83 0
6 70 -73 0
-19 -57 58 0
-40 43 47 0
-10 -30 -32 0
-2 -19 -89 0
41 -60 0
-54 76 90 0
14 51 90 0
-9 39 -65 0
-2 8 67 0
-61 72 -87 0
-10 -50 81 0
-20 43 90 0
-61 -67 -83 0
2 41 84 0
-23 26 79 0
51 74 -83 0
12 75 0
51 -80 90 0
-23 48 -51 0
-33 -36 -92 0
62 70 74 0
-38 -70 74 0
44 46 -75 0
36 39 -43 0
-8 -64 90 0
39 -57 -86 0
-69 71 0
21 -62 -71 0
60 -72 80 0
-27 -40 -74 0
-28 -33 86 0
-24 30 -52 0
-23 -73 -85 0
24 35 66 0
-11 -68 -80 0
-9 -15 64 0
-38 81 -85 0
-15 -68 77 0
33 -54 74 0
-11 36 -66 0
-71 -84 -90 0
43 48 -62 0
9 -24 89 0
38 39 -88 0
32 57 84 0
34 -72 0
7 -24 -52 0
-23 -36 -74 0
14 -22 -30 0
17 -56 -88 0
30 -43 -81 0
25 26 -60 0
-26 48 -81 0
-9 53 -72 0
41 70 90 0
-1 -7 -78 0
16 86 0
6 19 -91 0
-35 -36 41 0
-43 82 -90 0
-22 -48 0
10 30 -70 0
9 -64 -66 0
-19 -27 -39 0
-13 -36 0
25 57 -62 0
-43 61 0
-51 54 -66 0
-43 53 -75 0
-17 -45 58 0
-24 46 -70 0
1 -38 0
10 -81 0
33 -82 84 0
54 -62 85 0
12 45 0
-3 -64 84 0
14 -88 0
-6 -34 -68 0
-37 67 -71 0
-49 -52 54 0
-15 23 -82 0
13 -18 33 0
-15 -39 -68 0
-31 -60 0
10 29 33 0
30 -79 89 0
20 67 -75 0
-22 -60 79 0
8 25 -48 0
14 15 -75 0
-49 63 -84 0
40 70 0
-10 -67 86 0
18 54 -86 0
4 41 -44 0
15 -35 79 0
-2 -32 80 0
32 -84 -86 0
34 -42 -85 0
-29 46 85 0
8 22 -35 0
35 -74 92 0
5 14 -66 0
36 -58 -86 0
-2 41 47 0
14 63 0
-53 -59 -75 0
30 38 57 0
1 -43 75 0
-34 37 64 0
20 -38 -43 0
-4 -6 -13 0
-6 65 73 0
5 33 -84 0
-21 29 90 0
-75 88 91 0
15 -54 -84 0
-36 42 -55 0
-13 -37 0
-50 68 0
-13 56 -67 0
11 23 30 0
-33 81 0
31 -32 -85 0
-18 33 -76 0
-4 71 -81 0
-50 62 -90 0
46 77 0
20 -57 -92 0
48 -56 -58 0
5 23 -43 0
-35 -36 70 0
36 -44 0
24 -30 -41 0
-33 -41 -59 0
24 48 -71 0
11 -28 -79 0
52 -70 -86 0
27 38 0
-7 -12 25 0
24 -27 60 0
-28 51 0
-53 -85 -92 0
-64 -65 -78 0
3 -8 42 0
-44 -67 -70 0
-32 52 0
-8 -33 0
13 -18 29 0
-37 46 0
44 57 81 0
-45 55 -76 0
-2 -41 -73 0
-4 -78 84 0
-18 -19 -78 0
-2 22 81 0
56 -73 87 0
-20 45 -72 0
48 -64 83 0
-41 50 -58 0
10 -70 -86 0
35 82 88 0
3 65 80 0
12 -77 83 0
-20 66 -67 0
11 60 0
-10 25 -75 0
22 30 -63 0
-27 57 0
-8 -88 -89 0
-15 -39 -78 0
41 65 -83 0
-14 -43 -65 0
-2 31 -67 0
-60 -63 87 0
-12 -33 -91 0
6 9 0
-43 73 74 0
-19 44 -54 0
-2 -41 0
