p cnf 81 284
-25 36 50 0
-20 -76 0
-2 -27 55 0
-1 -20 -70 0
-12 -33 -67 0
13 56 0
-28 -65 -74 0
24 -37 74 0
22 -29 59 0
-14 -60 64 0
63 -66 0
1 9 -66 0
-46 -50 58 0
12 33 53 0
32 62 64 0
19 -23 -62 0
-27 -38 0
-41 58 -64 0
14 -47 54 0
9 -58 -77 0
-38 -51 70 0
-17 -81 0
-41 81 0
25 -49 -75 0
-17 54 74 0
-5 -26 -54 0
12 -46 68 0
72 -76 78 0
12 -48 50 0
-40 -55 -79 0
39 51 53 0
37 -38 42 0
55 76 0
24 66 80 0
-45 67 73 0
-5 10 17 0
24 48 55 0
-27 29 43 0
-13 -34 65 0
2 36 -53 0
-3 32 -55 0
11 28 0
38 53 0
-42 -50 -59 0
13 59 0
-36 -74 0
-36 -45 -51 0
-3 -64 -72 0
-28 34 -81 0
-40 60 -68 0
-25 54 62 0
-13 28 -48 0
22 30 59 0
-31 48 81 0
-2 -35 -77 0
-38 52 62 0
18 46 -58 0
-25 -41 -70 0
-2 31 0
56 68 0
-14 -53 -77 0
-14 78 0
1 50 0
1 13 50 0
7 -13 58 0
1 32 81 0
16 74 0
-41 -68 0
12 51 0
-9 23 75 0
-10 -49 -75 0
47 -69 -76 0
9 43 0
29 41 -50 0
4 -30 -72 0
-62 -72 -74 0
-34 -63 79 0
35 -46 70 0
14 -20 -41 0
-26 -34 -62 0
50 -64 0
-1 -79 0
31 75 0
19 67 79 0
-29 -49 60 0
10 -35 -81 0
10 56 75 0
17 50 -78 0
-23 28 -41 0
-1 10 53 0
-35 -41 -77 0
2 23 39 0
-14 34 -81 0
31 -45 0
25 -50 0
32 -49 -80 0
43 45 -73 0
-46 49 0
-50 -59 63 0
13 60 -79 0
24 64 0
37 43 0
-27 29 -70 0
-19 28 0
-25 67 0
25 37 -52 0
27 -41 -71 0
-16 -65 0
20 -47 50 0
-44 50 77 0
5 46 81 0
-25 -76 0
5 63 0
5 -66 -80 0
7 15 29 0
-7 -39 51 0
45 -46 -73 0
36 52 72 0
-16 -48 -63 0
-45 49 0
-28 61 -77 0
12 -36 54 0
-28 61 64 0
-2 -24 -28 0
-17 -21 38 0
-48 57 0
-50 -60 0
-41 57 74 0
-17 -62 72 0
-29 48 59 0
-2 -40 0
18 -26 -32 0
-7 32 -43 0
32 -45 -62 0
17 23 41 0
46 52 -58 0
39 45 68 0
-6 -65 -81 0
-3 51 0
36 -53 -69 0
1 46 -78 0
36 39 80 0
17 28 64 0
-9 -23 77 0
-25 29 -40 0
-6 -9 -18 0
24 45 -72 0
-26 -46 0
-14 29 47 0
-45 -79 0
49 -59 -73 0
-55 68 0
-11 -16 45 0
3 21 -72 0
4 37 51 0
-59 66 76 0
-3 20 27 0
-8 22 -80 0
-22 53 57 0
13 -65 0
-12 14 43 0
-10 22 0
38 64 66 0
-9 26 0
-51 68 -79 0
-3 -24 0
-21 33 0
-53 -68 0
5 10 59 0
-40 -62 0
41 63 70 0
-1 -2 79 0
4 25 77 0
15 -39 71 0
12 55 0
-14 -36 58 0
-38 64 -69 0
31 -61 0
3 -5 33 0
48 -69 0
34 46 56 0
46 80 81 0
25 29 50 0
32 -39 48 0
5 -31 53 0
17 22 -45 0
-17 -49 56 0
14 64 0
-34 58 -80 0
7 -24 0
20 -40 -78 0
19 -24 46 0
-3 -63 -81 0
19 36 -66 0
-53 -63 0
-2 -54 0
20 70 0
5 -27 -55 0
3 37 0
-7 -13 -47 0
64 74 81 0
-6 25 72 0
14 -40 -64 0
-28 -47 -58 0
-27 53 -69 0
-10 55 0
36 -49 56 0
-8 25 -30 0
-23 59 78 0
-33 42 -46 0
51 -53 0
-15 53 -66 0
-5 -53 0
31 -61 70 0
5 -21 22 0
-14 -18 -35 0
-34 -50 0
8 -10 -79 0
24 34 77 0
-17 50 0
-33 -50 77 0
25 -45 -64 0
8 -59 -62 0
15 46 -66 0
16 -24 -41 0
6 -20 -40 0
9 -19 -33 0
-22 -79 80 0
-4 -15 -23 0
18 -29 76 0
32 63 0
26 54 79 0
-14 -28 -66 0
-29 42 60 0
35 60 76 0
-18 -74 0
44 73 0
-27 30 0
-10 24 0
-7 62 -77 0
7 12 43 0
42 -52 63 0
35 43 56 0
48 -69 0
1 -52 -59 0
1 -12 -80 0
-24 26 0
20 -45 0
-3 17 -81 0
7 -69 0
19 29 -57 0
30 -36 45 0
72 77 0
-11 -51 76 0
10 -17 -62 0
16 23 -76 0
-30 71 75 0
-52 81 0
45 -50 -66 0
24 39 0
-1 -45 62 0
5 32 -48 0
-33 51 54 0
-7 64 -66 0
26 -65 -66 0
9 -23 -29 0
14 -31 -59 0
34 51 63 0
-14 34 -49 0
-12 25 27 0
-11 16 58 0
-9 31 -34 0
-25 48 57 0
-3 42 71 0
-56 62 0
-45 63 72 0
6 -46 -81 0
-30 -48 0
-24 26 37 0
-8 13 -27 0
9 32 50 0
5 50 -77 0
-3 -40 79 0
-24 28 -71 0
