p cnf 84 316
45 61 -74 0
-17 34 65 0
-5 -38 -80 0
8 28 51 0
28 -52 0
3 81 83 0
58 -68 0
6 -31 50 0
4 -77 -81 0
-6 -32 0
-6 -45 0
15 -19 27 0
-17 -54 -66 0
26 -72 -76 0
-7 -34 0
13 74 -75 0
37 -60 -73 0
8 -11 -70 0
-1 -27 -33 0
71 -81 -82 0
-5 -12 34 0
5 6 28 0
14 -30 60 0
-47 -75 -84 0
20 59 -70 0
28 30 -64 0
-67 68 0
-32 74 84 0
-12 -81 83 0
49 54 57 0
45 -60 0
-12 -22 -38 0
26 28 77 0
63 -74 0
-31 33 42 0
78 -82 0
20 -46 72 0
33 -45 -68 0
37 54 77 0
18 -33 -47 0
9 -59 61 0
14 -29 40 0
4 19 -84 0
-7 8 75 0
13 37 0
15 27 -75 0
27 -58 0
-44 -50 52 0
9 14 -72 0
-20 34 81 0
-7 46 0
-23 -33 0
1 3 -14 0
12 28 -76 0
-1 2 -12 0
13 43 83 0
47 -55 80 0
25 33 -77 0
-3 -13 54 0
27 -58 78 0
-1 -74 0
-65 -67 0
27 41 -59 0
4 -15 -78 0
22 70 0
-46 74 75 0
-63 71 0
48 -73 0
25 -59 72 0
-27 -50 59 0
-10 15 19 0
19 34 0
-4 16 -58 0
-12 -26 45 0
-30 -51 0
43 -44 0
-42 70 0
-16 27 73 0
-35 -56 -57 0
-20 53 0
17 49 71 0
-6 -45 -73 0
-10 51 84 0
-10 28 70 0
-55 57 60 0
-6 -64 -81 0
-20 27 -82 0
44 -62 -79 0
-15 -31 -69 0
28 -56 64 0
-38 42 0
-5 24 51 0
-31 -80 0
-3 -24 60 0
-50 69 0
49 -61 0
-3 47 0
4 -28 67 0
-21 47 63 0
13 -21 -40 0
32 50 51 0
-9 25 26 0
1 10 -36 0
40 -49 82 0
-22 -28 -70 0
-10 16 50 0
8 -14 -35 0
11 -38 0
20 -50 76 0
29 55 68 0
-24 26 -64 0
54 -56 0
-17 -38 47 0
-14 27 58 0
-2 -13 73 0
13 -34 0
35 -62 70 0
-35 -58 60 0
14 -21 78 0
-11 69 80 0
-21 -74 0
2 -17 32 0
10 13 0
-17 -26 0
-11 -24 29 0
-13 -34 80 0
-66 75 0
-71 73 83 0
5 65 82 0
10 -44 -52 0
-24 25 -38 0
-14 -49 -60 0
8 -39 -63 0
-26 -44 76 0
-40 82 0
-4 -16 21 0
-39 -48 72 0
3 -34 65 0
-9 -25 74 0
9 11 58 0
3 46 -52 0
-19 77 79 0
-14 -24 0
4 -22 -83 0
58 -68 -81 0
38 72 82 0
22 -24 34 0
-18 65 66 0
29 30 55 0
3 -40 0
-55 -61 78 0
3 -40 -73 0
-11 36 -63 0
33 -41 -72 0
32 -44 0
9 39 -66 0
43 55 0
-15 19 -68 0
-1 -5 71 0
46 -48 0
7 11 23 0
11 41 -79 0
-29 -35 -58 0
-25 -38 -82 0
13 19 -51 0
35 43 46 0
1 -28 -38 0
31 70 0
-18 -36 72 0
28 31 81 0
-5 -22 50 0
-36 -37 57 0
27 -44 0
-2 8 55 0
3 57 61 0
8 -17 -84 0
52 80 0
-38 41 62 0
19 33 -35 0
-17 -56 0
47 -49 -71 0
-27 80 0
-47 -56 -79 0
26 -42 -43 0
20 -40 -52 0
-50 81 0
65 -78 0
20 -38 -73 0
-35 -51 58 0
-9 22 57 0
-3 -15 -56 0
-9 54 -57 0
-37 64 81 0
51 80 -82 0
4 52 -59 0
15 -54 59 0
14 -32 -38 0
7 73 84 0
-8 -50 0
-6 -14 -15 0
-10 14 -66 0
-6 14 0
5 13 -24 0
-39 -47 -84 0
-37 52 -75 0
-33 -71 0
-16 41 70 0
-60 -63 -73 0
-31 38 0
-7 -8 54 0
6 -18 54 0
-55 -66 69 0
13 41 -59 0
-36 76 0
5 -66 0
43 59 -83 0
4 -42 71 0
-25 -46 -64 0
-46 -57 79 0
43 -73 0
-9 -28 29 0
12 18 47 0
54 -72 81 0
2 -80 0
13 41 77 0
22 -51 76 0
21 35 41 0
38 -59 0
-6 46 0
8 20 -63 0
-7 -50 70 0
-9 -34 -72 0
17 -76 79 0
-40 -67 0
36 -41 -50 0
-27 32 50 0
-23 -34 -79 0
-41 64 -80 0
-11 -33 -68 0
-15 50 62 0
-8 -11 82 0
-2 24 68 0
-22 34 69 0
-1 -5 -39 0
26 -51 0
-33 -78 0
9 24 -71 0
6 -45 0
8 38 -48 0
50 51 0
31 63 80 0
-12 -50 -68 0
5 -17 -61 0
-1 67 0
35 71 0
5 36 -65 0
21 65 -76 0
-14 30 0
63 -80 0
-18 -49 -69 0
1 20 0
2 -33 77 0
-68 -77 83 0
35 -58 -64 0
-55 58 0
9 10 -19 0
32 37 -69 0
-44 -50 0
2 34 77 0
-2 -30 54 0
-17 55 -76 0
10 -47 56 0
35 -45 -58 0
12 -20 29 0
-13 29 0
-13 81 0
19 44 0
-23 -55 63 0
-31 -43 77 0
-27 -65 -78 0
13 36 76 0
47 -76 -81 0
7 -74 -82 0
22 30 83 0
1 29 52 0
10 33 -79 0
-26 -62 75 0
-23 80 0
1 35 0
12 17 68 0
1 -2 -4 0
-24 44 63 0
35 82 0
15 -38 71 0
8 -27 -80 0
18 22 32 0
12 43 -52 0
30 31 -66 0
23 48 -68 0
3 -34 0
45 56 76 0
-54 -59 -62 0
-13 -29 65 0
37 45 0
30 -52 71 0
-9 14 -73 0
-4 40 44 0
18 -49 52 0
-1 18 39 0
-26 -37 -45 0
-11 25 56 0
-30 32 72 0
29 -68 -70 0
-14 -35 0
-14 -53 79 0
22 54 -75 0
