p cnf 86 319
-31 48 49 0
-3 26 32 0
-7 31 -58 0
-3 -26 65 0
1 52 -58 0
14 34 -55 0
-13 -54 68 0
10 -21 41 0
13 47 66 0
-32 51 67 0
26 78 0
2 -4 -45 0
11 -34 -49 0
-25 53 70 0
7 -71 79 0
1 -46 -73 0
26 55 77 0
25 -34 60 0
6 55 86 0
-18 26 -84 0
15 -34 52 0
-8 73 0
52 -70 -71 0
-15 -46 79 0
-49 65 -67 0
-9 -42 -53 0
40 79 0
2 22 -75 0
47 -55 0
-47 60 75 0
-15 42 -47 0
10 -49 61 0
-45 75 81 0
7 -28 -36 0
-53 71 84 0
-12 -45 -60 0
46 82 0
24 -28 43 0
4 -23 -82 0
-6 -15 38 0
-6 -28 32 0
6 9 -45 0
24 -39 76 0
59 -81 83 0
-43 -53 -71 0
24 -54 -69 0
9 -59 63 0
-23 -29 57 0
-27 -44 -49 0
-47 49 79 0
21 83 0
-51 60 81 0
32 -42 0
-13 15 71 0
-11 -36 0
-23 -30 -82 0
-12 32 -63 0
38 58 -73 0
16 -68 -79 0
20 53 71 0
1 -29 43 0
-12 -22 32 0
10 -15 0
-8 -23 60 0
35 -41 79 0
-20 -25 30 0
7 -23 -76 0
-38 41 78 0
-72 -75 0
6 39 -84 0
10 -37 57 0
26 -33 85 0
26 -52 -84 0
18 -25 50 0
-57 58 81 0
-35 -77 -83 0
-5 24 -44 0
-39 61 65 0
-28 32 -75 0
1 -69 86 0
-28 30 81 0
28 -34 -53 0
-1 -17 -27 0
28 -35 -55 0
-4 20 -72 0
10 -21 42 0
-48 60 -79 0
11 -33 43 0
-8 40 0
16 37 0
-7 40 0
25 29 0
-15 74 0
-59 -78 0
32 46 66 0
-39 -40 -60 0
22 30 -36 0
-49 -71 82 0
-57 65 78 0
-4 18 21 0
18 -44 -86 0
1 -14 -66 0
-31 72 -74 0
-17 -20 74 0
42 66 0
-5 10 -17 0
-5 23 -43 0
30 37 -77 0
-43 -58 0
-15 70 85 0
32 62 0
-8 -9 -45 0
-4 -27 -41 0
-33 -45 -68 0
-4 -56 0
-55 -59 68 0
8 -54 67 0
6 18 -46 0
3 45 77 0
-31 -55 67 0
9 81 0
5 -10 78 0
6 -80 0
43 -45 60 0
-10 -60 0
13 24 -33 0
-2 -7 12 0
-16 20 -63 0
-5 -12 34 0
-16 25 0
47 -54 60 0
1 21 -28 0
4 46 62 0
32 78 -83 0
-56 63 71 0
-19 50 68 0
-41 -57 0
-6 -14 -55 0
-17 34 0
45 49 51 0
36 74 86 0
3 9 76 0
-3 -29 0
12 -56 -63 0
-10 18 48 0
43 -57 -74 0
-22 34 51 0
41 49 73 0
-62 73 -74 0
8 -64 0
48 80 0
-60 -73 0
-21 -33 -71 0
5 85 0
28 -78 0
-6 53 -74 0
-12 -42 55 0
-12 66 0
-24 -36 69 0
-63 73 86 0
31 -65 74 0
-34 -45 -81 0
-49 -55 0
-5 13 -84 0
12 -53 0
6 -31 -75 0
24 -47 -60 0
53 -65 -74 0
-2 24 59 0
32 -61 0
18 -21 -56 0
-2 -85 0
-9 49 -54 0
-20 -33 75 0
29 -64 -70 0
-3 -5 29 0
30 -57 60 0
-17 46 -48 0
7 -52 -86 0
-44 -51 0
-20 36 83 0
-10 -15 -84 0
4 34 35 0
-9 55 70 0
9 -38 78 0
35 70 -81 0
4 -34 85 0
-69 -70 0
-11 -59 82 0
-2 54 78 0
12 -25 -31 0
51 -84 86 0
2 -35 -63 0
26 -42 62 0
9 -43 -55 0
-16 -73 0
19 -28 -63 0
48 64 0
-16 -32 58 0
21 -60 -86 0
-6 7 9 0
13 -24 -48 0
8 -63 0
55 65 82 0
21 68 70 0
5 46 -73 0
29 -56 -86 0
47 -56 62 0
8 -11 22 0
-48 -74 0
12 25 -75 0
20 55 64 0
-34 42 -43 0
-16 23 0
-11 -65 0
-11 20 64 0
43 49 75 0
-45 53 81 0
21 35 0
-4 69 -73 0
-13 14 -48 0
-45 80 -86 0
14 -69 0
24 -53 68 0
-16 19 76 0
9 -21 0
-11 30 77 0
-30 -52 -72 0
-16 -57 -62 0
-34 -35 74 0
-3 -8 56 0
45 82 85 0
-12 23 66 0
-50 74 0
8 -36 -85 0
-23 31 0
-20 -23 54 0
-33 -67 70 0
-58 67 0
57 -81 -86 0
29 51 83 0
-26 40 84 0
-8 32 83 0
10 62 0
-5 -6 30 0
1 -6 -69 0
4 43 45 0
19 -56 -71 0
-21 -47 -71 0
5 65 0
7 19 28 0
25 41 84 0
25 42 78 0
-15 24 29 0
32 71 0
-7 14 -43 0
38 -43 -84 0
-5 50 -65 0
37 -79 0
-27 -56 62 0
-62 -79 -84 0
56 84 0
-37 66 0
15 -40 0
5 27 58 0
-3 -40 -59 0
72 -75 76 0
-13 -65 0
-77 -85 0
-22 36 -65 0
-1 -5 -51 0
-50 -52 -74 0
-42 -56 60 0
4 28 39 0
44 58 -66 0
-35 37 83 0
48 -53 -60 0
14 68 -84 0
-27 39 0
43 -69 -80 0
-10 -31 56 0
-14 66 81 0
4 50 0
-4 75 0
-11 -84 0
-12 -13 -22 0
44 -79 -81 0
-51 70 -80 0
-32 -54 -84 0
-17 -39 -48 0
33 67 0
-9 68 0
47 50 -60 0
10 15 38 0
21 -31 47 0
-29 -33 71 0
-51 -69 -80 0
34 57 -70 0
13 63 76 0
26 -52 -63 0
-5 76 86 0
19 53 -83 0
-19 74 -86 0
22 32 -62 0
42 -61 67 0
44 63 82 0
13 62 79 0
14 47 55 0
6 38 39 0
23 74 -81 0
42 49 -60 0
-1 9 -38 0
58 -62 -72 0
17 60 61 0
22 44 71 0
70 81 0
54 -56 0
-6 -58 0
-5 -12 82 0
