p cnf 83 310
-54 64 66 0
-7 -50 75 0
13 -43 0
10 -59 62 0
-28 49 -72 0
47 -50 0
-13 27 -35 0
23 40 0
71 -77 -80 0
19 20 74 0
-66 -81 0
-36 -43 -83 0
6 -24 -28 0
51 63 0
-17 -44 65 0
-66 -67 0
65 -66 0
3 7 62 0
-7 -69 -78 0
-26 -46 60 0
-53 -59 -71 0
-31 -64 -68 0
-7 -43 53 0
4 -42 -57 0
-18 -59 60 0
12 -39 -43 0
8 41 42 0
13 21 -66 0
1 28 -80 0
-10 -48 -83 0
-6 -64 -73 0
16 21 -62 0
-1 -27 80 0
-28 49 0
-53 -71 75 0
-26 56 -79 0
-20 -37 70 0
66 67 78 0
-13 -21 59 0
-18 -29 -70 0
-14 -30 53 0
37 46 -64 0
11 36 -54 0
-17 55 58 0
11 -33 -66 0
-8 53 0
-11 69 0
-10 25 41 0
-6 36 80 0
21 50 -75 0
4 44 -57 0
4 -64 -80 0
5 -33 -62 0
52 55 -57 0
-31 39 62 0
5 70 0
11 -26 31 0
-74 -76 0
-8 82 0
2 45 -77 0
-3 34 59 0
30 -33 79 0
-17 -22 -60 0
22 39 81 0
-28 -63 -76 0
-4 76 78 0
23 48 0
-32 -36 -72 0
-48 55 75 0
-4 -51 -69 0
-51 -83 0
-10 21 73 0
21 -40 0
-10 35 71 0
-30 -34 0
-54 -63 -77 0
-1 -16 47 0
60 -68 -83 0
28 35 77 0
38 41 -83 0
21 50 -65 0
29 -37 -73 0
-3 -77 80 0
39 46 52 0
12 54 -68 0
-38 40 -48 0
-36 68 0
-2 5 37 0
9 -19 -63 0
2 -45 79 0
-58 -62 0
7 -27 -53 0
-35 -41 -68 0
18 -23 0
-6 -23 39 0
-16 -21 47 0
-12 14 0
-29 -66 -82 0
1 -20 -74 0
-23 51 -59 0
-63 -65 -72 0
-52 60 79 0
36 -70 73 0
30 31 0
36 -56 59 0
36 70 0
30 54 -60 0
-38 65 80 0
-3 54 76 0
37 44 73 0
6 -25 50 0
-24 -82 0
4 -31 -78 0
-17 23 -83 0
38 -56 62 0
-14 22 36 0
-9 15 -32 0
-14 57 -73 0
-20 29 -40 0
-7 -49 66 0
-4 -30 45 0
-16 30 36 0
1 -2 46 0
-24 -35 50 0
-1 -37 -72 0
-27 52 -55 0
-63 75 -76 0
37 -52 -71 0
-13 29 -51 0
-49 53 -74 0
31 65 0
39 -48 0
24 56 82 0
6 48 81 0
46 -74 77 0
21 26 -71 0
7 35 0
8 17 29 0
27 32 43 0
-16 -47 -61 0
55 -60 -61 0
7 18 61 0
-23 40 81 0
14 63 -76 0
2 26 69 0
-19 47 48 0
12 52 0
45 -67 0
24 -27 -62 0
4 -11 -61 0
-22 -73 -83 0
20 52 76 0
-19 -50 -58 0
-13 -61 64 0
28 -49 80 0
45 53 -73 0
-35 -41 48 0
21 38 -51 0
-30 -55 71 0
45 -62 0
-29 -34 -53 0
-27 -47 0
-12 29 56 0
20 36 37 0
-61 -70 -80 0
74 76 0
2 44 45 0
71 -73 0
-11 75 0
15 49 0
-23 38 -76 0
17 67 0
55 -75 77 0
-41 -65 -76 0
-20 -27 41 0
-11 37 -76 0
5 52 78 0
-32 -54 0
-32 61 82 0
57 61 75 0
31 -76 82 0
-43 48 75 0
-24 -48 -76 0
-5 26 69 0
-27 57 -80 0
8 43 -80 0
-27 56 -78 0
33 -79 0
60 63 0
38 45 -58 0
-29 53 70 0
-2 -14 -22 0
30 -36 -37 0
-24 -60 -72 0
-47 67 79 0
-58 -69 0
11 -30 39 0
-16 -23 -42 0
1 56 0
9 -38 58 0
5 -75 -80 0
-45 -81 0
57 80 82 0
1 -3 -43 0
-32 -51 63 0
27 -40 -53 0
1 -29 0
-34 -42 -43 0
-41 43 68 0
-39 -43 73 0
8 -41 0
-2 9 0
9 -54 -79 0
19 -46 -75 0
51 -59 -64 0
1 -72 0
39 68 71 0
-15 -76 -78 0
-35 67 0
-17 38 -49 0
8 50 -66 0
-5 26 -48 0
-35 41 -70 0
56 -72 0
32 -68 -78 0
-7 33 38 0
5 -45 83 0
5 -44 51 0
1 -31 83 0
2 -15 -24 0
14 27 61 0
-49 -56 -64 0
-64 -71 75 0
-22 -41 66 0
8 53 -75 0
42 44 57 0
19 38 61 0
1 23 -64 0
-18 24 30 0
16 26 44 0
20 29 -80 0
8 24 -68 0
60 -63 0
14 43 47 0
8 -36 -55 0
23 40 66 0
43 -76 0
-28 -61 -72 0
34 -50 -69 0
-57 77 0
6 42 54 0
-14 37 -72 0
42 -71 0
1 -21 37 0
11 15 -22 0
3 9 40 0
-10 -41 74 0
6 -62 66 0
6 -43 0
-22 -39 -54 0
-6 -61 -65 0
48 72 0
1 33 70 0
14 -45 0
42 -52 71 0
-29 71 78 0
10 76 0
-24 68 72 0
-58 -70 0
7 -56 0
-7 20 -61 0
71 80 83 0
21 80 82 0
-32 54 64 0
17 68 0
-2 -20 -22 0
2 -10 0
-19 -22 0
-39 77 -82 0
34 -51 -72 0
-12 -24 -65 0
31 -32 0
-4 -46 54 0
-26 39 -71 0
-6 18 -35 0
-5 12 17 0
37 -62 76 0
23 65 0
17 78 0
-36 44 -75 0
34 38 -63 0
-16 56 82 0
-24 -52 79 0
12 15 -30 0
-27 -73 76 0
-47 -54 -77 0
-53 -59 -83 0
-4 39 45 0
9 24 -64 0
-44 60 68 0
-11 41 0
-23 29 64 0
-1 -3 -63 0
-29 55 -65 0
-31 -74 0
-3 22 -23 0
-19 -26 -73 0
16 48 0
-57 -63 0
20 -55 64 0
