p cnf 98 386
-28 -32 84 0
-58 63 82 0
30 35 -63 0
9 -83 94 0
-17 -20 61 0
-51 72 79 0
-5 -7 -74 0
-19 67 82 0
46 60 87 0
-57 62 87 0
-9 -62 -65 0
-2 89 97 0
-25 29 51 0
48 -78 -79 0
-4 45 49 0
63 78 96 0
6 37 -84 0
11 -20 94 0
25 64 -90 0
26 27 87 0
1 -2 40 0
45 55 82 0
-13 -34 42 0
-9 41 -87 0
-19 30 42 0
43 45 -67 0
35 37 -97 0
-16 20 -90 0
-40 81 -94 0
-6 39 81 0
-88 -91 0
60 67 -97 0
-2 62 -86 0
-24 -26 48 0
-6 -8 29 0
-14 -32 91 0
-81 -96 0
31 -38 -90 0
16 -57 82 0
29 43 -62 0
-28 -40 49 0
4 10 -60 0
-62 69 -88 0
3 8 -47 0
6 18 28 0
34 53 -91 0
31 34 -77 0
5 -7 73 0
58 -78 0
18 39 -59 0
9 55 98 0
25 28 92 0
8 -12 -82 0
-54 -56 72 0
-12 -26 -95 0
4 -9 -41 0
8 -11 -71 0
4 38 83 0
28 55 93 0
10 -24 -60 0
25 26 79 0
-10 -58 96 0
34 51 -61 0
24 -49 71 0
14 -61 -81 0
-1 -5 -35 0
45 58 90 0
14 -45 78 0
22 -57 -71 0
14 73 83 0
-9 18 -98 0
-47 -58 -83 0
-20 67 86 0
10 12 88 0
32 -51 70 0
22 -31 -89 0
-28 -64 66 0
3 -34 -46 0
10 15 -98 0
51 -52 -64 0
-5 -49 77 0
-22 31 0
71 -77 98 0
-28 -58 91 0
20 -44 56 0
-7 -38 -40 0
-14 38 58 0
-71 79 -80 0
51 -75 86 0
-45 83 94 0
22 46 92 0
-1 7 -37 0
62 -64 -82 0
4 34 74 0
1 36 -43 0
-12 -36 43 0
20 -26 95 0
13 -55 72 0
21 27 -32 0
-16 29 75 0
14 37 72 0
19 30 50 0
-35 42 -88 0
-45 67 96 0
15 -47 88 0
-50 -95 -96 0
-1 -17 95 0
-20 41 94 0
-62 66 71 0
-15 -48 -72 0
-32 33 -89 0
-67 -71 83 0
17 -39 -91 0
-5 -52 74 0
-37 38 46 0
-12 -63 86 0
-68 -75 98 0
12 25 -37 0
-21 93 0
-43 -56 -61 0
6 28 -47 0
-17 -22 26 0
-58 73 96 0
-16 51 52 0
27 -28 97 0
-7 -39 -57 0
-26 -90 -95 0
-57 92 -93 0
34 -71 89 0
17 33 74 0
-5 -13 -42 0
-4 -53 -95 0
-58 -95 97 0
-21 -87 97 0
-23 -43 70 0
-7 85 98 0
-50 -67 85 0
32 75 94 0
-36 43 50 0
35 -80 -86 0
-62 81 0
1 -51 58 0
-45 -81 -86 0
24 -81 86 0
-4 24 85 0
73 84 0
-19 51 -53 0
-21 -23 -67 0
1 58 82 0
-37 -57 61 0
-38 -74 -92 0
48 73 98 0
38 54 63 0
5 6 26 0
-52 -54 -66 0
-34 -85 90 0
12 -21 -68 0
-31 60 -71 0
-25 92 -94 0
-14 -17 -57 0
10 -68 -93 0
-34 42 83 0
-38 60 64 0
12 -21 74 0
40 67 -78 0
-5 -9 -43 0
-31 -65 -87 0
15 -26 60 0
12 73 -83 0
-46 60 -87 0
25 -86 95 0
2 -29 42 0
-20 26 0
-24 41 46 0
49 54 -78 0
16 56 64 0
9 -28 74 0
24 39 67 0
-52 53 71 0
40 50 -59 0
13 46 -67 0
36 -55 -71 0
-27 35 -72 0
-12 78 -94 0
-1 -27 -73 0
-54 86 -91 0
-21 93 0
26 58 74 0
-30 69 77 0
24 77 80 0
-28 -70 -86 0
11 -68 73 0
-54 -60 -93 0
35 40 94 0
-42 73 84 0
-6 58 64 0
49 -63 -74 0
-22 40 -58 0
-38 83 -98 0
-36 56 67 0
12 84 85 0
-37 80 -91 0
2 -27 -62 0
16 -63 87 0
52 67 -96 0
-5 67 -78 0
-29 -45 -63 0
-38 -43 -81 0
-38 40 -55 0
7 -57 -94 0
2 13 65 0
34 -47 86 0
42 -66 81 0
8 63 -70 0
-10 -76 83 0
5 84 -94 0
5 41 -78 0
-10 42 -66 0
2 38 -44 0
-27 -50 92 0
20 21 -52 0
3 9 -68 0
21 40 83 0
-71 73 -81 0
5 -59 98 0
-36 41 60 0
2 9 19 0
-38 87 92 0
-54 -72 95 0
56 63 79 0
-11 41 46 0
15 49 63 0
-2 61 73 0
16 -53 -87 0
37 -51 -97 0
32 -54 -71 0
-45 67 -96 0
-34 -53 -98 0
15 -51 -58 0
-17 -60 -94 0
40 -45 -96 0
9 -57 -98 0
-9 13 41 0
-10 80 92 0
-8 89 -90 0
35 -56 -89 0
54 56 74 0
58 62 -79 0
-18 -26 87 0
-19 -59 78 0
79 80 0
40 -69 72 0
-11 52 57 0
-45 -75 -82 0
-35 78 83 0
-9 23 84 0
-25 -39 -75 0
-9 12 15 0
-24 57 64 0
5 29 88 0
17 39 86 0
33 71 -80 0
53 -82 -86 0
51 59 -82 0
-18 33 -67 0
8 55 70 0
-7 43 -62 0
12 28 -41 0
10 -82 84 0
-49 73 90 0
-5 -19 -67 0
-48 93 97 0
40 -46 -60 0
-18 19 82 0
-8 -31 48 0
-35 42 -46 0
-28 -95 96 0
-10 -52 76 0
-5 29 -30 0
4 52 58 0
-33 67 -93 0
-20 33 81 0
-67 69 -79 0
7 41 -45 0
-30 -39 59 0
-39 80 90 0
29 -58 80 0
51 -55 -80 0
-42 -64 -88 0
6 -71 -97 0
-19 31 -44 0
-12 -32 -56 0
6 10 -11 0
18 89 -97 0
1 23 -79 0
34 42 91 0
-31 -76 -78 0
-41 -58 73 0
-20 68 -84 0
-36 -44 45 0
13 46 59 0
-20 -76 81 0
-18 -47 -60 0
-10 56 -94 0
3 11 -73 0
-3 30 67 0
6 38 71 0
-42 85 -94 0
57 73 87 0
-53 75 86 0
-47 73 -96 0
31 -75 -83 0
16 -51 -78 0
-21 77 -80 0
-12 24 -28 0
53 -80 -83 0
17 -21 -44 0
39 -46 -85 0
-26 -55 -69 0
-36 40 -92 0
-33 -65 -72 0
4 32 59 0
-15 65 -75 0
24 75 -90 0
38 77 92 0
25 -53 80 0
12 48 71 0
-8 -33 59 0
23 32 62 0
-4 -10 -17 0
79 -96 0
-47 -50 -66 0
14 -54 -74 0
-30 59 95 0
-5 -39 -74 0
24 -44 93 0
10 -64 80 0
16 -28 81 0
32 -34 -55 0
-47 -59 77 0
21 -27 -47 0
-6 43 96 0
-43 -51 80 0
7 -55 84 0
8 27 50 0
-3 12 -62 0
21 -23 85 0
-44 58 -62 0
-48 76 -97 0
-2 4 -5 0
7 -13 -37 0
36 -48 -80 0
6 -35 87 0
5 -9 95 0
73 74 -90 0
26 -37 60 0
-8 -79 94 0
-12 18 25 0
5 -8 -30 0
60 67 77 0
38 -52 -79 0
-34 -68 0
-51 62 -70 0
1 -43 83 0
72 -83 93 0
19 20 -66 0
-22 54 -80 0
-11 -39 88 0
14 -33 -96 0
8 9 31 0
-22 -82 94 0
53 55 61 0
2 70 0
9 18 -87 0
8 -20 -70 0
-2 -11 66 0
37 68 78 0
21 -74 97 0
42 -75 0
-7 -26 -48 0
40 62 79 0
19 -63 67 0
44 80 -84 0
-13 -26 46 0
14 41 -48 0
-3 47 74 0
