p cnf 92 351
-24 -35 -53 0
22 -46 -54 0
-15 -46 -60 0
22 -48 68 0
53 81 0
-59 -77 83 0
26 43 -53 0
10 11 -92 0
7 11 24 0
7 -32 -69 0
-21 29 47 0
-50 80 -86 0
-19 41 -79 0
-25 -51 -54 0
-17 -60 -62 0
25 41 0
21 23 -77 0
-8 35 0
23 35 54 0
28 -39 52 0
5 66 84 0
26 34 89 0
-53 -90 92 0
55 -86 0
-2 -34 -92 0
-66 77 90 0
-6 30 -76 0
-23 -37 71 0
-10 -68 85 0
5 81 88 0
-43 60 -65 0
-33 73 92 0
17 -47 62 0
-22 41 90 0
-79 84 -87 0
24 -49 -55 0
3 -12 61 0
10 -17 -87 0
1 -19 -68 0
1 -67 -91 0
-45 -61 76 0
-22 -54 58 0
17 -59 -91 0
-3 -6 86 0
16 -25 -86 0
12 -66 80 0
-48 58 0
-8 -22 -55 0
-1 15 -42 0
-4 47 84 0
5 -16 37 0
-46 -51 -64 0
-49 62 66 0
-3 -30 82 0
13 -86 89 0
-59 64 -76 0
-8 -52 0
51 77 84 0
-34 -57 67 0
-44 78 91 0
-20 -37 60 0
-7 23 -53 0
-6 29 -86 0
-38 -57 -74 0
4 17 0
11 34 -80 0
-38 -46 -60 0
41 61 76 0
25 -35 65 0
-18 85 0
-27 -90 0
-7 70 0
29 37 56 0
38 -67 -70 0
-21 73 92 0
-59 -64 82 0
40 -66 84 0
-21 -36 -67 0
-49 -60 -74 0
-1 -42 -62 0
13 -20 -23 0
-4 20 61 0
-24 53 62 0
24 48 53 0
-10 -47 73 0
-35 -60 76 0
-13 32 -92 0
-52 90 0
14 67 68 0
-12 -17 -57 0
-33 40 -52 0
-4 39 -43 0
-24 37 -81 0
-22 51 80 0
-25 -46 -64 0
-27 -55 -89 0
10 16 33 0
-2 7 -20 0
41 -79 -84 0
13 40 59 0
-29 -63 -86 0
-14 22 42 0
-44 51 -86 0
-15 -67 -80 0
20 -25 35 0
-2 -14 91 0
53 67 -78 0
-45 -52 -80 0
52 -65 79 0
-2 -47 -66 0
-31 77 0
-58 75 82 0
7 -23 -63 0
-12 -18 -92 0
-11 -46 0
9 13 76 0
-28 59 91 0
-18 20 0
29 40 71 0
6 29 -60 0
-23 62 -85 0
1 -20 -28 0
-4 29 38 0
27 55 80 0
43 72 78 0
19 26 42 0
26 82 -84 0
10 -20 -81 0
-16 -23 38 0
25 32 -62 0
-16 17 -72 0
-32 -46 73 0
-40 66 92 0
10 -53 76 0
15 -33 89 0
-46 69 84 0
16 61 -85 0
29 59 92 0
-36 55 -85 0
29 -70 75 0
24 39 -82 0
7 -50 91 0
30 -38 -42 0
-23 29 0
-11 -88 0
-2 -18 -21 0
21 56 -75 0
-15 -76 91 0
9 34 -81 0
-41 -46 81 0
21 53 -82 0
5 7 14 0
26 -77 92 0
1 25 0
6 12 -39 0
42 67 -74 0
-13 81 86 0
10 -57 92 0
19 56 64 0
-7 -12 -83 0
-13 -64 -82 0
37 -73 0
-18 43 -48 0
3 -65 74 0
29 43 -66 0
-14 -26 -71 0
22 -71 -83 0
20 23 70 0
41 -43 -91 0
-18 -24 72 0
9 75 -76 0
-42 49 -87 0
-15 -27 -58 0
40 -69 -84 0
-8 13 42 0
-6 -48 -73 0
-9 -60 -70 0
19 -48 91 0
56 76 -79 0
-13 66 75 0
-52 63 -92 0
-3 69 0
-24 47 -84 0
25 -57 82 0
23 -41 -71 0
3 -77 -81 0
-12 36 75 0
-51 86 90 0
-53 -80 -85 0
-31 -36 54 0
-1 77 -81 0
44 77 84 0
17 -71 75 0
-25 -75 0
-47 63 86 0
12 -24 0
-30 68 -72 0
26 -30 -77 0
-20 25 -29 0
26 37 59 0
36 62 73 0
-10 -46 65 0
-36 -63 -70 0
-74 -87 0
2 -7 -84 0
-4 23 82 0
-5 46 -49 0
24 53 -92 0
-20 26 -44 0
11 67 -85 0
62 -76 0
47 -48 -73 0
-8 23 24 0
-1 -74 -83 0
-65 -79 92 0
-49 52 58 0
7 -9 15 0
40 -53 -79 0
35 -72 90 0
-34 66 70 0
7 -48 59 0
1 -14 74 0
-15 63 81 0
-5 28 55 0
-8 -24 0
74 -82 -84 0
13 -28 -30 0
-42 -43 44 0
-42 -85 88 0
-25 83 84 0
-11 12 -75 0
-10 -18 -19 0
32 40 -42 0
-14 39 77 0
-17 37 39 0
-47 64 -75 0
-49 88 0
-6 35 -47 0
-10 25 46 0
-12 -17 63 0
-19 47 -59 0
-5 32 50 0
-7 77 80 0
20 62 0
6 73 -77 0
-25 53 92 0
-1 29 -68 0
-15 -41 63 0
-9 66 -89 0
55 -79 91 0
-9 -61 -80 0
21 51 82 0
9 -78 85 0
-45 -54 90 0
-5 -34 -44 0
35 -61 80 0
-22 69 -78 0
44 -45 -73 0
1 -61 84 0
48 -74 -84 0
1 -6 40 0
23 -62 -84 0
39 -57 0
46 50 57 0
5 -10 -56 0
-1 -11 -71 0
-9 20 66 0
-30 31 -56 0
-46 -71 -75 0
9 41 44 0
7 -57 86 0
5 37 -57 0
13 -69 -86 0
-29 -30 58 0
46 63 -90 0
21 -59 0
-28 -44 67 0
8 -57 -69 0
-34 73 -75 0
7 24 89 0
29 41 -84 0
-3 56 60 0
44 -47 -57 0
12 19 85 0
-5 -52 -64 0
-44 45 64 0
2 -28 -65 0
-65 66 -92 0
11 -27 -63 0
18 -64 -73 0
18 41 -60 0
-4 -5 -35 0
11 -23 -26 0
34 73 -89 0
-10 -55 69 0
-24 -76 88 0
-5 -17 38 0
19 -67 -82 0
-25 49 81 0
13 47 81 0
-26 56 -63 0
47 -65 71 0
4 83 88 0
-41 -42 -59 0
7 38 -39 0
3 -38 -49 0
-7 -58 -82 0
-7 -15 -58 0
-10 -12 72 0
-28 -40 -63 0
-11 68 0
39 56 76 0
-11 -53 0
-28 81 -86 0
55 -74 88 0
-8 20 -91 0
8 -17 -77 0
22 -40 41 0
14 -35 61 0
16 -54 77 0
-56 -91 0
-8 -72 79 0
9 -30 60 0
3 18 64 0
7 -35 75 0
-1 -88 0
-18 67 -77 0
-40 73 -81 0
-1 -17 56 0
-22 27 -83 0
57 -81 84 0
1 -21 62 0
65 85 0
1 41 -61 0
-17 -45 -68 0
34 -60 -68 0
17 20 -85 0
-5 -65 -80 0
-57 -61 -80 0
-43 64 0
27 -51 -62 0
-29 58 -91 0
-3 -43 -81 0
-51 65 71 0
-18 39 41 0
-17 -82 90 0
24 -31 -84 0
52 54 0
11 -14 -81 0
-41 84 0
39 -65 -79 0
