p cnf 91 339
-20 46 55 0
13 -48 82 0
2 -24 83 0
-15 23 -48 0
-6 -34 0
-16 -42 -59 0
-35 -46 0
-18 -49 84 0
-48 -66 -77 0
11 -31 -84 0
6 47 -83 0
61 75 89 0
-48 52 90 0
52 -86 0
16 -52 85 0
-14 86 0
12 -26 0
-16 43 86 0
9 -49 -79 0
29 -64 70 0
-4 44 -48 0
-4 -45 58 0
-27 31 -48 0
-21 22 -61 0
-19 -38 44 0
36 -54 -74 0
44 -64 -77 0
-55 -70 76 0
-3 -10 21 0
-26 -28 39 0
24 -80 -86 0
-17 -63 84 0
-28 40 -43 0
20 30 76 0
-4 9 -32 0
50 -61 -65 0
40 -55 -61 0
2 89 -91 0
6 57 63 0
1 -23 64 0
-69 76 -81 0
-40 -44 56 0
41 77 91 0
-38 -39 -82 0
-30 68 76 0
-41 -48 68 0
-61 -83 90 0
-27 -31 50 0
-11 -18 -54 0
31 71 78 0
-4 53 -85 0
11 66 81 0
-29 69 74 0
-21 33 -45 0
-10 80 87 0
23 -63 0
3 56 76 0
72 79 -86 0
-57 83 84 0
-27 47 64 0
-32 66 -83 0
14 58 -78 0
-24 -60 0
44 65 -78 0
8 -70 -86 0
-12 -41 0
72 -85 88 0
7 11 53 0
-26 -29 50 0
13 -22 71 0
19 33 -36 0
-8 -21 85 0
36 -80 83 0
-12 17 -90 0
-35 -43 -85 0
8 59 -80 0
1 56 -82 0
-42 43 -70 0
-28 -64 -66 0
-17 -36 -50 0
29 39 44 0
-32 -38 45 0
12 53 68 0
13 26 30 0
1 16 -32 0
-33 -34 0
20 39 62 0
-44 -87 -89 0
-31 -48 0
-4 5 72 0
-11 -42 -69 0
-1 -9 30 0
19 -43 47 0
27 -70 77 0
-7 8 10 0
1 39 -83 0
-34 57 71 0
7 12 16 0
48 60 89 0
83 87 -90 0
-5 -23 -89 0
3 39 -84 0
22 -65 90 0
10 -40 -83 0
-13 -67 -73 0
-4 17 78 0
-4 16 50 0
36 -58 0
-2 -34 -38 0
-13 -17 82 0
38 -50 82 0
-23 -56 -75 0
27 56 63 0
-8 53 82 0
14 -44 78 0
-32 77 -83 0
-13 82 86 0
51 62 -80 0
-8 -15 -47 0
1 46 -47 0
-41 -52 82 0
1 10 -15 0
35 40 0
54 -86 90 0
-45 -57 79 0
13 74 -85 0
-49 -79 0
12 56 -72 0
34 -56 -85 0
-3 21 34 0
-4 -45 -80 0
-19 78 81 0
39 -69 74 0
-1 -59 -89 0
49 69 91 0
52 -76 0
-16 37 -46 0
12 58 81 0
14 17 -68 0
21 -26 56 0
31 -32 85 0
-63 68 -77 0
70 -71 -85 0
-51 63 -67 0
30 87 -90 0
21 25 43 0
73 -88 0
4 -43 -90 0
-47 -51 -73 0
-22 53 67 0
45 49 0
69 72 75 0
6 77 78 0
-20 60 0
-13 -24 44 0
-36 -62 73 0
18 23 67 0
-25 -28 -57 0
50 -52 89 0
-13 38 91 0
22 -27 -91 0
47 -84 0
56 -60 86 0
-33 -49 -58 0
-13 46 -53 0
8 -34 -66 0
43 -70 86 0
15 25 0
-5 34 -56 0
-33 42 72 0
-31 -42 52 0
16 36 42 0
18 39 61 0
19 -30 47 0
15 -52 -57 0
25 -46 56 0
13 -59 89 0
-45 -54 -90 0
29 62 0
38 -41 44 0
-25 29 -69 0
1 -46 -84 0
-54 -71 -73 0
-21 22 72 0
6 40 -61 0
13 81 -84 0
72 77 87 0
-18 75 91 0
38 -84 91 0
-20 60 -65 0
14 -32 -76 0
-78 -86 90 0
50 -75 -87 0
-12 27 54 0
-13 80 -87 0
33 49 88 0
-6 -36 -54 0
8 47 74 0
-50 76 -90 0
39 76 91 0
-9 -60 0
33 -52 62 0
39 -74 76 0
-25 55 -72 0
5 16 41 0
14 -33 -85 0
38 -53 -74 0
9 -38 0
8 69 91 0
-48 -82 -87 0
-20 -29 45 0
-2 11 -17 0
-6 46 56 0
-34 -36 75 0
-13 -30 0
13 58 -69 0
-6 -13 -57 0
-22 -27 -29 0
11 28 79 0
3 -68 87 0
59 -64 0
1 -47 -90 0
14 16 -68 0
3 -42 67 0
31 43 -87 0
69 73 -74 0
10 66 87 0
33 86 0
20 65 73 0
-75 -86 0
24 59 -71 0
-50 55 86 0
-82 83 90 0
5 13 -56 0
28 33 61 0
-14 42 -76 0
27 -65 -78 0
-5 -15 -39 0
33 48 75 0
4 -32 -74 0
-23 27 0
50 -64 87 0
-24 27 63 0
-9 -78 0
15 40 -81 0
-35 -51 57 0
39 40 -78 0
-50 70 90 0
-45 49 -54 0
1 26 69 0
-38 51 58 0
-27 50 -91 0
-46 -51 -70 0
28 72 -79 0
-22 25 48 0
-20 -44 79 0
-12 26 -74 0
12 13 -64 0
-26 27 53 0
-11 -13 -63 0
-41 -48 -56 0
38 52 -67 0
23 28 70 0
-57 -75 88 0
20 25 -39 0
90 -91 0
10 45 91 0
2 26 86 0
27 -36 -61 0
-50 59 66 0
4 17 33 0
7 34 -41 0
-23 32 51 0
39 -60 -64 0
1 83 0
-2 17 19 0
-18 -47 0
-14 -26 86 0
10 15 82 0
20 -40 69 0
-43 55 61 0
36 37 -57 0
-24 -62 91 0
6 16 -91 0
15 -74 0
-58 63 -89 0
-9 14 -59 0
3 35 -70 0
21 -45 -76 0
33 -52 71 0
2 21 -36 0
-22 -53 -82 0
26 -87 0
36 61 -89 0
-15 -63 68 0
10 -32 -66 0
-26 30 -66 0
15 53 -54 0
-3 -6 43 0
8 46 71 0
17 -63 -70 0
-40 67 -76 0
64 -78 86 0
-25 27 -73 0
-10 16 -35 0
17 -51 -55 0
-1 4 -57 0
5 20 41 0
-1 -10 -16 0
36 72 -78 0
-56 61 -76 0
-10 32 59 0
19 -72 91 0
-41 -56 81 0
-14 -20 -22 0
20 -65 0
20 -50 -56 0
-46 -75 -77 0
-6 -36 -87 0
7 -22 45 0
35 56 -83 0
-28 58 -68 0
-10 56 83 0
6 11 78 0
-34 -69 81 0
23 65 -70 0
24 45 -84 0
2 55 -85 0
22 53 56 0
34 77 0
-9 29 0
21 49 -62 0
41 -76 -88 0
57 -74 75 0
1 7 14 0
60 -74 0
8 46 -85 0
30 56 78 0
-23 28 -41 0
