p cnf 88 349
34 50 -61 0
-11 12 -25 0
17 -28 -86 0
-2 68 -88 0
-3 -9 -51 0
14 -40 -80 0
50 60 -84 0
-34 -44 54 0
26 -74 0
20 -72 -88 0
17 -18 63 0
-10 60 -84 0
1 -23 0
24 -88 0
-44 77 0
47 -82 0
16 -51 -54 0
53 -58 -65 0
13 -70 72 0
66 71 -79 0
41 -70 0
8 14 -46 0
-24 -39 0
44 67 79 0
-19 -24 80 0
57 84 0
11 -53 -61 0
-29 -31 0
-16 30 -61 0
52 54 58 0
32 -63 0
12 17 -44 0
-3 10 -30 0
-5 -37 -43 0
-37 52 72 0
-71 73 78 0
-15 65 0
24 58 79 0
20 -27 0
32 83 0
-1 2 14 0
-17 -36 -61 0
47 74 -86 0
-10 -20 65 0
-3 -51 59 0
7 9 62 0
-1 12 85 0
-1 12 0
16 49 -68 0
52 -59 0
9 -50 64 0
19 63 71 0
-14 -35 -79 0
-19 22 -76 0
-45 57 -62 0
-3 80 -84 0
41 70 0
10 -26 -49 0
-44 45 -85 0
26 -43 60 0
37 63 0
-5 -10 0
25 47 -67 0
13 60 -86 0
-11 47 -88 0
-2 56 0
-41 -64 83 0
11 -35 -61 0
-24 -45 -71 0
-33 -84 -85 0
-5 -46 -52 0
50 -54 -58 0
-62 68 -79 0
-1 22 24 0
30 -40 -64 0
-44 -81 -85 0
-30 -56 0
-5 -6 24 0
30 50 77 0
2 15 65 0
-58 74 85 0
-14 35 69 0
19 23 -49 0
-41 -65 82 0
-52 73 -78 0
-26 71 -74 0
9 -16 63 0
19 -34 -56 0
-15 45 -67 0
27 73 -74 0
18 33 -84 0
-8 -41 0
-24 31 69 0
-32 -82 0
7 34 77 0
-53 80 0
-3 -34 -42 0
36 -65 -78 0
-36 41 72 0
30 -71 -86 0
-60 -77 0
-4 17 57 0
3 -6 87 0
32 66 0
13 60 87 0
21 70 -81 0
5 11 -31 0
-22 -43 -87 0
23 -34 41 0
-32 -77 0
21 -41 -50 0
-14 33 -41 0
-1 59 -75 0
7 -25 -44 0
8 36 -56 0
-5 61 0
-2 14 -72 0
72 79 86 0
40 -63 87 0
4 -25 34 0
-28 -41 84 0
-1 9 -76 0
-10 -44 0
-8 36 -63 0
21 51 65 0
29 -42 80 0
26 -61 0
-6 -58 -73 0
-17 23 36 0
5 -59 -73 0
-36 53 -75 0
45 -57 72 0
-28 61 75 0
25 -52 -63 0
-5 -34 51 0
2 -18 -71 0
30 37 47 0
44 59 84 0
8 23 83 0
57 -61 74 0
72 -80 0
-3 -71 -75 0
9 83 -88 0
4 26 87 0
-5 60 -85 0
-8 -40 68 0
-38 -69 73 0
48 -63 0
-8 -70 0
23 -28 50 0
9 -39 0
5 10 44 0
-5 -35 80 0
-10 49 68 0
24 30 0
13 37 -81 0
-10 -24 47 0
-33 48 -53 0
-3 -10 32 0
-31 -50 -81 0
33 37 88 0
34 -60 78 0
-15 -66 0
9 19 68 0
-6 -27 56 0
50 -53 87 0
-31 -36 -42 0
-21 44 69 0
34 44 -68 0
22 42 -80 0
-8 40 -83 0
-5 -31 34 0
17 41 -53 0
-51 -74 -79 0
32 53 62 0
-35 74 85 0
21 -43 82 0
-35 -57 -67 0
-5 37 38 0
-22 -41 72 0
-4 37 51 0
34 -40 60 0
-3 21 -33 0
-32 50 66 0
23 -28 -51 0
43 53 0
15 -75 -87 0
9 64 -81 0
4 57 84 0
-22 -69 0
11 -51 -83 0
-47 62 0
-42 -45 58 0
-9 74 82 0
-19 55 -83 0
50 67 -84 0
-14 -53 65 0
8 -41 50 0
-23 54 0
27 36 -73 0
26 32 82 0
-8 -55 82 0
44 -64 -75 0
8 -69 84 0
1 -22 28 0
-1 13 -43 0
18 -37 -85 0
20 22 51 0
-60 -88 0
13 60 75 0
25 30 -42 0
35 -44 -56 0
-4 23 -74 0
25 -43 -85 0
-21 30 45 0
-13 -67 76 0
10 26 34 0
37 49 51 0
-14 -30 -45 0
1 -31 -41 0
42 -58 0
-29 -43 57 0
-54 78 0
-26 -51 -63 0
-32 73 81 0
1 -6 -35 0
-44 78 -86 0
18 33 -58 0
-5 36 77 0
21 31 44 0
74 76 -80 0
5 -13 41 0
6 81 0
-3 -37 -63 0
1 26 -76 0
-5 30 -52 0
-32 -52 -80 0
-5 6 -7 0
-31 44 71 0
32 -61 65 0
-38 56 -85 0
-10 23 -81 0
15 -40 43 0
-26 57 -61 0
-44 48 53 0
-66 83 0
-8 -62 70 0
-13 -14 45 0
2 -71 0
19 46 65 0
-15 -47 -48 0
-47 79 0
10 -70 -79 0
64 79 -85 0
-1 -86 0
31 -45 -72 0
-52 61 -80 0
-8 35 63 0
-24 26 81 0
11 -27 60 0
-7 35 -78 0
-43 46 0
-2 25 56 0
69 77 -85 0
13 -21 -38 0
-14 36 -67 0
-5 9 -16 0
-5 41 79 0
27 -29 0
-6 -10 30 0
-10 -36 -79 0
-12 -37 82 0
-8 17 47 0
3 41 -83 0
-38 -67 -85 0
-20 -31 81 0
-4 66 -87 0
32 -50 62 0
-13 23 28 0
-6 -48 56 0
-3 -81 0
39 -50 70 0
1 -21 29 0
-6 8 11 0
-12 -46 -87 0
-1 -74 0
-19 21 82 0
-6 29 -49 0
21 63 86 0
-22 -31 83 0
46 -48 -73 0
9 41 51 0
-29 -55 -66 0
6 63 -87 0
8 41 -76 0
17 -59 -82 0
42 52 -77 0
17 29 59 0
-15 -45 88 0
34 50 72 0
-28 32 58 0
-36 37 0
-38 41 -83 0
47 -65 -84 0
-37 49 -62 0
2 41 80 0
-6 -25 -32 0
21 31 -86 0
14 -26 -87 0
5 16 24 0
19 -74 76 0
51 69 -82 0
-4 -74 75 0
4 -12 0
-22 -73 -77 0
-5 -21 33 0
-11 28 -87 0
5 -86 0
-9 -13 79 0
18 28 -30 0
25 -55 65 0
8 48 58 0
-63 73 76 0
-8 86 88 0
-2 78 0
-27 45 88 0
-32 84 88 0
33 39 79 0
43 -65 82 0
-35 -38 -85 0
-1 22 -78 0
-44 -52 -62 0
-10 46 -56 0
8 28 74 0
11 -42 0
-14 60 -85 0
-8 -41 -62 0
-14 -70 0
-20 -39 0
12 -39 67 0
13 -34 72 0
27 62 -85 0
8 -39 59 0
-58 -60 88 0
4 76 79 0
-29 39 -77 0
-8 -26 -81 0
56 -66 -82 0
-50 -74 0
