p cnf 92 355
63 -87 0
-7 23 89 0
3 -45 0
27 -84 0
-21 -45 0
35 -40 -73 0
-17 41 44 0
-27 -46 71 0
6 -8 -42 0
-18 25 90 0
-52 -53 84 0
-69 -86 -89 0
49 61 64 0
-16 -41 59 0
5 9 -71 0
-43 61 66 0
5 29 63 0
-8 67 -79 0
-4 20 89 0
11 -77 88 0
-26 47 -58 0
36 39 -46 0
-31 -59 68 0
5 -12 90 0
37 -60 -72 0
14 15 -18 0
2 34 82 0
5 50 -58 0
22 35 0
-16 18 31 0
-30 -56 67 0
-5 -12 66 0
36 82 89 0
-27 -75 77 0
4 33 -57 0
15 -52 -65 0
-10 34 73 0
6 -42 53 0
30 -66 73 0
-3 13 74 0
-51 53 -90 0
13 28 -38 0
-36 62 -72 0
-9 -33 80 0
-1 -48 -75 0
3 -31 -43 0
9 -14 -75 0
26 -54 -92 0
65 -68 76 0
3 -7 55 0
27 34 79 0
-5 7 9 0
28 47 -66 0
-30 -33 78 0
-5 -48 91 0
-70 -77 88 0
5 -62 -83 0
-5 -24 68 0
-40 -58 77 0
39 57 -64 0
-34 -35 89 0
4 5 -43 0
-5 -28 -55 0
10 -63 68 0
22 51 78 0
48 -79 83 0
14 80 -88 0
-5 82 0
23 56 78 0
-39 52 -88 0
-10 -51 0
-3 -46 0
-47 -81 -87 0
7 -57 86 0
14 60 79 0
-22 -78 88 0
-24 -27 62 0
26 -38 49 0
-26 -32 -51 0
12 -74 -77 0
14 -80 0
11 13 -83 0
40 41 -80 0
-14 25 31 0
-20 26 41 0
59 78 -88 0
20 36 87 0
17 20 -42 0
-8 43 0
-21 48 -86 0
-23 55 70 0
-11 -28 64 0
24 32 -72 0
35 -39 75 0
-45 89 0
-54 57 -87 0
11 16 74 0
42 66 80 0
21 -88 0
31 -60 82 0
-42 49 -71 0
-3 -23 -34 0
14 20 -70 0
59 66 -91 0
50 56 -90 0
-40 -68 81 0
6 8 48 0
41 -52 91 0
41 74 -80 0
-45 46 -47 0
13 24 -62 0
10 -51 -85 0
11 41 -80 0
8 -79 86 0
25 -52 68 0
-9 66 0
24 -25 90 0
25 -71 -88 0
-2 32 85 0
67 -71 -88 0
-12 33 -53 0
-37 55 68 0
31 32 65 0
-48 52 78 0
-31 79 87 0
-17 49 61 0
-7 10 -29 0
36 -37 -92 0
6 -35 36 0
33 -57 65 0
57 -71 -86 0
-47 84 0
-20 61 -85 0
28 29 -91 0
24 36 65 0
9 -74 84 0
20 -29 34 0
-11 -15 35 0
27 -67 -86 0
16 48 0
24 -67 -86 0
21 72 84 0
51 79 81 0
-7 24 -92 0
3 -83 91 0
-69 -76 91 0
-3 5 -62 0
-12 -36 45 0
-38 -44 51 0
2 36 63 0
25 47 83 0
16 -77 0
-3 -17 61 0
6 -18 60 0
-27 55 85 0
-21 42 48 0
27 62 -68 0
-5 37 -74 0
-24 -78 0
-3 -57 -81 0
-30 70 -83 0
-13 32 -51 0
-42 -60 -66 0
-46 72 -77 0
-25 49 -53 0
-39 67 89 0
7 25 89 0
28 -56 -85 0
30 -62 77 0
38 -72 90 0
39 -59 82 0
-16 -87 -89 0
-13 80 0
56 72 75 0
8 -65 -73 0
14 -25 52 0
52 54 -56 0
-24 -25 -72 0
4 -32 48 0
4 41 53 0
-12 15 39 0
19 42 -90 0
43 -55 59 0
-46 -81 88 0
-20 26 -71 0
23 -30 54 0
-1 -39 0
24 26 81 0
-32 38 -52 0
51 -54 -56 0
-24 28 -48 0
-13 51 76 0
-21 23 39 0
25 51 72 0
44 88 0
82 86 0
60 -69 -77 0
-17 -86 92 0
53 60 -84 0
-57 -60 -81 0
-1 20 -27 0
-61 65 -80 0
41 -77 -91 0
-16 47 52 0
-36 85 0
19 -59 80 0
-30 68 -81 0
-21 27 79 0
-8 -87 90 0
-42 79 0
-10 59 -67 0
25 -42 46 0
-13 -66 -85 0
41 -60 86 0
-5 17 -66 0
9 -78 88 0
-46 89 0
-49 54 56 0
-20 46 79 0
-7 -35 71 0
43 62 71 0
-30 -80 0
-37 -42 53 0
-12 -13 80 0
-19 47 0
-10 17 77 0
46 48 -86 0
44 -55 -83 0
-14 82 -84 0
57 -61 64 0
12 64 -65 0
3 -41 44 0
-5 67 -77 0
7 69 0
-33 -61 70 0
-50 -64 78 0
17 -35 -92 0
31 86 -90 0
30 54 81 0
-43 -44 -46 0
27 28 82 0
-4 20 79 0
-38 60 -61 0
-12 -27 -37 0
15 -30 54 0
-23 39 -76 0
40 55 60 0
12 38 -63 0
-54 57 71 0
-16 21 -38 0
13 -20 73 0
23 -72 86 0
30 -36 -86 0
-23 53 0
-72 -74 0
-3 -12 16 0
-23 34 0
-49 65 90 0
-12 21 85 0
-35 88 90 0
-27 70 -85 0
2 -32 0
-20 32 -36 0
-30 57 90 0
40 -44 55 0
23 59 -79 0
-9 -56 -85 0
16 50 -54 0
-7 -59 84 0
-15 -77 -82 0
-2 21 0
-23 -57 -84 0
-15 -53 -78 0
-19 -39 81 0
-35 -53 -86 0
-50 -70 -88 0
72 82 0
-9 22 54 0
-14 -43 80 0
-6 -33 53 0
18 -50 -54 0
11 15 -28 0
14 35 -43 0
-64 81 -88 0
-42 -49 78 0
38 78 85 0
63 70 84 0
5 46 -70 0
17 48 -51 0
13 19 57 0
-3 -10 -70 0
-3 73 -81 0
57 59 61 0
-3 -33 -87 0
-35 50 -67 0
-20 -30 51 0
22 67 89 0
-28 -37 -84 0
-14 58 88 0
-31 -86 0
-45 -61 -76 0
26 -42 0
43 47 83 0
-15 -28 84 0
-14 25 0
28 58 89 0
8 21 40 0
18 38 44 0
18 20 37 0
-34 51 -54 0
5 15 -75 0
-33 42 0
9 -35 -90 0
12 -41 51 0
-11 -56 72 0
29 -44 59 0
10 39 -47 0
-7 -72 85 0
8 -30 -33 0
-9 -38 61 0
-4 18 -63 0
-2 -44 61 0
-8 -32 0
-7 36 72 0
23 29 0
32 48 49 0
23 76 82 0
-28 -77 78 0
-8 13 -23 0
-61 -66 -74 0
16 -29 -89 0
-25 30 -61 0
14 -22 -26 0
44 -47 -64 0
52 -54 0
2 28 79 0
17 45 -86 0
-33 -68 -71 0
-10 -32 39 0
-28 -70 -83 0
-44 -62 83 0
16 -22 -65 0
-8 50 69 0
38 84 -91 0
18 -25 -49 0
-10 -46 0
-22 -43 65 0
43 79 0
13 81 82 0
-27 44 88 0
-66 71 85 0
66 72 0
8 -82 -83 0
-43 -60 76 0
-8 19 0
