p cnf 87 344
34 50 -60 0
-11 12 -25 0
17 -28 -85 0
-2 67 -87 0
-3 -9 -51 0
14 -40 -80 0
-34 -44 54 0
-5 -18 76 0
26 -73 0
20 -71 -87 0
17 -18 62 0
1 -23 0
24 -87 0
-44 77 0
47 -82 0
16 -51 -54 0
53 -57 -64 0
13 -69 71 0
65 70 -79 0
41 -69 0
-6 -83 0
8 14 -46 0
-24 -39 0
44 66 79 0
-19 -24 80 0
11 -53 -60 0
-29 -31 0
-16 30 -60 0
52 54 57 0
32 -62 0
12 17 -44 0
-3 10 -30 0
-5 -37 -43 0
-37 52 71 0
-70 72 78 0
-15 64 0
24 57 79 0
20 -27 -76 0
-1 2 14 0
-17 -36 -60 0
-13 -25 76 0
47 73 -85 0
-10 -20 64 0
-3 -51 58 0
7 9 61 0
-1 12 84 0
-9 -28 0
-24 76 -84 0
-1 12 0
16 49 -67 0
52 -58 0
9 -50 63 0
19 62 70 0
-14 -35 -79 0
-19 22 -75 0
41 69 0
-68 74 0
10 -26 -49 0
-44 45 -84 0
26 -43 59 0
37 62 0
-5 -10 0
25 47 -66 0
13 59 -85 0
-11 47 -87 0
-2 56 0
-41 -63 83 0
11 -35 -60 0
-24 -45 -70 0
-5 -46 -52 0
50 -54 -57 0
-61 67 -79 0
-1 22 24 0
30 -40 -63 0
-44 -81 -84 0
-30 -56 0
-5 -6 24 0
30 50 77 0
2 15 64 0
-57 73 84 0
-14 35 68 0
19 23 -49 0
-41 -64 82 0
-52 72 -78 0
-26 70 -73 0
9 -16 62 0
19 -34 -56 0
-15 45 -66 0
27 72 -73 0
-24 31 68 0
-32 -82 0
7 34 77 0
-53 80 0
-3 -34 -42 0
36 -64 -78 0
-36 41 71 0
30 -70 -85 0
-59 -77 0
3 -6 86 0
32 65 -76 0
13 59 86 0
21 69 -81 0
5 11 -31 0
-22 -43 -86 0
23 -34 41 0
-32 -77 0
21 -41 -50 0
-14 33 -41 0
-1 58 -74 0
7 -25 -44 0
8 36 -56 0
-5 60 -76 0
-2 14 -71 0
71 79 85 0
40 -62 86 0
4 -25 34 0
-28 -41 0
-1 9 -75 0
-10 -44 0
-8 36 -62 0
21 51 64 0
29 -42 80 0
26 -60 0
-6 -57 -72 0
-17 23 36 0
5 -58 -72 0
-36 53 -74 0
45 71 0
-28 60 74 0
25 -52 -62 0
-5 -34 51 0
2 -18 -70 0
30 37 47 0
44 58 0
8 23 83 0
-3 -70 -74 0
9 83 -87 0
4 26 86 0
-5 59 -84 0
-8 -40 67 0
-38 -68 72 0
48 -62 0
23 -28 50 0
9 -39 -76 0
5 10 44 0
-5 -35 80 0
-10 49 67 0
13 37 -81 0
-10 -24 47 0
-33 48 -53 0
-3 -10 32 0
-31 -50 -81 0
33 37 87 0
34 -59 78 0
-15 -65 0
9 19 67 0
-6 -27 56 0
50 -53 86 0
-31 -36 -42 0
-21 44 68 0
34 44 -67 0
22 42 -80 0
-8 40 -83 0
-5 -31 34 0
17 41 -53 0
-51 -73 -79 0
32 53 61 0
-35 73 84 0
21 -43 82 0
-35 -66 0
-5 37 38 0
-22 -41 71 0
-4 37 51 0
34 -40 59 0
-3 21 -33 0
-32 50 65 0
23 -28 -51 0
43 53 0
15 -74 -86 0
9 63 -81 0
-22 -68 0
11 -51 -83 0
-47 61 0
-42 -45 57 0
-9 73 82 0
-19 55 -83 0
-14 -53 64 0
8 -41 50 0
-23 54 0
27 36 -72 0
26 32 82 0
-8 -55 82 0
44 -63 -74 0
8 -68 0
1 -22 28 0
-43 76 82 0
-1 13 -43 0
18 -37 -84 0
20 22 51 0
-59 -87 0
13 59 74 0
14 61 76 0
25 30 -42 0
35 -44 -56 0
-4 23 -73 0
25 -43 -84 0
-21 30 45 0
-13 -66 75 0
10 26 34 0
37 49 51 0
-14 -30 -45 0
1 -31 -41 0
42 -57 0
-54 78 0
-26 -51 -62 0
-32 72 81 0
1 -6 -35 0
-44 78 -85 0
18 33 -57 0
-5 36 77 0
21 31 44 0
73 75 -80 0
60 85 0
5 -13 41 0
6 81 0
-3 -37 -62 0
1 26 -75 0
-5 30 -52 0
-32 -52 -80 0
-30 -38 76 0
-5 6 -7 0
-31 44 70 0
32 -60 64 0
-38 56 -84 0
-10 23 -81 0
15 -40 43 0
-44 48 53 0
-65 83 0
-8 -61 69 0
-13 -14 45 0
2 -70 0
19 46 64 0
-15 -47 -48 0
-47 79 0
10 -69 -79 0
63 79 -84 0
-1 -85 0
31 -45 -71 0
-18 72 76 0
-52 60 -80 0
-8 35 62 0
-24 26 81 0
11 -27 59 0
-7 35 -78 0
-43 46 -76 0
-2 25 56 0
68 77 -84 0
13 -21 -38 0
49 -78 0
-14 36 -66 0
-5 9 -16 0
-5 41 79 0
-52 75 76 0
27 -29 0
-6 -10 30 0
-10 -36 -79 0
-12 -37 82 0
-8 17 47 0
3 41 -83 0
-38 -66 -84 0
-20 -31 81 0
-4 65 -86 0
32 -50 61 0
-13 23 28 0
-6 -48 56 0
-3 -81 0
39 -50 69 0
1 -21 29 0
-6 8 11 0
-12 -46 -86 0
-1 -73 0
-19 21 82 0
-6 29 -49 0
21 62 85 0
-22 -31 83 0
46 -48 -72 0
9 41 51 0
-29 -55 -65 0
6 62 -86 0
8 41 -75 0
17 -58 -82 0
42 52 -77 0
17 29 58 0
-15 -45 87 0
34 50 71 0
-28 32 57 0
-36 37 0
-38 41 -83 0
-37 49 -61 0
2 41 80 0
-6 -25 -32 0
21 31 -85 0
14 -26 -86 0
5 16 24 0
19 -73 75 0
51 68 -82 0
-4 -73 74 0
4 -12 0
-22 -72 -77 0
-22 49 76 0
-5 -21 33 0
-11 28 -86 0
5 -85 0
-9 -13 79 0
18 28 -30 0
25 -55 64 0
8 48 57 0
-62 72 75 0
-8 85 87 0
-2 78 0
-27 45 87 0
-32 87 0
33 39 79 0
43 -64 82 0
-35 -38 -84 0
-1 22 -78 0
-44 -52 -61 0
-10 46 -56 0
8 28 73 0
11 -42 0
-14 59 -84 0
-8 -41 -61 0
-14 -69 0
-20 -39 0
12 -39 66 0
13 -34 71 0
27 61 -84 0
8 -39 58 0
-57 -59 87 0
4 75 79 0
-29 39 -77 0
-8 -26 -81 0
56 -65 -82 0
-50 -73 0
