p cnf 93 356
28 -56 71 0
12 27 -66 0
-17 59 80 0
-49 54 -58 0
10 29 -42 0
12 20 -27 0
-17 -20 48 0
61 73 77 0
38 -85 0
18 27 56 0
12 -31 71 0
7 -37 -79 0
24 -58 69 0
-33 46 -86 0
6 -20 -26 0
-1 -29 -62 0
-17 -19 -60 0
8 -27 -53 0
-44 -60 0
10 -25 73 0
36 -37 -70 0
-19 -49 53 0
67 90 0
56 -77 -86 0
31 -35 -38 0
4 -12 -87 0
-20 -25 -26 0
36 41 86 0
11 39 49 0
43 80 85 0
-21 47 79 0
28 53 57 0
5 44 46 0
-21 -45 -91 0
-28 60 64 0
-30 36 74 0
31 -52 0
-28 31 -47 0
8 12 25 0
6 10 -25 0
-32 58 -87 0
7 -19 60 0
-3 6 -57 0
-1 -24 33 0
-8 79 86 0
16 44 -83 0
44 -65 73 0
66 81 -86 0
5 -25 71 0
7 34 -39 0
-19 -30 0
-14 -28 55 0
11 -15 -67 0
5 33 67 0
-19 93 0
-1 29 71 0
12 -23 48 0
1 -74 89 0
-20 31 -70 0
45 58 -65 0
-39 60 73 0
-16 34 66 0
6 -12 -83 0
24 49 -85 0
-10 19 59 0
20 69 -81 0
5 -43 63 0
-35 45 86 0
-23 50 -58 0
-7 -26 -55 0
-36 43 -50 0
37 73 82 0
73 81 -82 0
-43 66 87 0
45 -53 69 0
13 -49 -54 0
10 -61 -91 0
32 67 -87 0
-70 80 90 0
16 41 -49 0
-24 -80 0
-3 7 -31 0
-46 83 92 0
-42 -66 -75 0
20 -85 0
4 -30 43 0
-12 -26 -75 0
-13 68 86 0
-28 -57 -60 0
26 -53 87 0
76 82 84 0
22 -67 -90 0
5 -11 -73 0
39 46 0
9 76 77 0
-15 -68 -75 0
-43 -56 -57 0
-2 -34 -70 0
-38 48 56 0
59 -60 -76 0
4 60 0
22 -30 0
41 -77 -91 0
-49 89 0
5 -34 89 0
-41 64 -84 0
-61 -66 83 0
-39 -85 0
-14 74 -93 0
51 -89 0
-10 52 92 0
-7 -29 -88 0
2 8 -27 0
2 -66 -85 0
-3 53 -67 0
5 -50 -86 0
-41 50 -64 0
11 28 44 0
34 42 69 0
-17 -79 81 0
-22 40 -55 0
-40 -45 88 0
64 -83 0
-9 -10 84 0
-14 55 -78 0
-43 65 86 0
-34 -43 0
10 -72 -74 0
-12 -78 91 0
16 -24 -85 0
5 10 -79 0
-22 58 -84 0
66 69 91 0
-10 -61 -86 0
-11 -16 51 0
59 -76 77 0
6 78 83 0
37 -93 0
-39 -56 93 0
2 -58 61 0
-47 70 0
-20 -29 81 0
7 16 56 0
-37 -93 0
-4 -26 33 0
31 -56 -86 0
-11 -17 91 0
-38 -48 93 0
5 82 0
64 -75 0
12 -43 -92 0
-4 20 -71 0
-11 -12 -22 0
59 -64 82 0
40 -65 91 0
7 12 44 0
-50 78 93 0
-17 44 86 0
-51 -70 82 0
-23 47 79 0
-37 -72 0
27 46 -64 0
18 -20 83 0
-45 -87 -90 0
24 35 -80 0
-5 -13 -29 0
-29 40 47 0
38 -63 -69 0
-27 -49 60 0
5 57 65 0
20 71 93 0
-6 -13 -52 0
29 -75 -88 0
23 24 -29 0
-12 25 76 0
13 18 -88 0
37 76 -84 0
22 84 -88 0
17 -19 64 0
26 -49 87 0
-1 -29 34 0
-28 50 52 0
-24 50 -93 0
5 18 19 0
-68 -71 -92 0
-13 -24 -43 0
19 37 -91 0
-3 -34 53 0
-48 -60 64 0
1 76 92 0
66 86 88 0
-4 -15 -91 0
-36 53 60 0
-75 91 0
30 40 89 0
36 -44 -63 0
-17 -42 -58 0
11 44 81 0
-43 -59 0
-31 -50 -66 0
-8 27 -64 0
-9 -62 -68 0
4 13 -62 0
2 -36 -78 0
15 80 0
-22 31 -82 0
-47 -52 64 0
-13 -30 -75 0
29 -36 93 0
5 27 53 0
36 -74 80 0
59 -67 78 0
-44 53 76 0
-1 -7 28 0
-2 -28 -78 0
1 -92 0
-21 34 -45 0
-65 74 0
22 -37 66 0
44 -61 64 0
-45 57 0
36 -76 0
-11 50 -69 0
-11 -14 42 0
-50 -74 -83 0
34 67 71 0
68 -77 0
-7 29 65 0
-36 87 -90 0
-40 -55 -70 0
-18 -24 42 0
10 -23 0
22 51 -55 0
-7 50 -68 0
22 64 -72 0
-3 -14 57 0
6 74 91 0
-4 11 25 0
-2 49 56 0
13 62 -74 0
27 -60 -93 0
48 56 -78 0
-5 69 -87 0
33 -42 -72 0
6 -35 60 0
19 -26 -43 0
-30 -62 -67 0
1 76 90 0
49 -78 87 0
-1 11 0
-11 -26 -74 0
73 79 -80 0
15 -51 -79 0
-6 24 -75 0
3 22 86 0
36 -44 56 0
35 65 -83 0
-17 -84 92 0
12 17 81 0
-51 59 0
16 -18 -37 0
26 -43 -61 0
-28 -30 48 0
-4 14 -39 0
8 19 41 0
-11 43 -55 0
13 -64 -85 0
-39 57 -76 0
-9 -33 -73 0
31 55 60 0
-15 -34 84 0
-51 -53 64 0
25 37 -79 0
24 44 -52 0
-15 42 -86 0
-35 56 -73 0
-39 -81 90 0
-3 10 0
6 47 -75 0
-49 84 -89 0
-15 -34 -46 0
-45 77 -79 0
23 62 -93 0
7 33 83 0
-1 -31 -72 0
14 -29 91 0
-51 75 -80 0
15 -58 0
-3 -54 90 0
56 61 -77 0
-19 -30 91 0
-14 20 -82 0
-32 53 64 0
24 46 -72 0
17 -24 -93 0
-30 77 -85 0
55 61 -93 0
-1 -43 82 0
53 83 91 0
30 -32 0
17 31 82 0
22 46 -63 0
12 -48 81 0
-39 65 -92 0
-4 -5 0
25 51 -79 0
53 -75 0
10 -26 36 0
-11 -51 83 0
15 -59 77 0
-32 -48 51 0
1 63 -79 0
28 76 -86 0
-13 -64 76 0
13 -33 56 0
-58 68 -79 0
-22 57 -75 0
42 -51 -70 0
-23 -41 85 0
-16 -28 58 0
3 -83 0
8 67 0
12 -24 -47 0
-22 -59 79 0
18 22 60 0
52 -59 -81 0
40 53 58 0
28 48 0
15 -84 0
28 -37 -51 0
30 37 60 0
-11 25 0
7 15 62 0
-34 -45 49 0
-26 -51 72 0
78 83 -92 0
-6 8 24 0
-36 -60 82 0
70 -78 -87 0
-6 40 -87 0
54 -87 -92 0
38 -72 76 0
-34 35 -93 0
-7 -45 -90 0
-31 33 -54 0
-7 -45 -77 0
-10 -72 -79 0
35 47 -63 0
11 40 -53 0
-33 -56 0
-24 54 -78 0
22 -55 -68 0
24 -41 0
-6 -36 52 0
-12 48 -78 0
-20 41 78 0
