p cnf 91 346
-35 64 90 0
-27 41 58 0
-21 -86 0
-2 -29 63 0
-26 62 -87 0
-1 -21 -78 0
-12 -37 -75 0
13 64 0
-30 -73 -84 0
25 -43 84 0
6 11 -39 0
23 -31 67 0
-15 -68 72 0
44 71 -74 0
1 9 -74 0
-54 -58 66 0
14 -48 -64 0
66 -82 -88 0
12 37 61 0
36 70 72 0
20 -24 -70 0
-29 39 -45 0
-49 66 -72 0
15 -55 62 0
9 -66 -87 0
-45 -59 78 0
-29 33 -58 0
-18 39 -91 0
-49 82 91 0
27 -57 -85 0
-25 39 42 0
-18 62 84 0
-5 -28 -62 0
12 -54 76 0
81 -86 88 0
12 -56 58 0
-47 -63 -89 0
46 59 61 0
43 -45 50 0
48 63 86 0
25 74 90 0
-53 75 83 0
-5 10 18 0
25 56 63 0
-29 31 51 0
-13 -38 73 0
2 41 -61 0
-3 36 -63 0
35 -39 -42 0
11 30 39 0
80 81 0
39 45 61 0
-50 -58 -67 0
13 67 0
-41 -84 0
1 14 -39 0
-41 -53 -59 0
-3 -72 -81 0
-30 38 -91 0
-47 68 -76 0
-27 62 70 0
10 17 -44 0
28 -35 81 0
7 -42 80 0
-13 30 -56 0
23 32 67 0
-1 2 42 0
-34 56 91 0
-2 -40 -87 0
-45 60 70 0
19 54 -66 0
-27 -49 -78 0
-2 34 39 0
64 76 0
-15 -61 -87 0
-15 -42 88 0
1 58 0
1 13 58 0
-35 -73 75 0
7 -13 66 0
1 36 91 0
17 -42 84 0
-26 45 78 0
35 -49 -76 0
12 59 0
-9 24 85 0
-10 -57 -85 0
55 -77 -86 0
9 51 0
31 49 -58 0
4 -32 -81 0
-70 -81 -84 0
-38 -71 89 0
-47 -48 72 0
40 -54 78 0
15 -21 -49 0
-28 -38 -70 0
-33 58 -72 0
-1 -89 0
14 66 0
34 85 0
20 75 89 0
-31 -57 68 0
10 -40 -91 0
10 64 85 0
-33 -48 0
14 32 -77 0
-5 40 80 0
18 58 -88 0
-24 30 -49 0
-1 10 61 0
-40 -49 -87 0
2 24 46 0
-15 38 -91 0
34 -53 0
27 -58 0
36 -57 -90 0
51 53 -83 0
-54 57 0
-58 -67 71 0
50 59 -82 0
13 68 -89 0
7 42 -74 0
25 -42 72 0
33 -83 90 0
43 51 0
2 14 49 0
-29 31 -78 0
-20 30 0
-11 -14 -44 0
-27 75 0
-1 -43 -44 0
27 43 -60 0
-82 -83 -85 0
29 -49 -79 0
-32 -44 49 0
14 -41 -51 0
-17 -73 0
21 -55 58 0
-52 58 87 0
5 54 91 0
-27 39 -86 0
5 71 0
5 -74 -90 0
7 16 31 0
-7 -46 59 0
53 -54 -83 0
41 60 81 0
-17 -56 -71 0
-11 -26 0
80 82 0
-53 57 82 0
-30 69 -87 0
12 -41 62 0
-30 69 72 0
-2 -25 -30 0
-18 -22 45 0
-56 65 0
-58 -68 0
-49 65 84 0
-18 -70 81 0
-31 56 67 0
-2 -47 0
19 -28 -36 0
-7 36 -51 0
36 -53 -70 0
18 24 49 0
54 60 -66 0
-30 -44 -54 0
46 53 76 0
-6 -73 -91 0
-19 -32 -48 0
-3 39 59 0
41 -61 -77 0
1 54 -88 0
41 46 90 0
18 30 72 0
-9 -24 87 0
-26 37 -73 0
-35 -67 -68 0
4 -35 80 0
-27 31 -47 0
-6 -9 -19 0
25 53 -81 0
-28 -54 0
-15 31 55 0
-53 -89 0
18 -35 39 0
57 -67 -83 0
-63 76 0
-11 -17 53 0
14 20 79 0
3 22 -81 0
4 43 59 0
-67 74 86 0
-3 21 29 0
-8 23 -90 0
-23 61 65 0
13 -42 -73 0
-12 15 51 0
-10 23 0
45 72 74 0
-9 28 0
-59 76 -89 0
-3 -25 35 0
-22 37 -80 0
-35 50 0
-61 -76 -80 0
5 10 67 0
35 -47 -70 0
49 71 78 0
-1 -2 89 0
4 27 87 0
16 -46 79 0
12 63 -80 0
-15 -41 66 0
-45 72 -77 0
34 39 -69 0
-17 -42 -82 0
3 -5 37 0
56 -77 0
38 54 64 0
54 90 91 0
27 31 58 0
36 -46 56 0
5 -34 61 0
18 23 -53 0
-18 -57 64 0
23 -44 -70 0
15 72 -80 0
-25 33 -46 0
-38 66 -90 0
7 -25 26 0
21 -47 -88 0
7 -26 50 0
20 -25 54 0
-3 -71 -91 0
20 41 -74 0
-14 -61 -71 0
-2 -33 -62 0
14 39 57 0
-14 21 78 0
5 -29 -63 0
3 -42 43 0
-7 -13 -55 0
72 84 91 0
-6 27 81 0
15 -47 -72 0
-26 37 -75 0
-30 -55 -66 0
-29 61 -77 0
-26 -65 88 0
-10 48 63 0
41 -57 64 0
-8 27 -32 0
-24 67 88 0
-37 50 -54 0
59 -61 0
-16 61 -74 0
-5 44 -61 0
34 -69 78 0
5 -22 23 0
30 -82 -85 0
-15 -19 -40 0
-38 -58 0
8 -10 -89 0
25 38 87 0
-18 58 0
-37 -58 87 0
-39 61 67 0
27 -53 -72 0
8 -67 -70 0
16 54 -74 0
17 -25 -49 0
6 -21 -47 0
9 -20 -37 0
-23 -89 90 0
-4 -16 -24 0
19 -31 86 0
36 71 -80 0
28 62 89 0
-15 -30 -74 0
-31 50 68 0
40 68 86 0
-24 33 0
-19 -84 0
35 52 83 0
-29 32 35 0
-26 51 -84 0
-10 25 44 0
-7 70 -87 0
7 12 51 0
50 -60 71 0
24 42 -62 0
40 51 64 0
35 56 -77 0
1 -60 -67 0
1 -12 -90 0
-25 28 0
21 -53 0
14 -30 58 0
-3 18 -91 0
7 -77 82 0
20 31 -65 0
32 -41 53 0
81 87 0
-11 -59 86 0
42 -43 78 0
10 -18 -70 0
17 24 -86 0
-32 79 85 0
-42 -60 91 0
53 -58 -74 0
25 44 46 0
54 -79 80 0
-1 -53 70 0
5 36 -56 0
-37 59 62 0
-7 72 -74 0
28 -73 -74 0
-2 -39 -58 0
9 -24 -31 0
15 -34 -67 0
38 59 71 0
-15 38 -57 0
-12 27 29 0
-11 17 66 0
-9 34 -38 0
-14 -39 -45 0
-27 56 65 0
-3 50 79 0
-64 70 0
-53 71 81 0
6 -54 -91 0
-32 -56 0
-25 28 43 0
-1 14 -68 0
24 -39 -81 0
-8 13 -29 0
-44 68 0
9 36 58 0
-48 -59 -89 0
5 58 -87 0
-3 -47 89 0
-25 30 -79 0
-36 42 0
