p cnf 81 294
-14 -16 -53 0
41 -71 -81 0
-27 53 0
-67 78 80 0
-52 64 74 0
19 36 53 0
-13 37 -78 0
48 -74 75 0
-15 57 -64 0
7 -33 -54 0
-7 -15 54 0
-2 24 -33 0
-12 -25 -26 0
-1 12 -80 0
-2 39 -66 0
10 22 -39 0
18 34 -80 0
30 -59 75 0
-58 63 0
-65 71 73 0
-37 79 0
59 -78 0
-30 57 67 0
-38 47 74 0
-15 -24 73 0
26 -27 -46 0
-46 -74 80 0
15 36 -60 0
14 -45 -79 0
40 55 67 0
-2 -3 56 0
-23 26 0
-37 -51 81 0
-7 11 -50 0
11 -20 -42 0
14 -64 66 0
-19 -50 -70 0
-23 39 72 0
23 -42 48 0
-22 32 74 0
-42 61 0
34 42 77 0
-12 61 -72 0
49 -63 0
-9 -22 -62 0
-4 -6 -58 0
-11 45 75 0
26 30 40 0
-3 12 -17 0
14 -64 0
-6 -13 -40 0
-43 -56 65 0
3 -43 -47 0
52 -56 61 0
8 -39 72 0
-17 -49 0
57 -63 0
6 56 -59 0
21 -32 -55 0
-69 71 0
-14 -52 70 0
36 56 69 0
32 41 43 0
10 -37 -46 0
29 -77 -79 0
21 31 81 0
-19 25 81 0
-9 -25 0
12 55 59 0
10 -22 -58 0
-60 81 0
-4 -30 -53 0
-4 -12 0
-4 35 -81 0
1 -7 81 0
-33 -54 -66 0
4 -65 -66 0
-4 -16 -78 0
27 -36 77 0
-42 -44 68 0
-3 -26 -73 0
13 60 -63 0
2 3 72 0
-5 9 -70 0
-10 16 -62 0
-42 57 0
-2 -33 -71 0
36 58 0
-52 -63 0
29 -59 66 0
-19 -58 -77 0
2 -61 79 0
46 -78 0
-43 50 68 0
-52 -59 -76 0
-24 -52 0
-26 28 52 0
46 -56 -60 0
41 62 80 0
18 52 -69 0
-11 -34 -70 0
-39 -40 -51 0
-9 63 -78 0
-26 -42 48 0
-52 55 -69 0
-4 11 0
33 47 -48 0
-8 30 -50 0
-19 23 -66 0
-19 48 -63 0
50 -58 76 0
-5 40 49 0
15 -36 44 0
32 48 0
38 39 -79 0
-12 19 -45 0
-2 -35 -49 0
-20 36 53 0
4 19 77 0
19 24 27 0
-32 35 -45 0
13 46 0
31 -66 0
14 -23 0
-26 59 0
1 13 -25 0
-45 66 -81 0
2 17 40 0
-40 78 0
28 69 -71 0
-33 -35 41 0
5 79 0
54 57 76 0
34 -50 0
2 5 66 0
-39 69 76 0
-1 5 0
-11 -32 -54 0
-19 -35 -40 0
46 63 -78 0
21 64 76 0
-2 -42 -62 0
-12 60 0
-62 -64 0
41 47 73 0
13 -26 73 0
-34 49 -57 0
18 55 -67 0
4 -12 -62 0
6 50 73 0
-24 -50 76 0
18 -32 -70 0
29 -38 43 0
-11 22 67 0
8 72 -78 0
14 51 -72 0
-25 -31 -33 0
6 -58 -81 0
-1 -45 77 0
38 70 0
-7 -26 0
-20 26 43 0
39 -50 -61 0
-12 -14 78 0
-1 14 -73 0
-27 -46 -60 0
47 53 -54 0
-18 -32 72 0
-7 -64 0
-7 32 -64 0
-43 -46 -67 0
-26 -57 0
7 36 -54 0
-23 33 57 0
-3 -48 0
26 27 77 0
-6 12 80 0
-2 39 72 0
-42 -46 56 0
-36 70 0
8 32 -65 0
1 16 -27 0
6 -10 -16 0
24 50 0
8 13 -42 0
39 -52 79 0
42 -73 0
-33 39 69 0
12 57 -71 0
49 66 0
16 -56 70 0
-12 -31 63 0
-8 37 43 0
-4 -39 0
39 -52 -72 0
-16 50 -78 0
-38 -50 -51 0
3 41 73 0
-1 5 -10 0
-45 -78 0
28 -56 75 0
2 -18 0
-51 65 77 0
-1 -61 -80 0
5 -56 60 0
10 50 69 0
46 52 0
13 25 75 0
-10 52 0
16 -22 40 0
-18 -27 -50 0
4 67 -75 0
18 -46 81 0
-22 -55 -66 0
-6 42 0
-7 -8 -28 0
12 32 77 0
5 -19 -66 0
7 66 77 0
39 56 0
-45 -59 -62 0
8 44 61 0
34 67 73 0
-11 -13 -43 0
-38 77 0
-42 45 66 0
-8 -53 80 0
25 -73 0
13 66 0
12 13 -23 0
15 -30 64 0
12 -33 47 0
2 -53 0
-9 20 22 0
9 -26 -48 0
11 -17 76 0
-28 47 0
-21 -24 0
6 16 43 0
10 -65 -76 0
50 -53 -66 0
-26 -59 73 0
-1 55 -67 0
-9 39 44 0
-46 -63 0
-35 -45 -73 0
36 75 80 0
17 19 -81 0
-9 11 -51 0
-55 58 0
-11 48 -76 0
-19 -47 -60 0
-2 17 -45 0
-5 -58 -68 0
3 43 66 0
34 -39 -53 0
-7 -15 65 0
-60 65 73 0
55 -81 0
-35 -57 67 0
42 -61 -77 0
-28 33 70 0
14 22 -71 0
4 -5 -33 0
-54 -60 -74 0
-37 -41 0
-32 -44 47 0
-18 68 -73 0
66 74 0
-25 35 -53 0
-4 20 65 0
-17 73 0
7 54 58 0
-8 39 -60 0
-7 11 -81 0
-67 -76 -81 0
20 -75 0
-54 71 0
-43 -48 -79 0
25 36 -79 0
-5 44 -70 0
5 -6 -25 0
15 66 79 0
-24 35 -38 0
14 -33 -44 0
50 -57 -70 0
-16 26 -55 0
42 -64 -75 0
18 23 -45 0
36 37 70 0
-7 25 -50 0
-11 -61 72 0
7 34 73 0
-21 54 0
