p cnf 80 277
-13 -36 38 0
12 -68 0
-44 -49 -51 0
18 -49 67 0
7 9 43 0
-15 -28 58 0
1 40 0
27 45 73 0
33 70 0
-14 70 0
11 21 47 0
-11 -40 -55 0
-17 28 74 0
-43 -62 0
59 63 -76 0
-5 -29 -74 0
28 -43 -74 0
19 -36 -39 0
-43 -62 -80 0
-27 30 48 0
-2 10 77 0
19 -30 78 0
-24 -38 -43 0
-5 26 49 0
37 43 -77 0
-3 -8 58 0
3 9 -28 0
-1 47 -50 0
-70 73 0
-2 31 -38 0
-3 -34 -78 0
13 -24 -25 0
-42 76 0
-5 -27 36 0
35 40 71 0
27 -71 0
37 57 66 0
-34 63 -70 0
-7 13 -37 0
13 -66 0
-16 -28 67 0
-37 -54 -58 0
-5 -20 -46 0
47 60 64 0
-23 -37 54 0
3 63 65 0
-12 -33 60 0
10 -14 -17 0
11 41 80 0
-6 -18 28 0
15 -29 0
-13 48 59 0
1 24 -26 0
17 33 73 0
-24 32 62 0
39 -66 73 0
-41 42 0
-25 47 -53 0
-3 62 -77 0
20 44 -59 0
-7 46 -70 0
-2 -20 -23 0
-28 -55 0
-34 66 0
-49 -50 -63 0
-3 -36 45 0
-7 25 -66 0
3 53 -75 0
18 46 0
1 37 -72 0
12 -20 27 0
19 30 -78 0
1 71 0
-22 -34 77 0
23 42 60 0
23 -27 -55 0
-15 -38 0
18 -60 0
9 -16 49 0
1 29 -32 0
-9 -76 -78 0
24 42 48 0
-22 -53 69 0
-46 -71 75 0
-11 14 70 0
-13 -70 0
11 20 -25 0
-2 -67 0
-12 64 0
6 -12 -51 0
-22 -53 0
23 -30 47 0
3 30 41 0
-47 -50 75 0
-15 34 74 0
-6 -54 0
-35 -62 0
-17 -49 64 0
32 56 -58 0
-3 -13 0
-30 -49 0
2 42 -51 0
1 52 72 0
-17 -54 -69 0
33 43 0
56 -61 70 0
16 18 77 0
33 -49 -50 0
-2 42 -57 0
-21 46 -72 0
-21 40 -55 0
7 -55 0
28 29 -72 0
9 47 -59 0
21 35 45 0
-8 -31 -55 0
26 52 79 0
-39 56 0
-28 -49 -55 0
-11 13 49 0
54 -76 -80 0
5 -12 -49 0
-15 17 22 0
-29 46 -65 0
-36 43 -75 0
31 69 -76 0
5 -41 -64 0
10 -30 34 0
-45 -59 64 0
-4 -57 58 0
1 71 -77 0
-13 -56 0
-34 -55 64 0
10 58 71 0
35 44 0
2 -38 -68 0
-12 -18 -77 0
5 -55 71 0
-37 -74 78 0
-6 -29 65 0
-54 67 0
7 -27 -76 0
21 -51 76 0
-29 -64 -68 0
-49 60 -67 0
10 25 0
-20 -50 70 0
5 29 39 0
-65 -70 77 0
-49 60 0
-31 45 48 0
57 62 -66 0
38 -47 0
1 -37 66 0
-9 23 62 0
-65 -69 0
28 32 45 0
16 -32 0
-15 -35 -38 0
47 -57 -79 0
-52 -62 -74 0
-17 34 -56 0
24 40 -68 0
30 -39 57 0
-5 38 0
13 -20 77 0
-17 20 -55 0
11 25 -34 0
-6 -39 0
50 -53 0
-31 53 -66 0
32 -34 -69 0
-27 70 0
31 -40 45 0
32 -43 69 0
6 -17 48 0
-30 43 0
-4 -15 -34 0
8 32 35 0
-29 -71 0
-26 51 -64 0
23 35 -76 0
-5 23 -25 0
-13 -18 41 0
32 74 0
33 62 0
47 48 -54 0
5 13 68 0
2 33 -65 0
46 48 -61 0
-47 74 0
-32 57 64 0
28 -50 72 0
-38 54 0
-27 36 0
36 -39 52 0
-33 -61 0
15 44 54 0
-10 -78 0
19 -21 27 0
-48 70 0
1 60 0
23 -64 0
-15 55 -59 0
-3 34 -53 0
28 -70 72 0
-9 43 -53 0
-61 65 0
-2 32 45 0
28 34 -43 0
19 23 41 0
2 12 47 0
-13 -20 0
-1 16 58 0
-43 73 0
-48 58 65 0
-28 46 -47 0
28 -67 -69 0
15 37 -39 0
-17 -29 79 0
58 -64 0
36 -43 70 0
-38 -42 58 0
7 65 68 0
46 61 69 0
12 16 0
7 -52 54 0
-12 28 52 0
3 -75 0
32 49 0
-46 47 0
51 -63 0
4 28 -46 0
-41 42 0
57 -68 0
30 -51 0
-34 41 -43 0
-18 -33 80 0
2 32 -36 0
59 76 0
-6 -24 31 0
31 44 0
-26 -45 79 0
13 80 0
21 54 78 0
1 28 -47 0
-14 75 0
47 -58 61 0
-22 -54 -77 0
-16 -27 -40 0
-23 -51 0
36 37 0
38 54 0
25 -40 -76 0
28 -32 -41 0
4 -26 60 0
34 -47 77 0
-36 -70 0
44 -48 -60 0
37 45 -70 0
-30 -40 -69 0
30 -42 -79 0
33 -52 0
-18 -29 -50 0
24 43 -76 0
-18 -39 0
-5 8 37 0
-13 55 77 0
37 -46 -53 0
29 70 -72 0
-3 6 -73 0
28 65 68 0
65 68 -74 0
10 23 49 0
-12 -43 -67 0
-29 -34 74 0
-11 -57 -60 0
