p cnf 89 318
49 -67 68 0
3 -24 44 0
-1 -30 -74 0
-3 77 79 0
26 28 0
1 -43 65 0
-11 -54 78 0
4 13 25 0
4 67 81 0
39 -47 82 0
-26 -58 -59 0
-18 47 0
-32 37 -61 0
60 -73 -85 0
44 48 83 0
-17 -26 -72 0
4 -41 -60 0
4 5 30 0
8 -11 -83 0
-82 88 0
5 -59 61 0
-3 4 -77 0
-13 -45 74 0
-20 52 89 0
-10 30 0
-3 -76 77 0
25 -52 59 0
53 -84 -86 0
-1 -63 66 0
-12 41 61 0
19 47 -67 0
-42 69 77 0
21 -46 -87 0
-22 60 0
9 19 -36 0
41 -73 -84 0
-22 23 61 0
20 -66 77 0
-36 53 -82 0
-41 43 83 0
-38 45 86 0
49 -54 80 0
18 -51 -88 0
-18 35 59 0
14 62 0
-17 -80 0
28 -32 -33 0
-13 -19 30 0
4 -48 0
3 32 65 0
-16 -33 0
-20 -59 71 0
-19 26 -38 0
8 -60 81 0
-30 -38 -41 0
-49 -67 0
20 -52 81 0
28 50 54 0
-1 27 75 0
-18 54 77 0
20 -37 77 0
-15 16 -42 0
-79 84 0
-11 54 -79 0
-3 38 83 0
10 80 -89 0
-28 -39 -78 0
-2 -15 49 0
-10 -36 -65 0
-10 36 0
-1 -40 -83 0
18 79 -86 0
-6 83 -86 0
-16 -62 71 0
7 -18 21 0
53 -55 85 0
-64 -66 -84 0
54 -84 0
1 -6 74 0
4 70 80 0
10 -51 -63 0
-18 -21 63 0
-7 9 0
-9 17 80 0
15 47 80 0
39 -63 0
34 -43 73 0
22 -85 -89 0
-12 -45 71 0
-4 22 53 0
-64 66 -87 0
-23 -40 79 0
13 27 33 0
-10 28 -66 0
-7 -39 59 0
-4 -54 59 0
-24 -25 63 0
53 -59 74 0
-46 70 -71 0
18 -41 -43 0
-15 31 -37 0
-8 21 -31 0
15 -40 -66 0
14 -41 67 0
44 -74 0
-10 13 64 0
45 68 81 0
-8 44 -58 0
11 17 -30 0
16 26 -50 0
-28 29 67 0
50 54 69 0
-55 -69 79 0
-40 45 -79 0
7 57 0
-19 -38 52 0
8 45 -46 0
7 -39 47 0
-11 -26 0
14 32 0
6 -23 52 0
21 82 0
-19 -38 73 0
9 43 -87 0
-27 64 67 0
-50 -88 0
66 -73 85 0
6 -52 -61 0
20 43 46 0
3 -45 -73 0
-59 -64 -66 0
-2 32 45 0
26 -52 80 0
5 25 -45 0
-9 -42 72 0
-30 52 -74 0
-7 -67 -88 0
52 -70 72 0
-35 71 81 0
19 26 74 0
43 68 71 0
-61 65 0
17 36 46 0
18 -36 -67 0
-15 39 -85 0
-39 -42 47 0
10 -24 -60 0
2 66 80 0
7 -36 72 0
23 -68 80 0
33 42 -80 0
-43 -52 -67 0
21 -47 63 0
11 72 0
-5 15 -80 0
6 29 -36 0
39 63 -67 0
-8 48 -84 0
36 38 -85 0
5 25 0
3 -71 -87 0
39 43 -74 0
5 -66 -71 0
-8 32 69 0
39 45 50 0
13 -39 84 0
-39 44 -73 0
-81 -82 -87 0
66 85 0
-24 39 78 0
7 15 -65 0
-17 42 -64 0
-37 -57 -79 0
-8 18 -55 0
13 15 -81 0
10 30 -82 0
49 56 -61 0
8 -54 67 0
-4 -48 -56 0
-46 86 88 0
20 -22 64 0
-27 42 51 0
28 51 77 0
21 23 -54 0
30 41 63 0
4 50 68 0
30 -40 0
47 48 62 0
46 -55 84 0
-2 30 -64 0
11 23 38 0
23 -53 69 0
-2 -77 0
-40 64 84 0
18 32 -39 0
48 -86 0
36 58 -81 0
-25 -50 -89 0
13 -30 -66 0
-13 -21 -45 0
-23 -50 -68 0
-24 -50 62 0
33 44 -86 0
24 67 -84 0
-84 -87 -89 0
-16 -78 79 0
6 -13 75 0
-4 -71 -84 0
55 -57 -70 0
-57 59 0
57 78 0
23 -24 0
-37 -45 82 0
73 -81 84 0
18 39 84 0
-22 -34 85 0
60 -64 -86 0
20 -74 75 0
19 -69 72 0
-11 -21 -47 0
16 -29 -75 0
-46 -54 -68 0
-40 -63 -80 0
-27 34 59 0
-2 25 -45 0
26 56 76 0
-22 32 -87 0
-49 65 78 0
25 50 -60 0
23 76 -84 0
-28 -74 -77 0
-18 -36 48 0
31 39 -46 0
-9 30 44 0
-1 19 67 0
23 57 73 0
-11 -14 -27 0
-7 -52 53 0
-17 22 -45 0
-46 -61 -78 0
27 -33 44 0
50 -63 66 0
13 44 54 0
-45 50 86 0
40 -46 -60 0
-62 -65 -66 0
-17 42 83 0
37 -60 66 0
-2 -50 88 0
-65 -74 -89 0
10 -38 -86 0
12 -53 82 0
-32 -74 0
-13 14 38 0
-35 43 -70 0
23 30 59 0
-5 15 -65 0
42 -66 70 0
-60 -73 0
33 37 -73 0
13 -31 74 0
-21 31 50 0
16 -62 66 0
16 28 -62 0
8 -11 48 0
-26 46 -80 0
38 58 61 0
-18 31 -81 0
-20 62 82 0
-6 16 -18 0
46 -50 64 0
56 -61 0
31 47 -48 0
48 60 66 0
7 34 -42 0
-2 -39 -89 0
-26 41 60 0
-10 -15 65 0
32 57 -74 0
57 65 86 0
-4 -29 34 0
35 -51 -52 0
32 46 -68 0
24 52 78 0
-2 -27 67 0
2 -67 84 0
-19 41 -74 0
20 -27 73 0
-10 -32 -77 0
7 -10 45 0
33 -71 88 0
12 -19 85 0
-22 -41 -79 0
-31 53 -59 0
8 -26 -88 0
13 51 -76 0
23 67 -83 0
-40 73 -88 0
-30 -41 0
5 10 -83 0
40 42 52 0
16 -42 -63 0
3 -17 -44 0
20 -32 0
-17 27 29 0
21 34 -75 0
37 78 0
12 77 81 0
-4 7 73 0
57 -71 -79 0
9 -60 63 0
-48 69 -85 0
-41 -59 -69 0
9 -17 84 0
-34 -54 74 0
-1 -52 -76 0
29 -48 83 0
-8 46 60 0
