p cnf 81 288
-5 10 -36 0
24 -31 35 0
30 -39 80 0
-1 -34 0
27 40 -71 0
-74 75 -80 0
-32 58 -62 0
-25 -63 0
-34 63 74 0
44 -75 -76 0
27 61 69 0
-4 17 -57 0
7 -33 -44 0
1 -34 54 0
38 -67 0
-52 -66 0
7 20 -61 0
40 -62 81 0
-22 39 0
-33 -50 -80 0
-35 -45 0
37 -61 68 0
39 54 63 0
-27 -81 0
-2 45 50 0
-7 37 0
-20 35 0
-50 68 -72 0
-14 34 -74 0
28 70 0
4 22 0
-37 65 81 0
-19 -31 51 0
11 -16 -71 0
16 -56 -76 0
-58 -71 -77 0
-3 -24 -36 0
-25 41 72 0
10 -48 -51 0
22 64 0
25 -60 0
12 24 -57 0
-2 18 -72 0
-10 -30 0
15 55 81 0
-35 -61 -63 0
-56 -65 0
-6 -76 -79 0
-32 34 69 0
-1 -7 30 0
30 75 0
-28 57 80 0
-10 -33 42 0
-27 -28 -31 0
-4 34 0
16 58 -80 0
-4 66 80 0
29 76 0
11 60 0
-12 -64 0
-49 64 78 0
4 -8 -32 0
17 -30 -31 0
13 -41 -66 0
6 -45 76 0
21 47 0
-11 28 75 0
-55 66 -76 0
33 -36 0
45 -55 0
3 48 50 0
-16 -31 48 0
-21 -33 -50 0
15 26 44 0
-16 -34 -78 0
-29 -44 -49 0
-57 -58 -79 0
-22 36 57 0
-36 37 66 0
-6 -57 -72 0
15 -62 0
30 -57 71 0
14 -15 57 0
42 -80 0
5 56 77 0
15 -27 45 0
4 69 0
-14 -15 80 0
-9 -21 75 0
11 39 0
4 12 -47 0
56 -57 -70 0
50 -63 -70 0
3 -33 -79 0
11 -20 65 0
7 -49 58 0
4 -11 -67 0
20 -35 -38 0
52 68 0
-7 -66 -78 0
-46 -75 0
10 46 -58 0
-10 -21 0
-14 -37 0
16 23 -52 0
-40 -48 0
-36 -47 0
-18 64 77 0
39 59 0
38 55 -69 0
17 81 0
13 24 -55 0
2 -71 81 0
-4 -45 81 0
35 -42 0
-23 55 57 0
-16 -18 0
-3 24 -26 0
24 27 -46 0
32 50 0
-40 -70 -81 0
-22 -69 76 0
-20 -40 44 0
-59 79 0
-6 -18 75 0
8 25 -76 0
47 -55 0
40 -47 -80 0
-6 43 -54 0
-79 -80 0
3 20 -60 0
-18 -75 0
-20 65 74 0
25 36 42 0
8 41 0
43 -58 81 0
10 37 44 0
28 -81 0
28 -38 71 0
9 -80 0
19 -42 -53 0
-3 43 -56 0
4 36 -60 0
14 -20 -70 0
2 -13 -68 0
-17 -70 79 0
28 56 0
-33 -50 -62 0
-8 38 0
6 -32 56 0
-6 -52 -65 0
61 -66 79 0
-30 -31 -49 0
21 -23 67 0
-20 -54 0
-36 49 -81 0
4 33 0
13 -52 -78 0
-35 -43 54 0
36 39 -46 0
-9 -37 -76 0
3 4 -36 0
-45 -57 -76 0
23 -42 54 0
8 26 57 0
7 54 80 0
-17 46 0
-39 -74 76 0
-34 54 58 0
-16 -31 39 0
-13 80 0
-18 -71 0
-3 -22 49 0
-12 -34 57 0
-14 -78 0
38 65 72 0
17 63 0
-44 50 64 0
30 47 48 0
1 -47 -60 0
-40 -48 -61 0
-17 36 -49 0
7 -22 -34 0
-36 -43 47 0
-10 12 0
-23 38 45 0
-13 -28 0
25 35 53 0
-35 -43 81 0
-11 27 -66 0
-16 -35 -79 0
-17 -23 0
18 33 41 0
18 22 -38 0
-2 8 41 0
2 49 0
28 -58 80 0
2 -54 58 0
-36 -46 76 0
-67 69 79 0
-7 -52 71 0
-7 11 -20 0
-39 -45 -70 0
6 17 -50 0
13 19 38 0
-49 68 -73 0
11 23 -50 0
5 -49 63 0
-21 -37 0
-9 12 -78 0
37 41 0
43 -65 0
21 36 -71 0
-1 5 -15 0
-33 35 0
4 40 76 0
-9 -67 -69 0
41 -51 -54 0
19 -38 0
58 80 0
7 26 44 0
-4 -5 23 0
3 6 71 0
13 -15 24 0
50 51 -61 0
-11 13 -57 0
17 30 -70 0
-7 -36 0
12 -68 72 0
66 78 81 0
2 32 47 0
-4 -33 -65 0
14 16 0
-4 23 0
-49 -62 70 0
18 46 -74 0
-19 -52 77 0
-19 -26 -42 0
-8 15 -46 0
29 73 0
7 32 56 0
30 34 38 0
8 -11 36 0
-18 39 42 0
-6 48 0
-1 -3 33 0
53 -60 0
25 28 51 0
3 -26 69 0
-12 31 81 0
-49 68 0
-9 45 66 0
-11 -35 0
8 22 -79 0
4 -8 -14 0
-7 -33 -43 0
9 -27 -53 0
-1 9 -35 0
47 51 -52 0
-7 -20 58 0
-22 74 0
-16 18 -53 0
-6 68 0
25 -53 54 0
-6 -11 0
58 -66 0
-36 74 -78 0
3 48 -60 0
-8 -21 0
-2 14 18 0
-15 31 66 0
26 -44 72 0
29 -53 -75 0
-34 -43 76 0
23 -36 56 0
10 -41 65 0
-31 32 51 0
-36 -43 66 0
11 -21 -47 0
66 -68 0
5 -7 32 0
-6 -18 28 0
12 -51 66 0
-33 -53 57 0
51 57 0
21 50 -57 0
-8 48 0
-6 -34 -59 0
