p cnf 90 341
-17 34 62 0
-52 53 65 0
-28 -61 74 0
-8 54 68 0
11 -18 0
-11 47 88 0
53 -70 73 0
-61 -72 -86 0
32 48 -78 0
73 78 90 0
5 -48 74 0
1 11 -56 0
-42 54 -55 0
20 -36 -58 0
-19 -76 -82 0
-28 61 -70 0
3 -15 80 0
34 51 64 0
8 47 85 0
9 -26 -87 0
47 -58 -59 0
7 17 60 0
16 29 66 0
-12 22 -78 0
55 -83 -90 0
70 85 0
-1 -69 73 0
9 42 50 0
-46 85 -88 0
39 -57 88 0
59 -70 81 0
-49 -61 -63 0
2 -48 66 0
-29 39 -85 0
-28 -72 -83 0
10 30 74 0
-14 -84 88 0
10 50 89 0
-7 -22 -35 0
-29 -55 65 0
20 34 81 0
-17 -81 -82 0
-17 -53 -54 0
-75 -80 -82 0
44 -67 79 0
37 -57 73 0
11 78 83 0
23 -33 -68 0
42 -66 0
21 -22 39 0
53 -54 61 0
27 -69 -78 0
3 -48 58 0
-45 -68 78 0
18 -66 -69 0
21 33 69 0
-54 -69 -84 0
-6 -44 -75 0
30 -52 64 0
9 -55 80 0
-34 -39 -83 0
-14 38 54 0
-11 -82 0
-42 48 -84 0
29 40 51 0
64 74 85 0
24 -67 82 0
32 -61 0
-18 -31 -44 0
20 -37 40 0
-21 70 -88 0
-22 -42 57 0
24 -61 0
3 -7 43 0
-12 35 83 0
10 -37 45 0
32 -47 -82 0
53 68 -69 0
-5 -51 0
45 77 -89 0
56 63 66 0
5 16 77 0
26 61 -87 0
19 -44 -71 0
2 34 -58 0
-23 41 -69 0
54 -66 74 0
16 -33 -43 0
3 -22 57 0
-16 -27 -68 0
-7 14 36 0
-57 65 85 0
8 49 0
4 -63 83 0
53 -60 85 0
-60 72 -82 0
-13 39 81 0
48 -76 0
-4 20 88 0
-5 54 86 0
-41 -50 -79 0
61 -79 0
-55 63 81 0
15 -17 0
18 60 77 0
-65 -79 0
-13 35 90 0
-75 76 0
15 -30 78 0
26 -37 -68 0
-25 -41 -82 0
-58 -79 0
16 -33 65 0
-51 76 -83 0
-19 72 0
13 20 52 0
6 50 60 0
-19 -72 -75 0
23 27 -45 0
-62 -84 -89 0
-17 -59 80 0
15 -25 -27 0
-15 41 63 0
-9 21 -49 0
29 -44 83 0
-6 83 0
42 -45 -87 0
51 -56 86 0
-21 54 69 0
-54 73 79 0
14 64 0
-4 24 0
-38 55 0
-25 -30 -36 0
14 22 0
-23 -25 46 0
30 42 0
11 39 88 0
-37 -77 90 0
2 18 39 0
-32 42 -90 0
-5 78 -87 0
20 23 -82 0
-1 40 -60 0
2 -35 38 0
-8 -18 -84 0
-32 40 47 0
36 62 69 0
-52 -61 73 0
53 -67 90 0
14 26 75 0
-18 20 68 0
-23 58 0
-20 -48 88 0
-42 61 70 0
-11 78 0
-43 -46 56 0
45 -46 -63 0
-2 -58 -67 0
-6 10 -54 0
-16 -40 -63 0
-23 58 -74 0
-29 46 82 0
-45 73 -83 0
4 -35 -46 0
3 65 71 0
-23 48 -89 0
8 -46 -51 0
-2 11 39 0
-4 59 72 0
-3 57 -88 0
-36 -81 -89 0
31 -74 81 0
68 83 88 0
-32 35 58 0
20 -28 30 0
6 -70 -90 0
-42 -72 85 0
-39 -70 80 0
-31 42 62 0
3 -38 -62 0
1 -4 -21 0
-2 52 -59 0
14 -18 -69 0
-27 41 49 0
20 58 0
26 38 0
12 42 -44 0
28 75 0
63 65 66 0
16 -40 56 0
-29 -39 49 0
-3 -27 -58 0
-7 56 78 0
18 -41 82 0
-6 -70 81 0
-10 29 0
-19 20 0
15 80 -84 0
-9 -46 -71 0
18 -52 -60 0
-2 20 -86 0
-6 35 37 0
40 -46 -72 0
-27 -45 55 0
-45 -51 -80 0
1 -28 0
2 -7 -71 0
-53 -64 0
-22 30 0
22 26 -55 0
-1 -15 19 0
-50 57 -82 0
-1 -29 46 0
10 -15 59 0
17 25 61 0
-51 -56 0
-17 -32 -43 0
-26 -31 0
21 59 79 0
65 -69 -84 0
19 76 -89 0
2 -56 -86 0
3 7 0
22 -70 -88 0
-12 75 0
-9 20 28 0
-62 84 86 0
-25 40 -86 0
29 -53 0
-56 -75 77 0
30 46 -79 0
3 -25 87 0
20 53 -67 0
-69 77 -89 0
-44 -62 -69 0
47 -57 0
-3 -5 -47 0
-56 73 0
20 21 53 0
18 37 -46 0
52 -75 0
-28 30 -71 0
-32 -84 0
-58 68 -85 0
27 30 -62 0
21 39 -71 0
43 63 -84 0
43 -61 69 0
-3 18 -36 0
9 26 83 0
-3 7 -52 0
49 78 -82 0
-14 32 0
19 -44 -51 0
-37 63 -77 0
-6 -10 -54 0
29 76 0
7 64 -86 0
-16 63 -76 0
-24 -43 -44 0
-1 19 -28 0
20 -78 0
-27 -67 -80 0
48 51 85 0
-40 52 0
-29 48 66 0
34 -59 76 0
27 52 64 0
-16 -38 -88 0
-7 43 -68 0
-1 -35 68 0
-42 62 88 0
57 -74 0
-10 73 0
-16 54 56 0
-45 76 83 0
-37 80 0
-3 -60 -65 0
25 -52 86 0
-2 45 -50 0
31 -41 -60 0
-29 46 -57 0
-44 67 72 0
9 -81 0
-3 81 88 0
-2 -50 60 0
22 43 -74 0
38 52 -73 0
-54 -61 64 0
64 67 -82 0
16 -22 31 0
6 -43 86 0
17 49 -84 0
-38 69 84 0
17 -63 -86 0
-35 -52 57 0
6 -33 -45 0
-14 -28 44 0
-54 59 63 0
-33 41 0
28 -53 -78 0
3 -71 -73 0
-23 50 0
-11 72 78 0
18 26 90 0
-60 -67 -79 0
-7 -24 -77 0
-35 -62 -76 0
-13 -60 -64 0
-41 -58 -74 0
18 -80 0
-1 21 0
-25 -54 -85 0
2 90 0
22 -33 -89 0
-5 -12 43 0
-67 -70 83 0
10 23 -30 0
9 -36 -53 0
-19 -26 59 0
-29 44 -58 0
36 -37 57 0
19 25 -62 0
27 32 61 0
5 40 71 0
4 -47 -80 0
56 58 -61 0
-5 48 -72 0
34 56 66 0
-15 -39 68 0
-23 -60 -71 0
-4 -54 -64 0
3 -24 -70 0
47 86 0
32 -67 -72 0
44 -45 -59 0
-19 41 -66 0
-8 -70 -74 0
-20 -39 88 0
-3 -70 76 0
