p cnf 95 372
27 -51 88 0
2 -16 -64 0
45 67 -81 0
10 56 -72 0
-19 75 87 0
-26 -72 -89 0
77 -79 -94 0
48 -61 -67 0
73 75 82 0
-5 -18 -64 0
23 -77 0
-2 18 86 0
-4 -65 -77 0
-36 62 -63 0
27 -43 -63 0
33 -37 47 0
14 31 -81 0
5 73 -94 0
13 36 -58 0
-43 -72 88 0
-16 -42 74 0
14 -26 94 0
-11 -58 76 0
24 57 88 0
39 -65 -88 0
-14 -75 -79 0
-23 55 75 0
-20 -54 -90 0
63 77 95 0
-74 -79 82 0
-4 16 66 0
8 35 -85 0
54 68 -76 0
25 -84 -89 0
40 71 78 0
4 19 -41 0
-21 40 41 0
-13 74 -81 0
-7 -15 -37 0
-2 -26 28 0
-46 -57 79 0
36 76 84 0
-59 74 0
-12 34 -59 0
3 32 -50 0
52 -77 -84 0
-48 -71 -95 0
44 -47 -86 0
-25 88 92 0
-22 55 -81 0
29 50 -91 0
-40 48 -77 0
-23 61 92 0
-36 -68 95 0
-5 50 -93 0
3 -7 -77 0
-8 14 61 0
-11 -66 76 0
-28 -78 -93 0
10 27 -72 0
24 48 50 0
24 -42 84 0
26 45 -67 0
-16 -59 92 0
22 70 -73 0
9 13 -18 0
-5 43 50 0
-7 23 -53 0
-22 -49 -76 0
26 -31 -35 0
15 80 -90 0
47 -84 -94 0
23 -45 -74 0
-28 -30 49 0
48 66 94 0
-25 -37 59 0
63 -66 95 0
30 40 -60 0
6 27 31 0
-20 -23 -37 0
-16 77 87 0
-12 -38 -49 0
18 26 -27 0
-44 50 -82 0
1 -8 26 0
8 68 -82 0
-24 -46 -90 0
23 -26 84 0
-12 -63 -73 0
-13 44 -65 0
15 33 0
-26 -49 -65 0
3 6 40 0
-14 -21 29 0
-62 82 92 0
12 -42 -82 0
-76 89 -91 0
-43 -52 53 0
-15 -69 95 0
26 61 78 0
-13 38 -86 0
-6 10 0
19 25 75 0
-51 66 90 0
-61 -65 93 0
23 41 64 0
-29 -56 -64 0
8 -34 -80 0
11 -14 33 0
9 30 -62 0
-5 37 -67 0
-71 -84 86 0
4 -53 -57 0
-15 62 -89 0
50 -62 -93 0
17 -62 86 0
-38 59 70 0
3 -18 56 0
-16 53 -59 0
82 -83 89 0
49 52 -64 0
1 4 -50 0
38 49 -88 0
41 57 -84 0
5 16 -36 0
26 -58 59 0
8 14 -47 0
-53 -76 95 0
12 -13 64 0
6 31 -32 0
25 -64 76 0
51 -70 -90 0
-49 62 74 0
75 -84 -94 0
17 -37 39 0
28 43 76 0
4 -27 60 0
-6 34 -36 0
20 -60 81 0
7 -55 86 0
5 -32 80 0
6 -10 39 0
-43 48 -54 0
26 30 -62 0
13 41 85 0
14 -17 45 0
11 14 49 0
1 66 -70 0
-10 31 -36 0
38 71 -84 0
-57 59 91 0
-70 -91 -93 0
-19 22 40 0
-21 -73 -74 0
-48 60 -82 0
8 -31 -52 0
39 -43 -82 0
-3 -41 84 0
44 56 60 0
40 -49 53 0
13 29 -33 0
18 54 57 0
25 39 80 0
-5 -32 -59 0
-33 41 85 0
-29 41 -43 0
-40 48 -86 0
31 55 78 0
84 -89 90 0
-35 53 -94 0
-32 -39 40 0
-41 -75 79 0
45 86 87 0
-54 -59 84 0
6 -57 80 0
-15 -56 57 0
-29 -52 -68 0
-41 58 76 0
-11 -19 -29 0
-50 -65 -80 0
-29 82 0
56 -76 91 0
15 -51 -75 0
15 40 94 0
-47 -62 0
-11 42 -68 0
9 26 -81 0
6 43 -65 0
2 -73 -90 0
-64 78 -89 0
-17 53 -60 0
4 -70 83 0
-9 62 -89 0
6 18 45 0
-41 47 65 0
56 60 71 0
2 -21 -28 0
-17 20 85 0
10 -60 -73 0
-4 -32 -75 0
2 -44 -50 0
-3 38 42 0
-20 -21 -66 0
-3 -29 -53 0
53 -58 69 0
-7 -38 70 0
63 -69 87 0
30 -81 -89 0
-13 22 38 0
-8 13 -75 0
-4 47 0
2 -38 63 0
-18 -54 0
23 30 56 0
3 58 -68 0
20 54 64 0
17 -27 -44 0
13 -76 0
13 33 39 0
-52 -59 91 0
61 75 0
5 -14 -41 0
-17 -32 -89 0
75 -81 82 0
-5 -8 39 0
-53 -65 -77 0
-20 56 82 0
-4 18 66 0
-28 -61 84 0
11 -12 -28 0
46 48 -76 0
38 55 -67 0
-26 -75 -84 0
1 -17 -89 0
-26 68 -72 0
7 -19 57 0
-21 33 -73 0
-5 -45 66 0
-11 14 24 0
-5 -28 52 0
-9 46 69 0
14 -73 85 0
-14 -26 -29 0
17 -43 91 0
-26 31 82 0
-23 28 44 0
-5 -55 65 0
23 31 -94 0
17 -21 -47 0
-7 66 74 0
-3 54 91 0
-51 -61 0
5 35 46 0
37 -63 75 0
-53 77 -78 0
-6 35 -38 0
-2 -28 48 0
-6 24 86 0
-9 78 80 0
-18 -55 65 0
13 -32 89 0
26 -61 64 0
-4 8 0
6 -28 51 0
80 -89 0
46 61 76 0
-35 45 -54 0
16 -22 63 0
-22 53 -84 0
6 30 89 0
6 -15 -47 0
46 57 -70 0
-22 34 -36 0
-7 -19 42 0
1 22 74 0
-11 -46 -74 0
-26 -50 86 0
57 -63 0
40 43 -94 0
-11 -60 74 0
-71 91 94 0
14 27 -81 0
-44 -75 -93 0
21 89 0
37 75 -90 0
54 66 70 0
1 73 -83 0
-47 -66 0
4 27 66 0
14 -60 -81 0
18 61 -66 0
-44 46 90 0
76 -87 -92 0
-9 67 74 0
18 -38 -79 0
-6 -73 81 0
-28 -29 46 0
31 69 -87 0
-7 19 -20 0
-45 -66 -71 0
17 82 -84 0
9 -49 -63 0
-29 -73 -88 0
-2 6 15 0
-36 41 68 0
-1 -45 94 0
11 20 -72 0
17 -24 72 0
65 -72 93 0
-27 60 -81 0
-82 -84 -90 0
-22 54 89 0
-2 19 -56 0
-23 47 -91 0
-1 30 53 0
-76 -82 -86 0
2 -6 23 0
-70 -87 -92 0
14 74 88 0
-33 81 88 0
2 -65 0
1 59 -95 0
5 28 30 0
3 -15 21 0
-3 5 9 0
14 49 -65 0
-57 82 -86 0
15 22 48 0
-11 -14 55 0
-17 25 -29 0
53 93 0
7 56 0
-28 71 77 0
-43 -65 -67 0
-49 -59 78 0
8 -41 -75 0
14 17 -27 0
32 -68 75 0
6 -38 -92 0
-48 80 82 0
16 -25 -61 0
48 -49 93 0
-15 -93 0
-20 -46 48 0
-24 35 -89 0
-1 26 64 0
6 14 -39 0
-15 -39 0
-77 -78 -85 0
-17 31 -36 0
-9 28 56 0
67 76 94 0
3 -64 -68 0
-22 -27 0
32 -53 61 0
-8 -15 -92 0
12 18 36 0
-3 8 -76 0
1 -86 -93 0
-18 -34 -45 0
-50 -62 85 0
-34 51 -90 0
4 6 95 0
47 -49 92 0
6 30 0
21 75 93 0
-20 -38 49 0
-14 89 94 0
-6 -27 82 0
-6 -55 73 0
29 -72 75 0
5 -39 -46 0
