p cnf 71 228
24 25 47 0
9 37 38 0
-3 -6 -41 0
-6 -55 61 0
23 -32 -67 0
22 43 0
-31 -56 0
-26 -41 0
-37 -51 0
16 -62 64 0
-8 -12 46 0
-15 44 -52 0
6 7 -13 0
-26 -33 0
-26 27 71 0
12 16 0
8 -17 35 0
8 -9 19 0
-29 46 0
14 -32 71 0
2 63 70 0
21 -67 0
24 -43 54 0
1 -29 -44 0
-30 35 0
17 -38 -69 0
5 25 56 0
-12 -18 -34 0
11 56 70 0
45 -47 -55 0
-8 10 20 0
11 -31 57 0
-25 -61 66 0
-34 -64 0
32 37 -57 0
-26 58 71 0
-42 -43 0
16 21 -47 0
-22 62 0
-2 28 -56 0
19 36 59 0
-5 -8 54 0
25 -29 -38 0
-26 -67 0
12 50 0
48 49 0
7 10 59 0
10 -26 40 0
18 -36 68 0
-24 -50 70 0
34 -38 0
10 -34 60 0
-26 -70 0
6 -10 32 0
10 22 -48 0
27 -30 -57 0
39 -56 0
-23 30 71 0
-10 53 0
35 -68 0
18 -59 -69 0
51 -57 0
-50 52 -58 0
18 71 0
11 -29 44 0
-6 -24 57 0
-38 -48 0
34 38 0
1 37 46 0
-53 -54 66 0
-1 -17 0
13 -20 0
19 31 -52 0
-24 59 0
-38 40 -51 0
10 68 -70 0
40 48 0
12 -14 22 0
37 59 0
11 -22 43 0
9 -49 65 0
36 -49 62 0
24 44 57 0
-16 -26 -32 0
-35 -51 55 0
16 -57 0
-11 -30 54 0
16 -47 0
4 34 0
20 -26 66 0
-6 -13 -66 0
18 -33 -61 0
16 39 56 0
-39 62 0
2 49 -51 0
-10 -48 0
29 41 -62 0
-10 15 58 0
34 -37 0
18 -56 57 0
3 43 -62 0
17 -54 0
17 -38 -57 0
50 -66 0
15 -20 31 0
-4 36 0
13 24 -62 0
16 37 64 0
-7 -43 -62 0
-61 -70 0
8 43 -71 0
-7 -60 0
66 -70 0
-1 45 0
13 35 48 0
-3 -18 54 0
23 -56 0
-8 -69 0
12 -19 21 0
41 -57 -67 0
13 -31 -32 0
11 -65 -66 0
-7 45 -54 0
-16 45 71 0
32 63 -64 0
5 6 24 0
-18 62 67 0
-4 26 -69 0
7 8 -29 0
25 61 69 0
-38 -52 -66 0
17 -20 0
19 63 -70 0
42 65 0
25 -34 0
13 -61 0
34 45 0
-11 -38 0
54 56 0
-57 64 0
-4 -22 46 0
4 19 54 0
31 -60 0
20 62 -70 0
-27 -50 0
-8 -10 0
-13 -67 68 0
-8 22 40 0
-23 29 -31 0
-1 37 -70 0
8 -19 37 0
13 -27 0
59 67 0
25 58 0
29 -57 -64 0
-3 9 0
-5 38 57 0
-39 41 70 0
-26 -48 -64 0
2 -30 54 0
10 -15 19 0
25 36 0
-29 30 -43 0
-53 -62 67 0
-34 43 71 0
-10 20 32 0
-45 55 61 0
-3 14 -50 0
28 -35 37 0
23 -68 -69 0
14 -23 0
15 -48 -59 0
-16 55 0
24 -36 59 0
4 13 -32 0
4 -12 -45 0
-50 70 0
-32 60 0
2 -10 37 0
-22 59 -66 0
14 36 -65 0
6 -40 64 0
7 8 26 0
3 44 -46 0
-16 -50 67 0
-26 -61 69 0
-3 -17 42 0
12 -23 45 0
5 -63 0
23 55 -56 0
-12 28 66 0
-17 -50 0
-34 -35 -54 0
1 -19 54 0
53 68 0
32 44 0
-21 52 55 0
-6 24 0
-58 60 -63 0
-26 -52 58 0
-18 -31 64 0
-25 70 0
-28 -68 0
-48 54 67 0
2 -38 0
33 -40 69 0
-2 -11 -38 0
8 54 -71 0
-53 -57 66 0
43 65 0
-6 -7 -47 0
-9 40 0
3 -22 32 0
-35 47 55 0
17 31 -63 0
-26 -44 0
4 30 51 0
28 -58 0
13 47 -68 0
-28 39 -47 0
18 -47 49 0
24 46 64 0
17 32 48 0
9 44 0
-12 -60 0
23 29 0
8 15 0
25 63 0
