p cnf 81 291
6 -18 -57 0
-14 -31 81 0
27 45 56 0
17 56 57 0
9 37 72 0
-4 31 -67 0
8 -31 -41 0
-31 -40 81 0
-8 -34 43 0
9 -48 -79 0
21 32 36 0
-54 63 70 0
-58 73 -75 0
5 26 76 0
33 50 0
-19 25 56 0
-12 -26 0
11 27 0
38 41 0
-53 -70 76 0
-23 28 35 0
6 -19 25 0
-40 45 -71 0
20 41 -54 0
-13 -36 51 0
51 -59 0
-7 12 14 0
-14 -36 -62 0
49 -63 0
-8 23 -64 0
-24 -25 -47 0
-2 -40 54 0
13 -49 50 0
31 52 -81 0
-14 -43 72 0
17 -36 50 0
-23 -43 -58 0
-13 -24 55 0
11 -23 -74 0
-37 -46 0
25 -28 -37 0
18 21 -27 0
37 57 0
-54 -64 -65 0
1 -25 -44 0
-28 -50 -76 0
-3 18 -79 0
22 -42 45 0
-17 -21 63 0
-21 -42 0
24 -52 -79 0
12 -15 58 0
17 48 61 0
4 -12 -39 0
45 70 -81 0
-5 -32 67 0
-2 -37 -38 0
7 23 -34 0
38 52 -80 0
-8 -30 37 0
-53 73 0
14 -20 -54 0
22 -44 -61 0
7 51 55 0
24 34 44 0
-21 56 76 0
6 57 69 0
39 -52 0
34 -71 80 0
7 29 0
5 65 0
21 24 -29 0
1 24 75 0
-7 15 61 0
-5 -24 51 0
51 60 -69 0
-32 -47 78 0
-35 52 81 0
27 33 -46 0
11 -31 -37 0
16 35 58 0
2 -6 -24 0
46 -54 0
17 -40 -49 0
-8 24 27 0
-6 44 -72 0
25 31 -38 0
6 10 -18 0
-4 -53 -76 0
5 -32 -52 0
-15 -37 -59 0
-2 -39 56 0
-9 -30 0
-5 10 79 0
3 -26 -62 0
17 -31 75 0
5 36 -53 0
-56 60 -74 0
-33 -66 0
-16 42 0
34 -43 -46 0
-23 -35 55 0
1 -20 -31 0
6 -37 49 0
-13 -31 64 0
-1 -18 81 0
-18 -48 -73 0
18 -33 -46 0
-13 72 0
-16 72 -79 0
-20 -45 80 0
-8 -32 -60 0
20 67 0
-4 -18 -51 0
-72 75 0
26 50 -62 0
-35 36 81 0
-43 45 0
-19 -24 -36 0
-10 62 0
2 -53 55 0
40 54 -69 0
-28 -49 -65 0
7 -38 70 0
8 -16 37 0
-12 -13 25 0
29 -70 0
14 -23 -77 0
-1 21 -67 0
13 26 54 0
-17 36 -39 0
-1 3 10 0
19 -45 54 0
15 22 50 0
18 30 38 0
-42 -54 68 0
8 22 36 0
51 60 0
-1 -3 73 0
-34 -55 -72 0
-21 48 77 0
6 69 -70 0
-11 37 -54 0
-37 -81 0
-32 61 -76 0
-36 -37 -67 0
-37 -51 0
11 50 -75 0
37 39 -55 0
-74 80 0
31 58 63 0
6 39 -68 0
30 -51 63 0
23 -57 62 0
-20 44 56 0
-1 18 -32 0
-14 17 40 0
46 -59 0
-3 -8 -50 0
3 57 71 0
-30 -45 72 0
-52 64 0
-3 12 -77 0
-22 -44 0
-43 -75 0
10 -12 -70 0
34 -50 52 0
-28 64 81 0
-38 -74 0
-4 -40 78 0
-39 68 -77 0
-5 -40 59 0
-29 -62 80 0
-38 -58 -80 0
-28 -59 64 0
-48 57 58 0
10 -79 0
-18 -73 -77 0
-12 43 -48 0
-10 -19 74 0
-56 -69 -75 0
-28 -36 -43 0
-38 75 0
-44 75 0
23 59 0
6 -14 0
-21 34 0
-29 -49 -77 0
10 -59 0
45 -65 0
-19 -56 74 0
2 24 -53 0
-22 36 0
-13 -26 69 0
-21 33 75 0
5 21 54 0
3 -44 50 0
2 -10 -47 0
18 38 -42 0
11 16 62 0
-26 -56 70 0
-50 72 80 0
-33 -52 -71 0
56 -63 81 0
17 19 -28 0
12 -29 71 0
-31 -42 73 0
-61 -67 0
-24 36 0
1 -67 0
34 37 0
10 -11 -35 0
25 -66 0
-32 68 0
13 -51 55 0
-22 -37 0
-28 43 -71 0
73 -75 -79 0
-1 -7 -78 0
-26 27 -74 0
13 54 81 0
22 -34 0
-31 -60 79 0
47 -63 -78 0
3 55 0
-30 -33 34 0
37 -67 -78 0
22 25 0
-15 18 -57 0
19 -37 -57 0
-2 68 72 0
-40 -50 63 0
-34 49 50 0
13 18 -22 0
-22 31 -48 0
12 -71 0
-64 -76 0
9 19 -33 0
7 69 0
17 29 -70 0
-10 57 0
-1 18 -67 0
28 -81 0
-5 -13 -59 0
15 -42 -51 0
-15 21 -62 0
35 -60 -78 0
34 35 56 0
30 -35 73 0
9 -65 -69 0
16 63 -64 0
42 71 72 0
-26 53 55 0
-29 -36 -38 0
1 4 -25 0
-36 -38 51 0
-3 75 0
-5 7 -46 0
-25 45 49 0
-3 11 0
-8 71 0
-32 -49 67 0
12 15 71 0
-56 -66 -67 0
45 -64 -78 0
-48 54 64 0
-15 -51 77 0
2 -13 62 0
26 -77 0
-37 42 -61 0
9 -15 -69 0
-10 -70 -79 0
-55 -72 -78 0
-74 -76 0
11 22 32 0
1 -16 -23 0
-46 63 65 0
-37 61 0
34 49 -69 0
-9 -45 -55 0
2 37 -42 0
47 48 0
50 54 -76 0
-12 -41 0
2 -26 -52 0
-40 -51 66 0
7 61 0
56 65 0
51 -78 0
-34 59 -68 0
1 -62 0
