p cnf 88 326
34 -49 73 0
25 81 0
1 -8 -14 0
-37 60 62 0
-31 -61 -86 0
42 -78 -84 0
-46 63 82 0
-19 42 -65 0
19 -54 82 0
7 -34 73 0
-12 40 82 0
5 -19 42 0
26 -40 -86 0
21 -47 70 0
29 -32 41 0
-48 58 -63 0
1 13 59 0
-27 -79 0
3 -46 62 0
-12 66 83 0
-2 12 61 0
-28 -42 -47 0
25 -40 -44 0
-51 -82 88 0
59 75 0
-1 36 -67 0
28 -29 44 0
57 -86 0
23 26 80 0
27 -46 -54 0
6 -12 0
-13 -67 -71 0
-9 68 -78 0
-2 16 -26 0
8 -21 87 0
15 -50 87 0
-48 -69 81 0
-23 -40 -66 0
-35 -36 78 0
16 -35 -54 0
-5 19 -44 0
-25 38 -71 0
-1 -19 -53 0
-7 62 0
-24 -41 -80 0
-35 66 0
20 32 0
-10 56 86 0
-30 60 -64 0
-4 17 71 0
-7 -19 88 0
-12 39 -56 0
43 47 -78 0
-42 -54 -75 0
6 -15 -78 0
46 75 0
36 -78 0
-6 57 -77 0
25 45 60 0
18 -26 -60 0
-2 -46 63 0
36 82 0
36 37 79 0
-38 41 -67 0
10 -31 -64 0
-10 -31 -40 0
-13 -37 87 0
44 -45 84 0
-29 -80 -84 0
9 -37 -67 0
34 71 0
-54 -70 83 0
-30 -59 88 0
3 -37 74 0
15 68 0
-24 70 73 0
-31 -59 80 0
-6 -57 -60 0
34 -52 55 0
-2 39 -55 0
-28 -35 44 0
-15 -24 -75 0
-14 -69 -88 0
-60 -72 -77 0
50 72 -73 0
-31 45 72 0
-46 -51 64 0
25 -47 -80 0
-7 -15 72 0
2 66 -76 0
13 -33 38 0
-45 -60 82 0
-59 -68 -80 0
-28 43 75 0
22 -27 68 0
3 -19 29 0
61 -69 0
-21 34 0
-5 26 75 0
38 75 0
-27 47 0
15 -79 -83 0
47 73 76 0
-30 35 0
-46 -62 67 0
-14 -40 -64 0
-27 38 72 0
-4 51 -87 0
10 12 -77 0
11 -58 85 0
-21 -45 -74 0
-20 68 87 0
-1 46 -47 0
-2 -29 -78 0
15 -46 -63 0
3 -10 0
5 8 27 0
53 64 71 0
-14 -15 -65 0
29 41 58 0
-43 -69 0
-4 45 67 0
7 28 0
27 50 -84 0
70 72 78 0
10 -38 -81 0
-32 34 -50 0
11 -16 -20 0
1 11 -17 0
-14 -39 -40 0
-52 -55 74 0
-51 -75 -79 0
11 24 73 0
24 -65 -78 0
-8 51 84 0
39 77 81 0
-3 -16 -88 0
-14 -69 -84 0
-36 -81 0
21 -22 0
18 -66 -85 0
30 -58 -66 0
7 -35 -69 0
26 -69 -70 0
-36 60 65 0
-7 -38 86 0
15 -29 -64 0
12 68 -86 0
14 -27 81 0
31 -36 -42 0
-11 26 50 0
-26 30 -60 0
-22 42 0
16 32 -49 0
-61 64 -84 0
44 -45 83 0
58 63 71 0
-5 -53 55 0
37 39 84 0
-12 -15 42 0
2 11 -72 0
-27 -37 40 0
-4 -57 -59 0
39 -48 53 0
17 -23 -80 0
-17 -48 52 0
16 -42 80 0
-19 79 0
-6 19 20 0
-36 -42 68 0
17 -40 64 0
19 -77 -81 0
1 25 -73 0
-7 16 69 0
-10 -11 -12 0
30 -84 0
44 -45 -59 0
-34 38 -47 0
-3 -55 64 0
23 -39 58 0
29 79 80 0
-11 14 67 0
-14 -42 -43 0
-10 55 -61 0
-17 -34 -37 0
-27 -36 -49 0
39 -40 -59 0
-72 77 0
5 -11 75 0
9 -23 63 0
25 32 52 0
23 42 -75 0
-53 56 -80 0
-22 -30 -85 0
54 79 86 0
-21 31 -44 0
25 41 -56 0
2 -33 84 0
33 -51 -88 0
16 -52 -74 0
16 -18 -46 0
37 40 77 0
-5 51 0
38 -40 -63 0
27 -47 63 0
44 48 -80 0
-35 -52 0
1 -40 -63 0
31 49 -68 0
-35 -81 87 0
49 -52 -75 0
13 -26 85 0
-6 -44 67 0
2 -51 0
-10 64 75 0
-12 -31 66 0
10 22 -25 0
-18 31 -41 0
-13 37 41 0
-8 52 -70 0
3 20 0
38 47 -81 0
57 -67 71 0
1 17 -56 0
16 -47 -51 0
21 37 -81 0
18 31 -36 0
6 29 54 0
-10 26 -75 0
7 -50 -57 0
-47 53 70 0
43 -58 0
5 6 9 0
17 27 66 0
10 -51 -68 0
20 51 -72 0
-7 22 -87 0
28 -33 -52 0
-23 -66 -78 0
9 -22 -65 0
-7 32 67 0
23 -31 -83 0
-13 -61 0
-6 -18 -87 0
-47 78 -84 0
-27 -29 62 0
49 53 -73 0
-35 40 -71 0
27 71 88 0
-5 45 0
8 -54 58 0
-10 -34 0
-2 -7 0
-3 16 48 0
44 -70 86 0
6 12 -27 0
-7 44 58 0
30 36 -40 0
-6 -27 0
14 -69 -84 0
-5 -38 83 0
-43 57 0
71 87 0
-15 -39 59 0
13 -56 61 0
13 -64 83 0
14 -25 36 0
12 33 54 0
-58 -88 0
-38 56 -74 0
-47 -48 50 0
-20 29 -60 0
-1 29 0
10 66 -69 0
-41 76 0
-1 -47 -63 0
19 -35 43 0
-55 59 -71 0
33 -38 69 0
-19 68 70 0
74 -85 0
-28 -29 -35 0
3 5 0
-29 52 78 0
-24 40 -75 0
17 57 0
1 24 53 0
73 -82 0
32 74 80 0
55 67 76 0
16 45 73 0
-14 -21 -74 0
-29 32 -73 0
-34 53 0
28 -86 88 0
5 36 0
-20 -29 -57 0
30 -84 0
18 -31 40 0
-14 51 52 0
-15 -17 -60 0
54 65 78 0
-11 -29 -70 0
-3 -16 -78 0
-9 13 71 0
6 -74 83 0
-55 -71 79 0
-1 50 -56 0
-17 -27 -70 0
-20 67 -77 0
-30 48 62 0
-23 44 -50 0
-9 18 -62 0
-16 -68 0
-12 -13 19 0
18 -55 -71 0
-12 -55 -81 0
43 58 -68 0
-37 54 -57 0
59 -63 88 0
21 44 -68 0
-21 -23 62 0
-46 83 0
-38 84 0
9 58 -74 0
-18 31 45 0
