p cnf 87 312
-4 23 35 0
-23 31 44 0
-29 34 -71 0
39 63 82 0
59 64 -87 0
18 28 -60 0
-32 -44 56 0
28 -66 0
1 -39 -43 0
23 69 86 0
56 62 0
-21 -24 -56 0
51 -53 0
17 -28 -44 0
-31 -47 85 0
-5 -31 -78 0
-12 -14 0
-26 36 -70 0
6 53 -77 0
35 59 0
-3 -34 0
-2 5 -43 0
-25 -52 -87 0
-3 -26 -60 0
2 -6 56 0
-36 48 -59 0
63 78 0
-9 -10 38 0
-50 51 0
45 -69 0
-5 19 -81 0
-63 -75 0
22 34 0
4 -41 66 0
21 26 77 0
-52 63 66 0
-32 -85 0
5 62 0
44 -52 0
10 -36 0
-29 31 41 0
-1 57 76 0
-1 -37 53 0
7 -43 0
62 -75 83 0
47 -55 -64 0
41 58 59 0
-59 -65 -70 0
-4 -83 0
-19 -71 0
-20 -25 59 0
-12 33 53 0
38 -54 -67 0
21 65 -83 0
-2 4 80 0
22 -45 0
11 13 54 0
34 -78 81 0
9 -48 -56 0
26 44 0
-40 -64 0
-49 53 0
-51 68 -75 0
-4 -30 69 0
6 -10 70 0
10 -43 -62 0
7 16 24 0
47 -53 75 0
-16 58 61 0
-50 55 78 0
-64 -66 78 0
-18 51 76 0
20 24 -64 0
15 -32 0
15 -73 -85 0
-17 45 -83 0
13 79 0
-15 -27 55 0
20 60 68 0
-2 -40 -73 0
-71 -78 -81 0
-44 76 -86 0
18 -45 -82 0
-55 62 -77 0
34 72 -83 0
19 50 -69 0
-25 -28 0
-17 46 -47 0
-4 10 -36 0
-54 -57 78 0
5 23 -25 0
40 50 0
20 57 80 0
-52 71 85 0
-19 25 30 0
-32 -45 -62 0
-34 -72 -76 0
13 -52 0
11 -16 -78 0
22 -42 -73 0
-1 3 57 0
6 58 0
12 17 -18 0
-24 -51 0
13 53 66 0
-50 69 -86 0
-27 53 -58 0
44 -53 0
57 -64 -86 0
36 -74 84 0
-42 55 0
-17 45 0
-42 56 0
-58 -62 -64 0
47 -60 -63 0
-7 11 46 0
7 -47 56 0
-35 43 -53 0
13 -41 42 0
-39 -45 0
19 -53 -86 0
12 47 -87 0
-49 57 -58 0
-3 6 -14 0
-28 46 87 0
6 -29 -46 0
15 27 34 0
-5 29 -56 0
-36 -58 -74 0
-32 48 -58 0
12 55 -68 0
-3 -66 68 0
31 63 -69 0
33 61 79 0
-9 -10 19 0
7 -36 -52 0
-62 70 -84 0
49 75 -87 0
5 59 -71 0
15 84 0
23 -29 36 0
17 -47 84 0
22 46 -74 0
-75 77 0
14 -40 -73 0
3 -71 87 0
-25 38 54 0
-45 -55 62 0
27 -32 44 0
2 14 78 0
-53 -78 0
4 -21 28 0
63 86 0
6 -60 70 0
12 -27 -67 0
-23 61 0
-5 -36 0
-70 79 86 0
-43 64 85 0
54 80 0
-37 -55 0
-33 -36 0
-31 -37 -64 0
-2 44 67 0
-26 -38 -41 0
31 -49 -69 0
-61 72 73 0
10 -11 87 0
-38 45 -51 0
4 -16 0
84 -86 0
-18 -55 -77 0
-29 -32 -37 0
13 24 -36 0
8 -16 23 0
-3 -13 -22 0
21 -57 63 0
24 -42 0
-41 -60 81 0
-32 41 82 0
-8 -20 0
-9 -28 0
5 29 37 0
-2 -49 -58 0
-36 66 0
24 40 51 0
43 64 69 0
-33 50 52 0
16 -38 64 0
8 -86 0
-24 -25 0
-21 -49 51 0
-15 -16 -54 0
-15 -39 87 0
-9 -18 -85 0
-10 -45 -49 0
7 -66 -70 0
13 -20 -24 0
24 -48 0
-1 -40 0
-4 41 43 0
-14 45 87 0
-8 -12 -15 0
-14 -50 -62 0
23 25 46 0
20 27 -83 0
33 -75 0
-19 45 -81 0
46 47 65 0
25 47 82 0
9 -32 0
-20 32 68 0
-2 15 49 0
17 18 -30 0
-10 15 -16 0
-9 73 -77 0
-1 -6 34 0
28 43 77 0
-18 72 86 0
54 75 0
-3 15 -55 0
10 43 -85 0
14 17 0
17 -30 86 0
-24 -67 0
-9 -14 -15 0
-18 25 -57 0
-10 37 -61 0
-11 -34 39 0
-29 86 0
-9 38 -46 0
-11 -41 -53 0
-17 -21 61 0
-1 32 -78 0
25 48 55 0
-39 -44 61 0
-3 85 0
-4 -49 73 0
71 -87 0
20 24 -75 0
-7 -17 -40 0
8 72 0
-18 -52 -65 0
-39 -80 0
-54 86 87 0
-34 51 60 0
-60 66 -80 0
-8 -9 14 0
2 -13 69 0
-7 10 -24 0
23 -36 72 0
11 38 -40 0
-1 -3 0
-26 -44 55 0
-17 42 66 0
-39 54 -87 0
46 -51 -52 0
13 -32 -76 0
50 56 0
-76 79 80 0
-9 47 54 0
-24 -54 61 0
47 48 -69 0
-8 46 49 0
-30 61 0
4 -15 32 0
18 39 -54 0
-2 -4 43 0
-64 -67 -83 0
-49 71 -76 0
57 61 66 0
-20 -68 0
58 66 86 0
-22 31 45 0
-13 -21 49 0
-23 26 -31 0
19 35 54 0
-55 62 87 0
20 31 -60 0
-22 -66 0
-12 22 -55 0
1 -4 13 0
37 -74 77 0
-1 -9 11 0
13 24 39 0
-3 44 0
-28 -45 0
-9 -44 49 0
25 26 0
-6 -18 -64 0
-36 -68 0
-31 57 83 0
6 38 -65 0
-3 9 -13 0
42 78 83 0
21 -22 -52 0
-6 47 -75 0
-13 -74 0
-30 -55 -58 0
-10 42 -48 0
-43 51 63 0
52 55 0
-8 -37 -74 0
-26 62 67 0
36 43 -46 0
-2 -38 -82 0
-12 71 0
-50 55 64 0
43 64 0
-15 29 -80 0
-24 32 38 0
-30 -38 40 0
