p cnf 88 337
-53 -76 77 0
40 -51 69 0
-40 -86 0
-8 26 -56 0
26 -65 0
-39 48 0
-54 64 76 0
-36 50 51 0
-7 -41 -52 0
-51 -70 81 0
-19 -40 -48 0
42 65 -67 0
13 39 51 0
1 -10 45 0
19 -68 -81 0
-42 -76 0
55 -58 -84 0
54 -66 81 0
5 39 87 0
30 -63 66 0
17 79 0
13 -28 -48 0
17 69 -84 0
38 -69 88 0
25 -65 80 0
40 55 69 0
66 79 0
-25 54 78 0
-1 -26 71 0
4 11 0
-20 47 -56 0
46 70 83 0
-7 45 0
-10 -85 -86 0
-19 -32 -47 0
-48 -52 66 0
55 -62 85 0
-5 18 0
5 -61 0
-21 72 -75 0
46 58 -73 0
-14 -26 -61 0
-54 68 -71 0
21 57 -80 0
-4 -8 -26 0
-27 43 -66 0
2 -28 -29 0
31 -33 -34 0
-22 24 48 0
-14 33 0
66 -67 0
40 -57 62 0
-9 -14 66 0
-20 23 0
11 -72 -87 0
-23 36 -40 0
-21 39 -66 0
-14 53 -55 0
1 -7 -34 0
-7 -51 -75 0
13 -36 84 0
-10 72 85 0
57 -87 0
-25 27 -64 0
-42 63 76 0
-21 -36 65 0
-38 55 0
-19 82 -85 0
-50 81 0
44 68 -74 0
-18 22 68 0
12 16 -43 0
26 -35 -36 0
-21 -28 73 0
20 51 -72 0
-56 66 82 0
24 67 74 0
-2 44 59 0
-26 39 62 0
68 72 -88 0
78 85 0
18 35 -72 0
16 -18 -60 0
4 8 -53 0
-14 -34 69 0
-17 -56 65 0
22 69 0
-12 26 48 0
13 56 0
-18 -34 0
18 -42 45 0
-33 -38 72 0
-31 -57 -73 0
-26 58 -86 0
-48 87 0
27 -55 -59 0
5 -9 59 0
-5 26 0
-34 -45 -87 0
-18 -52 87 0
-25 56 0
24 68 -78 0
15 -64 -78 0
-3 -68 -84 0
27 -35 -66 0
-20 42 78 0
-5 40 68 0
-40 65 -75 0
20 29 -86 0
17 68 84 0
-39 70 0
8 -28 -61 0
25 -33 61 0
-30 -80 83 0
3 -82 0
42 58 68 0
20 -43 -68 0
2 -30 -83 0
-14 -31 -59 0
14 -36 86 0
-16 -50 72 0
2 -11 49 0
-11 -55 0
11 76 86 0
-25 79 0
26 54 -87 0
-40 -83 0
26 67 -86 0
-4 -31 -50 0
15 36 40 0
31 36 -74 0
20 40 68 0
53 61 86 0
17 67 -83 0
-49 54 -66 0
-4 8 15 0
5 -33 -39 0
65 66 74 0
-44 -65 73 0
54 65 -78 0
-36 87 0
-44 -47 -73 0
16 -41 53 0
-19 -40 69 0
3 14 46 0
37 -40 69 0
21 52 0
3 14 84 0
12 -45 -60 0
-16 56 0
35 85 0
-33 -34 0
-19 45 -53 0
8 50 -58 0
29 51 82 0
6 -29 -83 0
-11 40 0
-13 50 -77 0
-60 82 0
-6 -37 55 0
-46 -49 -66 0
21 -70 0
-26 36 79 0
24 67 80 0
-25 29 -52 0
-13 38 0
-29 -36 49 0
13 -45 -68 0
12 -85 0
-35 52 76 0
-21 31 51 0
16 -47 71 0
-75 88 0
-26 87 0
-6 -52 -53 0
-17 -41 46 0
-21 -39 41 0
13 -57 0
55 -66 -79 0
23 -34 60 0
9 -36 -54 0
12 -39 -48 0
-56 70 -81 0
11 -14 0
-8 -40 54 0
-41 66 67 0
8 -44 85 0
6 -42 73 0
16 -54 -61 0
-32 58 73 0
-24 -26 -62 0
9 -47 0
44 66 82 0
37 45 -86 0
-4 -17 53 0
-2 10 -76 0
-53 70 -85 0
33 -73 0
-5 -7 -62 0
-38 -68 80 0
-17 18 -69 0
-1 -14 -38 0
17 -43 58 0
-6 -12 -45 0
25 -84 0
-52 -79 0
20 -36 -54 0
-8 -64 -78 0
-47 -57 0
-25 -29 -67 0
32 -34 -54 0
-33 -51 -59 0
-23 27 -76 0
9 -20 0
3 8 65 0
-17 31 0
-55 -67 -74 0
4 22 -86 0
4 -5 -21 0
-80 87 0
-22 -56 -72 0
8 30 0
11 -25 34 0
20 58 66 0
-29 32 -34 0
4 25 -32 0
-11 -41 63 0
30 75 0
6 -15 28 0
48 -64 0
18 -58 0
24 80 0
25 -77 -88 0
3 -40 87 0
-40 45 -87 0
-12 -14 -39 0
-27 -42 48 0
-21 -33 37 0
36 42 0
22 -87 0
19 -52 -58 0
-38 53 88 0
-11 -44 -64 0
18 26 -77 0
-14 22 54 0
1 28 29 0
24 50 -58 0
26 41 -71 0
30 -56 68 0
-18 -55 56 0
-30 -62 72 0
-38 69 0
-17 29 56 0
-4 46 -83 0
14 36 53 0
8 56 68 0
-26 32 -87 0
-18 -49 -79 0
15 44 -52 0
47 82 -86 0
-20 -83 87 0
3 8 -24 0
70 -71 -86 0
43 55 81 0
-37 -61 65 0
-29 -86 0
-28 56 75 0
2 -14 45 0
-18 46 -85 0
-49 65 -77 0
3 13 -56 0
-12 -42 -61 0
-7 -71 79 0
15 50 -71 0
-1 -54 -73 0
72 -77 0
15 -51 -87 0
3 39 49 0
57 -72 82 0
-19 -44 -69 0
18 -28 45 0
-7 26 -65 0
-3 -60 -80 0
-2 -20 -21 0
-9 -23 0
3 -70 -75 0
14 -35 -72 0
43 -53 0
-11 -15 57 0
-40 -62 -79 0
-12 36 -85 0
21 -69 87 0
-9 -11 31 0
-6 -36 -59 0
-26 35 -74 0
-1 -13 -53 0
60 77 -79 0
-14 -21 -88 0
8 48 -74 0
-15 38 0
23 -63 83 0
-6 -25 0
24 -30 0
-63 66 -69 0
-6 -26 -28 0
20 63 78 0
-31 34 62 0
-39 45 59 0
5 74 85 0
-24 -57 -75 0
26 -30 50 0
-44 51 0
41 -59 0
-33 34 -81 0
-2 15 86 0
20 -30 -59 0
11 86 87 0
-34 -87 88 0
20 -38 86 0
24 76 87 0
37 64 88 0
-22 -57 78 0
21 59 62 0
20 -36 82 0
34 -61 -80 0
-7 9 24 0
-31 43 88 0
-53 -74 -81 0
-15 35 58 0
46 67 0
70 81 -85 0
63 -78 0
-31 -60 -66 0
-1 66 0
-23 26 -61 0
-12 18 52 0
6 9 69 0
