p cnf 70 222
6 -13 51 0
-24 -60 65 0
-18 26 -67 0
-26 -47 64 0
-2 3 19 0
3 21 -58 0
25 -57 69 0
42 -70 0
-48 57 60 0
7 33 0
22 39 -63 0
9 17 -59 0
-11 -30 -34 0
7 -56 0
-15 -48 0
26 40 0
6 -14 31 0
39 -68 0
-11 -60 -64 0
5 -38 50 0
-12 45 -54 0
18 -64 -69 0
-34 -39 -59 0
-16 -36 42 0
22 -41 -64 0
18 -40 -48 0
2 25 -56 0
4 -57 0
-8 30 31 0
35 -61 0
-34 -57 -66 0
12 19 0
-25 28 -31 0
34 38 0
-23 -61 64 0
6 35 -44 0
8 -64 0
48 -67 0
-1 -33 38 0
-31 51 56 0
-4 -26 -66 0
-17 -34 -55 0
-35 -39 0
15 -52 -65 0
23 -35 0
15 -64 0
3 12 27 0
-32 35 -52 0
-51 60 63 0
3 -17 0
14 35 0
-30 -70 0
24 -41 -68 0
-16 -38 -60 0
-29 34 0
-8 14 0
46 -47 -53 0
-17 -54 0
-22 -34 46 0
18 -29 -32 0
24 -33 -67 0
-15 65 0
-4 -38 -53 0
-48 -69 0
24 -57 0
12 54 -66 0
-3 33 -66 0
-10 -35 -37 0
-36 -49 0
3 -8 -11 0
35 -57 0
15 48 54 0
36 -51 0
-2 -16 0
11 35 0
-12 -31 56 0
-42 -61 -67 0
8 19 20 0
-3 -20 -54 0
-31 32 -56 0
7 15 65 0
1 -66 0
-19 -24 -33 0
-12 65 0
-49 -53 -63 0
5 15 30 0
15 -23 0
7 -16 -66 0
-19 -38 54 0
-42 48 0
-10 -22 65 0
6 28 39 0
21 46 0
-30 42 -69 0
-47 -58 0
10 65 0
3 -19 -24 0
27 34 -37 0
-41 42 0
-25 27 -66 0
33 52 -57 0
-8 39 0
-42 -60 0
-34 41 63 0
11 12 -69 0
-16 -49 61 0
-15 37 0
16 -20 69 0
39 45 0
4 -8 0
4 -40 0
5 -53 0
-23 -69 0
-17 29 -48 0
24 25 0
38 59 60 0
-16 62 0
18 -60 62 0
-22 39 -60 0
-21 53 -58 0
-41 -47 0
-53 59 0
-1 12 -67 0
-1 -20 70 0
27 50 58 0
21 40 -51 0
37 -54 0
-48 58 0
-18 43 57 0
5 33 -56 0
-15 45 0
-29 35 -61 0
-33 -54 -62 0
-17 39 41 0
11 24 33 0
-8 26 50 0
-10 40 0
40 44 0
-2 -69 0
8 66 0
15 -31 -50 0
19 24 51 0
-2 41 0
-25 -50 57 0
-5 24 42 0
7 -18 0
17 20 -45 0
54 -61 0
17 -45 0
-11 70 0
-44 49 -70 0
-1 33 -64 0
38 -53 55 0
32 -45 0
-17 -27 58 0
-32 67 0
-10 62 0
-37 44 -65 0
9 11 32 0
4 6 30 0
-30 -36 -64 0
8 36 0
22 28 30 0
22 -31 -53 0
-9 -40 0
-46 -60 -65 0
40 -63 0
5 33 -47 0
-1 -24 49 0
25 67 0
35 45 69 0
-34 45 67 0
-3 -33 -41 0
4 -55 -62 0
-21 -32 38 0
-22 39 0
42 -47 0
26 37 47 0
-25 -41 -69 0
-45 -55 0
3 35 63 0
-51 -63 -65 0
-27 -52 0
25 43 -62 0
-11 33 -57 0
-22 56 0
-24 32 -55 0
-7 -14 54 0
-43 63 70 0
-9 47 0
2 3 63 0
-7 24 -62 0
9 -29 -42 0
-13 17 18 0
57 65 0
-24 -48 0
4 36 -37 0
-27 34 0
-17 19 50 0
27 -28 -45 0
11 42 -65 0
8 51 65 0
26 -35 0
15 34 47 0
-59 -63 0
-32 53 62 0
30 -32 59 0
4 38 -52 0
-17 28 -32 0
-25 47 55 0
-21 -58 -60 0
-6 20 -25 0
-19 70 0
-13 19 0
11 -65 -69 0
44 -69 0
-54 67 -70 0
-1 -52 0
-5 -15 70 0
19 28 -36 0
1 12 -15 0
17 38 -44 0
