p cnf 89 342
-10 37 44 0
16 -25 -28 0
-45 73 88 0
-7 -46 -58 0
21 24 26 0
31 69 -71 0
46 84 85 0
-21 -31 69 0
-9 -11 -22 0
21 -65 -73 0
22 -66 -71 0
23 -57 -64 0
-51 86 88 0
-1 12 41 0
-24 -59 -70 0
-11 33 -82 0
-7 -29 -36 0
22 73 88 0
-36 71 0
-21 39 -86 0
13 56 66 0
6 -11 77 0
-43 -64 86 0
17 32 65 0
-7 12 -23 0
-14 -52 -80 0
-10 -27 -34 0
-20 66 79 0
-12 -17 -30 0
-16 75 0
38 45 -61 0
-40 55 -89 0
22 28 -77 0
-40 -52 -75 0
9 -36 -38 0
21 77 86 0
-46 -73 0
-9 49 81 0
4 11 -46 0
21 -22 -60 0
13 -25 -36 0
12 37 74 0
5 6 32 0
-14 -40 89 0
-39 -47 0
-11 -17 24 0
-40 42 73 0
15 54 69 0
2 35 65 0
-17 -80 -85 0
-3 -33 -84 0
-40 -57 68 0
-3 6 0
35 -45 -84 0
53 65 -80 0
23 -76 -84 0
-4 -40 0
24 -27 -62 0
-11 -27 -85 0
-19 86 0
41 65 -77 0
21 -29 88 0
9 34 -39 0
-13 15 0
-25 75 78 0
22 42 54 0
12 25 -29 0
6 -40 59 0
-48 -66 77 0
19 77 -84 0
-5 30 -72 0
2 -21 -61 0
-33 40 -54 0
-21 -25 -73 0
-30 33 -63 0
66 -72 0
-15 28 0
-2 -29 -63 0
43 62 69 0
11 -55 76 0
33 49 67 0
-6 52 0
7 12 77 0
21 51 -84 0
12 -38 57 0
-58 -89 0
47 -49 -61 0
39 57 72 0
12 -37 -61 0
-41 64 71 0
29 -53 -72 0
37 62 0
-34 -52 -87 0
-2 -5 -50 0
-9 11 49 0
-24 -46 -63 0
3 -12 33 0
4 22 78 0
-5 21 -49 0
10 36 -51 0
-13 -62 -77 0
-30 58 -77 0
-10 75 0
-42 -68 -74 0
-3 -34 -64 0
-6 25 86 0
-13 -43 0
4 70 0
30 33 -49 0
-2 13 -69 0
19 -32 73 0
76 79 86 0
-32 63 65 0
28 -30 33 0
38 -58 -77 0
-37 43 -56 0
41 43 81 0
38 51 -75 0
-12 26 70 0
-18 -55 -83 0
17 -22 52 0
-18 43 75 0
-23 -36 -74 0
-27 -43 74 0
22 24 33 0
-44 72 74 0
32 47 -85 0
-15 -28 43 0
6 42 -50 0
49 -81 0
-16 -44 -57 0
-11 -22 -52 0
11 -50 0
-13 -36 45 0
10 18 64 0
40 42 -87 0
-27 44 -55 0
19 -30 -82 0
14 48 -85 0
22 -85 0
-4 -11 -20 0
-3 78 -80 0
-50 65 0
-13 14 -29 0
-33 58 84 0
-10 83 87 0
2 39 71 0
18 26 -86 0
10 18 -29 0
4 -8 -9 0
30 33 88 0
-49 63 64 0
7 -16 43 0
19 45 -86 0
-11 44 89 0
-21 64 0
24 -37 56 0
4 12 -20 0
-6 17 -75 0
13 -27 74 0
14 -55 -89 0
-36 56 74 0
16 26 -80 0
15 -43 -48 0
12 52 85 0
23 -27 -83 0
28 43 0
14 -35 66 0
-12 81 0
14 15 57 0
-5 -7 0
25 -43 0
-40 -42 53 0
12 -43 -45 0
7 73 0
-27 -71 84 0
23 38 0
-10 -19 31 0
-36 -44 89 0
32 68 77 0
-22 -46 -83 0
24 -54 72 0
-33 36 48 0
-15 48 70 0
-5 -21 -37 0
-33 50 51 0
-36 69 77 0
6 -22 -61 0
-13 -31 -60 0
-6 19 -22 0
-15 -20 0
10 33 85 0
-8 -26 53 0
8 35 54 0
-18 -65 70 0
-6 -40 89 0
-30 52 -53 0
-31 51 87 0
-4 80 0
60 -78 0
1 46 -57 0
17 -36 -75 0
9 17 41 0
39 -55 0
-19 -37 -65 0
11 -52 88 0
-42 -76 -87 0
-13 43 -53 0
-37 -61 -85 0
5 -15 19 0
47 63 74 0
-46 86 0
3 -83 -85 0
-8 59 88 0
-70 -76 81 0
8 44 -46 0
-30 -35 -74 0
-16 -25 31 0
6 18 83 0
-41 -44 -53 0
34 80 -89 0
18 -24 0
21 -56 65 0
-33 44 0
16 -17 -33 0
16 -17 -86 0
-5 58 -60 0
71 77 0
6 18 -61 0
-33 77 81 0
-31 -51 0
48 59 -84 0
-26 -31 67 0
-16 30 83 0
-22 77 0
35 -60 -74 0
-23 -60 -76 0
51 84 -87 0
-34 -80 -84 0
52 60 -72 0
7 48 -56 0
-16 -63 79 0
34 -63 68 0
17 27 46 0
17 -38 75 0
-22 -49 72 0
17 31 -68 0
-35 -40 0
-28 66 -81 0
43 -74 -76 0
35 48 0
-14 -65 -66 0
-36 -70 -73 0
-2 -16 -36 0
15 -51 -81 0
-27 -43 74 0
-22 71 83 0
7 41 0
62 -81 84 0
-22 53 74 0
7 -40 0
47 68 0
-25 -47 66 0
-18 -33 -76 0
17 24 38 0
-60 -78 87 0
31 61 69 0
-13 -33 68 0
3 60 -61 0
36 -45 -56 0
-12 35 46 0
-50 65 0
-15 -35 47 0
17 40 -55 0
-50 74 -87 0
-7 60 68 0
-4 -41 -83 0
1 -8 -48 0
11 -21 37 0
24 25 70 0
-49 56 0
-1 16 -32 0
-27 40 -50 0
-56 62 87 0
5 60 79 0
-36 45 -47 0
-32 40 49 0
16 40 -47 0
-2 15 -82 0
49 55 0
28 43 -87 0
-32 52 -56 0
52 61 85 0
-20 24 82 0
50 65 0
-32 62 -72 0
-8 -13 0
16 34 -61 0
36 53 -56 0
-60 -71 84 0
-55 70 -77 0
-1 -51 -66 0
25 -71 -81 0
8 24 89 0
32 53 71 0
23 -44 -80 0
-24 25 37 0
17 42 -72 0
20 68 89 0
-19 -31 64 0
42 -63 0
4 -46 81 0
9 -18 -65 0
24 -27 46 0
-12 59 -60 0
-18 -43 74 0
-11 45 0
3 -42 -49 0
2 -12 -38 0
14 28 -70 0
-3 -13 60 0
-77 79 81 0
-40 61 63 0
-1 -15 -83 0
-41 -58 64 0
6 -32 -74 0
14 51 -52 0
-18 48 85 0
19 30 -56 0
-42 61 82 0
22 -44 66 0
-48 -62 -65 0
10 -43 -64 0
-59 69 83 0
-4 13 -22 0
-9 47 79 0
-22 -32 -52 0
66 88 -89 0
9 -17 78 0
19 40 75 0
-26 -36 0
-16 -68 -77 0
