p cnf 91 337
4 -57 71 0
19 -24 -35 0
22 41 -50 0
41 70 -87 0
-1 -66 0
-1 -21 -90 0
8 9 88 0
8 22 -71 0
-38 -41 65 0
5 -22 -74 0
-6 67 87 0
-27 43 -70 0
-7 9 20 0
-4 31 48 0
27 -44 -50 0
-46 -49 -61 0
-4 -70 73 0
-52 63 91 0
-12 -19 72 0
-48 61 -85 0
4 52 -69 0
-43 -73 -87 0
-11 -17 -78 0
7 -40 -62 0
59 -83 -88 0
-22 74 0
4 53 84 0
18 -60 84 0
5 16 70 0
38 -43 73 0
9 -35 66 0
-26 45 -77 0
-58 -76 -77 0
3 32 88 0
8 75 88 0
-2 11 79 0
12 -36 -90 0
30 40 -78 0
75 82 -83 0
-31 84 89 0
-44 90 -91 0
51 -60 -90 0
-14 -59 -64 0
23 75 85 0
-13 -24 -77 0
17 -91 0
16 -39 69 0
-40 61 -65 0
-21 -68 84 0
-14 18 77 0
15 -63 -69 0
19 47 68 0
51 52 -77 0
-17 -38 83 0
36 50 -68 0
-3 12 -48 0
2 46 73 0
25 -47 -80 0
28 48 88 0
49 83 85 0
-12 21 -73 0
19 -39 47 0
65 76 0
21 -59 -70 0
-23 -88 0
23 -30 -33 0
-30 53 90 0
30 -44 77 0
41 -88 0
20 -31 65 0
25 35 44 0
38 54 -86 0
58 74 -85 0
-3 -28 -62 0
37 51 53 0
-64 -68 -79 0
-60 80 89 0
-19 -40 0
24 -34 -63 0
-19 26 -75 0
58 -64 -82 0
-28 -45 48 0
-43 -45 88 0
28 68 0
-12 -25 -57 0
-8 -35 49 0
6 -13 -85 0
12 -42 -86 0
-14 -18 -54 0
9 -29 -46 0
-58 62 -79 0
-59 62 -64 0
8 17 61 0
-32 -59 0
17 80 -91 0
25 -57 88 0
-11 54 90 0
-54 59 80 0
8 48 0
-9 17 29 0
-17 -56 -61 0
-29 -87 -89 0
-5 -21 -28 0
-66 82 89 0
-19 22 27 0
-40 45 -76 0
-30 -38 -44 0
-52 -75 83 0
56 -57 87 0
-43 -47 -67 0
17 -73 78 0
11 84 0
-53 65 67 0
-40 -54 55 0
26 27 46 0
8 18 -68 0
14 -26 75 0
-3 -4 -23 0
-18 41 -82 0
25 -46 0
-51 54 71 0
11 41 0
-33 45 0
-5 41 -72 0
30 -43 -63 0
-3 -47 50 0
57 83 0
-44 45 60 0
-27 -45 -61 0
28 -33 -83 0
34 -70 -75 0
-11 79 90 0
34 39 -68 0
-18 33 -76 0
8 80 0
-11 55 72 0
61 -72 0
-5 30 0
56 72 90 0
39 43 58 0
-8 -66 -85 0
4 6 -19 0
13 -22 -28 0
4 30 40 0
33 64 78 0
39 -75 -90 0
-36 76 0
-18 -23 73 0
-23 24 -78 0
79 -85 0
-8 38 -51 0
4 -74 0
-2 45 55 0
-32 -53 -91 0
-23 70 -80 0
7 -47 -74 0
-5 -38 50 0
8 15 27 0
3 -20 39 0
-27 -35 46 0
23 -36 0
7 28 65 0
-32 -78 83 0
15 -48 -52 0
20 62 80 0
-50 63 -88 0
-69 -77 78 0
-32 -66 -81 0
-20 28 75 0
9 -21 91 0
-47 65 83 0
-1 -27 60 0
-15 74 -79 0
-32 50 66 0
18 27 36 0
-11 -64 0
-35 59 79 0
9 47 86 0
-11 -15 90 0
5 -19 60 0
-37 76 0
24 -36 52 0
-14 47 64 0
-70 77 80 0
36 -38 44 0
-3 79 0
43 49 -66 0
-35 76 90 0
-4 82 91 0
28 -34 -72 0
54 -69 82 0
-1 16 -33 0
-32 -69 75 0
35 -65 66 0
49 90 0
-16 33 -55 0
34 -84 -87 0
-13 -29 -43 0
-27 -41 70 0
-29 -79 -82 0
-19 -31 35 0
-19 -57 -58 0
-24 71 74 0
12 37 79 0
-44 -49 0
19 -23 39 0
37 -55 -59 0
-1 -27 86 0
-29 -32 85 0
-4 -47 57 0
-4 6 48 0
41 42 71 0
-5 -40 70 0
-12 -28 30 0
10 -51 -77 0
28 34 89 0
-63 91 0
-16 -20 -47 0
-8 47 53 0
-3 -6 0
-10 57 -86 0
18 21 -52 0
66 -71 83 0
-35 -47 50 0
1 -37 -60 0
-30 -68 0
40 58 0
-4 43 -83 0
35 72 -79 0
-55 -64 -77 0
2 -37 0
17 -62 -75 0
-24 -68 87 0
-2 69 -73 0
-51 -53 -82 0
11 -21 -25 0
25 -38 51 0
23 -60 -74 0
-21 -29 0
-39 -43 0
16 49 -85 0
35 -56 60 0
17 -50 -77 0
-11 -66 -87 0
-2 50 81 0
13 85 86 0
10 -27 90 0
6 -59 -60 0
-28 -73 80 0
68 73 -79 0
22 55 -78 0
-1 -34 -73 0
-60 61 66 0
-52 80 0
-23 38 82 0
9 14 -69 0
22 -44 53 0
41 73 83 0
-20 68 -81 0
3 27 -31 0
4 30 -31 0
24 -34 -57 0
32 35 40 0
65 68 -85 0
-24 -31 -70 0
6 41 63 0
-13 83 86 0
-7 -14 90 0
6 -24 77 0
-12 35 -88 0
-74 87 0
-20 -47 48 0
23 -79 86 0
34 -36 60 0
-10 74 79 0
22 74 85 0
36 -47 69 0
-21 31 -58 0
-21 68 0
14 -33 41 0
-22 -34 -67 0
10 38 -39 0
15 -40 53 0
-24 -46 78 0
22 49 62 0
-70 75 86 0
19 35 -43 0
-6 18 50 0
74 79 -87 0
15 53 -90 0
33 -37 -88 0
4 -23 77 0
47 -62 69 0
12 -32 -56 0
37 -42 61 0
42 -46 57 0
28 45 -87 0
-54 -69 82 0
7 -40 69 0
54 -80 87 0
12 40 85 0
-42 -50 84 0
44 48 -81 0
-36 45 -79 0
-12 -38 68 0
53 69 -88 0
6 8 -82 0
46 52 -89 0
-25 34 39 0
14 60 85 0
11 -43 65 0
-58 74 79 0
21 74 -78 0
-10 -36 91 0
-60 -63 0
63 68 85 0
15 -80 0
-26 47 0
-29 68 -77 0
-33 55 -89 0
2 45 49 0
58 -59 -60 0
-3 -47 -80 0
-7 -21 33 0
-17 86 0
-8 -55 0
-6 -32 70 0
30 -80 0
10 55 80 0
23 -34 79 0
-71 -74 88 0
17 37 83 0
-10 67 0
8 -34 39 0
32 54 64 0
12 -53 0
-46 -63 -91 0
