p cnf 73 235
25 26 49 0
10 39 40 0
-3 -6 -43 0
-6 -57 63 0
24 -34 -69 0
23 45 0
-27 -33 -58 0
-28 -43 0
-39 -53 0
17 -64 66 0
-9 -13 48 0
-16 46 -54 0
6 8 -14 0
-28 -35 0
-28 29 73 0
13 17 0
9 -18 37 0
9 -10 20 0
-31 48 0
15 -34 73 0
2 65 72 0
20 27 37 0
22 -69 0
25 -45 56 0
1 -31 -46 0
-32 37 0
18 -40 -71 0
5 26 58 0
-7 68 0
-13 -19 -36 0
12 58 72 0
47 -49 -57 0
-9 11 21 0
12 -33 59 0
-26 -63 68 0
-36 -66 0
34 39 -59 0
-28 60 73 0
-44 -45 0
17 22 -49 0
-23 64 0
-2 30 -58 0
20 38 61 0
-5 -9 56 0
26 -31 -40 0
-28 -69 0
13 52 0
50 51 0
8 11 61 0
11 -28 42 0
19 -38 70 0
-25 -52 72 0
36 -40 0
11 -36 62 0
-28 -72 0
6 -11 34 0
11 23 -50 0
29 -32 -59 0
7 41 -58 0
-24 32 73 0
-11 55 0
37 -70 0
19 -61 -71 0
53 -59 0
-52 54 -60 0
19 73 0
12 -31 46 0
-6 -25 59 0
6 -7 59 0
-40 -50 0
36 40 0
1 39 48 0
-55 -56 68 0
-1 -18 0
7 14 -21 0
20 33 -54 0
-25 61 0
-40 42 -53 0
11 70 -72 0
42 50 0
13 -15 23 0
39 61 0
12 -23 45 0
10 -51 67 0
38 -51 64 0
25 46 59 0
-7 44 0
-17 -28 -34 0
-37 -53 57 0
17 -59 0
-12 -32 56 0
17 -49 0
4 36 0
21 -28 68 0
-6 -14 -68 0
19 -35 -63 0
17 41 58 0
-41 64 0
2 51 -53 0
-11 -50 0
31 43 -64 0
-11 16 60 0
36 -39 0
19 -58 59 0
3 45 -64 0
18 -56 0
18 -40 -59 0
52 -68 0
16 -21 33 0
-4 38 0
14 25 -64 0
17 39 66 0
-8 -45 -64 0
-63 -72 0
9 45 -73 0
-8 -27 -62 0
68 -72 0
-1 47 0
14 37 50 0
-7 -20 0
-3 -19 56 0
24 -58 0
-9 -71 0
13 -20 22 0
43 -59 -69 0
14 -33 -34 0
12 -67 -68 0
-8 47 -56 0
-17 47 73 0
34 65 -66 0
5 6 25 0
-19 64 69 0
-4 28 -71 0
8 9 -31 0
26 63 71 0
-40 -54 -68 0
18 -21 0
20 65 -72 0
44 67 0
26 -36 0
14 -63 0
36 47 0
-12 -40 0
56 58 0
-59 66 0
-4 -23 48 0
4 20 56 0
33 -62 0
21 64 -72 0
-27 -29 -52 0
-9 -11 0
-14 -69 70 0
-9 23 42 0
-24 31 -33 0
-1 39 -72 0
9 -20 39 0
14 -29 0
61 69 0
26 60 0
31 -59 -66 0
-3 10 0
-5 40 59 0
-41 43 72 0
-28 -50 -66 0
2 -32 56 0
11 -16 20 0
7 26 38 0
-31 32 -45 0
-55 -64 69 0
-36 45 73 0
-11 21 34 0
-47 57 63 0
-3 15 -52 0
30 -37 39 0
24 -70 -71 0
7 27 0
15 -24 0
16 -50 -61 0
-17 57 0
25 -38 61 0
4 14 -34 0
4 -13 -47 0
-52 72 0
-34 62 0
2 -11 39 0
-23 61 -68 0
15 38 -67 0
6 -42 66 0
8 9 28 0
3 46 -48 0
-17 -52 69 0
-28 -63 71 0
-3 -18 44 0
13 -24 47 0
5 -65 0
24 57 -58 0
-13 30 68 0
-18 -52 0
-36 -37 -56 0
1 -20 56 0
55 70 0
7 34 46 0
-22 54 57 0
-6 25 0
-60 62 -65 0
-28 -54 60 0
-19 -33 66 0
-26 72 0
-30 -70 0
-50 56 69 0
2 -40 0
35 -42 71 0
-2 -12 -40 0
9 56 -73 0
-55 -59 68 0
45 67 0
-6 -8 -49 0
27 -35 0
-10 42 0
3 -23 34 0
-37 49 57 0
18 33 -65 0
-28 -46 0
4 32 53 0
30 -60 0
14 49 -70 0
-30 41 -49 0
19 -49 51 0
25 48 66 0
18 34 50 0
10 46 0
-13 -62 0
24 31 0
9 16 0
26 65 0
