p cnf 81 287
-7 -47 0
-45 -53 -59 0
-25 30 0
34 36 -64 0
2 -23 0
43 -49 61 0
42 -61 -71 0
-27 -28 -40 0
7 19 -54 0
53 -60 -67 0
-22 -54 0
45 61 -78 0
8 -19 0
-11 25 -75 0
6 -47 -56 0
-18 52 0
13 -34 60 0
-4 -36 60 0
-3 -35 40 0
21 51 -75 0
6 -9 -58 0
-43 -48 -64 0
29 -36 -48 0
25 46 63 0
21 -70 0
4 -35 79 0
-32 39 81 0
9 54 0
8 27 0
21 -66 0
9 -34 56 0
27 -61 75 0
-18 -34 47 0
24 37 60 0
-11 51 62 0
5 -44 -48 0
20 -26 -62 0
13 -29 34 0
-6 -36 -40 0
-30 -50 76 0
26 -47 76 0
-9 68 77 0
8 56 -81 0
-51 -66 68 0
-3 18 -47 0
-25 -39 0
-39 -43 54 0
-50 -53 70 0
-3 -75 -76 0
-7 -54 70 0
11 -45 58 0
-13 -45 0
-14 46 0
-7 -33 61 0
32 37 -72 0
-27 -60 0
39 40 -70 0
16 -32 74 0
-15 20 -54 0
30 50 58 0
-32 -43 -61 0
-9 -16 0
-30 -31 75 0
-27 -58 60 0
-10 -35 0
5 -53 81 0
42 -59 -75 0
11 -20 23 0
8 17 35 0
-51 74 81 0
-3 -77 0
9 24 0
-58 62 -75 0
-26 -46 77 0
-30 -37 -79 0
33 -48 -79 0
31 -50 55 0
-12 -13 46 0
-33 -40 48 0
30 -62 76 0
-10 -12 76 0
28 -31 34 0
43 -64 -71 0
42 -50 0
40 -73 77 0
-8 -50 -58 0
-10 76 -81 0
40 -81 0
21 47 0
9 -40 58 0
-17 -62 73 0
15 -20 -41 0
-3 -25 31 0
2 5 -38 0
3 59 73 0
12 15 62 0
24 44 58 0
10 -12 -76 0
-2 -19 -76 0
-8 19 77 0
9 47 75 0
-27 53 77 0
15 33 -60 0
24 -25 -35 0
12 28 -81 0
6 -29 40 0
-33 -53 54 0
-29 30 44 0
-15 28 -71 0
61 -67 0
-34 35 37 0
-40 -44 -63 0
61 -66 -70 0
42 -47 76 0
-39 -58 -63 0
6 20 28 0
41 67 0
-1 -69 -74 0
-4 9 -71 0
2 -53 76 0
46 55 -59 0
57 -58 0
38 72 -79 0
-5 -36 -68 0
20 -51 -65 0
19 -31 55 0
-45 64 0
-16 -41 63 0
20 21 -73 0
-13 -18 27 0
29 -35 -66 0
-2 4 15 0
20 -61 0
-20 25 -80 0
54 65 81 0
15 48 79 0
-22 -69 0
-6 65 -76 0
-44 -56 0
38 51 0
45 -72 -74 0
3 30 72 0
-37 59 68 0
-24 45 78 0
-4 -13 -62 0
4 -47 -55 0
-16 -48 62 0
38 57 -63 0
2 7 -74 0
-30 -46 73 0
-21 34 56 0
22 -59 0
-11 23 0
-33 -58 -75 0
20 -31 -40 0
-58 -80 0
-13 60 -78 0
15 -40 58 0
-9 26 69 0
-17 -73 79 0
-16 -21 -41 0
-13 -17 -79 0
-50 -63 0
-45 58 -78 0
18 -25 31 0
13 23 -41 0
-6 -79 0
14 -70 0
-6 -30 -65 0
-36 -45 0
-31 60 71 0
-41 -59 79 0
14 -47 -80 0
16 26 -75 0
12 -30 -50 0
28 54 -75 0
-9 27 66 0
5 9 -65 0
-25 66 0
-31 -54 -59 0
12 32 39 0
16 -26 -27 0
-11 -39 77 0
-31 -46 60 0
-30 64 75 0
1 30 0
-8 55 0
12 56 -80 0
24 -43 -77 0
-19 23 -67 0
10 -62 -77 0
-33 55 0
-57 -76 0
30 -42 -61 0
19 68 0
-33 40 -56 0
10 -72 0
4 15 64 0
13 39 0
59 60 0
6 -45 48 0
-23 35 47 0
-41 -70 0
57 -61 69 0
20 60 0
-23 -43 76 0
-18 -31 65 0
21 44 0
26 30 -58 0
8 -41 52 0
-13 26 48 0
-17 -25 -48 0
14 19 -55 0
-9 48 80 0
-40 51 0
-29 -36 42 0
41 57 58 0
-54 -62 -81 0
-1 -9 0
-50 51 -60 0
-37 63 0
-17 -53 -57 0
-47 -73 0
-12 -20 -36 0
-6 -17 39 0
-5 45 -58 0
9 58 61 0
28 48 -71 0
-14 41 76 0
-12 32 70 0
16 -17 -81 0
-15 -21 -62 0
-10 14 -51 0
-5 -70 77 0
-32 -59 0
21 63 -67 0
-10 -29 -30 0
-37 72 -79 0
-4 -59 -62 0
1 -22 -37 0
24 56 0
-11 -54 0
1 26 28 0
-15 19 -20 0
-6 28 67 0
-37 -66 -78 0
30 -44 -54 0
18 -40 80 0
-20 -23 -68 0
-3 25 0
22 -35 -72 0
27 -34 0
-25 55 -72 0
-4 -52 -67 0
-11 51 52 0
41 -52 0
-17 23 -75 0
28 62 -68 0
-2 66 -67 0
-1 21 66 0
27 37 0
16 34 0
13 -51 0
-9 -47 0
-24 63 0
-6 13 -17 0
-49 81 0
-63 -71 0
33 38 44 0
25 -42 -57 0
42 -62 -73 0
10 32 -53 0
-8 -16 39 0
28 35 37 0
-55 62 74 0
6 57 78 0
-17 -36 0
-41 44 -51 0
-24 79 0
15 30 49 0
41 45 -53 0
-53 62 75 0
5 63 67 0
-7 51 0
42 -60 66 0
4 -49 59 0
17 62 -69 0
