p cnf 79 278
-3 60 0
61 -65 0
-1 -3 0
-7 31 -47 0
33 34 -68 0
10 39 0
22 -27 0
33 -53 -56 0
-11 -25 33 0
-55 60 75 0
12 20 -35 0
54 63 78 0
-7 -38 46 0
-11 46 -48 0
-5 -22 -75 0
-16 49 50 0
-24 56 0
9 59 0
-42 46 0
-27 44 67 0
18 -28 -36 0
-19 -37 42 0
-41 46 71 0
-34 -56 -79 0
2 13 -58 0
-5 23 -67 0
-61 -62 0
-6 -36 73 0
-54 59 -64 0
-69 73 -76 0
10 75 0
-4 -61 -79 0
-17 33 0
-12 -15 32 0
-2 -6 0
-27 -43 -61 0
-8 -16 -50 0
17 -25 0
59 75 76 0
-23 -47 76 0
-15 -19 0
52 -55 -71 0
7 -15 59 0
22 -24 -45 0
-20 26 66 0
32 39 -70 0
4 -8 35 0
71 75 0
-8 -15 -47 0
15 27 -78 0
2 -8 -77 0
-55 66 -71 0
1 -4 70 0
8 18 -73 0
8 -15 -60 0
4 -37 0
9 31 0
-2 -8 43 0
9 52 67 0
29 31 58 0
-3 -12 40 0
9 -36 53 0
-36 -59 -60 0
34 -45 -58 0
29 41 78 0
-28 -77 0
2 7 69 0
8 -45 -52 0
-17 -32 72 0
-35 -75 0
8 40 0
-17 21 76 0
3 9 33 0
40 45 0
-1 61 0
-47 -52 72 0
-2 -60 0
-63 -78 0
-18 -33 0
33 -65 0
-13 -25 0
-63 74 0
43 51 65 0
-63 -69 74 0
40 -45 0
-20 -61 -63 0
9 12 19 0
-69 73 0
3 -52 -55 0
60 78 0
-4 49 0
5 8 -46 0
-25 -28 -76 0
-5 7 53 0
-2 -35 -77 0
14 73 0
-4 13 0
-39 68 0
9 -13 0
21 33 -77 0
16 -39 0
8 35 -75 0
32 -61 -71 0
-3 12 36 0
13 33 -71 0
-65 -70 0
-6 -10 28 0
-57 76 0
-27 -46 58 0
39 -52 65 0
-6 -39 -41 0
16 34 -72 0
31 37 41 0
48 -67 0
-42 -72 0
24 35 -52 0
-31 -63 79 0
8 55 0
-16 -20 50 0
9 -26 0
-18 -19 20 0
2 -3 21 0
4 -16 -38 0
22 27 -43 0
-1 4 0
-1 -43 74 0
-14 55 0
-39 -76 0
42 47 0
47 50 68 0
-32 -60 0
-31 54 62 0
-23 -51 69 0
-23 74 -78 0
6 -54 -60 0
-34 -57 -64 0
-5 15 17 0
46 -66 0
40 -46 -64 0
16 44 0
32 67 0
42 -43 56 0
17 -64 73 0
-9 -11 0
-19 -42 54 0
25 42 56 0
28 -39 -72 0
32 78 0
-3 -39 -47 0
15 -40 -73 0
-9 -43 -69 0
1 33 -34 0
20 74 0
-22 77 78 0
11 -19 76 0
37 -56 -67 0
-7 -57 -62 0
5 -38 -73 0
-15 63 -77 0
36 51 -59 0
-26 61 75 0
-23 -28 -40 0
-11 23 71 0
1 9 -45 0
27 -40 0
33 62 0
7 -33 0
-32 -55 -68 0
-17 -18 66 0
-9 51 75 0
42 52 56 0
-9 16 -52 0
10 26 -53 0
-30 -47 -67 0
-44 60 0
45 -47 67 0
33 -79 0
17 55 73 0
28 31 43 0
-2 -29 32 0
-7 42 0
-33 67 0
23 -32 59 0
-20 54 60 0
8 22 -54 0
62 68 0
-1 -24 0
9 42 0
-20 -53 0
-39 -65 -66 0
-35 38 58 0
28 -42 48 0
15 28 -77 0
-28 41 72 0
-23 -63 70 0
-21 -30 0
21 52 -62 0
23 -73 79 0
-17 49 -67 0
17 27 -70 0
15 -28 0
-18 27 -34 0
16 46 61 0
-36 -63 0
6 -12 51 0
5 16 0
21 46 -63 0
32 -44 53 0
-4 43 0
30 51 0
-10 26 -75 0
1 14 -25 0
14 -37 -40 0
-16 -26 -36 0
13 20 -76 0
-3 40 -44 0
-25 67 0
-5 17 0
-4 -38 0
33 -51 -79 0
-37 42 -62 0
33 67 0
44 47 79 0
10 26 0
-9 -31 44 0
-20 -26 0
11 28 71 0
63 73 -79 0
-10 -11 -72 0
23 29 67 0
22 45 47 0
20 67 0
-23 35 -53 0
55 70 -79 0
2 45 50 0
-13 -44 45 0
58 -61 0
18 -20 30 0
-10 -28 30 0
-9 43 0
-9 22 39 0
-34 -39 -61 0
16 18 24 0
-23 -26 0
-12 63 0
-17 -68 0
-56 72 75 0
-5 -15 24 0
19 36 66 0
6 29 54 0
11 64 0
-28 -59 71 0
-1 66 67 0
13 71 79 0
27 -66 0
34 63 74 0
37 -64 -71 0
-11 55 0
5 21 0
20 -37 0
-18 34 59 0
-7 -69 -74 0
39 53 68 0
35 40 0
23 71 73 0
48 56 68 0
-7 -30 0
-8 21 23 0
-8 15 -22 0
20 -69 70 0
20 74 0
10 43 73 0
33 -63 74 0
-3 9 -61 0
2 60 0
5 -25 -42 0
-2 28 36 0
39 -66 0
