p cnf 87 324
59 -83 0
22 85 0
3 -43 0
26 -80 0
-20 -43 0
33 -38 -69 0
-16 39 42 0
-26 -44 67 0
6 -7 -40 0
-49 -50 80 0
-65 -82 -85 0
47 58 60 0
-15 -39 56 0
5 8 -67 0
-41 58 62 0
5 28 59 0
-7 63 -75 0
-4 19 85 0
10 -73 84 0
-25 45 -55 0
34 37 -44 0
-30 -56 64 0
35 -57 -68 0
13 14 -17 0
2 32 78 0
5 48 -55 0
21 33 0
-15 17 30 0
-29 -53 63 0
-5 -11 62 0
34 78 85 0
-26 -71 73 0
4 -54 0
14 -49 -61 0
-9 32 69 0
6 -40 50 0
29 -62 69 0
-3 12 70 0
12 27 -36 0
-34 -68 0
-1 -46 -71 0
3 -30 -41 0
8 -13 -71 0
25 -51 -87 0
61 -64 72 0
3 52 0
26 32 75 0
27 45 -62 0
-5 -46 86 0
-66 -73 84 0
-5 -23 64 0
-38 -55 73 0
37 54 -60 0
-32 -33 85 0
4 5 -41 0
-5 -27 -52 0
9 -59 64 0
21 74 0
46 -75 79 0
13 76 -84 0
-5 78 0
22 53 74 0
-37 49 -84 0
-3 -44 0
-45 -77 -83 0
13 57 75 0
-21 -74 84 0
-23 -26 0
25 -36 47 0
11 -70 -73 0
13 -76 0
10 12 -79 0
38 39 -76 0
-13 24 30 0
-19 25 39 0
56 74 -84 0
19 34 83 0
16 19 -40 0
-7 41 0
-20 46 -82 0
-22 52 66 0
-10 -27 60 0
23 31 -68 0
33 -37 71 0
-43 85 0
-51 54 -83 0
10 15 70 0
40 62 76 0
20 -84 0
30 -57 78 0
-40 47 -67 0
-3 -22 -32 0
13 19 -66 0
56 62 -86 0
48 53 0
-38 -64 77 0
6 7 46 0
39 -49 86 0
39 70 -76 0
-43 44 -45 0
10 39 -76 0
7 -75 82 0
24 -49 64 0
-8 62 0
24 -67 -84 0
-2 31 81 0
63 -67 -84 0
-11 -50 0
-35 52 64 0
30 31 61 0
-46 49 74 0
-30 75 83 0
-16 47 58 0
9 -28 0
34 -35 -87 0
6 -33 34 0
-54 61 0
54 -67 -82 0
-45 80 0
-19 58 -81 0
27 28 -86 0
23 34 61 0
8 -70 80 0
19 -28 32 0
-10 -14 33 0
26 -63 -82 0
15 46 0
23 -63 -82 0
20 68 80 0
75 77 0
23 -87 0
3 -79 86 0
-65 -72 86 0
-11 -34 43 0
-36 -42 0
2 34 59 0
24 45 79 0
15 -73 0
-3 -16 58 0
6 -17 57 0
-26 52 81 0
-20 40 46 0
26 -64 0
-5 35 -70 0
-23 -74 0
-3 -54 -77 0
-29 66 -79 0
-40 -57 -62 0
-44 68 -73 0
-24 47 -50 0
-37 63 85 0
27 -53 -81 0
37 -56 78 0
-15 -83 -85 0
-12 76 0
53 68 71 0
7 -61 -69 0
13 -24 49 0
49 51 -53 0
-23 -24 -68 0
4 -31 46 0
4 39 50 0
-11 14 37 0
18 40 0
41 -52 56 0
-44 -77 84 0
-19 25 -67 0
22 -29 51 0
-1 -37 0
23 25 77 0
-31 36 -49 0
-51 -53 0
-23 27 -46 0
-12 72 0
-20 22 37 0
24 68 0
42 84 0
78 82 0
57 -65 -73 0
-16 -82 87 0
50 57 -80 0
-54 -57 -77 0
-1 19 -26 0
-58 61 -76 0
39 -73 -86 0
-15 45 49 0
-34 81 0
18 -56 76 0
-29 64 -77 0
-20 26 75 0
-40 75 0
-9 56 -63 0
24 -40 44 0
-12 -62 -81 0
39 -57 82 0
-5 16 -62 0
8 -74 84 0
-44 85 0
-47 51 53 0
-19 44 75 0
-33 67 0
41 67 0
-29 -76 0
-35 -40 50 0
-11 -12 76 0
-18 45 0
-9 16 73 0
44 46 -82 0
42 -52 -79 0
-13 78 -80 0
54 -58 60 0
11 60 -61 0
3 -39 42 0
-5 63 -73 0
-48 -60 74 0
16 -33 -87 0
30 82 0
29 51 77 0
-41 -42 -44 0
26 27 78 0
-4 19 75 0
-36 57 -58 0
-11 -26 -35 0
14 -29 51 0
-22 37 -72 0
38 52 57 0
11 36 -59 0
-51 54 67 0
-15 20 -36 0
12 -19 69 0
22 -68 82 0
29 -34 -82 0
-22 50 0
-68 -70 0
-3 -11 15 0
-22 32 0
-11 20 81 0
-26 66 -81 0
2 -31 0
-19 31 -34 0
38 -42 52 0
22 56 -75 0
-8 -53 -81 0
15 48 -51 0
-56 80 0
-14 -73 -78 0
-2 20 0
-22 -54 -80 0
-14 -50 -74 0
-18 -37 77 0
-33 -50 -82 0
-48 -66 -84 0
68 78 0
-8 21 51 0
-13 -41 76 0
17 -48 -51 0
10 14 -27 0
13 33 -41 0
-60 77 -84 0
-40 -47 74 0
36 74 81 0
59 66 80 0
5 44 -66 0
12 18 54 0
-3 -9 -66 0
-3 69 -77 0
54 56 58 0
-33 48 -63 0
-19 -29 0
21 63 85 0
-27 -35 -80 0
-13 55 84 0
-30 -82 0
-43 -58 -72 0
25 -40 0
41 45 79 0
-14 -27 80 0
-13 24 0
27 55 85 0
7 20 38 0
17 36 42 0
17 19 35 0
-32 -51 0
5 14 -71 0
8 -33 0
11 -39 0
-10 -53 68 0
28 -42 56 0
9 37 -45 0
-68 81 0
-8 -36 58 0
-4 17 -59 0
-2 -42 58 0
-7 -31 0
34 68 0
22 28 0
31 46 47 0
22 72 78 0
-27 -73 74 0
-7 12 -22 0
-58 -62 -70 0
15 -28 -85 0
-24 29 -58 0
13 -21 -25 0
42 -45 -60 0
49 -51 0
2 27 75 0
16 43 -82 0
-9 -31 37 0
-27 -66 -79 0
15 -21 -61 0
-7 48 65 0
36 80 -86 0
17 -24 -47 0
-9 -44 0
-21 -41 61 0
41 75 0
12 77 78 0
-26 42 84 0
-62 67 81 0
62 68 0
7 -78 -79 0
-41 -57 72 0
-7 18 0
