p cnf 94 367
-36 80 92 0
-5 -15 -16 0
-6 71 77 0
8 -9 0
12 24 65 0
10 -13 -39 0
-5 12 93 0
9 -23 87 0
-22 46 60 0
5 -46 -70 0
29 -36 -89 0
23 75 0
-18 -39 0
49 78 -80 0
-19 41 0
-18 -25 80 0
18 -35 -93 0
12 51 -68 0
-8 -18 54 0
47 -86 -87 0
16 25 34 0
-7 -55 -58 0
-17 -24 86 0
51 70 -74 0
-44 62 -76 0
-38 -59 77 0
41 64 -72 0
-4 54 -84 0
14 51 -85 0
9 -23 71 0
-65 73 -74 0
-23 -26 44 0
-1 7 -50 0
29 68 76 0
-14 -18 -69 0
15 -29 -45 0
-8 12 -79 0
-46 -53 87 0
-31 -32 -90 0
13 80 -84 0
-5 -32 71 0
-44 55 -57 0
35 71 -74 0
20 -22 0
4 65 84 0
5 64 0
22 -63 0
-21 34 -90 0
1 17 -52 0
2 -41 -66 0
17 -51 69 0
-31 50 -68 0
61 -66 69 0
-36 -51 75 0
9 16 85 0
4 -5 -23 0
16 -60 94 0
2 9 68 0
-15 -56 -59 0
-26 -48 60 0
-29 82 0
46 74 -80 0
50 58 -94 0
25 50 82 0
36 44 -74 0
-13 -14 0
11 17 94 0
6 56 63 0
-5 6 -21 0
19 53 -73 0
-16 36 -47 0
-17 -18 47 0
-1 9 92 0
59 -82 90 0
-29 33 72 0
-38 -62 -79 0
29 49 82 0
-27 48 -69 0
27 69 0
18 39 -41 0
25 32 39 0
-22 47 83 0
34 41 87 0
4 73 82 0
25 -31 -44 0
-34 -71 84 0
17 -37 -87 0
-14 35 -69 0
30 77 -82 0
51 68 -87 0
18 33 34 0
-21 40 -91 0
27 74 -82 0
8 -19 -45 0
-18 -34 38 0
2 -49 70 0
-57 -65 80 0
23 31 -56 0
45 -58 -72 0
3 -84 0
-19 -34 -84 0
-35 -85 0
11 -88 94 0
8 -72 -94 0
-74 -89 0
-52 -61 83 0
-30 -31 -41 0
5 -55 0
61 71 85 0
10 -68 -84 0
13 -90 0
6 16 21 0
-24 -83 84 0
-19 -22 -33 0
36 45 50 0
13 54 82 0
-19 -35 0
11 -26 -89 0
32 -43 -89 0
-35 -48 -75 0
-16 -54 59 0
21 -45 -89 0
-9 65 80 0
45 -79 83 0
-33 -52 -91 0
28 49 91 0
12 23 51 0
18 60 -74 0
-50 -64 93 0
27 71 -75 0
12 39 74 0
30 -60 -78 0
77 80 -94 0
22 31 -49 0
-18 42 -49 0
9 13 59 0
20 -78 -83 0
-12 34 41 0
-30 55 -80 0
-3 54 90 0
-63 -70 83 0
7 41 -46 0
29 -71 80 0
-65 75 -84 0
7 67 0
-58 74 0
-14 -67 -73 0
10 -25 -74 0
-8 -22 -88 0
43 -88 89 0
-2 4 -24 0
6 -32 -55 0
-26 69 75 0
10 -22 47 0
54 -76 -87 0
-9 -40 84 0
-3 48 -70 0
22 -73 74 0
-5 21 71 0
37 57 -93 0
36 -54 0
37 66 -83 0
-5 15 -29 0
-22 -42 67 0
56 75 0
44 -70 81 0
-19 23 63 0
10 16 -42 0
-30 66 -74 0
29 -45 77 0
-6 -55 62 0
-9 22 -38 0
35 -57 61 0
48 59 60 0
17 -34 -43 0
-34 75 0
29 47 52 0
33 -53 -86 0
-14 -26 -44 0
8 62 -69 0
1 76 89 0
10 35 -43 0
38 -59 89 0
51 -74 -89 0
-2 36 -47 0
-24 60 -69 0
55 -79 80 0
12 -45 61 0
11 -35 59 0
-9 61 74 0
-30 40 0
30 59 -71 0
-39 -44 -66 0
-20 -35 -57 0
15 -40 44 0
-6 -14 -48 0
-7 -21 45 0
-11 -62 69 0
64 -69 90 0
34 -37 46 0
-19 35 -79 0
5 38 45 0
-22 58 -73 0
35 41 -57 0
12 -19 -80 0
-10 -43 -62 0
4 -15 18 0
-11 14 89 0
15 26 -93 0
-30 -36 -51 0
28 -61 79 0
-4 6 -66 0
-8 42 92 0
-3 81 83 0
-22 -25 -61 0
61 -73 88 0
40 -64 88 0
36 86 87 0
21 -37 0
4 -22 -49 0
-14 26 -71 0
37 -46 63 0
-5 -26 -77 0
13 44 0
-6 7 80 0
45 -67 -79 0
31 51 -62 0
-30 43 -60 0
16 55 77 0
-44 49 82 0
40 -57 -60 0
31 33 -40 0
-46 -55 -74 0
83 -88 0
18 -46 -90 0
48 -63 71 0
1 51 75 0
29 -40 89 0
24 26 -83 0
-15 -22 -90 0
-10 23 38 0
-39 -46 -89 0
-73 -83 -86 0
12 59 78 0
4 25 -58 0
7 22 28 0
5 27 -29 0
-38 -39 40 0
-23 -81 0
-16 -41 -63 0
24 -55 84 0
-27 73 90 0
-18 -52 -90 0
-9 10 -64 0
-86 89 -93 0
-59 -66 -87 0
-6 -50 71 0
-42 50 -88 0
-26 31 -47 0
-5 -55 62 0
-4 25 94 0
6 -64 -81 0
12 -63 -87 0
-39 83 -89 0
-44 53 90 0
-17 26 -37 0
7 62 -84 0
-22 -53 -91 0
24 -40 75 0
13 -30 42 0
2 -8 -72 0
16 -55 92 0
-52 64 81 0
-22 -23 -76 0
42 -73 79 0
-10 34 -47 0
13 -62 81 0
1 -9 -90 0
60 66 -81 0
16 -57 67 0
34 71 -86 0
36 54 -68 0
-74 81 -93 0
-2 67 -75 0
65 -68 -82 0
-37 -60 -75 0
-8 -63 -90 0
-50 -82 83 0
20 -28 -90 0
-22 -66 -90 0
-4 -16 42 0
-69 84 0
-57 -58 65 0
-9 -25 75 0
-27 -45 -56 0
-12 -59 -77 0
-16 53 -94 0
10 66 0
44 -70 91 0
-54 57 0
-16 -36 59 0
-2 26 -52 0
8 -10 -36 0
-10 -15 -89 0
15 60 74 0
-15 -37 92 0
-57 -85 90 0
16 41 -49 0
12 -36 78 0
21 28 60 0
-7 11 79 0
-14 -29 -88 0
6 -8 10 0
-10 -25 68 0
-52 84 -89 0
16 28 84 0
39 -69 79 0
9 16 -42 0
-6 28 -33 0
25 -52 -56 0
-3 -6 -31 0
9 -38 74 0
-16 45 55 0
-32 34 -58 0
7 -41 66 0
-25 41 -79 0
-19 78 -90 0
1 49 52 0
-33 -44 -85 0
29 32 86 0
12 22 77 0
-49 -56 -84 0
41 -46 -93 0
18 -29 -94 0
-14 -87 0
34 -40 74 0
46 71 -85 0
14 -29 -85 0
63 -71 -76 0
-71 -72 -78 0
18 62 67 0
41 45 59 0
47 68 77 0
-15 -52 -73 0
37 83 92 0
-5 31 -54 0
-19 -76 -82 0
14 37 -79 0
34 -42 85 0
21 44 -58 0
71 -73 75 0
-37 45 -64 0
-10 -19 -72 0
71 79 -81 0
5 32 -70 0
23 -33 -65 0
11 33 -83 0
61 -76 80 0
23 48 -56 0
-42 52 81 0
15 -93 -94 0
30 62 74 0
12 -34 61 0
-5 -35 68 0
-32 -74 87 0
10 34 54 0
26 34 51 0
