p cnf 71 222
3 39 0
-14 31 67 0
-30 -45 46 0
-1 -2 65 0
-13 -21 -33 0
-34 -58 63 0
4 40 0
-2 29 -63 0
15 -27 56 0
12 -16 24 0
-15 -20 0
8 42 -64 0
28 -45 0
21 -25 70 0
-17 55 56 0
-22 38 -46 0
-13 27 -55 0
-40 -67 0
35 -56 0
-11 40 0
-24 28 0
3 27 -40 0
-16 31 44 0
-9 24 32 0
31 36 67 0
2 25 0
5 -16 30 0
13 -22 0
-12 38 64 0
21 -31 32 0
-20 -29 0
26 -55 -56 0
5 7 -9 0
-12 60 63 0
50 54 57 0
5 9 59 0
23 26 -65 0
-51 53 59 0
15 -31 0
-36 -67 68 0
15 -47 -58 0
-7 -55 -60 0
24 45 0
-28 -42 53 0
20 55 0
-32 51 -63 0
7 29 0
-5 11 -41 0
40 -47 -63 0
-1 -3 70 0
-32 -57 -62 0
-9 23 -41 0
4 21 0
32 -37 0
30 54 0
-2 -12 -38 0
34 68 0
36 63 0
1 9 60 0
2 -9 -69 0
23 42 54 0
-14 -34 -56 0
-24 29 60 0
-20 56 -59 0
18 23 -41 0
16 25 51 0
-13 67 0
15 -48 52 0
-56 -60 -63 0
11 48 -58 0
-39 -60 0
13 60 70 0
-24 -40 50 0
13 -42 -70 0
7 12 -56 0
29 53 -63 0
11 -18 -54 0
39 -46 0
15 21 70 0
-34 -57 -59 0
-36 -50 0
26 -31 57 0
52 -55 -61 0
-4 -24 63 0
-54 -57 0
14 45 -71 0
-16 36 66 0
-29 36 55 0
-1 8 -17 0
-33 62 -68 0
-57 -62 -70 0
-9 -20 37 0
-14 65 68 0
11 -12 -31 0
-6 -70 0
-24 34 66 0
-22 -35 0
9 62 -63 0
-7 20 24 0
-44 66 0
23 -31 -48 0
-8 -23 0
2 4 -67 0
12 33 0
13 63 0
30 -42 -64 0
-6 -7 0
21 38 -59 0
-1 10 -45 0
22 -34 63 0
-8 31 56 0
-9 41 -54 0
-45 55 0
-10 -15 21 0
-4 -71 0
-32 -56 0
12 -31 0
11 44 0
-18 37 0
37 -58 0
-8 70 0
32 -50 -65 0
29 -34 52 0
5 15 45 0
32 39 -40 0
-6 -18 -68 0
-5 14 -34 0
-41 64 -66 0
21 32 -54 0
-44 65 68 0
18 45 68 0
2 -40 0
26 31 70 0
-26 61 0
10 15 65 0
-3 -50 -70 0
25 31 -33 0
1 15 33 0
-2 -15 22 0
43 -58 0
-20 -24 -35 0
-6 31 0
39 -53 57 0
11 -40 -63 0
-33 -35 0
-32 35 0
-49 -70 0
-1 21 -65 0
-15 21 51 0
-7 48 0
51 -53 -69 0
28 30 68 0
-59 63 0
20 -28 -36 0
-5 32 0
-45 65 0
-52 53 -70 0
-21 34 61 0
31 -57 0
26 62 -70 0
2 -11 18 0
16 -21 57 0
-39 71 0
-35 55 65 0
22 33 0
11 -18 0
-6 47 0
-12 38 -62 0
-24 -48 0
16 56 62 0
-46 -47 0
4 7 -65 0
-56 60 0
20 29 -33 0
13 -24 0
-3 -14 15 0
29 -30 -52 0
27 -34 46 0
-21 22 59 0
-15 50 62 0
-42 -57 0
12 13 -52 0
-11 31 0
-3 31 0
-17 -31 51 0
-17 18 -52 0
41 -67 0
-26 -58 0
-8 54 0
30 34 60 0
-34 39 0
-31 52 -66 0
-7 9 -22 0
38 -71 0
-40 -61 0
-15 -22 38 0
-30 44 0
-12 -20 0
29 36 0
18 27 -40 0
-5 15 -34 0
-11 15 -25 0
3 41 -70 0
17 -20 -38 0
29 -68 0
-7 -12 59 0
25 -51 0
-7 -42 0
-7 -16 0
34 -53 54 0
-25 -33 40 0
4 -38 41 0
60 -70 0
-46 49 0
19 64 0
-34 63 69 0
-9 21 -52 0
28 -56 0
32 -46 0
-16 28 -51 0
-21 -29 44 0
46 50 0
