p cnf 89 327
41 -55 -84 0
-13 -23 28 0
-23 -38 64 0
9 41 72 0
34 -53 -68 0
22 -56 -63 0
-24 -52 -70 0
-62 71 -83 0
31 -74 78 0
60 86 -89 0
41 -56 69 0
-22 52 86 0
3 -44 -77 0
-47 53 79 0
-16 -31 0
-3 -51 -65 0
-3 -12 15 0
-21 -80 0
2 -19 -83 0
6 9 -10 0
57 60 -74 0
-34 43 -88 0
21 -31 -86 0
43 47 -55 0
-63 -75 -82 0
-31 56 -80 0
54 -67 0
1 -7 -56 0
-11 -32 33 0
20 -40 81 0
-40 58 82 0
1 61 0
-17 -43 -56 0
-12 66 0
64 78 79 0
21 -24 28 0
2 -20 -28 0
35 -69 -78 0
26 -32 48 0
33 76 -81 0
60 -79 0
3 -19 -30 0
36 -50 -68 0
-42 -56 -82 0
-32 -35 77 0
2 -11 -51 0
-40 -70 87 0
52 -66 -84 0
-10 -39 0
-1 52 71 0
-5 -48 -61 0
53 -56 0
-20 36 89 0
-6 12 -67 0
-22 29 42 0
-11 -72 0
3 -30 -45 0
-20 -50 0
-2 -37 0
-42 -57 88 0
32 40 60 0
16 52 86 0
-27 -60 -82 0
-15 -19 -25 0
4 -30 40 0
3 -18 75 0
-30 -41 0
-20 41 80 0
3 9 0
8 -13 -23 0
18 -30 -47 0
-35 43 -74 0
-5 24 71 0
-30 -47 63 0
-76 -80 0
-11 45 50 0
-5 -52 -85 0
-5 25 -52 0
19 21 39 0
27 -58 81 0
-6 -22 76 0
-3 -18 40 0
-47 48 -71 0
53 -65 -80 0
-72 74 78 0
1 -12 -78 0
44 78 0
57 -76 -89 0
2 42 -57 0
-26 -28 -69 0
7 -41 83 0
-6 -28 -86 0
26 46 83 0
35 -74 0
-24 -28 77 0
-44 -74 -79 0
-4 15 0
-2 20 70 0
-57 -75 89 0
1 -36 -69 0
-23 29 -82 0
19 -39 78 0
-1 -45 54 0
47 49 50 0
-34 -52 74 0
-15 81 0
10 52 -53 0
15 -32 0
-70 75 83 0
17 -23 86 0
-10 52 88 0
-8 -48 -73 0
4 -55 -80 0
-17 -44 81 0
1 8 -76 0
-26 46 -77 0
-33 41 56 0
-51 57 0
48 50 0
78 83 0
17 -29 -72 0
-2 6 -54 0
9 -29 64 0
7 17 73 0
31 -55 0
3 67 69 0
47 -49 -52 0
-24 -83 0
-37 -40 46 0
18 -56 79 0
-1 -88 0
-34 -61 79 0
1 84 87 0
16 -25 44 0
-32 -39 -81 0
-41 52 -62 0
2 38 0
-56 75 -82 0
-29 40 -87 0
22 -34 40 0
-59 -68 -78 0
51 69 -70 0
-20 32 66 0
20 -59 83 0
46 -57 59 0
-39 64 85 0
6 31 0
-31 32 44 0
-7 12 -43 0
-59 73 0
4 -36 76 0
-7 -13 31 0
1 -2 -21 0
1 46 -67 0
1 -20 -66 0
3 -9 84 0
18 29 -53 0
12 21 -79 0
-17 -58 0
-12 -56 79 0
-52 67 -83 0
2 -8 -78 0
-51 66 -79 0
30 75 0
48 75 0
5 -29 -50 0
-22 38 -40 0
-3 55 88 0
10 38 40 0
-21 -22 -84 0
-25 -36 65 0
-21 -50 -82 0
29 -44 82 0
-7 -19 -40 0
12 -24 -44 0
6 -14 -45 0
-33 47 86 0
-5 54 61 0
-28 -38 -81 0
33 -41 71 0
3 -51 -67 0
-39 62 -85 0
37 -68 -76 0
-19 -33 -56 0
26 62 0
6 -34 -42 0
-59 61 83 0
-50 -59 84 0
10 20 44 0
11 -27 72 0
9 -65 73 0
5 -23 33 0
-38 -64 0
-43 -52 -67 0
17 24 68 0
1 -14 -40 0
-8 -14 -23 0
-13 -46 -72 0
-21 -83 0
12 -57 0
-55 -76 -81 0
18 77 -84 0
29 63 68 0
83 84 0
-59 -61 -66 0
12 72 -79 0
-76 -81 0
-23 -42 -68 0
-65 -75 -83 0
-19 23 -74 0
-32 83 87 0
14 72 -85 0
1 -27 -62 0
-7 8 -34 0
5 -15 60 0
-4 -9 64 0
31 -51 0
53 -73 84 0
-42 -80 0
-53 54 86 0
-7 56 81 0
9 48 -69 0
-42 43 56 0
-3 -46 54 0
18 19 -41 0
-19 -63 79 0
5 -45 65 0
9 51 -58 0
-28 -60 66 0
22 24 -40 0
-5 -25 70 0
14 -47 0
-14 36 37 0
-35 41 49 0
-6 12 80 0
-7 -67 -88 0
-16 -30 66 0
-3 13 22 0
-25 35 -37 0
35 -46 -51 0
19 -57 58 0
-6 -15 -53 0
5 19 -46 0
46 -48 -49 0
6 -43 -73 0
6 -55 -65 0
13 22 0
18 -49 82 0
5 39 -69 0
-5 7 -27 0
1 84 -86 0
11 -15 59 0
41 42 -45 0
-69 74 86 0
61 -74 -88 0
-4 43 81 0
-36 -44 68 0
-44 -62 84 0
-41 49 50 0
-5 55 -82 0
14 -52 -68 0
-10 -12 -39 0
-1 41 -69 0
48 79 -82 0
4 22 -80 0
-34 39 -88 0
-3 -15 0
5 -11 -83 0
-21 34 67 0
-10 11 61 0
50 -78 0
34 -58 -71 0
22 -41 72 0
23 -41 -82 0
-20 51 55 0
36 37 -45 0
7 9 71 0
-23 36 -67 0
-44 61 -67 0
12 60 65 0
-25 -71 -87 0
-3 -28 89 0
83 -87 0
-28 -38 64 0
-21 60 -62 0
6 -65 -69 0
-2 -13 37 0
-68 -69 0
15 29 32 0
-9 -12 -44 0
69 76 -85 0
5 -6 82 0
15 22 -30 0
71 80 0
-15 29 80 0
-9 17 -83 0
7 -27 72 0
23 58 0
29 80 86 0
55 71 85 0
-4 -10 -16 0
9 32 40 0
-33 -39 62 0
49 -51 -78 0
-60 83 -88 0
-4 -68 70 0
35 82 0
35 46 0
-42 64 -83 0
34 45 -79 0
34 -64 0
20 -58 -85 0
2 -12 -82 0
45 69 89 0
-9 -25 -57 0
-15 73 0
-52 68 -73 0
-17 39 56 0
-15 36 89 0
19 -28 62 0
-1 -19 -38 0
-23 -27 -76 0
-3 -23 26 0
-47 -70 0
-14 -18 72 0
7 -17 -18 0
31 -33 81 0
