p cnf 86 312
-18 29 78 0
4 -7 25 0
-36 -86 0
28 40 -84 0
4 27 -72 0
-14 28 65 0
-9 -20 27 0
10 -24 81 0
-40 44 73 0
-37 -39 -48 0
25 50 83 0
18 -22 -58 0
-30 43 81 0
35 -62 0
-9 38 46 0
7 -8 42 0
17 83 -84 0
-4 22 -45 0
-49 83 0
54 65 67 0
66 68 71 0
31 42 -79 0
-49 69 0
-14 29 -70 0
22 68 76 0
6 9 -10 0
-44 -55 -80 0
-6 -13 77 0
21 51 0
11 -22 -42 0
-26 30 45 0
4 -79 0
-2 57 0
19 81 0
-20 44 59 0
-10 11 -47 0
20 -26 -74 0
-26 29 52 0
15 -36 82 0
-20 -46 0
38 -46 80 0
4 69 70 0
-10 17 79 0
4 -21 46 0
-23 32 42 0
43 -57 64 0
11 53 -84 0
-23 30 48 0
-52 66 -79 0
35 50 -56 0
-62 67 72 0
57 80 0
66 75 77 0
-11 17 60 0
-10 61 -62 0
6 -11 21 0
-22 -79 0
-15 16 -78 0
-8 47 53 0
12 -65 -84 0
1 19 67 0
36 -53 -59 0
32 -43 -44 0
-67 71 79 0
15 37 0
-19 83 -85 0
-26 -49 0
5 -7 29 0
27 38 50 0
-15 48 -82 0
17 51 -70 0
13 -52 73 0
-1 28 -58 0
-26 -67 -73 0
32 -61 83 0
5 -19 -80 0
-22 73 82 0
-7 14 -67 0
-13 19 66 0
-32 74 0
-68 -70 0
-67 79 -81 0
-6 28 77 0
23 -46 0
40 52 -57 0
5 28 -29 0
-22 26 -38 0
-46 73 -83 0
47 71 85 0
-23 32 69 0
-36 51 -82 0
-21 48 0
-24 35 75 0
12 18 70 0
-4 27 -75 0
6 62 -65 0
-26 -43 86 0
-57 -60 69 0
13 -23 -70 0
2 -10 -68 0
-25 -34 -71 0
-20 30 -35 0
6 11 -44 0
15 55 -77 0
27 69 86 0
5 62 -67 0
9 -30 33 0
28 31 0
-24 31 -39 0
-6 24 60 0
15 18 75 0
-53 58 0
-6 64 73 0
-5 -17 -46 0
-2 6 -9 0
15 39 63 0
-13 -23 -75 0
12 -13 -78 0
-2 -51 73 0
34 -69 -75 0
-3 -14 56 0
-13 59 61 0
15 -36 -41 0
11 62 0
41 -53 -67 0
-34 -60 0
9 40 70 0
17 37 -39 0
62 74 0
-6 -47 -67 0
-8 -22 -30 0
28 72 77 0
-24 62 73 0
20 50 -81 0
32 -52 78 0
16 22 81 0
7 -33 66 0
-23 28 54 0
-11 -40 -46 0
31 42 66 0
28 -69 -82 0
-47 64 -75 0
-17 62 71 0
43 -71 84 0
-21 39 0
8 -32 -43 0
50 64 0
-42 47 49 0
-20 -25 0
4 33 -79 0
-2 8 -24 0
-24 69 -83 0
9 -40 0
52 56 59 0
14 -53 66 0
-27 50 0
7 -11 -69 0
13 -37 75 0
-61 -69 73 0
-2 17 -44 0
-25 30 78 0
44 -56 58 0
7 -28 82 0
-61 62 84 0
-6 39 55 0
27 76 0
-49 53 64 0
13 -62 0
5 22 23 0
18 -66 77 0
-39 -47 -72 0
34 39 71 0
64 66 74 0
-5 -27 70 0
6 -12 34 0
-59 67 -79 0
57 -78 0
-26 -32 73 0
-49 -56 -69 0
-9 -55 65 0
-5 15 -30 0
82 -85 0
-18 -81 0
-9 27 -54 0
-3 10 -17 0
22 -33 -75 0
-20 36 57 0
-44 -57 60 0
31 58 -61 0
-65 67 0
-5 63 64 0
45 61 -65 0
-15 41 80 0
9 -13 -64 0
13 -34 0
-10 -46 -68 0
-4 -12 -45 0
12 -57 -79 0
16 64 0
-37 47 -71 0
-34 -42 50 0
36 -68 85 0
17 73 0
33 54 66 0
-35 37 52 0
8 -26 84 0
-5 29 46 0
13 57 70 0
-50 60 85 0
-41 -58 66 0
17 -60 69 0
-20 32 0
-8 -16 66 0
3 -69 0
38 -43 0
-33 -35 -52 0
-4 -55 -86 0
-23 68 71 0
11 -18 -19 0
47 -51 69 0
-26 -61 0
77 -81 0
6 43 -86 0
-22 -63 78 0
13 65 -71 0
6 -15 -30 0
15 28 59 0
-21 39 71 0
-17 62 66 0
-13 -32 42 0
-46 -80 0
-51 59 0
-2 29 75 0
-24 55 0
-16 -30 0
3 -34 -59 0
8 -34 37 0
-57 74 78 0
-34 37 48 0
6 44 -70 0
-39 -82 0
-6 -57 0
8 23 -28 0
2 83 0
-27 -53 -58 0
-2 4 35 0
9 43 63 0
22 -26 86 0
-44 49 -64 0
-19 24 0
-1 -59 -75 0
28 -50 82 0
69 -80 0
-32 -36 -53 0
-60 85 0
36 -74 -76 0
37 -42 66 0
25 39 -57 0
1 -25 26 0
7 46 67 0
29 -55 62 0
-5 49 67 0
18 -28 52 0
9 -39 67 0
37 45 -57 0
-54 77 -81 0
11 62 -85 0
-9 -47 50 0
10 42 79 0
-2 -52 -77 0
-5 -8 -47 0
35 44 -49 0
-2 -43 -48 0
-46 -78 0
-49 -70 85 0
-20 -55 -63 0
-21 54 -73 0
-36 85 0
-1 -28 -29 0
-10 -81 0
8 26 28 0
30 -43 -73 0
39 -45 -79 0
-13 -43 85 0
-10 -25 -79 0
-54 64 -85 0
-83 -84 0
13 -37 -71 0
-23 -65 81 0
-37 55 -76 0
11 -16 -81 0
24 -39 0
10 -51 -69 0
-16 52 0
-16 63 0
1 -35 -61 0
-41 65 -74 0
39 53 -54 0
40 -45 72 0
7 -27 55 0
51 59 0
-4 11 0
-7 -11 -17 0
38 -45 62 0
-27 -65 73 0
-10 -82 85 0
-56 74 -77 0
-21 -42 0
-59 -64 0
-16 -42 46 0
-16 52 56 0
-39 42 -66 0
