p cnf 90 338
-13 15 -52 0
-11 -27 47 0
29 -48 86 0
1 79 0
-18 -22 85 0
-13 -41 87 0
22 41 79 0
-36 51 -54 0
9 45 -66 0
30 56 -84 0
-27 28 -74 0
-40 86 -89 0
-48 53 0
-13 -37 0
-30 -39 88 0
34 40 -70 0
3 -31 0
33 -44 -50 0
20 -49 -81 0
59 -77 -81 0
-17 -29 -72 0
-10 32 -84 0
-45 72 0
-36 80 88 0
7 43 -73 0
14 52 0
-36 -69 -80 0
-11 -24 44 0
15 29 85 0
24 49 86 0
29 -41 0
3 81 0
-35 69 -79 0
-1 -57 -81 0
27 -43 89 0
-17 -20 67 0
39 -78 84 0
25 47 77 0
-46 71 80 0
66 85 89 0
49 73 0
-6 -22 58 0
23 57 -79 0
29 57 0
-30 44 51 0
-5 58 88 0
-10 21 37 0
-22 -46 -89 0
4 7 -67 0
2 26 68 0
13 18 67 0
57 -68 0
-10 33 39 0
67 -73 0
-14 -81 82 0
-15 -16 -51 0
61 -67 -69 0
4 -21 0
-18 38 -63 0
35 36 -90 0
8 27 -45 0
55 -71 -73 0
20 38 53 0
18 -57 -65 0
72 -77 -79 0
-52 -84 90 0
36 -61 71 0
33 42 43 0
2 34 0
-16 -18 -66 0
-13 -60 82 0
-85 -88 89 0
41 42 82 0
23 58 0
-18 44 -77 0
-21 50 65 0
54 62 88 0
-33 44 58 0
-48 -54 61 0
-30 32 -86 0
14 59 -64 0
27 -28 -82 0
34 -42 84 0
6 -29 42 0
-5 16 18 0
-11 24 49 0
26 -55 -57 0
-30 -34 -55 0
36 41 -66 0
17 33 0
-56 -59 0
31 42 -43 0
-5 -67 -75 0
-40 78 -90 0
-19 -21 -55 0
12 -42 63 0
14 -58 -84 0
53 57 -89 0
-15 -64 68 0
-3 10 22 0
-20 57 -87 0
-14 25 -45 0
-21 47 -90 0
77 82 -85 0
49 72 0
-19 69 79 0
-10 30 74 0
27 42 78 0
-13 -21 -54 0
1 -8 76 0
-11 17 23 0
18 52 -69 0
51 -60 -66 0
-29 -34 61 0
34 -66 0
16 37 44 0
-19 -30 36 0
52 61 0
2 -20 -60 0
5 -20 -25 0
26 39 86 0
-12 -14 -40 0
-10 41 47 0
-34 58 70 0
-16 -19 -63 0
5 -16 -55 0
-22 -49 -51 0
31 45 55 0
-54 -58 0
-25 -39 -46 0
37 53 74 0
-9 21 39 0
-20 -53 71 0
10 61 0
6 33 41 0
36 -90 0
-42 49 88 0
-10 56 -90 0
43 82 0
69 77 0
-28 40 -43 0
80 84 -89 0
-14 23 90 0
1 37 53 0
-26 78 89 0
-46 -55 -87 0
33 -73 0
14 38 -74 0
1 -3 82 0
43 -58 -69 0
25 36 -80 0
42 -82 83 0
25 44 81 0
-17 65 81 0
-18 -64 -70 0
-64 75 -82 0
-54 63 -64 0
-30 -31 0
-10 -21 -76 0
41 53 -76 0
27 42 61 0
-1 -24 -58 0
-11 -12 -89 0
-58 80 -82 0
-10 -60 74 0
-18 34 90 0
28 55 -64 0
4 38 0
-63 69 -82 0
53 78 -84 0
43 86 87 0
7 35 -53 0
4 11 -76 0
8 -16 78 0
16 57 -70 0
-46 48 55 0
-26 41 -51 0
-81 -89 0
-27 -67 0
21 -73 90 0
-15 -34 37 0
67 -73 -75 0
33 -63 75 0
29 35 90 0
-53 -66 68 0
9 -14 -42 0
-2 -35 -45 0
32 -34 -87 0
11 47 59 0
11 35 -71 0
11 -19 72 0
-33 -67 -71 0
-11 -63 -64 0
-1 48 -57 0
-57 -73 87 0
-5 35 -72 0
21 72 -73 0
58 61 -76 0
-16 -33 -76 0
12 16 63 0
-42 75 0
16 40 51 0
1 -34 -89 0
11 -26 29 0
-29 -43 -89 0
-6 14 48 0
31 -34 -60 0
-56 65 72 0
-17 -59 -77 0
-3 53 0
-23 -36 78 0
-50 58 -75 0
10 24 56 0
-30 -32 82 0
2 -40 0
1 35 38 0
5 78 -85 0
-19 26 -82 0
25 27 61 0
-5 57 72 0
-16 -45 70 0
-23 -43 -73 0
-2 19 -25 0
9 54 81 0
-30 -81 0
-44 48 78 0
3 28 52 0
-20 -21 69 0
-21 -72 79 0
12 -29 -38 0
9 -41 -72 0
25 26 -90 0
15 -23 -65 0
-28 -39 -57 0
1 -15 0
-25 79 -87 0
-11 28 -86 0
-16 -27 -60 0
11 15 -37 0
46 71 -86 0
-19 20 0
-17 -79 0
19 20 -31 0
-33 -75 -79 0
10 -28 62 0
6 59 -67 0
-27 30 85 0
-1 8 -33 0
-8 60 -70 0
5 -24 -90 0
18 -25 -45 0
26 -27 42 0
-6 -41 74 0
48 50 72 0
-27 -29 -64 0
18 -44 0
21 -29 76 0
5 -39 -78 0
-10 62 75 0
60 61 -79 0
-31 62 -87 0
8 -44 50 0
34 50 -53 0
10 27 -87 0
17 30 -88 0
-35 -47 -89 0
63 65 -76 0
49 70 -80 0
10 14 -74 0
31 73 0
-47 89 0
18 31 -73 0
4 -39 76 0
-29 -46 0
-1 45 75 0
21 42 64 0
-6 -31 63 0
24 25 54 0
4 45 89 0
-3 -31 -32 0
53 -55 86 0
41 -68 -89 0
-36 -58 83 0
-60 69 -85 0
-44 -65 83 0
48 -88 0
-27 38 -84 0
-28 54 -62 0
16 53 63 0
10 -27 49 0
24 -56 -81 0
11 -48 89 0
-28 62 -79 0
-51 52 -75 0
71 -82 0
4 62 72 0
38 63 83 0
-12 13 52 0
30 72 0
3 18 -48 0
-34 -44 51 0
26 -39 -45 0
47 51 68 0
-10 35 55 0
-36 42 -67 0
-15 16 -46 0
-17 -24 -73 0
23 33 -69 0
-22 33 79 0
-35 -73 76 0
34 -35 -36 0
35 -69 79 0
-44 63 -81 0
18 44 -72 0
-27 51 67 0
17 -61 -89 0
-3 15 -79 0
-43 -51 74 0
24 -59 -68 0
-32 -36 76 0
11 18 -49 0
21 -51 -63 0
-40 -69 -77 0
-55 80 -83 0
1 -60 -71 0
39 -87 0
-18 29 73 0
10 -45 84 0
-14 -15 45 0
3 -25 -56 0
-40 49 81 0
16 -45 -48 0
33 75 -82 0
44 57 -86 0
-12 -63 0
-61 -89 0
-58 71 86 0
16 42 -72 0
