p cnf 94 362
-11 -22 -71 0
21 64 84 0
-2 31 42 0
24 -38 45 0
34 -35 -57 0
-2 -65 -68 0
-38 -81 0
-6 -68 -74 0
-39 -63 0
2 59 -67 0
-4 73 93 0
-60 -87 90 0
-7 -36 69 0
-26 31 52 0
-4 48 90 0
42 -59 81 0
9 60 0
-29 -46 75 0
-6 14 -24 0
11 -15 -56 0
4 15 -65 0
23 44 91 0
-13 38 -84 0
68 79 -88 0
37 -52 65 0
18 -58 -86 0
-22 -38 62 0
54 -85 93 0
-15 -56 -72 0
21 -44 46 0
-21 -50 66 0
81 93 0
19 23 65 0
-4 -61 88 0
-4 17 55 0
-39 -80 0
12 61 -69 0
-65 -86 88 0
37 51 -66 0
6 59 -82 0
-61 63 -79 0
23 24 -54 0
18 59 75 0
-15 46 0
-14 -92 0
-20 86 94 0
40 82 -89 0
-45 -61 -64 0
-2 -4 -68 0
-10 28 81 0
-30 42 -90 0
-8 51 70 0
14 53 82 0
19 66 70 0
-49 71 72 0
-6 30 -61 0
-38 71 90 0
24 -38 -62 0
41 60 -77 0
52 -82 0
35 -39 -80 0
36 44 60 0
-9 30 47 0
-24 28 47 0
-41 -52 68 0
-24 35 85 0
-65 -78 79 0
29 -40 -50 0
25 42 47 0
16 -63 -64 0
-24 74 0
-29 61 89 0
-59 -85 -86 0
38 -62 -86 0
-41 -46 91 0
-56 67 -86 0
13 -46 -76 0
-4 -26 54 0
29 69 -74 0
9 -52 74 0
-3 -16 30 0
-5 30 -90 0
24 -53 -77 0
36 -42 87 0
-9 47 0
-21 -22 48 0
-4 26 53 0
49 60 64 0
26 42 82 0
-32 60 78 0
-38 -41 -64 0
-7 57 -87 0
-29 68 80 0
-6 7 56 0
-5 17 0
26 70 -78 0
-67 77 0
-33 -46 70 0
20 46 53 0
13 65 -68 0
27 61 -79 0
27 35 67 0
-7 -41 82 0
-38 -62 87 0
8 50 -60 0
-1 -12 -34 0
24 28 -42 0
-2 67 -85 0
7 -22 41 0
-34 40 -49 0
-37 -50 -65 0
37 85 -87 0
46 -72 0
-25 30 -41 0
6 53 71 0
52 77 93 0
24 -60 63 0
-48 -81 -87 0
57 -64 -77 0
53 -77 84 0
-16 -62 76 0
-22 47 0
-10 -14 -75 0
60 -66 67 0
69 80 -94 0
-58 -73 0
-13 -19 71 0
17 -23 75 0
-45 53 91 0
-12 13 45 0
24 49 -53 0
10 55 83 0
30 71 -78 0
-20 -63 -93 0
-10 14 30 0
13 20 0
-9 -34 64 0
-6 61 87 0
-15 63 73 0
-22 -77 0
-19 57 85 0
-17 42 46 0
18 53 75 0
-7 -10 71 0
-21 67 78 0
-33 36 -43 0
19 20 34 0
12 62 90 0
-14 42 -50 0
-7 25 37 0
2 -21 -72 0
30 -42 -65 0
-13 -43 45 0
-36 60 62 0
-28 -41 56 0
15 -51 -64 0
-73 -86 87 0
3 -20 -64 0
-5 -50 -84 0
-11 66 -75 0
13 15 55 0
-6 15 0
-16 33 44 0
-20 47 53 0
-42 46 81 0
19 -35 -89 0
26 76 -87 0
46 55 73 0
37 42 0
40 83 90 0
-13 65 -73 0
-48 92 94 0
70 84 88 0
-67 83 93 0
-49 64 85 0
27 -55 78 0
13 -37 -67 0
14 29 -70 0
-18 21 56 0
-8 32 83 0
27 -40 67 0
-3 75 -77 0
-13 59 -61 0
3 29 -60 0
-8 -16 -19 0
9 -24 -89 0
17 -42 67 0
9 -44 57 0
-47 57 70 0
5 55 0
-69 71 80 0
-38 -82 88 0
8 22 82 0
-29 31 -74 0
-18 39 92 0
24 -59 68 0
60 68 -85 0
-11 48 -61 0
-14 82 -87 0
-54 79 -80 0
27 -43 -50 0
14 -23 59 0
-2 48 -49 0
-33 49 62 0
-5 53 -64 0
32 42 -83 0
-19 29 0
-10 -69 90 0
-4 21 -36 0
-71 -75 78 0
-46 77 0
20 -33 87 0
42 -58 0
6 -30 -89 0
-8 19 33 0
-2 -21 -69 0
53 -67 84 0
-9 -60 67 0
47 -53 92 0
78 -90 94 0
33 -51 68 0
30 50 -89 0
14 56 81 0
13 -73 -89 0
-13 22 -76 0
4 -30 50 0
-23 -24 37 0
-28 -52 -93 0
-5 -25 -40 0
40 -43 -74 0
-2 44 -48 0
-62 69 -83 0
-68 -91 0
22 64 66 0
7 25 -38 0
41 -44 -57 0
-5 -54 -87 0
4 36 39 0
-7 32 91 0
74 -80 -82 0
-23 63 90 0
-33 38 93 0
11 14 -17 0
-12 -57 0
-47 -72 -73 0
29 31 69 0
2 -10 40 0
-33 -53 -65 0
8 -22 55 0
-11 55 74 0
10 25 90 0
14 22 39 0
-18 -77 -94 0
14 33 43 0
-36 -53 0
-6 -32 88 0
11 -28 -91 0
4 -8 51 0
-19 31 -49 0
-11 65 74 0
44 65 84 0
-26 46 87 0
-5 -62 -90 0
-46 47 0
-28 52 80 0
12 -33 89 0
2 15 64 0
-13 21 69 0
3 8 56 0
25 34 83 0
3 20 -50 0
-10 41 51 0
25 -48 -84 0
-32 -56 -66 0
-8 63 -83 0
19 -39 -41 0
-1 -73 -80 0
-11 -20 57 0
-6 14 -83 0
47 -58 89 0
11 23 -46 0
-5 56 -67 0
-32 54 -82 0
25 48 -84 0
18 39 -69 0
79 -81 -88 0
4 -28 36 0
57 63 74 0
-39 80 -90 0
-39 78 -81 0
40 -64 90 0
55 66 -83 0
-16 60 -65 0
8 -15 -62 0
3 84 -93 0
-32 -47 70 0
-2 59 -93 0
-3 -27 -94 0
-2 -48 -67 0
-10 -34 62 0
-1 -26 -79 0
-5 28 -85 0
43 65 66 0
-26 30 56 0
64 70 -90 0
4 58 -81 0
-22 -39 -94 0
32 53 60 0
22 -66 -84 0
-11 -90 0
-34 36 -41 0
-7 -43 -83 0
-26 28 -80 0
-41 53 66 0
18 46 -92 0
3 18 -58 0
26 -27 76 0
-55 85 0
-65 74 84 0
-46 -47 -81 0
-27 -49 79 0
-13 42 -94 0
-16 58 74 0
-24 28 55 0
-55 69 -78 0
-17 28 -70 0
-16 -44 -62 0
-9 54 -61 0
43 62 -85 0
19 -20 0
33 -65 74 0
-11 16 -69 0
13 33 61 0
31 -42 90 0
10 -19 47 0
23 44 94 0
20 -76 80 0
-9 53 75 0
32 -36 65 0
6 -31 83 0
29 53 -75 0
20 -56 -87 0
-3 -21 32 0
-7 55 0
-15 -30 -71 0
26 -29 -43 0
-4 8 0
-30 -68 76 0
-1 -13 -58 0
-14 -48 -84 0
-32 -33 70 0
6 9 -20 0
-15 55 58 0
-34 71 -85 0
1 -36 -41 0
-8 -40 63 0
14 73 80 0
-50 -64 77 0
-24 -49 -73 0
44 -51 -80 0
-2 -19 22 0
20 72 0
