p cnf 91 348
-5 37 -79 0
-42 -48 57 0
29 -33 76 0
31 -78 -90 0
43 64 0
39 49 88 0
8 -28 0
-48 49 54 0
-11 -78 84 0
-11 -61 85 0
24 -46 -74 0
16 -79 85 0
1 -34 -79 0
-20 32 64 0
26 80 90 0
-29 37 -62 0
19 -39 79 0
-24 -53 -68 0
25 48 -81 0
18 -38 -43 0
-30 -42 61 0
-14 -23 -55 0
36 -48 76 0
46 63 74 0
44 60 -78 0
-6 11 55 0
25 52 65 0
-29 38 -54 0
62 71 84 0
26 -66 0
40 80 -88 0
9 -18 22 0
17 19 -52 0
-13 -78 0
24 -51 79 0
-6 36 79 0
48 50 -76 0
42 61 -67 0
-24 70 0
23 73 80 0
10 -17 -90 0
57 73 0
5 -17 45 0
-28 42 58 0
22 57 -77 0
15 -71 0
49 55 80 0
-20 -56 -80 0
-31 40 0
4 55 -78 0
-56 63 71 0
-2 -4 -17 0
-20 38 39 0
39 65 83 0
-23 73 -82 0
9 44 -47 0
-12 -40 79 0
-31 -40 -62 0
45 50 0
10 45 -55 0
3 56 0
-65 -79 0
-50 -63 72 0
-19 55 76 0
-25 28 40 0
1 -29 -75 0
-33 44 71 0
-40 -43 45 0
-30 -36 -37 0
-38 -51 -79 0
46 59 68 0
-43 61 -67 0
-62 -66 -90 0
-8 -17 61 0
21 24 -28 0
16 32 -83 0
-30 -74 -76 0
17 42 0
-3 -18 -75 0
17 -72 78 0
13 36 -64 0
10 -31 69 0
-3 -50 -72 0
-9 -13 -64 0
-26 -88 0
57 83 90 0
40 -57 0
-9 -64 -66 0
-7 -8 59 0
21 48 54 0
-12 24 74 0
-4 22 -79 0
40 44 -78 0
15 58 0
59 -60 71 0
-15 -37 -82 0
-5 -63 -74 0
14 -31 43 0
10 -18 -25 0
-30 52 0
-20 -29 -70 0
36 -77 0
-16 37 -63 0
67 -79 -80 0
-72 78 0
5 -15 -52 0
-18 -25 78 0
-71 -75 -88 0
-8 -16 70 0
-56 -74 -75 0
-21 -63 81 0
-15 56 91 0
14 17 80 0
-28 -38 0
43 -76 0
-32 65 -91 0
3 -33 -47 0
-36 55 70 0
52 -55 -62 0
-14 -17 -81 0
-14 15 -72 0
38 51 -52 0
-22 -47 85 0
23 57 -74 0
-58 -59 -88 0
-14 32 -79 0
26 31 -53 0
31 51 88 0
-41 61 88 0
28 -31 50 0
-14 -21 25 0
2 -16 -53 0
19 72 84 0
1 18 34 0
50 -60 72 0
-27 -78 85 0
25 -52 55 0
-9 -40 48 0
-17 75 0
-13 -37 -43 0
10 -42 -80 0
4 11 -71 0
-45 62 -76 0
-1 19 68 0
-27 -78 85 0
-3 43 89 0
5 17 -26 0
-11 -14 47 0
-48 -49 -63 0
17 -30 67 0
3 -9 42 0
9 15 41 0
14 -24 59 0
42 -74 84 0
-15 70 87 0
1 47 84 0
13 -69 -73 0
-27 -32 -40 0
16 -40 87 0
29 65 66 0
-15 -19 -45 0
30 -67 0
-43 55 63 0
-30 -36 47 0
4 9 -50 0
45 79 0
-2 -13 75 0
-19 35 -71 0
21 -25 -26 0
4 50 -53 0
23 -59 -81 0
50 -58 81 0
-26 72 -91 0
7 19 91 0
-54 57 -89 0
13 84 -85 0
-7 20 24 0
-38 58 76 0
-32 66 -73 0
11 -38 -64 0
-74 -76 -82 0
5 51 72 0
-16 -26 -38 0
-48 -74 0
-27 -44 76 0
34 -54 66 0
11 43 71 0
50 -56 -81 0
22 -23 25 0
-2 -14 81 0
-2 11 52 0
16 -61 73 0
-14 29 56 0
-24 -30 -36 0
-24 44 -45 0
-58 -70 0
25 87 0
1 41 61 0
50 85 -89 0
60 -68 -84 0
-56 -66 0
-5 -42 90 0
-19 30 -90 0
29 52 -76 0
20 -40 -55 0
-32 51 -71 0
-11 27 -83 0
25 26 0
-29 75 -89 0
-2 -14 52 0
40 -54 82 0
-33 57 0
21 -52 -60 0
-7 -48 -78 0
7 73 -91 0
7 43 -71 0
13 -16 -83 0
-40 53 0
-33 61 -69 0
-51 -52 57 0
5 23 -84 0
22 43 -63 0
-1 -3 45 0
78 -83 90 0
-6 12 0
8 85 0
-52 -59 0
-37 39 43 0
26 -30 0
33 -44 61 0
-10 -23 77 0
-1 18 68 0
-38 -44 71 0
3 18 0
-29 -30 -91 0
14 -22 -45 0
39 -41 -72 0
8 79 83 0
-8 -24 -80 0
47 50 -85 0
19 -32 88 0
9 -40 0
-11 52 -86 0
-35 -50 0
42 -68 -81 0
47 60 78 0
6 34 -55 0
17 62 64 0
-1 54 87 0
7 9 -86 0
5 44 68 0
-12 36 -55 0
28 50 75 0
39 -62 0
-4 -15 27 0
-15 -28 -90 0
-32 37 -65 0
-22 -44 58 0
-12 34 -72 0
41 65 90 0
-13 86 0
-4 10 0
-21 -54 0
-21 -34 64 0
16 24 -31 0
54 76 0
8 13 30 0
-7 75 80 0
52 -77 78 0
54 72 87 0
4 57 88 0
23 30 55 0
-6 58 61 0
-20 -48 63 0
6 47 -85 0
20 71 87 0
-42 -65 -78 0
20 27 -54 0
-1 40 -75 0
-10 -33 69 0
5 -58 75 0
-26 -29 -90 0
-66 -83 0
11 37 48 0
65 -91 0
25 37 49 0
-16 -17 28 0
-57 79 80 0
-34 -70 86 0
-2 -5 -35 0
26 -47 -83 0
71 -75 -89 0
5 31 -37 0
-41 61 -71 0
14 -17 40 0
37 -54 0
19 28 -59 0
16 -82 89 0
-3 -70 0
50 -66 0
3 -36 -59 0
-25 44 -70 0
-13 -38 64 0
-7 46 79 0
-11 55 69 0
-5 -33 54 0
-15 23 44 0
-21 -25 -40 0
-17 -41 -43 0
22 -90 0
5 -47 67 0
-31 61 -68 0
-33 71 -78 0
74 -81 -87 0
-39 45 69 0
-1 36 44 0
53 -82 91 0
-66 -90 0
-11 -20 32 0
21 22 84 0
4 55 -58 0
-9 36 -40 0
13 36 0
19 -56 -65 0
-68 69 91 0
-42 -61 82 0
12 55 -60 0
15 47 73 0
-32 51 61 0
7 26 73 0
-46 60 0
18 -82 91 0
-46 65 -68 0
65 -71 72 0
14 42 -90 0
8 -32 85 0
16 44 81 0
17 -69 -80 0
-5 18 47 0
3 -4 -74 0
-9 -82 0
18 65 -85 0
-28 -33 -57 0
6 -19 -78 0
-48 -49 52 0
61 -66 -68 0
33 39 56 0
-33 54 -68 0
