p cnf 80 276
-3 -29 -75 0
28 -38 60 0
38 -54 66 0
49 -65 0
-21 39 -55 0
-11 -22 -53 0
-57 63 0
-17 27 0
9 40 0
-10 19 -62 0
-8 -37 -63 0
-28 -36 63 0
30 52 0
-17 -25 79 0
-6 -12 78 0
32 49 67 0
47 -76 0
50 56 59 0
9 -17 0
38 -56 69 0
-17 23 -30 0
-39 59 75 0
-14 -26 0
48 -50 56 0
28 60 62 0
4 -29 -48 0
36 -72 77 0
-20 -27 -76 0
39 69 0
39 58 -78 0
-12 77 0
-9 -25 65 0
-20 40 0
10 -18 0
9 -43 -72 0
-10 -11 39 0
-57 64 0
-3 54 -69 0
27 -45 70 0
-44 67 68 0
-42 60 -72 0
53 77 -80 0
-5 -27 49 0
-39 64 0
-34 -35 -70 0
3 26 28 0
11 68 0
-35 55 0
8 66 67 0
14 39 79 0
9 -51 0
47 54 0
10 47 0
-63 -65 -77 0
-8 -33 46 0
-49 65 0
-18 55 -65 0
20 23 -75 0
21 33 -73 0
46 66 67 0
-12 -48 0
-14 17 76 0
-15 55 66 0
-44 -51 0
7 26 75 0
-31 36 0
21 -57 -71 0
-20 26 44 0
-62 -72 -75 0
-32 -48 -57 0
-40 46 -59 0
-23 63 64 0
4 -13 66 0
-8 -13 0
-15 -40 52 0
-18 -42 49 0
-61 77 0
-35 -46 68 0
12 15 19 0
10 11 42 0
25 41 0
1 -17 52 0
-9 26 -28 0
22 -42 64 0
-12 16 -40 0
36 -40 41 0
29 -39 -61 0
53 65 68 0
-12 -27 54 0
9 -41 -64 0
-7 -44 -80 0
16 34 -54 0
47 -55 -63 0
2 19 21 0
41 -58 71 0
32 -45 -47 0
28 -62 0
24 43 60 0
-44 -56 -63 0
25 -45 -50 0
-38 -47 -66 0
50 64 0
-11 -23 -66 0
-6 -10 -49 0
44 -58 -62 0
-21 -24 53 0
-48 75 0
17 38 47 0
25 -36 60 0
-6 -18 -25 0
31 -75 0
-37 48 -79 0
37 -45 -76 0
4 -15 59 0
-18 -34 -41 0
18 37 0
-12 20 -48 0
-46 47 76 0
31 36 -62 0
17 22 44 0
46 -50 62 0
-16 44 0
5 19 -68 0
38 51 0
34 73 0
-22 23 69 0
5 -73 0
-10 16 -69 0
-20 -37 47 0
-35 -36 56 0
5 -11 29 0
-49 -67 71 0
-12 15 62 0
27 33 76 0
66 -79 0
-10 67 0
-15 -30 51 0
13 -41 -65 0
20 -29 -77 0
-10 37 51 0
43 52 61 0
-54 59 0
-1 -2 14 0
15 -30 -79 0
-48 65 78 0
1 -9 76 0
12 18 -36 0
-11 54 77 0
44 56 57 0
-23 -27 0
10 -69 71 0
12 -59 60 0
38 -49 -57 0
43 -46 0
34 -35 0
35 62 0
-2 -53 0
-53 -67 73 0
17 -53 72 0
47 57 62 0
13 42 68 0
-44 -70 0
-31 -69 -71 0
-58 69 72 0
19 -26 44 0
40 -48 75 0
-55 -57 -66 0
-28 -47 -51 0
-40 46 -66 0
43 -58 63 0
-20 -61 79 0
2 12 -33 0
31 40 -68 0
33 -44 -59 0
15 -32 -48 0
-59 -63 0
27 33 -50 0
-43 -57 0
-2 10 61 0
7 29 -56 0
-65 -77 0
23 -43 55 0
-9 -66 69 0
8 -23 -29 0
14 -70 -71 0
-23 -53 74 0
39 56 0
12 -32 -38 0
23 75 -80 0
13 -44 0
-18 59 80 0
2 -10 -51 0
-30 -39 -78 0
22 -32 74 0
-19 -49 -68 0
25 31 74 0
55 -72 0
-41 47 0
33 -52 0
10 -53 0
-26 69 -77 0
-4 21 74 0
-2 18 42 0
-8 54 0
22 -26 0
-60 68 0
-9 -59 77 0
-27 -69 -73 0
-30 73 -76 0
31 -68 0
-23 -42 -44 0
22 25 56 0
24 27 0
-51 -75 0
16 -70 0
12 31 -73 0
-31 38 0
-7 50 -74 0
-33 -55 -65 0
-1 -21 0
2 -8 -30 0
-10 -79 0
-2 -20 41 0
-10 -31 39 0
-39 47 0
-57 62 76 0
-10 -44 -66 0
-11 37 -73 0
-34 -61 -74 0
-14 36 58 0
10 -32 80 0
3 -31 -32 0
16 -50 68 0
38 41 69 0
46 56 68 0
14 19 0
48 49 55 0
30 74 79 0
-29 -33 50 0
-27 29 -44 0
-24 -50 63 0
42 -49 75 0
29 -71 -73 0
1 17 51 0
-47 -52 -70 0
-41 -69 -74 0
58 72 -74 0
-23 -28 -39 0
-4 25 -60 0
-41 51 57 0
-44 -46 61 0
-2 24 -42 0
9 -70 -74 0
67 -70 0
-37 63 78 0
-43 72 78 0
-14 47 -51 0
30 -48 54 0
-21 -22 26 0
-13 -43 72 0
2 -43 -44 0
32 68 -77 0
-35 -71 0
7 18 0
10 11 19 0
34 -53 -75 0
-1 -8 -19 0
-38 -52 -72 0
-7 -13 68 0
-8 53 0
-25 -69 0
-43 -57 64 0
22 55 -77 0
-50 -67 74 0
6 66 75 0
-24 -29 -76 0
