p cnf 79 289
-57 70 0
-39 53 0
-45 48 -60 0
12 -31 0
18 27 55 0
63 66 0
-27 67 0
-75 -76 0
25 55 -67 0
-27 -65 0
-51 -59 71 0
-53 -61 67 0
18 31 -79 0
45 -56 70 0
16 -54 -77 0
34 35 -51 0
-49 -64 0
-20 -42 0
-9 -60 -67 0
-27 45 -79 0
-17 46 60 0
46 54 -57 0
-9 -22 24 0
-41 -71 75 0
-37 50 54 0
-47 -70 79 0
-51 60 69 0
22 -51 -65 0
-19 -40 0
-12 -61 79 0
19 -33 44 0
21 62 0
12 15 22 0
-26 28 35 0
-46 62 0
-30 36 73 0
3 13 68 0
-11 -35 65 0
-24 26 54 0
-6 -43 -69 0
-24 28 -61 0
5 -24 -38 0
28 49 -75 0
-64 70 0
5 -26 -65 0
-32 55 -63 0
2 13 -31 0
-1 -8 75 0
15 71 -74 0
-27 58 76 0
5 -9 0
25 -46 78 0
-6 -35 70 0
6 -68 -69 0
-10 -61 -64 0
10 20 -51 0
3 74 -79 0
-17 -19 0
-1 8 54 0
12 15 61 0
6 -40 -76 0
-14 -54 0
-16 -46 -63 0
3 -38 0
76 78 0
-17 40 -48 0
7 10 -41 0
36 58 65 0
7 -71 0
37 -72 -79 0
19 -69 0
18 -45 -47 0
21 -30 0
-4 12 58 0
-54 59 75 0
20 60 79 0
-16 31 -72 0
49 54 -58 0
-26 -38 -79 0
20 44 0
-45 70 0
38 -70 76 0
32 46 0
19 31 -59 0
-16 -18 -63 0
-4 -34 47 0
-2 -56 57 0
-1 -10 38 0
-11 26 36 0
75 77 0
20 46 64 0
35 67 -70 0
-33 37 -57 0
20 51 68 0
18 -24 0
12 -64 -67 0
2 20 -27 0
2 76 0
-3 -22 25 0
13 29 -43 0
-9 25 -69 0
37 54 -55 0
-13 -30 35 0
16 -40 0
10 -29 49 0
18 24 62 0
33 -75 0
-9 28 -74 0
54 -57 0
13 22 -38 0
24 -28 -62 0
-12 59 78 0
46 59 70 0
30 -46 -54 0
4 37 -79 0
36 -71 72 0
16 55 -67 0
-17 52 64 0
-21 38 -64 0
-52 60 73 0
-16 21 -40 0
5 60 -75 0
3 8 51 0
52 67 0
-76 78 79 0
8 -11 0
39 -61 -66 0
24 -62 -70 0
-15 26 -32 0
-29 49 0
-44 -46 -56 0
6 16 73 0
-15 -16 -54 0
10 32 -38 0
-4 -20 22 0
5 62 -79 0
11 30 75 0
39 44 72 0
-46 -52 0
44 -61 -70 0
-28 -50 56 0
15 44 0
13 -32 68 0
26 -67 0
-17 -36 0
-46 69 0
15 43 76 0
7 33 61 0
4 7 34 0
-1 62 -65 0
21 -73 0
-13 42 0
-1 -4 -34 0
22 -45 0
-1 45 -58 0
-15 -41 49 0
33 -57 0
-25 44 -51 0
-17 -36 0
-12 -16 -71 0
42 49 -51 0
1 26 -35 0
13 -57 0
7 -79 0
16 51 73 0
4 -28 39 0
-15 -71 75 0
-35 -61 -69 0
-62 63 0
-24 -78 79 0
-1 11 16 0
-19 -30 -47 0
26 60 0
-45 66 75 0
-61 63 65 0
30 -43 0
-16 59 -76 0
-35 54 62 0
-19 47 0
-49 63 0
-13 33 -34 0
-63 -75 0
10 -58 65 0
-15 16 -25 0
18 -24 0
-17 -59 -68 0
44 76 0
12 -45 47 0
23 -53 -71 0
3 -42 0
9 -25 59 0
45 57 -74 0
-4 62 -74 0
28 65 79 0
39 -43 -77 0
-2 -19 -45 0
9 -40 0
-17 55 -76 0
-21 -38 -71 0
-17 52 0
33 44 49 0
8 -72 0
4 18 -50 0
35 -43 -71 0
38 -69 -78 0
16 -65 0
-17 -51 76 0
-77 -79 0
-17 -48 0
-7 -26 -35 0
-58 64 -79 0
6 -8 44 0
-20 -51 59 0
-6 -52 -64 0
-10 -21 -64 0
-14 31 0
30 68 -70 0
20 -39 -66 0
13 54 0
-37 -50 67 0
-32 -39 -44 0
23 -41 63 0
-5 35 73 0
-18 -35 -57 0
-10 39 0
1 -58 0
10 58 -69 0
-16 20 -65 0
17 -37 38 0
65 -74 0
2 -33 0
60 -64 76 0
6 -33 -48 0
-3 -25 0
-17 -43 -44 0
-36 -64 0
-37 39 -61 0
-15 42 -75 0
-29 30 53 0
-6 -24 0
40 50 0
-47 -55 0
30 33 59 0
52 -68 0
15 50 0
39 -45 0
-4 26 -76 0
-17 -67 0
-23 -34 -79 0
-3 41 -57 0
-5 -69 0
-18 26 -68 0
-31 55 0
-6 8 -21 0
-30 37 71 0
27 58 61 0
-43 -51 -53 0
-21 48 -50 0
-19 28 -50 0
-6 53 -66 0
4 27 52 0
15 55 -59 0
-51 -68 76 0
-49 59 -74 0
11 14 0
-17 35 -55 0
21 -71 73 0
45 68 72 0
9 -46 49 0
-28 -69 0
18 57 0
-13 29 69 0
23 73 -75 0
-15 -74 0
32 -71 0
-60 61 0
11 -65 0
43 -58 65 0
49 -56 57 0
-52 -60 0
9 23 -61 0
15 43 -46 0
-47 48 58 0
12 -32 69 0
54 -58 70 0
-21 -33 39 0
-13 38 -66 0
-46 -61 -69 0
8 72 0
