p cnf 89 332
-33 50 51 0
-4 29 34 0
-8 33 -60 0
-4 -29 67 0
1 54 -60 0
-16 -53 59 0
15 36 -57 0
-14 -56 70 0
11 -24 43 0
14 49 68 0
60 -74 0
-34 53 69 0
29 81 0
2 -5 -47 0
12 -36 -51 0
-28 55 72 0
8 -73 82 0
1 -48 -76 0
29 57 80 0
28 -36 62 0
7 57 89 0
-20 29 -87 0
17 -36 54 0
-40 -73 0
3 15 18 0
-9 76 0
54 -72 -73 0
-17 -48 82 0
-51 67 -69 0
-10 -44 -55 0
42 82 0
2 25 -78 0
-49 62 78 0
-17 44 -49 0
11 -51 63 0
-47 78 84 0
8 -38 0
-55 73 87 0
-13 -47 -62 0
48 85 0
3 -31 35 0
27 45 0
5 -26 -85 0
-7 -17 40 0
-7 34 0
7 10 -47 0
27 -41 79 0
61 -84 86 0
-45 -55 -73 0
10 31 0
27 -56 -71 0
10 -61 65 0
-26 -31 59 0
-30 -46 -51 0
-49 51 82 0
15 -74 -79 0
24 86 0
-53 62 84 0
34 -44 0
-14 17 73 0
-12 -38 0
-26 -32 -85 0
-13 34 -65 0
40 60 -76 0
18 -70 -82 0
22 55 73 0
1 -31 45 0
-20 -74 -87 0
-13 -25 34 0
11 -17 0
-9 -26 62 0
37 -43 82 0
-22 -28 32 0
8 -26 -79 0
-40 43 81 0
-75 -78 0
7 41 -87 0
11 -39 59 0
29 -35 88 0
29 -54 -87 0
11 -23 30 0
20 -28 52 0
-59 60 84 0
-37 -80 -86 0
-6 27 -46 0
-41 63 67 0
-3 16 -74 0
34 -78 0
1 -71 89 0
32 84 0
-1 -19 -30 0
-5 22 -75 0
11 -24 44 0
-50 62 -82 0
12 -35 45 0
18 39 0
-8 23 42 0
28 31 0
-17 77 0
-61 -81 0
34 48 68 0
3 -29 -89 0
-41 -42 -62 0
25 32 -38 0
-51 -73 85 0
-59 67 81 0
-5 20 24 0
20 -46 -89 0
1 -15 -68 0
-33 75 -77 0
-19 -22 77 0
44 68 0
-6 11 -19 0
-6 26 -45 0
32 39 -80 0
-45 -60 0
-17 72 88 0
-9 -10 -47 0
-5 -30 -43 0
-35 -47 -70 0
-5 -58 74 0
-57 -61 70 0
9 -56 69 0
7 20 -48 0
4 47 80 0
-33 -57 69 0
10 84 0
6 -11 81 0
7 -83 0
45 -47 62 0
-11 -62 0
14 27 -35 0
-2 -8 13 0
-18 22 -65 0
-6 -13 36 0
-18 28 0
49 -56 62 0
1 24 0
5 48 64 0
34 81 -86 0
-58 65 73 0
-21 52 70 0
-43 -59 74 0
-7 -15 -57 0
-19 36 0
47 51 53 0
14 -19 -74 0
38 77 89 0
4 10 79 0
-4 -31 0
13 -58 -65 0
-11 20 50 0
45 -59 -77 0
-25 36 53 0
43 51 76 0
-64 76 -77 0
9 -66 0
50 83 0
23 -62 -76 0
-24 -35 -73 0
6 88 0
-7 55 -77 0
-13 -44 57 0
-13 68 0
-27 -38 71 0
-65 76 89 0
33 -67 77 0
-36 -47 -84 0
-51 -57 0
-6 14 -87 0
13 -55 74 0
7 -33 -78 0
27 -49 -62 0
55 -67 -77 0
-2 27 61 0
34 -63 0
20 -24 -58 0
-2 -88 0
-10 51 -56 0
-22 -35 78 0
31 -66 -72 0
-4 -6 31 0
32 -59 62 0
-19 48 -50 0
8 -54 -89 0
-46 -53 74 0
-22 38 86 0
-11 -17 -87 0
5 36 37 0
-10 57 72 0
10 -40 81 0
37 72 -84 0
5 -36 88 0
-71 -72 0
-12 -61 85 0
-2 56 81 0
13 -28 -33 0
53 -87 89 0
2 -37 -65 0
29 -44 64 0
10 -45 -57 0
-18 -76 0
21 -65 0
-23 -52 -71 0
50 66 0
-18 -34 60 0
24 -62 -89 0
-7 8 10 0
14 -27 -50 0
9 -65 0
57 67 85 0
24 70 72 0
6 48 -76 0
31 -58 -89 0
49 -58 64 0
9 -12 25 0
-50 -77 0
13 28 -78 0
22 57 66 0
-36 44 -45 0
-18 23 26 0
-12 -67 0
-12 22 66 0
45 51 78 0
-47 55 84 0
24 37 0
-5 71 -76 0
14 -41 0
-14 15 -50 0
-47 83 -89 0
15 16 -71 0
27 -55 70 0
-18 21 79 0
-12 32 80 0
-32 -54 -75 0
-18 -59 -64 0
-36 -37 77 0
-4 -9 58 0
47 85 88 0
-13 26 68 0
-3 -52 77 0
9 -38 -88 0
-26 33 0
-22 -26 56 0
-35 -69 72 0
-3 -60 69 0
59 -84 -89 0
31 53 86 0
-29 42 87 0
-9 34 86 0
-3 11 64 0
-6 -7 32 0
1 -7 -71 0
5 45 47 0
3 11 31 0
21 -58 -73 0
-24 -49 -73 0
6 67 0
28 43 87 0
28 44 81 0
-5 -74 -83 0
-17 27 31 0
34 73 0
-8 15 -45 0
40 -45 -87 0
-6 52 -67 0
39 -82 0
-30 -58 64 0
-64 -82 -87 0
58 87 0
-39 68 0
6 30 60 0
-4 -42 -61 0
75 -78 79 0
-14 -67 0
-80 -88 0
-25 38 -67 0
-1 -6 -53 0
-52 -54 -77 0
-44 -58 62 0
-16 23 0
3 -25 31 0
46 60 -68 0
-37 39 86 0
50 -55 -62 0
15 70 -87 0
-30 41 0
45 -71 -83 0
-16 -18 43 0
-11 -33 58 0
-15 68 84 0
5 52 0
-5 23 78 0
-12 23 -87 0
-13 -14 -25 0
46 -82 -84 0
-53 72 -83 0
-34 -56 -87 0
-19 -41 -50 0
35 69 0
-10 70 0
49 52 -62 0
3 -12 0
11 17 40 0
24 -33 49 0
-31 -35 73 0
-53 -71 -83 0
36 59 -72 0
14 65 79 0
29 -54 -65 0
-6 79 89 0
21 55 -86 0
-21 77 -89 0
25 34 -64 0
44 -63 69 0
46 65 85 0
14 64 82 0
15 49 57 0
7 40 41 0
26 77 -84 0
3 22 0
44 51 -62 0
-1 10 -40 0
60 -64 -75 0
19 62 63 0
25 46 73 0
-17 -22 -23 0
72 84 0
40 -76 0
56 -58 74 0
-7 -60 0
-6 -13 85 0
