p cnf 91 352
-13 19 86 0
14 29 52 0
47 62 -72 0
15 -27 -46 0
10 -52 -90 0
37 65 -74 0
66 83 -91 0
20 -25 -32 0
19 -60 86 0
26 -34 -42 0
5 21 49 0
46 -62 64 0
-49 -52 71 0
19 31 0
-7 55 -66 0
-6 18 -40 0
-9 -75 -83 0
30 -50 -55 0
9 11 80 0
-7 53 56 0
20 49 0
-8 -42 71 0
-30 -49 -57 0
-10 -50 69 0
-34 -38 43 0
-2 26 -51 0
61 74 -80 0
43 -65 73 0
5 75 0
-47 90 91 0
-31 41 -87 0
4 18 -63 0
-45 -57 -87 0
-30 -32 59 0
-25 66 0
-32 -46 77 0
-46 58 0
-66 83 0
4 -7 15 0
19 26 37 0
5 45 -86 0
11 -54 -77 0
7 72 83 0
53 -62 -67 0
5 80 82 0
17 -27 -55 0
17 41 42 0
22 57 -85 0
-36 54 -89 0
12 -21 0
-57 -58 -85 0
33 38 0
37 66 -91 0
-55 -76 -78 0
12 -40 84 0
16 38 90 0
43 -52 67 0
43 -85 0
-49 -86 0
-12 -85 0
-29 53 73 0
7 -72 -84 0
7 -46 -70 0
29 47 -64 0
52 -62 0
2 29 30 0
-19 -63 -83 0
-34 36 55 0
25 -43 57 0
13 -88 -89 0
23 -29 0
10 16 -65 0
48 -49 68 0
-13 28 82 0
26 51 -58 0
3 68 0
-2 16 -35 0
15 52 56 0
-6 -14 -76 0
-19 -28 74 0
1 -37 -90 0
14 -65 -88 0
34 71 74 0
27 -32 42 0
-19 -53 56 0
25 -35 -84 0
-27 28 0
-26 -77 86 0
65 67 86 0
24 44 70 0
69 79 0
-34 -67 -75 0
-10 76 77 0
-8 15 -41 0
8 35 -84 0
-27 52 65 0
-9 -79 -86 0
10 -38 69 0
61 80 -83 0
-6 31 -89 0
-18 -23 29 0
10 -46 63 0
30 -71 90 0
-10 15 -59 0
-4 -11 29 0
-15 22 -26 0
-43 60 -64 0
-54 63 74 0
-10 -15 67 0
24 -54 -56 0
-37 69 84 0
48 -59 66 0
-25 -66 -67 0
-18 -65 -86 0
-47 48 84 0
-30 -39 -57 0
-22 28 72 0
30 58 59 0
-10 33 85 0
17 -23 88 0
-2 35 -60 0
68 -81 85 0
15 -33 -69 0
-2 20 -77 0
77 -83 -84 0
39 -75 0
1 9 80 0
-11 61 -76 0
-41 64 -65 0
28 -73 -75 0
47 -56 0
-1 -67 -80 0
16 -31 -75 0
21 -59 89 0
-26 87 0
-6 -29 52 0
26 67 87 0
13 -36 0
-39 -58 -65 0
1 -23 26 0
-4 23 57 0
20 -44 88 0
-2 -75 0
-16 23 90 0
-2 18 53 0
-17 32 -66 0
-20 -50 -57 0
19 -21 -81 0
23 27 -40 0
30 -34 70 0
21 42 -91 0
-34 -35 62 0
19 -73 0
-23 -65 91 0
-3 4 27 0
25 -48 53 0
40 53 82 0
-4 79 -91 0
5 28 45 0
24 -35 80 0
35 74 0
7 -26 76 0
-12 -31 -37 0
50 -63 0
-39 -74 -76 0
-1 45 -63 0
42 53 90 0
30 -42 -69 0
19 -59 -91 0
29 -42 73 0
-40 58 -75 0
-52 54 78 0
-30 74 84 0
5 46 -72 0
-62 -84 0
-25 43 76 0
5 -43 -55 0
32 40 57 0
-37 59 -85 0
-35 46 48 0
6 -11 83 0
-16 -23 32 0
-12 -49 76 0
-44 66 73 0
-61 67 -79 0
23 -36 48 0
23 32 74 0
-10 23 0
13 16 70 0
-7 14 41 0
-41 62 67 0
44 53 81 0
12 -33 -45 0
-25 50 -62 0
32 59 81 0
5 -11 37 0
-18 -63 -71 0
-6 66 -74 0
-18 -34 -39 0
-18 -20 -55 0
33 -39 62 0
53 -69 90 0
67 -73 -89 0
-41 42 78 0
-10 41 52 0
-19 -20 58 0
18 -48 -76 0
-23 -28 73 0
55 -87 -91 0
5 -15 -38 0
-4 7 -37 0
-21 59 -79 0
1 -36 -42 0
45 67 -69 0
55 -79 85 0
-53 -65 87 0
20 -32 61 0
-3 15 24 0
33 71 78 0
18 -55 66 0
-43 -79 89 0
-72 -74 91 0
20 -29 84 0
13 16 -79 0
-19 26 84 0
-48 51 -79 0
1 46 -70 0
13 56 -88 0
-4 76 87 0
-4 31 -88 0
-25 45 70 0
-41 58 75 0
2 4 -63 0
-16 41 68 0
-1 77 -87 0
-6 -57 -88 0
13 -37 -41 0
72 -78 -82 0
5 20 -84 0
20 36 82 0
-70 71 0
34 -49 -79 0
19 -66 81 0
38 -76 89 0
14 -70 -91 0
-1 -38 -84 0
-29 -79 89 0
-38 -59 -73 0
9 52 87 0
-5 54 58 0
72 75 0
-45 58 83 0
36 62 -78 0
-58 83 88 0
43 -52 70 0
-59 68 79 0
6 -39 83 0
4 -78 86 0
55 71 -86 0
47 -89 0
-21 47 50 0
-37 77 -91 0
4 23 0
10 -44 -48 0
50 -64 86 0
4 -55 85 0
-32 52 -54 0
39 -59 77 0
31 -33 -69 0
-12 19 -47 0
-5 76 81 0
-57 -61 -65 0
51 53 88 0
39 41 47 0
33 44 74 0
-39 -52 -53 0
23 -30 -32 0
-26 76 0
3 -7 -48 0
-13 -83 0
21 42 -55 0
-27 47 -52 0
-42 45 47 0
14 -32 -84 0
55 -84 0
-26 27 -46 0
-39 73 -74 0
-12 -43 -61 0
-21 24 29 0
-20 -26 65 0
45 67 0
61 -86 -87 0
20 27 -85 0
15 -60 -68 0
7 -53 -62 0
-3 63 0
-11 54 0
-20 -41 71 0
-2 39 91 0
-36 -46 57 0
47 81 0
-9 36 -83 0
29 -40 -70 0
5 54 60 0
-55 68 79 0
-20 28 41 0
-8 -50 -67 0
-7 46 -82 0
13 -28 34 0
-38 -40 57 0
14 -86 -87 0
43 -66 -68 0
5 12 -55 0
37 -89 0
-15 29 30 0
-5 21 53 0
-51 -68 82 0
4 -6 63 0
-27 -83 -87 0
-17 -19 -50 0
1 36 66 0
-39 49 -64 0
-34 -39 56 0
16 26 -67 0
19 -45 68 0
-43 -89 0
-3 -10 53 0
-12 17 -33 0
-26 -55 60 0
-25 44 81 0
2 21 -24 0
-56 -75 -89 0
-31 48 64 0
-14 -63 -85 0
4 8 -89 0
43 -58 78 0
-10 -34 57 0
52 53 -81 0
59 69 -79 0
3 -15 85 0
-7 23 66 0
-13 20 -25 0
16 -50 -90 0
-5 29 -88 0
-16 57 -66 0
-13 -30 -63 0
57 73 87 0
-40 -48 -65 0
-4 79 0
-56 -65 75 0
33 -35 -40 0
26 -31 47 0
