p cnf 94 374
50 69 -83 0
-19 38 74 0
-6 -43 -90 0
9 32 58 0
-13 -64 72 0
32 -59 0
4 91 93 0
-13 66 -77 0
7 -35 56 0
5 -87 -91 0
-7 -36 0
-7 -50 -55 0
17 -21 31 0
-19 -61 -75 0
30 -81 -86 0
-8 -38 0
15 83 -85 0
42 -68 -82 0
9 -12 -79 0
-6 26 72 0
-1 -31 -37 0
80 -91 -92 0
3 64 -72 0
-6 -14 38 0
6 7 32 0
16 -34 68 0
-52 -85 -94 0
22 67 -79 0
29 48 51 0
5 -8 29 0
32 34 -73 0
-76 77 0
-36 83 94 0
-14 -91 93 0
54 61 65 0
50 -68 0
-14 -24 -43 0
30 32 87 0
-3 71 -83 0
-35 37 47 0
-57 88 -92 0
22 -51 81 0
29 -42 -59 0
3 34 -84 0
37 -50 -77 0
-32 52 -84 0
42 61 87 0
-26 42 -77 0
41 -83 93 0
20 -37 -52 0
64 81 -90 0
10 -67 69 0
72 91 0
16 -33 45 0
5 21 -94 0
-8 9 85 0
15 42 -55 0
-11 -54 57 0
17 31 -85 0
31 -55 -66 0
-49 -56 59 0
10 16 -81 0
-22 38 91 0
-8 51 0
-18 72 0
13 -52 89 0
-25 -37 0
3 35 47 0
1 4 -16 0
32 72 0
14 32 -86 0
-1 2 -14 0
15 48 93 0
52 -62 90 0
28 37 -87 0
-4 -15 61 0
31 -66 88 0
-1 -29 -83 0
26 -74 -76 0
-55 57 -67 0
31 46 -67 0
5 -17 -88 0
24 79 84 0
-51 83 85 0
-71 80 0
-13 53 -82 0
28 -67 81 0
17 -20 29 0
-31 -56 67 0
-11 17 21 0
21 38 0
-5 18 -66 0
-14 -30 50 0
-34 -58 0
13 -64 0
48 -49 -57 0
-47 -72 79 0
-18 31 82 0
-39 -63 -65 0
-22 60 84 0
19 54 80 0
-7 -50 -82 0
-11 58 94 0
13 -66 90 0
-11 32 79 0
-62 65 68 0
-7 -73 -91 0
-22 31 -92 0
49 -70 -89 0
-15 53 64 0
-17 -35 -78 0
32 -63 73 0
-43 47 84 0
-6 27 58 0
-35 -55 -90 0
-4 -27 68 0
-56 -72 78 0
-44 55 -60 0
54 -55 -69 0
-4 -13 52 0
3 -28 -48 0
5 -32 76 0
-23 52 71 0
15 -23 -45 0
36 56 58 0
-10 28 30 0
1 11 -40 0
45 -54 92 0
-24 -32 -79 0
-11 18 56 0
9 -16 -39 0
12 26 -43 0
22 -56 86 0
33 62 77 0
-27 30 -73 0
-55 61 -63 0
-19 -43 52 0
-16 31 66 0
-2 -15 82 0
15 -38 0
39 -70 79 0
-39 -66 68 0
16 -23 88 0
-12 78 90 0
-23 -55 -83 0
2 -19 36 0
11 15 26 0
-19 -30 0
-12 -27 33 0
-15 -38 90 0
-75 85 0
-80 82 93 0
6 74 92 0
-13 -26 -29 0
11 -49 -59 0
-27 28 -43 0
-16 -54 -68 0
9 -44 -71 0
-30 -49 86 0
-41 -45 92 0
-5 -18 23 0
-44 -53 81 0
4 -38 74 0
-10 -28 83 0
10 12 66 0
4 51 -59 0
-39 -42 72 0
-13 57 0
-21 87 89 0
-16 -27 0
5 -24 -93 0
66 -77 -91 0
43 81 92 0
24 -27 38 0
-20 74 75 0
33 34 62 0
13 -25 -40 0
13 26 35 0
4 -45 0
-62 -69 88 0
4 -45 -82 0
-12 40 -71 0
-24 55 -88 0
37 -46 -81 0
36 -49 0
6 46 55 0
10 44 -75 0
48 62 84 0
-17 21 -77 0
-1 -6 80 0
51 -53 84 0
8 12 25 0
12 46 -89 0
-33 -39 -66 0
-28 -43 -92 0
15 21 -58 0
39 48 51 0
1 -32 -43 0
35 -57 79 0
-20 -40 81 0
32 35 91 0
3 62 -85 0
-6 -24 56 0
-40 -42 65 0
26 31 -49 0
29 66 -89 0
-2 9 62 0
4 65 69 0
9 -19 -94 0
59 90 0
-26 42 51 0
29 68 -83 0
-43 46 70 0
21 37 -39 0
-55 -84 0
-19 -29 -63 0
52 -54 -80 0
-31 90 0
29 -41 -72 0
-52 -63 -89 0
30 -47 -48 0
22 -45 -59 0
8 41 56 0
-55 -56 91 0
3 -7 36 0
74 -88 0
22 -43 -82 0
-39 -58 66 0
-10 24 65 0
-4 -17 -63 0
12 16 64 0
-10 61 -65 0
-42 73 91 0
58 90 -92 0
5 59 -67 0
17 -61 67 0
16 -36 -43 0
8 82 94 0
-9 -56 0
10 57 -84 0
-7 -16 -17 0
-11 16 -75 0
-7 16 0
6 15 -27 0
-56 -67 72 0
-44 -52 -94 0
-42 59 -85 0
-37 -80 0
-18 46 79 0
-68 -71 -82 0
-35 43 0
-8 -9 61 0
7 -20 61 0
41 -64 0
-62 -75 78 0
15 46 -67 0
-40 -55 86 0
6 -57 -75 0
48 67 -93 0
5 -47 80 0
57 71 -80 0
-28 -51 -73 0
-20 55 -69 0
-51 -65 89 0
48 -82 0
-10 -32 33 0
14 20 52 0
47 49 -84 0
61 -81 91 0
2 -90 0
15 46 87 0
24 -58 86 0
23 39 46 0
-3 43 -67 0
35 43 57 0
5 20 -84 0
-7 51 -72 0
9 22 -71 0
-8 -56 79 0
-10 -38 -81 0
19 -86 89 0
-45 -76 0
40 -46 -56 0
-31 36 56 0
-25 -38 -89 0
-46 73 -90 0
-12 -37 -77 0
-17 56 70 0
-9 -12 92 0
-2 27 77 0
-24 38 78 0
-1 -6 -44 0
30 -58 84 0
-23 29 69 0
-37 -55 -88 0
10 27 -80 0
-40 -68 72 0
7 -13 -50 0
9 43 -53 0
56 58 -64 0
35 71 90 0
-26 -59 -79 0
-14 -56 -77 0
6 -19 -69 0
-1 76 0
26 39 80 0
6 40 -74 0
23 74 -86 0
-16 34 0
71 -90 0
-20 -54 -78 0
1 22 0
2 -37 87 0
-77 -87 93 0
39 -66 -73 0
-3 -62 66 0
10 11 -21 0
36 42 -78 0
-49 -56 -72 0
2 38 87 0
-2 -34 61 0
-19 62 -86 0
11 -52 63 0
39 -50 -66 0
14 -22 33 0
-15 26 33 0
-15 91 0
21 49 -57 0
-25 -62 71 0
-35 -48 87 0
-31 -74 -88 0
15 40 86 0
-61 64 65 0
52 -86 -91 0
8 -83 -92 0
-64 -68 -84 0
24 34 93 0
1 33 59 0
11 37 -89 0
-30 -70 85 0
25 29 76 0
-25 -72 90 0
1 39 0
14 19 77 0
1 -2 -5 0
-27 49 71 0
3 7 57 0
26 39 92 0
17 -43 80 0
9 -31 -90 0
20 24 36 0
-2 23 -84 0
14 48 -59 0
18 64 -85 0
34 35 -75 0
25 53 -77 0
-3 4 -38 0
50 63 86 0
-61 -67 -70 0
-15 -33 74 0
42 50 -57 0
34 -59 80 0
-10 16 -82 0
-5 45 49 0
20 -54 59 0
-1 20 44 0
-30 -42 -50 0
-12 28 63 0
-34 36 81 0
33 -77 -79 0
4 14 64 0
-16 -39 0
-16 -60 89 0
24 61 -85 0
