p cnf 77 247
16 -19 -30 0
-1 -56 0
-1 -18 -76 0
5 -60 0
-32 55 0
-22 36 -59 0
6 17 0
26 40 0
22 -37 -42 0
-39 -41 -51 0
-59 62 0
-44 53 77 0
-9 -16 61 0
-40 51 -73 0
-36 -62 0
-8 -14 -66 0
50 -71 0
3 13 59 0
32 -36 62 0
6 -30 56 0
-21 38 -65 0
-49 -64 -65 0
-2 8 67 0
25 34 -66 0
63 70 -71 0
-26 72 75 0
-37 76 -77 0
-11 -50 -54 0
63 73 0
-10 -19 -65 0
14 -77 0
-34 51 -55 0
-18 -58 72 0
-11 15 65 0
12 -53 0
43 44 -65 0
-14 -32 71 0
42 -58 0
2 39 62 0
20 -68 0
41 71 73 0
-9 18 -62 0
55 64 0
18 -50 -59 0
-25 -28 0
-25 45 76 0
25 -37 65 0
17 -26 55 0
20 30 37 0
32 46 -74 0
31 43 45 0
-54 -58 -67 0
-16 -34 0
19 -29 -53 0
-16 21 -63 0
49 -54 -70 0
-23 -38 40 0
23 58 0
-9 -20 0
-5 -30 41 0
4 -10 -73 0
9 -35 -74 0
-11 -15 -46 0
6 -24 -39 0
-49 52 -67 0
-50 52 -54 0
5 14 51 0
-27 -50 0
14 68 -77 0
-8 46 76 0
-46 50 68 0
5 40 0
-6 14 24 0
-14 -48 -51 0
-24 -75 0
-3 -18 -23 0
-56 70 75 0
-16 22 0
-34 38 -64 0
-25 -32 -37 0
-44 -63 71 0
-36 -57 0
14 -62 66 0
8 72 0
-45 55 57 0
-34 -46 47 0
21 22 39 0
5 15 -58 0
11 -21 63 0
20 -39 0
-43 46 60 0
-28 38 0
25 -36 -53 0
-37 38 0
-22 -38 -51 0
23 -28 -71 0
29 -59 -63 0
-8 67 76 0
29 33 -58 0
-15 28 -64 0
5 68 0
-8 47 61 0
51 -61 0
-3 25 0
48 61 76 0
33 36 49 0
-5 -56 -73 0
28 54 66 0
33 -63 -76 0
67 -73 0
-5 32 -43 0
-2 38 47 0
-27 -45 -77 0
-3 -32 42 0
5 12 22 0
-17 33 0
-22 -30 39 0
-27 -66 71 0
12 -40 -44 0
17 52 68 0
-42 53 0
-65 66 0
-27 -56 -69 0
-17 23 63 0
6 -18 77 0
55 71 0
-1 -22 0
-27 42 56 0
15 22 0
-8 -54 0
-30 50 67 0
-8 -12 76 0
3 -16 0
-31 64 0
-59 65 68 0
-32 37 0
36 41 -56 0
-30 64 76 0
70 77 0
23 -29 -61 0
46 70 0
-1 13 -28 0
-27 63 0
30 -55 56 0
41 76 0
-13 28 -47 0
29 -72 0
-10 -24 -36 0
-22 59 0
-24 -67 -70 0
-16 -26 30 0
-16 -49 0
9 31 67 0
-37 -41 0
31 -47 -50 0
-1 -22 74 0
-24 -27 73 0
4 40 0
-3 -34 59 0
-9 -23 25 0
7 -43 -65 0
23 29 75 0
-53 77 0
-13 -17 0
15 18 -44 0
56 -60 71 0
-30 42 0
-25 -58 0
34 49 0
36 -71 0
30 61 -67 0
-47 -54 -65 0
2 -31 0
14 -52 -63 0
-43 -45 -70 0
8 -18 -20 0
20 -32 43 0
-18 -24 0
-33 -36 0
13 41 -73 0
30 -48 0
14 -42 -65 0
-8 -56 0
-2 42 69 0
10 73 74 0
7 -22 76 0
-23 -62 68 0
58 62 -67 0
47 -66 0
-1 -29 -62 0
-44 68 0
6 11 0
-37 45 0
-17 58 -69 0
22 -26 0
19 -29 0
27 30 34 0
55 58 -73 0
-19 -26 -59 0
-10 71 74 0
-11 76 0
4 -19 65 0
-9 30 0
-17 40 0
-67 74 0
-18 26 -49 0
-18 58 0
7 32 -33 0
12 -34 45 0
-19 -39 66 0
41 52 0
-59 63 74 0
16 30 -36 0
-4 15 42 0
12 45 -76 0
28 -31 0
9 -27 -48 0
31 -35 51 0
23 38 0
-46 70 0
9 34 73 0
-35 -42 72 0
37 40 -69 0
-9 -32 58 0
4 5 -70 0
39 44 -75 0
-20 29 33 0
11 73 0
8 -36 55 0
53 58 73 0
12 -68 0
-24 58 -65 0
-28 47 -75 0
2 38 41 0
-18 28 0
-14 74 0
-5 -47 0
-4 -27 59 0
25 -68 0
7 47 68 0
-29 67 0
14 31 71 0
-7 57 0
5 -29 33 0
27 46 54 0
9 -45 0
-39 -53 -77 0
