p cnf 30 52
23 28 0
23 25 0
-11 -20 0
-23 -24 0
-24 25 0
5 -26 0
-13 24 0
-1 7 0
-14 -22 0
4 -10 26 0
-3 -15 0
-1 -15 0
-4 -13 -29 0
25 30 0
1 -10 -25 0
-11 -17 0
-22 -26 27 0
2 27 0
15 17 0
2 -8 9 0
-14 -25 0
9 -11 -25 0
14 -27 0
26 29 0
27 28 0
-16 -23 0
-18 21 0
20 -21 28 0
19 23 0
-2 -6 0
13 14 0
13 21 0
-16 -19 0
8 -20 23 0
4 27 0
-3 20 0
-3 -26 0
-12 -23 0
8 23 -29 0
-12 13 29 0
21 -28 0
2 25 -26 0
2 -4 0
-25 -26 -29 0
-25 -27 0
25 -27 0
3 14 0
6 23 0
-5 -19 0
-7 16 -29 0
-15 30 0
-9 -13 0
