p cnf 88 330
44 79 -81 0
16 -17 -67 0
8 -11 -85 0
14 62 -72 0
-47 -48 -63 0
-39 49 0
-25 56 -66 0
3 50 -58 0
-20 63 -66 0
-11 -16 -80 0
55 65 0
30 -58 -65 0
-14 49 83 0
62 79 80 0
12 41 -46 0
-4 55 -81 0
23 -77 84 0
28 30 79 0
3 -63 -70 0
20 32 36 0
26 -40 56 0
-30 57 -88 0
-61 -67 72 0
-18 64 74 0
-1 11 51 0
-70 -79 86 0
-9 -53 66 0
37 -56 0
18 55 66 0
45 -66 0
-2 -59 76 0
-25 -36 55 0
23 -33 39 0
-21 -23 87 0
-24 -82 0
14 85 0
1 -31 -67 0
-1 66 -82 0
9 47 -67 0
23 46 81 0
-19 -29 -63 0
-22 -56 66 0
58 59 63 0
29 -43 -57 0
59 60 76 0
-37 -39 72 0
8 82 0
23 36 0
31 -63 68 0
-17 28 84 0
38 85 0
-12 83 0
49 54 57 0
-49 -52 68 0
-43 -65 0
-8 73 0
6 -12 86 0
46 67 0
40 -50 -70 0
-34 -47 -56 0
-46 -61 0
36 -79 82 0
-14 -16 58 0
-2 -20 -69 0
36 -47 67 0
-10 36 60 0
16 19 0
-4 -11 68 0
35 -44 87 0
59 60 -71 0
17 24 78 0
-4 -27 -49 0
5 22 49 0
-1 18 21 0
-59 74 0
22 61 72 0
14 -40 -61 0
31 -41 -69 0
9 21 -22 0
-18 -55 80 0
34 -50 0
-29 -31 -72 0
-2 22 0
29 55 60 0
-13 -29 -52 0
19 20 -50 0
48 69 0
10 -12 31 0
-14 20 -53 0
33 44 70 0
-12 -67 83 0
17 32 35 0
15 -83 0
9 -26 -27 0
-28 86 0
-28 -60 0
-6 -27 -56 0
10 -14 -64 0
18 -71 0
-1 51 -84 0
10 -18 -85 0
-22 -68 -83 0
-46 -59 76 0
2 33 -82 0
-11 -36 54 0
-44 -83 0
-6 62 68 0
-71 81 0
3 56 78 0
18 -61 -64 0
7 -17 28 0
28 45 -86 0
3 7 79 0
31 -69 0
-26 27 -47 0
-41 -57 0
24 -53 71 0
-62 -69 71 0
-28 43 0
-17 -34 0
-40 -64 -67 0
17 33 -73 0
-59 -74 -80 0
-30 41 -56 0
-11 14 -70 0
-4 60 -75 0
25 -42 59 0
-14 -38 54 0
27 41 47 0
-56 -72 0
-35 68 76 0
-41 -55 83 0
-41 43 68 0
-18 65 -86 0
9 36 50 0
2 18 19 0
2 27 32 0
-2 64 81 0
-6 23 -44 0
28 -38 -54 0
-6 84 -85 0
1 18 -78 0
-28 65 85 0
14 -60 68 0
-5 -8 -41 0
-21 57 -70 0
21 28 0
-36 54 0
25 41 57 0
-21 68 -86 0
33 40 67 0
-10 78 0
3 -14 -30 0
-24 -62 86 0
42 45 81 0
-8 38 -52 0
10 61 0
10 -41 80 0
16 -41 -76 0
14 17 32 0
19 65 -78 0
11 49 -81 0
-7 -23 0
11 13 -72 0
-14 -42 -88 0
17 -21 0
53 -76 0
-37 43 -67 0
-27 77 85 0
-15 -72 0
8 41 0
4 -37 85 0
4 19 -74 0
1 -38 53 0
-44 45 -79 0
22 -43 -46 0
-11 37 -75 0
21 -49 73 0
29 69 -73 0
-23 41 -64 0
-2 32 0
54 -72 0
-20 -70 84 0
-4 12 14 0
28 -32 37 0
32 -36 -55 0
27 -46 -68 0
-29 54 82 0
-20 -46 64 0
43 -46 -84 0
45 -80 0
20 -28 -62 0
-15 -42 60 0
19 35 -53 0
21 -63 -73 0
-53 78 -81 0
-29 61 -65 0
-31 46 -51 0
-34 39 -75 0
-30 38 -86 0
9 35 0
12 22 47 0
-42 -57 -87 0
27 -71 -88 0
2 35 -85 0
-15 -53 72 0
-25 -34 -45 0
-5 24 32 0
1 45 -88 0
-17 19 74 0
12 -39 -74 0
-6 -9 -42 0
46 -73 -76 0
-44 -71 -87 0
-13 -21 52 0
7 -48 -53 0
-23 62 68 0
7 -60 65 0
-21 42 69 0
39 -52 69 0
36 62 -81 0
13 44 56 0
22 -52 77 0
36 69 0
-8 74 86 0
24 -77 -82 0
-7 -38 74 0
-38 -70 88 0
11 26 72 0
-39 51 -55 0
-30 -60 0
-8 37 -65 0
25 -71 75 0
-36 -80 -85 0
19 -36 83 0
38 -39 -56 0
-28 -30 -73 0
-18 29 -72 0
25 -34 53 0
-14 22 -56 0
15 -17 84 0
-42 45 57 0
1 7 20 0
-40 -77 0
39 -74 80 0
11 -85 87 0
-13 -17 68 0
-1 24 69 0
4 36 -55 0
-2 -30 43 0
14 26 -72 0
-2 -19 -66 0
-1 76 82 0
30 35 78 0
1 54 -86 0
-25 55 -80 0
7 28 -53 0
16 -36 0
11 45 0
-35 -64 -73 0
35 -50 -81 0
-21 -73 77 0
-21 -27 -28 0
-4 6 -10 0
-1 69 -81 0
23 -73 84 0
2 16 -30 0
11 15 75 0
-19 47 -75 0
-11 63 -83 0
11 13 -82 0
-23 -45 54 0
39 42 -81 0
-2 4 -9 0
-5 8 83 0
-21 -83 0
18 -57 77 0
30 -71 -73 0
5 25 -88 0
-3 15 66 0
4 16 25 0
-41 52 56 0
42 -81 0
-25 -57 82 0
-64 -65 77 0
51 -67 0
-13 33 75 0
-14 30 39 0
7 -35 88 0
5 49 0
-22 43 54 0
-7 -13 50 0
-8 14 -35 0
10 -66 0
-17 18 -82 0
-18 -55 -88 0
-7 -49 -56 0
54 -79 88 0
14 -63 72 0
8 40 87 0
15 49 -69 0
5 19 -42 0
37 -40 54 0
25 -44 -64 0
25 -45 -70 0
1 11 12 0
20 44 -71 0
7 44 -65 0
63 73 82 0
50 -52 -53 0
-1 -55 76 0
15 -31 85 0
-11 55 -76 0
19 -45 83 0
22 -55 68 0
34 -39 69 0
10 -24 60 0
2 9 31 0
29 64 -86 0
-29 -77 -78 0
26 -54 0
33 -41 84 0
-23 33 0
9 15 35 0
-24 37 75 0
11 27 81 0
25 -30 -64 0
-11 -28 -84 0
15 35 88 0
-47 -71 -72 0
