p cnf 63 192
2 -8 -40 0
26 42 -52 0
-10 48 57 0
28 -42 0
46 48 53 0
12 -50 0
-2 56 0
-24 -39 0
46 -63 0
6 -36 0
-8 -23 47 0
-5 -36 49 0
13 35 58 0
22 -41 -58 0
-12 33 48 0
14 -55 0
-6 47 -52 0
-3 -7 -21 0
-2 -15 16 0
-27 -35 0
49 55 0
-37 47 0
20 -37 0
30 -50 -55 0
-28 -45 0
-14 58 61 0
-11 33 -52 0
17 29 -60 0
28 -50 0
-5 49 0
-16 -51 -62 0
13 28 29 0
13 -23 55 0
15 26 -42 0
-8 -37 61 0
11 44 -46 0
-3 12 -31 0
-55 -63 0
12 -26 -47 0
-16 -18 0
-14 -21 37 0
-8 50 57 0
-25 29 -53 0
1 -4 15 0
-13 -27 -59 0
12 -15 55 0
-39 -46 0
-6 25 -41 0
53 61 0
-24 -30 31 0
10 14 48 0
-41 62 0
12 40 0
-17 -34 -40 0
4 -20 0
-45 -55 56 0
-31 -35 0
29 -62 0
9 56 0
37 44 0
-8 31 -37 0
30 -40 0
1 -29 0
35 -55 0
15 -36 37 0
14 -40 49 0
-44 -59 0
48 -55 -63 0
9 -21 22 0
16 24 49 0
-38 52 0
3 -33 56 0
-24 28 -32 0
15 18 0
-35 37 60 0
-44 -60 -62 0
-28 38 -53 0
22 -24 -53 0
25 34 38 0
6 17 0
32 35 0
-17 -24 0
28 -56 0
33 51 0
55 59 0
31 -63 0
26 56 57 0
-32 -37 55 0
-7 -34 35 0
-17 -30 0
-5 -10 -17 0
-29 -41 0
-17 53 0
34 -49 60 0
-5 23 0
2 -46 -59 0
-40 51 0
-9 31 -38 0
-44 54 0
34 38 45 0
2 -25 -29 0
-17 -31 0
31 -36 43 0
-3 44 0
39 -43 57 0
18 -52 0
-4 6 -48 0
2 39 0
12 18 34 0
32 40 0
6 -49 0
-30 -37 60 0
-9 -19 0
48 -52 53 0
-31 -41 -50 0
-16 55 0
5 -16 0
27 28 -49 0
-15 -48 -55 0
1 -9 0
3 -10 35 0
27 43 0
-15 -17 0
9 -24 60 0
-15 53 0
-12 16 25 0
12 -63 0
32 60 0
21 -39 48 0
-31 50 -51 0
-2 -16 28 0
13 56 0
15 40 0
26 -32 0
8 -11 39 0
-11 31 -55 0
27 35 -44 0
-3 -10 23 0
1 11 47 0
-5 -27 -47 0
-15 -29 56 0
35 -39 0
-5 -38 47 0
-45 60 63 0
-25 -48 -62 0
21 48 -59 0
1 46 -54 0
-25 27 59 0
49 -57 -61 0
42 47 0
-46 52 0
-16 -17 27 0
43 -57 0
-26 -45 0
9 53 -55 0
-17 -46 -58 0
-1 -26 63 0
9 -13 0
-53 -55 -59 0
-2 10 -34 0
-12 -60 0
-1 18 31 0
-49 -53 -56 0
2 12 0
-44 -57 -61 0
52 58 0
2 -41 0
1 37 0
16 18 0
-35 53 -56 0
7 11 28 0
-5 33 0
-9 14 -17 0
31 62 0
3 34 0
-16 45 50 0
-24 -41 -42 0
19 48 0
8 -14 0
-7 -62 0
-1 15 40 0
-7 -22 0
-50 -51 0
16 34 0
42 49 63 0
-4 -7 -61 0
4 -49 0
1 -56 -62 0
-20 -59 0
48 62 0
-33 46 0
-22 -27 0
