p cnf 85 319
35 48 -54 0
-33 -76 80 0
9 39 67 0
-13 19 43 0
28 66 0
26 -35 -52 0
-19 -68 77 0
28 83 0
-6 -16 0
14 -51 70 0
-20 -34 -76 0
17 -52 -57 0
28 -32 -48 0
-18 36 59 0
39 -72 0
4 23 -47 0
-29 -41 66 0
-28 -54 -57 0
47 73 -75 0
-2 -10 -11 0
35 -67 -85 0
47 50 -72 0
3 29 35 0
10 39 -44 0
1 -14 54 0
-28 81 83 0
43 53 0
-28 -41 84 0
-7 53 83 0
13 19 0
-34 -60 0
-36 51 64 0
-20 29 -79 0
4 82 0
11 19 38 0
19 -36 68 0
-7 -15 79 0
-35 -59 76 0
24 28 -41 0
13 18 41 0
-46 -67 -74 0
46 -57 63 0
-43 -74 75 0
51 -52 -67 0
36 -52 56 0
8 82 -84 0
5 -6 -8 0
-37 -42 0
-26 46 -62 0
32 54 -83 0
-37 -60 -78 0
-19 -43 73 0
5 -11 -12 0
-50 55 -57 0
18 80 84 0
23 57 0
-14 -45 -66 0
8 84 0
-7 -52 -82 0
20 82 0
-17 -42 -49 0
-48 -65 79 0
3 -39 85 0
-6 13 65 0
-61 65 -74 0
6 -63 -72 0
-8 13 47 0
-31 64 0
-25 -56 0
-7 -11 -68 0
-5 11 -41 0
-21 -35 57 0
-11 -77 0
-7 9 -27 0
41 70 -73 0
17 -30 -54 0
19 53 76 0
20 59 0
5 20 -76 0
27 -49 0
20 -57 69 0
67 -77 -85 0
-22 65 0
16 -24 -68 0
29 32 -75 0
-23 80 -85 0
-8 20 50 0
8 23 85 0
30 -38 64 0
-23 34 0
12 -37 -83 0
-24 37 -64 0
35 37 -55 0
-28 -65 -69 0
17 -34 -45 0
-5 16 21 0
14 22 -46 0
17 65 84 0
29 69 70 0
-21 -59 82 0
-8 22 84 0
-9 -50 66 0
28 -68 76 0
24 25 35 0
-22 -54 0
-44 74 -80 0
-13 -22 -38 0
49 -77 0
-27 -67 -76 0
54 57 0
48 82 0
-4 -55 84 0
-39 44 84 0
-7 -63 -65 0
14 30 -49 0
59 -61 0
42 62 64 0
35 60 -74 0
7 -28 -46 0
-1 14 36 0
-6 -18 -55 0
18 42 -68 0
44 71 -76 0
-44 79 0
-45 51 67 0
-22 -35 0
-47 65 0
-5 -36 81 0
33 35 0
-28 -67 -85 0
-14 -48 -76 0
28 -37 0
-16 55 0
-6 30 -57 0
53 -66 -83 0
-50 -75 82 0
-30 75 0
-25 71 0
-53 -59 80 0
-40 66 0
-14 -56 -60 0
28 37 69 0
16 81 0
69 -70 0
-28 36 -79 0
18 -20 -33 0
-22 -68 78 0
-3 -61 81 0
2 -51 0
19 74 0
23 42 65 0
-7 53 71 0
21 -61 0
-52 55 84 0
-3 14 -77 0
57 63 -81 0
18 38 -74 0
6 11 -12 0
29 -42 0
12 -25 -70 0
-32 47 -63 0
-65 -75 -83 0
-17 -37 -38 0
-32 -45 -83 0
-43 -80 81 0
-29 62 73 0
16 -34 -79 0
-12 -60 -66 0
-21 46 -78 0
-22 50 73 0
40 -73 83 0
26 43 85 0
-27 -54 -69 0
1 -20 63 0
27 -41 85 0
-21 35 58 0
81 -82 0
-17 -58 0
4 -14 0
15 -21 -49 0
-33 -36 47 0
1 19 0
-16 55 0
-2 67 79 0
-51 59 -80 0
-47 -83 0
-6 -37 85 0
-40 84 0
-44 54 59 0
23 -60 74 0
8 41 -54 0
39 -74 -75 0
-29 58 -76 0
16 -36 -66 0
9 29 64 0
9 17 -85 0
1 41 54 0
-36 -41 -79 0
-16 21 67 0
21 -54 57 0
20 -68 69 0
14 -80 -81 0
-3 -35 -78 0
18 -47 63 0
9 -10 13 0
-15 60 -75 0
24 33 84 0
-49 -77 0
40 -48 -68 0
57 -68 -76 0
39 51 72 0
3 27 60 0
17 -37 54 0
42 -55 -72 0
42 -46 -78 0
-28 34 -84 0
-40 67 82 0
30 42 81 0
-1 29 -62 0
-30 34 -36 0
27 -44 79 0
29 40 84 0
-19 -53 -57 0
-18 -43 76 0
-23 63 85 0
71 73 83 0
17 38 60 0
-5 11 -78 0
19 -74 -81 0
51 65 67 0
22 -81 0
16 -25 -77 0
42 50 73 0
-3 67 -76 0
17 50 -55 0
-1 -85 0
-4 -27 -78 0
-11 35 -81 0
-17 25 -85 0
5 24 -69 0
-29 -64 0
-10 73 84 0
-4 79 84 0
-30 -46 -64 0
1 42 -53 0
-7 -12 82 0
24 41 -70 0
-15 69 -72 0
3 23 -84 0
6 21 -68 0
43 -80 -82 0
23 -31 57 0
-56 -71 0
-21 60 -81 0
-37 -42 49 0
29 -40 0
-17 53 0
-31 35 36 0
5 -32 40 0
-22 -24 34 0
-38 -41 -76 0
22 -43 63 0
2 -63 66 0
-46 60 -79 0
2 -50 73 0
6 -62 73 0
19 67 0
1 21 73 0
-3 -47 -85 0
-1 72 80 0
4 60 -77 0
-49 52 -54 0
21 -67 -75 0
-4 7 -8 0
-9 -46 83 0
21 25 -55 0
6 59 -76 0
-61 -79 0
15 -38 58 0
-11 -34 0
-19 41 -85 0
22 -23 -72 0
43 -56 0
28 -29 39 0
-6 10 26 0
-13 68 0
18 -73 0
-10 45 66 0
-5 -24 -25 0
-37 44 -84 0
-40 74 81 0
5 59 0
-41 -61 -85 0
2 -3 -55 0
-22 -35 71 0
-7 -41 -42 0
-54 -59 -69 0
-18 -21 28 0
20 -52 -84 0
19 -42 82 0
-18 -55 71 0
2 -24 -66 0
29 -71 0
-9 -20 68 0
-8 27 -65 0
11 -42 -84 0
26 78 83 0
-28 -65 -69 0
13 -18 34 0
-21 -35 0
-41 -55 77 0
6 75 0
40 -67 0
-53 -68 0
-9 -32 0
39 -53 0
14 -50 82 0
-26 54 80 0
-24 41 82 0
