p cnf 38 87
-6 -12 -35 0
22 30 0
-26 -27 0
4 -6 -16 0
33 -37 0
4 -11 0
-1 -6 35 0
8 10 0
13 -36 0
-5 -19 0
-25 -37 0
2 -13 0
-21 30 -34 0
-16 -35 0
2 -12 24 0
18 -24 0
12 38 0
27 33 0
2 -5 0
25 28 0
4 12 0
-16 -17 0
9 -18 0
1 21 26 0
-7 -19 -28 0
26 -29 34 0
29 -38 0
6 8 0
-3 11 0
-19 -33 0
6 -35 0
-9 35 0
5 -7 0
-12 -19 27 0
-5 -10 0
13 -17 29 0
13 -30 0
-9 -36 0
28 34 0
17 24 0
11 15 0
14 -34 0
12 17 -37 0
-26 36 0
18 25 0
-7 -14 0
-25 29 0
14 -26 38 0
-1 8 0
-21 -32 0
-14 20 0
-7 -21 38 0
-8 -29 0
4 -5 -17 0
21 35 0
-28 31 0
-21 -33 -38 0
-3 -19 0
-12 -34 0
20 -35 0
19 -20 -28 0
32 -33 0
7 -17 0
-12 -14 21 0
-6 11 -35 0
-16 -31 0
-22 -34 0
20 31 0
22 29 0
35 -37 0
-12 -22 0
13 23 0
13 -17 0
-4 14 0
8 -16 0
25 -28 0
32 -38 0
-5 30 -32 0
3 18 -31 0
-21 -29 0
2 16 0
12 -36 0
-1 -10 -23 0
18 -26 0
3 28 0
2 -14 -18 0
-14 -15 -19 0
