p cnf 92 364
-57 -80 81 0
43 -54 73 0
-26 -43 -90 0
-8 28 -60 0
28 -69 0
-42 51 0
-58 68 80 0
-39 53 54 0
-7 -44 -56 0
-54 -74 85 0
-20 -43 -51 0
45 69 -71 0
13 42 54 0
33 55 69 0
1 -10 48 0
20 -72 -85 0
-45 -80 0
59 -62 -88 0
58 -70 85 0
5 42 91 0
33 -67 70 0
17 -26 83 0
13 -31 -51 0
17 73 -88 0
41 -73 92 0
27 -69 84 0
43 59 73 0
-55 70 83 0
-27 58 82 0
-1 -28 75 0
4 11 0
-21 50 -60 0
49 74 87 0
-7 48 0
-10 -89 -90 0
-20 -35 -50 0
-51 -56 70 0
59 -66 89 0
-5 18 0
5 -65 0
-22 76 -79 0
49 62 -77 0
-14 -28 -65 0
-58 72 -75 0
22 61 -84 0
-4 -8 -28 0
-30 46 -70 0
2 -31 -32 0
8 29 61 0
34 -36 -37 0
-23 25 51 0
-14 36 0
70 -71 0
43 -61 66 0
-9 -14 70 0
-21 24 0
11 -76 -91 0
-24 39 -43 0
-22 42 -70 0
-14 57 -59 0
55 81 85 0
1 -7 -37 0
-7 -54 -79 0
13 -39 88 0
-10 76 89 0
55 59 -69 0
-29 61 -91 0
-27 30 -68 0
-45 67 80 0
29 51 -86 0
-22 -39 69 0
-41 59 0
-20 86 -89 0
26 54 -60 0
-53 85 0
47 72 -78 0
-18 23 72 0
12 16 -46 0
28 -38 -39 0
-22 -31 77 0
21 54 -76 0
55 -69 74 0
-60 70 86 0
25 71 78 0
-2 47 63 0
-28 42 66 0
72 76 -92 0
-55 82 89 0
18 38 -76 0
16 -18 -64 0
4 8 -57 0
-14 -37 73 0
-17 -60 69 0
23 73 0
-12 28 51 0
13 60 0
-18 -37 0
18 -45 48 0
-36 -41 76 0
-34 -61 -77 0
-28 62 -90 0
-51 91 0
30 -59 -63 0
5 -9 63 0
-5 28 0
-37 -48 -91 0
-18 -56 91 0
-26 -27 60 0
25 72 -82 0
8 26 -72 0
15 -68 -82 0
-3 -72 -88 0
30 -38 -70 0
-21 45 82 0
-7 -10 19 0
-5 43 72 0
-43 69 -79 0
21 32 -90 0
17 72 88 0
-26 -42 74 0
8 -31 -65 0
27 -36 65 0
-33 -84 87 0
3 -86 0
45 62 72 0
21 -46 -72 0
2 -33 -87 0
-14 -34 -63 0
14 -39 90 0
14 -34 55 0
-16 -53 76 0
2 -11 52 0
-11 -59 0
-19 -46 55 0
11 80 90 0
-27 83 0
28 58 -91 0
-43 -87 0
28 71 -90 0
-4 -34 -53 0
15 39 43 0
34 39 -78 0
21 43 72 0
57 65 90 0
17 71 -87 0
55 75 0
-52 58 -70 0
-4 8 15 0
5 -36 -42 0
69 70 78 0
-47 -69 77 0
58 69 -82 0
-39 91 0
-47 -50 -77 0
16 -44 57 0
-20 -43 73 0
3 14 49 0
40 -43 73 0
22 56 0
3 14 88 0
12 -48 -64 0
-16 60 0
38 89 0
-26 -36 -37 0
-20 48 -57 0
8 53 -62 0
32 54 86 0
6 -32 -87 0
-11 43 0
-13 53 -81 0
-64 86 0
-6 -40 59 0
-49 -52 -70 0
-19 22 -74 0
-28 39 83 0
25 71 84 0
-27 32 -56 0
-13 -19 41 0
-16 35 55 0
-32 -39 52 0
13 -48 -72 0
12 -19 -89 0
-38 56 80 0
-22 34 54 0
16 -50 75 0
-79 92 0
-28 -29 91 0
-6 -56 -57 0
-17 -44 49 0
29 -74 0
-22 -42 44 0
13 -19 -61 0
-1 26 52 0
59 -70 -83 0
24 -37 64 0
9 -39 -58 0
12 -42 -51 0
-60 74 -85 0
11 -14 0
-8 -43 58 0
-12 26 81 0
-13 19 77 0
-44 70 71 0
8 -47 89 0
6 -45 77 0
16 -58 -65 0
-35 62 77 0
-25 -28 -66 0
9 -50 0
47 70 86 0
40 48 -90 0
-4 -17 57 0
-2 10 -80 0
-57 74 -89 0
-19 36 -77 0
-5 -7 -66 0
-41 -72 84 0
-17 18 -73 0
-1 -14 -41 0
17 -46 62 0
-6 -12 -48 0
55 -83 84 0
27 -88 0
-56 -83 0
21 -39 -58 0
-8 -68 -82 0
-50 -61 0
-27 -32 -71 0
35 -37 -58 0
-36 -54 -63 0
-24 30 -80 0
9 -21 0
3 8 69 0
-17 -26 34 0
-59 -71 -78 0
4 23 -90 0
-28 29 70 0
4 -5 -22 0
-55 -84 91 0
-23 -60 -76 0
8 33 0
11 -27 37 0
21 62 70 0
-32 35 -37 0
4 27 -35 0
-11 -44 67 0
-26 33 79 0
6 -15 31 0
-29 51 -68 0
18 -62 0
25 84 0
27 -81 -92 0
3 -43 91 0
-43 48 -91 0
-12 -14 -42 0
-30 -45 51 0
-22 -36 40 0
39 45 0
23 -91 0
20 -56 -62 0
-41 57 92 0
-11 -47 -68 0
18 28 -81 0
55 68 90 0
-14 23 58 0
1 31 32 0
25 53 -62 0
15 26 57 0
28 44 -75 0
33 -60 72 0
-18 -59 60 0
-33 -66 76 0
-41 73 0
-17 32 60 0
-4 49 -87 0
6 34 55 0
14 39 57 0
8 60 72 0
-28 35 -91 0
-18 -52 -83 0
15 47 -56 0
50 86 -90 0
-21 -87 91 0
3 8 -25 0
74 -75 -90 0
46 59 85 0
-40 -65 69 0
-32 -90 0
-31 60 79 0
2 -14 48 0
-18 49 -89 0
-52 69 -81 0
3 13 -60 0
-12 -45 -65 0
-7 -75 83 0
15 53 -75 0
-1 -58 -77 0
76 -81 0
19 -26 0
15 -54 -91 0
3 42 52 0
61 -76 86 0
-20 -47 -73 0
18 -31 48 0
-7 28 -69 0
-3 -64 -84 0
-2 -21 -22 0
-9 -24 0
3 -74 -79 0
14 -38 -76 0
46 -55 -57 0
-11 -15 61 0
-43 -66 -83 0
-12 39 -89 0
22 -73 91 0
-9 -11 34 0
-6 -39 -63 0
-28 38 -78 0
29 -57 68 0
-1 -13 -57 0
64 81 -83 0
-14 -22 -92 0
8 51 -78 0
-15 -29 41 0
24 -67 87 0
-6 -27 0
5 47 55 0
25 -33 0
-67 70 -73 0
-6 -28 -31 0
12 55 69 0
21 67 82 0
-34 37 66 0
-42 48 63 0
5 78 89 0
-25 -61 -79 0
28 -33 53 0
-29 -47 54 0
44 -63 0
-36 37 -85 0
-2 15 90 0
21 -33 -63 0
11 90 91 0
-37 -91 92 0
21 -41 90 0
-38 55 64 0
25 80 91 0
40 68 92 0
-23 -61 82 0
22 63 66 0
21 -39 86 0
37 -65 -84 0
-7 9 25 0
-34 46 92 0
-57 -78 -85 0
-15 38 62 0
49 71 0
74 85 -89 0
67 -82 0
-34 -64 -70 0
-1 70 0
-24 28 -65 0
-12 18 56 0
6 9 73 0
