p cnf 89 346
2 16 -58 0
75 79 0
17 -34 -63 0
38 58 87 0
21 -42 -60 0
-27 -49 -55 0
-2 23 -63 0
16 44 -46 0
52 89 0
5 -63 70 0
-35 -40 -89 0
-35 -36 -71 0
7 30 -44 0
2 -23 -53 0
-29 -87 88 0
-11 -31 42 0
5 -18 -85 0
62 -87 0
-26 -46 -56 0
23 -43 77 0
-1 57 -82 0
41 -67 0
-56 77 -88 0
-28 -59 81 0
-3 60 82 0
30 36 0
-8 65 68 0
30 56 80 0
-4 49 89 0
-46 47 -83 0
-5 -35 0
-14 49 61 0
16 55 -88 0
19 33 -77 0
-28 69 0
-6 -67 81 0
-21 -29 56 0
29 42 87 0
-24 48 70 0
-19 57 67 0
-46 -78 85 0
-46 -61 -62 0
-52 69 0
-18 -23 59 0
-5 51 -80 0
5 22 -61 0
4 -14 35 0
-20 71 -79 0
-48 -72 0
32 43 55 0
32 -34 -38 0
12 -39 -53 0
-14 29 -64 0
26 -71 0
53 -70 -89 0
-9 22 43 0
41 -48 -88 0
19 53 0
-5 10 -22 0
-36 -41 -50 0
19 -70 -84 0
-6 -41 0
-36 -41 47 0
-5 70 75 0
-36 62 -89 0
6 -10 -87 0
30 39 52 0
-24 36 52 0
13 22 75 0
-9 -29 0
-12 -42 -78 0
23 -47 -71 0
-14 30 -75 0
39 -79 86 0
7 -54 -65 0
4 -32 85 0
21 -71 72 0
-41 -69 -87 0
5 -15 49 0
-6 12 39 0
26 -56 86 0
-40 44 0
6 40 0
-29 56 -70 0
38 -62 0
-38 57 63 0
-6 -15 -77 0
-27 -86 0
-20 46 -63 0
-13 -15 -89 0
27 -39 -64 0
39 -50 55 0
25 -35 -60 0
-3 50 -86 0
-13 -62 -88 0
-24 -25 34 0
-54 -68 0
3 -30 52 0
5 -25 -80 0
49 -63 81 0
-45 -64 -75 0
17 -30 75 0
44 76 82 0
29 -33 -49 0
-28 -65 -66 0
36 41 67 0
-36 -72 86 0
-14 46 -64 0
-21 -40 -49 0
41 -47 69 0
-14 -59 70 0
23 72 0
-16 -76 -80 0
-23 67 78 0
47 -52 -84 0
-7 -9 -40 0
-17 -33 -40 0
-66 -76 0
6 -26 -88 0
-1 -32 -36 0
-74 75 -85 0
31 -37 -74 0
-20 86 0
-32 66 0
25 48 70 0
-12 48 0
23 -69 80 0
13 -18 -52 0
7 -39 -67 0
20 22 -45 0
-4 -10 26 0
-33 -71 -87 0
21 37 -39 0
-2 68 75 0
-44 78 -82 0
5 -19 82 0
-14 42 -55 0
6 30 -80 0
33 37 0
21 70 89 0
4 -17 31 0
13 35 0
13 25 40 0
-55 67 -76 0
31 47 -78 0
53 72 86 0
43 -79 0
26 60 -84 0
-25 35 89 0
-18 25 0
41 73 -85 0
-49 -53 -55 0
8 23 86 0
9 71 -85 0
-55 -72 73 0
55 72 83 0
-31 48 0
16 -50 -69 0
2 -11 -65 0
-52 -68 83 0
9 42 44 0
41 56 -69 0
-1 -51 -79 0
-70 76 0
25 -35 67 0
-39 -41 -72 0
-21 -43 -80 0
6 45 0
18 -59 83 0
-5 -30 -67 0
-53 -63 64 0
57 66 79 0
12 53 89 0
41 44 56 0
-26 50 -68 0
-21 49 87 0
-30 -69 -76 0
68 -75 81 0
36 -38 0
-39 -48 50 0
5 7 37 0
-30 -67 0
-5 -49 77 0
9 10 0
17 -46 69 0
12 -20 41 0
-12 -49 -62 0
-12 -71 77 0
60 89 0
5 6 0
6 85 0
-35 49 0
-6 -23 -66 0
-11 39 88 0
25 31 -50 0
15 -25 -44 0
-39 -47 62 0
34 -42 71 0
24 -27 -87 0
8 26 37 0
21 -47 77 0
62 -81 0
-24 -55 77 0
-35 62 -67 0
-38 48 -62 0
-52 -78 89 0
-3 -12 16 0
-71 82 -84 0
-5 -46 -65 0
-28 -54 -73 0
-19 39 0
-16 22 0
39 -85 87 0
4 -42 87 0
39 51 -73 0
2 5 42 0
32 57 -69 0
7 -39 0
29 -38 85 0
-4 16 0
-9 64 -85 0
23 29 -77 0
13 15 -85 0
5 -59 -79 0
-31 50 65 0
-34 48 0
-31 -72 0
25 32 -82 0
27 45 -73 0
11 18 0
-28 -75 0
-18 24 -46 0
14 -23 -87 0
-54 -57 76 0
-43 47 -53 0
4 -33 -50 0
7 -74 0
84 -88 -89 0
6 60 87 0
5 -59 -60 0
-23 66 79 0
6 13 62 0
18 22 -31 0
24 -70 73 0
17 -39 -61 0
42 56 -64 0
-44 -46 0
53 -54 82 0
-27 43 61 0
13 -70 73 0
-6 -66 -81 0
-9 38 -87 0
-3 -16 51 0
40 -47 -69 0
42 49 -77 0
12 13 84 0
-14 46 -80 0
-23 51 56 0
-53 57 -79 0
-67 74 0
-1 7 -47 0
-32 51 -81 0
-8 -16 0
18 -79 -89 0
-66 -72 78 0
23 -25 38 0
8 12 -25 0
-46 47 -49 0
-50 -60 62 0
12 35 0
-16 32 45 0
28 30 -79 0
6 -76 0
-24 29 48 0
8 21 80 0
-9 60 65 0
-5 -29 -70 0
12 -54 0
18 31 -40 0
-8 50 -72 0
11 -17 83 0
-9 -71 73 0
-14 -48 -60 0
-23 56 -70 0
-1 18 0
4 83 -85 0
-4 27 67 0
-60 75 0
41 75 0
-19 45 -81 0
-63 -68 73 0
9 15 0
-3 -56 0
-7 26 56 0
29 41 -52 0
39 46 82 0
-18 -31 64 0
10 -26 80 0
-35 -56 88 0
-26 -69 0
46 64 0
10 32 -47 0
73 -84 0
-43 45 85 0
-7 15 73 0
42 73 82 0
24 -74 82 0
21 23 80 0
36 -43 46 0
6 79 0
-6 30 -65 0
7 69 -81 0
-20 63 -85 0
-66 -73 -83 0
-7 25 -36 0
-21 29 -72 0
-37 -50 -64 0
4 -51 -71 0
10 -12 58 0
9 58 -67 0
-14 -25 -40 0
-51 60 -69 0
-3 53 58 0
-2 -3 -39 0
19 57 89 0
10 -34 55 0
7 -13 0
-52 -70 -80 0
26 -49 84 0
4 13 -36 0
38 79 88 0
-20 -41 0
-14 46 -50 0
-21 -66 -68 0
9 -32 51 0
54 -78 0
-29 -30 67 0
-34 -36 -53 0
29 -47 0
-16 -19 -32 0
28 -31 32 0
24 30 -33 0
4 15 55 0
-39 -84 0
-26 77 -80 0
-26 42 -87 0
