p cnf 81 284
-30 47 48 0
-3 25 31 0
-7 30 -57 0
-3 -25 64 0
1 51 -57 0
13 33 -54 0
9 -20 40 0
12 46 65 0
-31 50 66 0
25 74 0
2 -4 -44 0
10 -33 -48 0
7 -67 75 0
1 -45 -69 0
25 54 73 0
24 -33 59 0
6 54 81 0
-17 25 -79 0
14 -33 51 0
-8 69 0
51 -67 0
-14 -45 75 0
-48 64 -66 0
-41 -52 0
39 75 0
2 21 -71 0
46 -54 0
-46 59 71 0
-14 41 -46 0
9 -48 60 0
-44 71 0
7 -27 -35 0
-52 67 79 0
-11 -44 -59 0
45 77 0
23 -27 42 0
4 -22 -77 0
-6 -14 37 0
-6 -27 31 0
23 -38 72 0
-42 -52 -67 0
-22 -28 56 0
-26 -43 -48 0
-46 48 75 0
20 78 0
-50 59 0
31 -41 0
-12 14 67 0
-10 -35 0
-22 -29 -77 0
-11 31 -62 0
37 57 -69 0
15 -75 0
19 52 67 0
1 -28 42 0
-11 -21 31 0
9 -14 0
-8 -22 59 0
34 -40 75 0
-19 -24 29 0
7 -22 -72 0
-37 40 74 0
-68 -71 0
6 38 -79 0
9 -36 56 0
25 -32 80 0
25 -51 -79 0
17 -24 49 0
-56 57 0
-34 -73 -78 0
-5 23 -43 0
-38 60 64 0
-27 31 -71 0
-27 29 0
27 -33 -52 0
-1 -16 -26 0
27 -34 -54 0
-4 19 -68 0
9 -20 41 0
-47 59 -75 0
10 -32 42 0
-8 39 0
15 36 0
-7 39 0
24 28 0
-14 70 0
-58 -74 0
31 45 65 0
-38 -39 -59 0
21 29 -35 0
-48 -67 77 0
-56 64 74 0
-4 17 20 0
17 -43 -81 0
1 -13 -65 0
-30 68 -70 0
-16 -19 70 0
41 65 0
-5 9 -16 0
-5 22 -42 0
29 36 -73 0
-42 -57 0
31 61 0
-8 -44 0
-4 -26 -40 0
-32 -44 0
-4 -55 0
8 -53 66 0
6 17 -45 0
3 44 73 0
-30 -54 66 0
5 -9 74 0
6 -76 0
42 -44 59 0
-9 -59 0
12 23 -32 0
-2 -7 11 0
-15 19 -62 0
-5 -11 33 0
-15 24 0
46 -53 59 0
1 20 -27 0
4 45 61 0
31 74 -78 0
-55 62 67 0
-40 -56 0
-6 -13 -54 0
-16 33 0
44 48 50 0
35 70 81 0
-3 -28 0
11 -55 -62 0
-9 17 47 0
42 -56 -70 0
-21 33 50 0
40 48 69 0
-61 69 -70 0
8 -63 0
47 76 0
-59 -69 0
-20 -32 -67 0
5 80 0
27 -74 0
-6 52 -70 0
-11 -41 54 0
-11 65 0
-23 -35 0
-62 69 81 0
30 -64 70 0
-48 -54 0
-5 12 -79 0
11 -52 0
6 -30 -71 0
23 -46 -59 0
52 -64 -70 0
-2 23 58 0
31 -60 0
17 -20 -55 0
-2 -80 0
48 -53 0
-19 -32 71 0
28 -63 0
-3 -5 28 0
29 -56 59 0
-16 45 -47 0
7 -51 -81 0
-43 -50 0
-19 35 78 0
-9 -14 -79 0
4 33 34 0
4 -33 80 0
-10 -58 77 0
-2 53 74 0
11 -24 -30 0
50 -79 81 0
2 -34 -62 0
25 -41 61 0
-15 -69 0
18 -27 -62 0
47 63 0
-15 -31 57 0
20 -59 -81 0
12 -23 -47 0
8 -62 0
54 64 77 0
5 45 -69 0
28 -55 -81 0
46 -55 61 0
8 -10 21 0
-47 -70 0
11 24 -71 0
19 54 63 0
-33 41 -42 0
-15 22 0
-10 -64 0
-10 19 63 0
42 48 71 0
-44 52 0
20 34 0
-4 -69 0
-12 13 -47 0
-44 76 -81 0
-15 18 72 0
-10 29 73 0
-29 -51 -68 0
-15 -56 -61 0
-33 -34 70 0
-3 -8 55 0
44 77 80 0
-11 22 65 0
-49 70 0
8 -35 -80 0
-22 30 0
-19 -22 53 0
-57 66 0
28 50 78 0
-25 39 79 0
-8 31 78 0
9 61 0
-5 -6 29 0
4 42 44 0
18 -55 -67 0
-20 -46 -67 0
5 64 0
7 18 27 0
24 40 79 0
24 41 74 0
-14 23 28 0
31 67 0
-7 13 -42 0
37 -42 -79 0
-5 49 -64 0
36 -75 0
-26 -55 61 0
-61 -75 -79 0
55 79 0
-36 65 0
14 -39 0
5 26 57 0
-3 -39 -58 0
68 -71 72 0
-12 -64 0
-73 -80 0
-21 35 -64 0
-1 -5 -50 0
-49 -51 -70 0
-41 -55 59 0
4 27 38 0
43 57 -65 0
-34 36 78 0
47 -52 -59 0
-26 38 0
-9 -30 55 0
-13 65 0
4 49 0
-4 71 0
-10 -79 0
-11 -12 -21 0
-31 -53 -79 0
-16 -38 -47 0
32 66 0
46 49 -59 0
9 14 37 0
20 -30 46 0
-28 -32 67 0
33 56 0
12 62 72 0
25 -51 -62 0
-5 72 81 0
18 52 -78 0
-18 70 -81 0
21 31 -61 0
41 -60 66 0
43 62 77 0
12 61 75 0
13 46 54 0
6 37 38 0
41 48 -59 0
57 -61 -68 0
16 59 60 0
21 43 67 0
53 -55 0
-6 -57 0
-5 -11 77 0
