p cnf 86 313
-31 68 0
-16 27 64 0
-24 51 67 0
-15 -34 0
25 -41 -82 0
3 21 -48 0
-23 25 54 0
14 39 -52 0
-18 -20 -53 0
33 61 82 0
12 22 -58 0
-35 -85 0
-28 31 73 0
5 22 60 0
13 37 -72 0
4 57 -58 0
-68 73 0
7 38 -42 0
-11 -22 -79 0
-46 -65 -83 0
49 71 74 0
-13 79 -85 0
26 34 -65 0
-17 -20 -67 0
-17 40 -55 0
52 -59 64 0
37 62 63 0
-2 -71 72 0
-29 -54 -62 0
23 32 -33 0
10 -34 -43 0
18 -28 0
2 -18 -86 0
-32 -61 -64 0
-23 36 -79 0
10 -15 -86 0
16 -27 -60 0
18 59 -84 0
30 63 73 0
-63 86 0
-53 83 0
-1 -10 -58 0
-18 39 -68 0
-12 53 55 0
57 -66 -67 0
-29 60 -69 0
-11 -51 -56 0
52 -54 -58 0
4 47 62 0
9 -73 77 0
7 26 0
-8 -43 47 0
-8 39 -81 0
33 53 80 0
16 -34 51 0
-35 -45 -56 0
-23 -50 78 0
-5 -32 -36 0
36 62 -68 0
-35 77 0
-38 -55 72 0
-71 74 -81 0
1 -41 -52 0
-11 -41 71 0
-6 61 74 0
-8 22 40 0
-9 -16 -24 0
8 51 61 0
-34 47 -64 0
5 24 63 0
-34 -58 0
-5 8 79 0
-33 -53 86 0
20 -32 -39 0
4 -28 64 0
12 28 53 0
-3 36 -71 0
-5 -75 -85 0
30 -54 -61 0
-20 -69 -82 0
28 -39 44 0
-28 45 0
-64 76 0
-6 53 0
12 -15 32 0
-11 -37 0
-22 -45 53 0
-36 38 49 0
-60 73 -75 0
-25 -43 70 0
36 -42 50 0
43 -50 64 0
-34 41 45 0
15 -62 0
-48 64 75 0
2 -66 68 0
-39 56 0
2 -63 81 0
54 64 84 0
17 -55 70 0
5 -61 80 0
51 72 -84 0
-3 -60 79 0
-11 26 0
-30 31 0
28 39 0
13 -77 -79 0
62 78 0
8 28 58 0
-50 -61 -80 0
-10 28 0
-6 64 74 0
22 69 0
-26 28 75 0
-62 80 83 0
-22 -23 -63 0
27 -46 73 0
20 60 0
-27 -57 -61 0
-27 -48 -86 0
6 64 0
4 -15 -80 0
21 44 -83 0
46 57 0
-22 -62 83 0
-16 59 61 0
7 51 0
50 -67 73 0
4 -71 -85 0
39 71 0
-26 53 -72 0
-15 25 -49 0
7 -47 -75 0
2 15 0
66 67 0
-8 -11 -62 0
-10 -13 33 0
-8 34 71 0
-14 40 75 0
-13 79 85 0
-25 -47 54 0
34 -45 78 0
2 51 80 0
2 8 -69 0
12 -29 -77 0
-15 24 41 0
25 -52 0
-24 39 0
-42 -51 -62 0
9 -59 -74 0
22 -70 82 0
-36 -59 0
4 9 -26 0
-5 16 54 0
8 57 86 0
-4 5 10 0
-14 -15 -48 0
22 -48 -66 0
13 -24 0
48 69 -85 0
5 64 79 0
34 -51 64 0
-33 -58 85 0
-19 20 -65 0
-8 57 64 0
-12 36 57 0
4 -16 -50 0
1 7 38 0
78 80 0
8 -46 -47 0
6 -31 -86 0
13 -52 -67 0
-12 53 -63 0
22 65 -68 0
43 -58 0
18 34 -47 0
-11 -42 -57 0
12 -23 -40 0
-40 41 -78 0
11 26 -44 0
-25 -28 76 0
-4 23 -84 0
32 -49 -80 0
-26 -53 0
35 47 0
7 -66 0
29 60 67 0
-32 -33 67 0
-2 11 67 0
-16 64 0
-27 81 0
-38 51 0
-4 -27 -59 0
-25 -62 80 0
-15 -50 -67 0
50 52 -59 0
12 -29 0
-34 49 -67 0
15 17 -76 0
-3 23 43 0
4 64 68 0
8 21 -27 0
30 35 -85 0
-62 -78 -82 0
5 -37 64 0
39 -43 0
-11 61 0
55 56 0
-11 40 76 0
4 -64 80 0
12 23 -43 0
-2 -48 72 0
-43 58 0
-11 -31 36 0
-12 56 60 0
-39 -46 0
-19 -57 -81 0
-7 -9 64 0
3 10 32 0
-13 79 -84 0
60 68 -69 0
27 47 54 0
-11 20 -86 0
5 16 77 0
-8 72 84 0
5 -39 52 0
-28 63 75 0
19 -33 76 0
-22 23 55 0
15 -81 -83 0
-8 -56 61 0
27 -38 -83 0
-6 -35 86 0
-25 36 -70 0
1 -7 75 0
12 21 30 0
32 -35 -80 0
-34 52 66 0
-10 -14 47 0
14 -40 73 0
10 -18 -62 0
-16 42 56 0
16 -53 68 0
-5 -9 -76 0
29 -64 -83 0
41 -69 -85 0
21 67 72 0
12 -21 24 0
-13 -33 45 0
64 -65 0
42 -48 76 0
60 -67 -85 0
-48 50 75 0
-16 21 -35 0
-37 -63 0
-20 -57 -83 0
-36 -39 -50 0
-16 51 0
32 50 84 0
40 58 0
30 50 64 0
47 -59 63 0
-59 -61 62 0
6 -62 68 0
10 -64 -86 0
-37 -43 57 0
12 27 64 0
5 12 36 0
26 -31 84 0
-9 80 -84 0
12 21 66 0
12 -36 -78 0
2 25 -81 0
-53 80 0
-20 -45 80 0
33 35 0
-55 -74 0
5 60 61 0
1 -9 86 0
17 83 85 0
25 59 -83 0
32 66 -78 0
21 46 -62 0
1 -12 39 0
-21 27 -77 0
-1 -2 84 0
8 21 23 0
-17 32 -80 0
-53 59 63 0
-7 10 -25 0
17 -31 -38 0
-32 -40 -77 0
-17 -27 33 0
9 57 -59 0
-58 -73 86 0
4 9 15 0
-15 65 0
-40 85 0
22 -58 77 0
-11 22 27 0
39 74 0
25 -68 -73 0
30 35 -81 0
6 -40 64 0
-9 -35 -83 0
-1 -32 42 0
-18 38 83 0
-71 75 -86 0
24 -60 65 0
-5 43 -44 0
-42 60 0
2 50 55 0
-13 -30 68 0
