p cnf 88 329
-32 69 0
-16 28 65 0
-25 52 68 0
-15 -35 0
26 -42 -84 0
3 22 -49 0
-24 26 55 0
14 40 -53 0
-18 -21 -54 0
34 62 84 0
12 23 -59 0
-36 -72 -87 0
-29 32 75 0
5 23 61 0
13 38 -74 0
4 58 -59 0
20 -69 75 0
7 39 -43 0
-11 -23 -81 0
-47 -66 -85 0
50 73 76 0
-13 81 -87 0
27 35 -66 0
-17 -21 -68 0
-17 41 -56 0
30 72 0
53 -60 65 0
38 63 64 0
-2 -73 74 0
-30 -55 -63 0
24 33 -34 0
50 52 72 0
10 -35 -44 0
18 -29 0
2 -18 -88 0
-33 -62 -65 0
-24 37 -81 0
10 -15 -88 0
16 -28 -61 0
18 60 -86 0
31 64 75 0
-64 88 0
-54 85 0
-21 -42 72 0
-1 -10 -59 0
-18 40 -69 0
-12 54 56 0
58 -67 -68 0
-30 61 -70 0
-11 -52 -57 0
53 -55 -59 0
4 48 63 0
9 -75 79 0
7 20 27 0
-8 -44 48 0
-8 40 -83 0
34 54 82 0
16 -35 52 0
-36 -46 -57 0
-24 -51 80 0
-5 -33 -37 0
37 63 -69 0
20 -36 79 0
-39 -56 74 0
-73 76 -83 0
1 -42 -53 0
-11 -42 73 0
-6 62 76 0
-8 23 41 0
-9 -16 -25 0
8 52 62 0
-35 48 -65 0
5 25 64 0
-35 -59 0
-5 8 81 0
17 -20 -65 0
-14 -20 64 0
-34 -54 88 0
21 -33 -40 0
4 -29 65 0
12 29 54 0
-20 -31 -84 0
-3 37 -73 0
-5 -77 -87 0
31 -55 -62 0
-21 -70 -84 0
58 72 88 0
29 -40 45 0
-29 46 0
-20 -84 88 0
-65 78 0
-6 54 -72 0
12 -15 33 0
-11 -38 0
-23 -46 54 0
-37 39 50 0
-61 75 -77 0
-26 -44 71 0
37 -43 51 0
44 -51 65 0
-35 42 46 0
15 -63 0
-49 65 77 0
2 -67 69 0
-40 57 0
2 -64 83 0
55 65 86 0
17 -56 71 0
5 -62 82 0
52 74 -86 0
-3 -61 81 0
-11 27 0
-31 32 0
29 40 0
13 -79 -81 0
63 80 0
8 29 59 0
-51 -62 -82 0
-10 29 0
-6 65 76 0
23 70 0
-27 29 77 0
-63 82 85 0
-23 -24 -64 0
28 -47 75 0
21 61 -72 0
-28 -58 -62 0
-28 -49 -88 0
6 65 0
4 -15 -82 0
14 -20 52 0
22 45 -85 0
47 58 0
-23 -63 85 0
-16 60 62 0
7 52 0
51 -68 75 0
4 -73 -87 0
40 73 0
-27 54 -74 0
-20 -74 80 0
-15 26 -50 0
7 -48 -77 0
2 15 0
67 68 0
-8 -11 -63 0
-10 -13 34 0
-8 35 73 0
-14 41 77 0
-13 81 87 0
-26 -48 55 0
35 -46 80 0
2 52 82 0
2 8 -70 0
12 -30 -79 0
-15 25 42 0
26 -53 0
-25 40 0
-43 -52 -63 0
9 -60 -76 0
23 -71 84 0
-37 -60 0
4 9 -27 0
-5 16 55 0
8 58 88 0
-4 5 10 0
-14 -15 -49 0
23 -49 -67 0
13 20 -25 0
49 70 -87 0
5 65 81 0
35 -52 65 0
-42 72 0
-34 -59 87 0
-19 21 -66 0
-8 58 65 0
-12 37 58 0
4 -16 -51 0
1 7 39 0
80 82 0
8 -47 -48 0
6 -32 -88 0
13 -53 -68 0
-12 54 -64 0
23 66 -69 0
20 44 -59 0
18 35 -48 0
-11 -43 -58 0
12 -24 -41 0
-41 42 -80 0
11 27 -45 0
-26 -29 78 0
-20 50 70 0
-4 24 -86 0
33 -50 -82 0
-27 -54 0
36 48 0
7 -67 0
30 61 68 0
-33 -34 68 0
-2 11 68 0
-16 65 -72 0
-28 83 0
-39 52 0
-4 -28 -60 0
-26 -63 82 0
-15 -51 -68 0
51 53 -60 0
12 -30 0
-35 50 -68 0
15 17 -78 0
-3 24 44 0
4 65 69 0
8 22 -28 0
31 36 -87 0
-63 -80 -84 0
5 -38 65 0
40 -44 0
-11 62 0
56 57 0
-11 41 78 0
4 -65 82 0
12 24 -44 0
-2 -49 74 0
-44 59 0
-11 -32 37 0
-12 57 61 0
-40 -47 0
-19 -58 -83 0
-7 -9 65 0
3 10 33 0
-13 81 -86 0
61 69 -70 0
28 48 55 0
-11 21 -88 0
5 16 79 0
-8 74 86 0
5 -40 53 0
-29 64 77 0
19 -34 78 0
-23 24 56 0
15 -83 -85 0
-8 -57 62 0
28 -39 -85 0
-6 -36 88 0
-26 37 -71 0
1 -7 77 0
12 22 31 0
33 -36 -82 0
-35 53 67 0
-10 -14 48 0
14 -41 75 0
10 -18 -63 0
-16 43 57 0
16 -54 69 0
-5 -9 -78 0
30 -65 -85 0
-41 57 72 0
42 -70 -87 0
22 68 74 0
12 -22 25 0
-13 -34 46 0
65 -66 0
43 -49 78 0
61 -68 -87 0
-49 51 77 0
-16 22 -36 0
-38 -64 0
-21 -58 -85 0
-37 -40 -51 0
-16 52 0
33 51 86 0
41 59 0
-20 -51 66 0
31 51 65 0
48 -60 64 0
-60 -62 63 0
6 -63 69 0
10 -65 -88 0
-38 -44 58 0
11 -20 -56 0
12 28 65 0
5 12 37 0
27 -32 86 0
-9 82 -86 0
12 22 67 0
12 -37 -80 0
2 26 -83 0
-20 28 -71 0
-54 82 0
-21 -46 82 0
34 36 0
20 -56 -76 0
5 61 62 0
1 -9 88 0
17 85 87 0
26 60 -85 0
33 67 -80 0
22 47 -63 0
1 -12 40 0
-22 28 -79 0
-1 -2 86 0
8 22 24 0
-17 33 -82 0
-54 60 64 0
-7 10 -26 0
17 -32 -39 0
-33 -41 -79 0
-17 -28 34 0
9 58 -60 0
-59 -75 88 0
4 9 15 0
-15 66 0
-41 87 0
23 -59 79 0
-11 23 28 0
40 76 0
26 -69 -75 0
31 36 -83 0
6 -41 65 0
-9 -36 -85 0
-1 -33 43 0
-18 39 85 0
-73 77 -88 0
25 -61 66 0
-5 44 -45 0
-43 61 0
2 51 56 0
-13 -31 69 0
