p cnf 75 246
-1 -15 0
-63 -68 0
39 -41 53 0
40 70 75 0
9 -63 0
4 12 15 0
43 58 71 0
-7 32 0
-23 -62 -68 0
36 43 0
-10 -26 -70 0
-26 31 0
-19 -40 -48 0
25 -27 0
-47 -58 -70 0
-4 35 48 0
-14 41 58 0
-53 -62 0
-32 -47 -51 0
16 28 45 0
-6 33 -37 0
-22 -35 59 0
-51 -53 -59 0
19 32 0
-33 42 47 0
6 30 -43 0
48 72 0
9 -41 0
41 55 -56 0
12 -37 48 0
-26 -30 -47 0
-32 -70 0
-8 54 0
30 -66 0
13 23 -30 0
-27 -36 -59 0
-3 -10 -13 0
4 36 -40 0
63 -70 0
-4 -26 64 0
-27 -32 -54 0
26 -63 0
-6 61 72 0
-2 -54 62 0
46 -65 0
23 47 0
11 56 -67 0
-46 74 0
30 47 -68 0
11 26 -33 0
5 -7 -25 0
-17 67 0
30 -71 0
18 20 -49 0
6 -32 0
-16 28 -73 0
25 -72 0
-38 75 0
-16 -38 -71 0
-11 62 0
1 25 0
33 -52 64 0
-16 -25 -67 0
-2 11 -19 0
-6 19 41 0
-32 34 -52 0
15 -34 64 0
19 50 0
-41 55 0
-1 30 0
8 34 -35 0
-14 -60 -67 0
-60 61 -71 0
16 -37 59 0
29 -73 0
11 18 -48 0
27 75 0
18 -66 -74 0
15 -50 -61 0
-16 49 0
-51 66 0
1 -18 -39 0
1 49 69 0
40 -70 0
-52 74 0
21 -24 73 0
66 -69 0
-4 13 -69 0
47 -72 -74 0
10 16 63 0
-4 57 0
27 40 41 0
-2 -9 38 0
60 70 72 0
1 9 -74 0
6 -15 39 0
1 31 -58 0
-2 -18 27 0
19 24 0
24 -63 74 0
16 26 -60 0
-50 -66 73 0
-52 54 58 0
-6 -60 0
-22 -41 0
-11 67 72 0
40 64 0
-42 -71 0
7 11 62 0
37 -49 0
56 73 0
43 45 -62 0
2 68 0
42 49 58 0
-16 19 47 0
3 -12 0
6 -24 0
-30 -60 0
-2 -46 0
18 25 36 0
-24 -31 -50 0
62 64 65 0
-27 -42 0
15 25 -46 0
-32 72 0
-3 -7 0
17 21 -63 0
-52 63 0
-26 -52 0
31 58 73 0
8 -10 0
-8 48 -64 0
-40 41 -47 0
7 -23 0
-69 75 0
51 69 -75 0
42 -72 0
22 41 68 0
7 -51 60 0
-13 56 69 0
-1 65 0
2 -25 -59 0
19 32 0
-48 -49 52 0
21 41 42 0
-19 52 -60 0
-24 -43 -69 0
18 -68 0
34 -43 -55 0
-4 29 -45 0
-3 17 -29 0
3 33 -72 0
6 -60 69 0
4 -15 -59 0
-7 47 0
24 -63 -71 0
-18 -30 0
31 59 0
16 57 0
48 -69 72 0
18 -42 -43 0
-8 53 0
53 69 -75 0
63 -68 0
-4 -41 -65 0
8 40 68 0
-9 -44 -51 0
6 53 -60 0
-28 45 70 0
-3 -24 -62 0
4 -5 -37 0
50 -57 0
42 47 58 0
30 -34 -48 0
3 -28 -63 0
17 32 34 0
18 57 0
34 55 67 0
-27 -39 0
-27 38 59 0
-2 -55 57 0
9 46 0
-17 24 67 0
16 47 50 0
-13 17 61 0
72 -74 0
-5 -41 0
1 17 -30 0
-35 45 -60 0
-21 -41 -73 0
46 -48 65 0
40 56 -69 0
-4 40 -74 0
-5 -14 0
-32 -60 0
-1 -32 57 0
-13 -54 0
6 -28 -31 0
32 69 0
19 -33 0
21 42 0
33 53 -55 0
17 36 57 0
23 24 0
-43 -49 0
11 37 52 0
-4 23 -34 0
-7 27 71 0
37 -47 -69 0
19 -45 0
-20 -65 -71 0
-37 -43 66 0
7 38 44 0
26 45 48 0
10 36 0
-5 31 -63 0
-8 67 -69 0
25 38 -45 0
-28 -50 -75 0
35 60 0
-4 -5 0
-24 -26 0
-39 52 -60 0
-1 12 17 0
-7 -36 40 0
48 54 0
13 72 0
-13 -42 -58 0
19 67 -73 0
40 50 -62 0
-31 -64 0
-5 45 74 0
-5 -48 71 0
3 51 0
-46 -48 0
5 12 66 0
15 40 46 0
3 69 0
-37 -55 67 0
-18 26 -28 0
-14 -36 -70 0
-15 54 64 0
69 -72 0
-7 35 -64 0
-41 42 56 0
-40 45 52 0
