p cnf 78 268
6 15 46 0
6 48 0
-21 -56 0
17 22 -68 0
12 -59 0
-21 -47 -73 0
21 30 61 0
-4 15 65 0
-3 -32 -50 0
6 -9 47 0
-37 41 -51 0
29 -32 0
23 -37 59 0
-6 50 -53 0
24 -46 -63 0
26 65 77 0
7 -13 0
23 31 36 0
-28 -45 71 0
-10 55 -61 0
-20 24 -71 0
-3 77 0
-12 -36 50 0
45 -63 0
-9 -66 75 0
4 -9 49 0
8 -69 0
-11 66 0
39 -63 -77 0
-43 52 -57 0
-13 19 75 0
-16 -35 43 0
-4 19 35 0
-9 -13 19 0
62 77 -78 0
-39 46 -72 0
6 -46 69 0
49 -55 0
13 33 -75 0
41 75 0
12 -13 0
6 41 0
15 28 60 0
-12 33 36 0
6 -33 50 0
-25 -26 35 0
-6 -53 0
14 -60 -74 0
-10 -30 57 0
51 -70 73 0
-7 13 0
-32 45 -55 0
15 -36 -55 0
10 -29 69 0
3 -72 0
-19 35 62 0
6 47 -49 0
38 42 61 0
21 -41 47 0
10 -20 -30 0
-3 10 39 0
46 -52 60 0
-22 66 -77 0
-2 35 66 0
1 -12 77 0
49 64 0
63 70 74 0
15 25 0
-1 44 -57 0
10 31 32 0
-36 -46 61 0
6 -36 -78 0
49 64 -76 0
6 66 71 0
-39 47 -54 0
49 51 0
-5 -50 -76 0
-15 -18 28 0
-55 68 0
23 -50 78 0
-18 51 77 0
8 -42 -67 0
18 -38 69 0
-58 61 -64 0
-36 47 72 0
5 -50 0
-4 -55 0
-7 75 0
48 62 0
-35 -56 62 0
-23 -24 -52 0
-2 28 38 0
-9 -48 0
-6 21 -27 0
47 -51 -70 0
-14 48 0
7 -33 54 0
22 56 -76 0
40 61 0
35 60 0
-2 17 -25 0
-30 -35 75 0
9 -30 49 0
38 59 73 0
22 -51 72 0
-2 14 0
25 26 49 0
-18 66 -77 0
39 -73 0
10 -41 0
-50 59 0
5 52 0
25 48 0
-48 59 0
26 -51 64 0
23 37 -49 0
-3 52 -53 0
-10 -38 -49 0
34 -71 0
56 -62 68 0
-39 59 0
39 64 0
-27 -73 0
-53 58 72 0
-10 12 -63 0
-1 -12 -51 0
6 -30 0
29 37 -47 0
-30 47 0
-32 45 -46 0
6 11 -47 0
21 -70 0
-16 22 -45 0
-60 66 0
-25 36 51 0
29 55 72 0
50 51 -55 0
12 -60 -63 0
-9 27 -78 0
-35 66 0
32 -76 -78 0
11 36 77 0
-7 11 -23 0
9 11 52 0
58 75 0
32 -44 0
-22 -33 63 0
-46 -59 -71 0
-63 -67 0
-8 40 -63 0
21 -47 -70 0
-21 54 59 0
9 -34 49 0
10 23 54 0
-10 -24 42 0
31 68 0
1 -7 -74 0
-44 50 -68 0
-8 -52 0
6 30 -63 0
-5 53 61 0
-42 50 68 0
6 -18 -27 0
-2 -18 44 0
-38 -50 -65 0
24 -47 58 0
-5 28 29 0
-20 28 -42 0
-13 -22 25 0
-11 -45 -54 0
19 -52 70 0
-4 34 76 0
-23 48 -59 0
-25 -76 78 0
-35 -37 0
-19 -36 -78 0
6 -62 77 0
-3 66 78 0
-33 51 0
6 7 10 0
-3 -33 -67 0
-4 -74 0
3 69 -77 0
-14 -23 57 0
8 -28 0
3 -25 55 0
-7 36 0
42 -44 68 0
-8 -76 0
50 53 0
-25 32 72 0
-29 -52 62 0
23 64 -70 0
53 -66 70 0
-9 -47 -53 0
41 74 0
7 49 0
9 -54 65 0
31 33 -64 0
-2 38 56 0
-1 24 -37 0
-9 -20 30 0
34 64 0
1 24 62 0
-9 -13 0
1 -20 64 0
-36 64 0
-8 -17 0
14 39 -48 0
3 -6 -28 0
16 27 -67 0
19 -53 61 0
26 -37 -74 0
7 12 54 0
2 5 78 0
46 -75 0
-43 55 -68 0
27 -66 70 0
-4 -30 0
-12 -31 -33 0
-4 -20 25 0
-34 39 72 0
5 11 0
-5 37 57 0
-23 50 0
-46 70 0
-15 73 77 0
-11 -55 -65 0
-14 -21 0
-24 46 54 0
13 -31 -32 0
44 66 0
31 38 -52 0
26 28 0
8 19 -35 0
26 70 0
12 -30 77 0
-37 -38 -61 0
42 66 0
5 -74 0
19 -31 -47 0
-32 35 -43 0
-2 30 75 0
-3 -50 63 0
39 -59 63 0
4 -30 59 0
-42 -59 0
7 27 -74 0
-22 -33 0
7 10 71 0
-16 -17 -48 0
38 56 69 0
-14 47 0
29 -36 -60 0
22 -52 0
21 47 -60 0
16 -23 -24 0
38 50 64 0
-17 -46 -72 0
-25 -41 -47 0
-17 -67 76 0
58 -66 77 0
65 -76 0
29 37 -53 0
-19 40 -77 0
14 25 -37 0
-12 62 0
-18 -38 -61 0
