p cnf 81 311
-27 -40 72 0
21 -47 50 0
21 45 -65 0
29 -53 73 0
18 28 76 0
-42 45 -49 0
29 55 71 0
23 58 66 0
17 -50 78 0
27 56 0
-44 61 67 0
21 -26 53 0
42 -43 -60 0
22 32 75 0
-32 42 75 0
-9 12 -33 0
-29 -67 0
29 33 44 0
-10 -15 -16 0
-34 62 67 0
-15 39 -47 0
4 -21 -35 0
-27 -55 0
-14 -31 39 0
-1 12 25 0
17 40 0
-11 33 34 0
-22 25 0
25 -52 -60 0
7 30 -56 0
-5 -20 0
27 -45 -76 0
-5 -48 0
-1 42 65 0
45 -49 -74 0
-12 -74 0
22 25 -52 0
-8 -67 68 0
8 -47 -66 0
-33 -52 0
19 56 73 0
-37 38 0
32 -43 -72 0
-41 55 -79 0
-20 -35 57 0
-19 39 46 0
-29 34 0
-5 21 -47 0
-7 -44 -70 0
58 -80 0
22 -76 0
-21 -29 38 0
-34 -68 -74 0
19 -47 -77 0
14 -32 37 0
29 -77 0
-43 54 77 0
-2 56 -61 0
44 -54 -77 0
-6 -11 -49 0
-14 -42 -55 0
-5 33 66 0
3 -37 -41 0
14 38 39 0
-35 61 -75 0
11 63 0
6 29 0
14 -33 -36 0
12 -27 59 0
51 66 0
21 26 -28 0
-1 17 49 0
-72 -79 0
2 9 42 0
-9 -19 -53 0
3 -63 0
-18 28 47 0
-25 35 0
9 -33 40 0
6 33 -77 0
-45 64 68 0
18 -37 -69 0
-58 59 0
-47 -51 -58 0
-17 61 -70 0
-1 -68 80 0
24 55 69 0
-52 -65 69 0
-49 51 69 0
3 -29 80 0
-59 -75 0
-15 34 -66 0
40 -65 80 0
-16 25 54 0
-27 60 66 0
-16 -20 26 0
-54 77 0
-10 31 69 0
53 -61 78 0
72 -79 0
-29 47 0
8 25 51 0
-19 20 80 0
-18 32 0
-25 58 -77 0
-49 55 0
8 18 40 0
37 39 0
-6 -17 21 0
-18 -32 0
5 51 68 0
-12 -41 -44 0
-16 -37 -57 0
2 20 0
-12 -67 68 0
22 -45 69 0
-12 -15 -57 0
7 43 0
46 -60 -68 0
-3 -45 -57 0
-19 -64 0
12 -68 -77 0
3 -14 -33 0
8 28 -42 0
-18 59 76 0
40 72 79 0
-8 -69 71 0
2 39 0
3 -6 -42 0
25 75 0
-6 8 34 0
14 29 0
7 -11 -12 0
-24 -56 -81 0
15 42 -56 0
-1 8 -25 0
-7 49 0
-41 -62 -74 0
-44 -73 0
52 67 -68 0
-22 -54 60 0
-20 61 -70 0
1 -7 31 0
-13 -24 32 0
-44 -54 61 0
-33 42 -71 0
18 34 71 0
-17 -68 -71 0
11 -32 -57 0
-12 21 36 0
-20 -55 62 0
5 -6 0
40 61 0
21 -23 65 0
11 -18 -20 0
-4 -34 65 0
28 -65 0
31 34 73 0
42 53 66 0
37 -60 72 0
-27 51 0
8 18 -78 0
14 31 74 0
49 -80 0
-16 18 0
-6 57 -69 0
14 43 81 0
52 53 -64 0
-1 13 -17 0
-30 -72 -76 0
-46 60 -79 0
-11 -72 74 0
3 -34 -65 0
-13 27 32 0
-27 -59 0
15 -60 64 0
3 8 42 0
11 -51 57 0
51 73 -81 0
-21 -33 34 0
74 78 0
74 79 0
-25 -37 52 0
58 -67 0
-1 -5 17 0
44 55 -71 0
14 15 64 0
-54 77 0
-26 62 76 0
31 52 68 0
-13 43 0
-29 33 66 0
-10 23 24 0
57 61 -67 0
-23 -42 -77 0
38 -41 66 0
-58 -65 0
3 6 -72 0
48 54 0
-48 55 0
66 -69 0
17 24 -64 0
-20 33 38 0
-47 55 -61 0
22 -46 48 0
-59 67 69 0
5 18 21 0
21 34 0
-9 10 -75 0
20 66 67 0
41 -49 78 0
25 -65 77 0
-2 25 0
17 -18 0
-3 -47 -79 0
4 -41 -59 0
-23 -29 -31 0
-13 34 -70 0
-2 10 -59 0
-30 -38 81 0
-20 41 -63 0
-1 26 -73 0
34 -35 0
-43 57 78 0
8 9 43 0
-28 43 55 0
-52 63 -68 0
28 -62 0
-12 48 60 0
36 59 -64 0
47 -73 0
43 69 -81 0
-48 79 0
21 -53 78 0
-22 60 -67 0
3 -77 0
16 29 -55 0
2 11 76 0
13 22 44 0
9 49 -54 0
9 -27 -40 0
14 -52 64 0
-3 -44 71 0
27 37 -71 0
2 13 50 0
15 61 -71 0
24 59 0
32 37 62 0
-17 30 56 0
-18 37 -70 0
19 64 0
5 -7 -72 0
3 9 44 0
-13 -46 80 0
-12 -81 0
-6 38 62 0
22 44 0
-29 42 46 0
-29 50 -51 0
-28 61 0
3 52 56 0
20 -62 77 0
-16 -46 51 0
-1 25 -31 0
-23 37 47 0
2 -9 -20 0
-6 12 61 0
22 31 58 0
6 -64 0
22 -35 0
18 -28 0
-19 26 -40 0
3 5 -52 0
-8 -44 65 0
22 29 76 0
-5 -19 -76 0
-62 -77 0
-30 -37 0
20 -40 -54 0
-10 25 -47 0
20 36 -38 0
-56 69 0
17 -33 49 0
-9 73 77 0
-10 -42 -72 0
27 -37 64 0
26 -29 -33 0
-56 -68 0
-31 -42 -61 0
20 39 -48 0
2 -4 62 0
-14 -15 -42 0
31 58 -73 0
-43 -59 0
-1 24 36 0
-36 55 0
-12 52 68 0
5 -28 0
-15 39 -77 0
-17 34 0
-22 -34 71 0
21 -28 -42 0
63 70 0
12 35 54 0
49 -72 0
-20 -28 39 0
6 -76 0
-12 -28 -31 0
27 59 0
-27 -46 61 0
27 -31 65 0
