p cnf 90 361
20 50 0
86 90 0
-22 -39 -56 0
-12 37 0
17 -20 45 0
22 -26 0
13 61 -67 0
-7 80 0
-24 -75 77 0
11 15 -79 0
-22 -34 -87 0
-66 -68 0
-34 41 -61 0
-2 -62 0
16 41 70 0
-6 78 0
12 51 -83 0
-14 53 58 0
31 35 61 0
6 13 44 0
-10 82 0
-53 -57 -83 0
-4 15 33 0
-33 61 -78 0
-77 -80 84 0
-8 25 82 0
-6 24 35 0
-12 -70 -85 0
-8 -52 -60 0
-3 -28 44 0
-25 -56 61 0
-22 -77 90 0
21 23 -28 0
30 39 80 0
9 -30 80 0
17 -41 0
21 25 -89 0
65 -87 0
-24 -34 59 0
22 33 0
-2 -61 90 0
10 -16 -72 0
30 38 -70 0
15 73 -85 0
14 -29 49 0
-74 -83 0
-73 77 -89 0
33 -74 0
2 18 0
-15 -68 -69 0
-26 59 -70 0
3 -5 -14 0
21 35 0
-33 48 53 0
-62 67 -68 0
31 80 87 0
-13 -70 -83 0
-8 -38 -66 0
-47 58 0
1 23 -82 0
-1 23 60 0
12 35 77 0
11 -84 -88 0
15 -29 -49 0
23 47 -51 0
-2 19 0
11 40 60 0
10 -15 46 0
-46 -55 -76 0
-1 14 -16 0
-55 58 -73 0
-15 -79 0
-21 64 -69 0
9 -59 -70 0
4 49 -87 0
23 -42 -64 0
5 38 0
-12 33 -88 0
-50 -57 -61 0
-41 -54 -63 0
25 -27 28 0
42 52 0
-66 -71 75 0
-5 -65 80 0
12 43 -70 0
79 -81 0
-25 44 81 0
-14 24 -59 0
-17 -62 -85 0
-63 -64 71 0
-1 35 69 0
33 -68 75 0
12 55 -79 0
-31 -63 -84 0
62 -63 0
-18 -19 -48 0
-1 31 -68 0
19 28 60 0
11 -37 44 0
20 27 46 0
-31 79 0
1 -7 -46 0
-5 41 42 0
29 59 63 0
-58 59 -79 0
15 60 -81 0
-4 -13 49 0
-5 31 0
-2 -37 -82 0
17 43 76 0
27 -58 -70 0
-57 -65 -83 0
14 22 -57 0
46 71 -88 0
37 56 -81 0
10 13 55 0
-14 70 -77 0
-15 34 0
15 38 89 0
-59 -79 0
45 -84 -89 0
-9 -27 71 0
23 -32 -59 0
10 81 0
31 -75 -86 0
29 -56 85 0
35 -44 79 0
6 43 -77 0
-11 -71 0
28 -32 56 0
47 -68 79 0
40 54 88 0
30 44 63 0
-18 38 79 0
-36 -43 0
-33 65 -86 0
21 -27 -65 0
-18 90 0
11 61 -62 0
2 -5 -43 0
-20 -30 -53 0
-29 -73 -81 0
43 49 64 0
23 24 -38 0
-1 37 -43 0
27 45 69 0
-24 -55 59 0
25 63 86 0
38 -69 89 0
4 -26 49 0
11 45 -80 0
8 -26 43 0
11 52 0
-25 35 73 0
-43 -56 88 0
38 44 -90 0
-38 -40 0
2 -30 70 0
-72 86 87 0
1 -24 -74 0
11 12 90 0
34 -60 73 0
-9 28 -67 0
-33 45 83 0
-5 14 54 0
26 38 0
23 -35 -87 0
-65 88 0
30 -36 76 0
-7 45 87 0
-8 -45 -82 0
19 -33 -78 0
-51 -77 -83 0
12 -17 -70 0
-46 53 57 0
71 -81 85 0
44 48 -78 0
-39 47 -83 0
21 -49 -67 0
-51 59 -89 0
20 57 -68 0
-36 -57 -86 0
18 -82 88 0
-47 48 66 0
-11 -15 90 0
-12 28 0
49 50 0
-15 46 50 0
11 -38 -80 0
3 12 0
10 -24 -73 0
-34 -86 90 0
-16 -33 42 0
-50 75 -89 0
25 44 89 0
-61 -73 0
42 -45 -59 0
58 -74 89 0
-12 33 -65 0
-13 54 86 0
15 63 0
15 28 -70 0
40 74 84 0
10 -83 88 0
-34 -54 76 0
6 36 -85 0
-28 64 -75 0
14 -34 -59 0
-20 38 -83 0
-3 -25 85 0
24 -62 -83 0
-12 19 -58 0
-65 -82 0
21 87 90 0
-17 -59 76 0
10 -43 54 0
-21 -62 67 0
-9 -66 72 0
-9 16 -51 0
-16 -19 30 0
-38 -51 53 0
11 33 0
-30 63 -81 0
-21 52 63 0
14 28 61 0
23 53 -67 0
-2 51 -53 0
3 50 56 0
-26 -55 -61 0
-3 -39 59 0
33 -51 -87 0
-3 -6 -61 0
-48 57 72 0
-46 52 -90 0
-7 -32 -67 0
31 -52 87 0
-54 61 -77 0
20 55 65 0
-35 47 0
-50 54 -81 0
21 -39 -76 0
40 52 -75 0
2 45 49 0
-32 38 -46 0
19 38 44 0
3 54 64 0
-16 81 -89 0
-27 39 -46 0
9 29 71 0
20 -40 -75 0
35 63 70 0
-17 25 -73 0
17 39 51 0
-45 68 -88 0
-17 -33 -77 0
-18 -43 82 0
-52 -65 -68 0
33 -42 -74 0
-6 43 -66 0
9 13 25 0
-12 -55 64 0
69 -82 0
-3 -15 -43 0
-14 37 51 0
36 -38 69 0
5 -18 -63 0
6 -45 84 0
3 -23 -77 0
20 32 71 0
6 -45 -67 0
-3 16 77 0
25 39 81 0
-3 -10 -40 0
-14 -57 77 0
24 45 67 0
-2 -57 -62 0
-10 -47 -70 0
5 -44 80 0
-56 -59 -87 0
-33 -74 -87 0
-19 44 51 0
-15 -34 72 0
4 -62 0
6 -71 0
2 55 88 0
-29 58 -88 0
-32 -39 -46 0
-20 27 -90 0
8 -32 55 0
43 74 0
-23 -48 -49 0
22 36 89 0
-43 59 0
-38 79 -86 0
20 59 -81 0
30 39 88 0
13 54 -89 0
-24 25 -52 0
7 20 -63 0
-73 -83 0
-15 37 -70 0
77 -84 87 0
-31 -34 -73 0
-56 -60 66 0
10 60 -70 0
44 -64 -78 0
4 37 71 0
38 -46 -70 0
1 -18 -61 0
-47 79 -81 0
-29 50 -83 0
-7 -15 0
8 -22 25 0
-42 -69 0
-32 46 -48 0
-9 40 -89 0
-4 34 79 0
-23 27 52 0
54 56 -79 0
9 44 -72 0
-20 80 88 0
29 -85 86 0
45 -67 0
27 45 -86 0
-27 -35 -88 0
-52 -74 82 0
-17 -67 -87 0
-14 -36 69 0
-3 -80 -84 0
12 -21 -53 0
-16 34 49 0
-69 87 0
17 -24 0
-11 31 70 0
67 -76 -89 0
45 -66 76 0
28 -45 64 0
-63 -64 -82 0
20 -25 60 0
-69 73 0
23 48 66 0
-37 -67 -82 0
-10 -26 50 0
-14 -42 -75 0
12 -16 -71 0
34 -47 -67 0
49 51 56 0
-30 54 -56 0
1 -10 0
13 -77 -85 0
4 -56 80 0
-7 -86 0
63 -66 0
9 25 -56 0
48 -49 -73 0
5 -58 -76 0
48 -68 0
-34 43 45 0
26 -33 -76 0
-15 19 38 0
-66 -74 -79 0
