p cnf 74 239
-24 35 0
14 -45 0
-51 -52 53 0
21 65 0
-33 50 69 0
38 59 -60 0
5 -55 62 0
-38 -50 -56 0
11 -17 -28 0
-5 31 55 0
-65 67 0
-53 -69 -72 0
-63 74 0
-23 29 -53 0
-21 38 72 0
65 70 0
-48 -56 69 0
-17 33 -45 0
-32 66 0
-9 -31 -67 0
6 -62 71 0
-27 -54 60 0
13 17 -45 0
-3 39 44 0
-2 57 -72 0
-63 -71 0
35 -44 0
-15 21 -23 0
28 37 0
-19 -29 -39 0
22 53 57 0
-31 36 0
29 30 44 0
17 46 0
-19 -46 53 0
20 -49 -56 0
33 -45 -57 0
-3 5 -51 0
-21 53 0
14 26 0
-11 52 0
-5 -7 -26 0
-4 -41 52 0
-59 61 -62 0
-7 11 68 0
-22 38 69 0
12 -31 55 0
-28 -46 -68 0
-13 -17 24 0
-24 -46 0
-10 11 17 0
29 -31 -38 0
-9 -32 57 0
13 -33 -58 0
46 73 0
-1 -3 8 0
1 -25 -67 0
8 22 57 0
7 16 0
-35 37 -38 0
-6 33 -65 0
11 51 0
9 38 49 0
10 33 -66 0
-17 -38 47 0
52 -57 0
1 24 57 0
11 -35 58 0
-37 -42 -65 0
-16 -36 41 0
6 26 61 0
-34 -72 0
18 -39 55 0
-23 -38 0
43 66 -73 0
3 -15 0
33 46 0
14 -17 -55 0
-16 -22 -37 0
-41 -47 0
19 -39 -52 0
-5 -23 42 0
-44 -60 -64 0
-7 -36 74 0
24 66 0
-22 -28 -69 0
17 38 50 0
32 45 0
2 59 69 0
-9 66 0
4 -52 62 0
-54 -64 71 0
1 -48 0
24 26 30 0
8 -29 -30 0
35 45 0
-6 -47 -51 0
-1 30 0
-11 29 -33 0
28 -30 36 0
16 42 -71 0
8 59 -69 0
7 -55 -61 0
-6 -57 0
-6 -45 -47 0
32 -33 -63 0
7 -12 0
-43 -69 0
3 -18 0
-19 23 74 0
-13 -66 0
14 60 69 0
-4 -34 0
3 -38 0
14 -46 -52 0
-13 22 -59 0
13 23 -42 0
-3 19 55 0
-26 58 72 0
-9 -52 0
-5 48 53 0
32 50 -62 0
37 38 73 0
2 25 63 0
6 -45 0
-32 37 -50 0
31 33 50 0
61 64 0
-1 -2 25 0
-11 -21 -30 0
41 50 -66 0
9 -54 71 0
30 -41 -56 0
33 -51 63 0
9 22 41 0
10 -54 -60 0
2 23 -34 0
-4 39 0
30 63 0
-12 43 70 0
-4 -13 40 0
-20 -45 0
11 -17 30 0
11 60 61 0
1 57 0
-24 41 0
2 -74 0
-4 -68 0
-30 -50 60 0
-29 -40 -72 0
-11 68 0
30 -36 -59 0
6 46 73 0
-1 -40 -55 0
-20 48 -71 0
16 21 -51 0
9 -16 0
19 -30 -45 0
28 45 -53 0
30 -42 -72 0
-1 36 0
-5 48 -60 0
-15 37 0
44 -55 0
-2 -9 0
-15 -34 0
-16 33 -66 0
31 -63 72 0
31 41 -46 0
5 11 -41 0
3 68 0
-26 48 65 0
-15 -55 0
38 67 -71 0
-6 27 64 0
5 14 -16 0
30 -58 -67 0
3 33 0
-12 -16 0
-44 57 0
-19 38 0
-14 17 49 0
38 69 70 0
32 62 -72 0
-26 34 0
-6 25 -41 0
-47 -54 59 0
56 -67 0
-28 -50 72 0
3 28 0
-26 49 -68 0
32 -47 -74 0
-38 -43 0
-16 54 0
54 -68 0
37 70 74 0
3 32 55 0
22 41 64 0
16 68 73 0
-10 52 0
-9 59 0
-8 -44 51 0
19 -46 55 0
26 55 67 0
-29 -39 -46 0
23 -51 -58 0
-16 23 -59 0
-29 -45 -62 0
-34 46 57 0
45 -61 74 0
8 28 44 0
-13 -59 0
43 56 0
-48 -54 68 0
-30 -38 68 0
-13 33 0
-11 46 70 0
26 -43 0
-6 -7 66 0
26 -64 0
60 -64 -69 0
12 -15 -44 0
24 39 -66 0
48 -60 0
21 22 -57 0
2 -23 61 0
9 10 23 0
-9 -47 0
15 52 62 0
-7 74 0
36 -40 53 0
34 68 -74 0
-34 74 0
-9 -50 55 0
28 30 36 0
-2 12 0
5 -20 -33 0
-3 35 40 0
35 39 63 0
