p cnf 88 325
27 61 71 0
37 73 77 0
-14 -71 0
25 -50 62 0
-15 -41 -73 0
-72 -74 -86 0
-17 69 71 0
-48 67 -74 0
9 -15 -83 0
-8 41 74 0
-15 -65 85 0
-16 35 44 0
-2 52 71 0
-6 -69 0
6 -73 0
-10 -11 30 0
14 -18 84 0
4 -19 0
-5 36 -75 0
-67 74 76 0
14 63 -87 0
-37 56 78 0
-1 -54 -86 0
29 31 -56 0
-16 26 69 0
11 15 87 0
17 -41 -62 0
11 14 -15 0
28 46 67 0
28 -44 49 0
-5 -17 43 0
-35 -49 75 0
-29 61 -65 0
-18 27 -42 0
24 53 -85 0
-22 26 70 0
-17 78 -85 0
-7 -9 -41 0
11 66 -69 0
32 62 -88 0
3 25 87 0
59 62 69 0
-57 69 87 0
18 -40 56 0
10 80 0
-11 25 0
20 -32 -38 0
21 45 0
9 73 -80 0
-11 25 -27 0
3 35 -65 0
12 57 -67 0
-17 -19 0
21 -56 0
5 -47 65 0
-5 -37 57 0
-12 28 42 0
-2 -3 -70 0
-51 77 0
-65 67 84 0
20 -86 -87 0
-2 47 59 0
30 35 37 0
11 -47 0
5 -50 -88 0
22 68 79 0
4 -63 71 0
-31 -40 -77 0
65 67 0
-12 76 81 0
-35 45 -65 0
-22 40 -66 0
-58 -59 0
-17 41 49 0
-33 85 0
21 -25 34 0
-31 52 72 0
1 39 -86 0
-25 33 55 0
10 -24 -62 0
-12 73 83 0
1 11 29 0
-86 88 0
48 -59 -77 0
4 27 -47 0
-55 73 0
-17 -33 -64 0
34 -54 -87 0
31 -65 81 0
6 -57 -85 0
-20 -42 0
13 -30 -56 0
-55 -78 0
-16 27 51 0
27 69 -84 0
12 -28 41 0
2 35 0
57 -67 -85 0
-11 46 79 0
-6 -23 -46 0
-10 16 -42 0
-51 70 84 0
-26 -43 0
11 54 68 0
4 82 -86 0
-28 35 0
11 -55 74 0
-40 71 0
-16 -47 63 0
-19 76 -86 0
-20 21 -62 0
40 41 81 0
15 -43 0
12 -33 -61 0
25 27 65 0
31 43 -68 0
-54 -64 0
7 49 54 0
40 61 83 0
8 58 -71 0
-6 10 45 0
-45 61 64 0
-36 50 71 0
47 -73 -86 0
-10 36 72 0
61 -69 -87 0
12 -72 74 0
-26 46 -58 0
30 41 -71 0
11 38 0
9 42 67 0
-11 35 -46 0
41 -53 -87 0
-6 -50 -84 0
47 -62 0
-4 -5 -66 0
29 -55 -65 0
2 49 64 0
-9 46 -86 0
22 45 -82 0
-54 63 -76 0
7 -8 14 0
32 52 -71 0
5 62 83 0
21 -46 60 0
-29 46 -59 0
-22 -37 -79 0
64 78 81 0
15 -48 86 0
-1 44 -61 0
35 -62 79 0
-26 55 -83 0
-7 -20 34 0
14 -45 0
35 -47 0
-4 19 65 0
7 -36 87 0
6 26 77 0
-1 55 63 0
-19 -41 69 0
-35 52 -76 0
-47 -82 0
-40 67 73 0
-26 -29 -81 0
9 -54 -66 0
-46 58 63 0
52 -63 71 0
-55 80 -82 0
34 -51 -70 0
-9 -29 -64 0
22 75 78 0
10 23 0
-9 -43 47 0
17 69 73 0
-29 34 0
22 42 -82 0
-5 11 -12 0
-42 61 72 0
53 72 74 0
-22 -31 -55 0
-1 -56 -71 0
-12 49 -69 0
-39 75 0
-30 -40 47 0
16 18 -28 0
46 -55 0
-16 -22 47 0
-21 -45 -67 0
-28 52 55 0
20 -23 65 0
-11 -42 -45 0
22 27 83 0
35 56 0
-53 66 0
27 -56 0
-1 -9 14 0
-10 29 85 0
-32 86 87 0
13 -27 66 0
-64 -69 0
-33 -49 74 0
-54 59 -79 0
-12 61 -63 0
24 -62 -73 0
-62 -77 81 0
3 56 0
4 45 -60 0
-1 -54 60 0
56 -60 84 0
-39 -80 0
1 2 -41 0
-8 14 -58 0
-10 -22 -25 0
-3 -27 78 0
-17 -30 -87 0
11 54 79 0
-16 -42 60 0
-60 64 74 0
-7 49 83 0
-7 34 53 0
-33 -45 -79 0
-27 -61 -66 0
63 64 0
18 19 0
70 -84 0
36 84 0
32 -40 -76 0
-15 -78 0
21 -51 -83 0
-25 70 -84 0
45 -61 0
-7 35 78 0
32 -52 0
77 -84 0
-8 57 -85 0
-27 30 36 0
-15 -33 44 0
3 39 -71 0
-6 19 66 0
-21 77 -84 0
-30 -47 60 0
13 31 36 0
5 38 -87 0
-8 14 64 0
40 54 -55 0
-52 -79 -80 0
-42 -46 -69 0
-62 -71 0
34 -64 75 0
38 56 64 0
-4 8 69 0
-2 -9 30 0
-7 32 64 0
-39 62 -87 0
39 -40 -85 0
-9 30 -47 0
11 42 -80 0
-64 -72 -87 0
-35 45 71 0
-53 -63 -66 0
1 -44 48 0
25 -51 65 0
20 -27 -73 0
-46 -52 -63 0
3 13 61 0
4 -13 -85 0
7 -24 43 0
-2 -34 -80 0
-2 37 75 0
-26 -44 45 0
10 32 -52 0
-11 -14 -63 0
1 -43 -78 0
-18 66 -79 0
6 25 49 0
-3 85 0
8 -73 0
-12 -18 -79 0
1 -24 71 0
25 -55 -68 0
23 -43 85 0
59 -74 0
15 34 41 0
-41 -83 -85 0
4 -21 -54 0
58 -75 -84 0
10 59 71 0
9 21 -39 0
-1 78 -85 0
63 66 0
-5 66 0
-20 54 70 0
-13 62 -72 0
14 -36 -66 0
-9 48 54 0
37 -38 86 0
-9 -10 -69 0
-14 79 -88 0
-3 -46 56 0
13 -27 -82 0
12 -52 -74 0
-35 41 78 0
-24 63 -78 0
30 -44 -69 0
45 -61 68 0
-64 -68 0
21 -22 -37 0
-5 40 41 0
19 -28 -68 0
20 -58 -73 0
-32 59 80 0
-21 -83 87 0
8 -50 -63 0
49 -53 64 0
-33 -78 0
-13 -68 74 0
-14 -21 63 0
38 -46 -86 0
-23 32 50 0
60 -83 87 0
45 -86 0
-37 67 74 0
-28 -29 -84 0
14 40 -63 0
-34 75 84 0
