p cnf 89 342
-34 -37 -68 0
59 67 89 0
-40 -64 0
-15 -18 -65 0
-15 28 -57 0
8 19 49 0
-21 -71 0
32 -73 -82 0
20 -88 0
-14 27 -87 0
57 -86 89 0
50 -54 -87 0
-31 -57 -72 0
1 52 -88 0
-16 -21 -89 0
34 -57 79 0
-9 -27 29 0
-15 24 80 0
3 30 44 0
-18 63 -80 0
-36 -59 -73 0
-20 40 0
57 70 -77 0
-17 50 -84 0
61 80 81 0
-51 -72 0
-30 -38 74 0
25 65 0
8 20 -60 0
-22 28 -75 0
19 35 43 0
5 -25 49 0
13 -15 -44 0
-34 -35 70 0
41 79 0
40 59 0
-27 57 -66 0
52 61 0
-11 46 -65 0
-60 -74 0
-39 -67 0
-36 49 82 0
-50 51 56 0
-5 -87 0
7 -57 -67 0
23 28 0
-30 40 80 0
51 64 85 0
-55 -81 0
-30 68 -75 0
7 -88 0
1 -20 -87 0
-8 78 0
-13 60 84 0
24 -70 -72 0
-22 -53 82 0
-37 66 72 0
12 45 -88 0
1 -14 0
-3 40 86 0
1 -46 0
25 -65 81 0
11 51 53 0
-15 33 -44 0
-12 56 -69 0
40 48 0
-2 4 86 0
58 -78 84 0
6 20 66 0
-23 38 83 0
-34 -48 79 0
7 -60 -88 0
-1 -50 58 0
-45 53 -75 0
33 -44 82 0
1 -19 24 0
-23 -38 0
50 69 0
-55 -57 78 0
11 15 -42 0
52 -55 0
46 -55 -76 0
20 40 -77 0
24 55 -60 0
1 -38 60 0
-38 54 70 0
-54 -88 0
10 72 0
-9 25 79 0
12 51 88 0
12 14 41 0
27 -65 -79 0
20 -26 69 0
-76 89 0
12 71 -79 0
-10 38 -50 0
12 -37 65 0
-2 10 -63 0
-12 35 -76 0
21 35 -46 0
64 67 -83 0
-24 29 -61 0
-46 -81 0
-38 72 78 0
7 55 -74 0
-41 -59 0
15 27 -29 0
16 63 67 0
7 8 -73 0
-12 20 63 0
68 -75 76 0
14 -22 -87 0
36 -63 -83 0
-25 49 69 0
49 -58 -63 0
-26 32 60 0
11 -46 0
6 -33 -52 0
28 32 -81 0
20 27 61 0
-52 -60 -75 0
-13 -72 84 0
-30 54 -82 0
-45 -58 61 0
46 58 -64 0
-38 47 56 0
-13 -65 0
-62 -81 83 0
6 -7 -66 0
52 57 -58 0
15 -63 72 0
-7 -12 49 0
-7 -30 -47 0
40 -54 65 0
-20 -26 53 0
-12 -18 -39 0
27 -59 -75 0
-42 85 87 0
-13 41 0
-19 30 -82 0
-23 32 72 0
-46 49 68 0
-2 29 -46 0
37 -54 -83 0
15 -47 -71 0
-2 -21 65 0
-44 -60 0
-68 72 -74 0
-14 73 -79 0
5 19 -49 0
17 75 0
1 -53 0
1 -25 -88 0
2 -19 39 0
-42 43 -85 0
-13 45 65 0
-60 62 -73 0
-12 -77 0
-16 40 41 0
-38 -43 -87 0
-16 -27 62 0
-3 21 0
28 -34 36 0
39 50 73 0
36 -66 77 0
-73 82 0
-6 40 49 0
-45 46 -48 0
-50 81 0
-48 49 75 0
6 -35 37 0
73 -89 0
14 -73 81 0
19 -67 0
44 70 -89 0
-69 -73 0
-32 -44 -89 0
-30 36 0
-22 -25 -29 0
35 -37 -46 0
56 -82 87 0
-7 -15 63 0
23 31 -56 0
-44 -47 -73 0
17 25 -81 0
49 -61 76 0
11 58 74 0
11 -76 -85 0
-20 -28 -65 0
12 -33 84 0
25 27 46 0
40 -57 -70 0
-33 71 79 0
12 -66 -73 0
56 58 -63 0
25 -61 88 0
-9 -13 -58 0
-11 47 -81 0
1 53 88 0
-8 69 -72 0
-8 -25 85 0
-29 -76 89 0
-9 -26 0
36 57 81 0
5 28 74 0
56 -67 85 0
-1 -54 80 0
-15 -60 -86 0
-35 -46 -67 0
18 53 0
15 26 -56 0
52 -70 -83 0
-42 69 -81 0
6 -9 55 0
17 73 86 0
-14 -70 0
-19 65 85 0
3 -16 29 0
-16 29 0
-14 -47 -84 0
1 36 -89 0
-13 -43 45 0
-22 -65 84 0
8 -17 35 0
-41 46 -61 0
-5 -9 0
-3 -42 0
-20 -31 78 0
13 21 45 0
3 -11 -43 0
46 57 -89 0
47 59 83 0
-13 68 78 0
-32 48 -67 0
20 -36 81 0
21 -73 -88 0
-35 -38 -41 0
39 61 -80 0
5 -44 -47 0
16 -25 -54 0
47 -62 76 0
5 -7 48 0
-9 -33 73 0
36 77 0
41 -69 74 0
-26 31 -44 0
9 -23 -25 0
17 -37 -50 0
-14 50 -73 0
25 -38 -75 0
-9 -38 -69 0
24 39 0
-22 -23 -86 0
5 -14 -64 0
22 -46 -83 0
25 -86 -89 0
-57 -59 -66 0
-41 -50 70 0
27 -34 78 0
45 58 84 0
24 36 0
27 64 0
11 -33 -86 0
-4 -36 66 0
5 -37 51 0
-53 88 0
-10 -22 24 0
-47 -81 -83 0
-2 -17 -27 0
22 -28 -63 0
51 -52 77 0
-41 -68 -82 0
9 -26 -53 0
-12 -16 37 0
52 72 0
28 -84 85 0
12 61 64 0
-4 -27 -67 0
9 44 -69 0
41 -43 -76 0
-13 -41 0
1 10 68 0
-68 -77 -83 0
-22 31 -82 0
17 81 0
42 -69 0
-8 18 0
-65 -85 0
-13 45 78 0
-27 -31 56 0
-39 -65 87 0
-19 23 -77 0
30 44 0
60 78 82 0
-44 -46 -61 0
-7 -29 30 0
21 -50 54 0
59 71 82 0
-20 50 75 0
-32 -75 81 0
-12 17 -65 0
-5 18 75 0
4 -20 -82 0
10 -45 53 0
15 -47 -67 0
13 -60 0
-5 -32 -33 0
-13 -36 0
-63 -72 79 0
-9 -44 -84 0
28 37 60 0
-27 -36 -83 0
61 64 0
-16 25 56 0
-23 -46 0
-27 -29 -59 0
9 13 33 0
9 -24 62 0
-51 -54 -76 0
63 -85 -86 0
44 89 0
19 -27 86 0
-21 -61 0
-41 -58 84 0
2 8 22 0
-53 62 -66 0
-20 57 -67 0
42 -56 72 0
31 53 0
5 -70 -72 0
12 77 -83 0
-11 39 -61 0
7 30 -36 0
23 63 69 0
26 34 -41 0
8 -10 0
19 38 -65 0
10 16 -40 0
17 33 -72 0
-3 -25 -31 0
-10 -55 -74 0
23 -87 0
