p cnf 81 282
-36 -47 65 0
2 61 -64 0
14 -77 -80 0
42 45 79 0
28 67 72 0
17 54 0
16 -17 -63 0
8 -32 -60 0
14 -65 0
-12 -52 79 0
-9 -27 -38 0
-41 -49 81 0
-30 50 76 0
23 36 0
-34 48 -81 0
15 -40 -56 0
-23 63 0
58 79 0
26 33 -43 0
14 79 0
32 -69 -72 0
-7 21 -73 0
-15 -57 0
29 -48 -81 0
-38 -57 -63 0
24 -29 73 0
-29 -43 62 0
29 57 69 0
30 68 -75 0
-19 38 49 0
-8 -27 51 0
-9 22 -50 0
8 28 31 0
11 46 -81 0
-7 -46 -53 0
28 -70 0
-1 -49 -57 0
-15 40 55 0
5 12 -72 0
-10 41 57 0
11 -25 81 0
-33 -71 -74 0
-11 -67 -76 0
55 -71 0
6 17 0
46 54 64 0
-5 -54 71 0
8 -29 0
-10 39 44 0
15 60 66 0
-15 -27 52 0
20 32 53 0
-20 43 -72 0
-48 -56 74 0
16 53 0
23 49 -63 0
6 10 0
21 66 0
42 -46 -67 0
-11 -14 -20 0
32 -39 61 0
28 -34 0
77 -81 0
3 -61 66 0
17 -56 75 0
-8 37 -67 0
5 -20 -78 0
-4 7 47 0
-22 65 0
19 -20 -65 0
6 19 54 0
-11 58 -72 0
-33 68 0
20 57 -65 0
5 -6 25 0
-29 42 -76 0
-3 -9 -79 0
46 -70 -74 0
-52 -74 -77 0
-4 8 0
-55 -56 -57 0
-20 30 -45 0
12 -19 0
57 69 0
-2 -59 63 0
22 52 -75 0
-23 -39 -48 0
20 54 0
3 -34 -74 0
-22 49 64 0
43 50 72 0
19 -27 0
-4 -59 0
-40 45 58 0
-5 -56 0
-15 -31 74 0
10 66 -79 0
-30 39 0
-20 -61 -79 0
35 41 -74 0
-14 -35 -52 0
3 -16 32 0
-8 -38 53 0
21 -45 -70 0
-19 -29 -76 0
-13 79 81 0
34 -40 -73 0
-15 -27 44 0
-22 62 0
-32 70 0
7 18 -48 0
-23 -27 28 0
11 -21 0
32 -37 43 0
-9 62 72 0
17 -26 -61 0
-16 -36 -52 0
17 -42 69 0
-13 29 74 0
-14 52 0
-24 56 62 0
-34 46 -79 0
-16 -38 52 0
-21 29 -41 0
8 9 -39 0
-7 23 -62 0
-69 -71 0
12 -14 26 0
-42 -45 59 0
7 13 72 0
-54 74 0
4 -24 36 0
28 -32 74 0
-37 -42 70 0
-10 -23 71 0
-22 38 46 0
-42 -71 80 0
6 -13 -31 0
37 -42 66 0
-3 -41 -47 0
-8 -25 55 0
25 -39 -78 0
51 -69 -72 0
-14 27 -63 0
14 -56 -79 0
45 -51 68 0
9 12 -29 0
-41 -54 66 0
-7 -24 -51 0
33 50 -57 0
4 64 -76 0
1 3 -74 0
-10 11 -76 0
-8 -43 -48 0
-35 41 54 0
-2 49 0
47 -75 -79 0
-4 48 -68 0
-33 37 64 0
3 -19 63 0
19 64 0
17 -75 -80 0
-47 63 0
6 9 -61 0
21 -28 45 0
15 -56 63 0
-19 -27 -66 0
-32 34 56 0
-18 22 -57 0
-22 40 0
-31 56 78 0
3 -31 60 0
33 -40 -43 0
-16 43 78 0
-9 35 64 0
5 6 49 0
34 -40 0
-5 -17 0
21 -27 -64 0
38 70 0
36 44 -70 0
-10 -21 -54 0
-61 -71 0
-10 39 55 0
-31 -37 81 0
24 39 54 0
11 -60 0
8 -25 -81 0
-49 -66 70 0
8 -9 -78 0
-17 24 -59 0
-10 -33 77 0
8 58 0
50 77 0
1 9 -38 0
6 -47 77 0
4 -24 28 0
-4 40 0
4 -45 -77 0
-34 -40 60 0
-31 53 -55 0
-43 -57 -70 0
-15 -29 -42 0
12 -35 48 0
22 -40 67 0
-25 -53 -72 0
5 -58 78 0
-16 37 72 0
12 70 0
-23 56 0
26 -46 65 0
-54 62 79 0
-1 81 0
6 51 -75 0
-17 18 0
-21 -48 0
28 -36 0
24 26 0
-60 -72 0
-1 -47 0
-2 -37 0
-34 -43 -49 0
13 -34 -41 0
-44 -52 -61 0
-33 -49 79 0
12 -22 76 0
41 62 0
4 -28 74 0
36 49 77 0
-52 60 -66 0
-19 27 0
-3 31 50 0
-9 -10 69 0
-2 42 0
11 -24 -65 0
2 28 0
23 -55 -60 0
7 62 -68 0
-12 33 0
24 30 70 0
-10 -77 81 0
-19 47 0
-30 43 64 0
16 18 -27 0
-43 46 -58 0
33 40 77 0
-9 -52 0
30 -76 0
-42 -45 -63 0
25 31 -72 0
-38 -47 0
15 45 56 0
16 -24 0
7 77 0
-23 -70 -75 0
9 -16 59 0
36 -47 0
-30 -54 -80 0
4 -43 -73 0
43 -53 -59 0
49 66 70 0
12 66 -81 0
-61 -66 73 0
-54 64 -75 0
-40 61 -65 0
-45 66 -78 0
14 -15 35 0
23 -45 0
14 31 -42 0
-4 38 -69 0
24 -38 -39 0
-5 8 16 0
-3 -17 -46 0
33 -36 0
-13 -23 28 0
4 -15 38 0
53 56 62 0
-2 -19 74 0
50 51 -57 0
30 -34 0
-7 -10 66 0
34 48 -72 0
