p cnf 89 332
-20 44 53 0
13 -46 80 0
2 -24 81 0
-15 23 -46 0
-6 -33 0
-34 -44 0
-18 -47 82 0
-46 -64 -75 0
11 -31 -82 0
6 45 -81 0
59 73 87 0
-46 50 88 0
50 -84 0
16 -50 83 0
-14 84 0
12 -26 0
-16 41 84 0
9 -47 -77 0
29 -62 68 0
-4 42 -46 0
-4 -43 56 0
-27 31 -46 0
-21 22 -59 0
-19 -37 42 0
35 -52 -72 0
42 -62 -75 0
-53 -68 74 0
-3 -10 21 0
-26 -28 38 0
24 -78 -84 0
-17 -61 82 0
-28 39 -41 0
20 30 74 0
-4 9 0
48 -59 -63 0
39 -53 -59 0
2 87 -89 0
6 55 61 0
1 -23 62 0
-67 74 -79 0
-39 -42 54 0
40 75 89 0
-37 -38 -80 0
-30 66 74 0
-40 -46 66 0
-59 -81 88 0
-27 -31 48 0
-11 -18 -52 0
31 69 76 0
-4 51 -83 0
11 64 79 0
-29 67 72 0
-21 32 -43 0
-10 78 85 0
23 -61 0
3 54 74 0
70 77 -84 0
-55 81 82 0
-27 45 62 0
64 -81 0
14 56 -76 0
-24 -58 0
42 63 -76 0
8 -68 -84 0
-12 -40 0
70 -83 86 0
7 11 51 0
-26 -29 48 0
13 -22 69 0
19 32 -35 0
-8 -21 83 0
35 -78 81 0
-12 17 -88 0
-34 -41 -83 0
8 57 -78 0
1 54 -80 0
-28 -62 -64 0
-17 -35 -48 0
29 38 42 0
-37 43 0
12 51 66 0
13 26 30 0
1 16 0
-32 -33 0
20 38 60 0
-42 -85 -87 0
-31 -46 0
-4 5 70 0
-1 -9 30 0
19 -41 45 0
27 -68 75 0
-7 8 10 0
1 38 -81 0
-33 55 69 0
7 12 16 0
46 58 87 0
81 85 -88 0
-5 -23 -87 0
3 38 -82 0
22 -63 88 0
10 -39 -81 0
-13 -65 -71 0
-4 17 76 0
-4 16 48 0
35 -56 0
-2 -33 -37 0
-13 -17 80 0
37 -48 80 0
-23 -54 -73 0
27 54 61 0
-8 51 80 0
14 -42 76 0
75 -81 0
-13 80 84 0
49 60 -78 0
-8 -15 -45 0
1 44 -45 0
-40 -50 80 0
1 10 -15 0
34 39 0
52 -84 88 0
-43 -55 77 0
13 72 -83 0
-47 -77 0
12 54 -70 0
33 -54 -83 0
-3 21 33 0
-4 -43 -78 0
-19 76 79 0
38 -67 72 0
-1 -57 -87 0
47 67 89 0
50 -74 0
-16 36 -44 0
12 56 79 0
14 17 -66 0
21 -26 54 0
31 83 0
-61 66 -75 0
68 -69 -83 0
-49 61 -65 0
30 85 -88 0
21 25 41 0
71 -86 0
4 -41 -88 0
-45 -49 -71 0
-22 51 65 0
43 47 0
67 70 73 0
6 75 76 0
-20 58 0
-13 -24 42 0
-35 -60 71 0
18 23 65 0
-25 -28 -55 0
48 -50 87 0
-13 37 89 0
22 -27 -89 0
45 -82 0
54 -58 84 0
-32 -47 -56 0
-13 44 -51 0
8 -33 -64 0
41 -68 84 0
15 25 0
-5 33 -54 0
-32 70 0
16 35 0
18 38 59 0
19 -30 45 0
15 -50 -55 0
25 -44 54 0
13 -57 87 0
-43 -52 -88 0
29 60 0
37 -40 42 0
-25 29 -67 0
1 -44 -82 0
-52 -69 -71 0
-21 22 70 0
6 39 -59 0
13 79 -82 0
70 75 85 0
-18 73 89 0
37 -82 89 0
-20 58 -63 0
14 -74 0
-76 -84 88 0
48 -73 -85 0
-12 27 52 0
-13 78 -85 0
32 47 86 0
-6 -35 -52 0
8 45 72 0
-48 74 -88 0
38 74 89 0
-9 -58 0
32 -50 60 0
38 -72 74 0
-25 53 -70 0
5 16 40 0
14 -32 -83 0
37 -51 -72 0
9 -37 0
8 67 89 0
-46 -80 -85 0
-20 -29 43 0
-2 11 -17 0
-6 44 54 0
-33 -35 73 0
-13 -30 0
13 56 -67 0
-6 -13 -55 0
-22 -27 -29 0
11 28 77 0
3 -66 85 0
57 -62 0
1 -45 -88 0
14 16 -66 0
31 41 -85 0
67 71 -72 0
10 64 85 0
32 84 0
20 63 71 0
-73 -84 0
24 57 -69 0
-48 53 84 0
-80 81 88 0
5 13 -54 0
28 32 59 0
-14 -74 0
27 -63 -76 0
-5 -15 -38 0
32 46 73 0
4 -72 0
-23 27 0
48 -62 85 0
-24 27 61 0
-9 -76 0
15 39 -79 0
-34 -49 55 0
38 39 -76 0
-48 68 88 0
-43 47 -52 0
1 26 67 0
-37 49 56 0
-27 48 -89 0
-44 -49 -68 0
28 70 -77 0
-22 25 46 0
-20 -42 77 0
-12 26 -72 0
12 13 -62 0
-26 27 51 0
-11 -13 -61 0
-40 -46 -54 0
37 50 -65 0
23 28 68 0
-55 -73 86 0
20 25 -38 0
88 -89 0
10 43 89 0
2 26 84 0
27 -35 -59 0
-48 57 64 0
4 17 32 0
7 33 -40 0
38 -58 -62 0
1 81 0
-2 17 19 0
-18 -45 0
-14 -26 84 0
10 15 80 0
20 -39 67 0
-41 53 59 0
35 36 -55 0
-24 -60 89 0
6 16 -89 0
15 -72 0
-56 61 -87 0
-9 14 -57 0
3 34 -68 0
21 -43 -74 0
32 -50 69 0
2 21 -35 0
-22 -51 -80 0
26 -85 0
35 59 -87 0
-15 -61 66 0
10 -64 0
-26 30 -64 0
15 51 -52 0
-3 -6 41 0
8 44 69 0
17 -61 -68 0
-39 65 -74 0
62 -76 84 0
-25 27 -71 0
-10 16 -34 0
17 -49 -53 0
-1 4 -55 0
5 20 40 0
-1 -10 -16 0
35 70 -76 0
-54 59 -74 0
19 -70 89 0
-40 -54 79 0
-14 -20 -22 0
20 -63 0
20 -48 -54 0
-44 -73 -75 0
-6 -35 -85 0
7 -22 43 0
34 54 -81 0
-28 56 -66 0
-10 54 81 0
6 11 76 0
-33 -67 79 0
23 63 -68 0
24 43 -82 0
2 53 -83 0
22 51 54 0
33 75 0
-9 29 0
21 47 -60 0
40 -74 -86 0
55 -72 73 0
1 7 14 0
58 -72 0
8 44 -83 0
30 54 76 0
-23 28 -40 0
