p cnf 93 363
-14 16 -54 0
-12 -28 48 0
30 -49 88 0
1 81 0
-19 -23 87 0
-14 -42 89 0
23 42 81 0
-37 53 -56 0
10 46 -68 0
31 58 -86 0
-28 29 -76 0
-41 88 -92 0
-49 55 0
-14 -38 0
-31 -40 90 0
35 41 -72 0
3 -32 0
12 -21 -50 0
34 -45 -52 0
21 -51 -83 0
61 -79 -83 0
-18 -30 -74 0
-11 33 -86 0
-46 74 0
-37 82 90 0
7 44 -75 0
15 54 0
-37 -71 -82 0
-12 -25 45 0
16 30 87 0
25 51 88 0
30 -42 0
3 83 0
-36 71 -81 0
-1 -59 -83 0
28 -44 92 0
-18 -21 69 0
40 -80 86 0
26 48 79 0
-47 73 82 0
68 87 92 0
51 75 0
-6 -23 60 0
24 59 -81 0
30 59 0
-31 45 53 0
-5 60 90 0
-11 22 38 0
-23 -47 -92 0
4 7 -69 0
2 27 70 0
14 19 69 0
50 59 -70 0
-11 34 40 0
69 -75 0
-7 -50 -87 0
-15 -83 84 0
-16 -17 -53 0
63 -69 -71 0
4 -22 0
-19 39 -65 0
36 37 -93 0
8 28 -46 0
57 -73 -75 0
21 39 55 0
19 -59 -67 0
74 -79 -81 0
-54 -86 93 0
37 -63 73 0
34 43 44 0
40 -50 -71 0
2 35 91 0
-17 -19 -68 0
-14 -62 84 0
-87 -90 92 0
42 43 84 0
24 60 0
6 -9 -57 0
-19 45 -79 0
-22 52 67 0
56 64 90 0
-34 45 60 0
-49 -56 63 0
-31 33 -88 0
15 61 -66 0
28 -29 -84 0
35 -43 86 0
6 -30 43 0
-5 17 19 0
-12 25 51 0
27 -57 -59 0
-31 -35 -57 0
37 42 -68 0
18 34 0
9 -58 -61 0
32 43 -44 0
-5 -69 -77 0
-41 80 -93 0
-20 -22 -57 0
13 -43 65 0
15 -60 -86 0
55 59 -92 0
5 20 -50 0
7 -50 81 0
-16 -66 70 0
-3 11 23 0
-2 -50 -66 0
-21 59 -89 0
-15 26 -46 0
-22 48 -93 0
79 84 -87 0
51 74 0
-20 71 81 0
-11 31 76 0
28 43 80 0
-14 -22 -56 0
1 -8 78 0
-12 18 24 0
19 54 -71 0
53 -62 -68 0
-30 -35 63 0
35 -68 0
17 38 45 0
-20 -31 37 0
9 54 63 0
2 -21 -62 0
-18 -47 -50 0
5 -21 -26 0
-9 -30 80 0
27 40 88 0
-13 -15 -41 0
-11 42 48 0
-35 60 72 0
-17 -20 -65 0
5 -17 -57 0
-23 -51 -53 0
32 46 57 0
-56 -60 0
-26 -40 -47 0
38 55 76 0
-10 22 40 0
-21 -55 73 0
11 63 91 0
6 34 42 0
-54 84 -91 0
37 -93 0
-43 51 90 0
-11 58 -93 0
29 -50 -77 0
-57 -73 -91 0
44 84 0
9 71 79 0
-29 41 -44 0
82 86 -92 0
-15 24 93 0
1 38 55 0
-27 80 92 0
-47 -57 -89 0
34 50 -75 0
15 39 -76 0
1 -3 84 0
44 -60 -71 0
26 37 -82 0
43 -84 85 0
26 45 83 0
-18 67 83 0
-19 -66 -72 0
-66 77 -84 0
-56 65 -66 0
-31 -32 0
-11 -22 -78 0
42 55 -78 0
28 43 63 0
-1 -25 -60 0
-12 -13 -92 0
-60 82 -84 0
-11 -62 76 0
-19 35 93 0
29 57 -66 0
4 39 0
-65 71 -84 0
55 80 -86 0
44 88 89 0
7 36 -55 0
4 12 -78 0
8 -17 80 0
17 59 -72 0
-47 49 57 0
-27 42 -53 0
-66 -76 -91 0
-83 -92 0
9 -28 -69 0
22 -75 93 0
-16 -35 38 0
-66 -87 -91 0
69 -75 -77 0
34 -65 77 0
30 36 93 0
-55 -68 70 0
10 -15 -43 0
-2 -36 -46 0
33 -35 -89 0
12 48 61 0
12 36 -73 0
12 -20 74 0
-34 -69 -73 0
-12 -65 -66 0
-1 49 -59 0
-59 -75 89 0
-5 36 -74 0
22 74 -75 0
60 63 -78 0
-17 -34 -78 0
13 17 65 0
-43 77 0
17 41 53 0
1 -35 -92 0
12 -27 30 0
-30 -44 -92 0
-6 15 49 0
32 -35 -62 0
-58 67 74 0
-18 -61 -79 0
-3 50 55 0
-24 -37 80 0
-52 60 -77 0
11 25 58 0
-31 -33 84 0
2 -41 91 0
1 36 39 0
5 80 -87 0
-20 27 -84 0
9 -91 0
26 28 63 0
-5 59 74 0
-17 -46 72 0
-24 -44 -75 0
-2 20 -26 0
-34 74 -91 0
-41 -50 61 0
10 56 83 0
-31 -83 0
-45 49 80 0
3 29 54 0
-21 -22 71 0
-22 -74 81 0
13 -30 -39 0
10 -42 -74 0
-10 -50 57 0
26 27 -93 0
16 -24 -67 0
-29 -40 -59 0
1 -16 50 0
-26 81 -89 0
-12 29 -88 0
-44 -50 91 0
-17 -28 -62 0
12 16 -38 0
47 73 -88 0
-20 21 0
-18 50 -81 0
20 21 -32 0
-34 -77 -81 0
11 -29 64 0
-35 48 -50 0
6 61 -69 0
-28 31 87 0
-1 8 -34 0
-8 62 -72 0
5 -25 -93 0
19 -26 -46 0
27 -28 43 0
-6 -42 76 0
49 52 74 0
-28 -30 -66 0
19 -45 0
22 -30 78 0
5 -40 -80 0
-11 64 77 0
62 63 -81 0
-32 64 -89 0
8 -45 52 0
35 52 -55 0
11 28 -89 0
5 -50 58 0
18 31 -90 0
-36 -48 -92 0
65 67 -78 0
51 72 -82 0
11 15 -76 0
32 75 0
-48 92 0
-9 56 83 0
19 32 -75 0
4 -40 78 0
-30 -47 0
-1 46 77 0
22 43 66 0
-6 -32 65 0
25 26 56 0
-5 55 -91 0
4 46 92 0
-3 -32 -33 0
55 -57 88 0
42 -70 -92 0
-37 -60 85 0
-62 71 -87 0
-45 -67 85 0
49 -90 0
-28 39 -86 0
-29 56 -64 0
17 55 65 0
11 -28 51 0
25 -58 -83 0
12 -49 92 0
-29 64 -81 0
-53 54 -77 0
73 -84 0
4 64 74 0
39 65 85 0
-13 14 54 0
31 74 0
-9 22 33 0
3 19 -49 0
-35 -45 53 0
27 -40 -46 0
48 53 70 0
-11 36 57 0
-37 43 -69 0
-16 17 -47 0
-18 -25 -75 0
24 34 -71 0
-23 34 81 0
-36 -75 78 0
35 -36 -37 0
36 -71 81 0
-45 65 -83 0
19 45 -74 0
-28 53 69 0
18 -63 -92 0
-3 16 -81 0
-44 -53 76 0
25 -61 -70 0
-33 -37 78 0
12 19 -51 0
22 -53 -65 0
-41 -71 -79 0
-9 32 78 0
-57 82 -85 0
1 -62 -73 0
40 -89 0
-19 30 75 0
11 -46 86 0
-15 -16 46 0
3 -26 -58 0
-41 51 83 0
17 -46 -49 0
34 77 -84 0
45 59 -88 0
-13 -65 0
-63 -92 0
-60 73 88 0
17 43 -74 0
