p cnf 91 344
-28 -63 85 0
22 -50 62 0
28 38 57 0
-31 -41 -65 0
31 76 79 0
-11 -17 57 0
66 80 -85 0
14 -15 -65 0
13 -35 47 0
32 68 -78 0
2 -7 -20 0
14 52 -86 0
-18 41 -48 0
3 -13 -17 0
30 -40 -88 0
25 -43 -64 0
15 -76 79 0
-7 -26 40 0
6 -38 -78 0
-42 43 0
-11 -66 0
-36 -63 -67 0
6 57 0
-43 44 -69 0
-31 -47 -54 0
-3 17 65 0
-40 81 0
27 -39 0
79 -81 -89 0
-12 -40 57 0
-12 -26 -29 0
32 44 0
-32 -55 70 0
15 -33 -66 0
-71 -84 0
-2 27 64 0
-24 -51 -70 0
7 60 83 0
28 -32 -48 0
-13 19 36 0
-27 -49 -75 0
-26 54 -70 0
-3 -23 69 0
54 -89 0
-45 -50 75 0
-31 -71 86 0
6 -38 66 0
-18 53 0
1 -65 0
11 -49 54 0
-5 -15 -53 0
36 43 62 0
28 -35 36 0
-42 -43 0
42 43 -45 0
28 75 -88 0
-71 76 82 0
20 -49 -58 0
3 -59 -68 0
1 55 87 0
43 87 91 0
19 53 77 0
5 -24 85 0
-24 31 74 0
-47 -61 -67 0
5 -14 58 0
-12 39 66 0
-12 20 -86 0
-31 43 87 0
24 -35 -49 0
44 -56 -89 0
13 -40 68 0
-35 -47 -81 0
34 -45 69 0
65 66 -69 0
22 31 -41 0
15 71 76 0
-56 -75 91 0
35 42 87 0
45 60 -78 0
54 -73 -91 0
6 17 -51 0
25 38 -76 0
-4 -32 69 0
-25 -27 -53 0
-2 -14 0
-18 30 -70 0
5 65 0
-18 31 -71 0
-30 42 -90 0
5 7 10 0
-61 64 67 0
-19 -52 -56 0
31 -64 -66 0
-41 63 84 0
12 -32 -74 0
46 -87 0
-6 17 85 0
-35 56 62 0
47 -62 83 0
7 -19 -77 0
54 58 -60 0
-14 -25 -39 0
37 67 -73 0
68 -69 -75 0
13 -29 54 0
-17 -88 89 0
1 -11 -52 0
-18 -54 76 0
10 -36 38 0
-23 29 -42 0
6 28 0
-32 83 -90 0
44 72 85 0
15 64 0
11 -65 73 0
50 53 -81 0
11 -85 -91 0
-3 22 0
-1 -65 0
4 85 0
21 -37 58 0
-32 40 53 0
-8 -40 -87 0
12 22 -70 0
-25 63 88 0
-17 22 0
15 -35 88 0
20 76 79 0
-5 -74 -87 0
-9 25 52 0
13 32 -82 0
-47 -49 75 0
-10 -77 88 0
41 -62 -70 0
9 -81 0
4 5 9 0
15 -32 -60 0
-2 -39 59 0
4 45 82 0
-10 33 72 0
-4 -53 89 0
26 62 -68 0
45 -61 -68 0
31 -81 -87 0
-6 22 -45 0
18 28 0
9 61 86 0
20 55 85 0
7 -12 22 0
-33 42 75 0
-44 62 -68 0
-25 -47 68 0
-11 42 -44 0
26 50 -75 0
-10 74 -75 0
-26 31 0
-11 -26 -68 0
10 -22 65 0
10 66 -87 0
-11 36 -61 0
-66 -87 0
38 60 0
-67 -78 89 0
25 59 0
37 -73 0
3 64 70 0
-4 -14 -29 0
-9 -25 27 0
-6 16 -25 0
-56 -75 -88 0
68 -75 -83 0
-24 41 -83 0
44 65 90 0
10 -36 -86 0
4 -5 23 0
-19 -49 0
29 -37 -57 0
-44 51 -74 0
-12 -50 -74 0
26 52 -72 0
19 35 -53 0
13 -51 66 0
8 -20 55 0
13 17 -57 0
5 37 -79 0
6 -7 -67 0
-3 -43 -53 0
27 69 -91 0
11 -18 -39 0
-21 60 86 0
-12 -16 -37 0
15 16 -32 0
-24 -54 0
29 51 65 0
-1 -71 77 0
-29 -53 -64 0
36 -40 -65 0
-25 43 -58 0
-6 22 -43 0
48 -52 79 0
72 77 -91 0
-41 74 0
33 57 65 0
6 75 81 0
-5 -40 65 0
-44 -52 55 0
63 78 -88 0
28 -41 0
31 -40 -42 0
55 -64 -77 0
-16 24 32 0
7 40 -73 0
1 16 -53 0
17 29 72 0
-32 -52 74 0
59 64 68 0
-21 -66 87 0
-50 74 81 0
-8 -57 75 0
35 36 78 0
54 -89 0
-42 -48 -78 0
-3 -16 47 0
18 -23 -62 0
-24 33 38 0
-41 47 -82 0
-64 -74 82 0
26 34 -38 0
2 36 0
11 56 0
-2 19 65 0
20 -87 91 0
-49 68 85 0
-13 38 -70 0
-12 -58 -78 0
-25 -67 83 0
-66 -71 -90 0
-7 38 -57 0
11 59 78 0
2 61 -68 0
-16 -22 0
10 -66 -79 0
19 -42 0
-63 -67 71 0
-30 79 -84 0
23 -57 77 0
2 -44 58 0
23 -67 69 0
9 -60 75 0
-17 -40 88 0
-10 -26 89 0
51 -91 0
-40 -47 -68 0
2 -58 0
-26 54 0
50 58 0
6 -51 86 0
9 46 69 0
1 -55 -57 0
-71 79 -86 0
17 49 76 0
-54 -63 -67 0
11 68 0
-18 31 -45 0
30 47 56 0
-52 61 76 0
-54 -56 -60 0
28 -41 75 0
28 -47 53 0
-6 -10 -14 0
-2 25 87 0
-13 -18 -76 0
-7 8 -15 0
-1 17 60 0
-24 -39 -78 0
-3 45 51 0
6 -63 66 0
33 58 -78 0
16 -18 58 0
20 -59 -77 0
12 55 -58 0
-9 -12 79 0
22 41 42 0
45 71 -85 0
32 40 64 0
-8 -53 -54 0
29 67 69 0
-57 74 -85 0
13 -90 0
-6 -10 -32 0
-73 86 -87 0
-43 -49 -74 0
-36 -41 84 0
49 -74 -91 0
3 52 -86 0
-35 -42 -82 0
-70 85 89 0
-4 39 -69 0
23 -53 -91 0
-3 31 0
21 60 -82 0
-22 -52 77 0
-21 59 -88 0
51 -64 -90 0
27 -51 66 0
23 49 -72 0
-39 -62 -63 0
-35 73 -80 0
2 18 -82 0
17 29 44 0
-11 -53 68 0
-21 -49 -78 0
-7 -60 0
10 -55 -77 0
-29 -70 91 0
4 8 -80 0
31 -36 -73 0
-8 -10 -72 0
-22 67 83 0
-43 -64 -70 0
-9 -20 57 0
-43 75 -86 0
40 -77 87 0
-22 42 84 0
25 -76 -91 0
-5 -8 71 0
23 -53 -84 0
45 -73 89 0
18 -20 22 0
-21 66 82 0
-33 -62 71 0
-33 -61 0
-16 -56 -75 0
18 63 67 0
-13 25 66 0
41 49 -66 0
8 45 -47 0
-22 -38 0
25 45 52 0
-7 -16 -59 0
-23 31 0
-3 -7 -81 0
45 -52 63 0
