p cnf 87 328
-22 28 42 0
26 28 59 0
-6 41 67 0
40 -70 76 0
24 33 -56 0
-26 33 0
-3 49 84 0
-15 40 81 0
-14 -52 76 0
13 -61 75 0
-24 -30 -35 0
25 72 82 0
-8 38 87 0
1 21 55 0
-10 -35 -50 0
16 -48 70 0
-28 70 0
-21 -61 79 0
-19 35 45 0
-12 -44 71 0
-30 -52 82 0
2 -41 0
-21 -71 80 0
49 -50 -83 0
39 59 -74 0
9 -35 61 0
12 23 0
9 66 0
-13 -18 -22 0
48 80 0
25 -37 -38 0
12 -79 -82 0
-18 -38 -62 0
15 22 0
3 11 32 0
16 -73 -79 0
7 -17 -62 0
-25 -52 85 0
-14 42 0
-58 61 -80 0
10 -18 34 0
16 -20 -53 0
-16 36 -78 0
-37 -63 -72 0
13 28 -37 0
-33 49 63 0
2 -25 45 0
11 -14 -49 0
-21 -62 76 0
12 64 68 0
-33 -71 0
78 -82 0
-42 -58 -85 0
43 80 0
9 -69 -78 0
-30 -58 -79 0
-9 -47 69 0
4 20 -52 0
-51 -73 -83 0
-25 56 64 0
20 22 -45 0
-7 69 82 0
-23 -63 -83 0
23 49 57 0
-27 -33 68 0
6 -22 -40 0
25 -46 -70 0
9 -58 0
-23 27 -78 0
-12 -45 83 0
-11 -19 -85 0
30 58 0
-29 -31 71 0
-28 78 0
8 -10 -25 0
-11 60 67 0
-29 48 -66 0
38 71 -78 0
2 20 79 0
19 30 36 0
52 -68 73 0
20 81 0
30 46 -49 0
-28 -29 86 0
-15 50 -73 0
-13 40 71 0
-45 75 -84 0
-60 -67 83 0
36 46 61 0
-14 39 72 0
48 54 -56 0
46 70 0
-4 -80 0
-7 27 64 0
22 -48 73 0
-46 -78 0
28 -33 -63 0
-24 -26 0
-29 76 82 0
7 37 44 0
-29 62 -74 0
30 87 0
19 -44 -54 0
-6 37 39 0
-30 -79 86 0
25 -61 72 0
49 51 -70 0
-23 44 0
39 59 -75 0
-39 83 0
-7 -21 57 0
-27 -51 -78 0
8 52 0
8 -42 -77 0
30 60 84 0
30 45 75 0
-1 -66 0
7 -68 0
-10 22 38 0
12 -49 0
18 -34 68 0
-35 63 71 0
13 22 0
43 -56 69 0
27 -51 83 0
26 56 0
-27 42 66 0
-39 -44 -72 0
16 23 62 0
-4 33 -52 0
49 -57 63 0
1 11 36 0
-2 20 -42 0
50 -76 0
-5 -55 -83 0
-28 -43 67 0
-58 -79 -86 0
47 -59 -84 0
-20 -25 0
-12 -21 49 0
3 -45 -82 0
-28 -47 -60 0
24 -44 -52 0
-15 28 -34 0
7 53 0
-29 63 0
45 63 -79 0
30 52 65 0
-27 -35 67 0
-49 52 53 0
-29 37 42 0
-9 -15 -40 0
-16 -55 85 0
19 54 73 0
32 -56 -65 0
-33 50 -71 0
-65 -75 -83 0
32 68 80 0
31 53 -55 0
42 46 -76 0
38 -45 -71 0
-14 17 0
-15 16 60 0
-28 -47 59 0
29 -65 0
-30 38 -71 0
-29 41 -47 0
15 27 -45 0
-15 -40 -48 0
-19 -43 -83 0
29 37 85 0
-7 -18 33 0
11 23 -25 0
8 -11 -75 0
-42 -67 76 0
-47 -51 64 0
-12 -43 75 0
-6 -25 -72 0
19 -38 -59 0
-25 -39 -67 0
-10 -54 60 0
-14 -48 0
20 -42 -82 0
-33 -53 0
-43 -82 83 0
21 -57 -58 0
26 38 60 0
50 83 86 0
5 -27 49 0
-36 50 -76 0
20 42 81 0
12 58 65 0
29 72 -85 0
36 -46 64 0
72 -76 -83 0
-14 44 -54 0
-6 8 -42 0
31 54 55 0
-4 7 48 0
-33 81 84 0
11 45 -84 0
-12 -20 34 0
2 45 53 0
8 23 -75 0
14 -71 -80 0
14 -64 -81 0
-67 83 0
42 -60 77 0
-2 20 -34 0
-11 38 -56 0
-43 51 -62 0
-36 61 0
-31 32 -62 0
3 -56 70 0
-33 -42 54 0
-30 -75 0
-18 21 -54 0
-6 25 -64 0
20 -42 -58 0
-49 -73 84 0
34 38 79 0
-15 23 84 0
-5 36 39 0
1 23 0
-62 83 0
-17 21 35 0
-25 57 76 0
-2 -11 66 0
-13 -15 -42 0
-15 -62 82 0
3 29 0
48 -54 -62 0
-4 -39 -77 0
57 68 86 0
-10 -52 -62 0
24 87 0
3 -59 84 0
14 -73 -78 0
3 45 79 0
-22 30 -53 0
41 -76 86 0
-55 -63 -72 0
-26 58 0
26 50 -85 0
-1 -32 -65 0
-45 48 -77 0
-23 49 -61 0
65 -68 -85 0
-18 36 53 0
9 73 75 0
2 9 0
-4 14 -23 0
15 -27 -61 0
2 57 0
-55 60 74 0
-1 -38 67 0
-12 -61 -76 0
-10 -39 -59 0
27 -31 -38 0
44 -59 0
9 -40 0
36 50 0
25 -33 -52 0
7 -20 70 0
-29 46 -48 0
1 -56 77 0
2 -13 43 0
12 -52 56 0
-12 -31 -52 0
9 -15 0
-11 -32 82 0
-6 48 -50 0
17 62 81 0
-40 -57 82 0
-40 68 -72 0
25 46 -71 0
-54 -56 72 0
38 48 68 0
-21 72 -86 0
51 -59 84 0
-34 44 -84 0
45 53 -64 0
12 34 0
-34 43 81 0
22 -51 -55 0
-19 30 -62 0
-3 11 -12 0
-15 34 63 0
23 67 -72 0
9 32 43 0
-32 -40 52 0
58 71 0
14 38 -58 0
12 -24 75 0
22 -31 -78 0
-17 -33 80 0
-8 -69 0
2 15 -38 0
24 -71 -80 0
3 -44 -58 0
10 36 53 0
-25 52 -55 0
-25 36 -47 0
25 35 -46 0
-14 76 -82 0
-32 33 44 0
-6 14 -31 0
30 -54 71 0
-17 -18 41 0
-38 -40 -76 0
-6 -45 76 0
-31 39 59 0
-18 81 -82 0
51 -81 87 0
-31 44 -85 0
-16 -46 -74 0
-4 -47 -80 0
-14 29 46 0
-22 45 -69 0
-22 -46 -52 0
-5 -18 -44 0
-2 -6 -87 0
7 -41 78 0
5 -27 42 0
29 -83 85 0
-18 56 -60 0
-15 51 74 0
-7 20 -73 0
