p cnf 88 340
40 -44 58 0
13 -43 -67 0
-10 31 -48 0
-9 28 -80 0
2 -62 77 0
60 -77 -78 0
1 9 14 0
9 -31 -63 0
-35 -41 67 0
8 -54 0
12 43 -87 0
44 64 78 0
-5 -54 -65 0
-10 14 -75 0
-38 41 -85 0
-40 51 -68 0
14 -65 -67 0
-19 -52 72 0
12 -30 51 0
3 -27 81 0
-51 71 -76 0
-10 -51 -70 0
-49 -56 0
-18 60 0
-12 -24 -83 0
21 -66 -68 0
28 45 -77 0
23 -49 -67 0
-32 -68 88 0
-9 16 52 0
-15 -68 -86 0
20 41 -86 0
35 46 85 0
20 23 -27 0
-41 -43 72 0
-3 51 61 0
-8 27 -43 0
12 53 70 0
-4 30 53 0
1 -7 -20 0
-39 -49 53 0
58 -64 76 0
14 30 -77 0
-29 41 -82 0
8 -53 -85 0
25 68 -84 0
-8 50 -67 0
8 -14 -37 0
-27 -31 86 0
15 -52 -57 0
25 -35 -54 0
-32 67 79 0
27 -70 0
-5 -67 0
16 -44 51 0
15 -20 33 0
18 -26 28 0
-42 52 65 0
2 -86 -88 0
-38 50 -58 0
2 -43 -54 0
1 -59 -74 0
23 -72 88 0
6 -16 52 0
-37 -43 -47 0
32 66 0
-6 -39 -41 0
62 -83 -84 0
-5 49 -85 0
-5 -29 67 0
-64 -85 0
-56 79 86 0
-35 67 68 0
-14 34 -81 0
-25 65 85 0
-23 -39 -73 0
2 41 -74 0
57 -84 86 0
13 -51 0
-39 56 -82 0
-73 88 0
-20 -32 64 0
30 -64 86 0
1 -48 73 0
-12 63 0
-74 -79 85 0
-55 -56 -70 0
-64 69 -84 0
-33 87 0
-28 51 0
8 55 -63 0
-10 -36 -37 0
26 53 83 0
-50 55 61 0
-10 -65 87 0
-38 -72 0
63 -66 0
-29 -39 -76 0
20 -78 81 0
-49 -80 82 0
3 45 -50 0
4 -21 72 0
17 -73 88 0
6 32 81 0
-2 -63 -77 0
2 8 14 0
33 -76 -86 0
45 59 70 0
5 13 -71 0
33 -47 -87 0
-7 -47 54 0
65 70 80 0
26 -84 88 0
24 -70 -73 0
65 -75 0
31 61 69 0
-2 -22 45 0
49 59 0
-45 75 77 0
3 -13 39 0
-9 -16 23 0
1 13 -80 0
-12 19 -37 0
-9 -17 -61 0
2 80 -84 0
-41 60 74 0
-25 60 0
42 57 -74 0
32 68 72 0
-24 45 0
-55 -70 0
-44 -60 -78 0
-42 -55 -69 0
24 26 -69 0
3 79 -82 0
19 21 80 0
-49 53 72 0
-1 47 52 0
-6 -40 59 0
8 -36 0
41 -73 -83 0
-4 13 -60 0
-26 -59 -86 0
21 -33 0
35 82 0
15 24 -77 0
15 26 -49 0
40 -71 88 0
20 36 -85 0
11 -28 62 0
-39 62 -81 0
3 -60 -78 0
51 -63 80 0
39 -52 -79 0
13 -34 -37 0
-23 63 -85 0
49 54 0
7 -64 0
16 -41 -72 0
36 -41 -85 0
23 30 66 0
22 65 -81 0
13 -52 -65 0
16 54 0
-77 84 0
-23 -51 -70 0
42 44 -78 0
30 -34 82 0
65 67 -83 0
49 57 -85 0
15 -65 0
3 -9 51 0
-48 -58 64 0
28 -29 -70 0
7 -17 39 0
5 -53 -67 0
31 -77 -80 0
46 65 0
19 29 -63 0
-9 -35 -76 0
-9 -27 75 0
-15 84 0
3 8 -88 0
-18 -54 61 0
2 -16 58 0
-34 -41 -66 0
23 -66 80 0
9 52 0
40 -50 80 0
-15 31 -50 0
-10 -52 0
21 -51 -70 0
30 32 82 0
25 -29 -38 0
-5 -36 55 0
-31 65 0
32 -84 0
14 51 -63 0
-59 76 -80 0
24 70 0
-1 25 0
-54 -82 0
-15 -61 0
14 57 71 0
-17 -64 -71 0
-22 -42 78 0
-10 -63 -81 0
-37 -55 60 0
-1 62 72 0
50 61 62 0
3 5 -18 0
-4 -32 -59 0
-4 20 53 0
-2 28 -53 0
19 22 75 0
-19 -26 -47 0
20 -31 86 0
40 -53 63 0
-8 16 63 0
-26 62 0
26 -68 76 0
3 -83 -86 0
3 53 -88 0
-18 32 45 0
-36 -70 -84 0
-11 31 -61 0
24 -34 84 0
7 30 0
32 -55 -80 0
-24 49 -85 0
23 -38 -65 0
16 27 -88 0
-28 -48 0
-27 48 83 0
-10 33 81 0
14 68 -85 0
-20 -30 0
50 -79 0
-15 -30 53 0
-35 -67 76 0
50 -60 87 0
2 47 87 0
5 -21 50 0
18 59 66 0
-24 -46 83 0
-5 -82 0
21 -76 81 0
-16 72 0
6 -14 60 0
18 41 -63 0
-18 20 -35 0
57 -60 -66 0
-11 -27 28 0
3 -32 56 0
52 55 -66 0
10 -35 37 0
17 62 87 0
14 60 -86 0
31 -84 -85 0
-14 -38 0
18 -53 71 0
16 35 66 0
-4 -21 46 0
-5 17 -59 0
21 -48 -63 0
11 -52 84 0
16 22 -54 0
-8 15 -30 0
-21 87 0
48 66 -84 0
-1 7 -21 0
-8 29 -88 0
-50 -55 0
-4 -70 -83 0
-56 -85 0
-2 57 -83 0
15 -67 78 0
16 -17 39 0
16 37 -84 0
-1 -20 42 0
-57 -79 0
1 61 62 0
-33 36 -53 0
13 -35 82 0
-27 -48 56 0
-3 -41 60 0
37 -87 0
66 -81 0
-4 -28 61 0
34 -53 -79 0
28 -78 86 0
-29 65 77 0
14 -49 77 0
22 -33 42 0
15 48 -57 0
46 72 86 0
-9 35 61 0
-8 -57 0
33 50 0
-44 46 60 0
-4 -81 85 0
-9 -79 0
-9 -19 0
-1 16 -51 0
20 -43 -57 0
-9 35 37 0
46 68 -73 0
-41 -56 -68 0
41 70 0
57 -78 -87 0
-6 -8 85 0
-3 19 -37 0
-19 43 0
27 -45 -52 0
35 39 -74 0
-8 58 65 0
6 -77 0
17 -36 -53 0
38 71 0
14 28 42 0
-3 53 0
-12 45 74 0
46 -78 -86 0
49 57 82 0
-12 63 0
16 -35 0
-26 -33 47 0
-47 -78 -88 0
-3 -30 35 0
22 -57 -75 0
-5 -20 26 0
-42 72 -87 0
21 -33 -37 0
-27 68 -81 0
32 48 82 0
-4 -27 72 0
-22 -51 -87 0
-27 41 -50 0
-4 -46 58 0
45 -61 0
