p cnf 92 341
6 56 0
-16 -50 -88 0
22 -38 74 0
-17 -31 54 0
10 29 74 0
11 32 0
-25 33 65 0
10 42 72 0
-28 -39 -63 0
16 67 81 0
-50 62 -70 0
26 -71 83 0
4 -67 -70 0
46 84 88 0
2 54 -58 0
31 -42 -54 0
2 -79 -91 0
-2 -11 74 0
-14 41 70 0
-41 -60 0
15 62 0
-2 -63 -86 0
-46 52 -71 0
16 -51 -90 0
-6 23 -86 0
-66 80 -91 0
-19 -23 50 0
2 -30 -77 0
-44 61 -63 0
-33 -56 -82 0
7 21 -91 0
60 -64 -92 0
-47 59 80 0
-26 30 67 0
-34 57 -79 0
-3 -7 -45 0
-34 41 0
-65 -82 0
-2 43 -53 0
11 37 60 0
-12 -36 39 0
20 22 -26 0
46 49 -79 0
32 49 74 0
19 -68 0
-21 62 78 0
-26 51 -62 0
7 -16 -62 0
10 46 89 0
-4 26 89 0
-67 -90 -92 0
-20 -44 70 0
-17 -86 -90 0
69 71 -76 0
-16 -19 28 0
-7 16 -56 0
-27 46 -89 0
32 -65 71 0
44 -63 -92 0
25 -61 81 0
19 58 69 0
4 49 74 0
-46 84 91 0
-74 -78 0
11 86 -88 0
-10 -43 0
20 -35 57 0
18 29 88 0
-2 -20 -58 0
-43 -55 -85 0
23 42 -92 0
-2 -36 76 0
-50 -66 92 0
-40 41 86 0
5 37 -78 0
62 67 72 0
25 -56 78 0
16 24 -89 0
12 -22 -42 0
47 61 -62 0
-52 -73 79 0
4 18 -87 0
5 35 62 0
6 -19 -52 0
-14 -15 -80 0
-12 14 0
21 -64 92 0
-71 72 81 0
21 40 -46 0
12 -88 0
38 54 -78 0
-18 37 44 0
-32 58 -68 0
-5 82 -92 0
3 -45 68 0
45 -61 65 0
3 -63 0
68 70 -71 0
-30 -39 50 0
-51 -52 53 0
-11 -31 -44 0
65 66 82 0
-17 -18 -57 0
14 -72 0
46 84 86 0
10 -18 82 0
-25 86 0
37 -43 -58 0
-4 -9 -23 0
47 -78 -92 0
-77 79 -89 0
73 -79 86 0
-38 41 74 0
39 -69 -90 0
59 -70 78 0
19 31 37 0
25 -38 66 0
-5 -27 -38 0
-10 -22 -68 0
39 -52 82 0
-10 -13 -38 0
-19 -74 84 0
4 -10 -36 0
17 -25 -39 0
-16 -61 -83 0
14 17 19 0
-55 -56 80 0
-22 -51 -86 0
5 13 -91 0
5 -40 77 0
26 -32 84 0
-40 66 -79 0
-17 26 46 0
-56 65 0
37 47 -61 0
-3 45 69 0
-2 -7 91 0
-16 19 -29 0
8 18 0
-6 33 -84 0
-56 -75 81 0
-15 -18 -44 0
-63 -65 -70 0
-36 54 88 0
-17 44 -77 0
-11 14 -33 0
-71 75 -84 0
-1 45 -53 0
47 60 84 0
-69 -70 0
-46 58 69 0
-11 -31 -92 0
-37 -61 0
-27 40 63 0
32 57 -60 0
24 -54 0
-9 -19 25 0
6 -18 -75 0
-45 77 0
6 8 -9 0
-35 -53 -55 0
-40 55 -60 0
7 25 27 0
25 -27 -36 0
-25 -45 -60 0
5 18 28 0
35 -37 -69 0
-29 87 -90 0
-4 36 66 0
-27 -39 -88 0
-27 62 0
15 32 88 0
-19 56 82 0
-28 -51 71 0
2 -15 41 0
2 -17 -50 0
-26 -43 87 0
6 -12 -47 0
63 -78 0
-37 45 -70 0
1 19 58 0
-21 31 -56 0
16 45 -49 0
-8 -35 -46 0
-29 -55 71 0
43 -82 0
-16 -24 86 0
2 25 -34 0
62 -89 -92 0
-36 41 -81 0
-1 13 84 0
25 26 0
18 58 92 0
-15 -36 77 0
-10 29 37 0
42 -78 89 0
26 -75 0
-29 40 0
32 52 79 0
-10 -45 -90 0
-46 -65 -91 0
23 72 90 0
15 -33 71 0
-24 -34 -74 0
43 -46 69 0
16 21 -84 0
-2 33 67 0
4 -23 -42 0
-25 49 82 0
14 -76 84 0
33 -58 -80 0
48 -72 90 0
-2 57 63 0
34 45 -65 0
25 38 -45 0
-10 -44 77 0
37 -67 76 0
-6 14 73 0
11 64 0
5 -53 92 0
4 -37 52 0
28 -35 -73 0
59 -82 84 0
-12 45 -60 0
53 60 -86 0
-16 -85 -88 0
-61 91 0
3 -37 -64 0
11 32 -92 0
-56 -57 84 0
15 -46 -47 0
-27 67 69 0
7 -54 -70 0
9 -58 65 0
-12 31 51 0
21 -35 -75 0
-26 38 -50 0
45 -68 74 0
11 -25 71 0
50 82 0
-7 17 66 0
-26 -64 66 0
20 40 85 0
-36 -88 0
39 44 81 0
13 52 -56 0
-39 41 52 0
10 73 -89 0
-15 -21 63 0
-23 -50 54 0
-20 -86 -90 0
8 -13 71 0
7 10 -85 0
26 40 67 0
-2 -8 27 0
19 49 -67 0
-12 44 85 0
30 39 -79 0
-30 -54 70 0
-28 35 -67 0
-33 52 0
-56 62 -77 0
10 31 -33 0
60 64 69 0
-34 57 73 0
16 -20 55 0
-20 58 -76 0
-7 -9 -69 0
-20 -35 -45 0
-54 -73 90 0
-2 54 77 0
32 -56 -77 0
-39 81 -90 0
26 -49 51 0
14 36 83 0
-34 81 0
3 -77 0
-62 -65 81 0
13 -39 85 0
8 35 -44 0
47 59 -65 0
21 -89 0
-22 68 -80 0
6 -7 -57 0
44 -53 -74 0
-15 -25 0
-48 71 -78 0
16 29 85 0
-57 -73 74 0
-11 -35 -56 0
6 -14 -65 0
15 38 -75 0
28 -64 -73 0
51 -91 0
5 78 -85 0
-51 60 85 0
18 83 84 0
3 -23 -50 0
-16 -47 54 0
27 -30 66 0
-18 46 51 0
-59 -69 0
6 -73 -86 0
-13 -36 -69 0
-17 34 62 0
-8 74 -87 0
20 27 -88 0
26 -83 88 0
1 -71 86 0
-44 54 0
7 44 -62 0
39 43 60 0
22 27 -71 0
-6 -7 -19 0
-6 32 -50 0
-5 15 20 0
-1 -50 0
-52 -76 0
-11 -47 61 0
61 -66 -92 0
-8 47 77 0
18 -88 91 0
-2 33 70 0
-39 76 92 0
39 -57 -73 0
11 57 66 0
-8 31 -74 0
-8 32 35 0
11 -51 -87 0
-12 -64 -77 0
12 -14 -57 0
12 46 -90 0
25 -43 -70 0
-61 76 82 0
15 17 47 0
26 -36 58 0
65 68 -77 0
34 59 -68 0
29 33 0
14 19 88 0
-29 58 62 0
