p cnf 81 284
32 -49 71 0
8 26 76 0
-42 -50 -70 0
-10 -14 -79 0
18 35 52 0
-3 -57 -73 0
5 20 -55 0
-7 63 73 0
-8 33 67 0
-18 -62 67 0
-26 33 -62 0
10 46 54 0
-53 -65 0
-9 19 23 0
-5 -30 70 0
-71 79 0
11 -23 -76 0
7 28 68 0
-7 9 -25 0
25 -52 77 0
41 58 65 0
17 25 -71 0
-10 15 -36 0
24 -30 0
-26 -47 -68 0
13 -20 -31 0
-14 -46 -67 0
-13 68 77 0
4 10 0
14 55 0
-9 41 -73 0
2 30 -64 0
-20 -69 0
-23 44 65 0
-30 50 -67 0
11 -21 81 0
-17 -30 0
24 -50 0
-11 -16 68 0
-18 -21 -67 0
-16 -67 79 0
-23 27 0
-18 41 80 0
-11 81 0
-34 63 -70 0
73 79 -81 0
22 25 28 0
20 25 52 0
28 41 43 0
33 -37 67 0
-1 -33 67 0
-52 -69 76 0
-1 -55 -64 0
-47 53 -81 0
58 -62 76 0
3 -31 -41 0
58 66 77 0
-2 68 0
66 -73 0
-19 45 0
42 68 -73 0
9 65 -74 0
-24 34 60 0
-69 -81 0
35 -47 -77 0
55 64 73 0
-19 28 -73 0
3 9 0
1 -15 -70 0
-8 -54 -69 0
12 -71 79 0
-20 -24 57 0
-40 -58 -65 0
-28 -45 -55 0
-1 -50 -55 0
11 -12 0
16 31 -67 0
-62 75 0
-5 -19 -42 0
-14 18 -51 0
20 47 0
-7 12 48 0
14 -16 0
22 -37 -64 0
-23 29 77 0
16 -22 -28 0
18 -28 51 0
-12 18 -66 0
-16 21 -57 0
-14 -43 0
4 -14 19 0
2 25 0
15 33 -46 0
14 -27 -40 0
6 -16 38 0
12 13 -24 0
43 -70 0
-23 43 60 0
10 -29 -31 0
-3 -57 58 0
-16 40 64 0
9 18 -58 0
-24 -27 59 0
-29 41 -73 0
-31 58 81 0
-2 20 -26 0
12 -22 -68 0
-19 48 51 0
-16 -23 30 0
-59 80 0
-31 40 64 0
48 59 63 0
-9 35 -70 0
-53 -74 77 0
-11 -58 0
-42 -45 0
20 -51 54 0
-5 -54 60 0
-25 59 -69 0
-31 40 70 0
17 19 -75 0
-1 15 -81 0
68 72 78 0
-14 54 -66 0
-5 78 0
-18 75 0
-6 13 -32 0
11 59 78 0
-4 32 -71 0
74 -78 0
-12 -20 0
6 -14 -26 0
-3 -43 0
34 -41 56 0
20 -62 76 0
-6 -23 -54 0
14 30 -41 0
-4 15 0
1 8 67 0
-13 30 79 0
-5 -54 -78 0
44 -59 -69 0
5 33 -56 0
37 -40 74 0
-9 39 -42 0
49 59 -67 0
-2 -52 54 0
-43 57 78 0
-19 47 75 0
-4 -24 59 0
56 61 0
-18 -24 58 0
15 -24 59 0
-33 57 0
56 61 -71 0
67 75 0
13 -56 0
9 -27 50 0
-15 48 64 0
-9 11 -80 0
-37 -39 69 0
-6 -64 0
48 60 62 0
10 41 0
30 68 0
15 -25 0
-20 62 77 0
5 -34 0
-17 19 75 0
7 -34 49 0
1 8 -63 0
-32 37 -61 0
16 -52 64 0
18 -25 -53 0
10 -31 -53 0
19 72 0
-11 44 -54 0
4 -63 0
19 -39 -60 0
-28 41 0
43 62 74 0
-38 43 -66 0
13 48 72 0
-4 38 0
-17 45 58 0
-52 73 -76 0
3 -58 -81 0
-4 -11 -56 0
-37 -70 76 0
-18 80 -81 0
14 -20 -37 0
-2 -28 -71 0
24 79 -81 0
7 -38 -59 0
-5 15 -69 0
-33 36 61 0
51 67 79 0
-27 -42 0
-44 -60 0
-43 75 78 0
64 -72 81 0
-5 -30 50 0
-26 72 75 0
11 53 0
10 27 53 0
3 6 19 0
-20 -51 69 0
-15 16 -54 0
-2 15 60 0
44 -54 -65 0
2 -35 -43 0
21 62 77 0
1 14 -42 0
-32 58 71 0
47 67 -70 0
11 -47 56 0
-25 -42 57 0
-8 -56 0
20 -37 -58 0
13 79 0
-3 9 45 0
-3 31 77 0
-54 -73 -75 0
-3 29 56 0
-16 -18 76 0
12 -39 -47 0
15 -48 -60 0
12 34 55 0
9 45 0
-2 47 77 0
-20 43 0
16 -47 0
9 81 0
25 -41 0
-45 -70 0
18 44 -72 0
-1 11 39 0
12 -18 20 0
7 -11 -81 0
21 -36 58 0
-40 50 -70 0
50 -52 -60 0
-17 77 81 0
1 50 -76 0
-9 10 56 0
51 61 76 0
-9 -43 61 0
5 52 -80 0
-4 -34 -73 0
11 63 -76 0
6 25 80 0
41 53 -73 0
-32 33 -47 0
-3 -26 -64 0
53 64 -66 0
20 -23 0
42 60 68 0
26 -47 57 0
-3 37 66 0
30 72 0
46 51 0
-9 -31 0
34 -81 0
12 18 -24 0
13 52 70 0
54 61 71 0
7 37 -69 0
-25 -31 -80 0
19 -53 54 0
7 -59 62 0
39 56 0
3 56 75 0
27 67 -72 0
-22 55 -68 0
-8 9 -15 0
17 48 -76 0
37 59 75 0
31 -36 -80 0
-22 -65 0
10 -28 -69 0
-16 -24 68 0
-13 -53 -79 0
-53 -74 -76 0
8 27 -38 0
