p cnf 89 319
-4 -9 -38 0
-3 -13 -53 0
-10 20 -88 0
-15 45 -69 0
9 40 0
15 -71 -82 0
26 -89 0
2 8 59 0
4 77 0
-7 -47 -71 0
23 53 73 0
-1 58 89 0
12 22 87 0
37 -53 -76 0
-3 49 60 0
58 -73 -80 0
45 -67 69 0
6 28 46 0
35 39 47 0
36 -63 64 0
29 37 -62 0
6 -49 -64 0
-6 21 -22 0
-6 -11 -76 0
-36 48 0
-17 -43 -89 0
-40 -64 -85 0
19 69 -81 0
51 75 -80 0
-23 -39 -81 0
11 -24 -87 0
-6 36 65 0
-22 46 73 0
2 17 -79 0
-1 3 -28 0
-27 77 -84 0
18 64 84 0
-14 81 85 0
-7 56 70 0
40 -62 -74 0
4 19 61 0
-15 -21 -22 0
-2 -59 65 0
-41 -53 0
-21 -68 80 0
-17 -61 0
-11 25 -72 0
-4 -71 77 0
14 -28 83 0
19 -59 0
-20 81 -87 0
-20 34 -62 0
58 76 -84 0
29 -77 87 0
13 15 49 0
-12 52 0
-17 42 -43 0
-11 -36 61 0
1 42 89 0
-24 -32 -89 0
-27 -57 87 0
-56 -65 85 0
32 70 -77 0
14 21 31 0
-1 -28 -38 0
57 58 -87 0
-2 9 14 0
-9 43 68 0
-59 -64 -67 0
-39 -61 68 0
-4 27 0
-3 45 75 0
42 -47 -49 0
-15 -34 -75 0
2 -60 -63 0
27 33 84 0
8 -21 -43 0
5 26 50 0
-26 -62 0
28 51 83 0
-34 -82 89 0
29 -38 -77 0
-3 -10 -30 0
22 34 74 0
26 49 79 0
-44 52 67 0
4 36 -64 0
21 -23 24 0
-72 87 0
51 -75 -87 0
20 -31 -86 0
-28 -46 70 0
-5 65 0
15 -49 57 0
-3 -6 84 0
19 52 0
-1 6 -45 0
-15 -18 -67 0
6 -24 -61 0
-32 -46 -51 0
72 -88 0
-9 -37 0
-17 -39 78 0
-14 -15 0
42 -67 -87 0
18 -70 88 0
-7 26 50 0
-20 -33 -89 0
5 20 -80 0
16 30 0
33 -70 83 0
40 54 78 0
46 -59 -76 0
-19 -27 0
-10 -22 -84 0
64 81 -82 0
20 53 -72 0
13 46 85 0
-4 -9 40 0
-19 33 67 0
-36 37 -44 0
18 36 -84 0
17 42 51 0
4 -62 -69 0
37 40 -42 0
26 -57 67 0
-26 73 84 0
-3 -28 -45 0
34 -44 -64 0
8 68 0
-24 56 62 0
-4 -58 -75 0
5 44 -54 0
1 9 -87 0
37 52 0
-12 42 -61 0
-15 46 54 0
11 18 0
-20 -32 0
30 59 -65 0
-32 -54 -87 0
-13 24 89 0
18 52 64 0
-55 -57 66 0
55 -59 -89 0
-28 29 -47 0
30 -85 0
-22 38 -47 0
6 -8 -51 0
-44 -51 68 0
-8 49 66 0
12 -82 -89 0
-6 -85 0
19 -51 -82 0
-7 -53 -58 0
25 28 -44 0
7 16 -40 0
38 -48 55 0
57 -68 81 0
6 17 26 0
6 -37 61 0
-60 63 0
70 72 0
31 -40 78 0
-6 -49 -86 0
-4 -18 87 0
8 39 56 0
-6 21 75 0
7 24 -78 0
3 -15 0
-58 72 74 0
-29 47 -53 0
-11 -79 0
-27 -68 82 0
32 -41 68 0
-21 56 88 0
-24 -73 81 0
-65 71 88 0
12 57 70 0
-7 -36 55 0
33 78 0
-7 -25 -35 0
3 -12 -22 0
-31 43 0
50 61 0
-23 46 72 0
-6 -34 67 0
22 56 0
2 -29 -35 0
-33 77 0
11 78 -85 0
5 53 -76 0
43 50 59 0
-36 79 86 0
22 -54 -61 0
-31 42 0
-3 23 -49 0
-1 11 72 0
20 -46 -84 0
19 -62 74 0
9 13 -56 0
-20 24 -46 0
6 51 61 0
-30 43 0
28 72 0
-62 68 73 0
-45 69 -72 0
-3 -25 59 0
38 62 -75 0
19 44 83 0
-9 22 0
-18 63 80 0
-1 -25 -72 0
-16 -55 0
-20 -47 58 0
65 -78 -84 0
16 87 0
32 40 49 0
33 56 -69 0
-33 -55 0
71 86 -88 0
-30 -63 87 0
-7 9 87 0
1 4 12 0
-16 74 -83 0
3 -12 73 0
-7 8 55 0
-37 -61 76 0
-26 -44 -84 0
-66 77 81 0
32 45 -55 0
-7 13 41 0
-1 5 46 0
-65 73 78 0
42 -64 0
36 38 53 0
10 50 68 0
-29 52 -54 0
-2 -35 79 0
7 23 -39 0
-40 55 67 0
4 -19 -22 0
12 -13 -17 0
-50 -55 -88 0
39 57 0
7 17 77 0
-10 -17 89 0
21 -58 -88 0
26 33 56 0
33 64 0
8 -44 87 0
-15 23 -30 0
15 -50 60 0
6 13 51 0
36 -67 68 0
-24 -62 0
18 -42 89 0
-38 57 87 0
36 59 79 0
19 29 -77 0
-22 36 0
-1 -3 69 0
-22 -44 0
16 46 78 0
-15 21 -50 0
58 -71 -83 0
2 -20 68 0
28 -44 -55 0
-38 51 0
-26 -61 -66 0
-31 46 -47 0
71 -78 0
-25 -26 0
-28 -44 -84 0
2 -8 59 0
19 -31 41 0
36 -50 -72 0
-38 58 -75 0
18 58 89 0
31 -44 52 0
-1 -17 25 0
-47 48 -62 0
-65 82 0
7 -62 75 0
-4 21 79 0
42 -74 82 0
-22 55 -58 0
-17 39 52 0
-1 48 78 0
-37 -71 -72 0
-1 -2 -37 0
1 28 -59 0
-32 -51 0
58 -73 78 0
10 75 0
-14 -68 84 0
-35 36 0
9 -10 -54 0
35 37 81 0
15 23 -31 0
72 83 -89 0
-42 -78 87 0
-8 -62 85 0
6 16 71 0
-17 -27 42 0
-25 -47 -75 0
26 52 0
-32 43 72 0
-35 -42 -43 0
27 53 0
-73 74 -78 0
-1 45 53 0
17 -18 40 0
2 10 -76 0
14 -56 0
4 -41 -50 0
-21 47 68 0
-4 10 0
-67 -85 87 0
