p cnf 84 299
-3 -30 -78 0
29 -41 63 0
41 -57 69 0
52 -68 0
-21 42 -58 0
-11 -22 -56 0
-60 66 0
-17 28 84 0
9 43 0
-19 -35 -49 0
-10 19 -65 0
-8 -40 -66 0
-29 -39 66 0
31 55 0
-17 -26 82 0
-6 -12 81 0
33 52 70 0
23 -34 60 0
-35 -79 0
50 -79 0
53 59 62 0
6 9 -23 0
9 -17 0
41 -59 72 0
-35 -54 55 0
-17 24 -31 0
-42 62 78 0
-14 -27 35 0
51 -53 59 0
29 63 65 0
4 -30 -51 0
39 -75 80 0
-20 -28 -79 0
23 42 72 0
42 61 -81 0
-12 80 0
-9 -26 68 0
-20 43 0
10 -18 0
9 -46 -75 0
-10 -11 42 0
-60 67 0
-3 57 -72 0
28 -48 73 0
-47 70 71 0
-45 63 -75 0
56 80 -83 0
-5 -28 52 0
-42 67 0
-37 -38 -73 0
3 27 29 0
11 71 0
-38 58 0
8 69 70 0
14 42 82 0
9 -54 0
35 50 57 0
10 50 0
-66 -68 -80 0
-8 -36 49 0
-52 68 0
-18 58 -68 0
20 24 -78 0
21 36 -76 0
49 69 70 0
-12 35 -51 0
-14 17 79 0
-15 58 69 0
-47 -54 0
7 27 78 0
-32 39 0
21 -60 -74 0
-20 27 47 0
-65 -75 -78 0
-6 -15 -23 0
-33 -51 -60 0
-43 49 -62 0
-24 66 67 0
4 -13 69 0
-35 -37 0
-8 -13 0
-15 -43 55 0
-18 -45 52 0
-64 80 0
-38 -49 71 0
12 15 19 0
10 11 45 0
26 44 0
34 -35 0
1 -17 55 0
-9 27 -29 0
22 -45 67 0
-12 16 -43 0
39 -43 44 0
19 -34 41 0
30 -42 -64 0
56 68 71 0
-12 -28 57 0
9 -44 -67 0
-7 -47 -83 0
-14 -34 58 0
16 37 -57 0
50 -58 -66 0
2 19 21 0
44 -61 74 0
33 -48 -50 0
29 -65 0
25 46 63 0
41 45 -84 0
-47 -59 -66 0
26 -48 -53 0
-41 -50 -69 0
-23 63 0
23 53 67 0
-34 63 75 0
-11 -24 -69 0
6 17 -34 0
-6 -10 -52 0
47 -61 -65 0
-21 -25 56 0
-51 78 0
17 41 50 0
26 -39 63 0
-6 -18 -26 0
32 -78 0
-40 51 -82 0
40 -48 -79 0
4 -15 62 0
-18 -37 -44 0
18 40 0
-12 20 -51 0
-49 50 79 0
-23 -31 35 0
32 39 -65 0
17 22 47 0
49 -53 65 0
-16 47 0
5 19 -71 0
34 38 -84 0
41 54 0
37 76 0
-22 24 72 0
5 -76 84 0
-10 16 -72 0
-20 -40 50 0
-38 -39 59 0
5 -11 30 0
-52 -70 74 0
-12 15 65 0
28 36 79 0
23 69 -82 0
-10 70 0
-15 -31 54 0
-15 -35 74 0
-1 -72 -84 0
13 -44 -68 0
20 -30 -80 0
-10 40 54 0
3 -23 80 0
46 55 64 0
-57 62 0
-1 -2 14 0
15 -31 -82 0
-51 68 81 0
1 -9 79 0
12 18 -39 0
-11 57 80 0
47 59 60 0
-24 -28 0
10 -72 74 0
12 -62 63 0
41 -52 -60 0
34 46 -49 0
34 37 -38 0
38 65 0
-2 -56 0
-56 -70 76 0
17 -56 75 0
50 60 65 0
13 45 71 0
-47 -73 0
-32 -72 -74 0
-23 53 72 0
-61 72 75 0
19 -27 47 0
43 -51 78 0
-58 -60 -69 0
-29 -50 -54 0
-43 49 -69 0
46 -61 66 0
-20 -64 82 0
2 12 -36 0
32 43 -71 0
36 -47 -62 0
15 -33 -51 0
-62 -66 0
28 36 -53 0
-46 -60 0
-2 10 64 0
7 30 -59 0
-68 -80 0
24 -46 58 0
-9 -69 72 0
8 -24 -30 0
14 -73 -74 0
-24 -56 77 0
42 59 0
12 -33 -41 0
24 78 -83 0
13 -47 0
-18 62 83 0
2 -10 -54 0
-31 -42 -81 0
22 -33 77 0
-19 -52 -71 0
26 32 77 0
58 -75 0
-44 50 0
36 -55 0
10 -56 0
-27 72 -80 0
-4 21 77 0
-2 18 45 0
-8 57 0
22 -27 0
-63 71 0
-9 -62 80 0
-28 -72 -76 0
-31 76 -79 0
32 -71 0
-24 -45 -47 0
22 26 59 0
25 28 0
-54 -78 0
16 34 -73 0
12 32 -76 0
-32 34 41 0
-7 53 -77 0
-36 -58 -68 0
-1 -21 0
2 -8 -31 0
-10 -82 0
-2 -20 44 0
-10 -32 42 0
-42 50 0
-60 65 79 0
-10 -47 -69 0
-11 40 -76 0
-37 -64 -77 0
-14 39 61 0
10 -33 83 0
3 -32 -33 0
16 -53 71 0
41 44 72 0
49 59 71 0
14 19 0
51 52 58 0
31 77 82 0
-30 -36 53 0
-23 82 0
-28 30 -47 0
-25 -53 66 0
45 -52 78 0
30 -74 -76 0
1 17 54 0
-50 -55 -73 0
-44 -72 -77 0
61 75 -77 0
-24 -29 -42 0
-4 26 -63 0
-44 54 60 0
-47 -49 64 0
-2 25 -45 0
9 -73 -77 0
70 -73 0
-40 66 81 0
-46 75 81 0
-14 50 -54 0
34 -84 0
31 -51 57 0
-21 -22 27 0
-13 -46 75 0
2 -46 -47 0
33 71 -80 0
-38 -74 0
7 18 23 0
10 11 19 0
37 -56 -78 0
-1 -8 -19 0
-41 -55 -75 0
-7 -13 71 0
-8 56 0
57 61 -84 0
-26 -72 0
-46 -60 67 0
22 58 -80 0
-53 -70 77 0
6 69 78 0
-25 -30 -79 0
