p cnf 74 263
-31 -53 -58 0
4 -20 21 0
-22 -67 0
-5 60 0
35 48 -70 0
-6 -17 -34 0
-46 59 0
-20 23 65 0
42 -53 -55 0
-6 55 0
-15 54 -73 0
-3 73 74 0
22 -46 -48 0
46 61 -64 0
7 -12 -28 0
-8 19 -71 0
-48 -49 -63 0
21 31 -37 0
-5 25 -43 0
9 61 0
-17 -26 73 0
12 -33 66 0
-43 -69 0
-23 -44 -74 0
-44 47 0
13 -31 -66 0
4 -66 0
64 -65 71 0
2 39 0
-6 18 63 0
-9 -68 0
42 -73 0
57 -73 0
12 -13 63 0
-25 -72 0
5 -16 29 0
22 24 0
18 -68 0
-14 24 -53 0
32 -42 -58 0
-24 35 -69 0
22 47 67 0
-8 22 55 0
-3 -12 40 0
22 -50 -53 0
-16 51 -60 0
36 49 59 0
32 -46 66 0
-31 -62 0
6 31 -34 0
41 -65 -66 0
-19 56 0
57 -72 0
-14 -43 48 0
3 -29 70 0
-31 71 -72 0
1 -38 45 0
-35 -56 0
10 -41 -54 0
6 37 -55 0
-28 -45 64 0
-39 59 0
-54 -70 0
-31 60 0
38 -39 0
62 -63 0
18 -53 56 0
7 54 57 0
-3 -34 -65 0
1 50 59 0
24 -53 0
42 -67 -74 0
7 38 0
-34 -48 -55 0
9 -16 -52 0
-28 70 0
-52 53 0
9 72 0
-11 -49 65 0
-11 -24 0
-39 44 0
-11 -39 -41 0
-9 -34 39 0
2 -54 74 0
-27 54 -74 0
-3 -13 27 0
21 -48 67 0
-14 -16 24 0
-12 -27 49 0
-32 39 -40 0
-33 -43 -66 0
4 -18 0
28 -37 39 0
56 59 0
-13 41 0
-16 -71 0
-10 -21 -47 0
28 34 54 0
-12 -21 72 0
10 -21 71 0
19 -24 -52 0
16 -59 74 0
-12 19 59 0
-9 17 18 0
58 -61 0
-41 -67 0
-15 -18 -60 0
15 -31 57 0
-8 59 63 0
-8 37 -65 0
7 17 41 0
-24 -55 -74 0
34 -58 -73 0
-18 19 -68 0
-5 20 0
44 60 0
-13 29 0
-11 64 0
-38 -57 58 0
-10 -11 58 0
-27 50 0
24 -36 -64 0
23 27 0
-39 58 -74 0
2 48 -61 0
-29 63 0
-22 -52 72 0
39 -40 69 0
-40 -53 0
4 -6 32 0
-26 53 -56 0
-29 46 -58 0
-30 41 -68 0
-15 25 57 0
-1 51 0
30 -43 0
-6 -17 41 0
59 -70 0
10 -13 0
-21 66 0
12 35 54 0
-18 57 -71 0
4 10 66 0
4 25 -55 0
4 12 -14 0
-66 -72 0
7 -44 70 0
-13 66 -69 0
-6 -19 0
9 -15 -73 0
-22 -35 0
41 -45 0
11 40 64 0
3 -11 -55 0
-29 62 -74 0
22 36 73 0
9 56 58 0
-39 -56 -67 0
-40 -45 0
12 -50 53 0
10 -14 -37 0
18 40 -72 0
-22 27 0
-22 -35 -60 0
5 10 0
-31 -56 0
25 37 70 0
1 -31 33 0
44 73 74 0
17 26 40 0
8 -27 0
-20 -63 0
43 54 0
-26 32 62 0
15 -43 60 0
-41 -47 -52 0
3 -16 32 0
13 51 -54 0
7 39 -47 0
17 44 -57 0
-13 -57 60 0
31 60 -72 0
6 -11 -62 0
8 45 -70 0
-51 57 66 0
-8 -57 -68 0
10 -26 38 0
-11 -46 47 0
-21 62 72 0
17 -19 0
18 -49 0
-7 -43 0
-59 -71 0
17 47 0
-30 -64 73 0
-51 -65 0
7 -43 54 0
36 -51 -73 0
40 44 64 0
3 22 0
4 29 0
33 47 -60 0
-20 -72 0
-29 40 41 0
69 -73 0
-50 61 62 0
-39 -45 0
24 44 -71 0
4 -27 -32 0
11 -13 39 0
-4 -16 28 0
-3 11 -42 0
-34 -37 0
-37 -40 0
-54 -64 0
7 32 69 0
7 11 65 0
27 63 73 0
-27 39 0
3 38 49 0
6 47 -60 0
-5 12 0
9 -68 0
-20 36 68 0
14 -25 -60 0
-6 35 -70 0
7 52 72 0
42 -46 62 0
-23 32 39 0
-8 -12 0
29 -55 0
4 -53 -60 0
-28 67 0
20 -36 -58 0
-14 -36 65 0
-2 42 71 0
4 -57 0
-1 -22 0
38 51 54 0
6 31 69 0
35 -41 66 0
-19 -49 0
-1 28 65 0
-4 -57 -64 0
-15 22 -29 0
21 43 -61 0
35 48 72 0
-19 -54 63 0
19 -56 -72 0
-39 43 -64 0
-1 35 -50 0
-5 -44 65 0
7 -44 55 0
-48 -54 69 0
16 -17 24 0
12 19 34 0
8 10 25 0
-14 -39 -43 0
2 -36 -42 0
-6 31 0
-11 52 -74 0
44 50 0
31 58 0
