p cnf 92 352
-23 -35 -53 0
21 -46 -54 0
-15 -46 -60 0
21 -48 68 0
-59 -77 83 0
25 43 -53 0
10 11 -92 0
7 11 23 0
7 -31 -69 0
-20 28 47 0
-50 80 -86 0
-18 41 -79 0
-24 -51 -54 0
-60 -62 0
24 41 0
20 22 -77 0
-8 35 0
22 35 54 0
27 -39 52 0
5 66 84 0
25 34 89 0
-53 -90 92 0
32 55 -86 0
-2 -34 -92 0
-32 53 64 0
-66 77 90 0
-6 29 -76 0
-22 -37 71 0
-10 -68 85 0
5 81 88 0
-43 60 -65 0
-33 73 92 0
-21 41 90 0
-79 84 -87 0
23 -49 -55 0
3 -12 61 0
10 -87 0
1 -18 -68 0
1 -67 -91 0
-45 -61 76 0
-21 -54 58 0
-3 -6 86 0
-11 -87 0
16 -24 -86 0
12 -66 80 0
-48 58 0
26 57 0
-8 -21 -55 0
-1 15 -42 0
-4 47 84 0
5 -16 37 0
-46 -51 -64 0
-49 62 66 0
-3 -29 82 0
13 -86 89 0
-59 64 -76 0
-8 32 -52 0
51 77 84 0
-34 -57 67 0
-44 78 91 0
-19 -37 60 0
-44 49 0
-7 22 -53 0
-6 28 -86 0
-38 -57 -74 0
11 34 -80 0
-38 -46 -60 0
41 61 76 0
26 41 0
24 -35 65 0
-17 85 0
-26 -90 0
23 -32 -56 0
28 37 56 0
38 -67 -70 0
-20 73 92 0
-59 -64 82 0
40 -66 84 0
-20 -36 -67 0
-49 -60 -74 0
-1 -42 -62 0
13 -19 -22 0
-4 19 61 0
-23 53 62 0
23 48 53 0
-10 -47 73 0
-35 -60 76 0
-13 31 -92 0
32 -52 90 0
14 67 68 0
-12 -57 0
-33 40 -52 0
-4 39 -43 0
14 -32 -82 0
-23 37 -81 0
-21 51 80 0
-24 -46 -64 0
33 -73 0
-26 -55 -89 0
10 16 33 0
-2 7 -19 0
41 -79 -84 0
13 40 59 0
-28 -63 -86 0
-14 21 42 0
-44 51 -86 0
-15 -67 -80 0
19 -24 35 0
-2 -14 91 0
53 67 -78 0
-45 -52 -80 0
52 -65 79 0
-2 -47 -66 0
-30 77 0
-58 75 82 0
7 -22 -63 0
-12 -17 -92 0
-11 -46 0
9 13 76 0
-27 59 91 0
-17 19 0
28 40 71 0
6 28 -60 0
-22 62 -85 0
1 -19 -27 0
-4 28 38 0
26 55 80 0
43 72 78 0
18 25 42 0
25 82 -84 0
10 -19 -81 0
-16 -22 38 0
24 31 -62 0
-31 -46 73 0
-40 66 92 0
10 -53 76 0
15 -33 89 0
-46 69 84 0
16 61 -85 0
28 59 92 0
-36 55 -85 0
28 -70 75 0
23 39 -82 0
7 -50 91 0
29 -38 -42 0
-11 -88 0
-2 -17 -20 0
20 56 -75 0
-15 -76 91 0
9 34 -81 0
-41 -46 81 0
20 53 -82 0
5 7 14 0
25 -77 92 0
1 24 0
6 12 -39 0
42 67 -74 0
-13 81 86 0
10 -57 92 0
18 56 64 0
-7 -12 -83 0
-13 -64 -82 0
37 -73 0
-17 43 -48 0
3 -65 74 0
28 43 -66 0
-14 -25 -71 0
21 -71 -83 0
19 22 70 0
41 -43 -91 0
-17 -23 72 0
9 75 -76 0
-42 49 -87 0
-15 -26 -58 0
40 -69 -84 0
-8 13 42 0
-6 -48 -73 0
-9 -60 -70 0
18 -48 91 0
56 76 -79 0
-13 66 75 0
-52 63 -92 0
-23 47 -84 0
24 -57 82 0
22 -41 -71 0
3 -77 -81 0
-13 29 -32 0
-12 36 75 0
-51 86 90 0
-53 -80 -85 0
-30 -36 54 0
-1 77 -81 0
44 77 84 0
-24 -75 0
-47 63 86 0
12 -23 0
-29 68 -72 0
25 -29 -77 0
-19 24 -28 0
25 37 59 0
36 62 73 0
-10 -46 65 0
-36 -63 -70 0
2 -7 -84 0
-4 22 82 0
-5 46 -49 0
23 53 -92 0
9 48 0
-19 25 -44 0
11 67 -85 0
62 -76 0
47 -48 -73 0
-8 22 23 0
-1 -74 -83 0
-65 -79 92 0
-49 52 58 0
7 -9 15 0
40 -53 -79 0
35 -72 90 0
-34 66 70 0
7 -48 59 0
1 -14 74 0
-15 63 81 0
-5 27 55 0
-8 -23 0
74 -82 -84 0
13 -27 -29 0
-42 -43 44 0
-42 -85 88 0
-24 83 84 0
-11 12 -75 0
-10 -17 -18 0
31 40 -42 0
-14 39 77 0
37 39 0
-47 64 -75 0
-49 88 0
-6 35 -47 0
-10 24 46 0
-12 63 0
-18 47 -59 0
-5 31 50 0
-7 77 80 0
19 62 0
6 73 -77 0
-24 53 92 0
-1 28 -68 0
-15 -41 63 0
-9 66 -89 0
55 -79 91 0
-9 -61 -80 0
20 51 82 0
9 -78 85 0
-45 -54 90 0
-5 -34 -44 0
35 -61 80 0
-21 69 -78 0
44 -45 -73 0
1 -61 84 0
48 -74 -84 0
1 -6 40 0
22 -62 -84 0
39 -57 0
-32 -38 42 0
46 50 57 0
5 -10 -56 0
-1 -11 -71 0
-9 19 66 0
-29 30 -56 0
-46 -71 -75 0
9 41 44 0
7 -57 86 0
5 37 -57 0
13 -69 -86 0
-28 -29 58 0
46 63 -90 0
20 -59 0
-27 -44 67 0
8 -57 -69 0
-34 73 -75 0
7 23 89 0
28 41 -84 0
-3 56 60 0
44 -47 -57 0
12 18 85 0
-5 -52 -64 0
-44 45 64 0
2 -27 -65 0
-65 66 -92 0
11 -26 -63 0
17 -64 -73 0
17 41 -60 0
-4 -5 -35 0
11 -22 -25 0
34 73 -89 0
-10 -55 69 0
17 -90 0
-23 -76 88 0
-5 38 0
18 -67 -82 0
-24 49 81 0
2 -32 -59 0
13 47 81 0
-25 56 -63 0
47 -65 71 0
4 83 88 0
-41 -42 -59 0
7 38 -39 0
3 -38 -49 0
-7 -58 -82 0
20 -32 89 0
-7 -15 -58 0
-10 -12 72 0
-27 -40 -63 0
39 56 76 0
-11 -53 0
-27 81 -86 0
55 -74 88 0
-8 19 -91 0
8 -77 0
21 -40 41 0
14 -35 61 0
16 -54 77 0
-8 -72 79 0
9 -29 60 0
3 17 64 0
7 -35 75 0
-1 -88 0
-17 67 -77 0
-40 73 -81 0
-1 56 0
-21 26 -83 0
57 -81 84 0
1 -20 62 0
65 85 0
1 41 -61 0
-45 -68 0
34 -60 -68 0
-5 -65 -80 0
-57 -61 -80 0
-43 64 0
26 -51 -62 0
-28 58 -91 0
-3 -43 -81 0
-51 65 71 0
-17 39 41 0
-82 90 0
23 -30 -84 0
52 54 0
11 -14 -81 0
-41 84 0
39 -65 -79 0
