p cnf 78 256
29 72 0
-33 49 59 0
-21 -34 -55 0
4 -20 0
30 -38 50 0
-28 -66 -71 0
21 26 34 0
-3 34 0
27 -73 76 0
47 -49 -69 0
28 -45 72 0
-14 -24 45 0
3 22 -72 0
-19 38 -54 0
3 -11 0
6 23 40 0
-14 -19 -68 0
22 -48 0
32 -51 -74 0
22 -31 60 0
-40 63 67 0
29 49 0
-6 -47 -54 0
23 45 54 0
-2 54 64 0
-17 -49 -78 0
-29 -55 -57 0
3 -28 0
-24 52 60 0
-57 -67 -70 0
-26 41 0
-33 -37 73 0
56 71 0
-44 50 58 0
19 42 -51 0
-5 23 25 0
15 -31 53 0
-3 12 0
32 -58 0
4 16 0
-38 64 0
32 63 -68 0
36 39 -68 0
-3 5 44 0
28 65 0
-16 36 -69 0
12 -42 44 0
-19 41 -49 0
-14 26 -27 0
-30 -55 73 0
-24 38 -64 0
-18 -34 53 0
3 36 -78 0
-4 -16 -19 0
-24 -45 57 0
-26 -42 0
-15 -17 58 0
-11 -50 -65 0
14 -67 -70 0
-40 -59 -73 0
8 -17 -74 0
34 36 41 0
-9 31 0
-12 53 -67 0
53 60 0
2 35 59 0
28 -49 -57 0
22 39 64 0
26 32 -39 0
-3 4 -54 0
4 -46 63 0
-27 52 -71 0
-26 64 0
37 -52 59 0
-27 -72 -78 0
-12 34 -67 0
-4 16 24 0
-17 -50 0
-13 41 0
4 -38 49 0
11 -17 0
31 -39 0
16 44 66 0
17 -49 -73 0
2 27 0
-8 11 -59 0
-60 67 0
35 65 73 0
5 19 -65 0
7 63 -68 0
49 -76 0
5 64 0
4 -15 23 0
2 45 -53 0
-9 -54 -74 0
27 -41 -73 0
11 -33 56 0
-16 -70 0
-2 32 39 0
-8 42 0
-8 61 0
48 50 54 0
7 19 70 0
-59 71 75 0
-43 71 73 0
-9 -15 -68 0
6 33 71 0
1 20 0
-15 55 0
7 31 66 0
12 -21 -52 0
23 59 0
-30 -64 -68 0
-15 -19 71 0
22 44 56 0
-37 -54 0
30 35 -56 0
-2 -15 -26 0
3 -62 64 0
-23 -38 -40 0
15 -39 -64 0
-8 -20 24 0
-10 44 -59 0
4 -19 -72 0
-21 -49 -69 0
-12 42 75 0
-21 -64 65 0
22 -29 -56 0
-12 48 -76 0
-46 -49 68 0
-36 -47 67 0
-25 31 -44 0
2 22 -38 0
-13 -24 -30 0
-17 41 -76 0
-20 66 0
-55 62 -64 0
47 -63 75 0
-15 54 62 0
2 -39 -66 0
12 52 0
-10 -13 -67 0
3 -4 71 0
28 47 0
-48 -54 -70 0
-4 8 -18 0
-42 -54 0
-25 28 -41 0
-40 45 -64 0
-1 25 69 0
-1 -16 21 0
15 21 40 0
12 -49 50 0
42 45 -48 0
-21 -44 60 0
-3 -9 64 0
6 -8 -22 0
-5 39 -59 0
19 -75 0
-3 53 -72 0
47 68 0
48 53 64 0
17 -42 0
26 32 0
-39 66 0
-6 -52 53 0
-5 -8 -54 0
-44 -53 55 0
-2 -25 -46 0
-26 33 70 0
14 -35 67 0
24 72 0
15 59 -61 0
-72 74 0
16 -40 0
21 41 -56 0
27 58 0
8 48 -67 0
19 -24 65 0
4 -26 68 0
-26 -38 68 0
-50 -57 0
-23 70 78 0
45 -75 0
-3 -29 -48 0
34 52 -75 0
12 -19 -30 0
-19 38 50 0
-2 38 57 0
-29 -40 0
-41 58 69 0
-4 29 38 0
3 -58 75 0
-21 -70 0
17 -58 -59 0
21 -36 -46 0
16 -66 71 0
19 -68 0
20 23 44 0
-23 42 -62 0
11 31 59 0
-44 -63 64 0
18 -53 62 0
9 -62 -65 0
35 -67 -71 0
46 63 76 0
-14 20 74 0
-16 -28 40 0
-28 45 -58 0
-26 -56 66 0
58 -75 -78 0
-14 38 -57 0
-12 -61 71 0
21 64 76 0
4 18 0
-12 42 -75 0
5 -10 23 0
50 -65 68 0
-12 13 -15 0
37 57 74 0
-14 15 -58 0
31 51 0
-3 -11 24 0
23 -25 72 0
9 14 -27 0
-1 58 -60 0
-22 31 -47 0
9 65 0
19 54 -68 0
-11 -52 0
20 -57 -59 0
2 59 0
15 -30 -57 0
10 28 -39 0
-34 51 0
11 -18 24 0
-42 -60 77 0
66 76 0
14 30 52 0
18 40 0
-49 -74 78 0
-21 -55 68 0
-15 -59 0
6 -16 -53 0
41 -51 0
-54 -63 0
-33 70 -78 0
-7 -9 -46 0
5 8 -61 0
1 3 -71 0
-3 15 0
54 68 69 0
6 -54 -67 0
23 -29 -39 0
22 36 65 0
-9 -43 50 0
