p cnf 94 371
-65 -66 87 0
-38 53 -92 0
-5 -10 75 0
-2 -72 79 0
14 -36 92 0
10 32 -73 0
-23 -51 0
-41 66 72 0
-43 72 -76 0
88 -91 94 0
7 -46 52 0
15 82 0
41 -46 80 0
9 18 -82 0
5 72 -82 0
23 61 87 0
17 27 -57 0
-4 -6 -34 0
-31 34 -54 0
16 -24 -72 0
54 -63 -88 0
-14 16 -43 0
11 13 89 0
-10 -17 -93 0
84 -92 0
-69 -80 93 0
12 66 68 0
47 64 -79 0
-5 -29 -31 0
20 -49 70 0
8 36 -83 0
5 16 -29 0
-40 -58 0
1 74 -92 0
15 -83 92 0
-61 -81 88 0
-15 -20 21 0
52 55 -72 0
-1 -84 0
-5 -37 -47 0
15 35 79 0
28 -75 -80 0
-5 15 -38 0
-7 13 -21 0
12 15 26 0
43 85 0
-47 78 -87 0
-1 47 92 0
-35 39 -90 0
-9 33 -44 0
-26 -43 94 0
9 28 60 0
51 -55 64 0
-5 58 -93 0
13 19 73 0
-51 -52 -72 0
2 -7 14 0
-20 -70 -82 0
-14 -66 68 0
-5 -22 -28 0
-29 -32 86 0
27 -40 -51 0
-7 -19 -27 0
7 -15 40 0
-26 31 35 0
10 44 -68 0
21 -35 -60 0
-26 -65 -71 0
-30 -62 -67 0
17 -22 -23 0
65 -68 93 0
-34 -37 -72 0
-42 52 77 0
77 80 81 0
-9 -16 -59 0
-33 65 -73 0
-5 19 92 0
46 65 -74 0
20 33 36 0
33 90 92 0
-39 -50 68 0
3 -43 -61 0
32 63 0
-79 -92 0
22 55 84 0
19 36 71 0
37 -45 70 0
26 28 31 0
9 71 73 0
16 -19 29 0
10 18 -94 0
45 -62 71 0
-2 -32 90 0
7 67 0
-13 41 0
-31 36 39 0
-6 40 -49 0
9 -12 17 0
1 -48 53 0
-21 59 79 0
-34 47 82 0
61 -77 87 0
-2 -31 92 0
-8 -17 35 0
29 30 -81 0
-19 32 -57 0
20 62 68 0
9 53 56 0
-21 49 -86 0
-23 57 -65 0
-53 55 68 0
-3 -52 58 0
34 55 72 0
26 39 -72 0
-9 10 88 0
-7 10 -15 0
69 -90 94 0
-11 -29 -63 0
-11 -37 -93 0
21 -61 66 0
20 -80 0
-12 14 56 0
-4 -77 0
11 -21 73 0
43 -55 -68 0
-28 -65 -88 0
-37 72 80 0
-9 39 -86 0
17 -34 -54 0
-40 -59 -93 0
-11 26 76 0
-34 63 64 0
-54 -65 -87 0
-10 -32 -54 0
-1 -89 0
9 17 0
12 -42 -69 0
24 -53 68 0
10 -49 -75 0
-5 -37 -82 0
27 29 -94 0
12 51 87 0
3 -17 0
-69 83 -85 0
-17 -69 70 0
-23 -24 -54 0
57 68 82 0
-16 -48 83 0
7 65 71 0
57 91 0
-14 37 -45 0
20 -26 0
-38 -54 82 0
27 47 87 0
-49 -74 79 0
48 -67 -74 0
-41 59 0
46 -57 -94 0
11 -26 46 0
-22 41 86 0
9 55 -79 0
-1 -82 -87 0
38 -64 -81 0
44 -49 -88 0
-60 -71 -88 0
27 41 -75 0
13 -19 -92 0
-43 -64 -69 0
30 68 -71 0
-66 72 76 0
-46 66 85 0
22 -48 -61 0
-8 -16 60 0
26 36 -86 0
17 -77 84 0
-16 -20 -51 0
-49 -60 -82 0
30 33 -58 0
-26 75 84 0
10 31 -61 0
-9 -29 -42 0
-39 59 63 0
-2 -74 -83 0
3 40 57 0
66 67 0
13 -14 91 0
5 -30 81 0
-48 73 -92 0
-13 -60 -72 0
65 72 -88 0
19 32 -90 0
-14 -28 77 0
-8 -59 -86 0
17 23 -80 0
-51 71 -72 0
-27 49 93 0
48 -65 68 0
-2 -86 0
-5 -52 53 0
10 -39 40 0
-6 14 38 0
-29 38 -60 0
5 19 -69 0
-20 23 -67 0
-29 35 47 0
-32 -56 -74 0
-14 -71 73 0
-3 -22 -23 0
-26 -38 -77 0
-30 -41 83 0
-6 56 -74 0
-37 41 49 0
49 69 -89 0
-9 11 -24 0
-61 -68 -75 0
-14 -16 62 0
11 41 -43 0
6 -26 67 0
-7 -28 -63 0
-24 -75 0
44 -52 -63 0
7 -16 -70 0
-21 44 -63 0
48 58 -63 0
20 -43 -77 0
-56 -65 -71 0
38 70 83 0
-25 49 -89 0
31 -33 -90 0
-3 -21 27 0
12 21 86 0
18 -28 -59 0
6 -36 87 0
-50 -78 86 0
-46 -53 85 0
4 -87 90 0
-22 -73 85 0
13 -46 93 0
-21 53 -72 0
-21 36 -59 0
-24 31 -39 0
51 -53 -74 0
37 -46 -71 0
39 -53 65 0
-44 -55 59 0
-45 -63 94 0
-24 -81 83 0
52 70 -80 0
11 -26 63 0
-9 83 87 0
15 -31 40 0
18 35 -92 0
-54 -69 92 0
-23 61 72 0
-42 -86 0
80 -81 -90 0
-34 -38 -74 0
25 -32 -71 0
-42 -52 89 0
21 43 -48 0
51 -55 85 0
11 -29 42 0
23 -66 -69 0
55 72 -93 0
3 26 52 0
33 46 -54 0
51 -77 -94 0
-52 -53 0
37 45 -77 0
35 39 -43 0
8 -45 -69 0
-11 17 -18 0
-17 -51 -83 0
5 33 54 0
46 64 -84 0
27 -50 60 0
-15 55 -91 0
27 78 -93 0
-44 49 -58 0
45 63 80 0
-15 -38 -57 0
27 -63 -94 0
-45 -60 0
8 78 87 0
-44 -49 94 0
41 -62 76 0
-3 -44 85 0
-39 -48 -57 0
14 39 -42 0
62 73 -88 0
-18 23 25 0
-35 41 57 0
12 77 0
-67 68 -90 0
-12 24 91 0
-7 38 67 0
-9 26 72 0
-25 -29 88 0
-13 -62 91 0
61 85 -86 0
-49 -92 0
12 19 -66 0
21 -73 89 0
-75 -82 86 0
49 -55 60 0
-3 67 0
32 41 81 0
7 -23 59 0
-6 -14 -66 0
-13 22 -54 0
-47 -53 56 0
19 55 65 0
5 50 64 0
-11 37 50 0
-29 46 -48 0
-16 -25 59 0
73 80 -81 0
45 -72 -74 0
-44 -48 -81 0
29 -62 -83 0
-11 47 49 0
22 62 68 0
2 -30 34 0
-3 -38 -42 0
-14 -20 -45 0
-6 77 -89 0
-23 -34 -88 0
37 63 0
-5 35 -86 0
-30 -31 -80 0
-1 71 84 0
41 -62 -75 0
-12 15 -25 0
-26 -71 -78 0
-40 -46 73 0
3 33 94 0
12 -36 -59 0
35 58 -75 0
-16 52 0
44 45 76 0
-18 -30 0
-27 40 0
2 56 -60 0
-11 16 -72 0
1 -30 62 0
-42 -68 81 0
-48 50 65 0
44 69 93 0
15 32 78 0
57 -74 91 0
-21 -22 -72 0
-3 -47 -62 0
75 -89 0
2 -84 -90 0
44 -49 -79 0
-7 17 28 0
-6 86 93 0
-7 -10 -22 0
13 -17 19 0
-5 -47 58 0
64 79 84 0
16 24 58 0
-37 -47 -90 0
-7 17 94 0
-20 32 -70 0
-25 -34 78 0
-65 -73 -74 0
6 54 86 0
-7 37 -73 0
-6 79 84 0
27 91 0
