p cnf 83 306
-2 43 -68 0
-21 -29 50 0
1 12 45 0
-4 38 -58 0
52 62 74 0
28 46 -79 0
-22 -31 0
-49 -57 77 0
-10 12 -77 0
28 -50 -54 0
-26 -51 80 0
48 68 -74 0
18 -68 -75 0
50 70 0
-22 43 -66 0
-11 33 69 0
12 78 0
7 -27 -83 0
15 -49 71 0
25 52 68 0
20 -32 -59 0
45 -48 -57 0
-34 81 0
29 -46 -68 0
30 -44 -68 0
13 -28 -77 0
-48 -70 0
-17 63 -75 0
40 53 77 0
47 -61 72 0
16 -43 -54 0
-32 -43 0
-42 -67 -76 0
55 62 71 0
-38 -56 57 0
-15 28 -53 0
-19 40 56 0
-37 64 73 0
-12 23 56 0
-53 -68 -71 0
14 31 -34 0
-7 -52 -65 0
-39 -55 58 0
-18 -68 0
5 48 -50 0
-9 -21 65 0
-23 -46 -51 0
46 -61 -78 0
28 63 -69 0
-12 73 0
-23 -29 75 0
-24 -78 0
4 56 0
12 -58 -78 0
49 -61 -65 0
-3 26 -81 0
-4 -8 -56 0
-18 34 76 0
-3 -6 20 0
24 -40 -79 0
15 30 0
-10 -68 -79 0
-61 -78 -80 0
12 36 -60 0
-7 -79 0
-6 66 -74 0
18 28 -33 0
-14 -63 73 0
51 60 -72 0
-1 83 0
20 -82 0
1 53 -61 0
-38 -49 -50 0
7 23 24 0
-30 -69 72 0
5 -65 75 0
19 26 -49 0
-15 -61 -80 0
-25 33 -45 0
-12 62 -77 0
-15 38 0
11 73 0
-46 58 0
-52 77 0
11 -30 -37 0
2 6 -56 0
43 51 67 0
1 19 -25 0
35 -40 0
32 -38 78 0
-10 41 -75 0
8 -56 0
40 62 -78 0
-33 -54 65 0
3 5 -60 0
8 -58 62 0
5 61 73 0
4 -11 17 0
4 -30 77 0
-22 -54 -77 0
61 -80 0
-19 48 -78 0
-39 -46 -74 0
25 59 74 0
-44 -79 0
-36 46 -76 0
33 -70 -77 0
-1 -48 50 0
16 23 47 0
-26 57 73 0
74 -80 0
8 65 -78 0
-81 82 0
8 52 0
-38 46 0
7 16 62 0
-3 -6 28 0
21 -42 0
41 -55 73 0
-9 -39 -40 0
-37 52 54 0
-53 -82 0
-2 -18 -34 0
40 49 67 0
-34 45 79 0
39 -50 79 0
-3 28 0
-51 -52 0
-12 -22 -41 0
-3 10 74 0
-14 33 -53 0
3 60 82 0
-40 -62 0
12 53 -77 0
-7 -57 -70 0
19 22 60 0
9 -15 0
-67 -83 0
13 -36 0
-23 34 38 0
55 -76 0
-41 65 0
-21 -27 -41 0
-24 53 -64 0
-40 45 -59 0
1 -57 0
-4 -8 -21 0
5 11 35 0
1 47 -70 0
42 67 81 0
25 78 0
31 35 51 0
-64 -68 0
11 -42 -80 0
-6 -75 81 0
13 40 -67 0
-15 -18 26 0
44 70 0
-4 16 54 0
24 -43 0
-54 -63 -77 0
36 41 56 0
19 30 49 0
24 -30 64 0
-12 -35 78 0
-13 -40 0
58 -63 83 0
-2 -28 0
3 33 61 0
-17 -53 74 0
5 -46 0
-15 44 -76 0
-13 32 82 0
47 74 -77 0
-18 -44 -54 0
-45 48 0
-12 14 -55 0
15 62 -83 0
-46 -47 74 0
11 -57 68 0
12 48 76 0
-45 52 76 0
-37 40 78 0
-1 -45 0
-35 -60 74 0
-37 60 -75 0
34 -58 74 0
9 82 0
-4 -69 0
-35 -47 0
5 62 -76 0
12 -40 -64 0
-5 -18 78 0
35 64 82 0
45 46 79 0
-13 -48 -79 0
41 43 -73 0
37 -48 63 0
-19 83 0
46 80 0
-14 -39 -81 0
8 -47 56 0
-13 -67 0
1 56 0
20 70 -80 0
-2 9 54 0
-58 -70 77 0
25 80 0
52 65 0
-3 -70 75 0
24 -50 -69 0
-15 63 0
55 62 -81 0
38 -45 -65 0
25 48 58 0
-45 55 -78 0
-6 69 -83 0
2 26 -78 0
-8 28 -68 0
17 -68 -83 0
-28 46 -80 0
-38 41 61 0
-4 69 73 0
-11 -45 70 0
-6 -13 31 0
65 77 0
7 -26 -29 0
-4 21 0
-18 62 -70 0
-1 25 -38 0
63 67 83 0
3 34 -53 0
50 -57 -77 0
-3 -13 -17 0
-33 62 -73 0
-15 -18 -51 0
15 -58 -81 0
40 83 0
-14 -59 -69 0
-15 44 50 0
-40 75 76 0
11 -39 0
-33 -51 -80 0
17 54 0
7 9 -68 0
5 -21 -74 0
-6 -21 74 0
50 -64 0
-20 -61 78 0
-13 -17 26 0
-30 -48 56 0
4 63 74 0
17 -48 77 0
4 17 -41 0
2 -24 -69 0
53 60 63 0
-9 10 77 0
-8 55 -81 0
37 -71 0
-70 75 -80 0
5 37 -78 0
-33 -53 0
-40 -51 0
41 -48 72 0
47 -54 64 0
16 -32 0
-16 -49 64 0
-24 -30 -40 0
-12 23 40 0
10 20 0
-4 39 70 0
-27 -47 0
-36 -50 81 0
-36 52 0
-37 70 -76 0
-65 -68 70 0
-32 -34 0
34 -73 79 0
-41 -57 -76 0
-16 17 43 0
29 39 0
19 -39 -46 0
79 -81 0
17 31 47 0
-56 -60 -71 0
15 -45 0
-26 38 80 0
27 44 54 0
1 -7 -9 0
43 -59 0
-36 57 64 0
60 71 -76 0
-27 57 -59 0
11 -46 0
1 -35 46 0
-26 42 -53 0
51 -53 -66 0
5 -21 -25 0
22 54 -71 0
-12 -49 73 0
-41 -75 76 0
11 -19 -56 0
25 31 0
31 -64 0
1 47 69 0
-6 20 0
