p cnf 43 91
-12 -32 0
8 13 0
-12 -27 -41 0
-26 -34 0
-17 -25 39 0
-11 -39 0
25 -34 0
4 -37 0
22 -34 0
-24 29 0
-7 -21 24 0
-22 26 -40 0
3 -26 37 0
-14 -15 21 0
-3 -30 0
6 -33 -42 0
28 -38 41 0
2 -40 0
3 27 0
12 27 0
26 -29 33 0
34 38 42 0
3 -43 0
-22 27 -31 0
-9 17 0
27 40 0
-1 17 0
-3 12 -16 0
27 -28 -38 0
21 33 0
-1 8 -14 0
-19 -21 0
13 -28 40 0
-1 6 0
22 -41 0
-2 29 -30 0
20 -39 0
-16 -41 0
3 -19 0
18 -27 0
-19 27 0
3 5 -27 0
12 -38 0
-7 13 -25 0
5 29 0
-26 -39 0
-34 -36 0
-4 23 -34 0
12 -27 -38 0
-4 -29 0
3 19 -34 0
3 -9 -16 0
-1 -9 0
17 18 0
-5 -25 -31 0
10 -29 38 0
-10 -43 0
2 37 0
4 -17 0
-14 40 0
30 38 0
-31 35 0
-1 32 0
-4 -8 0
6 22 0
2 -3 -17 0
7 16 -36 0
16 38 0
-20 22 40 0
-26 38 0
-5 -35 0
-6 -12 0
15 17 0
4 10 -21 0
15 38 0
10 -27 0
-1 19 0
-2 34 0
22 34 0
16 -42 0
-7 -8 0
32 37 0
-6 27 0
18 -33 0
13 -29 0
12 27 -33 0
-8 -26 -40 0
-14 -27 0
-8 -36 0
18 -30 0
-10 23 0
