p cnf 92 375
35 51 -63 0
-12 13 -26 0
18 -29 -90 0
-2 71 -92 0
-4 -10 -52 0
15 -41 -84 0
51 62 -88 0
-35 -45 56 0
-6 -19 80 0
27 -77 0
21 -75 -92 0
18 -19 65 0
-11 62 -88 0
1 -24 0
25 -92 0
-45 81 0
48 -86 0
17 -52 -56 0
55 -60 -67 0
14 -73 75 0
68 74 -83 0
42 -73 0
-3 -7 -87 0
-52 73 0
9 15 -47 0
45 70 83 0
-20 -25 84 0
59 88 0
12 -55 -63 0
-30 -32 -54 0
-17 31 -63 0
53 56 60 0
33 -65 0
13 18 -45 0
-4 11 -31 0
-6 -38 -44 0
-38 53 75 0
-74 76 82 0
-16 67 0
25 60 83 0
21 -28 -80 0
3 33 87 0
-1 2 15 0
-18 -37 -63 0
-14 -26 80 0
48 77 -90 0
-11 -21 67 0
-4 -52 61 0
8 10 64 0
-1 13 89 0
-3 -10 -29 0
-25 80 -89 0
-1 13 -54 0
17 50 -71 0
53 -54 -61 0
10 -51 66 0
20 65 74 0
-15 -36 -83 0
-20 23 -79 0
-46 59 -64 0
-4 84 -88 0
42 73 0
-3 -72 78 0
11 -27 -50 0
-45 46 -89 0
27 -44 62 0
38 65 0
-6 -11 69 0
26 48 -70 0
14 62 -90 0
-12 48 -92 0
-2 58 69 0
-42 -66 87 0
12 -36 -63 0
-25 -46 -74 0
-34 -88 -89 0
-6 -47 -53 0
51 -56 -60 0
-64 71 -83 0
-1 23 25 0
31 -41 -66 0
-45 -85 -89 0
-31 -58 0
-6 -7 25 0
31 51 81 0
2 16 67 0
-60 77 89 0
-15 36 72 0
20 24 -50 0
-42 -67 86 0
-53 76 -82 0
-27 74 -77 0
10 -17 65 0
20 -35 -58 0
-16 46 -70 0
28 76 -77 0
19 34 -88 0
3 80 0
3 -9 -42 0
-25 32 72 0
-33 -86 0
8 35 81 0
-55 84 0
-4 -35 -43 0
37 -67 -82 0
-37 42 75 0
31 -74 -90 0
-62 69 -81 0
-5 18 59 0
4 -7 91 0
33 68 -80 0
14 62 91 0
22 73 -85 0
6 12 -32 0
-23 -44 -91 0
24 -35 42 0
-33 -81 0
22 -42 -51 0
-15 34 -42 0
-1 61 -78 0
8 -26 -45 0
9 37 -58 0
-6 63 -80 0
-2 15 -75 0
75 83 90 0
41 -65 91 0
5 -26 35 0
-29 -42 88 0
-1 10 -79 0
-11 -45 69 0
-9 37 -65 0
22 52 67 0
30 -43 84 0
27 -63 0
-7 -60 -76 0
-18 24 37 0
6 -61 -76 0
-37 55 -78 0
46 -59 75 0
-29 63 78 0
26 -53 -65 0
-6 -35 52 0
2 -19 -74 0
31 38 48 0
45 61 88 0
9 24 87 0
59 -63 77 0
3 75 -84 0
-4 -74 -78 0
10 87 -92 0
5 27 91 0
-6 62 -89 0
-9 -41 71 0
-39 -72 76 0
49 -65 0
3 -9 -73 0
24 -29 51 0
10 -40 -80 0
6 11 45 0
-6 -36 84 0
-11 50 71 0
3 25 31 0
14 38 -85 0
-11 -25 48 0
-34 49 -55 0
-4 -11 33 0
-32 -51 -85 0
34 38 92 0
35 -62 82 0
-16 -68 0
10 20 71 0
-7 -28 58 0
51 -55 91 0
-32 -37 -43 0
-22 45 72 0
35 45 -71 0
23 43 -84 0
-9 41 -87 0
-6 -32 35 0
18 42 -55 0
-52 -77 -83 0
33 55 64 0
-36 77 89 0
22 -44 86 0
-36 -59 -70 0
-6 38 39 0
-23 -42 75 0
-5 38 52 0
35 -41 62 0
-4 22 -34 0
-3 54 -76 0
-33 51 68 0
24 -29 -52 0
44 55 0
16 -78 -91 0
10 66 -85 0
5 59 88 0
-23 -54 -72 0
12 -52 -87 0
-48 64 0
-43 -46 60 0
-10 77 86 0
-20 57 -87 0
51 70 -88 0
-15 -55 67 0
9 -42 51 0
-24 56 0
28 37 -76 0
27 33 86 0
-9 -57 86 0
45 -66 -78 0
9 -72 88 0
1 -23 29 0
-44 80 86 0
-1 14 -44 0
19 -38 -89 0
21 23 52 0
-62 -92 0
14 62 78 0
19 20 -69 0
15 64 80 0
26 31 -43 0
36 -45 -58 0
-5 24 -77 0
26 -44 -89 0
-22 31 46 0
-14 -70 79 0
11 27 35 0
38 50 52 0
-15 -31 -46 0
1 -32 -42 0
-30 -44 59 0
-56 69 82 0
-27 -52 -65 0
-33 76 85 0
1 -7 -36 0
-45 82 -90 0
19 34 -60 0
-6 37 81 0
22 32 45 0
77 79 -84 0
-3 63 90 0
6 -14 42 0
7 85 0
-13 -27 -69 0
-4 -38 -65 0
1 27 -79 0
-6 31 -53 0
-33 -53 -84 0
-31 -39 80 0
-6 7 -8 0
-32 45 74 0
33 -63 67 0
-39 58 -89 0
-11 24 -85 0
16 -41 44 0
-27 59 -63 0
-45 49 55 0
59 -70 0
6 78 0
-68 87 0
-9 -64 73 0
-14 -15 46 0
2 -54 -74 0
20 47 67 0
-35 -69 -81 0
-16 -48 -49 0
-48 83 0
11 -73 -83 0
66 83 -89 0
-1 -90 0
32 -46 -75 0
-19 76 80 0
-53 63 -84 0
-9 36 65 0
-25 27 85 0
45 -69 -81 0
12 -28 62 0
-8 36 -82 0
-44 47 -80 0
-2 26 58 0
72 81 -89 0
14 -22 -39 0
-3 50 -82 0
-15 37 -70 0
-6 10 -17 0
-6 42 83 0
-53 79 80 0
-7 -11 31 0
-11 -37 -83 0
-13 -38 86 0
-9 18 48 0
4 42 -87 0
-39 -70 -89 0
26 -47 -69 0
-21 -32 85 0
-5 68 -91 0
33 -51 64 0
-14 24 29 0
54 -59 -85 0
-7 -49 58 0
-4 -85 0
40 -51 73 0
1 -22 30 0
-7 9 12 0
-13 -47 -91 0
-20 22 86 0
-7 30 -50 0
22 65 90 0
18 -29 -69 0
-23 -32 87 0
47 -49 -76 0
-1 54 86 0
10 42 52 0
-30 -57 -68 0
7 65 -91 0
9 42 -79 0
18 -61 -86 0
48 -61 -69 0
43 53 -81 0
18 30 61 0
-16 -46 92 0
35 51 75 0
7 -75 0
-29 33 60 0
-37 38 0
-39 42 -87 0
48 -67 -88 0
-38 50 -64 0
2 42 84 0
-7 -26 -33 0
22 32 -90 0
15 -27 -91 0
6 17 25 0
20 -77 79 0
52 72 -86 0
-5 -77 78 0
5 -13 0
-23 -76 -81 0
-23 50 80 0
-6 -22 34 0
-12 29 -91 0
6 -54 -90 0
-10 -14 83 0
19 29 -31 0
26 -57 67 0
9 49 60 0
-65 76 79 0
-9 90 92 0
-2 -54 82 0
-69 79 -84 0
-28 46 92 0
-33 88 92 0
34 40 83 0
44 -67 86 0
-36 -39 -89 0
-1 23 -82 0
-45 -53 -64 0
-11 47 -58 0
9 29 77 0
12 -43 0
-15 62 -89 0
-9 -42 -64 0
-15 -73 0
-21 -40 0
13 -40 70 0
14 -35 75 0
28 64 -89 0
9 -40 61 0
-60 -62 92 0
5 79 83 0
-30 40 -81 0
-9 -27 -85 0
58 -68 -86 0
-51 -77 0
