p cnf 89 326
-10 72 89 0
-33 43 -59 0
-32 78 0
-1 -22 80 0
-26 -73 -76 0
19 28 61 0
-17 -63 86 0
14 16 68 0
-18 35 -69 0
61 -72 -79 0
-43 -46 -48 0
-9 72 84 0
-9 75 -86 0
-42 -83 -85 0
-45 73 0
-61 66 -86 0
58 77 -87 0
-1 -29 53 0
1 -2 -24 0
1 36 84 0
20 -29 0
-36 37 83 0
-5 -55 56 0
47 48 -70 0
-1 41 53 0
6 30 69 0
-6 75 85 0
-15 -67 88 0
-10 45 87 0
31 67 -70 0
-49 60 -61 0
11 69 0
3 43 65 0
-5 -48 88 0
-26 32 86 0
-63 -74 -79 0
-18 -39 -77 0
23 -39 -42 0
-54 72 81 0
-34 -37 -75 0
49 53 59 0
38 71 -72 0
4 -6 0
-12 37 -45 0
20 -38 0
-5 51 -73 0
-2 49 59 0
16 -51 68 0
37 40 0
39 60 0
28 64 0
-22 -70 89 0
-8 -51 85 0
-10 -29 30 0
61 -72 77 0
9 -41 -68 0
4 60 -79 0
-4 -11 32 0
13 53 0
-26 57 0
-43 46 60 0
-5 -70 -80 0
-18 46 -77 0
7 59 76 0
62 63 64 0
48 53 63 0
-1 4 35 0
-3 38 -69 0
47 85 -89 0
-1 64 -80 0
-9 -65 -88 0
-20 -71 -85 0
50 61 64 0
82 84 0
2 -18 -37 0
-10 64 -80 0
-18 38 41 0
34 -37 85 0
-29 35 -66 0
-5 -58 -64 0
22 66 -84 0
-29 73 85 0
67 -70 88 0
6 50 88 0
42 54 -88 0
-45 55 60 0
4 -36 -86 0
4 -43 -53 0
16 42 -60 0
5 78 0
7 9 37 0
-24 -39 55 0
27 -29 38 0
17 -34 53 0
8 51 -85 0
-17 41 0
-7 64 0
20 78 -85 0
-4 14 -17 0
49 -78 -87 0
23 -47 -89 0
-14 18 43 0
-26 29 -32 0
-3 58 -80 0
50 -72 -85 0
-40 -45 60 0
-65 -73 76 0
-16 59 63 0
48 81 86 0
28 52 53 0
-13 45 69 0
5 13 41 0
2 -60 0
-5 -19 -54 0
-31 44 -52 0
-1 -39 0
-21 75 83 0
24 31 -52 0
64 -75 0
-9 39 64 0
-67 79 89 0
-62 -71 0
27 -37 -53 0
-4 22 0
2 -10 -63 0
-26 54 -64 0
37 66 71 0
10 -34 -70 0
58 -75 83 0
4 13 82 0
9 -28 47 0
48 74 79 0
-53 -72 0
30 -36 -85 0
36 44 46 0
-56 -69 78 0
6 -48 -68 0
4 34 -37 0
-19 47 53 0
4 42 54 0
35 -67 81 0
-11 28 -85 0
40 -72 76 0
5 56 0
19 -43 81 0
-27 -86 0
-15 -26 81 0
25 67 88 0
24 70 -71 0
20 -57 72 0
9 28 72 0
19 -34 83 0
-21 -32 0
33 -78 0
-9 84 86 0
13 -61 65 0
12 40 -54 0
30 -71 80 0
10 -18 -54 0
-23 29 74 0
-15 36 73 0
-72 76 -81 0
-30 74 84 0
20 42 0
-42 46 -54 0
-9 14 -35 0
54 74 -75 0
50 -56 -62 0
-20 -61 -66 0
-33 -50 51 0
-13 48 -53 0
12 40 70 0
71 84 -85 0
56 78 -85 0
-26 51 0
-31 73 0
37 46 -85 0
27 -66 -83 0
4 -35 -57 0
-48 -55 68 0
2 -56 74 0
-32 88 0
1 4 -24 0
59 70 0
-43 66 0
-33 -36 -43 0
6 -49 66 0
-12 -42 -50 0
23 33 71 0
1 -2 -44 0
-4 9 -25 0
-71 -73 -89 0
-24 59 62 0
-11 -18 77 0
6 -20 -52 0
15 -49 -84 0
-37 -54 -69 0
-28 69 81 0
-35 51 -55 0
-34 85 0
5 14 69 0
-62 81 0
40 68 78 0
46 -58 -71 0
-6 -48 -65 0
-14 75 0
28 -39 -42 0
-31 46 0
-15 20 -33 0
-29 -41 -84 0
-24 38 62 0
-22 -66 81 0
36 -48 -49 0
-45 -56 85 0
-23 27 -88 0
40 62 87 0
36 -52 67 0
-19 41 -49 0
-4 35 60 0
28 -29 82 0
21 -64 80 0
-1 40 70 0
19 40 -70 0
40 -82 84 0
-20 41 70 0
15 -51 -66 0
-16 -76 81 0
74 77 -80 0
34 -36 74 0
1 46 81 0
23 -34 -51 0
-8 26 -31 0
-9 -19 60 0
46 -81 82 0
-29 -46 82 0
19 -39 75 0
-5 -27 49 0
-18 -37 81 0
1 3 52 0
-16 -38 76 0
-40 72 77 0
31 89 0
4 -45 -78 0
9 36 57 0
-5 -53 -84 0
-47 -61 69 0
-35 -42 60 0
51 52 65 0
-7 22 0
-15 -73 0
-25 66 88 0
-2 15 -18 0
48 -54 -87 0
20 -67 -89 0
-15 -22 32 0
-12 -57 0
17 -67 -85 0
45 -58 69 0
37 55 -88 0
-7 -14 -39 0
4 62 79 0
12 43 -64 0
-12 -80 0
-26 -54 75 0
24 65 0
-3 7 -33 0
-71 -84 -87 0
-17 -51 64 0
49 74 84 0
-1 -16 60 0
41 45 -70 0
-9 40 66 0
-40 -73 74 0
45 61 -79 0
36 -75 -77 0
-7 13 71 0
-6 -22 0
-23 24 48 0
43 63 0
-4 9 64 0
12 -34 -61 0
3 38 0
-12 -14 -76 0
-24 -77 -84 0
-12 -84 86 0
-22 -23 41 0
9 -14 67 0
-38 51 59 0
-19 46 0
24 53 59 0
10 43 53 0
-22 -37 -82 0
35 47 59 0
-79 -83 0
6 18 -48 0
37 49 56 0
-36 -78 83 0
-9 36 51 0
4 50 80 0
-17 45 0
16 -17 46 0
8 12 80 0
50 60 -78 0
4 -73 0
-2 -49 55 0
49 -51 79 0
-2 13 -35 0
51 -66 84 0
32 -61 0
5 -68 -72 0
-42 43 -70 0
19 26 -51 0
26 -49 0
-2 -68 -71 0
-23 48 -68 0
19 -32 57 0
4 -50 0
22 82 0
-24 31 -35 0
-65 70 -73 0
24 -26 -81 0
-7 41 62 0
55 81 88 0
12 60 0
37 -44 69 0
18 26 46 0
