p cnf 50 129
-1 13 0
-6 -46 0
5 -29 -49 0
-10 41 0
35 -41 0
-38 -48 0
3 -30 37 0
-2 16 0
-8 12 0
-26 41 0
6 -10 15 0
22 32 0
6 -16 -30 0
-4 -28 -31 0
30 45 0
44 46 0
9 17 -49 0
18 -40 0
8 15 0
-3 -35 0
3 9 0
-19 -45 0
4 -8 -42 0
-38 45 0
18 -34 0
-39 41 0
2 34 0
-18 -48 0
-14 30 45 0
8 35 0
-17 -40 0
6 15 0
2 14 0
-13 -20 33 0
20 44 0
1 -21 41 0
6 -34 0
35 36 0
13 28 38 0
-8 14 -41 0
-5 -30 -47 0
-45 -50 0
-16 41 -43 0
6 11 0
-15 22 -40 0
-32 34 0
-2 15 19 0
8 14 0
25 -27 29 0
-15 -36 0
-42 46 0
-14 -20 40 0
-29 46 0
-10 31 34 0
-10 -16 44 0
-19 26 0
30 -47 0
-2 3 0
7 -18 0
7 -31 0
-3 -25 0
-19 -32 0
-6 -15 -45 0
-16 -38 0
32 -47 0
3 8 29 0
-14 44 -50 0
-10 -17 23 0
26 43 0
-11 26 0
24 -26 0
-13 30 38 0
25 48 0
3 -5 0
-3 -26 45 0
8 -18 -42 0
-24 36 49 0
1 -39 0
-35 -36 37 0
2 -13 18 0
5 -6 12 0
9 -42 43 0
20 -49 0
20 30 38 0
28 34 0
6 -22 -25 0
14 -31 44 0
-13 -48 0
28 -40 0
34 -37 -46 0
-4 -47 0
-14 15 -21 0
-1 -29 41 0
-31 -40 0
-6 49 0
-10 -28 0
-33 -36 0
-18 32 -39 0
-11 24 0
43 -44 0
-11 -17 0
-9 34 0
-3 42 0
-36 -50 0
-25 43 0
-13 -32 0
36 38 -47 0
15 -26 0
-10 23 44 0
-1 -41 -48 0
-12 -45 0
-27 -41 -47 0
35 41 0
-7 10 -21 0
-24 48 0
-33 -50 0
21 -27 -50 0
-4 -32 34 0
48 49 0
-40 -42 0
-26 32 -44 0
12 -33 0
-19 -22 0
15 48 0
25 35 0
-3 34 0
15 35 0
8 9 0
-41 -48 0
