p cnf 88 320
-39 88 0
35 60 -78 0
-33 43 80 0
-26 41 -76 0
7 -64 75 0
38 48 61 0
-17 -69 0
34 -65 71 0
-12 60 -84 0
-15 45 -77 0
-30 -52 65 0
22 -32 0
-52 -68 87 0
20 51 68 0
8 -48 -82 0
-32 -53 -78 0
45 55 -59 0
-24 -60 -78 0
-1 -12 86 0
43 77 -79 0
34 -52 -80 0
-1 -13 53 0
17 -30 -50 0
-26 -31 55 0
-43 -49 0
58 -63 73 0
7 -49 51 0
40 -42 -44 0
7 18 85 0
-10 23 -55 0
24 26 43 0
32 42 -47 0
-29 56 -58 0
25 82 0
-8 43 88 0
-26 28 78 0
25 60 83 0
-60 -76 -81 0
30 50 74 0
15 28 53 0
11 -44 -65 0
-15 51 -83 0
-4 8 0
-23 86 0
65 73 88 0
35 38 -84 0
-3 5 12 0
5 10 -37 0
18 56 -76 0
-45 -59 81 0
7 18 0
-12 -79 -82 0
-38 55 -71 0
-20 -38 80 0
-14 -33 35 0
-28 -50 84 0
25 82 0
38 75 83 0
-32 36 67 0
34 -54 85 0
-34 71 -84 0
-19 -20 -62 0
-47 -50 52 0
62 66 -74 0
19 -28 73 0
65 73 79 0
-3 38 -84 0
-23 -50 72 0
-6 -18 -24 0
-30 -46 0
-31 34 81 0
17 63 0
-36 -76 0
-27 35 -44 0
41 88 0
42 68 0
-14 39 64 0
22 25 82 0
-2 -74 0
-19 64 66 0
72 -77 0
-13 23 64 0
-54 63 79 0
-34 70 0
-9 12 0
-42 -64 79 0
12 35 68 0
-60 64 0
-16 -69 0
17 31 81 0
17 44 81 0
-6 22 -67 0
-8 25 59 0
-11 -12 34 0
-36 -61 -64 0
11 -53 -83 0
-16 18 0
5 15 -48 0
46 -73 -84 0
-16 -39 -52 0
-4 77 85 0
-6 -82 83 0
-45 67 -74 0
4 -5 61 0
-26 -49 -57 0
8 12 -81 0
5 -34 75 0
-24 -35 -44 0
1 -12 15 0
-1 -5 22 0
52 72 76 0
40 -78 85 0
32 36 -88 0
3 -20 28 0
-8 31 0
-2 63 81 0
-43 -57 -64 0
-2 59 78 0
18 25 -30 0
1 -55 0
15 23 -76 0
-47 -54 69 0
-13 -22 25 0
-6 42 76 0
-20 -25 -73 0
35 58 88 0
-46 54 -81 0
11 -56 62 0
22 30 67 0
-17 -23 79 0
12 -33 -60 0
-22 -64 68 0
31 33 -52 0
3 76 -82 0
-36 56 -59 0
-14 -34 84 0
-1 -17 82 0
12 -14 22 0
-6 -81 -87 0
7 30 -87 0
12 -17 30 0
9 -53 0
-15 54 -79 0
1 35 -56 0
19 -36 56 0
-1 -8 71 0
-46 62 -68 0
-39 65 -67 0
13 -37 57 0
10 -40 -70 0
28 60 74 0
-30 -43 45 0
-11 22 -64 0
24 36 86 0
30 -40 51 0
17 -56 80 0
41 -47 0
20 78 -86 0
6 -28 0
52 -78 84 0
-19 41 60 0
-65 84 -88 0
-21 26 0
8 -39 -55 0
-16 54 72 0
8 -44 -54 0
-1 47 -87 0
4 -48 66 0
-13 -25 -50 0
51 54 88 0
48 59 -88 0
-34 73 78 0
34 -40 -61 0
-4 22 34 0
10 30 -83 0
-2 50 -73 0
1 35 38 0
-26 -48 -77 0
-16 20 37 0
-6 26 -55 0
-1 23 33 0
29 -65 83 0
-15 57 -67 0
-34 86 0
-24 56 0
16 -70 78 0
-10 -45 70 0
43 53 -79 0
48 -82 -87 0
-8 28 55 0
38 -59 85 0
-25 60 0
49 84 86 0
-38 42 75 0
-10 42 86 0
-9 37 -56 0
17 -31 0
6 -56 83 0
-6 -35 44 0
6 22 86 0
-10 -42 -73 0
39 56 87 0
-19 -55 -83 0
22 -30 -44 0
-5 86 0
-50 -83 0
44 -53 60 0
5 57 -78 0
14 30 49 0
1 -65 87 0
-1 11 -88 0
-3 -44 -64 0
-8 -12 0
49 51 -52 0
27 -62 0
37 -61 0
-53 -77 0
-30 66 78 0
31 44 -57 0
-22 45 77 0
-2 -21 50 0
-22 44 81 0
3 7 49 0
39 -55 -58 0
5 71 -84 0
9 -44 -53 0
35 45 0
-10 17 32 0
15 -67 0
-9 -10 41 0
-11 -30 -45 0
-14 37 67 0
67 -69 76 0
16 41 0
65 -69 -82 0
25 -57 73 0
-41 48 64 0
-18 27 -55 0
-12 -44 -61 0
-28 63 88 0
13 -35 0
31 32 -42 0
13 -56 60 0
42 81 -83 0
37 -66 -71 0
1 22 -36 0
-46 -84 88 0
-5 -20 -66 0
-7 -11 -87 0
19 22 -82 0
2 -33 45 0
-9 -36 0
-24 26 80 0
13 52 53 0
25 -81 0
-36 -47 0
-8 42 -68 0
-23 52 53 0
45 78 84 0
-4 12 -81 0
41 -51 -74 0
-45 -48 -72 0
9 35 -42 0
-73 -78 -80 0
17 -52 64 0
20 46 -49 0
55 75 0
-14 -42 -51 0
-16 28 65 0
-51 -88 0
52 -63 86 0
-24 -76 81 0
-39 75 85 0
-44 -48 65 0
23 -27 30 0
-39 77 -80 0
-3 -24 62 0
5 -20 53 0
-42 61 70 0
39 60 0
-9 -25 80 0
-37 -40 43 0
23 -27 -80 0
32 -38 -54 0
37 -75 -77 0
-73 84 -87 0
14 88 0
-16 -35 0
5 11 48 0
-21 -76 86 0
-6 -15 -71 0
15 52 65 0
-5 -57 84 0
31 -32 -86 0
57 77 0
13 -37 65 0
5 78 0
-17 46 -57 0
26 -27 42 0
-8 -25 -29 0
7 -24 0
-14 22 27 0
-47 64 0
-3 -12 -58 0
19 28 0
8 -18 -22 0
-31 -86 0
-30 -49 -55 0
54 -60 -77 0
2 -63 76 0
-10 -29 -50 0
-5 10 -58 0
13 -32 -60 0
11 -49 -74 0
17 22 -78 0
4 -51 62 0
38 60 74 0
-25 61 72 0
12 17 40 0
52 -74 -83 0
