p cnf 92 348
-11 -22 -69 0
21 63 82 0
-2 30 41 0
24 -37 44 0
33 -34 -56 0
-2 -64 -66 0
-37 -79 0
-6 -66 -72 0
-38 -62 0
-4 71 91 0
-59 -85 88 0
-7 -35 67 0
-25 30 51 0
-4 47 88 0
41 -58 79 0
9 59 0
-28 -45 73 0
-6 14 -24 0
11 -15 -55 0
4 15 -64 0
23 43 89 0
-13 37 -82 0
66 77 -86 0
36 -51 64 0
18 -57 -84 0
-22 -37 61 0
53 -83 91 0
-15 -55 -70 0
21 -43 45 0
-21 -49 65 0
79 91 0
19 23 64 0
-4 -60 86 0
-4 17 54 0
-38 -78 0
12 60 -67 0
-64 -84 86 0
36 50 -65 0
6 58 -80 0
-60 62 -77 0
23 24 -53 0
18 58 73 0
-15 45 0
-14 -90 0
-20 84 92 0
39 80 -87 0
-44 -60 -63 0
-2 -4 -66 0
-10 27 79 0
-29 41 -88 0
-8 50 68 0
14 52 80 0
19 65 68 0
-48 69 70 0
-6 29 -60 0
-37 69 88 0
24 -37 -61 0
40 59 -75 0
51 -80 0
34 -38 -78 0
35 43 59 0
-9 29 46 0
-24 27 46 0
-40 -51 66 0
-24 34 83 0
-64 -76 77 0
28 -39 -49 0
16 -62 -63 0
-24 72 0
-28 60 87 0
-58 -83 -84 0
37 -61 -84 0
-40 -45 89 0
-55 -84 0
13 -45 -74 0
-4 -25 53 0
28 67 -72 0
9 -51 72 0
-3 -16 29 0
-5 29 -88 0
24 -52 -75 0
35 -41 85 0
-9 46 0
-21 -22 47 0
-4 25 52 0
48 59 63 0
25 41 80 0
-31 59 76 0
-37 -40 -63 0
-7 56 -85 0
-28 66 78 0
-6 7 55 0
-5 17 0
25 68 -76 0
-32 -45 68 0
20 45 52 0
13 64 -66 0
26 60 -77 0
26 34 0
-7 -40 80 0
-37 -61 85 0
8 49 -59 0
-1 -12 -33 0
24 27 -41 0
-2 -83 0
7 -22 40 0
-33 39 -48 0
-36 -49 -64 0
36 83 -85 0
45 -70 0
29 -40 0
6 52 69 0
51 75 91 0
24 -59 62 0
-47 -79 -85 0
56 -63 -75 0
52 -75 82 0
-16 -61 74 0
-22 46 0
-10 -14 -73 0
59 -65 0
67 78 -92 0
-57 -71 0
-13 -19 69 0
17 -23 73 0
-44 52 89 0
-12 13 44 0
24 48 -52 0
10 54 81 0
29 69 -76 0
-20 -62 -91 0
-10 14 29 0
13 20 0
-9 -33 63 0
-6 60 85 0
-15 62 71 0
-22 -75 0
-19 56 83 0
-17 41 45 0
18 52 73 0
-7 -10 69 0
-21 76 0
-32 35 -42 0
19 20 33 0
12 61 88 0
-14 41 -49 0
2 -21 -70 0
29 -41 -64 0
-13 -42 44 0
-35 59 61 0
-27 -40 55 0
15 -50 -63 0
-71 -84 85 0
3 -20 -63 0
-5 -49 -82 0
-11 65 -73 0
13 15 54 0
-6 15 0
-16 32 43 0
-20 46 52 0
-41 45 79 0
19 -34 -87 0
25 74 -85 0
45 54 71 0
36 41 0
39 81 88 0
-13 64 -71 0
-47 90 92 0
68 82 86 0
-48 63 83 0
26 -54 76 0
14 28 -68 0
-18 21 55 0
-8 31 81 0
26 -39 0
-3 73 -75 0
-13 58 -60 0
3 28 -59 0
-8 -16 -19 0
9 -24 -87 0
17 -41 0
9 -43 56 0
-46 56 68 0
5 54 0
-67 69 78 0
-37 -80 86 0
8 22 80 0
-28 30 -72 0
-18 38 90 0
24 -58 66 0
59 66 -83 0
-11 47 -60 0
-14 80 -85 0
-53 77 -78 0
26 -42 -49 0
14 -23 58 0
-2 47 -48 0
-32 48 61 0
-5 52 -63 0
31 41 -81 0
-19 28 0
-10 -67 88 0
-4 21 -35 0
-69 -73 76 0
-45 75 0
20 -32 85 0
41 -57 0
6 -29 -87 0
-8 19 32 0
-2 -21 -67 0
-9 -59 0
46 -52 90 0
76 -88 92 0
32 -50 66 0
29 49 -87 0
14 55 79 0
13 -71 -87 0
-13 22 -74 0
4 -29 49 0
-23 -24 36 0
-27 -51 -91 0
-5 -39 0
39 -42 -72 0
-2 43 -47 0
-61 67 -81 0
-66 -89 0
22 63 65 0
40 -43 -56 0
-5 -53 -85 0
4 35 38 0
-7 31 89 0
72 -78 -80 0
-23 62 88 0
-32 37 91 0
11 14 -17 0
-12 -56 0
-46 -70 -71 0
28 30 67 0
2 -10 39 0
-32 -52 -64 0
8 -22 54 0
-11 54 72 0
14 22 38 0
-18 -75 -92 0
14 32 42 0
-35 -52 0
-6 -31 86 0
11 -27 -89 0
4 -8 50 0
-19 30 -48 0
-11 64 72 0
43 64 82 0
-25 45 85 0
-5 -61 -88 0
-45 46 0
-27 51 78 0
12 -32 87 0
2 15 63 0
-13 21 67 0
3 8 55 0
3 20 -49 0
-10 40 50 0
-31 -55 -65 0
-8 62 -81 0
19 -38 -40 0
-1 -71 -78 0
-11 -20 56 0
-6 14 -81 0
46 -57 87 0
11 23 -45 0
-31 53 -80 0
18 38 -67 0
77 -79 -86 0
4 -27 35 0
56 62 72 0
-38 78 -88 0
-38 76 -79 0
39 -63 88 0
54 65 -81 0
-16 59 -64 0
8 -15 -61 0
3 82 -91 0
-31 -46 68 0
-2 58 -91 0
-3 -26 -92 0
-10 -33 61 0
-1 -25 -77 0
-5 27 -83 0
42 64 65 0
-25 29 55 0
63 68 -88 0
4 57 -79 0
-22 -38 -92 0
31 52 59 0
22 -65 -82 0
-11 -88 0
-33 35 -40 0
-7 -42 -81 0
-25 27 -78 0
-40 52 65 0
18 45 -90 0
3 18 -57 0
25 -26 74 0
-54 83 0
-64 72 82 0
-45 -46 -79 0
-26 -48 77 0
-13 41 -92 0
-16 57 72 0
-24 27 54 0
-54 67 -76 0
-17 27 -68 0
-16 -43 -61 0
-9 53 -60 0
42 61 -83 0
19 -20 0
32 -64 72 0
-11 16 -67 0
13 32 60 0
30 -41 88 0
10 -19 46 0
23 43 92 0
20 -74 78 0
-9 52 73 0
31 -35 64 0
6 -30 81 0
28 52 -73 0
20 -55 -85 0
-3 -21 31 0
-7 54 0
-15 -29 -69 0
25 -28 -42 0
-4 8 0
-29 -66 74 0
-1 -13 -57 0
-14 -47 -82 0
-31 -32 68 0
6 9 -20 0
-15 54 57 0
-33 69 -83 0
1 -35 -40 0
-8 -39 62 0
14 71 78 0
-49 -63 75 0
-24 -48 -71 0
43 -50 -78 0
-2 -19 22 0
20 70 0
