p cnf 88 331
11 -15 -40 0
-14 48 67 0
1 22 84 0
-4 -13 -75 0
25 -49 -68 0
-5 85 0
-28 -64 0
-36 -64 73 0
-51 -68 0
14 21 69 0
28 40 -75 0
-59 74 88 0
62 -80 0
-21 28 -30 0
-13 -82 0
4 36 -56 0
-8 67 70 0
-7 8 0
1 -21 71 0
10 23 -47 0
-13 -50 -88 0
16 -82 84 0
43 65 -83 0
27 -78 81 0
8 88 0
-22 -52 -56 0
30 -42 -62 0
-24 -25 75 0
-30 33 0
20 -27 55 0
-56 -57 83 0
-29 40 0
49 -82 0
-9 -11 -24 0
19 -21 -32 0
-9 -66 -83 0
8 -64 -68 0
8 33 -73 0
-3 26 41 0
-38 44 46 0
-6 21 38 0
10 67 0
-33 37 -63 0
-25 -29 -67 0
-13 48 0
-43 -47 79 0
-5 39 -53 0
-22 -61 -64 0
10 14 -79 0
15 -36 -52 0
32 76 -88 0
-2 -21 -44 0
4 -7 29 0
45 81 -88 0
-17 30 65 0
32 -48 -59 0
-6 -24 37 0
-23 -46 58 0
-23 -30 54 0
12 -78 84 0
-15 -35 -53 0
29 41 53 0
-29 -33 75 0
-25 -42 71 0
-3 -32 0
-27 52 67 0
13 -40 -52 0
-18 48 -56 0
48 -69 84 0
43 71 80 0
2 -72 82 0
-34 -52 82 0
49 54 88 0
-54 67 0
24 -42 80 0
5 52 -86 0
3 -18 82 0
49 55 -66 0
31 55 -58 0
15 38 77 0
47 50 70 0
-28 -38 0
-49 -65 -74 0
-6 -46 0
47 -53 0
42 -44 0
-12 38 -40 0
4 55 -80 0
-13 -21 -62 0
-8 -21 29 0
-6 -17 -53 0
-24 -31 -76 0
-13 25 66 0
30 -74 -75 0
47 -52 -66 0
-52 75 -81 0
-41 50 -64 0
-15 72 84 0
36 -42 -50 0
11 -28 -42 0
-8 49 -62 0
-12 30 -69 0
12 32 58 0
31 -46 -74 0
3 69 0
-4 19 74 0
52 -74 88 0
26 -32 -72 0
-6 -87 0
9 -74 -80 0
32 41 0
-8 -77 -81 0
51 66 -78 0
-6 -40 -75 0
-4 35 -83 0
-68 70 -77 0
17 34 82 0
-20 -47 -50 0
22 -50 -84 0
-24 -56 84 0
-24 40 0
-60 63 -84 0
-5 -28 37 0
10 -58 -65 0
-24 -29 -34 0
-42 -64 83 0
-7 -50 0
-19 57 0
-16 -85 86 0
29 59 78 0
8 -21 -82 0
15 -35 54 0
-32 43 -63 0
-6 33 65 0
37 -64 -67 0
-46 -58 60 0
7 22 -81 0
20 -26 39 0
-13 70 80 0
51 56 77 0
-44 62 0
10 65 0
-67 70 71 0
-39 -56 67 0
30 -71 -75 0
-6 -87 -88 0
-8 -22 -59 0
-42 68 -73 0
12 20 0
-64 68 0
-13 58 64 0
-58 73 -74 0
-25 -31 73 0
25 -54 68 0
17 -20 -28 0
27 -40 55 0
-13 16 -77 0
-1 -40 52 0
9 13 40 0
-15 62 0
-33 -56 -84 0
-22 81 0
18 21 -37 0
34 70 74 0
-20 26 82 0
23 -38 39 0
-9 -58 82 0
-30 32 52 0
23 -29 0
46 71 -72 0
15 -32 66 0
-38 -84 -88 0
-51 -53 -66 0
-17 -41 -81 0
-5 -46 -65 0
29 -43 -49 0
28 -35 0
-30 68 0
2 -64 -87 0
8 38 -67 0
49 50 -86 0
43 -57 65 0
-20 -50 84 0
10 75 -76 0
19 -20 -59 0
23 64 77 0
-25 -68 0
32 50 -72 0
-30 32 -41 0
-9 -43 63 0
-19 -51 59 0
-30 -38 -82 0
-41 71 72 0
-6 -75 0
-13 40 -74 0
42 -66 87 0
12 21 62 0
38 44 62 0
26 35 -58 0
9 12 -22 0
-44 -57 86 0
-7 14 -46 0
54 64 -66 0
7 -23 71 0
-22 -62 79 0
9 10 -76 0
-13 43 -50 0
-8 15 32 0
20 -30 43 0
-3 55 -66 0
-46 -55 -57 0
17 32 -60 0
18 -52 85 0
17 -59 77 0
-21 -58 85 0
12 -33 71 0
-37 -40 52 0
-3 6 -46 0
4 -54 -62 0
22 -82 0
33 -63 0
-17 -38 66 0
-11 16 -73 0
-15 64 73 0
55 83 0
68 85 -86 0
-34 -76 0
23 -64 -88 0
12 51 63 0
-20 29 -65 0
18 22 48 0
-68 79 -81 0
-14 55 0
52 -62 83 0
-7 -18 -26 0
4 11 27 0
-9 31 0
-19 73 0
7 -48 -62 0
10 19 54 0
-3 18 63 0
-31 -75 0
-10 -35 45 0
-22 -87 0
10 25 38 0
-4 -30 -42 0
44 56 -76 0
1 -41 -88 0
14 27 -51 0
-6 -18 83 0
-63 -68 -80 0
28 -69 0
-1 -59 78 0
-21 -34 -62 0
-10 48 -74 0
2 -24 86 0
36 46 71 0
8 14 37 0
-1 80 0
6 64 73 0
-3 16 34 0
9 11 -12 0
27 -68 69 0
38 -75 -80 0
-23 88 0
-14 -58 67 0
2 45 51 0
6 61 -65 0
7 11 0
-58 -77 88 0
62 70 81 0
7 45 0
39 43 0
-3 48 0
3 -24 78 0
8 26 -57 0
10 -62 -76 0
44 55 -76 0
8 -68 0
6 -65 68 0
6 -27 47 0
30 -72 0
-8 62 -86 0
54 61 0
-2 15 -81 0
-21 69 73 0
-8 30 72 0
11 -45 78 0
22 37 46 0
15 21 -41 0
-51 -67 -70 0
-41 -68 0
6 -15 -81 0
-28 -41 -74 0
23 -24 -63 0
-16 39 0
21 -26 -66 0
-4 52 -53 0
-23 55 -65 0
55 76 88 0
-23 -45 82 0
29 73 88 0
65 73 0
7 77 -86 0
-4 60 80 0
12 28 44 0
-7 -84 0
36 -62 -81 0
-16 -29 70 0
-20 -73 87 0
-22 -49 -57 0
-54 -77 -84 0
6 20 27 0
41 62 -70 0
-15 83 0
-3 -25 79 0
-32 -38 -68 0
10 -31 -81 0
-17 69 87 0
24 39 -60 0
-2 -46 -60 0
-20 -45 62 0
-4 52 -60 0
-1 -19 49 0
9 -42 48 0
-15 41 65 0
-17 -36 -56 0
3 -62 76 0
-9 27 -42 0
-18 -34 59 0
1 35 -80 0
