p cnf 87 319
-16 -51 -81 0
-18 -27 63 0
16 -20 55 0
14 18 53 0
-30 66 0
-8 37 0
-21 -74 -86 0
18 -43 -69 0
35 43 80 0
-25 55 72 0
25 59 65 0
-2 -38 -83 0
8 74 0
10 75 0
-21 87 0
33 -42 -67 0
53 84 0
3 -46 -82 0
-47 -68 -69 0
32 34 -68 0
48 66 0
2 -78 0
9 14 -20 0
-22 27 -82 0
25 -27 -86 0
17 -36 82 0
-39 43 -66 0
-16 49 -58 0
24 64 79 0
-27 -33 -83 0
41 50 -63 0
25 -45 46 0
-57 66 -69 0
-3 -44 61 0
-7 32 -73 0
7 13 -47 0
13 62 0
-48 61 79 0
-17 25 -40 0
-37 58 0
1 41 -66 0
42 52 54 0
-11 18 61 0
37 -41 50 0
28 38 58 0
-29 65 0
-29 41 84 0
38 86 -87 0
-50 76 -77 0
-34 -45 47 0
-9 -35 -60 0
-14 -45 69 0
-15 38 0
-18 -84 0
-13 23 -78 0
-23 33 55 0
38 73 0
9 44 -48 0
-31 38 53 0
-34 75 0
11 22 -81 0
-1 -33 86 0
-5 6 84 0
18 -41 -87 0
-42 53 64 0
-10 30 -75 0
51 -65 74 0
-64 -66 0
-11 29 -43 0
-57 -67 0
23 -42 -47 0
29 52 85 0
-9 18 -33 0
40 -46 -61 0
26 -77 87 0
46 -59 0
-26 61 -81 0
-26 32 -34 0
-3 -54 -59 0
-1 25 0
24 -42 -50 0
39 44 -86 0
11 -24 -27 0
-14 33 -69 0
-12 -24 -38 0
-53 -81 0
-19 69 -87 0
-25 -43 -46 0
-30 35 -71 0
-54 76 0
26 38 0
-29 -72 -76 0
-26 -58 0
-8 -70 -78 0
-7 -52 -59 0
26 49 71 0
77 78 0
35 -62 -82 0
-49 -78 0
8 -39 0
-36 -73 83 0
39 43 -76 0
-8 -21 48 0
-6 -55 -86 0
-30 -69 -83 0
-2 -9 50 0
20 23 -69 0
-34 -44 73 0
12 64 -78 0
-3 23 -46 0
-48 68 71 0
23 47 -59 0
33 43 84 0
9 -37 59 0
-7 20 -25 0
20 31 0
43 62 0
-2 12 18 0
-21 -68 71 0
56 78 79 0
-16 53 68 0
-22 -24 50 0
35 -51 55 0
34 68 0
-22 -51 70 0
54 62 -86 0
-13 -26 36 0
10 -62 87 0
11 -37 61 0
30 -36 -67 0
3 -17 -62 0
-21 -30 -51 0
-51 65 -71 0
13 37 -56 0
-21 25 59 0
68 76 -83 0
-6 10 -16 0
-15 39 0
-66 85 0
-27 67 -84 0
46 64 -78 0
24 -52 85 0
-6 41 0
-41 50 -57 0
7 -75 -82 0
-14 -56 -87 0
15 -20 -37 0
-4 9 0
-32 -57 70 0
-3 -18 -24 0
3 68 -84 0
-26 54 76 0
50 60 70 0
-64 71 83 0
-14 30 63 0
8 34 -73 0
-11 48 -56 0
48 55 86 0
-21 -63 -82 0
31 49 -70 0
33 65 -66 0
-43 72 -84 0
12 58 78 0
46 87 0
-9 14 -16 0
70 77 -87 0
-51 56 61 0
-52 -56 -81 0
3 23 54 0
-4 -10 50 0
-46 47 -59 0
2 -87 0
1 42 76 0
-1 19 -30 0
50 51 83 0
-16 57 73 0
48 -71 0
-11 41 62 0
22 59 0
-28 73 87 0
32 81 82 0
-1 65 85 0
12 17 60 0
-40 -65 80 0
26 45 -62 0
4 29 -35 0
22 -25 80 0
-10 -47 80 0
-19 58 0
-4 18 -30 0
33 51 77 0
4 -45 73 0
3 -13 -56 0
10 -49 -65 0
8 -20 24 0
-17 -50 -51 0
14 -21 -24 0
26 -65 77 0
-2 62 83 0
10 -19 58 0
-37 51 81 0
-18 34 80 0
-12 45 76 0
-2 -9 70 0
24 -46 -71 0
58 66 -79 0
-9 -19 57 0
-2 50 68 0
64 -79 0
13 -31 -33 0
77 83 0
-24 -34 35 0
-3 -42 -81 0
49 -73 84 0
-4 30 36 0
-5 41 0
-3 -8 17 0
16 38 -61 0
-46 -62 85 0
6 16 65 0
-33 -70 82 0
-56 61 0
20 70 72 0
-15 -60 85 0
-33 -61 -81 0
73 -74 0
40 -72 0
25 35 -66 0
-5 32 -76 0
47 -52 66 0
5 -43 72 0
-35 -77 -85 0
-9 -15 -60 0
-6 16 38 0
30 69 0
11 65 84 0
12 39 -59 0
13 -81 0
-19 -32 -49 0
38 75 80 0
-10 45 66 0
-48 53 59 0
-37 40 42 0
-34 69 76 0
-21 -37 -77 0
24 -44 -56 0
-48 -52 83 0
21 -61 81 0
-18 29 45 0
-26 -66 71 0
-36 -55 -57 0
1 3 20 0
21 -31 68 0
-15 24 -74 0
-9 10 17 0
35 70 80 0
13 -78 85 0
-47 55 -84 0
8 11 -67 0
33 40 41 0
18 79 83 0
17 -42 -46 0
5 33 68 0
22 23 30 0
-50 71 -81 0
-3 -10 -61 0
-16 -65 69 0
10 -66 76 0
-8 32 55 0
35 53 -67 0
30 42 65 0
20 -26 84 0
-23 -59 82 0
11 -54 57 0
-13 47 67 0
6 -39 -72 0
-1 -72 87 0
47 -55 58 0
-82 84 -85 0
-35 -69 0
36 39 46 0
30 -69 73 0
-18 70 0
4 -35 70 0
-29 51 56 0
-14 16 46 0
17 53 57 0
-43 48 78 0
-12 -20 40 0
13 23 60 0
-30 32 66 0
6 54 0
6 63 -75 0
46 49 -58 0
-29 43 53 0
29 74 0
-4 -9 -21 0
-23 81 86 0
-16 -39 51 0
-6 -7 -36 0
10 -33 55 0
12 55 85 0
17 67 0
-15 -24 44 0
-36 -61 85 0
-10 -38 -60 0
-11 27 73 0
23 -25 68 0
5 -43 -62 0
-15 52 83 0
26 27 30 0
-5 -22 0
-23 -55 85 0
16 -30 48 0
17 25 76 0
20 46 -84 0
45 -61 64 0
6 -8 -39 0
26 34 -59 0
