p cnf 93 370
20 -31 -89 0
-1 52 64 0
6 68 -73 0
-28 71 -81 0
-26 40 -79 0
-63 -72 0
-18 -22 36 0
23 60 65 0
-3 -22 -61 0
-6 -10 -92 0
7 -32 -83 0
37 48 -56 0
39 -74 -77 0
19 41 -77 0
-21 41 -90 0
-56 57 0
-16 -64 67 0
-4 -13 15 0
38 42 -71 0
21 -31 -33 0
34 -40 -80 0
10 16 -62 0
-46 -63 0
15 41 93 0
53 -63 0
22 -61 77 0
4 -31 0
-2 -40 79 0
-12 57 -81 0
23 -52 91 0
-4 39 -40 0
-32 54 -82 0
81 -83 0
-22 -64 91 0
-17 -23 0
-13 28 -45 0
-5 66 -82 0
10 28 85 0
1 18 0
31 32 -59 0
8 -43 64 0
-25 -82 -88 0
7 76 0
4 17 -27 0
-41 -44 -57 0
45 -58 61 0
-39 69 -74 0
-1 -81 0
51 78 79 0
-30 -60 -89 0
3 8 40 0
7 -46 65 0
-4 -70 86 0
22 -79 85 0
-38 41 -91 0
5 78 79 0
6 35 -43 0
31 69 -72 0
13 -91 -93 0
-3 -87 0
53 58 -73 0
-18 58 -86 0
-21 27 74 0
-21 82 -85 0
-15 -26 -79 0
-15 -32 81 0
6 -12 -29 0
-19 -34 46 0
46 56 62 0
36 87 -91 0
23 43 70 0
-14 -39 -63 0
-11 79 92 0
12 -86 0
6 9 91 0
5 44 49 0
19 -66 -72 0
-36 -56 57 0
-21 -76 85 0
3 8 0
-29 -56 -66 0
-31 69 -86 0
72 76 -88 0
7 -20 -64 0
-28 50 53 0
-20 29 82 0
-5 -71 85 0
32 -37 -46 0
55 -71 84 0
-12 -65 83 0
-14 79 83 0
16 -46 75 0
-10 -42 55 0
-19 77 -80 0
-46 74 88 0
6 -17 -82 0
-62 72 75 0
11 -24 49 0
-6 -68 -89 0
-25 35 0
-61 88 93 0
56 -82 88 0
8 -74 0
46 61 62 0
2 -31 38 0
-11 21 74 0
12 -27 28 0
-70 -77 0
42 -45 68 0
-34 -79 90 0
30 31 -84 0
-49 70 -85 0
54 -73 -90 0
48 65 77 0
6 56 -89 0
-23 33 72 0
44 47 79 0
-63 75 0
-13 -67 -81 0
-57 78 81 0
-38 -76 -91 0
-58 64 -93 0
18 53 -54 0
32 -41 70 0
-63 -66 79 0
9 -45 49 0
-29 -35 -49 0
42 78 -79 0
-23 31 -90 0
4 54 -83 0
46 -48 -84 0
-10 -54 66 0
-5 37 -62 0
16 -17 -57 0
-54 56 57 0
21 29 79 0
18 25 29 0
29 46 85 0
44 -54 -68 0
9 34 71 0
-15 32 87 0
-21 37 43 0
-46 54 76 0
45 87 -89 0
2 -68 80 0
10 25 -82 0
24 -35 -86 0
-14 -17 -75 0
69 -89 -93 0
-29 55 -89 0
-4 -25 90 0
15 36 55 0
-9 51 66 0
-20 -50 -76 0
56 -59 -74 0
31 -60 63 0
7 17 -18 0
16 17 -74 0
-53 -66 92 0
2 -26 43 0
9 32 -71 0
49 -56 -88 0
-46 -65 -86 0
-63 -84 -85 0
65 90 0
-55 -93 0
73 -81 88 0
-1 18 40 0
-23 -26 -36 0
32 -48 -71 0
67 -88 0
-34 51 74 0
16 71 87 0
11 27 80 0
-5 -67 0
14 38 39 0
-1 -54 80 0
-29 -56 -81 0
-17 -68 -79 0
74 -91 0
54 -65 -70 0
44 -57 70 0
5 34 -73 0
58 -86 -91 0
10 54 0
35 -88 0
39 -48 63 0
12 -30 84 0
-47 -61 65 0
56 -70 89 0
-43 49 51 0
28 34 49 0
63 76 -80 0
43 55 66 0
28 32 -72 0
-36 40 60 0
7 -34 77 0
3 -26 84 0
-3 69 -80 0
-21 57 -84 0
14 27 -50 0
24 -50 -85 0
-8 26 -54 0
-17 67 -91 0
20 -23 -55 0
-19 -27 74 0
10 11 -68 0
-5 -6 42 0
-22 30 87 0
-39 45 55 0
-17 -28 56 0
4 54 75 0
-57 72 75 0
-42 64 84 0
-8 29 77 0
-50 55 92 0
-21 72 80 0
6 60 -82 0
30 46 -86 0
13 -24 -82 0
-13 18 76 0
27 -34 -76 0
-11 61 -86 0
4 -43 -75 0
-28 57 0
-51 92 0
-37 65 -86 0
20 -63 70 0
3 -25 -77 0
8 44 66 0
-14 27 52 0
-33 -51 84 0
-2 53 74 0
28 -49 72 0
-5 28 -52 0
36 -62 77 0
3 -19 75 0
27 -28 63 0
20 30 -93 0
8 -30 83 0
23 49 -56 0
-3 22 92 0
-28 82 -91 0
31 47 54 0
30 38 -65 0
19 -62 83 0
40 82 -86 0
-30 46 47 0
-28 -53 54 0
-69 -70 -90 0
4 21 32 0
7 25 0
38 -47 72 0
45 -65 -71 0
12 -57 92 0
7 -16 83 0
-30 -40 41 0
11 21 -90 0
4 -20 -45 0
-10 -51 0
27 -36 -74 0
7 -63 66 0
27 43 -92 0
43 -63 93 0
-33 -68 86 0
14 57 89 0
9 -29 88 0
16 30 56 0
-64 -66 -70 0
-26 41 -59 0
35 50 -56 0
-38 -40 -75 0
-15 75 80 0
-31 49 67 0
-19 -24 32 0
-61 64 0
-38 50 -72 0
-17 34 -75 0
-22 -53 -93 0
42 47 -48 0
3 -23 0
-48 50 -90 0
2 -20 -77 0
-5 22 -61 0
-1 -60 -67 0
-39 49 -62 0
31 -35 71 0
2 -47 65 0
-14 -34 -35 0
22 25 52 0
-28 47 75 0
1 -52 -76 0
25 32 0
21 37 45 0
1 12 -51 0
52 -81 -83 0
9 42 65 0
54 64 -80 0
39 51 -72 0
41 65 69 0
-17 42 63 0
22 73 -87 0
-16 22 85 0
54 57 -62 0
-2 -8 57 0
35 -45 72 0
-14 61 -81 0
16 19 67 0
-8 -33 -91 0
-10 -26 -49 0
6 8 -16 0
19 -54 -86 0
4 52 -81 0
-30 -53 72 0
-17 -23 -72 0
-19 -59 -89 0
-4 41 73 0
22 -38 69 0
21 47 -84 0
-13 -50 -79 0
57 74 0
-1 -30 62 0
11 -23 52 0
2 17 86 0
23 45 -55 0
18 87 -88 0
37 -47 0
28 47 76 0
-27 -48 0
-8 21 -93 0
13 -31 -71 0
-17 -31 82 0
39 47 -73 0
-35 65 0
39 67 -78 0
-14 -26 -90 0
-67 72 0
-34 85 -86 0
64 -79 90 0
-16 -17 80 0
-8 -80 -81 0
13 22 -23 0
49 72 75 0
42 54 64 0
-8 -30 67 0
26 -29 -38 0
-29 38 56 0
-30 -58 -90 0
-58 -61 81 0
33 -79 -90 0
4 -41 93 0
-55 58 -76 0
45 -71 76 0
-32 -52 91 0
16 -65 81 0
37 -57 -71 0
-3 -8 -80 0
2 -24 -46 0
-1 -32 -35 0
25 83 93 0
26 66 93 0
7 38 76 0
61 68 -87 0
-13 69 70 0
13 -64 84 0
47 -59 72 0
58 81 -91 0
-2 39 86 0
39 86 88 0
34 57 -70 0
