p cnf 86 332
55 -62 -63 0
-24 -32 0
23 -32 -38 0
-7 67 0
-27 56 0
-45 51 0
22 -42 61 0
-13 84 0
31 41 -64 0
1 64 83 0
-4 50 61 0
12 -51 79 0
20 -66 76 0
-30 -61 0
-30 -45 -77 0
7 -33 -74 0
6 -72 -78 0
46 -70 0
-16 29 -63 0
26 -50 -86 0
-34 78 -84 0
-13 -43 -68 0
-17 -56 -67 0
47 -78 81 0
65 -76 0
34 -46 0
38 54 78 0
-9 -35 61 0
4 40 0
36 -50 70 0
6 -45 69 0
30 -54 -78 0
-15 42 83 0
18 -48 65 0
-35 61 -72 0
-38 -65 70 0
-23 -46 -60 0
57 -59 65 0
56 -58 76 0
-3 -81 0
-15 -35 -45 0
-38 59 71 0
-20 47 -86 0
-28 36 72 0
-7 -8 51 0
29 -43 66 0
9 -61 0
-37 42 0
-16 -28 60 0
-15 55 0
18 -35 -41 0
40 46 -50 0
20 39 71 0
-47 -65 79 0
-2 65 83 0
-10 12 30 0
-54 69 85 0
16 -35 -61 0
-7 -33 57 0
57 -62 -83 0
17 28 71 0
-33 40 49 0
-25 27 -47 0
16 -35 0
-33 38 76 0
-20 -63 76 0
32 -48 -69 0
-8 78 0
-42 68 -82 0
3 -6 42 0
-4 -19 -73 0
22 -66 68 0
-25 -40 80 0
-5 43 -66 0
6 -12 43 0
14 -38 -51 0
17 -43 57 0
4 -36 -59 0
-26 65 77 0
-13 -63 0
-39 -40 0
-10 11 0
16 -35 -84 0
2 3 -13 0
-16 -39 42 0
12 -51 74 0
7 -19 0
5 -67 0
6 -50 -78 0
-64 -74 -83 0
9 -20 -68 0
-1 -9 -27 0
20 -53 -72 0
-12 62 -65 0
18 22 0
16 67 0
-30 -38 52 0
6 -47 -74 0
-39 60 -70 0
19 53 -78 0
44 -78 -85 0
64 -79 0
-26 -86 0
-13 -77 84 0
10 -18 -56 0
62 66 -72 0
41 78 0
-25 66 -78 0
-28 32 41 0
-1 -47 0
30 36 0
8 13 -37 0
65 75 0
56 -59 0
15 38 -81 0
-40 -48 -59 0
-18 -47 50 0
-54 79 0
-9 -64 -71 0
-20 29 44 0
-8 68 -73 0
15 -28 55 0
-33 -43 0
11 -21 0
-32 34 0
31 52 -82 0
50 52 55 0
14 29 33 0
-2 29 0
23 35 -59 0
33 85 0
22 -37 -80 0
14 -43 44 0
1 -42 -51 0
4 -58 59 0
-3 24 -31 0
77 -78 0
17 29 -86 0
31 57 71 0
9 22 -53 0
-12 45 -56 0
23 -53 -86 0
-30 56 -76 0
4 46 57 0
-3 -7 -57 0
22 23 -77 0
36 42 -61 0
3 -13 18 0
78 81 83 0
-45 70 -76 0
-30 -32 66 0
7 -8 -24 0
76 77 0
-55 -65 79 0
-1 -14 -60 0
-9 38 71 0
-73 -75 86 0
27 63 -70 0
54 -82 0
19 -48 61 0
4 -58 -65 0
-4 21 -67 0
-8 -57 -75 0
-9 -44 -70 0
-65 -80 0
17 -39 -60 0
-48 -70 75 0
4 -58 -60 0
-18 40 -64 0
-24 64 -68 0
3 -60 63 0
19 47 0
-12 -66 0
20 63 70 0
4 -80 0
-2 -17 -71 0
21 -49 -83 0
10 20 -23 0
52 60 68 0
-7 29 36 0
-41 62 0
-19 23 0
40 -48 54 0
64 71 84 0
-19 -28 37 0
61 -83 0
-60 69 -85 0
-32 -43 -85 0
20 -21 -83 0
-27 -43 69 0
32 -74 85 0
11 -20 -27 0
74 76 0
-28 42 -85 0
-6 -8 -61 0
-13 -46 59 0
31 48 49 0
-11 -23 -26 0
48 -82 0
-30 -50 -83 0
-24 -62 0
-8 -28 0
-14 -85 0
-5 -50 -75 0
2 -52 57 0
4 -24 -32 0
-10 18 -38 0
-11 -36 55 0
-26 -55 -64 0
29 -37 83 0
9 -61 0
-41 80 82 0
-27 -31 70 0
28 40 -83 0
5 23 -73 0
57 58 77 0
15 41 55 0
67 70 78 0
-37 -72 0
-15 69 0
-7 -27 -45 0
10 -49 86 0
35 -47 79 0
-39 -62 78 0
-5 54 -86 0
-20 40 67 0
9 56 -79 0
-3 8 47 0
-59 -60 -75 0
-74 -80 0
51 -60 -74 0
-35 -47 69 0
-59 -62 -64 0
3 59 -66 0
3 27 41 0
-4 -70 0
-47 -51 53 0
48 -49 61 0
-18 36 72 0
-17 -31 59 0
4 -19 -77 0
-24 -52 -66 0
-40 -68 0
-34 -51 67 0
15 23 0
34 -42 0
-28 -40 -86 0
6 -12 -30 0
-28 45 52 0
18 79 -82 0
26 42 -54 0
34 36 83 0
45 60 0
33 -61 81 0
-42 -55 -83 0
38 -61 78 0
-15 66 0
17 53 66 0
63 -76 -84 0
14 83 0
19 -54 65 0
49 -64 67 0
-35 -45 80 0
-43 -47 65 0
-42 -55 -56 0
-29 61 78 0
2 -61 76 0
-36 81 0
29 68 -72 0
-43 74 0
8 19 -71 0
-45 51 76 0
-5 37 -59 0
30 45 0
-49 -59 -65 0
-23 -36 -68 0
-33 -66 -72 0
-9 35 -76 0
-22 43 -51 0
30 66 -82 0
-41 -66 0
8 28 71 0
4 -38 39 0
8 -51 0
-17 -53 0
8 40 48 0
-16 -47 52 0
-36 44 -78 0
-8 13 43 0
-1 13 39 0
19 63 76 0
42 -44 -72 0
-25 55 61 0
30 49 -59 0
14 36 -40 0
50 -73 86 0
7 44 -74 0
52 65 -72 0
13 47 72 0
30 -63 70 0
22 -23 -47 0
33 -57 -80 0
16 -26 0
29 43 -69 0
34 -43 -77 0
58 61 0
38 45 49 0
-39 63 84 0
68 -76 0
28 -52 57 0
13 41 -79 0
51 -60 77 0
-2 26 50 0
2 -36 0
-8 30 -71 0
9 66 78 0
-3 41 61 0
32 -60 78 0
-9 -60 -86 0
6 7 15 0
-4 -7 35 0
-43 -56 -62 0
3 24 51 0
58 -77 0
-13 -34 -44 0
42 43 85 0
-17 25 43 0
-22 -53 0
21 -68 83 0
-19 52 82 0
17 37 -74 0
-6 -81 84 0
