p cnf 81 282
-4 -6 -57 0
-14 -78 81 0
52 53 -54 0
26 -36 0
9 40 0
-63 74 75 0
5 78 0
-64 -72 74 0
-11 -22 -58 0
-31 73 0
-56 57 74 0
1 -36 -56 0
-54 -57 -61 0
-7 -76 0
-10 -42 61 0
-46 -53 75 0
-20 -26 -28 0
-2 66 80 0
-48 -57 58 0
-6 -19 0
8 41 74 0
-3 -45 73 0
-29 -31 42 0
-5 38 -70 0
-6 -47 -53 0
-42 44 74 0
28 -66 -80 0
-16 27 39 0
10 -20 41 0
5 -13 0
64 72 0
-23 -46 53 0
19 29 0
-45 -58 75 0
-20 -27 0
2 19 27 0
66 73 0
-19 40 -48 0
49 66 0
-1 70 72 0
7 -13 0
-11 -27 -68 0
70 73 0
4 -69 -80 0
10 -41 51 0
20 -23 -52 0
-9 16 -65 0
4 -40 70 0
59 -80 0
38 -44 -50 0
25 -49 -77 0
15 -44 54 0
-24 -31 66 0
-7 -49 0
-3 10 61 0
3 -9 0
5 -60 -73 0
-34 41 76 0
15 43 58 0
11 63 78 0
-36 -45 -79 0
-13 42 -61 0
17 29 -58 0
9 19 -47 0
1 3 81 0
-33 -57 64 0
-23 58 -63 0
18 -56 73 0
3 43 72 0
13 -53 -77 0
-47 68 0
32 -42 -68 0
-17 -59 66 0
-71 -80 0
-9 -26 57 0
5 -46 -79 0
37 38 -75 0
7 32 61 0
-23 72 0
35 -38 49 0
-17 -27 -35 0
44 47 -81 0
33 54 66 0
-18 -55 59 0
15 45 -59 0
54 58 79 0
16 25 -42 0
34 43 -55 0
-26 63 -67 0
-1 20 28 0
1 -12 -67 0
5 36 48 0
-9 -16 -26 0
26 -42 -64 0
-1 -10 30 0
17 -35 57 0
-3 -49 0
-70 73 77 0
18 -23 -48 0
-26 69 -72 0
-16 -22 -23 0
-17 -44 -69 0
4 11 -27 0
8 52 59 0
-23 60 0
-26 -45 56 0
-5 48 -55 0
-6 -29 0
-14 -19 -68 0
-6 10 -63 0
-14 -71 -80 0
-33 41 -66 0
29 -79 81 0
11 52 -68 0
55 -56 81 0
16 25 -40 0
13 30 62 0
-35 -64 -72 0
59 60 0
-7 38 0
-11 -73 0
1 -9 24 0
-73 77 0
23 -69 0
-7 -9 74 0
41 -76 -80 0
14 37 0
-2 9 -30 0
27 44 59 0
5 -65 0
-54 67 -72 0
-9 -34 -52 0
1 -59 -69 0
75 -79 80 0
-3 22 0
-4 -70 80 0
62 -78 0
6 -33 -66 0
-5 -31 -43 0
22 38 -72 0
12 56 65 0
10 -71 0
29 -36 -50 0
-20 -46 -61 0
-24 57 -67 0
-5 43 -50 0
37 54 0
20 -31 43 0
-19 53 72 0
-4 10 29 0
76 -81 0
31 -41 -78 0
-8 -22 49 0
23 24 -44 0
-31 -37 -56 0
-19 20 -55 0
-28 36 0
30 49 72 0
46 -57 60 0
17 48 62 0
-2 33 64 0
-26 -41 80 0
9 -78 0
-35 -41 73 0
31 -49 -50 0
12 -21 -24 0
13 24 68 0
-15 30 37 0
45 -57 65 0
1 39 -57 0
-8 -20 48 0
-3 -46 52 0
21 72 -73 0
10 40 0
20 -39 -59 0
-18 -24 -44 0
8 -49 80 0
21 -32 61 0
26 -42 -46 0
6 23 53 0
-22 48 71 0
-6 9 -28 0
-13 28 -36 0
-5 -26 -58 0
-20 44 0
-14 33 -79 0
15 27 48 0
41 -64 -67 0
24 -38 -69 0
-3 -8 42 0
-42 -76 -77 0
-18 -33 -66 0
52 -64 0
-55 62 75 0
-20 40 -79 0
14 49 58 0
33 53 67 0
-20 80 -81 0
-4 -42 -78 0
16 -47 -78 0
43 -54 78 0
24 -42 -48 0
-8 9 -52 0
12 13 -24 0
4 34 51 0
-3 78 0
42 49 61 0
3 -43 -60 0
-10 42 0
14 -26 56 0
-59 -70 -79 0
-23 -61 65 0
-12 13 -67 0
-3 -24 0
-19 -41 -52 0
-28 34 81 0
29 -36 -65 0
-17 -78 0
-31 63 -72 0
-17 35 36 0
-9 55 69 0
15 32 55 0
43 -45 69 0
18 74 -79 0
-7 27 -34 0
34 77 81 0
20 -36 -73 0
34 58 -81 0
-24 -37 49 0
15 -19 -62 0
1 -14 0
43 62 -63 0
-12 20 -70 0
18 -24 43 0
-5 -65 -71 0
-47 -53 0
25 -51 56 0
-46 -48 -57 0
1 31 -60 0
8 -9 10 0
44 77 -79 0
-1 -16 -73 0
5 16 81 0
-11 -15 18 0
-33 62 -66 0
-6 53 -78 0
-67 -73 74 0
14 21 -67 0
-8 37 0
-19 -68 0
20 53 -61 0
-37 71 0
-47 -53 -61 0
45 74 0
31 -58 0
-33 36 -67 0
-10 23 -50 0
-3 -6 36 0
1 30 -35 0
-5 -30 -80 0
-38 -52 -80 0
-34 41 80 0
49 -79 0
-16 -65 72 0
-36 51 -54 0
44 -50 65 0
-17 -62 -66 0
5 -23 0
7 20 -64 0
45 -63 -65 0
-32 48 58 0
21 -70 -75 0
-19 65 0
32 -34 49 0
10 37 46 0
42 -43 60 0
-2 -43 -67 0
5 -10 -80 0
28 53 -63 0
-49 58 62 0
-25 -37 -77 0
-21 -31 -45 0
