p cnf 93 362
-9 79 -87 0
-46 -92 0
1 83 -84 0
-21 -59 73 0
29 -35 -73 0
35 -48 -62 0
-24 -34 -41 0
39 -43 70 0
-1 -20 30 0
-7 89 -93 0
-1 -64 0
67 -68 77 0
-45 59 -92 0
-3 -23 49 0
7 38 43 0
-52 -84 0
-28 -77 88 0
85 -90 0
5 9 44 0
29 45 -49 0
-27 60 -91 0
-44 53 -82 0
50 57 0
55 58 -84 0
-17 -35 81 0
-44 -62 86 0
-4 -59 -62 0
32 33 45 0
-14 87 -90 0
-27 50 61 0
-23 28 -89 0
40 42 79 0
32 33 62 0
-27 81 -87 0
-8 52 82 0
19 46 -70 0
-13 67 0
-22 28 -53 0
-18 58 0
1 -26 48 0
-29 48 62 0
43 53 63 0
12 18 90 0
15 -64 -72 0
-27 86 -91 0
1 -58 65 0
21 -22 66 0
-51 -89 91 0
22 64 -73 0
37 65 83 0
23 -39 0
2 -38 -45 0
5 18 -54 0
-32 -62 85 0
55 -61 -80 0
59 -72 -79 0
28 -40 -73 0
-44 -75 -89 0
68 70 81 0
-13 -25 0
-14 -45 57 0
7 -16 20 0
25 -48 -93 0
-14 -50 -69 0
17 21 80 0
-7 -10 -60 0
16 -23 44 0
-39 78 0
20 -30 -40 0
34 -40 90 0
48 -52 -61 0
-13 17 0
1 -53 -67 0
19 -29 74 0
8 65 0
7 -71 92 0
-22 -62 87 0
10 -34 -72 0
-47 -49 0
29 -40 -70 0
50 -88 0
12 37 83 0
33 -38 -63 0
-31 -68 -80 0
19 77 84 0
-7 -24 -64 0
-33 -44 56 0
12 -14 34 0
-28 -36 64 0
-24 -35 84 0
-42 54 -79 0
-6 -84 0
60 62 -83 0
-72 -90 0
38 58 76 0
-30 47 -72 0
-47 63 92 0
-11 -65 89 0
-18 56 80 0
-7 -72 78 0
19 -72 81 0
1 -8 11 0
-34 -38 79 0
-3 -41 88 0
-3 -47 73 0
3 35 -75 0
-79 83 89 0
12 50 54 0
3 27 -38 0
-7 61 68 0
52 72 -86 0
52 73 0
16 19 40 0
11 51 90 0
49 53 83 0
-13 86 -89 0
-10 50 69 0
-4 -14 -37 0
6 26 -33 0
5 63 -92 0
-42 -48 -49 0
20 -69 70 0
37 72 -76 0
23 73 -80 0
30 52 71 0
38 76 0
-41 -52 78 0
12 20 -79 0
10 36 77 0
43 89 92 0
7 -82 -88 0
-11 -33 81 0
20 35 -43 0
8 -25 -34 0
4 46 0
22 -23 29 0
-16 54 84 0
31 -49 -92 0
10 24 0
-24 -56 60 0
2 21 59 0
79 87 -91 0
-31 -40 -41 0
46 -75 -87 0
16 92 0
-33 -67 -84 0
-37 -38 87 0
21 22 -31 0
-19 -27 38 0
-48 63 74 0
18 -90 0
39 51 75 0
76 -91 93 0
10 38 -84 0
25 -44 59 0
-1 67 85 0
13 37 64 0
-17 -25 -56 0
-8 -11 57 0
-24 -28 91 0
38 45 -84 0
-27 61 93 0
6 33 72 0
-39 -40 0
33 44 87 0
-22 65 -69 0
-16 -29 -82 0
5 8 42 0
-9 21 0
-34 -59 65 0
14 -27 92 0
21 -31 0
40 -85 90 0
-43 -54 -60 0
75 -85 -91 0
45 65 -92 0
3 23 -63 0
-16 -47 48 0
-4 32 44 0
27 35 46 0
13 -35 -87 0
16 51 59 0
-38 49 87 0
2 -22 75 0
-16 57 -60 0
-27 48 53 0
-27 -28 90 0
6 -30 -84 0
1 3 59 0
-11 -27 0
81 85 86 0
18 66 -82 0
-52 -63 65 0
-8 77 81 0
-29 51 66 0
6 47 0
-15 26 66 0
-13 26 -43 0
36 -78 84 0
39 56 88 0
9 15 -69 0
26 46 -83 0
34 88 -89 0
-2 16 -84 0
-33 -40 -42 0
-43 49 -72 0
21 32 -69 0
-24 37 59 0
-28 35 -56 0
-7 -17 0
-2 72 -76 0
1 -81 -91 0
-11 57 -66 0
-3 44 50 0
-10 67 0
-87 88 93 0
18 -51 54 0
-49 51 -83 0
29 68 90 0
-5 38 -69 0
-21 -23 -58 0
46 88 -92 0
-9 -48 91 0
7 -30 -44 0
15 53 -79 0
-6 31 -50 0
-11 69 93 0
4 34 -86 0
-36 68 -79 0
19 -34 -47 0
45 -68 0
-21 56 61 0
27 50 -93 0
-25 -38 44 0
28 -75 78 0
21 71 91 0
15 23 -80 0
-38 -61 81 0
-51 -57 -81 0
77 78 93 0
-44 71 90 0
-18 -39 -87 0
-42 72 -76 0
-30 -39 85 0
-1 47 0
19 39 -62 0
-14 -15 -74 0
-27 -36 -62 0
-6 21 30 0
-12 -32 -56 0
13 -53 -78 0
44 -62 88 0
30 40 -90 0
-33 -74 90 0
-21 31 -56 0
13 -36 -88 0
-33 -60 91 0
-51 75 79 0
34 47 83 0
-23 58 -86 0
6 66 -72 0
41 78 79 0
-36 -50 0
-12 32 64 0
74 -77 -80 0
10 -11 -13 0
14 47 57 0
-8 -29 -61 0
-6 22 77 0
52 -87 -88 0
-61 62 79 0
2 -28 34 0
-6 18 76 0
-38 50 66 0
12 37 -46 0
73 -81 0
4 17 29 0
-30 -38 64 0
34 -53 84 0
77 92 0
-56 89 -93 0
-1 66 -76 0
-49 -51 -90 0
34 -40 -62 0
7 58 0
-5 -67 81 0
-36 53 73 0
24 34 -79 0
10 -35 36 0
69 71 -90 0
32 -63 68 0
-29 65 91 0
-18 60 -86 0
46 49 64 0
8 -54 -89 0
10 -90 0
36 53 -54 0
-26 65 0
23 -46 -72 0
17 49 57 0
26 40 75 0
-2 -18 0
-43 -72 75 0
35 -90 -93 0
42 51 66 0
27 62 -88 0
-7 64 75 0
-63 -92 0
-18 -32 92 0
-20 -23 50 0
33 -87 -91 0
19 44 -48 0
-5 38 -65 0
12 -26 -45 0
12 -17 61 0
-24 -53 82 0
-62 72 -92 0
-5 6 -34 0
-53 -70 84 0
11 54 76 0
3 -13 42 0
44 47 -69 0
31 -51 -93 0
-35 68 -75 0
-28 -33 59 0
72 73 92 0
-50 -55 -91 0
17 45 -58 0
-73 -76 91 0
47 -75 79 0
-34 38 -67 0
39 81 83 0
-14 -36 -84 0
44 79 93 0
-18 -21 -68 0
-40 50 69 0
36 -50 87 0
10 -56 0
12 39 92 0
-36 38 -74 0
27 50 0
35 -48 49 0
-1 37 -93 0
-28 -37 -79 0
16 -48 -55 0
-11 16 84 0
60 74 -92 0
22 -35 -60 0
3 -16 54 0
10 -23 -71 0
24 -38 -63 0
44 -52 -57 0
-12 -48 -58 0
30 42 -72 0
25 -46 89 0
-1 16 40 0
-24 -72 84 0
13 48 63 0
19 -36 -49 0
3 5 63 0
-25 63 66 0
-15 -56 -82 0
