p cnf 78 277
46 -55 0
-6 -17 0
37 63 0
8 27 -45 0
12 19 -63 0
2 -64 0
-48 -51 -68 0
-11 31 68 0
-40 -45 -62 0
52 -63 0
-32 -55 0
15 57 73 0
8 -17 26 0
-7 -13 32 0
36 49 50 0
27 44 0
16 -19 0
40 53 0
-26 31 60 0
57 66 77 0
-22 33 -76 0
38 -41 0
10 62 76 0
15 -46 49 0
-11 -13 -53 0
-32 -44 45 0
-14 50 -71 0
16 59 -77 0
-6 28 34 0
-29 47 0
43 53 0
20 -22 43 0
-25 46 -50 0
29 41 -43 0
-13 57 0
-55 -61 -77 0
-2 5 16 0
24 -50 0
3 14 0
-14 48 62 0
-5 9 -52 0
-27 63 -76 0
15 46 47 0
-43 59 0
-15 -25 -26 0
-19 -69 0
-50 70 0
17 48 -70 0
36 -45 -61 0
-4 23 0
41 62 67 0
16 -36 0
-11 -62 69 0
3 16 53 0
-17 29 -61 0
-4 -13 0
9 63 -70 0
1 -43 75 0
9 -78 0
-13 -44 -51 0
57 -59 -72 0
-6 -17 30 0
-12 -20 68 0
-14 -20 72 0
-8 36 -66 0
2 -42 56 0
-34 -70 -71 0
8 -48 -77 0
-9 -36 -70 0
-35 74 0
10 -49 60 0
33 -71 0
-9 30 -40 0
-3 -69 0
58 -64 -68 0
-6 -54 -65 0
-6 -23 -27 0
-32 34 0
-7 18 -45 0
-20 22 -67 0
22 34 74 0
-5 7 63 0
-17 39 -70 0
-12 -22 -61 0
-16 35 46 0
-24 -31 -61 0
-17 18 30 0
-41 42 48 0
-32 59 61 0
-39 47 -57 0
23 51 -60 0
30 33 67 0
30 73 0
-26 -30 -47 0
-46 -59 0
38 -39 0
41 -57 -78 0
10 25 67 0
5 57 0
7 -10 -33 0
-63 -70 0
-13 14 -36 0
20 29 -60 0
8 -11 67 0
20 -46 69 0
5 53 -71 0
-9 68 0
-34 -59 76 0
-33 -41 -42 0
25 -51 62 0
-7 19 -58 0
-39 53 0
11 27 -31 0
-18 -24 36 0
-5 61 0
-24 -68 70 0
15 -42 -52 0
-14 67 0
-29 44 0
-2 45 0
17 -54 0
-14 34 -64 0
14 33 -71 0
22 47 -68 0
-8 21 40 0
-4 -26 58 0
69 -72 73 0
21 61 -75 0
-51 67 77 0
-12 22 -77 0
-33 -40 -71 0
-8 -14 -15 0
-31 -40 52 0
1 46 -50 0
-8 48 60 0
19 -55 -64 0
5 18 34 0
-31 51 -66 0
9 14 -31 0
-66 76 0
3 54 65 0
12 -70 0
10 -37 38 0
-12 -47 0
29 -61 -71 0
12 38 74 0
7 17 29 0
-42 -53 -58 0
22 64 73 0
-64 71 0
12 -43 0
-35 -65 -75 0
25 33 -34 0
1 -37 57 0
14 51 72 0
-26 27 56 0
16 62 0
25 69 0
-20 -50 61 0
37 51 0
-2 -39 -51 0
-35 39 61 0
31 -67 0
38 -46 -71 0
-23 60 63 0
11 46 64 0
2 -18 0
17 -37 -75 0
-47 -63 0
-19 33 -73 0
-50 -72 0
5 11 -50 0
8 -18 23 0
7 -16 0
-10 -18 46 0
51 -53 59 0
47 -60 -74 0
5 -53 0
-18 47 0
-2 -32 69 0
7 33 58 0
-20 -30 46 0
-7 -9 -34 0
-6 7 54 0
5 -11 43 0
24 35 0
28 -29 0
36 71 0
1 -55 0
-30 34 44 0
18 33 -62 0
-4 -33 76 0
-19 -37 -72 0
-24 -47 0
3 23 -55 0
-6 31 -57 0
4 58 0
54 -58 67 0
11 54 -75 0
63 -70 -76 0
7 20 46 0
-9 -45 58 0
-22 -43 -65 0
-12 -18 -30 0
30 -34 -78 0
-36 59 -67 0
9 34 -73 0
-43 60 0
-21 76 0
-32 36 46 0
-10 11 72 0
-20 -31 -34 0
-6 19 0
20 21 -65 0
-4 -61 -77 0
24 -55 0
-58 -69 0
-14 -43 -53 0
16 -57 0
-34 -35 36 0
-41 45 0
15 -52 -75 0
-11 56 -63 0
-15 -63 0
5 -25 27 0
14 -15 26 0
-15 -31 -66 0
10 29 48 0
13 70 -77 0
-27 -34 59 0
-5 10 -51 0
-14 -26 0
26 76 0
29 -33 -55 0
-54 65 76 0
42 -66 0
22 -27 -30 0
-9 51 -75 0
-12 -22 48 0
-24 32 56 0
-37 -38 57 0
-15 -23 70 0
1 -44 69 0
23 28 -70 0
5 -42 0
-46 -47 0
55 69 70 0
-14 -57 66 0
14 -75 0
-14 30 63 0
9 19 -33 0
-25 -66 0
-14 -56 68 0
15 -35 -37 0
-16 48 63 0
-36 -47 -75 0
-34 42 -70 0
-8 -62 66 0
-12 -20 -70 0
17 -38 -48 0
-56 57 0
-4 -6 -20 0
-44 77 0
8 -9 72 0
15 -57 -63 0
18 -67 76 0
17 -38 0
29 -30 -54 0
-21 -29 30 0
12 -43 53 0
5 11 18 0
-27 -70 0
22 53 -71 0
-11 16 -41 0
-31 69 76 0
17 -44 -60 0
36 -40 68 0
