p cnf 87 326
10 -14 -39 0
-13 47 66 0
1 21 83 0
-12 -74 0
24 -48 -67 0
-4 84 0
-27 -63 0
-35 -63 72 0
-50 -67 0
13 20 68 0
27 39 -74 0
-58 73 87 0
61 -79 0
-20 27 -29 0
-12 -81 0
-7 66 69 0
-6 7 0
1 -20 70 0
9 22 -46 0
-12 -49 -87 0
15 -81 83 0
42 64 -82 0
26 -77 80 0
7 87 0
-21 -51 -55 0
29 -41 -61 0
-23 -24 74 0
-29 32 0
19 -26 54 0
-55 -56 82 0
-28 39 0
48 -81 0
-8 -10 -23 0
18 -20 -31 0
-8 -65 -82 0
7 -63 -67 0
7 32 -72 0
-3 25 40 0
-37 43 45 0
-5 20 37 0
9 66 0
-32 36 -62 0
-24 -28 -66 0
-12 47 0
-42 -46 78 0
-4 38 -52 0
-21 -60 -63 0
9 13 -78 0
14 -35 -51 0
31 75 -87 0
-2 -20 -43 0
44 80 -87 0
-16 29 64 0
31 -47 -58 0
-5 -23 36 0
-22 -45 57 0
-22 -29 53 0
11 -77 83 0
-14 -34 -52 0
28 40 52 0
-28 -32 74 0
-24 -41 70 0
-3 -31 0
-26 51 66 0
12 -39 -51 0
-17 47 -55 0
47 -68 83 0
42 70 79 0
2 -71 81 0
-33 -51 81 0
48 53 87 0
-53 66 0
23 -41 79 0
4 51 -85 0
3 -17 81 0
48 54 -65 0
30 54 -57 0
14 37 76 0
46 49 69 0
-27 -37 0
-48 -64 -73 0
-5 -45 0
46 -52 0
41 -43 0
-11 37 -39 0
-12 -20 -61 0
-7 -20 28 0
-5 -16 -52 0
-23 -30 -75 0
-12 24 65 0
29 -73 -74 0
46 -51 -65 0
-51 74 -80 0
-40 49 -63 0
-14 71 83 0
35 -41 -49 0
10 -27 -41 0
-7 48 -61 0
-11 29 -68 0
11 31 57 0
30 -45 -73 0
3 68 0
18 73 0
51 -73 87 0
25 -31 -71 0
-5 -86 0
8 -73 -79 0
31 40 0
-7 -76 -80 0
50 65 -77 0
-5 -39 -74 0
34 -82 0
-67 69 -76 0
16 33 81 0
-19 -46 -49 0
21 -49 -83 0
-23 -55 83 0
-23 39 0
-59 62 -83 0
-4 -27 36 0
9 -57 -64 0
-23 -28 -33 0
-41 -63 82 0
-6 -49 0
-18 56 0
-15 -84 85 0
28 58 77 0
7 -20 -81 0
14 -34 53 0
-31 42 -62 0
-5 32 64 0
36 -63 -66 0
-45 -57 59 0
6 21 -80 0
19 -25 38 0
-12 69 79 0
50 55 76 0
-43 61 0
9 64 0
-66 69 70 0
-38 -55 66 0
29 -70 -74 0
-5 -86 -87 0
-7 -21 -58 0
-41 67 -72 0
11 19 0
-63 67 0
-12 57 63 0
-57 72 -73 0
-24 -30 72 0
24 -53 67 0
16 -19 -27 0
26 -39 54 0
-12 15 -76 0
-1 -39 51 0
8 12 39 0
-14 61 0
-32 -55 -83 0
-21 80 0
17 20 -36 0
33 69 73 0
-19 25 81 0
22 -37 38 0
-8 -57 81 0
-29 31 51 0
22 -28 0
45 70 -71 0
14 -31 65 0
-37 -83 -87 0
-50 -52 -65 0
-16 -40 -80 0
-4 -45 -64 0
28 -42 -48 0
27 -34 0
-29 67 0
2 -63 -86 0
7 37 -66 0
48 49 -85 0
42 -56 64 0
-19 -49 83 0
9 74 -75 0
18 -19 -58 0
22 63 76 0
-24 -67 0
31 49 -71 0
-29 31 -40 0
-8 -42 62 0
-18 -50 58 0
-29 -37 -81 0
-40 70 71 0
-5 -74 0
-12 39 -73 0
41 -65 86 0
11 20 61 0
37 43 61 0
25 34 -57 0
8 11 -21 0
-43 -56 85 0
-6 13 -45 0
53 63 -65 0
6 -22 70 0
-21 -61 78 0
8 9 -75 0
-12 42 -49 0
-7 14 31 0
19 -29 42 0
-3 54 -65 0
-45 -54 -56 0
16 31 -59 0
17 -51 84 0
16 -58 76 0
-20 -57 84 0
11 -32 70 0
-36 -39 51 0
-3 5 -45 0
21 -81 0
32 -62 0
-16 -37 65 0
-10 15 -72 0
-14 63 72 0
54 82 0
67 84 -85 0
-33 -75 0
22 -63 -87 0
11 50 62 0
-19 28 -64 0
17 21 47 0
-67 78 -80 0
-13 54 0
51 -61 82 0
-6 -17 -25 0
-8 30 0
-18 72 0
6 -47 -61 0
9 18 53 0
-3 17 62 0
-30 -74 0
-9 -34 44 0
-21 -86 0
9 24 37 0
-29 -41 0
43 55 -75 0
1 -40 -87 0
13 26 -50 0
-5 -17 82 0
-62 -67 -79 0
27 -68 0
-1 -58 77 0
-20 -33 -61 0
-9 47 -73 0
2 -23 85 0
35 45 70 0
7 13 36 0
-1 79 0
5 63 72 0
-3 15 33 0
8 10 -11 0
26 -67 68 0
37 -74 -79 0
-22 87 0
-13 -57 66 0
2 44 50 0
5 60 -64 0
6 10 0
-57 -76 87 0
61 69 80 0
6 44 0
38 42 0
-3 47 0
3 -23 77 0
7 25 -56 0
9 -61 -75 0
43 54 -75 0
7 -67 0
5 -64 67 0
5 -26 46 0
29 -71 0
-7 61 -85 0
53 60 0
-2 14 -80 0
-20 68 72 0
-7 29 71 0
10 -44 77 0
21 36 45 0
14 20 -40 0
-50 -66 -69 0
-40 -67 0
5 -14 -80 0
-27 -40 -73 0
22 -23 -62 0
-15 38 0
20 -25 -65 0
51 -52 0
-22 54 -64 0
54 75 87 0
-22 -44 81 0
28 72 87 0
64 72 0
6 76 -85 0
59 79 0
11 27 43 0
-6 -83 0
35 -61 -80 0
-15 -28 69 0
-19 -72 86 0
-21 -48 -56 0
-53 -76 -83 0
5 19 26 0
40 61 -69 0
-14 82 0
-3 -24 78 0
-31 -37 -67 0
9 -30 -80 0
-16 68 86 0
23 38 -59 0
-2 -45 -59 0
-19 -44 61 0
51 -59 0
-1 -18 48 0
8 -41 47 0
-14 40 64 0
-16 -35 -55 0
3 -61 75 0
-8 26 -41 0
-17 -33 58 0
1 34 -79 0
