p cnf 91 345
-12 48 -71 0
9 11 -78 0
33 47 80 0
77 -90 0
-27 -55 87 0
-20 -41 46 0
9 56 -62 0
19 29 39 0
23 66 -74 0
-2 -17 -56 0
-56 63 -69 0
28 40 59 0
-38 48 -74 0
-25 36 75 0
63 -67 0
-9 14 73 0
-59 -64 -81 0
-40 -82 0
36 -52 -61 0
21 53 -66 0
-10 -79 0
-40 -80 82 0
41 -58 -73 0
-12 39 -50 0
55 -71 -89 0
-23 54 -77 0
-31 60 -63 0
4 -38 -86 0
7 25 -42 0
-28 39 -82 0
-41 -46 -51 0
5 -42 67 0
-17 33 0
17 -32 71 0
-3 8 80 0
-19 57 -74 0
5 15 -56 0
5 -21 70 0
-21 65 -80 0
-19 -83 0
13 -17 59 0
3 42 -44 0
17 -33 52 0
-48 -55 -84 0
42 45 -67 0
16 49 -88 0
20 38 52 0
33 59 -90 0
-1 -39 66 0
-26 34 0
-12 -15 36 0
28 34 49 0
-8 -48 -90 0
-3 54 -80 0
-30 60 81 0
-36 -57 91 0
44 -70 79 0
19 68 73 0
-16 -52 76 0
-30 -64 -78 0
-62 79 0
-1 -9 -10 0
-21 -25 90 0
16 25 -56 0
4 -30 -85 0
-9 -26 65 0
34 84 0
34 47 66 0
-28 -56 -71 0
-19 45 -64 0
-10 13 -54 0
65 -69 78 0
-19 25 79 0
38 -86 0
17 -69 -82 0
17 -27 -49 0
-12 38 -64 0
-26 28 80 0
-4 43 -86 0
17 -45 -88 0
10 50 86 0
13 15 0
45 61 85 0
42 -50 56 0
2 -7 0
13 47 49 0
-46 -59 79 0
14 -47 90 0
-12 -13 -44 0
-1 9 -46 0
-28 -62 -83 0
85 -86 -90 0
-18 -64 -70 0
-26 27 -69 0
-18 50 72 0
-29 -45 -81 0
-25 27 45 0
-27 -71 73 0
-25 -32 87 0
-10 -19 32 0
11 -14 -87 0
-20 -51 77 0
19 21 60 0
-28 38 -63 0
35 -42 71 0
2 -36 88 0
-21 -35 79 0
-10 -53 0
36 -76 78 0
60 -72 88 0
40 58 -74 0
-11 20 38 0
-86 90 0
-35 -39 60 0
-2 49 79 0
-8 73 0
3 11 -77 0
13 73 -84 0
19 30 0
9 -47 -79 0
-14 28 -47 0
-16 30 49 0
5 35 -65 0
3 49 79 0
15 -28 -58 0
5 51 73 0
-16 22 -71 0
22 -34 0
37 -87 0
2 -8 10 0
45 -58 -61 0
-43 46 -79 0
4 18 90 0
-19 -28 -68 0
-26 68 71 0
-6 -12 -27 0
40 49 -89 0
-47 -63 88 0
-47 -70 78 0
-11 35 50 0
2 -18 -91 0
-73 -79 0
14 68 84 0
6 -31 0
-19 74 -77 0
42 -48 49 0
-9 34 91 0
1 81 87 0
-30 -73 -90 0
-65 -75 82 0
-20 -54 85 0
-34 53 -87 0
-51 -59 68 0
60 -73 87 0
65 -81 91 0
-5 51 0
-59 -60 0
-67 -88 0
10 21 -37 0
-15 81 85 0
27 67 -70 0
7 78 -89 0
-23 -29 72 0
12 -33 -67 0
-20 64 70 0
-63 -83 0
-73 78 0
-13 -63 -84 0
-53 -55 59 0
-40 45 81 0
17 28 -64 0
10 20 78 0
19 70 0
16 39 52 0
11 -63 -89 0
45 85 0
23 71 -90 0
-17 -36 48 0
-66 67 0
18 -44 67 0
-31 -50 82 0
-49 -86 0
-31 -62 81 0
-31 -36 66 0
-12 -63 -80 0
-8 -54 68 0
29 -68 85 0
-13 86 -91 0
3 23 45 0
-17 -65 -77 0
-52 56 -70 0
20 23 -26 0
-27 32 0
-14 -67 71 0
-72 -80 82 0
2 -19 -29 0
-45 49 -83 0
32 49 -67 0
51 78 0
9 -64 -86 0
37 -41 -62 0
43 77 -91 0
-1 29 0
22 -53 -63 0
-5 -33 -54 0
64 67 0
-5 -38 64 0
8 10 -91 0
-5 82 -88 0
-27 76 -82 0
-40 54 -62 0
3 -38 56 0
-39 46 66 0
-12 -60 -77 0
-14 36 51 0
-53 84 0
4 32 47 0
32 40 61 0
40 46 64 0
32 56 -83 0
10 52 66 0
10 -26 -64 0
-10 -38 47 0
37 51 59 0
-2 22 45 0
15 -17 28 0
8 62 80 0
-49 51 -52 0
-61 70 -78 0
51 -59 0
43 -57 0
40 64 0
44 -60 64 0
29 46 -68 0
-12 -37 -77 0
-13 -44 -78 0
22 -73 80 0
8 19 87 0
20 69 -79 0
-5 -8 -77 0
26 72 91 0
14 -15 -46 0
-2 -23 -79 0
32 35 -37 0
-12 -15 -37 0
-25 58 84 0
5 14 -35 0
38 57 61 0
32 77 83 0
-11 16 71 0
-34 39 45 0
-12 -26 -76 0
18 53 64 0
-46 -68 -91 0
-32 -43 71 0
-7 -28 65 0
13 -24 88 0
46 -63 0
27 49 -71 0
-13 45 76 0
21 67 -87 0
5 19 -83 0
-58 82 0
-6 -21 70 0
17 18 66 0
-54 57 -60 0
-28 -30 -90 0
-58 60 89 0
-12 -29 -54 0
5 -62 77 0
13 -20 46 0
38 67 -89 0
34 37 61 0
35 40 0
6 -50 -88 0
-11 -46 -69 0
11 -12 -22 0
2 7 87 0
-18 -40 -69 0
1 -18 54 0
48 -56 -69 0
-35 44 0
-14 -46 89 0
38 -82 0
27 -48 -72 0
15 29 -83 0
-7 18 -80 0
14 29 61 0
-14 -23 67 0
-21 23 54 0
-4 65 -79 0
-19 -23 42 0
-41 56 -84 0
6 27 -66 0
10 48 -80 0
63 -64 75 0
3 69 72 0
1 20 -58 0
38 40 43 0
47 -55 -85 0
-18 -22 23 0
42 52 -77 0
-26 28 -41 0
3 -40 47 0
20 -49 -86 0
30 -63 -77 0
29 44 -80 0
-49 58 0
-18 -34 43 0
-34 -42 -79 0
28 -43 -46 0
-23 72 0
41 -78 80 0
-10 -57 -59 0
-21 52 72 0
19 -63 70 0
8 -23 -73 0
-12 56 -90 0
8 -28 -87 0
-77 85 -91 0
7 -82 85 0
-50 76 81 0
-22 -68 84 0
49 73 -91 0
13 27 -71 0
15 -73 -79 0
3 18 -44 0
-49 69 0
21 50 78 0
3 -84 -87 0
-60 -71 -87 0
12 30 35 0
-15 73 90 0
9 -42 -55 0
-37 -69 -85 0
-54 -64 78 0
1 -44 69 0
-20 31 -65 0
19 -36 58 0
36 -50 -77 0
-11 47 -71 0
-3 10 -38 0
32 63 -79 0
-21 -37 -71 0
49 -56 59 0
