p cnf 88 322
-21 82 -88 0
8 -29 -54 0
-12 27 -62 0
31 47 -52 0
-22 39 -70 0
-15 46 50 0
-35 -60 61 0
30 -38 79 0
-13 -20 -42 0
-37 -48 82 0
21 32 -88 0
-47 61 85 0
8 -86 87 0
-1 -57 -85 0
-5 69 0
4 -43 -77 0
-7 -27 -82 0
-26 33 -51 0
-46 -50 67 0
-20 -71 0
16 -46 -78 0
-6 -28 -78 0
18 -22 -52 0
30 -66 -73 0
-20 44 67 0
-4 -12 -78 0
-8 -25 -68 0
16 20 87 0
-13 63 -64 0
52 84 0
8 -50 -70 0
42 -49 0
34 -65 79 0
40 -62 86 0
-44 -53 72 0
-13 56 -69 0
-31 -38 0
-24 46 -59 0
73 77 0
6 72 0
-21 33 -77 0
-63 -65 -86 0
-59 -66 -69 0
34 54 -65 0
-56 73 83 0
-45 48 62 0
-2 29 73 0
-41 48 -70 0
-17 -42 -55 0
-21 61 -76 0
-9 -13 30 0
-19 50 67 0
8 -64 0
43 -64 -65 0
27 -49 0
-11 -18 70 0
34 -53 0
14 -42 0
-41 -71 -75 0
56 -84 0
51 -53 -87 0
-3 24 72 0
7 38 0
31 -73 0
-48 -76 -84 0
-6 39 -57 0
-64 -74 80 0
-21 -37 -45 0
51 -81 0
19 -24 -54 0
-46 85 -86 0
42 66 -75 0
-9 -32 -78 0
9 -69 -86 0
-39 63 65 0
5 -16 59 0
25 35 -51 0
-10 29 -45 0
18 47 0
-10 -13 70 0
14 63 77 0
3 13 39 0
28 55 69 0
-38 42 51 0
-19 50 57 0
-18 -41 51 0
45 66 72 0
-10 30 55 0
-8 -29 65 0
28 50 65 0
-29 43 -82 0
7 37 -88 0
35 -46 53 0
2 -9 33 0
31 -53 -70 0
-29 -31 -63 0
12 21 29 0
12 19 71 0
-31 -45 58 0
-20 -48 79 0
-15 -37 48 0
-33 35 81 0
13 -28 55 0
17 40 82 0
19 69 75 0
-21 -36 38 0
-55 85 -88 0
3 39 54 0
-46 -50 81 0
-71 74 -87 0
14 -24 0
34 -82 88 0
19 51 0
12 18 42 0
38 -70 81 0
12 21 87 0
40 -58 75 0
42 82 0
16 60 78 0
-48 58 -75 0
-40 49 73 0
42 69 85 0
1 47 0
7 -16 -41 0
24 -58 -75 0
63 -77 -86 0
34 -66 78 0
-2 3 -80 0
10 -28 88 0
-6 19 54 0
-55 71 0
4 28 -52 0
26 42 0
-3 -49 0
-1 21 84 0
-4 -64 74 0
8 -37 -80 0
19 -30 0
46 -66 0
-21 -31 -76 0
19 64 81 0
-8 -18 50 0
27 84 0
21 -26 -68 0
61 -63 64 0
-6 42 -82 0
-6 -7 22 0
-55 -63 -66 0
-48 -79 -88 0
17 60 -74 0
-56 -78 80 0
-2 38 51 0
17 58 -88 0
-38 42 60 0
43 -58 66 0
-2 -25 -53 0
46 -58 -86 0
14 -65 85 0
-26 -30 38 0
-5 -61 0
-15 21 82 0
-23 42 -79 0
-5 68 -75 0
-18 47 -60 0
-10 19 39 0
-18 45 -63 0
-6 -28 34 0
18 -23 0
-12 -53 -87 0
44 -55 0
9 36 58 0
-7 61 85 0
53 -54 -81 0
8 55 -80 0
5 -14 70 0
8 35 -83 0
-18 37 0
14 -25 0
-57 -67 0
6 24 76 0
-28 48 -65 0
26 42 -49 0
69 78 -86 0
-7 -50 62 0
28 -60 0
6 -7 27 0
-50 -74 -86 0
-26 78 -80 0
-21 -24 -48 0
-74 76 82 0
7 -77 -83 0
43 -45 -82 0
-6 -40 71 0
-4 -44 0
-21 27 -42 0
42 -84 85 0
13 -19 -85 0
-20 57 63 0
15 58 59 0
-2 5 -10 0
13 -25 -48 0
14 61 70 0
70 -76 77 0
-17 -25 -67 0
6 19 -40 0
24 -82 85 0
-20 74 82 0
12 39 86 0
7 -44 88 0
-38 57 -60 0
36 -78 -86 0
-19 -28 -85 0
17 66 70 0
-11 -70 83 0
-7 -28 77 0
-44 55 0
29 -73 75 0
-1 -18 64 0
-25 -32 60 0
54 -77 -86 0
56 -79 -87 0
-2 -48 0
17 31 -54 0
20 67 80 0
23 56 0
-46 59 -74 0
16 -43 -48 0
-5 -53 -83 0
-9 57 0
-4 -30 -32 0
-3 -51 79 0
-1 -20 21 0
5 -43 58 0
5 -68 -86 0
39 -71 -72 0
-16 39 40 0
2 51 57 0
49 -84 0
-3 47 57 0
54 -56 -71 0
-30 -34 -40 0
19 -72 81 0
-34 -40 43 0
34 53 -66 0
-27 69 -75 0
-50 -69 -71 0
-56 66 76 0
-28 51 -85 0
-20 34 88 0
34 67 88 0
31 -32 72 0
-38 -46 -77 0
-1 -51 -61 0
1 44 -50 0
-44 -47 -79 0
-3 -27 -46 0
-29 72 75 0
14 56 -77 0
-2 -53 -71 0
37 -56 84 0
24 -55 56 0
9 -60 80 0
11 -70 -72 0
-32 65 67 0
16 -66 88 0
-20 36 -50 0
39 49 -76 0
6 -32 -57 0
3 57 72 0
23 26 -79 0
13 -59 0
-36 -49 75 0
16 23 -83 0
-8 32 0
-18 23 -78 0
-16 -62 -84 0
44 -48 65 0
18 -40 45 0
-9 20 52 0
7 11 -88 0
-32 -39 42 0
-6 -86 0
-7 11 -21 0
24 48 87 0
24 -41 87 0
-25 -30 57 0
8 -38 61 0
-2 -85 88 0
60 -73 -78 0
-25 -60 -73 0
-5 -21 -50 0
-6 -8 -19 0
2 35 75 0
23 -38 40 0
52 -65 -86 0
-24 70 0
-13 -61 -77 0
4 71 -87 0
-8 -37 0
40 -55 58 0
7 -31 -73 0
4 66 -68 0
-21 25 81 0
-4 -15 16 0
39 -42 75 0
14 26 0
-11 -24 0
-3 43 87 0
-2 7 -54 0
39 -48 63 0
20 -27 -77 0
32 -75 -78 0
-68 79 0
4 -44 51 0
-8 65 -81 0
2 64 87 0
3 61 0
-6 31 52 0
47 -49 -88 0
14 -45 85 0
17 40 61 0
-18 45 72 0
