p cnf 90 338
-22 62 77 0
-20 -30 84 0
13 77 0
19 45 -83 0
58 -66 0
-66 70 71 0
43 -59 0
-10 -40 0
-1 2 -7 0
-2 -34 -64 0
-12 39 81 0
-6 25 -41 0
1 -38 -89 0
7 76 0
44 -57 -88 0
4 -7 77 0
6 -49 0
-6 -44 0
21 23 39 0
-22 23 78 0
-3 14 -21 0
13 26 86 0
-27 -42 -84 0
7 26 70 0
-44 -76 89 0
7 49 61 0
-11 82 0
-26 42 50 0
-29 -37 -80 0
37 38 -60 0
15 40 55 0
-19 58 0
-25 -29 0
27 -29 72 0
-2 -4 85 0
32 78 -85 0
-32 -56 -57 0
-8 -65 86 0
5 48 80 0
-8 -68 -78 0
3 70 -78 0
-23 34 -75 0
34 68 0
32 -70 73 0
-13 16 0
-36 -64 -78 0
-42 -54 0
51 -80 0
80 -81 0
5 -12 -34 0
36 -50 0
15 84 86 0
-55 -60 62 0
-11 28 -60 0
2 -19 75 0
32 65 0
-18 44 46 0
-1 -24 -57 0
-35 70 -85 0
10 -14 -37 0
1 48 0
-30 34 -89 0
-34 51 67 0
27 32 58 0
6 16 0
-26 29 79 0
41 53 87 0
54 61 -85 0
-30 47 -58 0
-31 -39 -59 0
-67 -70 -82 0
-5 38 54 0
-35 -61 72 0
24 73 -90 0
87 -89 0
37 50 56 0
1 53 89 0
-34 35 70 0
3 -24 -54 0
-42 61 0
-33 -38 -73 0
6 19 -34 0
7 18 -82 0
-28 67 -89 0
-62 -65 0
-36 -40 -60 0
-41 -54 90 0
-38 -40 61 0
2 -67 -88 0
-20 61 -76 0
-17 48 -90 0
-30 -67 74 0
-5 25 0
19 -28 68 0
-19 -29 -75 0
-36 85 0
1 -68 85 0
-23 29 86 0
-40 -49 68 0
1 -44 -47 0
-23 28 -70 0
22 43 82 0
-4 64 83 0
-12 65 70 0
-8 -17 65 0
39 50 -66 0
21 33 44 0
18 42 86 0
7 -19 30 0
53 -66 0
17 42 83 0
4 -47 -49 0
2 72 0
-71 87 -88 0
40 62 68 0
-7 23 -74 0
51 -61 75 0
14 -17 -90 0
35 40 62 0
23 -48 -56 0
-4 -10 -51 0
18 -19 67 0
22 78 -88 0
3 -25 -81 0
6 37 90 0
-29 -30 -34 0
-17 22 -24 0
7 28 30 0
-6 -47 69 0
30 -61 -76 0
-55 63 64 0
-1 -59 0
11 49 0
-45 -54 -55 0
-53 85 0
25 -37 38 0
21 41 45 0
48 -53 -65 0
13 -27 -45 0
-26 51 -88 0
-4 -32 40 0
-14 21 36 0
35 36 -50 0
9 41 69 0
-17 18 -51 0
9 -18 -61 0
-11 12 -68 0
5 -44 -78 0
-43 73 83 0
38 52 83 0
1 69 82 0
41 50 -64 0
51 73 88 0
19 51 80 0
-17 -81 0
-2 53 54 0
-6 62 -83 0
3 -84 0
29 41 -76 0
14 -33 -59 0
7 52 87 0
8 74 0
-24 55 -69 0
-23 -69 -75 0
29 62 -82 0
13 48 -69 0
-11 -48 -74 0
14 37 55 0
-14 -38 -57 0
-51 -66 0
83 90 0
-2 78 80 0
3 -46 54 0
-20 -35 59 0
11 -17 72 0
4 -57 89 0
-43 -51 -77 0
-13 49 81 0
6 -86 87 0
-28 82 -84 0
-13 -38 80 0
11 -46 -76 0
22 -44 69 0
21 24 69 0
31 -45 57 0
12 34 45 0
12 -16 31 0
-13 -30 -67 0
64 -85 0
-14 -42 0
-7 -39 0
-13 -33 -72 0
-59 -62 -85 0
16 28 87 0
-8 73 0
61 -71 -74 0
-16 20 74 0
-11 39 -50 0
9 -18 -48 0
11 -21 56 0
49 -75 -86 0
72 -74 0
-37 72 -74 0
7 -19 71 0
-8 77 -86 0
-78 81 90 0
-14 -29 -56 0
24 -44 83 0
-27 89 0
-9 -42 59 0
16 89 0
3 -45 -89 0
25 -64 67 0
-24 -67 76 0
-15 66 79 0
6 15 -36 0
-12 39 41 0
-47 -56 -80 0
20 -69 87 0
-26 32 48 0
34 -42 -55 0
27 -47 0
12 33 0
4 -9 -61 0
-20 54 0
-27 80 0
18 23 38 0
35 47 88 0
-6 56 64 0
-10 45 -68 0
-5 64 85 0
14 30 -39 0
-8 -58 87 0
-13 19 -75 0
-32 79 83 0
27 -49 64 0
50 -69 -73 0
13 -69 0
-25 -40 76 0
18 -47 -84 0
-35 -47 -78 0
-52 70 -79 0
6 -40 76 0
-10 -33 -71 0
-13 -47 0
1 -36 78 0
12 -52 -71 0
-21 40 0
-22 28 -73 0
11 20 -26 0
70 -81 82 0
30 -37 66 0
15 20 24 0
-37 -67 88 0
-54 58 59 0
66 -77 0
80 -83 90 0
-17 27 0
-8 17 -82 0
-6 -49 -77 0
-24 49 0
-65 74 0
-6 24 -80 0
-28 -29 83 0
-80 -87 0
-3 -24 74 0
-48 -74 0
1 20 -66 0
-6 27 60 0
-17 -52 89 0
-56 58 0
27 39 -77 0
38 -54 -74 0
-35 -40 -76 0
-4 -57 -60 0
34 39 46 0
-15 58 -83 0
-70 76 90 0
-29 44 0
-29 40 70 0
-8 29 75 0
-1 20 24 0
-1 30 -88 0
-4 22 63 0
58 72 -85 0
-20 45 81 0
-15 23 52 0
-47 -74 -83 0
-39 60 85 0
-12 -25 68 0
2 -55 62 0
-40 56 -57 0
-2 -34 -73 0
24 75 -84 0
18 -32 -82 0
-15 -59 -64 0
-79 -82 -85 0
12 52 54 0
17 -34 61 0
13 -80 88 0
-1 -54 -65 0
-17 21 25 0
-18 41 53 0
-5 -8 -31 0
25 58 -83 0
35 -78 89 0
12 56 -67 0
-16 60 67 0
13 -56 -88 0
-53 57 0
12 13 -67 0
42 52 -82 0
-4 7 8 0
78 89 0
59 -75 0
35 -71 0
44 62 -90 0
6 -11 43 0
5 -44 79 0
-14 28 -76 0
34 63 0
-13 -30 -37 0
31 57 76 0
-4 48 76 0
15 -43 67 0
-3 55 64 0
5 -38 -90 0
-27 -52 -59 0
-19 33 -78 0
-17 49 59 0
21 -45 -55 0
35 53 57 0
-20 -45 -62 0
11 -59 -67 0
58 -68 86 0
-11 38 -55 0
-22 30 44 0
28 -40 70 0
