p cnf 81 290
-37 81 0
56 -71 0
-32 41 73 0
-25 39 -69 0
6 -59 68 0
36 44 57 0
33 -60 64 0
-11 56 -77 0
-29 -48 60 0
21 -31 0
-48 80 0
7 -44 -75 0
-31 -49 -71 0
-23 -56 -71 0
-1 -11 79 0
41 70 -72 0
33 -48 -73 0
-1 -12 49 0
16 -29 -46 0
-25 -30 51 0
-41 -45 0
54 -58 66 0
6 -45 47 0
38 -40 -42 0
6 17 78 0
-9 22 -51 0
23 25 41 0
31 40 -43 0
-28 52 -54 0
24 75 0
-7 41 81 0
-25 27 71 0
24 56 76 0
-56 -69 -74 0
29 46 67 0
14 27 49 0
10 -42 -60 0
-14 47 -76 0
-3 7 0
-22 79 0
60 66 81 0
36 -77 0
-2 4 11 0
4 9 -35 0
17 52 -69 0
-55 74 0
6 17 0
-11 -72 -75 0
-36 51 -64 0
-19 -36 73 0
-13 -32 0
-27 -46 77 0
24 75 0
36 68 76 0
-31 34 62 0
33 -50 78 0
-33 64 -77 0
-43 -46 48 0
61 -67 0
18 -27 66 0
60 66 72 0
-2 36 -77 0
-22 -46 65 0
-5 -17 -23 0
-30 33 74 0
16 58 0
-34 -69 0
-26 -42 0
39 81 0
-13 37 59 0
21 24 75 0
-18 59 61 0
65 -70 0
-12 22 59 0
-50 58 72 0
-33 63 0
-8 11 0
-40 -59 72 0
-56 59 0
16 30 74 0
16 42 74 0
-5 21 -62 0
-7 24 55 0
-10 -11 33 0
-34 -57 -59 0
10 -49 -76 0
-15 17 0
4 14 -44 0
-66 -77 0
-15 -37 -48 0
-3 70 78 0
-5 -75 76 0
62 -67 0
3 -4 57 0
-25 -45 -53 0
7 11 -74 0
4 -33 68 0
1 -11 14 0
-1 -4 21 0
48 65 69 0
38 -71 78 0
31 34 -81 0
2 -19 27 0
-7 30 0
-41 -53 -59 0
17 24 -29 0
1 -51 0
14 22 -69 0
-43 -50 0
-12 -21 24 0
-5 40 69 0
-19 -24 -66 0
54 81 0
10 -52 0
21 29 62 0
-16 -22 72 0
11 -32 -56 0
30 32 -48 0
2 69 -75 0
-34 52 -55 0
-13 -33 77 0
-1 -16 75 0
11 -13 21 0
-5 -74 -80 0
6 29 -80 0
11 -16 29 0
8 -49 0
-14 50 -72 0
1 -52 0
18 -34 52 0
-1 -7 64 0
-37 60 -62 0
12 -35 53 0
9 -38 -63 0
27 56 67 0
-10 21 -59 0
23 34 79 0
29 -38 47 0
16 -52 73 0
39 -43 0
19 71 -79 0
5 -27 0
48 -71 77 0
-18 39 56 0
-60 77 -81 0
-20 25 0
7 -37 -51 0
-15 50 65 0
7 -42 -50 0
-1 43 -80 0
3 -44 61 0
-12 -24 -46 0
47 50 81 0
44 55 -81 0
-33 66 71 0
33 -38 -57 0
-3 21 33 0
9 29 -76 0
1 36 0
-25 -44 -70 0
-15 19 35 0
-5 25 -51 0
-1 22 32 0
28 -60 76 0
-14 53 -62 0
-33 79 0
-23 52 0
15 -63 71 0
-9 63 0
41 49 -72 0
44 -75 -80 0
-7 27 51 0
36 -55 78 0
-24 56 0
45 77 79 0
-36 40 68 0
-9 40 79 0
-8 35 -52 0
16 -30 0
5 -52 76 0
5 21 79 0
-9 -40 -66 0
37 52 80 0
-18 -51 -76 0
21 -29 -42 0
-4 79 0
-46 -76 0
42 -49 56 0
4 53 -71 0
13 29 45 0
1 -60 80 0
-1 10 -81 0
-2 -42 -59 0
-7 -11 0
45 47 -48 0
35 -57 0
-49 -70 0
-29 61 71 0
30 42 -53 0
-21 42 74 0
2 6 45 0
37 -51 -54 0
4 64 -77 0
8 -42 -49 0
-9 16 31 0
14 -62 0
-8 -9 39 0
-10 -29 0
-13 35 62 0
15 39 0
24 -53 66 0
-39 44 59 0
-17 26 -51 0
-11 -42 -57 0
-27 58 81 0
30 31 -40 0
12 -52 56 0
40 74 -76 0
35 -61 -64 0
1 21 -34 0
-4 -19 -61 0
-6 -10 -80 0
18 21 -75 0
-8 -34 0
-23 25 73 0
12 48 49 0
24 -74 0
-34 -43 0
-7 40 0
-22 48 49 0
-3 11 -74 0
39 -47 -67 0
-44 -65 0
8 -40 0
-66 -71 -73 0
16 -48 59 0
19 -45 0
51 68 0
-13 -40 -47 0
-15 27 60 0
-47 -81 0
48 -58 79 0
-23 -69 74 0
-37 68 78 0
-42 -44 60 0
22 -26 29 0
-37 70 -73 0
-2 -23 0
4 -19 49 0
-40 57 63 0
37 56 0
-8 -24 73 0
-35 -38 41 0
22 -26 -73 0
31 -36 -50 0
35 -68 -70 0
-66 77 -80 0
13 81 0
4 10 44 0
-20 -69 79 0
-5 -14 -64 0
14 48 60 0
-4 -53 77 0
30 -31 -79 0
53 70 0
12 -35 60 0
4 71 0
-16 -53 0
25 -26 40 0
-7 -24 -28 0
6 -23 0
-13 21 26 0
-43 59 0
-2 -11 -54 0
18 27 0
7 -17 -21 0
-30 -79 0
-29 -45 -51 0
50 -56 -70 0
-58 69 0
-9 -28 -46 0
-4 9 -54 0
12 -31 -56 0
10 -45 -67 0
16 21 -71 0
3 -47 0
36 56 67 0
-24 57 65 0
11 16 38 0
48 -67 -76 0
