p cnf 84 298
8 -18 61 0
-30 -72 77 0
-23 33 -80 0
-33 -55 76 0
-2 4 24 0
4 26 -70 0
31 -69 83 0
50 -84 0
-14 57 65 0
-58 69 72 0
9 40 0
27 47 -75 0
47 57 0
24 -32 -53 0
-10 14 -81 0
11 22 -71 0
-16 -37 -41 0
9 -67 0
-20 -58 81 0
6 33 48 0
-38 57 74 0
14 66 -74 0
14 -16 -36 0
8 -19 38 0
-10 -68 0
13 47 -82 0
-16 -72 -76 0
7 -46 60 0
-17 53 -65 0
15 -38 -66 0
14 -31 0
23 -76 -83 0
-41 -47 -71 0
8 -55 79 0
-21 -44 50 0
27 -49 -76 0
23 -48 -58 0
2 31 -67 0
5 -69 0
-10 37 38 0
32 42 -73 0
-41 -69 -78 0
17 24 0
-31 35 -38 0
3 -9 24 0
-29 33 -82 0
41 46 0
-28 -73 76 0
-29 64 0
-31 47 -68 0
8 42 -52 0
33 57 -83 0
10 -76 0
58 -80 0
-1 -40 46 0
-38 61 67 0
-5 -33 -78 0
-22 -41 -66 0
-42 -47 64 0
20 -62 -77 0
6 28 -42 0
20 -76 0
4 17 34 0
-39 42 -62 0
-61 72 75 0
-3 4 -22 0
19 42 0
-37 -84 0
30 -49 -82 0
-21 -46 -72 0
-36 41 0
-10 19 43 0
54 -55 -63 0
-22 -65 0
-27 -41 54 0
36 -45 79 0
9 -29 -71 0
-14 68 -81 0
23 -36 -39 0
30 -40 -80 0
-3 -20 77 0
-5 -46 -63 0
13 -58 -83 0
30 -69 0
17 65 -78 0
-4 40 -78 0
-41 -60 -68 0
18 -68 -75 0
15 -43 63 0
13 -29 -84 0
-12 -42 -45 0
32 -44 -59 0
4 -10 -16 0
42 -69 0
20 58 65 0
44 -61 0
-2 -21 0
-15 16 42 0
-17 -38 67 0
-50 -73 -80 0
10 24 25 0
-4 -25 -65 0
-38 39 -67 0
9 20 77 0
14 -57 0
1 -78 0
-6 -17 0
-24 -30 -40 0
4 -44 -81 0
-3 -17 77 0
-59 -63 -75 0
7 20 37 0
13 20 -28 0
9 -21 -78 0
-24 -46 65 0
-50 58 0
15 43 64 0
-12 -27 77 0
45 -56 81 0
3 52 -79 0
5 15 68 0
8 35 47 0
57 77 0
14 -51 0
7 -29 74 0
26 54 0
14 -55 67 0
-37 50 -83 0
3 32 64 0
-55 -70 0
12 77 0
-34 -64 -73 0
4 -24 -30 0
34 41 -45 0
-49 50 0
-31 34 -78 0
40 62 -69 0
-10 13 47 0
14 25 -42 0
-8 30 79 0
8 -13 78 0
2 -32 35 0
-50 -72 0
-41 49 75 0
16 17 -83 0
-21 -59 73 0
29 -56 0
27 -56 67 0
-20 45 81 0
21 -25 83 0
47 53 0
37 -43 -78 0
5 -10 13 0
5 -48 56 0
7 -63 0
-28 29 -83 0
14 40 76 0
-22 36 -58 0
30 31 0
1 -13 -66 0
-64 68 0
46 71 72 0
-21 74 0
23 -72 74 0
-27 47 -72 0
-26 63 -70 0
9 14 31 0
-14 -49 -55 0
-14 -63 71 0
-1 17 -80 0
-1 -25 84 0
34 60 70 0
26 48 -61 0
45 -65 0
-58 70 0
-23 51 69 0
7 40 -67 0
-79 -81 0
1 33 -64 0
-15 -20 53 0
-36 42 -73 0
-40 -65 -74 0
-22 47 49 0
16 30 40 0
-10 33 60 0
-12 -15 48 0
48 52 0
-2 -83 0
10 78 0
20 -38 -60 0
64 79 0
24 30 61 0
-2 49 56 0
-31 -60 69 0
-19 -44 -81 0
-7 30 50 0
-6 -10 -14 0
9 -23 0
57 -78 -84 0
22 25 -53 0
65 -73 81 0
22 -53 -79 0
-16 32 84 0
3 -40 0
-52 59 -84 0
-2 79 83 0
3 9 -47 0
-1 40 -76 0
46 -63 66 0
19 -28 -56 0
6 39 -53 0
-22 -34 70 0
-39 80 0
-12 74 0
-45 52 -77 0
12 43 -68 0
11 16 39 0
-43 64 81 0
5 8 37 0
-37 -44 -76 0
-13 -33 67 0
46 57 -63 0
10 44 0
27 35 37 0
27 -38 -63 0
15 56 77 0
-32 43 0
-11 32 -48 0
-54 -72 -77 0
14 77 84 0
6 48 -75 0
7 40 -55 0
-1 -30 59 0
31 80 0
42 53 83 0
-41 53 80 0
-4 -40 -49 0
5 -66 -74 0
-18 -43 79 0
-26 -39 46 0
-27 47 0
13 50 -55 0
33 45 55 0
-31 -49 -83 0
-53 -66 0
4 42 75 0
-20 25 -68 0
-61 -75 -77 0
-7 69 79 0
-19 -68 0
-34 -62 0
31 51 -74 0
-16 40 -69 0
-27 67 0
-30 39 -66 0
-9 -19 65 0
-51 75 84 0
-11 55 0
2 3 -10 0
2 4 75 0
-9 30 -74 0
-13 -79 0
11 -36 -50 0
-18 22 23 0
-14 69 77 0
-30 -58 0
5 44 -45 0
-15 -34 41 0
-22 24 60 0
34 -35 -53 0
44 60 -68 0
16 50 -77 0
10 61 77 0
33 -42 64 0
57 -73 0
20 41 55 0
3 -11 -20 0
-71 -75 81 0
-39 63 74 0
37 -39 71 0
5 46 -62 0
-22 35 -39 0
-31 55 66 0
-21 34 79 0
-26 -70 -72 0
3 -20 0
-8 25 -31 0
-24 43 84 0
-18 24 32 0
16 -77 -83 0
52 -83 0
-65 80 -84 0
-1 -15 -62 0
13 28 -32 0
-7 -20 84 0
24 35 -44 0
1 17 -20 0
22 46 -52 0
