p cnf 71 236
47 -49 55 0
-24 40 0
-25 27 -52 0
40 -68 0
35 52 0
21 -55 0
-20 35 67 0
7 44 -49 0
13 47 54 0
-6 44 0
45 64 -65 0
32 -34 68 0
7 -41 -60 0
-12 -21 0
7 43 0
9 -19 34 0
2 -5 31 0
-14 -51 0
-9 -68 0
-3 -43 0
-5 32 0
11 46 66 0
-22 -29 0
36 66 0
47 53 -61 0
27 40 57 0
24 33 0
-21 -70 0
-44 -64 0
-23 -31 70 0
-29 -54 0
19 24 61 0
-5 -44 0
2 12 55 0
-13 16 -41 0
26 -34 59 0
-23 -29 0
3 22 58 0
-26 58 -62 0
-31 -52 0
-3 -46 -67 0
35 -49 71 0
-7 -8 63 0
-3 25 32 0
-1 39 57 0
36 -52 0
17 55 -58 0
-11 -68 0
13 -17 53 0
-15 -31 0
-9 10 0
-14 -18 0
26 50 0
-19 -28 64 0
15 -26 -45 0
-26 42 0
-28 -45 -56 0
-16 -21 23 0
-4 -9 -39 0
-16 -17 0
-35 -64 68 0
3 -71 0
-2 35 0
17 -22 -58 0
-5 -8 -17 0
-49 -59 -70 0
-15 -62 0
-9 -64 -65 0
31 -52 0
-16 39 51 0
-15 -62 0
31 45 0
38 66 0
-17 28 0
-42 66 71 0
28 32 56 0
-46 53 64 0
-9 -45 52 0
7 -25 0
-37 -44 61 0
-32 -51 71 0
-46 -54 0
-8 -60 62 0
6 -20 57 0
43 -59 0
12 -18 37 0
-18 34 0
12 -62 0
2 -5 -29 0
9 -25 67 0
-15 33 -49 0
-24 -38 -45 0
33 -49 0
26 -37 -54 0
18 36 -55 0
2 -54 0
-23 -24 37 0
15 28 -55 0
43 -49 57 0
44 53 0
35 63 0
9 -15 0
4 -27 44 0
7 -45 0
2 -48 -65 0
-5 17 19 0
-12 -64 66 0
26 -40 68 0
34 -59 62 0
-16 -49 0
-1 25 -38 0
16 -18 32 0
21 -48 52 0
-12 41 57 0
47 -66 0
16 -51 -55 0
28 -52 58 0
1 -14 39 0
-53 -55 -69 0
15 24 -62 0
14 59 0
32 41 0
26 -57 -70 0
-15 -25 47 0
21 27 0
-49 50 71 0
-2 -18 -36 0
-3 55 62 0
11 20 65 0
39 42 46 0
-8 22 -43 0
-37 -65 0
-40 -56 -68 0
24 -25 0
26 37 -62 0
-19 -49 64 0
7 -35 44 0
15 31 55 0
64 65 66 0
-3 4 -5 0
-40 60 -67 0
-2 35 -56 0
35 46 0
-32 47 63 0
35 36 0
-12 23 54 0
-8 9 0
26 42 0
-39 -64 -70 0
34 71 0
12 44 -50 0
10 -22 0
-13 35 63 0
48 -55 64 0
-54 56 -65 0
17 -51 55 0
-34 62 -64 0
60 70 0
14 44 -57 0
-6 -37 -52 0
-30 -49 0
33 36 41 0
6 28 36 0
20 33 0
-19 61 0
-11 -20 44 0
-8 -17 -44 0
-26 -32 -52 0
-33 -36 0
40 51 -69 0
13 -33 -58 0
2 -10 0
-3 47 0
-9 -47 -50 0
20 -23 24 0
-9 -19 0
16 59 65 0
22 63 69 0
-9 14 50 0
40 -68 -69 0
7 24 60 0
-50 -54 0
-31 58 -62 0
10 -40 0
-38 53 0
-16 22 -65 0
-4 -47 69 0
2 50 0
-3 -36 -65 0
26 -50 -52 0
-8 38 -55 0
-18 19 69 0
8 43 0
-3 56 0
35 44 -65 0
14 15 55 0
-2 -31 -33 0
-28 -48 71 0
15 -32 -66 0
13 20 0
-59 69 70 0
4 -22 -66 0
-45 -49 53 0
-8 -16 20 0
60 66 0
-35 38 -50 0
-18 -30 41 0
-7 45 0
17 -38 0
-30 46 0
-44 -45 50 0
4 -8 11 0
9 -19 68 0
-18 43 0
3 9 41 0
13 -37 0
17 -19 67 0
19 -60 -63 0
-14 -15 67 0
29 54 0
-35 67 0
3 -19 -50 0
-3 -24 -68 0
-16 55 67 0
-28 -29 37 0
-14 28 67 0
12 31 -57 0
-50 -54 0
-44 46 0
-51 68 0
-12 20 -40 0
23 31 0
-39 42 -68 0
15 52 61 0
-27 39 0
-48 -68 0
