p cnf 88 322
7 34 0
49 -54 -78 0
-13 40 82 0
43 -56 60 0
28 36 -37 0
54 66 0
-15 -75 -84 0
57 70 0
-53 -65 -79 0
7 12 -39 0
21 -26 65 0
9 -10 -26 0
46 -63 0
17 49 -70 0
3 -32 65 0
-7 -51 -61 0
19 83 0
-38 63 -72 0
-16 29 -54 0
11 -14 22 0
2 6 -76 0
-21 -37 70 0
-11 -21 28 0
-31 35 40 0
13 -18 27 0
29 34 -49 0
-33 86 -87 0
-15 -48 0
-34 -36 -71 0
9 54 68 0
-5 23 -84 0
-15 81 -86 0
12 55 -81 0
8 -18 83 0
3 27 86 0
37 51 -84 0
8 19 46 0
-51 -85 0
20 -71 -79 0
12 -17 32 0
-2 -49 84 0
29 -38 -54 0
-31 -53 -63 0
-5 -17 39 0
28 -33 -59 0
2 -69 70 0
-33 -63 70 0
3 12 73 0
57 -64 -65 0
50 -58 -60 0
-4 42 -44 0
-6 -34 61 0
34 -59 67 0
59 62 -76 0
-14 40 0
2 67 -80 0
62 -83 0
17 -29 86 0
-9 59 -62 0
20 33 0
-36 -74 84 0
-11 49 79 0
6 -20 -31 0
53 -55 -63 0
-9 77 -87 0
29 -35 78 0
-12 -23 63 0
11 -37 0
10 -29 87 0
24 40 80 0
-23 -45 65 0
-25 -53 -56 0
1 10 -15 0
23 33 65 0
14 43 -52 0
1 6 45 0
-5 -86 -87 0
30 -33 34 0
-10 37 54 0
9 43 61 0
-16 68 -71 0
-42 -68 -88 0
17 65 71 0
2 -18 -86 0
2 -71 86 0
11 -30 87 0
4 13 61 0
-4 7 -81 0
3 29 53 0
-11 39 70 0
12 -29 -30 0
11 -33 -40 0
31 32 55 0
34 51 85 0
-22 41 59 0
-22 -24 -27 0
36 78 0
19 73 -76 0
-18 -53 -71 0
25 77 88 0
-15 -44 -63 0
43 60 -77 0
19 64 -66 0
2 -26 -53 0
13 -22 83 0
-41 79 85 0
6 -21 58 0
35 44 58 0
16 -54 88 0
29 -58 -72 0
25 33 -59 0
42 45 55 0
47 -51 69 0
3 28 -52 0
74 -84 0
9 -59 -63 0
59 60 85 0
-57 -75 81 0
-29 51 59 0
-35 -54 -69 0
8 11 -57 0
11 52 -88 0
-35 -50 -88 0
-66 77 0
-41 -71 -83 0
-2 11 -52 0
-59 -67 -85 0
-73 -86 0
17 -24 0
4 26 48 0
15 -16 -44 0
-20 31 50 0
-3 -30 58 0
-8 45 -63 0
38 64 82 0
3 32 44 0
-3 -80 87 0
-15 30 -51 0
54 -59 70 0
-18 -23 -33 0
23 -48 0
-68 72 -73 0
17 50 -85 0
38 72 -84 0
-2 39 77 0
6 -68 85 0
9 27 71 0
44 -61 69 0
72 87 0
-6 61 -63 0
18 42 45 0
27 34 -47 0
27 -32 59 0
-60 -63 -78 0
-17 59 85 0
-69 83 -85 0
-20 26 42 0
5 29 -77 0
-15 -72 0
-14 33 -48 0
-13 28 0
17 -54 -60 0
3 9 59 0
-17 -34 58 0
22 42 -72 0
-2 23 40 0
-65 77 0
-14 41 66 0
-15 39 0
2 23 -32 0
38 42 74 0
-11 13 39 0
-28 -34 56 0
7 47 -76 0
-51 62 -64 0
4 27 -44 0
-11 55 -59 0
-14 -34 38 0
61 80 0
-44 67 -76 0
12 38 43 0
38 -50 67 0
18 73 80 0
-51 -54 -80 0
-28 86 -88 0
-53 57 -59 0
-20 39 50 0
-5 -57 -80 0
30 45 -71 0
-5 -7 -44 0
-10 28 60 0
14 82 87 0
3 -17 44 0
-32 -34 -45 0
1 -21 -78 0
9 -68 73 0
-17 -35 45 0
27 -39 68 0
4 -12 72 0
-2 -23 -66 0
-17 74 -81 0
2 -12 47 0
26 30 -68 0
15 53 58 0
13 -63 86 0
-13 18 88 0
-5 -32 -58 0
9 -36 -76 0
-12 -14 -45 0
11 16 -72 0
5 40 76 0
19 -25 51 0
-13 55 72 0
-12 -31 -50 0
38 -48 -64 0
-19 20 -48 0
10 35 -69 0
-43 -86 0
13 18 67 0
-2 57 -85 0
23 -38 -50 0
-3 33 39 0
17 -42 0
11 -23 -35 0
10 -37 42 0
16 69 0
-35 -59 0
-32 -41 -75 0
-16 17 88 0
37 44 -47 0
-4 -16 41 0
23 -38 -88 0
29 -32 61 0
42 49 0
-4 23 -85 0
33 -36 67 0
-3 15 -30 0
-13 28 -57 0
-3 21 -32 0
22 -23 84 0
22 -71 82 0
-11 -65 0
-36 57 82 0
-14 -55 -76 0
-37 -41 51 0
20 30 -35 0
37 -73 0
67 81 0
-7 15 28 0
-39 44 -73 0
40 -43 -72 0
-59 -67 87 0
-1 -49 0
21 57 61 0
-1 -19 79 0
-3 14 -22 0
14 22 -86 0
-1 -40 -64 0
15 48 0
8 50 72 0
40 81 83 0
-14 -42 -84 0
35 -66 -70 0
1 -68 -71 0
-54 63 0
35 -45 -83 0
3 -82 86 0
26 33 0
9 -12 -54 0
-79 -80 0
-44 -72 88 0
16 27 60 0
-26 31 -38 0
6 -64 -67 0
-41 62 -79 0
30 -63 86 0
-2 34 0
-15 -74 -85 0
-1 -36 -42 0
32 53 60 0
-28 -39 -63 0
6 -24 -51 0
7 -20 55 0
7 16 0
12 60 72 0
-37 70 -82 0
-18 -70 -78 0
-6 -23 81 0
-5 -60 81 0
-12 -36 -65 0
-14 -47 -60 0
18 -46 83 0
-35 49 64 0
-30 -68 -77 0
3 -7 73 0
5 23 79 0
39 -78 82 0
7 -58 0
33 52 0
62 -80 85 0
61 73 0
45 67 78 0
-36 71 84 0
-47 51 -61 0
74 81 -87 0
52 -59 60 0
-8 -46 47 0
42 43 -66 0
-12 36 0
-4 -19 -22 0
-56 70 78 0
11 -71 -81 0
-17 24 44 0
28 55 75 0
2 -9 -15 0
7 27 -66 0
1 -38 71 0
-32 -48 49 0
-17 -40 -43 0
7 -18 0
-2 -37 44 0
53 59 0
