p cnf 86 317
25 59 74 0
-55 -58 73 0
-8 11 -59 0
-42 -67 -71 0
-18 -37 52 0
1 -30 47 0
25 -52 -76 0
16 -86 0
47 -48 -81 0
53 -66 0
14 21 0
-43 -62 82 0
64 -65 81 0
20 -77 0
-46 -76 0
-47 53 79 0
16 46 -72 0
-26 -28 -45 0
58 -59 0
36 -53 0
-1 -8 73 0
26 29 55 0
29 53 -62 0
-41 -66 -75 0
-8 -11 -59 0
-11 -59 86 0
-21 40 64 0
9 -20 -54 0
-9 -50 0
-5 -23 -59 0
20 -33 0
22 -45 -49 0
-12 -69 76 0
8 -47 -65 0
16 -40 60 0
-1 -42 -74 0
15 -26 -83 0
-4 16 -49 0
12 -39 0
25 -71 75 0
40 64 0
-6 59 0
25 -61 -70 0
31 -71 -74 0
19 62 79 0
26 -44 -46 0
-12 37 63 0
16 -21 -66 0
15 42 54 0
6 78 81 0
-13 -43 -52 0
-3 48 0
-9 -28 0
17 -66 71 0
-46 -53 55 0
-21 53 -64 0
34 53 83 0
-5 -35 -40 0
30 -39 -73 0
9 -11 -13 0
16 32 -80 0
-20 -66 0
66 -69 80 0
7 80 86 0
33 43 -46 0
-15 44 69 0
45 61 0
-1 -37 0
-22 40 -50 0
-9 45 70 0
13 -84 0
28 73 -77 0
11 -83 0
13 -38 -81 0
6 -20 80 0
17 46 50 0
-17 36 -37 0
37 56 78 0
-21 57 -63 0
63 -74 -80 0
36 43 -85 0
77 81 -84 0
22 25 -41 0
4 7 -54 0
-49 -58 76 0
-3 73 -79 0
-16 39 -47 0
18 19 -23 0
-12 31 70 0
-16 22 0
-30 -31 -53 0
34 -57 76 0
-41 63 0
-1 21 42 0
22 -36 -69 0
17 22 72 0
35 -64 79 0
5 6 -52 0
-38 84 -86 0
-29 -45 64 0
11 -12 -31 0
-21 -73 82 0
-4 13 -21 0
44 -59 0
23 -51 -65 0
-4 6 -43 0
34 -39 80 0
-8 53 62 0
35 -61 -84 0
6 19 55 0
-28 -72 0
-1 26 49 0
40 -50 55 0
-21 24 -53 0
-47 79 0
-6 42 -81 0
-27 -61 0
27 43 -68 0
-8 27 -57 0
-11 62 0
35 57 58 0
23 36 0
33 61 0
48 58 72 0
29 -31 80 0
3 39 -41 0
25 43 63 0
-56 57 -80 0
3 -37 -76 0
31 45 -72 0
74 -78 80 0
-8 86 0
31 66 0
-64 -66 -67 0
8 -28 33 0
14 -32 75 0
3 20 -73 0
8 25 -66 0
-17 -43 80 0
5 -9 -33 0
56 69 -70 0
-8 23 -64 0
-40 43 -50 0
-25 37 78 0
-52 -67 81 0
-14 -70 0
6 -18 -86 0
24 76 0
16 25 -69 0
15 25 -41 0
-1 34 -41 0
48 59 0
51 -59 76 0
-12 43 81 0
-29 41 -76 0
-42 -56 81 0
-25 36 -81 0
16 -43 83 0
25 -27 33 0
-6 -9 25 0
-30 -52 -84 0
14 -49 59 0
2 66 0
6 19 -48 0
-1 8 42 0
2 -15 -71 0
9 -32 -70 0
14 56 76 0
-16 -22 0
31 46 -73 0
-48 56 0
4 59 0
-37 58 -68 0
5 19 59 0
1 -22 -73 0
7 77 -81 0
-37 42 47 0
-30 -57 -68 0
18 41 52 0
-33 -34 -56 0
5 -55 -82 0
-24 57 -75 0
9 16 0
-33 57 0
-41 48 76 0
22 62 0
-15 36 84 0
42 47 -55 0
13 -72 -78 0
11 18 81 0
-32 -41 81 0
23 34 -37 0
33 65 0
-6 -16 -64 0
-8 69 -83 0
-32 37 -54 0
27 38 -50 0
-14 19 57 0
36 -54 -58 0
-69 -75 -82 0
-11 28 53 0
9 -25 43 0
-27 -40 57 0
-34 67 0
43 -44 77 0
-73 -83 0
24 -48 -57 0
-4 23 -48 0
30 69 0
7 68 -78 0
13 67 85 0
7 -19 -80 0
-7 60 -76 0
-28 -35 -55 0
24 -73 0
-4 -83 0
-9 -31 69 0
-57 -64 -82 0
12 -41 -62 0
24 37 -50 0
20 -71 0
6 -70 86 0
41 51 -65 0
-7 11 0
11 -59 -82 0
-5 -46 0
-25 63 82 0
4 -22 0
3 30 58 0
-21 75 -86 0
-11 -24 -44 0
10 -49 -54 0
-74 -85 0
-18 44 46 0
34 -48 62 0
23 59 -75 0
11 64 -81 0
5 -8 23 0
-6 7 -59 0
-14 -30 -62 0
34 58 -68 0
-33 40 63 0
-2 36 48 0
26 29 52 0
-4 -15 -78 0
-44 -53 0
27 39 71 0
6 44 79 0
35 44 0
10 29 81 0
-21 -33 75 0
30 -36 -40 0
47 -69 73 0
-20 -68 71 0
-13 -58 71 0
-3 5 -83 0
66 -71 -74 0
31 -55 85 0
-11 -61 79 0
13 42 -62 0
-23 -46 -60 0
-39 -40 41 0
2 66 71 0
-41 -53 67 0
-17 -31 34 0
52 -81 0
54 -72 -83 0
-8 73 74 0
14 -43 55 0
16 -47 72 0
16 67 -76 0
9 -19 40 0
-66 70 0
24 67 74 0
27 -30 52 0
-3 -9 22 0
-35 74 75 0
7 11 -32 0
-14 78 80 0
-25 -66 -77 0
9 16 70 0
76 86 0
-5 48 84 0
2 -32 0
-25 -31 55 0
-5 -29 44 0
-12 13 47 0
-13 15 -53 0
-12 54 84 0
2 -47 52 0
4 -55 -63 0
-36 -74 76 0
18 22 65 0
12 37 0
-5 50 -54 0
7 -10 -14 0
-59 -60 0
-70 78 0
8 -12 -50 0
28 30 -84 0
22 41 66 0
-13 -17 48 0
-56 -57 -78 0
-71 76 0
6 -22 -65 0
1 68 77 0
9 54 65 0
-21 27 79 0
-23 52 0
28 45 0
-19 -24 78 0
15 22 47 0
12 -25 -40 0
1 2 -80 0
-28 -31 -74 0
21 25 -58 0
56 65 -86 0
