p cnf 79 274
-5 -42 -67 0
9 44 0
-18 33 -50 0
-17 -42 74 0
-12 -50 -69 0
9 -13 -73 0
46 -54 0
-11 -12 -18 0
-45 57 58 0
16 51 -56 0
-6 -70 78 0
-59 -60 0
-34 -43 64 0
-5 8 70 0
-13 -36 -44 0
47 59 60 0
36 -66 -75 0
-60 73 0
-7 -14 0
4 -78 0
58 79 0
-16 41 -52 0
-59 -62 71 0
46 -60 0
12 24 -68 0
-14 60 -72 0
7 26 -46 0
10 -23 -74 0
-5 -36 49 0
-30 39 0
-3 -44 74 0
54 -69 -75 0
35 36 -56 0
-14 -65 -75 0
22 -77 0
-27 -50 -63 0
-44 56 -66 0
-29 78 0
-16 25 -72 0
-30 33 0
-36 -51 -58 0
-35 61 -74 0
-58 -66 0
55 -77 0
-30 -72 0
2 17 -63 0
15 41 -64 0
11 -17 67 0
-8 30 41 0
42 -74 0
-25 -55 0
-11 -44 50 0
23 47 51 0
-31 43 -77 0
-39 65 -79 0
-31 34 -73 0
-36 -71 76 0
-11 -21 -70 0
15 -29 0
-9 -74 0
-9 -11 52 0
-20 -46 0
-28 38 -73 0
37 78 0
-1 4 -46 0
21 -61 -70 0
17 -26 78 0
11 -14 67 0
-23 -33 36 0
-9 15 -77 0
-21 -22 55 0
-51 53 70 0
39 50 -62 0
28 -62 -73 0
49 -55 57 0
49 54 -55 0
21 -33 68 0
-14 -72 0
10 -19 -50 0
3 -43 -78 0
37 56 0
15 38 -41 0
12 -27 -58 0
-64 70 0
-31 40 -65 0
3 -55 -73 0
-21 -56 -68 0
-12 -41 69 0
-16 22 -68 0
-18 -45 47 0
22 75 0
27 40 0
21 -26 42 0
-30 47 72 0
-11 16 22 0
5 -31 68 0
10 -39 42 0
13 22 0
-12 43 0
-26 66 0
18 -29 47 0
-23 40 -58 0
-11 12 -61 0
-17 49 74 0
-33 37 46 0
-28 -33 44 0
38 -51 -59 0
3 -17 -73 0
-16 -62 -65 0
-16 -51 0
21 -51 -71 0
4 21 -58 0
-37 -53 59 0
-11 -16 24 0
1 -13 0
34 45 -62 0
-30 -46 -73 0
-4 -34 -61 0
-32 -39 74 0
-19 71 72 0
-14 34 -60 0
48 -66 0
7 -31 63 0
-53 -62 0
21 34 -70 0
-16 18 34 0
30 -55 0
-1 -5 -17 0
12 60 61 0
24 33 47 0
-12 35 37 0
37 -49 65 0
9 77 0
-28 76 0
34 -72 -77 0
29 -71 0
17 -59 69 0
11 -14 -56 0
46 73 0
-3 13 69 0
-11 -14 36 0
-7 -17 66 0
-27 -36 38 0
-19 -38 -45 0
-7 16 37 0
4 19 30 0
-14 32 0
-23 -61 0
31 -59 -70 0
13 -30 -68 0
-22 -56 0
45 47 70 0
-15 58 -76 0
1 -53 -69 0
-54 71 0
-7 26 59 0
-50 60 64 0
-21 -60 0
-9 12 37 0
6 -14 0
2 -19 -69 0
1 -41 66 0
5 -10 43 0
40 -65 0
33 -60 0
41 -69 0
1 77 0
-7 8 -21 0
22 -23 -67 0
13 -29 -62 0
-19 50 -61 0
45 66 -74 0
-10 -76 0
3 -7 38 0
-40 -48 -55 0
18 -60 -74 0
-17 -40 64 0
-19 -20 -70 0
-19 -37 -52 0
8 16 -32 0
-30 37 66 0
22 65 0
-11 38 73 0
-1 -23 -62 0
-40 -51 -70 0
-6 28 44 0
-23 59 -73 0
10 27 0
-10 16 -20 0
21 -27 72 0
-31 -42 0
29 32 78 0
-19 -22 -46 0
16 20 49 0
8 -24 57 0
22 -33 57 0
-8 14 -27 0
28 42 44 0
-1 -12 -34 0
41 57 75 0
38 -61 -79 0
-55 58 0
13 34 -60 0
30 -54 0
32 73 -75 0
4 12 0
-12 -50 -79 0
-20 49 -50 0
27 35 0
-24 -41 71 0
29 45 -51 0
47 51 0
4 54 -63 0
-3 -19 -78 0
-7 23 -76 0
9 55 79 0
-5 -49 -61 0
64 -74 0
18 23 -38 0
35 -70 0
-11 -29 30 0
-33 40 0
24 -55 56 0
-18 -33 45 0
-1 -16 52 0
-9 -23 39 0
5 17 20 0
52 -77 0
26 29 61 0
-44 -57 0
-15 -56 61 0
18 23 -46 0
13 14 -44 0
-25 -33 0
52 69 -74 0
-38 -64 73 0
27 -28 40 0
13 20 -70 0
5 -8 -46 0
-25 50 -76 0
22 -70 77 0
29 38 0
24 57 -76 0
53 -63 64 0
-16 25 0
13 -52 55 0
25 -39 0
-11 57 76 0
-2 -58 68 0
11 -12 39 0
-31 38 -71 0
-31 41 68 0
-64 -70 0
7 16 -40 0
-9 11 -15 0
-17 46 74 0
-37 -50 0
-51 63 76 0
-8 -30 37 0
5 69 0
28 63 0
9 20 38 0
-15 17 0
-37 -45 0
-13 34 -37 0
-37 44 76 0
38 -78 0
26 28 -59 0
-7 39 52 0
-31 62 0
-15 -50 0
17 43 70 0
54 -71 0
-14 -29 37 0
