p cnf 84 295
-45 73 0
25 -76 80 0
16 -53 77 0
-7 -54 -63 0
-17 49 -71 0
47 70 -80 0
38 -53 0
10 27 35 0
-32 -48 0
-17 45 0
63 64 67 0
-70 71 -75 0
-3 30 55 0
25 32 0
34 36 45 0
-8 14 41 0
10 16 -77 0
23 42 65 0
-14 -54 -60 0
58 71 0
56 76 0
1 -58 -67 0
44 -81 82 0
13 -18 57 0
20 32 81 0
33 46 81 0
1 26 72 0
20 43 80 0
28 31 40 0
-10 -21 62 0
-10 -14 84 0
47 69 80 0
-54 74 0
17 57 80 0
-48 49 -70 0
-7 20 65 0
-20 -63 -67 0
2 32 -39 0
15 21 -72 0
-19 40 73 0
-18 23 0
-4 -6 48 0
14 40 -72 0
27 -77 0
2 -12 0
-76 81 -83 0
-45 -51 73 0
-21 74 0
5 22 46 0
67 84 0
57 -64 -83 0
21 61 62 0
-2 -28 0
-1 -61 79 0
27 30 41 0
-50 -72 -81 0
-4 -43 0
15 25 -26 0
11 -17 34 0
23 27 -36 0
-18 -32 -58 0
-36 -63 0
52 69 -84 0
17 -70 0
9 -16 -17 0
23 -27 48 0
-29 61 -83 0
-2 -55 -65 0
27 -67 -76 0
-31 -34 43 0
20 51 -70 0
-13 20 -33 0
-24 -67 74 0
39 54 72 0
19 -20 -60 0
-36 -71 72 0
-21 -43 75 0
-53 65 0
4 -18 -50 0
-18 64 0
64 -77 -80 0
12 -19 -66 0
14 -61 66 0
-23 62 0
-49 50 -78 0
-35 -43 57 0
26 33 0
-23 41 -54 0
-1 34 84 0
-30 40 78 0
-11 -29 75 0
-45 -54 -84 0
17 -80 83 0
1 -34 0
18 -51 -78 0
12 48 0
-34 -43 75 0
-5 78 0
10 -13 20 0
-11 -41 -51 0
-30 -40 -66 0
15 -30 43 0
35 -72 -75 0
13 39 71 0
-24 25 -74 0
11 -22 0
34 44 -50 0
52 -78 84 0
-24 -33 53 0
7 25 -84 0
-1 7 -60 0
6 -19 69 0
63 64 -79 0
26 -43 49 0
74 78 0
-12 30 0
31 46 -62 0
47 57 -62 0
16 62 0
-5 -6 -60 0
-1 7 50 0
-48 -55 76 0
11 -58 -78 0
8 27 -50 0
-7 -31 73 0
54 62 81 0
2 32 -76 0
19 34 0
16 -19 -30 0
-16 -38 54 0
-7 29 32 0
-15 -62 0
-38 74 81 0
34 49 -51 0
16 -22 -55 0
-7 -15 0
-23 61 -62 0
-42 -69 76 0
26 -68 0
25 -36 80 0
14 -31 70 0
-58 -80 0
24 -46 0
-47 60 82 0
-38 -46 -77 0
-29 35 -49 0
-15 -52 64 0
-5 -56 -61 0
12 50 -77 0
-15 -24 -26 0
3 -71 0
9 40 53 0
7 -51 -79 0
-15 70 0
-26 -41 -57 0
33 -34 75 0
-5 37 -42 0
-72 -73 0
-10 -17 -39 0
-3 -38 -70 0
-14 69 79 0
-12 -31 -83 0
-8 -35 46 0
-60 74 -76 0
-15 28 -52 0
-7 25 66 0
32 72 -77 0
-28 -58 -71 0
-52 -65 -81 0
12 -21 -37 0
-8 -73 0
29 -61 -78 0
-53 -55 0
-14 22 -71 0
12 47 58 0
-51 -75 77 0
-41 48 76 0
-81 -82 0
52 56 -68 0
-31 -60 -72 0
15 -36 -63 0
-30 46 -61 0
14 65 0
-26 -69 77 0
4 -58 -80 0
15 -24 -26 0
10 -27 52 0
-23 -36 0
-23 24 71 0
8 -52 56 0
20 62 0
-6 32 -40 0
-15 76 0
20 -21 42 0
20 51 57 0
35 -69 72 0
4 -8 -37 0
-48 66 -77 0
21 -47 0
-2 14 43 0
-16 -40 60 0
6 -69 -80 0
-29 -69 0
24 44 -53 0
29 64 79 0
-21 -81 0
4 -54 66 0
-17 54 62 0
7 -36 -66 0
9 -29 -49 0
-2 -38 75 0
-2 24 83 0
-45 53 60 0
-21 42 -56 0
28 -42 44 0
-22 63 -82 0
-24 33 -64 0
12 -34 69 0
8 18 59 0
9 36 70 0
-4 -25 83 0
38 40 84 0
43 -63 -73 0
36 -45 47 0
5 -35 -47 0
-19 46 52 0
42 -82 0
9 -18 -34 0
4 43 53 0
6 -66 -84 0
11 64 -71 0
-8 12 83 0
12 -28 0
20 37 -42 0
-63 -79 -82 0
-42 -54 -76 0
-42 -49 0
9 20 35 0
-11 -53 0
39 68 -77 0
-29 48 -64 0
23 -46 -59 0
-14 -39 -80 0
16 -31 62 0
3 -12 41 0
50 67 84 0
-4 50 54 0
1 -33 -57 0
9 25 -71 0
1 58 -66 0
16 51 0
-28 42 59 0
2 46 73 0
1 28 -46 0
-13 29 67 0
56 67 -73 0
9 29 0
-2 -51 0
-19 51 78 0
-10 -43 69 0
24 -77 0
36 48 56 0
21 27 69 0
-8 -57 82 0
28 31 74 0
-44 -50 74 0
25 28 -76 0
24 -36 74 0
-45 47 0
31 39 -80 0
32 61 -75 0
23 -32 -53 0
-62 83 0
-9 51 0
-5 17 26 0
15 -44 -61 0
-59 -64 -68 0
44 53 63 0
-29 -40 -84 0
17 -18 68 0
41 -42 65 0
19 -54 -62 0
-17 -26 -83 0
25 58 0
-20 41 0
-39 67 70 0
38 -61 -72 0
6 -30 -61 0
23 82 -84 0
-3 24 0
-44 -45 -73 0
-15 -28 72 0
-4 -41 -56 0
26 -30 58 0
-46 54 -61 0
