p cnf 60 181
-17 37 -58 0
10 -15 -44 0
-9 15 0
35 -44 0
22 -60 0
-1 35 -40 0
-18 -34 0
-12 -30 -45 0
16 22 0
30 -41 53 0
-9 -26 -50 0
-21 26 41 0
-3 -23 35 0
-1 51 0
19 29 0
9 47 0
-35 -40 -47 0
-39 52 0
28 55 0
-9 -11 19 0
15 -57 -60 0
-6 33 40 0
-1 -11 0
-35 50 0
-18 58 0
-6 13 -26 0
5 38 -56 0
-6 -30 -47 0
-33 35 0
-9 -20 -49 0
43 45 0
29 36 0
-12 -27 0
2 9 0
12 13 -29 0
9 -32 -52 0
7 -31 56 0
-34 -35 -38 0
-3 -22 25 0
-28 -38 -52 0
-13 52 -56 0
21 -45 0
-13 14 32 0
1 32 58 0
16 -39 0
-3 32 52 0
21 -23 -45 0
-8 -15 0
-9 52 0
16 -31 -46 0
-10 33 59 0
32 60 0
10 -18 41 0
4 -43 59 0
-19 45 60 0
-8 -35 51 0
-27 47 55 0
-38 40 0
6 -51 0
-15 -22 32 0
-12 22 -35 0
7 -34 -51 0
29 -44 -53 0
3 7 0
18 -59 0
-2 7 -23 0
-4 55 -60 0
-27 41 -47 0
-17 -26 42 0
-57 -59 0
4 -20 54 0
-10 -27 33 0
-5 44 0
-37 45 0
-21 -29 60 0
-24 32 0
-4 -41 59 0
-34 51 0
-14 -56 0
32 -36 0
-8 17 -22 0
-21 42 0
18 -24 0
-16 56 60 0
5 23 -38 0
30 -33 34 0
21 36 0
6 -22 -58 0
3 59 0
-38 -39 0
34 -48 52 0
-35 -43 -57 0
3 -20 -55 0
13 -44 0
-6 -19 0
32 -34 41 0
10 -20 35 0
-4 -11 52 0
-22 24 36 0
3 43 0
-39 49 0
-3 11 -32 0
31 32 49 0
19 -39 0
30 -43 52 0
-22 50 0
-2 -10 59 0
54 -55 0
2 32 -34 0
12 23 -31 0
21 -43 60 0
13 -25 -51 0
-37 -41 43 0
30 38 53 0
-22 -47 0
21 -23 0
22 -26 30 0
-6 -18 21 0
-15 57 0
15 -55 0
33 -53 59 0
1 -25 0
-25 36 43 0
8 28 48 0
-6 24 26 0
-30 32 46 0
-2 -27 0
14 -27 0
-30 -33 -41 0
-10 28 -55 0
-6 35 0
44 56 0
-43 -48 0
-4 -25 -32 0
50 -51 0
16 -33 -48 0
13 -54 -56 0
8 22 40 0
28 45 0
-9 -38 -53 0
-26 39 0
31 -34 0
-16 37 57 0
16 47 0
2 -29 60 0
-28 42 0
-35 -38 0
24 -32 -52 0
7 22 23 0
7 -47 0
-13 18 55 0
1 34 39 0
-8 41 -53 0
-7 13 51 0
17 32 43 0
5 22 52 0
31 52 0
-12 53 60 0
-10 21 -32 0
-22 45 0
-31 41 -49 0
-11 -28 0
-23 36 0
-6 37 0
20 30 55 0
-15 -43 50 0
-31 41 -55 0
12 -48 0
-42 -51 0
-11 -35 0
-10 -12 21 0
-5 21 53 0
-1 12 -13 0
8 -34 -58 0
-27 48 0
-4 -9 -37 0
-36 38 0
-3 10 -32 0
31 37 0
-5 11 0
15 -36 55 0
