p cnf 88 323
-77 84 86 0
39 69 74 0
16 25 -31 0
-19 -51 -67 0
10 -53 66 0
44 76 -83 0
7 43 0
-1 67 -69 0
10 37 -38 0
35 -48 0
-22 33 69 0
34 39 -81 0
-39 44 -50 0
59 79 0
-14 -47 56 0
-38 -50 0
21 -36 51 0
8 -67 80 0
-1 -32 0
48 -54 -56 0
67 -80 -81 0
36 53 56 0
47 -77 0
-5 17 27 0
16 19 28 0
-27 -45 -86 0
-68 -76 0
-59 68 82 0
12 14 65 0
-32 42 70 0
-5 -10 -85 0
-61 74 -83 0
-12 -17 59 0
-22 -54 63 0
14 -59 66 0
-13 37 -46 0
39 44 48 0
6 -55 -86 0
-1 25 -74 0
15 -26 52 0
5 67 -70 0
-10 -17 48 0
1 -65 0
-56 60 72 0
41 55 0
47 -77 85 0
-24 -85 0
-23 -24 0
7 34 0
46 -80 0
-26 -38 79 0
26 70 87 0
-7 20 -68 0
10 -66 -77 0
24 -34 36 0
-45 52 0
-2 -71 79 0
15 44 -85 0
-18 -36 -45 0
-17 52 -77 0
-4 29 40 0
-24 -57 -88 0
-11 14 26 0
31 -57 -69 0
14 26 -86 0
9 12 0
-40 -46 -68 0
-51 -54 -63 0
-2 32 69 0
17 -30 31 0
-46 64 -65 0
33 56 67 0
-44 -71 -88 0
42 43 86 0
26 -43 68 0
-26 75 -77 0
-25 38 -88 0
9 -46 -58 0
6 35 64 0
17 42 -67 0
-17 19 23 0
9 33 -75 0
1 -60 -79 0
-8 28 -85 0
28 -56 77 0
18 20 29 0
-14 -21 -43 0
-66 -85 0
15 56 0
-21 -36 -67 0
-36 -42 0
9 33 87 0
-4 -15 40 0
-63 -69 0
-29 -35 53 0
2 -51 74 0
-23 -59 83 0
-22 54 0
66 -88 0
18 -42 78 0
-11 65 76 0
5 -50 -73 0
11 29 -58 0
-15 -50 0
-30 33 -88 0
41 70 -81 0
-32 -77 0
28 29 66 0
16 56 -74 0
-2 24 -83 0
16 -18 -86 0
-12 -60 -80 0
-13 -18 86 0
16 20 -66 0
36 -70 -74 0
10 -39 -55 0
32 -44 -57 0
-43 63 74 0
-23 44 71 0
24 28 -88 0
-17 31 50 0
1 2 76 0
3 37 -66 0
-34 67 77 0
5 14 0
19 -78 0
18 34 67 0
-9 -52 -87 0
12 -55 -56 0
-53 69 0
11 23 35 0
-15 17 -23 0
-31 54 -71 0
30 62 -69 0
-28 33 -66 0
-28 48 -60 0
12 25 -52 0
37 49 54 0
30 -71 -88 0
79 82 -83 0
16 -17 0
-63 70 0
4 11 55 0
26 -30 -83 0
3 -77 -85 0
22 30 -85 0
-4 -44 -64 0
12 36 67 0
-63 66 -71 0
21 38 72 0
4 34 35 0
-15 21 66 0
-40 -74 -87 0
-23 -67 -72 0
-20 42 43 0
-41 79 0
-1 -29 86 0
63 -81 0
5 -60 -86 0
35 -47 74 0
-22 43 -73 0
-39 -81 85 0
-25 -29 -45 0
33 58 77 0
15 -56 -84 0
53 66 77 0
17 -42 86 0
37 50 84 0
42 46 0
15 -55 0
-74 -79 81 0
7 21 83 0
12 -23 -61 0
10 -63 65 0
-9 -17 -32 0
-17 -28 49 0
25 -39 44 0
-1 -45 -56 0
3 -47 49 0
7 9 87 0
10 19 43 0
-24 -67 72 0
-16 -47 71 0
-9 -51 -73 0
-22 87 0
20 23 -73 0
-15 -17 80 0
3 11 -48 0
2 -60 0
-1 22 -28 0
3 31 -86 0
6 -12 -49 0
-15 33 36 0
21 44 -45 0
11 57 72 0
-10 32 81 0
-7 -34 -50 0
59 -74 0
32 -43 -59 0
-24 79 82 0
45 68 74 0
17 41 -67 0
19 -40 0
-62 -71 80 0
27 -37 -49 0
56 78 87 0
25 41 0
7 26 -65 0
-9 -17 -41 0
-7 -19 47 0
21 43 65 0
30 -32 67 0
35 -37 -72 0
43 -53 -82 0
-16 -59 -64 0
-4 14 35 0
-10 -29 0
42 55 85 0
4 80 0
10 -26 42 0
8 -30 80 0
-29 55 -72 0
-65 -81 85 0
16 -34 51 0
-9 28 -40 0
39 -58 59 0
-43 -48 -74 0
16 38 -52 0
29 70 -83 0
-17 38 78 0
-32 -73 83 0
-43 68 82 0
7 18 -21 0
5 9 -34 0
-1 -8 -42 0
-57 59 -80 0
-25 -50 -61 0
4 -39 71 0
-18 48 -75 0
3 34 -45 0
56 -57 0
-19 50 66 0
-25 -65 -72 0
53 -55 81 0
-18 -54 0
-25 -72 84 0
28 59 -65 0
2 18 50 0
2 -4 10 0
-21 -44 79 0
-20 44 79 0
37 41 -83 0
34 -45 -62 0
-7 -35 81 0
-36 -40 0
19 54 0
-75 76 0
-37 60 82 0
27 -39 81 0
-7 76 0
-58 74 87 0
-32 -37 41 0
1 34 85 0
-2 -45 -54 0
-29 -58 -63 0
-19 -62 87 0
-2 -62 -87 0
22 51 64 0
35 -86 88 0
-34 61 0
2 -39 73 0
-46 48 64 0
59 -68 83 0
-28 -39 -80 0
-1 3 48 0
15 30 61 0
12 -20 -60 0
-3 46 -77 0
-26 57 0
-13 25 -73 0
10 -11 -46 0
23 26 42 0
-9 -84 0
16 -30 67 0
19 20 -42 0
26 -46 59 0
18 -30 70 0
-33 61 69 0
11 28 33 0
-6 31 -67 0
47 -64 65 0
-37 -40 62 0
51 -64 -67 0
-52 71 0
23 -26 75 0
7 -19 -61 0
10 67 -69 0
2 18 -35 0
5 -32 0
-17 -52 -85 0
2 23 -53 0
14 30 -79 0
27 66 74 0
29 -79 80 0
-5 26 -83 0
28 -36 0
32 -34 57 0
16 -41 -54 0
-27 -56 -59 0
-26 47 48 0
-19 50 86 0
31 44 -54 0
-37 78 0
-40 44 80 0
-24 29 -62 0
-17 -21 67 0
10 -27 69 0
36 -55 59 0
2 53 -79 0
3 -39 -63 0
-31 -48 49 0
39 60 -79 0
2 39 52 0
