p cnf 88 322
-73 77 0
34 44 71 0
77 -79 86 0
-20 -27 65 0
-29 -64 81 0
16 -47 -68 0
68 -80 -87 0
42 -52 0
-7 27 -70 0
15 -53 -61 0
-5 23 43 0
-17 -28 -48 0
-1 -35 -54 0
-15 27 -35 0
-2 -11 13 0
21 87 0
26 -39 -56 0
-32 69 -80 0
-15 49 0
50 -56 63 0
-42 74 78 0
14 32 83 0
-11 37 -81 0
-36 43 -81 0
13 26 -65 0
-13 29 -50 0
-36 65 -68 0
14 35 48 0
-15 -26 -41 0
48 67 -74 0
8 -25 26 0
53 60 63 0
-26 43 0
36 40 -76 0
-45 -51 -80 0
-19 33 -86 0
-9 -21 -24 0
24 78 83 0
-16 75 86 0
22 -61 -86 0
30 60 82 0
28 35 -47 0
22 46 51 0
-22 -77 -78 0
-15 26 -88 0
16 -77 0
20 54 -65 0
66 -78 -83 0
-16 31 72 0
31 -46 81 0
59 -73 0
41 -47 55 0
-82 -84 0
-14 46 82 0
-53 -56 -72 0
-17 43 -59 0
-3 49 0
14 32 -88 0
7 56 78 0
18 -38 72 0
-23 28 44 0
-34 67 0
29 31 -74 0
-5 -12 47 0
14 23 41 0
-53 -56 -70 0
-39 74 81 0
3 49 -82 0
-3 -32 42 0
-2 3 14 0
18 -62 72 0
-12 38 -58 0
-6 -55 -74 0
-33 -47 82 0
10 36 0
40 50 67 0
-9 -17 -55 0
7 -50 -68 0
7 50 -84 0
1 58 -70 0
17 -22 0
-16 68 0
8 61 -69 0
-25 83 0
-75 76 0
8 21 59 0
-63 -78 0
15 63 79 0
-16 -49 80 0
17 -47 0
20 30 -76 0
10 34 -66 0
-8 -63 0
-54 -76 86 0
-4 61 70 0
-68 -75 84 0
-11 -25 -28 0
1 14 -83 0
-41 80 0
-58 -61 67 0
29 44 65 0
15 -18 47 0
-19 21 50 0
6 23 47 0
-42 55 80 0
28 32 -51 0
-3 7 -43 0
-42 57 0
41 -62 -78 0
-5 13 -50 0
61 72 81 0
-51 75 0
48 -59 0
31 40 74 0
-26 27 0
35 -46 0
9 32 87 0
51 -81 -88 0
32 68 -72 0
12 54 -85 0
67 -69 0
16 57 60 0
-2 -59 -73 0
-13 -44 67 0
48 56 -71 0
4 33 58 0
-13 50 -61 0
-38 -66 -80 0
-22 83 84 0
59 -63 64 0
-32 -46 67 0
2 35 77 0
32 -45 -79 0
-6 17 -61 0
-34 43 45 0
3 -54 0
-23 37 -47 0
-1 36 61 0
19 -72 -75 0
-34 -60 66 0
-25 33 -74 0
-34 78 0
9 -55 67 0
-51 -75 0
49 53 79 0
2 6 32 0
-27 60 69 0
61 81 0
-12 14 52 0
-38 45 48 0
-33 42 65 0
-9 -54 75 0
40 -50 77 0
21 33 48 0
62 66 -88 0
-36 50 -57 0
-58 -78 81 0
-3 -51 67 0
-26 -36 -87 0
11 58 -67 0
-17 41 -80 0
37 47 -62 0
-8 -11 0
-11 53 -79 0
-3 9 84 0
7 -27 -84 0
18 70 76 0
52 -57 87 0
-5 -29 41 0
61 -63 88 0
-6 31 0
-25 29 -44 0
-52 -55 -81 0
-20 55 -83 0
25 50 0
12 59 -63 0
-8 -52 76 0
5 -65 -79 0
34 49 -78 0
-44 62 88 0
5 -26 -79 0
-38 -52 59 0
-29 -44 0
-28 40 -87 0
47 55 0
-70 -82 85 0
40 65 0
-1 15 20 0
-27 -53 -85 0
48 -53 0
22 -37 -66 0
-5 -67 -77 0
-1 -40 -57 0
50 66 83 0
24 -66 77 0
-14 31 83 0
-30 41 73 0
-24 87 0
-36 -43 73 0
29 88 0
-34 79 0
-33 -49 60 0
-31 -53 61 0
26 -29 61 0
7 -37 -73 0
28 -29 -54 0
13 21 50 0
45 79 -84 0
15 25 -86 0
-5 -53 67 0
1 -46 63 0
-8 18 0
-17 -33 -58 0
26 -63 64 0
45 72 88 0
42 -74 -84 0
6 30 75 0
-12 -60 0
2 34 0
52 61 0
-22 -57 82 0
-39 57 77 0
-4 -37 -79 0
10 17 0
11 12 0
-4 -28 -66 0
40 61 -70 0
12 83 0
-54 -58 80 0
-4 23 55 0
22 -56 88 0
-27 -34 69 0
-3 -36 -69 0
-11 -13 26 0
36 -60 0
1 -42 64 0
-30 73 -76 0
-22 -57 71 0
7 -18 54 0
2 -9 -21 0
9 -53 -73 0
-14 -23 24 0
13 58 64 0
15 -16 0
23 38 50 0
49 66 76 0
-65 -68 0
-7 -21 0
23 28 -40 0
4 50 57 0
-11 32 50 0
8 -62 86 0
17 -39 48 0
53 62 0
55 -86 0
-14 32 -88 0
-31 -35 86 0
51 62 -84 0
26 -65 -84 0
-43 -64 -82 0
39 -66 74 0
17 -47 -83 0
-33 -37 -73 0
49 -70 -77 0
-22 52 -83 0
-25 -33 -84 0
68 -88 0
-47 55 -64 0
29 -54 63 0
-24 -46 -61 0
65 -86 88 0
-30 -55 0
-53 -73 82 0
-34 -43 -72 0
29 -78 -86 0
12 26 -67 0
-31 -43 71 0
6 29 68 0
-15 66 -73 0
34 -53 -58 0
19 -47 -71 0
-12 22 37 0
-6 26 -54 0
-15 -30 57 0
31 54 -84 0
29 -39 0
11 36 56 0
-27 64 86 0
-39 -41 -56 0
5 27 64 0
-1 -9 14 0
15 -70 0
9 30 76 0
-87 -88 0
-8 76 0
-2 -28 49 0
-2 5 -47 0
-3 20 40 0
-25 39 -44 0
-17 29 87 0
-12 16 -39 0
-12 46 0
6 11 68 0
51 -64 -83 0
-8 -36 48 0
6 -63 77 0
10 73 -85 0
27 59 85 0
-3 35 -59 0
-23 63 -75 0
6 33 78 0
33 50 70 0
-21 51 -68 0
11 -17 0
11 -32 -36 0
-35 -44 -80 0
-2 -39 -58 0
-29 72 -73 0
22 -88 0
59 -81 0
27 -33 43 0
8 -18 -43 0
