p cnf 85 318
51 -72 77 0
11 -45 0
63 -78 0
25 -46 0
-41 -48 -61 0
17 -40 -45 0
17 50 79 0
13 44 0
31 36 0
-11 82 0
47 54 -84 0
-38 -51 0
1 -53 0
1 23 0
-29 -69 0
-7 -49 -65 0
23 -51 53 0
12 -51 81 0
1 74 -78 0
-49 -83 0
13 70 -73 0
-34 -73 75 0
16 -50 -54 0
3 44 56 0
2 -10 -60 0
23 -64 -65 0
14 34 -80 0
3 -41 -63 0
-11 -32 85 0
-13 -48 0
5 -15 -37 0
16 -35 -74 0
-35 -51 -59 0
-1 -3 -81 0
20 27 -47 0
-6 59 -72 0
-3 30 -79 0
-20 48 64 0
10 -13 -26 0
40 43 55 0
-28 57 -82 0
-46 -67 0
23 -75 0
-15 44 59 0
41 -45 0
17 -18 -39 0
-68 72 84 0
21 46 68 0
20 41 -61 0
-36 -42 51 0
-23 56 -78 0
6 -18 73 0
-20 -60 -63 0
-31 33 -34 0
-8 -52 73 0
44 51 57 0
-49 -54 0
29 -48 64 0
-52 -58 0
-26 -39 52 0
-15 -23 33 0
-26 65 -70 0
-32 59 60 0
71 75 -85 0
10 -31 -83 0
-6 -11 -15 0
18 -30 84 0
13 41 0
-22 42 -78 0
-28 -72 -81 0
10 65 76 0
44 45 66 0
33 64 77 0
29 59 -62 0
11 -26 -55 0
18 75 0
-44 -60 -66 0
27 -37 -59 0
-24 27 58 0
-27 70 0
5 59 66 0
-9 -27 0
23 31 -72 0
-21 -78 0
-38 -60 0
-5 53 -85 0
57 -62 81 0
-4 -19 -72 0
-5 -44 -48 0
49 58 61 0
-15 -29 -35 0
-27 -43 70 0
-31 41 -68 0
-59 72 0
-7 74 0
-32 -65 0
-4 13 -64 0
9 46 54 0
-9 22 72 0
-7 -24 57 0
26 -58 72 0
29 -33 -54 0
-14 -24 62 0
21 46 74 0
-34 -45 74 0
-35 38 58 0
39 -56 57 0
-42 -64 73 0
4 -51 83 0
4 -36 -72 0
53 54 -74 0
3 19 64 0
79 -81 0
-43 49 -65 0
11 -46 0
-38 -40 75 0
-45 54 73 0
-23 -48 57 0
-29 74 0
23 46 64 0
21 -56 -75 0
-27 55 57 0
-37 42 -54 0
23 -50 80 0
4 -37 67 0
2 -48 -79 0
-17 -44 0
-47 -53 57 0
28 -29 -55 0
5 -25 56 0
-20 -69 -72 0
6 66 -84 0
33 -62 -76 0
-42 -73 -85 0
11 -15 28 0
-30 31 79 0
15 51 58 0
-7 -29 0
8 44 65 0
4 38 72 0
47 -48 82 0
5 52 -74 0
-2 -11 -43 0
6 37 57 0
35 51 54 0
6 74 80 0
9 21 0
39 -54 72 0
-28 59 -68 0
-21 -23 82 0
11 60 0
-7 16 -77 0
6 13 84 0
3 5 27 0
-5 59 75 0
13 -60 -78 0
3 -38 -44 0
-41 -65 -85 0
-42 -53 0
60 62 71 0
-3 -44 81 0
-35 38 80 0
-29 -68 0
-17 -40 0
-37 -57 -74 0
22 53 0
38 -69 71 0
-37 64 -66 0
-2 37 54 0
24 -29 -80 0
-47 -64 75 0
14 -32 -33 0
40 78 0
-26 53 -54 0
20 -36 49 0
-24 50 0
-6 -22 -41 0
-23 36 -83 0
-48 72 0
-58 65 71 0
-51 83 0
24 -25 75 0
56 -70 0
-64 -68 -81 0
-16 -60 0
-5 -41 67 0
-23 -34 42 0
17 26 -29 0
6 34 -46 0
-17 26 57 0
20 36 0
-7 70 82 0
17 -51 52 0
-56 59 -69 0
75 -83 84 0
23 -25 51 0
-4 32 -84 0
7 24 82 0
1 -38 66 0
35 74 -81 0
-15 -51 83 0
1 27 53 0
6 50 -67 0
-12 -29 41 0
-18 61 -75 0
-17 -54 65 0
-21 44 -59 0
6 34 -46 0
-21 -43 -69 0
14 -50 0
-35 -46 -81 0
3 11 -40 0
-32 46 82 0
-17 18 42 0
29 -55 0
-15 66 80 0
9 -43 73 0
-6 -43 -46 0
-20 -41 -73 0
22 49 63 0
11 -19 57 0
-11 64 0
20 36 -37 0
50 -58 81 0
3 -39 53 0
-15 27 -59 0
52 75 80 0
45 -61 66 0
7 -33 -81 0
15 32 0
48 -69 0
6 -85 0
30 -56 -72 0
-66 85 0
-8 35 64 0
25 47 -59 0
-30 -44 62 0
-41 -72 0
-43 55 -56 0
60 -61 64 0
26 -46 -63 0
-2 76 -83 0
22 -76 0
5 -24 31 0
-18 37 -42 0
55 62 -85 0
22 -31 0
-49 57 -75 0
-3 38 -59 0
-4 -33 -84 0
13 -52 -63 0
10 -68 -71 0
10 26 0
28 52 73 0
-7 -51 0
6 -11 -43 0
2 -21 76 0
18 25 73 0
35 66 0
-21 -85 0
-24 -80 0
-2 -49 -60 0
21 27 0
11 27 -42 0
-17 -51 -58 0
-33 43 59 0
1 42 -59 0
17 -59 0
32 45 84 0
-12 -31 50 0
10 -44 85 0
-14 49 -56 0
-20 -65 -77 0
-18 83 0
-34 51 -84 0
-14 19 -27 0
-9 77 -78 0
-22 -83 85 0
-16 -31 81 0
27 68 0
24 -43 -85 0
45 -50 57 0
-11 -28 -44 0
4 -25 -42 0
14 -21 0
-23 31 84 0
-10 -13 -14 0
32 -66 -83 0
-1 30 70 0
-5 40 -58 0
21 -26 38 0
-2 -41 0
15 30 -48 0
-8 33 44 0
45 80 -84 0
8 9 22 0
8 18 63 0
-68 -77 -83 0
-13 54 -82 0
20 -43 -57 0
-11 -12 39 0
38 41 72 0
68 78 0
24 42 0
-14 -20 0
48 -67 71 0
-1 -22 -38 0
-3 11 83 0
5 -38 -52 0
24 46 61 0
-19 -37 64 0
-32 -62 -83 0
19 61 71 0
-8 31 -72 0
-38 43 -51 0
9 20 -58 0
24 -59 -82 0
52 56 0
