p cnf 93 367
-2 40 54 0
-24 31 47 0
28 31 65 0
36 -70 89 0
24 -29 -65 0
-8 45 73 0
44 -76 82 0
26 37 -61 0
-8 -29 59 0
-28 37 -46 0
-4 54 90 0
-17 44 87 0
-16 -57 82 0
15 -67 81 0
-26 -33 -39 0
27 78 88 0
-10 42 93 0
1 23 60 0
-12 -39 -55 0
18 -53 76 0
2 -31 76 0
-23 -67 85 0
-21 39 50 0
-7 20 89 0
-14 -49 77 0
-33 -57 88 0
3 -45 0
-23 -77 86 0
54 -55 -89 0
43 65 -80 0
11 -39 67 0
14 25 -63 0
11 72 0
-15 -20 -24 0
53 86 0
27 -41 -42 0
14 -85 -88 0
-20 -42 -68 0
17 24 0
4 13 35 0
18 -79 -85 0
9 -19 -68 0
-27 -57 91 0
2 -16 47 0
-64 67 -86 0
12 -20 38 0
18 -22 -58 0
-18 40 -84 0
-41 -69 -78 0
15 31 -41 0
-37 54 69 0
3 -27 50 0
13 -16 -54 0
-23 -68 82 0
14 70 74 0
-37 -77 0
84 -88 0
-47 -64 -91 0
48 86 0
30 35 46 0
6 60 63 0
11 -75 -84 0
25 46 0
-33 -64 -85 0
-11 -52 75 0
5 22 -57 0
-56 -79 -89 0
-27 61 70 0
22 24 -50 0
-9 75 88 0
-25 -69 -89 0
25 54 62 0
-30 -37 74 0
8 -24 -44 0
4 63 78 0
27 -51 -76 0
11 -46 -64 0
-25 30 -84 0
-14 -50 89 0
-13 -21 -91 0
33 64 0
-32 -34 77 0
-31 84 0
10 -12 -27 0
-13 66 73 0
-32 53 -72 0
42 77 -84 0
3 22 85 0
21 33 40 0
57 -74 79 0
22 87 0
33 51 -54 0
-7 20 41 0
-31 -32 92 0
-17 55 -79 0
-15 44 77 0
-50 81 -90 0
-66 -73 89 0
40 51 67 0
-16 43 78 0
53 59 -61 0
51 76 0
-5 -63 -86 0
-9 30 70 0
24 -53 79 0
-46 -51 -84 0
31 -37 -69 0
-26 -28 0
-32 82 88 0
9 41 49 0
-32 68 -80 0
-2 4 37 0
7 33 93 0
21 -49 -59 0
-8 41 43 0
-13 46 93 0
-33 -85 92 0
27 -67 78 0
54 56 -76 0
-25 -36 49 0
43 65 -81 0
-2 -36 -46 0
-43 89 0
-5 46 48 0
-9 -23 62 0
-30 -56 -84 0
-29 31 50 0
10 57 0
10 -47 -83 0
33 66 90 0
33 50 81 0
-1 -72 0
2 9 -74 0
-12 24 42 0
2 14 -54 0
20 -38 74 0
-39 69 77 0
15 24 0
48 -61 75 0
30 -56 89 0
28 61 0
-30 47 72 0
-43 -49 -78 0
19 -29 62 0
18 25 68 0
-5 37 -57 0
54 -62 69 0
1 13 40 0
-3 22 -47 0
55 -82 0
-6 -60 -89 0
-31 -48 73 0
-64 -85 -92 0
52 -65 -90 0
-22 -27 0
-14 -23 54 0
4 -50 -88 0
-31 -52 -66 0
26 -49 -57 0
-17 31 -38 0
9 58 0
-32 -36 69 0
50 69 -85 0
33 57 71 0
-30 -39 73 0
-54 57 58 0
-32 41 47 0
-11 -17 -44 0
-18 -60 91 0
-7 -61 85 0
21 59 79 0
35 -61 -71 0
-37 55 -77 0
-71 -81 -89 0
35 74 86 0
34 58 -60 0
47 51 -82 0
42 -50 -77 0
-16 19 0
-17 18 66 0
-31 -52 65 0
32 -71 0
-33 42 -77 0
-32 45 -52 0
17 30 -50 0
-2 39 -71 0
-17 -44 -53 0
-21 -48 -89 0
32 41 91 0
-9 -20 37 0
13 25 -27 0
10 -13 -81 0
37 62 63 0
-47 -73 82 0
-52 -56 70 0
-14 -48 81 0
-8 -27 -78 0
21 -42 -65 0
-9 36 41 0
-27 -43 -73 0
-12 -59 66 0
-16 29 -53 0
22 -47 -88 0
-37 -58 -63 0
-48 -88 89 0
23 -62 -64 0
28 42 66 0
55 89 92 0
6 -30 54 0
-29 51 -71 0
-2 19 69 0
-40 55 -82 0
22 47 87 0
36 43 -45 0
14 64 71 0
32 78 -91 0
-16 -29 82 0
40 -51 70 0
78 -82 -89 0
-16 49 -59 0
-8 10 -47 0
34 59 60 0
-5 9 53 0
-37 87 90 0
13 50 -90 0
-14 -22 38 0
3 50 58 0
10 25 -81 0
16 -77 -86 0
16 -70 -87 0
-7 -20 -78 0
-73 89 0
47 -66 83 0
-3 22 -38 0
-2 80 84 0
-13 42 -61 0
-48 56 -68 0
-40 67 0
-34 35 -68 0
4 -61 76 0
-37 -47 59 0
-33 -81 0
-20 23 -59 0
-8 27 -70 0
22 -47 -64 0
-54 -79 90 0
38 42 85 0
-17 25 90 0
-6 40 43 0
6 -7 43 0
1 2 25 0
-68 89 0
-19 23 39 0
-27 62 82 0
-3 -13 72 0
-15 -17 -47 0
-17 -68 88 0
2 4 32 0
53 -59 -68 0
-5 -43 -83 0
62 74 92 0
-12 -57 -68 0
26 93 0
-2 48 87 0
4 -65 90 0
16 -79 -84 0
-2 -17 77 0
4 50 85 0
-24 33 -58 0
45 -82 92 0
-60 -69 -78 0
15 46 -85 0
7 -28 64 0
28 55 -91 0
-1 -35 -71 0
-50 53 -83 0
-25 54 -67 0
71 -74 -91 0
-20 40 58 0
11 79 81 0
3 11 -46 0
-5 16 -25 0
17 -30 -67 0
3 62 0
-60 66 80 0
-1 -42 73 0
-14 -67 -82 0
-12 -43 -65 0
30 -34 -42 0
49 -65 0
11 -44 0
40 55 0
27 -37 -57 0
9 -22 76 0
-32 51 -53 0
1 -61 83 0
3 -15 48 0
14 -57 61 0
12 36 0
-14 -34 -57 0
11 -17 -36 0
-13 -35 88 0
-8 53 -55 0
19 68 87 0
-44 -62 88 0
-44 74 -78 0
27 51 -77 0
-59 -61 78 0
23 36 54 0
36 -51 70 0
42 53 74 0
-23 78 -92 0
56 -65 90 0
-38 49 -90 0
50 58 -70 0
15 -29 -73 0
14 38 0
-38 48 87 0
24 -56 -60 0
-21 33 -68 0
-4 13 -14 0
-17 38 69 0
25 73 -78 0
11 35 48 0
-35 -44 57 0
64 77 0
16 42 -64 0
-7 27 -68 0
14 -26 81 0
24 -34 -84 0
-19 -37 86 0
-10 -36 -75 0
3 17 -42 0
26 -77 -86 0
4 -49 -64 0
12 40 58 0
-27 57 -60 0
-4 36 61 0
-27 40 -52 0
27 39 -51 0
-16 82 -88 0
-35 37 49 0
-8 16 -34 0
33 -59 77 0
-2 57 87 0
-19 -20 45 0
-42 -44 -82 0
-8 -50 82 0
-34 43 65 0
-20 87 -88 0
56 -87 93 0
-20 -34 46 0
-34 49 -91 0
-18 -51 -80 0
-5 -52 -86 0
-16 32 51 0
-24 50 -75 0
-24 -51 -57 0
-6 -20 -49 0
-3 -8 -93 0
27 -29 88 0
9 -45 84 0
6 -30 47 0
32 -89 91 0
-20 61 -66 0
-17 56 80 0
-9 22 -79 0
