p cnf 94 363
5 -59 74 0
20 -25 -37 0
23 43 -52 0
37 43 0
43 73 -90 0
-1 68 -69 0
-1 -22 -93 0
9 10 91 0
9 23 -74 0
-40 -43 67 0
6 -23 -77 0
-7 70 90 0
-28 45 -73 0
-35 67 88 0
-8 10 21 0
-5 32 50 0
28 -46 -52 0
-48 -51 -63 0
-5 -73 76 0
-54 65 94 0
-13 -20 75 0
48 88 0
-50 63 -88 0
5 54 -72 0
-45 -76 -90 0
-12 -18 -81 0
8 -42 -64 0
61 -86 -91 0
-23 77 0
5 55 87 0
19 -62 87 0
6 17 73 0
40 -45 76 0
4 -35 0
10 -37 69 0
-4 -43 59 0
-27 47 -80 0
-60 -79 -80 0
-4 -8 31 0
3 33 91 0
9 78 91 0
-2 12 82 0
13 -38 -93 0
31 42 -81 0
78 85 -86 0
-32 87 92 0
-46 93 -94 0
53 -62 -93 0
-15 -61 -66 0
24 78 88 0
-14 -25 -80 0
18 -94 0
17 -41 72 0
-42 63 -67 0
-22 -71 87 0
-15 19 80 0
16 -65 -72 0
20 49 71 0
53 54 -80 0
-18 -40 86 0
38 52 -71 0
-41 74 0
-3 13 -50 0
60 -68 -84 0
2 48 76 0
26 -49 -83 0
29 50 91 0
51 86 88 0
-13 22 -76 0
20 -41 49 0
-43 -66 -68 0
67 79 0
22 -61 -73 0
4 -24 -91 0
24 -31 -34 0
-31 55 93 0
35 -68 0
31 -46 80 0
-68 84 87 0
4 43 -91 0
21 -32 67 0
26 37 46 0
40 56 -89 0
38 -40 0
60 77 -88 0
-3 -29 -64 0
39 53 55 0
-66 -71 -82 0
-62 83 92 0
-20 35 -42 0
25 -36 -65 0
-20 27 -78 0
60 -66 -85 0
-29 -47 50 0
-45 -47 91 0
29 71 0
-13 -26 -59 0
-9 -37 51 0
7 -14 -88 0
13 -44 -89 0
-15 -19 -56 0
10 -30 -48 0
-60 64 -82 0
-61 64 -66 0
9 18 63 0
-33 -61 0
18 83 -94 0
26 -59 91 0
-12 56 93 0
-56 61 83 0
4 9 50 0
-10 18 30 0
-18 -58 -63 0
-30 -90 -92 0
-6 -22 -29 0
-69 85 92 0
-20 23 28 0
-42 47 -79 0
-31 -40 -46 0
-54 -78 86 0
58 -59 90 0
-45 -49 -70 0
18 -76 81 0
-55 67 70 0
-42 -56 57 0
-4 -55 0
27 28 48 0
9 19 -71 0
15 -27 78 0
-3 -5 -24 0
-19 43 -85 0
26 -48 0
-53 56 74 0
12 43 68 0
-34 47 0
-6 43 -75 0
31 -45 -65 0
-3 -49 52 0
59 86 0
-46 47 62 0
-28 -47 -63 0
29 -34 -86 0
36 -73 -78 0
-12 82 93 0
36 41 -71 0
-19 34 -79 0
9 83 0
-12 57 75 0
-6 31 0
58 75 93 0
41 45 60 0
-9 -69 -88 0
5 7 -20 0
14 -23 -29 0
5 31 42 0
34 66 81 0
41 -78 -93 0
35 -38 79 0
-19 -24 76 0
-24 25 -81 0
82 -88 0
-9 40 -53 0
5 -77 0
-2 47 57 0
-33 -55 -94 0
-24 73 -83 0
8 -49 -77 0
-6 -40 52 0
9 16 28 0
3 -21 41 0
-28 -37 48 0
24 -38 0
8 29 67 0
-33 -81 86 0
16 -50 -54 0
21 64 83 0
-52 65 -91 0
-72 -80 81 0
-33 -69 -84 0
-21 29 78 0
10 -22 94 0
-49 67 86 0
-1 -28 62 0
-16 77 -82 0
-33 52 69 0
19 28 38 0
-12 -66 68 0
-37 61 82 0
10 49 89 0
-12 -16 93 0
6 -20 62 0
-39 79 0
25 -38 54 0
-15 49 66 0
-73 80 83 0
38 -40 46 0
-3 68 82 0
45 51 -69 0
-37 79 93 0
-5 85 94 0
29 -36 -75 0
56 -72 85 0
-1 17 -34 0
-33 -72 78 0
37 -67 69 0
51 68 93 0
-17 34 -57 0
36 -87 -90 0
-14 -30 -45 0
37 43 0
-28 -43 73 0
-30 -82 -85 0
-20 -32 37 0
-20 -59 -60 0
-25 74 77 0
13 39 82 0
-46 -51 0
32 -90 0
-35 49 55 0
-12 -68 76 0
20 -24 41 0
39 -57 -61 0
-1 -28 89 0
-30 -33 88 0
-5 -49 59 0
-5 7 50 0
43 44 74 0
-6 -42 73 0
-13 -29 31 0
11 -53 -80 0
29 36 92 0
-65 94 0
-17 -21 -49 0
-9 49 55 0
-3 -7 0
-11 59 -89 0
19 22 -54 0
69 -74 86 0
-37 -49 52 0
1 -39 -62 0
-31 -71 0
42 60 0
-5 45 -86 0
37 75 -82 0
-57 -66 -80 0
2 -39 68 0
18 -64 -78 0
-25 -71 90 0
-2 72 -76 0
-53 -55 -85 0
12 -22 -26 0
26 -40 53 0
24 -62 -77 0
-68 70 -71 0
-41 -45 68 0
17 51 -88 0
37 -58 62 0
18 -52 -80 0
-12 -69 -90 0
-2 52 84 0
14 88 89 0
11 -28 93 0
7 -61 -62 0
-29 -76 83 0
71 76 -82 0
23 57 -81 0
-1 -36 -76 0
-62 63 69 0
-54 83 0
-24 40 85 0
10 15 -72 0
59 -68 -82 0
23 -46 55 0
43 76 86 0
-21 71 -84 0
3 28 -32 0
5 31 -32 0
25 -36 -59 0
33 37 42 0
67 71 -88 0
-25 -32 -73 0
7 43 65 0
-14 86 89 0
-8 -15 93 0
7 -25 80 0
-13 37 -91 0
4 -77 90 0
-21 -49 50 0
24 -82 89 0
36 -38 62 0
-11 77 82 0
-35 46 67 0
23 77 88 0
38 -49 72 0
-22 32 -60 0
-4 -26 80 0
4 -22 71 0
15 -34 43 0
-23 -36 -70 0
11 40 -41 0
16 -42 55 0
-25 -48 81 0
23 51 64 0
-73 78 89 0
-4 8 -51 0
20 37 -45 0
-7 19 52 0
77 82 -90 0
16 55 -93 0
34 -39 -91 0
5 -24 80 0
49 -64 72 0
13 -33 -58 0
39 -44 63 0
-4 -42 88 0
44 -48 59 0
29 47 -90 0
-56 -72 85 0
8 -42 72 0
56 -83 90 0
13 42 88 0
-44 -52 87 0
46 50 -84 0
-38 47 -82 0
-4 -82 85 0
-13 -40 71 0
55 72 -91 0
7 9 -85 0
48 54 -92 0
-35 -47 -83 0
-26 36 41 0
15 62 88 0
12 -45 67 0
-60 77 82 0
22 77 -81 0
-11 -38 94 0
4 -62 -65 0
65 71 88 0
16 68 -83 0
4 -27 49 0
-30 71 -80 0
66 -77 0
-34 57 -92 0
2 47 51 0
60 -61 -62 0
-3 -49 -83 0
-8 -22 34 0
-18 89 0
-4 67 78 0
-9 -57 0
13 -68 74 0
-7 -33 73 0
4 31 -83 0
11 57 83 0
24 -36 82 0
-74 -77 91 0
18 39 86 0
27 -73 0
9 -36 41 0
-34 -35 -69 0
33 56 66 0
4 13 -55 0
-48 -65 -94 0
