p cnf 86 335
34 -48 -54 0
-22 68 0
-68 75 0
13 -48 51 0
-4 -11 86 0
49 52 -63 0
-11 -24 -56 0
73 77 -78 0
-51 62 76 0
-2 37 73 0
47 -49 -68 0
34 -62 63 0
-7 33 52 0
68 76 84 0
-45 -59 -72 0
44 46 76 0
26 32 81 0
2 -45 0
38 -44 45 0
-29 56 -78 0
-25 -28 0
28 -54 82 0
33 57 85 0
15 23 33 0
-14 40 58 0
36 -81 84 0
41 75 86 0
-7 9 12 0
-15 -22 24 0
2 17 -79 0
-23 -45 0
34 68 -72 0
24 -43 -58 0
21 68 -70 0
-8 -17 40 0
-80 -84 0
72 79 82 0
24 -42 82 0
21 31 0
55 82 -84 0
7 -27 71 0
-3 37 -53 0
33 -60 0
10 16 77 0
-18 29 -78 0
6 -24 48 0
50 78 -80 0
5 -12 86 0
-21 -51 83 0
79 -83 -84 0
-37 54 -76 0
-15 55 0
-71 -80 0
26 -41 -73 0
65 70 -78 0
-11 -29 -41 0
-14 -38 64 0
38 -56 59 0
-15 -20 -61 0
1 18 -33 0
-24 49 0
-27 -40 82 0
14 18 79 0
16 25 40 0
-29 -46 84 0
-7 -53 64 0
10 30 -50 0
14 23 74 0
2 17 0
-21 46 49 0
-43 60 65 0
72 78 -82 0
-18 -46 67 0
-8 34 51 0
-10 43 0
-58 -63 0
22 29 69 0
12 -53 0
10 -73 0
-18 25 -59 0
21 24 66 0
30 35 0
-12 52 0
-12 -53 71 0
29 31 -64 0
20 41 85 0
20 -50 86 0
14 -48 -62 0
6 33 74 0
-13 -30 -72 0
-54 75 -79 0
3 13 45 0
-10 59 0
-21 -28 77 0
4 -26 52 0
-27 78 -85 0
20 -24 81 0
-49 74 -86 0
12 24 69 0
17 -41 -79 0
13 -23 -46 0
-20 -22 82 0
-22 -37 -62 0
-5 27 49 0
-39 40 -65 0
-2 -5 -74 0
4 -21 -58 0
-8 -12 -53 0
-29 74 86 0
-15 42 -81 0
-11 -40 0
19 -57 0
17 -61 -68 0
37 -44 -78 0
16 21 -62 0
-39 40 0
-4 35 68 0
-47 -56 0
-12 -13 -54 0
-6 -38 39 0
12 77 84 0
-6 18 75 0
23 52 0
-53 -77 0
-24 -53 72 0
-12 -35 -76 0
7 12 44 0
-25 49 0
-8 58 0
50 53 58 0
6 -54 61 0
12 82 85 0
4 5 -73 0
74 80 0
46 49 -69 0
49 -66 0
-48 -66 79 0
-36 62 75 0
44 -84 0
37 -38 86 0
7 -29 0
8 -35 -61 0
-13 49 0
-7 82 0
22 -25 52 0
-2 -40 0
3 15 -20 0
-3 42 -46 0
26 -32 -49 0
10 30 -45 0
-38 -48 -51 0
-20 -29 66 0
-24 -61 77 0
2 31 -82 0
11 -24 0
-20 80 -83 0
17 67 78 0
6 55 -58 0
-48 -50 52 0
-6 -43 85 0
-79 -80 0
-21 23 0
45 47 -53 0
-42 -56 64 0
-3 8 -73 0
21 33 -62 0
31 -33 -56 0
-44 -50 63 0
-16 -51 -67 0
46 -59 83 0
49 55 56 0
-19 -24 -28 0
76 -79 81 0
6 -50 -63 0
-17 41 -57 0
-1 -10 41 0
18 50 76 0
33 -84 0
16 62 83 0
28 47 66 0
-16 -46 71 0
3 -20 -38 0
64 81 -84 0
-15 -52 -70 0
-7 15 -24 0
53 54 56 0
33 66 -77 0
-22 -43 70 0
-28 41 84 0
8 29 68 0
24 -61 -84 0
11 -46 -81 0
-58 -68 -73 0
-11 -46 -59 0
20 -58 74 0
4 34 -66 0
46 -52 0
9 -65 -72 0
8 30 -84 0
48 -49 -71 0
-7 -46 0
-4 -25 52 0
-27 -45 0
-19 25 78 0
2 -9 -18 0
14 27 66 0
17 -27 53 0
-17 56 -75 0
-75 83 84 0
-31 64 -83 0
-6 7 22 0
-27 56 -69 0
26 28 -80 0
-13 -38 0
6 71 84 0
-58 -74 -81 0
57 81 0
46 -62 81 0
23 -61 0
-9 34 48 0
33 -53 0
-26 48 72 0
-19 -65 85 0
42 -55 58 0
3 34 -61 0
-37 39 -71 0
22 47 52 0
-17 -28 54 0
-2 44 0
47 -75 0
-61 62 64 0
-21 72 0
-2 -4 -74 0
-4 -8 53 0
27 -47 59 0
-19 49 -51 0
19 22 0
-45 -80 0
-38 -83 -84 0
19 -84 0
-36 54 0
13 47 0
50 -58 -59 0
19 -37 47 0
-14 39 -43 0
-3 -5 47 0
16 -36 86 0
-1 -47 -51 0
59 67 0
-44 51 -81 0
19 -59 63 0
3 -12 -32 0
5 -17 40 0
19 -26 -76 0
27 -29 -40 0
30 -60 -73 0
-7 27 0
2 49 -58 0
37 -48 71 0
5 10 0
3 46 -52 0
-15 27 -56 0
10 44 46 0
-35 52 0
66 72 -76 0
-20 23 39 0
-4 -63 -81 0
29 59 76 0
30 -37 83 0
-24 53 77 0
-68 -70 -73 0
3 -22 34 0
-5 -21 -54 0
-23 -62 0
22 38 64 0
42 -73 0
-36 65 0
-13 -50 60 0
-45 -58 63 0
4 -23 -47 0
-3 -17 42 0
-62 77 0
33 55 81 0
-4 30 -73 0
-8 -20 -61 0
-58 67 68 0
39 -41 51 0
-9 -34 0
-20 -62 -72 0
20 -31 37 0
8 -33 58 0
-44 -45 84 0
26 61 63 0
48 75 81 0
-26 -35 79 0
-45 67 70 0
-18 65 -79 0
-29 -31 -32 0
22 -30 -55 0
-26 -35 0
-12 -58 -71 0
16 42 64 0
19 -37 -64 0
-45 50 -51 0
-56 -62 74 0
-33 -69 -79 0
54 -57 0
54 60 63 0
-55 74 85 0
-14 -24 63 0
-4 41 62 0
-7 69 -74 0
7 -38 46 0
12 22 -79 0
-21 -36 -59 0
21 74 0
74 83 0
6 54 58 0
5 -8 -30 0
-41 70 -84 0
6 38 82 0
43 -69 81 0
-14 43 -55 0
-20 58 -84 0
-10 -34 -48 0
8 40 85 0
4 68 0
20 26 -77 0
-21 31 57 0
-17 60 63 0
17 44 0
-35 46 79 0
-45 -52 0
7 -73 78 0
45 -54 86 0
