p cnf 85 310
31 -35 -51 0
-38 42 48 0
-60 74 0
-19 81 -82 0
38 64 68 0
14 20 61 0
-9 -14 17 0
-25 41 -76 0
26 -30 45 0
14 73 0
-28 -51 -77 0
-37 39 -80 0
3 12 -22 0
77 80 0
23 -48 0
3 4 -76 0
28 69 0
8 11 62 0
1 -35 -36 0
-58 -69 75 0
-5 82 0
16 -32 0
10 -20 28 0
-5 13 31 0
-34 44 -50 0
7 -48 54 0
19 37 0
27 -44 -57 0
-13 -18 -57 0
-4 -48 58 0
-11 25 34 0
43 -45 -57 0
-15 18 50 0
-5 -37 -76 0
13 18 -52 0
11 43 -85 0
35 -37 -40 0
-2 -45 57 0
-7 21 71 0
-1 -11 -36 0
-10 -55 -57 0
-42 -54 -73 0
11 -21 0
46 -54 85 0
-40 -53 -74 0
35 -38 49 0
-13 -15 -46 0
-65 -79 -85 0
35 -58 -75 0
-33 68 70 0
-16 59 0
3 55 -83 0
55 60 85 0
14 41 -84 0
9 11 19 0
27 -78 80 0
34 -47 85 0
66 -85 0
11 58 66 0
11 -18 0
-17 -43 52 0
-58 68 -73 0
64 75 83 0
-23 -47 0
14 -19 53 0
49 -50 -61 0
26 74 -82 0
73 -78 0
2 -59 -69 0
32 33 -39 0
15 -24 -85 0
14 31 -78 0
21 -30 51 0
15 44 69 0
-2 45 0
-8 -34 65 0
-13 -16 85 0
17 36 0
2 -17 66 0
73 76 -83 0
-28 -66 83 0
42 -73 79 0
-53 -62 78 0
-36 -40 -82 0
-10 21 59 0
-39 42 66 0
-33 48 -71 0
2 -80 -82 0
-25 -26 84 0
9 -16 24 0
21 78 0
41 42 -84 0
8 16 29 0
-28 63 -79 0
-3 -52 -78 0
-11 -76 0
5 -14 0
25 -28 32 0
23 -38 -57 0
15 -30 66 0
27 -48 66 0
-17 -48 0
14 17 0
-30 -41 -48 0
6 -38 48 0
-9 -31 0
15 60 -70 0
-2 -35 75 0
15 -79 -80 0
27 82 0
40 46 -70 0
39 -78 0
-47 59 74 0
28 54 72 0
-41 49 -54 0
1 3 46 0
14 -65 -85 0
-37 -57 0
-36 -62 80 0
-43 -55 -84 0
15 -57 0
-6 22 56 0
30 -60 -71 0
9 18 -56 0
37 -40 56 0
30 -60 -61 0
-38 59 0
-16 -58 72 0
33 51 76 0
29 68 0
38 67 -80 0
11 -12 -51 0
-17 27 53 0
-23 25 0
2 -80 81 0
-27 -49 -85 0
-28 45 -85 0
-28 -32 33 0
-26 45 0
-21 26 0
43 -68 69 0
16 -74 0
10 18 -56 0
12 17 58 0
-42 -70 81 0
21 77 0
9 -76 -84 0
-22 24 77 0
-31 69 0
61 -66 -76 0
-6 48 -55 0
24 -58 0
4 19 23 0
-8 24 31 0
-40 -43 58 0
-30 -44 -69 0
-5 45 71 0
-34 -54 -57 0
-6 27 35 0
-24 31 -36 0
6 -27 41 0
18 -82 0
-65 -82 0
42 -63 -71 0
-33 -69 71 0
3 14 55 0
-19 -37 60 0
39 -45 75 0
4 48 55 0
-20 -22 0
16 44 -67 0
-17 55 -58 0
-13 -16 -38 0
-21 -34 68 0
55 -75 -80 0
7 53 63 0
2 -43 -56 0
79 -80 82 0
-49 53 -68 0
51 -68 -80 0
-26 -51 70 0
-23 -78 0
-7 -53 -59 0
21 -37 -75 0
6 -8 -53 0
-18 -20 30 0
2 38 84 0
34 -42 -62 0
16 -44 -54 0
-18 65 81 0
16 -59 69 0
28 -36 82 0
25 -48 75 0
19 -20 -35 0
-34 44 0
50 -67 -76 0
12 16 -32 0
40 -50 0
-11 -27 40 0
14 -21 -52 0
57 -59 80 0
11 -26 -39 0
-18 23 0
49 -51 77 0
-34 -44 -57 0
-56 78 0
-25 68 0
-25 29 -53 0
-12 -54 0
-58 64 -76 0
-25 35 84 0
-11 24 -46 0
6 17 38 0
2 -40 -70 0
-7 14 0
-19 34 -82 0
30 -83 0
8 13 81 0
16 49 -74 0
28 -36 -51 0
-17 -42 -73 0
-37 65 72 0
25 26 -30 0
18 -53 83 0
32 -56 -76 0
-19 -71 78 0
-3 -61 -77 0
-26 -36 61 0
4 -11 41 0
9 28 -60 0
10 26 33 0
-41 -60 -62 0
55 -57 -76 0
25 32 -59 0
-56 77 0
21 -67 -79 0
-18 70 -82 0
40 -59 0
5 58 0
-22 73 0
-7 -36 80 0
-6 -12 67 0
-7 -21 -73 0
25 -47 68 0
36 -62 -73 0
8 -19 28 0
-29 68 77 0
-35 -68 0
67 75 80 0
44 -61 -71 0
20 51 67 0
52 -53 -77 0
18 81 82 0
5 6 78 0
17 57 0
-74 77 0
-5 50 79 0
77 84 0
-38 51 85 0
11 70 0
-15 49 0
-28 -44 -72 0
21 23 0
67 -76 84 0
10 -18 83 0
-6 18 39 0
11 -23 61 0
26 -36 0
-23 43 -48 0
-17 60 -62 0
18 -28 -62 0
49 -65 85 0
-5 -42 58 0
11 28 -53 0
-5 26 -46 0
-14 -22 29 0
-21 77 0
11 43 -71 0
26 -63 74 0
-18 52 84 0
-2 -11 -64 0
21 -62 -82 0
42 78 -83 0
-13 -34 54 0
-9 -40 0
-2 16 69 0
-18 64 -69 0
-13 45 -77 0
-63 -85 0
24 -77 0
7 -9 63 0
-13 28 52 0
-66 -80 0
26 -51 -66 0
10 -45 -60 0
10 -19 -45 0
-49 -69 0
-27 -54 -60 0
2 31 0
21 36 49 0
-27 -35 47 0
-4 39 -48 0
-9 37 -84 0
66 -67 -78 0
23 -25 -65 0
11 47 61 0
-21 43 44 0
1 9 64 0
23 70 77 0
-22 39 52 0
