p cnf 95 371
-71 81 89 0
-41 82 -86 0
-28 -78 -86 0
-1 57 -82 0
-8 -10 -89 0
7 -32 75 0
-37 84 0
-4 -23 62 0
-57 -58 -79 0
-11 -53 -56 0
59 -80 0
34 45 92 0
43 -68 90 0
-1 39 52 0
-5 21 -66 0
20 -33 -92 0
8 -75 -80 0
52 73 91 0
8 67 77 0
-16 54 -65 0
6 20 -70 0
61 66 0
-13 43 -80 0
-19 42 94 0
3 -16 61 0
-10 -95 0
39 -57 77 0
-31 -51 82 0
-16 -65 80 0
-5 -18 58 0
-50 79 93 0
-36 50 63 0
-19 -43 -61 0
-41 80 82 0
-30 56 81 0
-42 -53 -86 0
-45 79 87 0
3 10 -62 0
5 10 93 0
-7 16 27 0
-75 -86 -91 0
-2 31 55 0
-4 63 -89 0
-43 -66 94 0
-25 39 65 0
6 66 -90 0
-5 15 70 0
21 42 45 0
-9 28 94 0
53 -54 89 0
-16 -57 -85 0
19 -27 42 0
13 -54 79 0
-17 -45 87 0
-34 54 63 0
-43 54 -68 0
-69 82 0
41 -46 -74 0
55 -56 -60 0
-28 -48 -60 0
6 -21 -53 0
-7 64 -85 0
-17 -39 -61 0
54 61 -85 0
-8 68 -91 0
26 -45 -93 0
-64 -93 94 0
-32 -35 71 0
20 -58 0
16 26 35 0
-19 29 54 0
1 -50 89 0
-10 63 -69 0
4 6 84 0
24 34 -90 0
-13 45 -62 0
-3 4 -7 0
-31 71 -92 0
26 69 -76 0
-20 48 -60 0
-49 -51 85 0
19 -48 77 0
-37 41 -75 0
3 -27 -66 0
-31 40 46 0
-69 72 78 0
26 75 -89 0
6 13 86 0
51 55 -73 0
-11 22 72 0
-9 18 -56 0
23 46 47 0
21 35 -68 0
56 59 -83 0
48 -51 93 0
-62 85 -94 0
15 59 -91 0
46 -47 66 0
5 16 -61 0
40 -45 74 0
49 63 -78 0
-26 -76 89 0
18 -65 78 0
9 12 28 0
4 62 -63 0
-44 -78 -79 0
1 46 94 0
-12 23 46 0
-55 -69 73 0
-35 -61 -91 0
-39 -56 69 0
30 -40 68 0
65 90 -94 0
27 67 -83 0
1 -4 -13 0
54 -75 -83 0
-25 -39 -58 0
-32 48 -77 0
-7 61 75 0
-23 -33 54 0
-4 -10 80 0
-7 -10 56 0
-20 -60 -84 0
6 -34 -38 0
-74 77 -87 0
-15 -32 -91 0
-2 -35 50 0
-30 35 72 0
-19 93 -94 0
-5 20 92 0
-25 -39 57 0
-32 -62 -91 0
-14 41 -59 0
-14 -30 42 0
65 -66 0
44 -66 91 0
-16 17 78 0
2 -7 64 0
-4 20 88 0
34 -85 87 0
4 -42 0
-21 -29 32 0
38 82 -90 0
25 -72 -91 0
25 64 -79 0
8 -41 93 0
-89 -90 93 0
49 -85 92 0
14 -57 -73 0
-24 54 91 0
49 61 71 0
7 -48 95 0
-3 37 52 0
23 70 -71 0
-29 49 51 0
16 36 57 0
3 -36 -51 0
-31 -62 0
-3 13 -55 0
-13 33 43 0
-13 -50 -92 0
-43 -57 79 0
57 87 -94 0
-16 17 -78 0
-66 81 -88 0
-3 -33 -74 0
65 66 -88 0
-24 -39 -56 0
1 31 66 0
22 29 56 0
-32 61 -71 0
37 53 -90 0
24 41 68 0
31 71 72 0
24 -48 66 0
-3 -29 43 0
-12 -88 95 0
67 77 0
-9 57 -74 0
-8 -14 36 0
-2 20 67 0
11 -29 93 0
-10 -78 0
-2 62 84 0
1 -12 37 0
25 51 54 0
4 17 0
-34 -78 94 0
42 75 0
-41 45 82 0
-58 87 -93 0
-4 -15 -56 0
15 62 63 0
55 64 -81 0
46 -49 74 0
-38 52 -95 0
58 61 73 0
46 -88 0
-17 28 -57 0
-33 73 -90 0
44 -52 -78 0
28 51 88 0
9 27 -57 0
5 62 78 0
-1 43 52 0
-15 20 40 0
-68 -76 -81 0
-34 -43 -51 0
-29 65 84 0
-10 62 79 0
-2 -39 78 0
-35 62 -92 0
-60 -61 -84 0
18 53 -65 0
53 71 91 0
-2 -48 -59 0
52 72 -90 0
-58 -61 90 0
-31 67 -85 0
4 22 54 0
-18 -80 85 0
-26 31 -81 0
29 -45 69 0
58 62 94 0
-13 80 90 0
22 67 -80 0
12 72 -79 0
-46 -49 0
35 58 -91 0
-21 -43 -89 0
37 52 86 0
32 -41 49 0
-32 -42 -46 0
10 28 76 0
51 71 -78 0
21 41 46 0
-13 -87 95 0
15 -73 -87 0
-27 78 -92 0
-1 7 24 0
-53 54 -80 0
-3 -24 -29 0
-27 -85 86 0
18 -87 -89 0
42 -45 72 0
30 47 85 0
-51 54 70 0
-16 -25 57 0
12 -85 -93 0
-18 24 29 0
13 38 46 0
-39 -58 -75 0
-16 41 55 0
33 -50 -81 0
-8 -9 -39 0
17 39 -70 0
30 -77 -87 0
13 -63 91 0
38 -93 0
-19 24 -84 0
4 20 55 0
16 -83 85 0
1 -7 -52 0
-24 -63 86 0
60 -62 -67 0
-14 23 78 0
13 -51 75 0
8 53 -92 0
38 79 -80 0
-29 64 -70 0
-29 62 -64 0
31 81 -85 0
33 -42 85 0
30 64 -65 0
44 91 0
-28 -83 -90 0
1 35 82 0
4 22 38 0
28 -68 -95 0
-46 83 -88 0
-21 28 92 0
-20 -77 -87 0
5 34 79 0
13 -37 -47 0
-36 -40 -68 0
3 21 -43 0
-8 54 60 0
-48 -77 95 0
-26 -52 -84 0
35 42 -71 0
-6 45 50 0
-20 64 -72 0
15 23 -73 0
44 54 58 0
7 32 -38 0
11 -65 84 0
40 -58 63 0
2 16 21 0
69 -82 -89 0
-11 -59 -93 0
51 54 69 0
-2 -33 34 0
-52 -67 84 0
-5 -34 -45 0
-20 -40 -50 0
-8 -31 70 0
-39 -67 -82 0
-34 -46 94 0
-4 9 29 0
-7 43 73 0
6 66 75 0
6 16 78 0
66 -67 0
-21 26 47 0
-21 -44 72 0
1 72 -80 0
-2 63 -76 0
-49 79 85 0
-4 32 -66 0
-60 86 95 0
4 6 -87 0
-14 25 -91 0
40 53 -58 0
-16 -49 -76 0
35 -59 -88 0
59 89 0
3 -39 -44 0
45 -55 63 0
-23 -30 -48 0
49 68 -90 0
30 -43 -60 0
-10 -14 -39 0
58 -85 0
24 57 67 0
-43 -62 72 0
-30 -33 -77 0
58 -64 -74 0
1 -86 92 0
-6 16 92 0
-32 -34 77 0
4 -28 -82 0
47 -52 -75 0
-44 -53 81 0
-22 -34 -89 0
28 69 -93 0
10 20 38 0
44 -50 88 0
-11 38 -39 0
31 63 67 0
69 78 93 0
17 21 69 0
14 -55 63 0
17 -25 37 0
-8 -11 -68 0
4 -62 91 0
3 7 49 0
-55 -62 63 0
18 -23 -45 0
23 -28 -66 0
-21 -42 0
40 45 -88 0
-1 -16 57 0
5 -21 65 0
11 16 -30 0
79 -89 0
16 -50 56 0
18 36 -61 0
-24 -49 -83 0
1 -16 -88 0
5 -10 18 0
24 -87 90 0
