p cnf 91 350
12 -22 -62 0
-2 70 83 0
-23 -62 0
-2 -15 26 0
11 -65 -89 0
-23 -52 82 0
32 35 63 0
-64 -65 68 0
-25 -42 0
-3 -40 89 0
-37 -47 85 0
-9 34 58 0
-44 -55 -57 0
9 -28 56 0
29 32 39 0
-31 -81 89 0
16 22 24 0
-2 32 87 0
21 47 91 0
1 20 -61 0
-2 -12 0
28 37 54 0
13 78 89 0
-1 -8 25 0
-6 12 75 0
16 -70 75 0
16 -86 88 0
24 81 0
-5 17 -26 0
41 55 -78 0
11 46 -84 0
-19 -36 -56 0
-47 -77 83 0
-1 36 -39 0
-4 -29 -40 0
2 25 -42 0
-10 -30 46 0
-13 -40 -57 0
5 44 -61 0
50 -65 -83 0
21 83 85 0
-5 -73 -74 0
37 59 0
-21 39 -77 0
13 -49 -52 0
-7 -12 76 0
-2 23 61 0
-24 69 0
-20 27 -62 0
14 -23 -43 0
-7 36 -65 0
-42 54 59 0
9 55 73 0
-13 -40 67 0
8 49 79 0
-23 -40 -73 0
31 -91 0
12 -62 -75 0
33 -75 -86 0
-6 -55 -79 0
31 71 73 0
-28 -29 -57 0
-66 83 0
12 -55 75 0
-14 -30 -54 0
20 -34 61 0
19 -22 77 0
37 58 76 0
14 -16 -72 0
14 19 45 0
-76 81 0
13 -60 -73 0
28 -53 55 0
34 38 0
-22 -64 -75 0
-6 -42 57 0
-11 39 43 0
-19 31 55 0
-26 -42 -88 0
9 47 -62 0
29 49 87 0
3 -7 -29 0
-4 -26 55 0
3 27 -77 0
-21 78 -80 0
-10 77 -87 0
-45 68 -79 0
-32 51 -69 0
4 50 67 0
-36 -46 65 0
-9 -32 77 0
14 15 -35 0
-15 43 79 0
-6 -44 53 0
10 -50 -78 0
-1 54 -69 0
39 41 -83 0
25 -77 -83 0
31 39 86 0
-19 -24 -62 0
-12 -69 75 0
13 -59 89 0
-15 -20 69 0
-2 17 70 0
1 -54 86 0
3 83 88 0
32 -42 -72 0
15 -19 29 0
-59 83 89 0
-17 31 76 0
26 32 88 0
-8 -14 -50 0
-39 54 86 0
-13 24 0
-57 66 67 0
46 -47 -53 0
-60 76 0
-25 -72 87 0
67 69 89 0
-23 35 -53 0
2 45 0
29 -42 -58 0
-39 42 0
-7 -10 -68 0
-1 16 0
46 47 70 0
35 41 -51 0
8 24 -29 0
-17 20 -55 0
-5 89 0
-21 34 -37 0
11 -18 -70 0
44 -61 -65 0
17 -55 0
3 30 87 0
18 82 0
9 -19 67 0
-2 -47 -57 0
45 -60 -72 0
-37 72 -82 0
47 -53 68 0
-4 -39 -88 0
-6 -37 60 0
-2 3 0
13 18 -45 0
56 -65 75 0
62 66 91 0
2 57 68 0
5 -56 -60 0
8 -12 71 0
16 -33 -34 0
36 -48 -54 0
35 -55 -71 0
26 33 -62 0
16 -56 70 0
26 85 0
36 44 -79 0
10 33 -82 0
-5 -65 -67 0
-5 -7 -43 0
14 -71 0
-23 -57 66 0
21 65 0
4 21 78 0
38 58 66 0
15 -38 -77 0
-18 -71 90 0
-7 -11 21 0
-1 18 -65 0
4 -7 59 0
28 -75 -78 0
-14 20 -34 0
-85 -91 0
-72 82 0
-49 78 88 0
5 66 80 0
-8 39 75 0
-72 -78 0
-6 -59 -88 0
18 -23 50 0
1 55 83 0
-11 -34 -71 0
6 16 -38 0
-23 -35 -86 0
-23 34 0
15 -25 76 0
-63 -90 0
-55 -60 -79 0
26 -27 -51 0
10 -21 -22 0
-30 69 0
2 -18 -75 0
-6 53 67 0
-51 53 -88 0
33 -67 83 0
1 -19 -74 0
-11 15 42 0
37 -47 53 0
6 22 57 0
-9 12 36 0
11 -19 -69 0
23 42 46 0
36 -42 -59 0
29 -40 -77 0
12 -42 54 0
-49 54 -88 0
4 46 58 0
-46 -64 -89 0
-34 47 88 0
5 74 0
-20 -45 81 0
24 -43 -68 0
-39 -58 -74 0
-26 -45 58 0
-1 25 -83 0
-4 43 87 0
8 20 42 0
-20 -34 -39 0
15 -57 -68 0
16 27 90 0
24 26 -54 0
56 -60 85 0
-1 42 74 0
-25 47 91 0
31 -59 69 0
-31 -51 -74 0
-17 47 49 0
13 56 0
-9 33 -71 0
8 -40 -55 0
16 -32 -42 0
-21 50 71 0
22 -45 79 0
-16 36 52 0
26 62 77 0
46 82 -84 0
-50 58 -62 0
10 -59 -89 0
19 -73 -76 0
46 -50 82 0
20 73 88 0
31 -54 -58 0
-4 64 -82 0
-20 -23 -24 0
-36 43 65 0
17 -56 87 0
-8 10 77 0
12 32 0
-9 -35 -80 0
-11 -53 64 0
12 23 -81 0
14 19 -76 0
2 63 82 0
-43 -55 -59 0
-20 -36 0
-17 87 0
4 36 82 0
24 -52 86 0
62 63 -73 0
-9 -57 -82 0
-22 46 88 0
20 29 0
-11 -65 81 0
-15 -43 49 0
7 -71 0
61 77 0
-9 18 -44 0
-33 45 61 0
-2 9 -15 0
-11 -20 52 0
26 -82 86 0
-17 -22 55 0
-21 -44 -61 0
7 -15 -25 0
12 -59 91 0
-5 -37 59 0
-44 -50 -68 0
20 -55 69 0
12 -77 -81 0
10 -69 -74 0
-9 -39 42 0
-12 18 58 0
16 -25 0
33 -87 0
17 25 57 0
64 -85 89 0
-2 -31 65 0
-2 -66 -84 0
-48 56 90 0
82 89 0
-2 -50 65 0
-19 30 0
68 88 -91 0
3 -11 -32 0
62 -63 84 0
24 26 -42 0
-15 -35 55 0
26 35 45 0
12 15 -55 0
13 91 0
-6 -11 -21 0
35 51 -76 0
-29 34 -57 0
-2 77 81 0
16 -41 -44 0
-1 -18 33 0
-17 -68 -85 0
-52 -63 -75 0
-19 -53 55 0
-1 -56 77 0
33 39 62 0
4 -21 55 0
-25 -68 89 0
10 -53 55 0
42 48 -53 0
49 -72 -74 0
26 -79 80 0
3 54 -64 0
64 -74 -86 0
34 -37 -40 0
12 30 59 0
52 64 0
20 -29 -83 0
-48 -73 0
30 35 59 0
-21 -67 86 0
-53 73 -91 0
40 -72 0
38 56 61 0
19 -78 84 0
-20 30 66 0
55 68 75 0
-6 78 -91 0
-7 40 -85 0
45 -72 73 0
22 50 -81 0
22 23 0
-21 -56 81 0
7 -14 46 0
-35 -57 -84 0
18 -32 0
-12 -22 -65 0
-5 10 19 0
-15 -62 67 0
-37 78 86 0
-32 -38 74 0
-6 22 53 0
-3 -36 50 0
-54 65 -84 0
-7 14 -78 0
