p cnf 83 307
-1 44 56 0
60 -65 0
-23 63 -72 0
-22 33 -70 0
-55 -64 0
-15 -19 29 0
52 57 0
-3 -19 -53 0
30 40 -48 0
32 -66 -68 0
16 34 -68 0
-18 34 -80 0
-48 49 0
-14 -56 59 0
-4 -11 13 0
8 14 -54 0
-38 -55 0
13 34 83 0
45 -55 0
19 -53 68 0
-2 -33 70 0
-10 49 -72 0
-44 81 0
-4 32 -33 0
72 -73 0
-19 -56 81 0
-11 23 -37 0
8 23 75 0
1 15 0
26 -51 0
6 -35 56 0
-34 -36 -49 0
37 -50 53 0
-32 61 -66 0
-1 -72 0
43 69 70 0
-25 -52 -79 0
3 6 33 0
-4 -62 76 0
19 -70 75 0
-31 34 -81 0
5 69 70 0
28 -35 0
61 -64 0
11 -81 -83 0
-3 -77 0
45 50 -65 0
-15 50 -76 0
-18 66 0
-18 -75 0
-13 -22 -70 0
-13 -26 72 0
-10 -24 0
-16 38 0
38 48 54 0
29 77 -81 0
35 62 0
-12 -32 -55 0
-9 70 82 0
10 -76 0
7 81 0
5 36 41 0
16 -58 -64 0
-29 -48 49 0
3 6 0
-24 -48 -58 0
64 -78 0
-23 42 45 0
-17 24 0
-5 -63 75 0
26 -30 -38 0
47 -63 74 0
-10 -57 73 0
-12 70 73 0
14 -38 67 0
-8 47 0
-16 68 -71 0
-38 66 78 0
-54 64 67 0
9 -20 41 0
-21 28 0
-53 78 83 0
6 -66 0
38 53 54 0
-9 18 66 0
-62 -68 0
-70 80 0
25 -74 0
-41 62 -75 0
46 -65 -80 0
40 57 68 0
48 -79 0
36 39 70 0
-55 67 0
-11 -59 -72 0
-49 69 72 0
-50 56 -83 0
15 45 -46 0
26 -34 62 0
-55 -58 70 0
7 -37 41 0
-24 -28 -41 0
4 46 -73 0
38 -40 -74 0
-8 -46 58 0
-5 30 -54 0
14 -49 0
-46 48 49 0
18 24 70 0
15 21 24 0
24 38 75 0
36 -46 -60 0
-13 26 77 0
-18 30 35 0
-38 46 0
37 77 -79 0
2 -60 71 0
20 -28 -76 0
-12 -67 0
61 -79 -83 0
-24 47 -79 0
-4 -21 80 0
13 29 47 0
-7 43 58 0
48 -51 -66 0
-52 55 0
-45 -58 82 0
2 -22 35 0
7 26 -63 0
41 -48 -78 0
-38 -57 -76 0
-55 -74 -75 0
57 80 0
-47 -83 0
65 -72 78 0
-1 15 33 0
26 -40 -63 0
59 -78 0
43 66 0
14 63 77 0
9 71 0
-5 -59 0
12 31 32 0
-1 -46 71 0
-24 -48 -72 0
-60 -70 0
66 -81 0
46 -57 -62 0
36 -49 62 0
50 -76 -81 0
8 46 0
28 -78 0
32 -40 55 0
10 -25 74 0
-39 -53 57 0
48 -62 79 0
-35 41 43 0
55 -71 0
35 47 58 0
23 26 -64 0
-29 33 52 0
3 -22 74 0
-3 61 -71 0
-18 49 -74 0
12 -42 0
20 -42 -75 0
-6 22 -46 0
59 -81 0
8 9 -60 0
-19 25 77 0
-32 37 47 0
-23 48 0
4 46 67 0
-49 64 67 0
56 74 0
-6 24 68 0
-42 47 82 0
-18 64 71 0
25 38 -76 0
-11 15 0
-9 53 -76 0
4 -35 -67 0
-23 49 0
-43 82 0
-30 57 -76 0
17 -55 62 0
3 -21 -68 0
6 36 58 0
-12 44 0
-27 -43 74 0
-2 45 66 0
23 -41 64 0
-5 23 -44 0
29 -54 68 0
3 -16 67 0
-23 55 0
17 25 -83 0
6 -25 73 0
41 -48 0
-3 19 82 0
-23 -81 0
39 46 0
25 31 -57 0
16 -54 73 0
33 -76 0
-25 38 39 0
-23 -45 46 0
-61 -62 -80 0
4 18 26 0
31 -39 64 0
37 -57 -63 0
10 -49 82 0
-25 -33 34 0
9 18 -80 0
4 -17 -37 0
-8 -43 0
-29 -66 0
35 -82 0
35 -55 83 0
-27 -60 76 0
12 49 79 0
7 -24 78 0
14 25 48 0
-56 -58 -62 0
-22 34 -51 0
28 42 -48 0
-31 -33 -67 0
-13 67 71 0
-16 -20 26 0
-53 56 0
-31 42 -64 0
-19 -45 -83 0
-40 42 -80 0
2 -17 -68 0
-5 19 -53 0
-1 -52 -59 0
-32 41 -54 0
-28 63 0
2 -39 57 0
-12 -28 0
19 21 44 0
-23 39 67 0
21 26 0
18 30 37 0
1 10 -43 0
44 -72 -73 0
46 56 -71 0
32 43 -64 0
34 57 61 0
19 65 -77 0
-14 19 75 0
46 49 -54 0
-2 -6 49 0
28 -37 64 0
-12 53 -72 0
14 16 59 0
-6 -27 -81 0
-8 -22 -41 0
6 -14 0
16 -46 -76 0
4 44 -72 0
-25 -45 64 0
-16 -51 -79 0
-4 34 65 0
19 -31 61 0
18 39 -74 0
-11 -42 -70 0
49 66 0
-1 -25 54 0
37 -47 0
15 77 -78 0
30 -39 0
23 39 0
-6 18 -83 0
32 39 -65 0
-28 57 0
32 59 -69 0
-12 -22 -80 0
-59 64 0
75 -76 0
56 -70 80 0
-14 71 0
-6 -71 -72 0
41 64 67 0
-6 -25 59 0
22 -24 -31 0
-24 31 48 0
-25 -50 -80 0
-50 -53 72 0
27 -70 -80 0
4 -34 83 0
37 -63 0
-26 -44 81 0
14 -57 72 0
30 -49 -63 0
-3 -6 -71 0
2 -20 -38 0
-1 -26 -28 0
21 73 83 0
22 58 83 0
53 60 -77 0
-11 61 62 0
11 -56 74 0
39 -51 64 0
50 72 -81 0
-2 32 76 0
32 76 78 0
