p cnf 92 348
-3 -34 -86 0
33 -46 70 0
9 58 72 0
46 -63 76 0
-9 58 -75 0
-13 -25 -62 0
-67 73 0
-21 32 92 0
-2 -30 58 0
-18 91 0
11 35 48 0
-23 -40 -54 0
18 -35 49 0
-12 23 -72 0
-17 -59 69 0
-10 -45 -73 0
-19 21 0
-33 -44 73 0
30 36 61 0
-21 -29 90 0
-7 -14 89 0
38 58 77 0
9 21 -88 0
26 -39 67 0
35 -40 -87 0
17 55 -87 0
59 65 69 0
7 11 -26 0
11 -21 35 0
-17 -32 -83 0
46 -65 79 0
-40 -60 61 0
-21 27 -36 0
-47 69 86 0
-15 -31 40 0
57 -59 65 0
33 70 72 0
-35 -57 -70 0
9 79 84 0
5 -34 -57 0
44 -82 88 0
-24 -32 -87 0
26 47 79 0
18 -47 -59 0
47 68 -89 0
-11 -29 75 0
-9 -24 48 0
12 19 -22 0
5 -22 85 0
11 -51 -82 0
-12 -13 47 0
19 -67 74 0
-3 63 -79 0
32 -53 80 0
-52 77 78 0
35 56 0
-50 70 -82 0
62 88 -91 0
-6 -32 58 0
-9 -47 74 0
-42 -43 -80 0
3 31 33 0
13 35 78 0
-18 -43 64 0
10 76 77 0
15 47 90 0
40 55 63 0
12 55 0
-73 -75 -88 0
-10 -41 54 0
-9 -58 75 0
9 -40 -87 0
18 30 0
-22 64 -75 0
24 27 -86 0
41 -83 0
9 57 60 0
54 76 77 0
13 -35 87 0
-14 40 -57 0
-15 21 87 0
-16 64 76 0
-18 -52 -60 0
8 31 86 0
11 -17 18 0
-37 44 -56 0
-67 -81 0
-24 31 52 0
-72 -82 -86 0
27 56 87 0
-7 -16 -26 0
-38 -57 -67 0
-48 54 -69 0
-27 73 74 0
5 76 0
-40 -42 66 0
25 -29 85 0
-16 -48 61 0
-22 -50 58 0
-43 -54 78 0
14 16 23 0
12 70 0
12 13 50 0
29 49 0
19 39 -40 0
1 -21 61 0
-11 31 -33 0
-19 -27 -79 0
25 -50 74 0
-14 20 -48 0
44 -48 49 0
23 -39 46 0
34 -47 -71 0
62 75 78 0
-14 -32 63 0
9 47 -90 0
11 -49 -74 0
-8 -52 -91 0
-15 -39 64 0
20 42 -63 0
55 -64 -73 0
2 23 0
49 -68 81 0
-12 -40 0
38 -53 -55 0
33 -72 0
18 57 -82 0
-4 20 -44 0
28 51 70 0
46 50 -92 0
-52 -65 -73 0
29 -53 -59 0
-46 -55 -76 0
-18 -26 70 0
26 59 74 0
9 59 76 0
-39 70 82 0
-13 -27 -76 0
7 21 -39 0
-7 -12 -58 0
52 -68 -72 0
-18 -57 86 0
9 -41 -53 0
-42 -65 0
21 46 55 0
29 -44 70 0
-7 -22 -29 0
23 -30 79 0
19 37 -86 0
53 81 85 0
25 -30 -32 0
-45 57 -90 0
45 -53 -87 0
5 -16 69 0
-22 -42 -49 0
-14 24 -57 0
-54 55 87 0
-26 -36 40 0
37 44 -72 0
21 25 52 0
54 -59 72 0
6 23 -78 0
42 63 0
39 43 -92 0
-19 -31 -52 0
42 83 0
-25 27 79 0
6 -83 92 0
-12 20 -79 0
-24 -45 55 0
-43 -44 65 0
6 -13 34 0
-58 -77 81 0
-14 16 72 0
32 41 87 0
26 76 -90 0
-12 35 77 0
-16 -36 60 0
-16 -40 81 0
-1 -79 -92 0
-35 53 0
24 -34 -88 0
14 62 0
-12 45 60 0
3 -26 88 0
51 61 71 0
-63 69 0
-1 -2 15 0
16 -36 -90 0
-4 25 -41 0
-57 75 89 0
1 -11 87 0
14 22 -44 0
-4 45 92 0
-13 63 88 0
9 -37 72 0
9 11 -55 0
52 65 67 0
-10 56 75 0
-27 -32 0
12 -79 81 0
14 -69 70 0
46 -58 -67 0
39 51 -54 0
-66 -76 87 0
39 42 -43 0
43 72 0
25 31 0
-2 -62 0
-62 -77 83 0
21 -62 82 0
55 67 72 0
35 -52 -80 0
5 7 -19 0
-37 -79 -81 0
-16 -45 0
-26 59 79 0
-68 79 82 0
23 -31 52 0
48 -57 86 0
-64 -67 -76 0
-33 -55 -60 0
-48 54 -76 0
18 58 -65 0
51 -68 73 0
-24 -71 90 0
84 85 -91 0
2 14 -41 0
37 48 -78 0
-4 51 70 0
41 -52 -69 0
16 -38 -57 0
-4 33 -83 0
32 41 -59 0
9 -61 70 0
-7 -17 76 0
-51 -67 0
28 56 0
-2 12 71 0
8 34 -65 0
66 -75 -88 0
27 -51 64 0
-11 -76 79 0
10 -27 -34 0
15 -80 -81 0
-27 -62 84 0
14 -38 -46 0
27 86 -91 0
-22 69 91 0
-1 -24 -30 0
2 -12 -60 0
-36 -47 -89 0
25 -38 84 0
-23 -58 -78 0
29 37 84 0
17 -49 55 0
41 -61 0
12 -62 0
-30 -83 0
-31 79 -88 0
-5 84 0
-2 22 50 0
-17 -37 -60 0
-10 63 0
30 -70 78 0
-11 -69 88 0
18 27 92 0
-32 -79 -83 0
-36 83 -87 0
35 37 -78 0
-27 -50 -52 0
-6 87 0
25 29 65 0
28 32 -85 0
-9 -60 -86 0
20 39 -80 0
14 37 -83 0
-19 -32 52 0
-37 39 46 0
-35 90 0
-8 59 -84 0
-41 -64 -75 0
2 -10 -36 0
-12 -90 0
-2 -24 49 0
-12 -37 47 0
-47 55 -56 0
-67 72 87 0
-12 -52 -76 0
-13 45 -83 0
-42 -71 -84 0
-15 44 68 0
12 -38 91 0
3 -37 -38 0
-17 -22 0
20 -59 78 0
46 49 79 0
54 65 78 0
15 23 0
57 58 64 0
36 84 90 0
-34 -41 59 0
-30 -56 -64 0
21 23 0
-26 90 0
-32 34 -52 0
-28 -59 73 0
50 -58 86 0
34 -81 -83 0
1 21 60 0
-55 -61 -80 0
-49 -79 -84 0
68 82 -84 0
-27 -33 -47 0
-5 29 -70 0
-49 60 67 0
-52 -54 71 0
-2 28 -50 0
23 29 0
-30 -90 0
11 -80 -84 0
77 -80 0
-45 73 89 0
-51 82 89 0
-15 55 -60 0
30 39 -92 0
36 -57 63 0
-51 82 0
2 -51 -52 0
38 78 -88 0
35 -43 -81 0
8 22 26 0
12 13 23 0
42 -62 -86 0
-1 -10 -23 0
-46 -61 -82 0
-8 78 0
-10 62 -85 0
63 68 -92 0
-18 -29 -79 0
-4 -41 -55 0
-51 -67 74 0
25 64 -88 0
-59 -77 84 0
9 68 92 0
7 76 86 0
-37 -80 0
-28 -34 -87 0
