p cnf 90 341
-21 62 77 0
-19 -29 84 0
-1 -84 0
12 -35 77 0
18 44 -83 0
35 -45 79 0
34 72 0
57 -66 0
-66 70 71 0
42 -59 0
1 85 0
-10 -39 58 0
-1 2 -7 0
-2 -32 -64 0
38 81 0
-6 24 -40 0
1 -37 -89 0
7 76 0
43 -56 -88 0
4 -7 77 0
6 -48 0
-6 -43 0
20 22 38 0
-21 22 78 0
-3 13 -20 0
12 25 86 0
-26 -41 -84 0
7 25 70 0
-43 -76 89 0
7 48 61 0
-11 82 0
-25 41 49 0
-28 -36 -80 0
36 37 -60 0
14 39 54 0
-18 57 58 0
-24 -28 -35 0
26 -28 72 0
-2 -4 85 0
31 78 -85 0
-31 -55 -56 0
-8 -65 86 0
5 47 80 0
-8 -68 -78 0
3 70 -78 0
-22 32 -75 0
32 68 0
31 -70 73 0
-12 15 0
-34 -64 -78 0
50 -80 0
80 -81 0
5 -32 0
-15 35 52 0
34 -49 0
14 84 86 0
45 62 0
-54 -60 62 0
-11 27 -60 0
2 -18 75 0
31 65 0
-17 43 45 0
-1 -23 -56 0
-33 70 -85 0
10 -13 -36 0
1 -35 47 0
-29 32 -89 0
-32 50 67 0
26 31 57 0
6 15 0
-25 28 79 0
40 52 87 0
53 61 -85 0
15 22 -58 0
-29 46 -57 0
-30 -38 -59 0
-67 -70 -82 0
-5 37 53 0
-33 -61 72 0
23 73 -90 0
87 -89 0
36 49 55 0
1 52 89 0
-32 33 70 0
3 -23 -53 0
-41 61 0
6 18 -32 0
7 17 -82 0
-27 67 -89 0
-62 -65 0
-34 -39 -60 0
-40 -53 90 0
-37 -39 61 0
2 -67 -88 0
-19 61 -76 0
-16 47 -90 0
-29 -67 74 0
-5 24 0
18 -27 68 0
-18 -28 -75 0
-34 85 0
1 -68 85 0
-22 28 86 0
-39 -48 68 0
1 -43 -46 0
-22 27 -70 0
21 42 82 0
-4 64 83 0
65 70 0
-8 -16 65 0
38 49 -66 0
20 43 0
17 41 86 0
7 -18 29 0
52 -66 0
16 41 83 0
4 -46 -48 0
2 72 0
-71 87 -88 0
39 62 68 0
-7 22 -74 0
50 -61 75 0
13 -16 -90 0
33 39 62 0
22 -47 -55 0
-4 -10 -50 0
17 -18 67 0
-18 32 0
21 78 -88 0
3 -24 -81 0
6 36 90 0
-28 -29 -32 0
-16 21 -23 0
7 27 29 0
-6 -46 69 0
29 -61 -76 0
-54 63 64 0
-1 -59 0
11 48 0
-44 -53 -54 0
-52 85 0
24 -36 37 0
20 40 44 0
47 -52 -65 0
12 -26 -44 0
-25 50 -88 0
-4 -31 39 0
-13 20 34 0
33 34 -49 0
9 40 69 0
-16 17 -50 0
9 -17 -61 0
5 -43 -78 0
-42 73 83 0
37 51 83 0
1 69 82 0
5 -24 35 0
-16 32 0
40 49 -64 0
50 73 88 0
5 49 0
18 50 80 0
-16 -81 0
-2 52 53 0
-6 62 -83 0
3 -84 0
28 40 -76 0
7 51 87 0
8 74 0
-23 54 -69 0
-22 -69 -75 0
28 62 -82 0
12 47 -69 0
-11 -47 -74 0
13 36 54 0
-13 -37 -56 0
-50 -66 0
83 90 0
-2 78 80 0
3 -45 53 0
-19 -33 59 0
11 -16 72 0
4 -56 89 0
-42 -50 -77 0
-12 48 81 0
6 -86 87 0
-27 82 -84 0
-12 -37 80 0
11 -45 -76 0
21 -43 69 0
20 23 69 0
30 -44 56 0
-12 -29 -67 0
64 -85 0
-13 -41 0
-7 -38 0
-59 -62 -85 0
15 27 87 0
-8 58 73 0
61 -71 -74 0
-15 19 74 0
-11 38 -49 0
9 -17 -47 0
11 -20 55 0
48 -75 -86 0
72 -74 0
-36 72 -74 0
7 -18 71 0
-8 77 -86 0
-78 81 90 0
-13 -28 -55 0
23 -43 83 0
-26 89 0
-9 -41 59 0
26 50 -58 0
15 89 0
3 -44 -89 0
24 -64 67 0
-23 -67 76 0
35 79 89 0
-14 66 79 0
6 14 -34 0
38 40 0
-46 -55 -80 0
19 -69 87 0
-25 31 47 0
32 -41 -54 0
26 -46 0
4 -9 -61 0
-19 53 0
-26 80 0
17 22 37 0
33 46 88 0
-6 55 64 0
-10 44 -68 0
-5 64 85 0
13 29 -38 0
-8 -57 87 0
-12 18 -75 0
-31 79 83 0
26 -48 64 0
-60 88 0
49 -69 -73 0
12 -69 0
-24 -39 76 0
17 -46 -84 0
-33 -46 -78 0
-51 70 -79 0
6 -39 76 0
1 -34 78 0
-20 39 58 0
-21 27 -73 0
11 19 -25 0
70 -81 82 0
29 -36 66 0
14 19 23 0
-36 -67 88 0
-53 57 59 0
66 -77 0
80 -83 90 0
-16 26 0
-8 16 -82 0
-6 -48 -77 0
-22 35 58 0
-23 48 0
-6 23 -80 0
-27 -28 83 0
-80 -87 0
-3 -23 74 0
-47 -74 0
1 19 -66 0
-6 26 60 0
-16 -51 89 0
-55 57 0
26 38 -77 0
37 -53 -74 0
-33 -39 -76 0
-4 -56 -60 0
32 38 45 0
-14 57 -83 0
-70 76 90 0
-28 43 0
-28 39 70 0
-8 28 75 0
-1 19 23 0
-1 29 -88 0
8 -43 -58 0
-4 21 63 0
57 72 -85 0
-19 44 81 0
-14 22 51 0
-46 -74 -83 0
-38 60 85 0
-24 68 0
4 35 42 0
2 -54 62 0
-39 55 -56 0
-2 -32 -73 0
23 75 -84 0
17 -31 -82 0
-14 -59 -64 0
-79 -82 -85 0
16 -32 61 0
12 -80 88 0
-1 -53 -65 0
-16 20 24 0
-17 40 52 0
-5 -8 -30 0
24 57 -83 0
33 -78 89 0
-15 60 67 0
12 -55 -88 0
-52 56 0
41 51 -82 0
-4 7 8 0
78 89 0
59 -75 0
43 62 -90 0
6 -11 42 0
5 -43 79 0
-13 27 -76 0
32 63 0
-12 -29 -36 0
31 36 -58 0
30 56 76 0
-4 47 76 0
14 -42 67 0
-3 54 64 0
5 -37 -90 0
-26 -51 -59 0
-21 -90 0
-18 -78 0
-16 48 59 0
20 -44 -54 0
33 52 56 0
-19 -44 -62 0
11 -59 -67 0
57 -68 86 0
-11 37 -54 0
-21 29 43 0
27 -39 70 0
