p cnf 52 141
9 -29 47 0
-11 -29 0
-23 -27 0
-13 48 0
-29 -39 0
8 -21 -48 0
37 50 0
-29 32 51 0
32 -49 0
-10 49 0
25 49 0
-3 26 -29 0
-19 21 -29 0
-16 17 -37 0
-2 -7 16 0
18 -45 -49 0
24 -25 0
15 20 43 0
30 -37 -38 0
24 -37 0
1 50 -52 0
-24 -26 34 0
-20 43 0
-37 51 0
-19 -21 30 0
-8 -13 -33 0
21 41 44 0
8 39 46 0
2 34 43 0
-19 28 0
10 -44 0
-18 -36 0
26 38 -44 0
9 -17 41 0
-6 -16 0
12 -51 0
6 35 -45 0
34 -47 0
-26 -50 0
-21 -29 0
14 -25 28 0
-5 6 7 0
29 36 50 0
17 -38 51 0
7 -24 0
-9 -40 -42 0
-3 12 44 0
-9 -12 47 0
-30 47 0
19 34 0
10 -26 44 0
-9 47 49 0
-6 -11 -28 0
27 -28 0
7 -11 0
23 24 0
33 -49 51 0
-2 16 0
-14 44 46 0
32 -43 0
16 34 0
-31 -40 0
3 -25 -51 0
-28 -31 -42 0
-15 36 0
-9 -18 26 0
13 40 0
30 -32 50 0
-9 52 0
17 -19 -52 0
28 -48 0
34 -36 49 0
-9 27 0
-4 -34 0
14 -20 28 0
9 -35 50 0
-27 -48 0
-33 -41 -42 0
9 46 -48 0
-13 52 0
-48 52 0
-15 36 -38 0
-44 -49 51 0
19 33 0
-9 45 0
6 28 0
-30 43 -51 0
6 52 0
-29 -47 0
-1 8 -12 0
27 34 0
-9 -20 0
-28 -51 0
21 25 0
22 49 0
15 38 42 0
18 35 -41 0
4 9 -34 0
-10 -43 0
19 -38 -44 0
-4 -11 0
22 29 0
-18 19 0
11 24 -46 0
-23 -31 0
-30 51 0
-19 30 -52 0
-15 -26 0
32 -40 0
51 -52 0
7 52 0
-30 35 39 0
3 12 22 0
-1 12 14 0
-13 -28 0
-10 49 0
7 11 47 0
15 -24 0
-18 52 0
22 -32 41 0
-17 -47 0
37 -50 0
20 -39 0
-2 25 0
6 27 41 0
-24 40 -43 0
-44 49 0
19 -42 0
12 -31 0
4 15 0
-34 37 -43 0
-7 35 0
14 52 0
-10 -15 -17 0
15 -38 0
15 -30 -34 0
5 -17 0
23 34 0
18 -48 0
5 10 0
20 34 44 0
