p cnf 70 231
-17 54 0
-54 59 0
-4 -9 70 0
7 68 0
37 40 -49 0
-9 -19 -43 0
61 -62 0
-39 60 0
-2 28 0
54 60 68 0
-35 -46 0
34 36 60 0
2 -35 0
29 -34 35 0
-23 43 -62 0
-20 -22 0
22 -41 66 0
-11 31 45 0
27 -65 68 0
32 59 70 0
-6 8 10 0
-12 -17 19 0
-18 -35 0
26 54 0
16 54 -56 0
-7 31 0
-64 -68 0
19 -33 66 0
16 24 0
42 66 -68 0
6 -21 57 0
13 61 0
-14 23 -62 0
5 -19 0
38 62 -64 0
-16 -39 67 0
63 -67 -68 0
-28 41 -60 0
-12 42 0
-57 -64 0
51 56 -62 0
-9 -23 -32 0
-11 -29 50 0
29 -43 46 0
-12 -48 0
1 14 0
-21 -31 66 0
11 14 63 0
13 20 31 0
-23 -36 68 0
11 18 58 0
-16 36 37 0
-14 -36 53 0
-7 26 39 0
-45 -49 0
17 23 55 0
-14 20 -46 0
16 19 52 0
-10 40 0
23 24 -50 0
-41 59 -63 0
3 35 0
-16 -22 61 0
4 40 0
-21 62 -69 0
-37 58 -70 0
10 19 55 0
-18 -36 0
-17 66 0
21 37 0
-30 31 -51 0
-2 -58 0
4 -16 -45 0
-23 58 70 0
-12 33 -65 0
-9 -31 0
15 -44 0
28 -34 -62 0
-4 54 0
-5 -29 30 0
10 61 68 0
-5 14 59 0
18 40 0
6 10 34 0
-20 37 0
-7 45 0
38 45 0
5 -41 48 0
10 66 69 0
58 64 0
36 37 -55 0
37 -52 0
-27 59 0
34 -68 0
28 -29 70 0
6 -23 0
-6 66 0
17 -20 40 0
3 12 0
-3 33 -36 0
-23 52 0
-19 -48 61 0
2 24 -66 0
9 -19 0
64 -67 0
5 42 -45 0
-63 -64 0
-16 18 0
-33 -43 50 0
24 -43 0
-34 -38 49 0
-13 -39 -53 0
36 -46 67 0
37 42 43 0
-15 -19 -22 0
60 -63 65 0
5 -38 -49 0
32 -44 0
14 38 60 0
13 67 0
-13 -36 57 0
3 -29 0
50 65 -68 0
-12 -40 -56 0
-6 12 -19 0
41 43 0
-22 32 68 0
7 23 54 0
19 -48 -68 0
9 -36 -65 0
-9 -36 -46 0
4 26 -52 0
36 -40 0
8 -51 0
-37 -57 0
-6 -36 0
-4 -20 40 0
-21 -35 0
-15 20 62 0
2 -8 -14 0
11 21 52 0
43 -59 0
-59 67 68 0
-24 50 -67 0
-5 6 17 0
-21 43 -55 0
5 57 68 0
-45 -58 -65 0
44 65 0
18 -48 0
-8 26 0
-15 -51 69 0
33 -42 45 0
3 26 -48 0
-28 30 -57 0
-22 41 0
-2 34 0
-48 50 0
-2 -4 -58 0
-4 -7 0
21 46 0
-15 37 -39 0
15 17 0
33 -62 0
-35 -64 0
-29 -67 -68 0
15 -68 0
-27 41 0
38 -45 -46 0
13 -27 70 0
-1 -39 0
-34 39 -65 0
15 -46 49 0
3 -10 -25 0
15 -60 0
21 -23 -31 0
-6 21 0
2 37 -45 0
3 36 -40 0
-12 21 -43 0
34 36 0
18 30 0
-4 -49 -65 0
23 46 60 0
-19 61 0
3 -17 26 0
-16 -41 0
17 29 50 0
-27 51 0
-35 -45 49 0
4 -18 0
-3 33 0
-7 -48 0
-45 53 54 0
30 -32 39 0
-8 -26 0
7 45 0
-34 -35 68 0
59 65 0
-35 53 56 0
-14 51 -63 0
-23 -24 -25 0
17 -42 0
-10 -45 -57 0
13 33 50 0
15 -28 -50 0
-35 38 -39 0
-55 -63 0
41 -44 0
41 47 49 0
-42 58 69 0
-11 -19 49 0
-4 32 0
-6 55 -58 0
6 -29 36 0
10 17 -63 0
-16 -27 -46 0
16 58 0
58 67 0
5 41 45 0
-32 56 -68 0
5 29 66 0
-55 65 0
-11 -42 0
45 -68 0
7 31 69 0
4 54 0
-16 24 44 0
47 49 0
-35 -40 0
35 -41 70 0
