p cnf 84 309
-15 -17 -56 0
43 -74 -84 0
-29 56 0
-70 81 83 0
-55 67 77 0
20 38 56 0
-13 39 -81 0
51 -77 78 0
-16 60 -67 0
7 -35 -57 0
-7 -16 57 0
-2 25 -35 0
-12 -26 -27 0
-1 12 -83 0
-2 41 -69 0
23 27 28 0
10 23 -41 0
19 36 -83 0
32 -62 78 0
-46 -61 66 0
-68 74 76 0
-39 82 0
62 -81 0
-32 60 70 0
-40 50 77 0
-16 -25 76 0
27 -29 -49 0
-49 -77 83 0
16 38 -63 0
15 -48 -82 0
42 58 70 0
46 75 82 0
-2 -3 59 0
-24 27 0
-39 -54 84 0
-7 11 -53 0
11 -21 -44 0
15 -67 69 0
5 24 46 0
-20 -53 -73 0
14 67 -82 0
-24 41 75 0
24 -44 51 0
-23 34 77 0
-44 64 0
36 44 80 0
-12 64 -75 0
52 -66 0
-9 -23 -65 0
-4 -6 -61 0
-11 48 78 0
27 32 42 0
-3 12 -18 0
-14 15 -67 0
-6 -13 -42 0
-45 -59 68 0
3 -45 -50 0
55 -59 64 0
8 -41 75 0
-18 -52 0
60 -66 0
6 59 -62 0
22 -34 -58 0
-72 74 0
-15 -55 73 0
38 59 72 0
34 43 45 0
10 -39 -49 0
31 -80 -82 0
22 33 84 0
-20 26 84 0
12 58 62 0
10 -23 -61 0
-63 84 0
-4 -32 -56 0
-4 -12 0
-4 37 -84 0
1 -7 84 0
-35 -57 -69 0
4 -68 -69 0
-4 -17 -81 0
29 -38 80 0
-44 -47 71 0
-3 -27 -76 0
13 63 -66 0
2 3 75 0
-5 9 -73 0
-10 17 -65 0
12 28 -67 0
-14 -44 60 0
-2 -35 -74 0
38 61 0
-3 13 14 0
10 46 80 0
31 -62 69 0
-20 -61 -80 0
2 -64 82 0
49 -81 0
-45 53 71 0
-55 -62 -79 0
-25 -55 0
-27 30 55 0
49 -59 -63 0
43 65 83 0
19 55 -72 0
-11 -36 -73 0
-41 -42 -54 0
-9 66 -81 0
-27 -44 51 0
-55 58 -72 0
-4 11 0
35 50 -51 0
-8 32 -53 0
-20 24 -69 0
-20 51 -66 0
53 -61 79 0
-5 42 52 0
16 -38 47 0
34 51 0
40 41 -82 0
-12 20 -48 0
-2 -37 -52 0
-21 38 56 0
4 20 80 0
20 25 29 0
15 -44 0
-34 37 -48 0
13 49 0
-28 33 -69 0
15 -24 0
-14 -27 62 0
1 13 -26 0
-48 69 -84 0
2 18 42 0
-42 81 0
30 72 -74 0
-35 -37 43 0
57 60 79 0
36 -53 0
28 -58 -69 0
2 5 69 0
-41 72 79 0
-1 5 0
-11 -34 -57 0
-20 -37 -42 0
49 66 -81 0
-55 72 0
46 63 72 0
22 67 79 0
14 35 50 0
-2 -44 -65 0
-12 63 0
-14 -65 -67 0
43 50 76 0
13 -27 76 0
2 -12 28 0
-36 52 -60 0
19 58 -70 0
4 -12 -65 0
6 53 76 0
-25 -53 79 0
19 -34 -73 0
31 -40 45 0
2 14 -22 0
-11 23 70 0
8 75 -81 0
15 54 -75 0
-26 -33 -35 0
6 -61 -84 0
-1 -48 80 0
40 73 0
-7 -27 0
-21 27 45 0
41 -53 -64 0
-12 -15 81 0
-1 15 -76 0
-29 -49 -63 0
50 56 -57 0
-19 -34 75 0
-7 -67 0
-7 34 -67 0
-45 -49 -70 0
-27 -60 0
7 38 -57 0
-24 35 60 0
-3 -51 0
27 29 80 0
-6 12 83 0
-2 41 75 0
-44 -49 59 0
-38 73 0
8 34 -68 0
14 26 -37 0
1 17 -29 0
6 -10 -17 0
25 53 0
8 13 -44 0
41 -55 82 0
44 -76 0
-35 41 72 0
12 60 -74 0
52 69 0
17 -59 73 0
-12 -33 66 0
-8 39 45 0
-4 -14 -41 0
41 -55 -75 0
-46 61 0
-17 53 -81 0
-40 -53 -54 0
3 43 76 0
-1 5 -10 0
-48 -81 0
30 -59 78 0
2 -19 -46 0
-54 68 80 0
-1 -64 -83 0
5 -59 63 0
10 53 72 0
49 55 0
13 26 78 0
-10 55 0
17 -23 42 0
-19 -29 -53 0
4 70 -78 0
19 -49 84 0
-23 -58 -69 0
-6 44 0
-7 -8 -30 0
12 34 80 0
5 -20 -69 0
7 69 80 0
41 59 0
-48 -62 -65 0
8 47 64 0
-26 -29 0
36 70 76 0
-11 -13 -45 0
-40 80 0
-44 48 69 0
-8 -56 83 0
26 -76 0
13 69 0
12 13 -24 0
16 -32 67 0
12 -35 50 0
2 -14 -56 0
-9 21 23 0
9 -27 -51 0
11 -18 79 0
-30 50 0
-22 -25 0
6 17 45 0
10 -68 -79 0
46 56 63 0
53 -56 -69 0
-27 -62 76 0
-1 58 -70 0
-9 41 47 0
-49 -66 0
-37 -48 -76 0
38 78 83 0
18 20 -84 0
-9 11 -54 0
-58 61 0
-11 51 -79 0
-20 -50 -63 0
-2 18 -48 0
-5 -61 -71 0
3 45 69 0
36 -41 -56 0
-7 -16 68 0
-63 68 76 0
58 -84 0
-37 -60 70 0
44 -64 -80 0
-30 35 73 0
15 23 -74 0
4 -5 -35 0
-57 -63 -77 0
-39 -43 0
-34 -47 50 0
-19 71 -76 0
69 77 0
-26 37 -56 0
-4 21 68 0
-18 76 0
7 57 61 0
-8 41 -63 0
-7 11 -84 0
-70 -79 -84 0
21 -78 0
-57 74 0
-45 -51 -82 0
26 38 -82 0
-5 47 -73 0
5 -6 -26 0
16 69 82 0
-25 37 -40 0
15 -35 -47 0
53 -60 -73 0
-17 27 -58 0
44 -67 -78 0
19 24 -48 0
38 39 73 0
-7 26 -53 0
-11 -64 75 0
7 36 76 0
-22 57 0
