p cnf 87 317
-6 -44 -74 0
10 46 51 0
16 73 0
1 -39 60 0
-18 -44 82 0
10 -14 -81 0
-28 37 -46 0
-1 48 -59 0
-12 -13 -19 0
-47 62 64 0
-28 -29 -60 0
17 54 -61 0
25 -52 0
26 -36 -58 0
-7 -77 86 0
-37 -45 70 0
-6 9 77 0
-14 -39 -46 0
49 65 66 0
39 -72 -83 0
-63 -66 81 0
-8 -15 0
56 -80 0
4 -6 -51 0
5 -86 0
-20 64 87 0
-29 -34 -58 0
-17 43 -55 0
-65 -68 78 0
48 -66 0
-15 66 -79 0
32 -46 80 0
-30 -77 0
8 27 -48 0
11 -25 -82 0
-6 -39 53 0
-3 11 56 0
-32 41 0
-4 -46 82 0
6 -28 53 0
63 -80 0
59 -76 -83 0
38 39 -61 0
-15 -71 -83 0
24 -56 -85 0
-46 61 -72 0
36 63 0
-2 5 73 0
-31 -36 86 0
-17 26 -79 0
-32 35 0
-39 -54 -64 0
-2 -40 50 0
-38 67 -82 0
-50 -64 -72 0
55 64 73 0
-6 20 30 0
60 -85 0
-32 -79 0
3 18 -69 0
16 43 -70 0
12 -18 74 0
-9 32 43 0
44 -82 0
-26 -56 -60 0
-12 -46 0
25 49 54 0
-33 45 -85 0
-41 71 -87 0
-33 37 -81 0
50 68 87 0
-39 -78 84 0
-12 -23 -77 0
16 -31 -80 0
-10 58 -82 0
1 63 -83 0
-10 -12 55 0
4 -5 73 0
-1 -22 -48 0
-30 40 -81 0
-2 5 -48 0
23 -67 -77 0
18 -27 86 0
7 36 0
12 -15 74 0
-25 -35 39 0
-10 16 -85 0
9 -17 73 0
-60 73 -74 0
6 23 80 0
-23 -24 60 0
-54 57 77 0
41 -68 0
30 -68 -81 0
53 -60 62 0
20 28 0
53 59 -60 0
56 -86 0
1 -36 0
23 -35 75 0
4 -45 -86 0
16 40 -43 0
13 -29 -64 0
-70 77 0
-33 42 -71 0
4 -60 -81 0
-23 -61 -75 0
-13 -43 76 0
50 -78 0
-17 24 -75 0
33 50 59 0
-19 -47 49 0
24 83 0
-20 67 80 0
16 56 -62 0
29 42 -63 0
23 -27 44 0
-32 49 79 0
-12 17 24 0
6 -33 75 0
11 -41 44 0
28 36 85 0
14 24 0
-13 28 45 0
19 -31 49 0
-25 42 -64 0
-12 13 -67 0
-18 53 82 0
-30 -35 46 0
40 -54 -65 0
18 -51 0
4 -18 -81 0
-17 -68 -71 0
33 -51 -80 0
-17 -50 -54 0
23 -54 -78 0
-29 73 0
5 23 -64 0
-57 65 0
29 80 -83 0
2 -14 -73 0
37 47 -68 0
-50 73 0
-32 -48 -81 0
-5 -37 -67 0
18 -19 0
-34 -41 82 0
-21 78 79 0
-15 37 -66 0
52 -72 0
8 -33 69 0
-57 -68 0
38 77 0
20 -47 67 0
-17 19 36 0
23 37 -77 0
-17 19 37 0
32 -60 0
-17 -45 56 0
-2 -6 -18 0
13 66 67 0
1 -34 56 0
10 85 0
-1 -30 84 0
37 -79 -85 0
31 -36 -78 0
18 -65 76 0
12 -15 -61 0
-4 14 76 0
-12 -15 39 0
-8 -18 72 0
-29 -39 40 0
-21 -40 -47 0
36 78 0
5 21 32 0
-15 34 -50 0
-25 -63 -67 0
33 -65 -77 0
14 -32 -75 0
-20 -24 -61 0
47 49 77 0
-16 64 -84 0
-13 -33 73 0
2 -57 -76 0
-50 -59 78 0
-8 27 65 0
-23 -36 -66 0
65 73 -82 0
20 31 -75 0
-31 -51 -68 0
7 -15 0
3 -21 -76 0
2 -43 72 0
6 -11 45 0
42 -71 0
35 -66 0
43 -76 0
2 85 0
-8 9 -23 0
24 -25 -74 0
1 19 -45 0
14 -31 -68 0
-21 -67 0
47 72 -82 0
-11 28 -84 0
5 17 56 0
4 -8 40 0
-42 -52 -60 0
19 -66 -82 0
-18 -42 70 0
-21 -22 -77 0
-21 -55 0
9 17 -34 0
24 71 0
-12 40 81 0
-2 -25 -68 0
-42 -54 -77 0
-7 30 46 0
1 17 25 0
-2 15 -58 0
-25 65 -81 0
-1 12 -28 0
11 29 -50 0
1 -28 46 0
-11 17 -22 0
23 -29 79 0
-33 -44 0
31 34 86 0
-21 -24 -48 0
17 22 53 0
9 62 0
24 -35 62 0
-14 20 -70 0
-9 15 -29 0
-58 83 0
30 44 46 0
-2 -13 -37 0
43 62 83 0
40 -67 -87 0
-60 64 0
1 7 0
14 37 -66 0
32 -56 -59 0
34 81 -83 0
5 13 0
-10 -28 77 0
-43 78 0
31 47 -54 0
28 49 54 0
5 59 -69 0
-4 -21 -86 0
-8 25 -84 0
-1 -31 -58 0
10 60 87 0
-29 56 82 0
-6 -53 -67 0
70 -82 0
19 25 -40 0
28 38 -77 0
-12 -31 32 0
-35 42 0
-19 -35 47 0
-2 -17 55 0
-10 -25 41 0
6 18 22 0
28 55 -85 0
27 31 67 0
-46 -62 -73 0
-16 -61 67 0
79 -82 0
19 25 -48 0
-6 15 20 0
14 15 -46 0
-26 -35 0
55 76 -82 0
-40 -70 81 0
29 -30 42 0
36 38 -55 0
56 84 85 0
14 22 -77 0
6 -9 -48 0
-26 -84 0
10 50 0
24 -77 85 0
31 40 0
57 -69 70 0
31 -57 73 0
-17 26 0
10 63 0
14 -55 60 0
26 -41 0
-16 77 80 0
-12 62 84 0
-3 -64 75 0
12 -13 41 0
-33 40 -78 0
-33 43 75 0
-70 -77 0
8 17 -42 0
-4 55 56 0
1 -70 0
-10 12 -16 0
-18 48 82 0
-54 69 84 0
6 76 0
30 58 69 0
10 22 40 0
-36 -47 0
-14 37 0
-14 -37 50 0
46 84 0
40 51 -86 0
27 30 -65 0
-8 41 55 0
19 -34 36 0
18 45 77 0
59 -78 0
