p cnf 69 224
12 49 0
-27 -68 69 0
-9 -32 33 0
20 28 -55 0
30 -36 53 0
22 -34 0
6 -20 66 0
-16 -33 67 0
9 -27 -47 0
9 -14 38 0
8 29 0
8 -32 68 0
2 30 -35 0
5 24 -67 0
1 -3 26 0
8 48 0
-17 -55 58 0
25 54 65 0
-20 -30 0
16 18 27 0
-55 62 0
14 -31 0
21 -22 0
43 45 0
57 58 0
26 -37 0
27 -39 0
38 45 -58 0
27 -32 0
18 29 0
-7 -19 67 0
-18 55 68 0
-23 24 -26 0
23 -39 53 0
20 53 58 0
-23 55 58 0
7 -38 -68 0
-24 58 0
1 56 0
-21 -48 -69 0
5 -14 -58 0
10 36 68 0
52 61 -62 0
13 -17 -33 0
39 -41 -53 0
-10 60 0
38 62 -67 0
20 25 -49 0
-36 65 69 0
-1 -27 68 0
-21 -56 62 0
14 22 -53 0
-16 -49 0
5 36 55 0
-10 62 0
-28 -56 58 0
17 -25 -62 0
-1 25 -39 0
-8 -55 0
-2 50 68 0
-28 -61 65 0
-25 31 -32 0
22 54 0
20 -30 -61 0
-6 -47 -68 0
15 25 -27 0
31 -67 0
-10 30 0
57 58 -59 0
1 -14 21 0
27 -46 -56 0
14 -24 -32 0
-20 -37 0
-22 -36 39 0
-15 33 0
17 -46 66 0
-54 61 0
-13 15 16 0
28 32 -43 0
8 24 -34 0
15 48 0
28 -38 53 0
20 33 35 0
30 -44 65 0
9 22 -37 0
-9 -17 27 0
-37 38 0
25 -64 65 0
4 9 0
-19 43 -52 0
6 20 -53 0
19 -26 53 0
16 37 0
21 40 0
-3 41 -48 0
1 25 -32 0
-1 -61 0
33 42 47 0
33 -49 0
23 27 44 0
17 -47 0
19 -43 0
-5 -19 43 0
-27 36 -64 0
-25 -35 64 0
-2 -13 37 0
-32 41 -55 0
14 -62 0
11 -20 0
18 -36 58 0
1 -62 0
-52 -62 -65 0
-36 41 0
8 38 -60 0
-16 41 -60 0
-3 -57 61 0
18 62 0
10 23 -27 0
-11 -41 69 0
-24 51 0
18 -21 41 0
41 -42 0
19 -68 0
-13 44 -60 0
21 36 -49 0
-12 -24 -49 0
28 51 0
1 22 -32 0
51 -55 68 0
-28 -44 -48 0
21 46 0
22 -42 66 0
-44 -57 0
38 -61 66 0
29 -61 0
-38 -57 0
-7 -50 -53 0
13 -38 -58 0
-41 -54 0
-8 68 0
43 60 63 0
10 14 0
-20 34 -48 0
2 25 59 0
-25 36 55 0
23 -31 -34 0
3 19 0
-28 30 -55 0
-9 50 0
-11 34 -60 0
-15 -57 0
-12 37 -63 0
-14 15 16 0
14 48 58 0
4 18 -27 0
-11 -12 -23 0
-56 69 0
-51 -54 65 0
-14 30 0
-11 -56 0
-7 8 56 0
-25 62 0
-10 14 47 0
-52 -63 68 0
-9 11 12 0
3 46 -67 0
-7 -11 34 0
-12 -20 0
-20 65 0
-23 -33 -45 0
5 -17 53 0
40 -55 -68 0
-13 19 69 0
-16 59 0
-2 25 51 0
-8 22 0
-14 -28 0
20 -29 64 0
55 63 68 0
44 63 65 0
-12 -19 -34 0
23 -45 0
-24 66 0
-27 31 57 0
11 -22 -31 0
-1 -4 65 0
-5 16 -49 0
7 -46 66 0
-14 -48 69 0
28 55 0
-14 -42 49 0
25 -39 0
29 30 0
-11 -27 59 0
-20 -31 -40 0
-14 62 0
39 52 0
-17 -40 0
13 51 0
-4 -17 0
-61 -64 0
-8 -39 -69 0
-40 -62 0
-35 61 0
12 30 -56 0
17 -22 45 0
2 41 -44 0
16 -42 -52 0
-32 -56 0
-42 46 -68 0
-17 -58 0
-1 -40 0
-47 50 0
13 16 46 0
-20 -41 0
53 62 0
-52 -56 0
55 56 63 0
55 60 -62 0
-4 -68 0
6 27 -39 0
6 -42 0
12 26 -47 0
-12 -24 63 0
