p cnf 75 254
5 45 -53 0
-27 34 60 0
7 22 -44 0
11 15 -60 0
1 54 60 0
-5 18 0
-6 -41 -54 0
2 -61 0
-47 -50 -66 0
-10 26 66 0
-37 -44 -59 0
51 -60 0
-27 -28 -53 0
7 21 0
33 48 49 0
22 43 0
37 -39 52 0
-21 26 58 0
-47 64 0
-18 30 -73 0
35 -38 0
9 59 73 0
13 -45 48 0
-28 -43 44 0
-12 49 -69 0
-24 46 -54 0
42 52 0
16 -18 42 0
-20 45 -49 0
24 38 -42 0
19 -49 0
3 12 0
-12 47 59 0
-22 60 -73 0
13 45 46 0
5 -42 57 0
-13 -20 -21 0
-15 -67 0
6 28 45 0
-41 -61 74 0
-5 29 0
-49 68 0
54 -56 0
38 59 65 0
-10 -59 67 0
8 60 -68 0
1 -42 72 0
8 -75 0
-18 -57 0
-11 -16 66 0
-12 -16 0
-41 48 -59 0
-7 33 -63 0
2 -40 55 0
-31 -68 -69 0
7 -47 -74 0
-8 -33 -68 0
32 -41 -42 0
-32 41 71 0
9 -48 58 0
30 41 -69 0
-8 25 -37 0
-3 -67 0
56 -61 -66 0
6 -15 -56 0
-28 31 41 0
-4 14 -44 0
-16 18 -65 0
18 31 71 0
36 -68 0
-5 18 0
32 45 0
14 25 0
-38 40 47 0
-28 57 0
-36 46 0
25 30 65 0
25 41 70 0
-21 -25 -46 0
-45 -57 0
35 -36 -54 0
38 -75 0
9 20 65 0
4 -9 -30 0
6 16 19 0
-60 -64 -68 0
-5 -51 -65 0
16 24 -58 0
7 -10 65 0
16 -45 67 0
52 -69 0
-58 64 0
6 61 0
-8 41 66 0
-31 -57 73 0
-30 -38 -40 0
20 -50 59 0
-22 -29 0
-4 15 -56 0
-36 52 0
10 22 -26 0
-14 -19 33 0
-19 -66 68 0
13 -40 -51 0
-12 -64 65 0
-29 -71 -75 0
-24 43 0
-2 44 0
-12 31 -61 0
12 30 -69 0
18 46 -66 0
-7 17 37 0
-21 56 0
17 -72 0
-24 44 64 0
-50 65 74 0
-11 18 -74 0
-30 -37 -69 0
-7 -12 -13 0
-26 -37 51 0
1 45 -49 0
-7 47 58 0
15 -53 -61 0
14 31 0
-26 50 -63 0
8 12 -26 0
57 69 0
-63 73 0
11 -68 0
9 -34 35 0
-11 -46 0
11 35 71 0
-40 -52 -56 0
18 61 70 0
41 -61 69 0
5 6 -39 0
-32 -62 -72 0
58 72 0
20 30 -31 0
12 50 0
-21 22 55 0
6 -20 58 0
20 67 0
-16 -49 0
34 50 0
-2 -36 -50 0
-32 36 0
26 -65 0
35 -45 -69 0
58 60 0
10 45 61 0
2 -14 0
-6 -46 -60 0
-15 30 -70 0
10 -49 0
4 -64 0
-9 -14 45 0
50 -52 57 0
46 -58 -71 0
-52 -54 0
-14 -27 46 0
-2 -28 67 0
4 30 56 0
-16 -25 45 0
-4 -8 -31 0
-10 42 0
19 32 41 0
23 -24 0
33 69 0
1 -53 0
-25 31 43 0
14 30 -59 0
27 -37 45 0
-30 73 0
-29 52 73 0
-19 29 -46 0
60 -68 -73 0
4 16 45 0
-8 -44 56 0
-18 -42 -62 0
-11 -14 -25 0
25 -31 -75 0
-33 57 -65 0
8 31 -70 0
29 -42 58 0
-17 -27 73 0
-28 33 45 0
5 27 0
-9 10 0
-16 -26 -31 0
6 15 0
16 17 -62 0
19 -53 -64 0
-56 -67 0
-12 -42 -52 0
-31 -32 33 0
-38 44 0
13 -51 -72 0
-10 55 -60 0
-13 -60 0
-20 22 0
39 -52 -62 0
32 -42 0
12 -13 21 0
-13 -26 -63 0
9 24 47 0
68 -74 0
-22 -31 57 0
6 43 0
-12 -21 0
21 73 0
24 -30 -53 0
62 73 0
27 -48 0
40 -63 0
18 -22 -25 0
-8 50 -72 0
10 64 71 0
-11 -18 47 0
-19 28 55 0
5 -39 64 0
-13 68 0
1 -43 67 0
-39 -40 0
-45 -46 0
53 67 68 0
29 54 0
6 12 67 0
-12 63 0
12 -72 0
-12 25 60 0
8 15 -30 0
-44 -55 0
-20 -63 0
-12 -55 66 0
13 -32 -34 0
47 60 0
39 -54 0
-33 -46 -72 0
-31 40 -68 0
-7 -59 63 0
-11 -16 -68 0
-43 74 0
7 -8 0
13 -60 0
14 -65 73 0
24 -25 0
-17 -24 25 0
11 -42 52 0
10 14 0
-22 -68 0
18 52 -69 0
-26 67 73 0
33 -37 66 0
