p cnf 86 310
-22 -33 -49 0
20 -42 -50 0
-14 -42 -55 0
20 -44 63 0
-54 -72 78 0
24 39 -49 0
9 10 -86 0
6 10 22 0
6 -29 -64 0
-19 26 43 0
-46 75 -80 0
-23 -47 -50 0
19 21 -72 0
-7 33 0
21 33 50 0
25 48 0
24 32 83 0
-49 -84 86 0
30 51 -80 0
-2 -32 -86 0
-30 49 59 0
-61 72 84 0
-5 27 -71 0
-21 -35 66 0
-9 -63 79 0
4 76 82 0
-39 55 -60 0
-31 68 86 0
-43 57 0
22 -45 -51 0
3 -11 56 0
1 -17 -63 0
1 -62 -85 0
-41 -56 71 0
-20 -50 53 0
-54 -85 0
-3 -5 80 0
-10 -81 0
15 -23 -80 0
11 -61 75 0
-44 53 0
-7 -20 -51 0
-1 14 -38 0
4 -15 35 0
-42 -47 -59 0
-45 57 61 0
-3 -27 77 0
12 -80 83 0
-54 59 -71 0
-7 30 -48 0
-32 62 0
-40 73 85 0
-18 -35 55 0
-40 45 0
-6 21 -49 0
-5 26 -80 0
-36 -69 0
10 32 -75 0
-36 -42 -55 0
23 -33 60 0
-16 79 0
22 -30 -52 0
26 35 52 0
36 -62 -65 0
-19 68 86 0
-54 -59 77 0
-19 -34 -62 0
-45 -55 -69 0
-1 -38 -57 0
12 -18 -21 0
18 56 0
-22 49 57 0
22 44 49 0
-9 -43 68 0
-33 -55 71 0
-12 29 -86 0
30 -48 84 0
13 62 63 0
-31 37 -48 0
13 -30 -77 0
-22 35 -76 0
-20 47 75 0
-23 -42 -59 0
31 -68 0
9 15 31 0
-2 6 -18 0
12 37 54 0
-26 -58 -80 0
-13 20 38 0
-40 47 -80 0
-14 -62 -75 0
18 -23 33 0
-2 -13 85 0
49 62 -73 0
-41 -48 -75 0
48 -60 74 0
-2 -43 -61 0
-28 72 0
-53 70 77 0
6 -21 -58 0
-11 -16 -86 0
-10 -42 0
8 12 71 0
-25 54 85 0
-16 18 0
26 37 66 0
5 26 -55 0
-21 57 -79 0
1 -18 -25 0
26 36 0
51 75 0
39 67 73 0
17 24 38 0
24 77 0
9 -18 -76 0
-15 -21 36 0
23 29 -57 0
-15 -67 0
-29 -42 68 0
-37 61 86 0
9 -49 71 0
14 -31 83 0
15 56 -79 0
26 54 86 0
-34 51 -79 0
26 -65 70 0
6 -46 85 0
27 -36 -38 0
-10 -82 0
-2 -16 -19 0
19 52 -70 0
-14 -71 85 0
8 32 -76 0
-42 76 0
19 49 -77 0
4 6 13 0
24 -72 86 0
1 23 0
5 11 0
38 62 -69 0
-12 76 80 0
9 86 0
17 52 59 0
-6 -11 -78 0
-12 -59 -77 0
35 -68 0
-16 39 -44 0
3 -60 69 0
26 39 -61 0
-13 -24 -66 0
20 -66 -78 0
18 21 65 0
-16 -22 67 0
8 70 -71 0
-38 45 -81 0
37 -64 0
-7 12 38 0
-5 -44 -68 0
-8 -55 -65 0
17 -44 85 0
52 71 -74 0
-12 61 70 0
-48 58 -86 0
-22 43 0
23 77 0
21 -66 0
3 -72 -76 0
-12 27 -30 0
-11 34 70 0
-47 80 84 0
-49 -75 -79 0
-28 -34 50 0
-1 72 -76 0
-66 70 0
-23 -70 0
-43 58 80 0
11 -22 0
-27 63 -67 0
24 -27 -72 0
-18 23 -26 0
24 35 54 0
34 57 68 0
-9 -42 60 0
-34 -58 -65 0
2 -6 0
21 77 0
-4 42 -45 0
22 49 -86 0
8 44 0
-18 24 -40 0
10 62 -79 0
57 -71 0
43 -44 -68 0
-7 21 22 0
-1 -69 -78 0
-60 -74 86 0
-45 48 53 0
6 -8 14 0
37 -49 -74 0
33 -67 84 0
-32 61 65 0
6 -44 54 0
1 -13 69 0
-14 58 76 0
-4 25 51 0
-7 -22 0
69 -77 0
12 -25 -27 0
-38 -39 40 0
-38 -79 82 0
-10 11 -70 0
-9 -16 -17 0
29 37 -38 0
-43 59 -70 0
-45 82 0
-5 33 -43 0
-9 23 42 0
-17 43 -54 0
-4 29 46 0
-6 72 75 0
18 57 0
5 68 -72 0
-23 49 86 0
-1 26 -63 0
-14 58 0
-8 61 -83 0
51 -74 85 0
-8 -56 -75 0
19 47 77 0
8 -73 79 0
-41 -50 84 0
-4 -32 -40 0
33 -56 75 0
-20 64 -73 0
40 -41 -68 0
44 -69 0
1 -5 37 0
21 -57 0
-30 -36 38 0
4 -9 -52 0
-1 -10 -66 0
-8 18 61 0
-27 28 -52 0
-42 -66 -70 0
6 80 0
4 35 0
12 -64 -80 0
-26 -27 53 0
42 58 -84 0
19 -54 0
-25 -40 62 0
7 -64 0
-32 68 -70 0
6 22 83 0
-3 52 55 0
40 -43 0
11 17 79 0
-4 -48 -59 0
-40 41 59 0
2 -25 -60 0
-60 61 -86 0
16 -59 -68 0
-4 -33 0
10 -21 -24 0
32 68 -83 0
-9 -51 64 0
16 -84 0
-22 -71 82 0
17 -62 -77 0
-23 45 76 0
2 -30 -54 0
12 43 76 0
-24 52 -58 0
43 -60 66 0
-38 -54 0
6 36 0
3 -36 -45 0
-6 -53 -77 0
19 -30 83 0
-6 -14 -53 0
-9 -11 67 0
-25 -37 -58 0
-10 -49 0
-25 76 -80 0
51 -69 82 0
-7 18 -85 0
13 -33 56 0
15 -50 72 0
-7 -67 74 0
8 -27 55 0
3 16 59 0
6 -33 70 0
-1 -82 0
-16 62 -72 0
-37 68 -76 0
-20 -78 0
1 -19 57 0
60 79 0
32 -55 -63 0
18 -79 0
-4 -60 -75 0
-56 -75 0
-39 59 0
-47 -57 0
-26 53 -85 0
-3 -39 -76 0
-47 60 66 0
22 -28 0
48 50 0
10 -13 -76 0
