p cnf 86 313
27 45 -71 0
14 -16 79 0
9 -21 66 0
-1 54 -68 0
4 58 76 0
14 -22 34 0
-9 64 77 0
-19 71 0
24 66 69 0
-37 82 0
-5 -64 80 0
48 50 0
2 77 0
-67 -69 78 0
-20 86 0
-7 -71 0
-14 -75 83 0
53 -59 0
-35 -41 76 0
58 -86 0
31 43 -75 0
17 -24 58 0
-46 -48 83 0
-24 -47 51 0
-9 12 -82 0
-30 38 -76 0
-5 -8 23 0
-5 -34 0
-18 28 -86 0
32 -65 0
31 -41 0
-21 -26 -48 0
-8 -30 -31 0
-66 77 0
-2 58 -76 0
2 29 0
-17 -54 -75 0
68 -76 77 0
9 28 -66 0
-4 28 -35 0
-48 -55 0
41 49 0
24 -42 -60 0
26 75 -85 0
-26 -46 -65 0
-43 55 86 0
1 -43 79 0
31 -72 -76 0
-25 -31 -42 0
-44 70 -85 0
-28 63 0
7 -31 0
-6 12 38 0
7 74 80 0
-9 52 69 0
65 -82 0
-11 14 0
33 71 79 0
-30 46 62 0
-19 25 81 0
3 28 66 0
9 -27 -65 0
53 62 -78 0
-22 -51 -66 0
8 -20 -49 0
2 -8 -14 0
-49 -63 -79 0
14 -22 47 0
39 65 81 0
23 -70 -71 0
-35 55 -65 0
36 -59 70 0
19 23 -30 0
-22 -63 65 0
18 -32 -71 0
55 57 66 0
-17 -50 0
-6 -35 -51 0
-65 77 -84 0
12 -16 -54 0
-5 41 58 0
3 -21 -64 0
8 -23 0
-24 32 -40 0
-11 -52 76 0
23 -69 84 0
7 32 70 0
8 -13 33 0
-9 64 -66 0
-2 -14 -73 0
-2 -53 -65 0
22 -39 82 0
-28 -48 0
16 62 -84 0
-7 8 27 0
38 81 86 0
12 -31 85 0
12 30 78 0
-3 -18 -70 0
3 4 47 0
-15 -72 0
-1 11 71 0
43 50 -65 0
-26 -82 0
-17 -44 60 0
-32 -56 -63 0
-8 -31 -78 0
46 -83 -84 0
10 -23 0
-36 -42 73 0
-49 -61 0
8 41 57 0
-42 -61 79 0
45 55 82 0
38 -52 72 0
20 -48 -85 0
-37 -57 0
35 -67 -81 0
6 -14 0
1 -64 -82 0
6 39 -50 0
17 -64 0
2 -18 68 0
-1 36 0
-62 -68 -74 0
-15 -44 66 0
-3 -65 -85 0
46 -47 -80 0
-30 -51 0
-36 -65 0
9 38 -79 0
-32 -47 -53 0
36 -49 -71 0
34 -61 -74 0
-30 -45 -84 0
44 -67 71 0
-2 8 -48 0
9 -27 86 0
28 69 0
15 64 78 0
-44 50 86 0
-7 -48 -69 0
-42 72 0
-1 -40 0
29 42 0
52 71 -79 0
58 76 0
-22 -56 84 0
-9 11 83 0
-3 27 -32 0
45 76 79 0
6 -15 37 0
9 -64 0
45 69 83 0
14 -33 55 0
6 -16 -83 0
-5 -47 -67 0
10 -12 43 0
-64 67 75 0
-40 -41 -47 0
54 -56 64 0
58 -64 -68 0
10 21 46 0
-7 46 -60 0
-51 59 0
-53 59 0
7 45 50 0
-19 22 23 0
-25 42 -64 0
38 -63 0
16 22 -58 0
-29 73 78 0
51 80 81 0
-9 32 -54 0
-17 -30 48 0
5 -19 -73 0
-14 -42 76 0
15 -25 -68 0
11 18 -63 0
50 -54 -72 0
-12 25 76 0
17 68 0
-29 51 71 0
-13 -75 0
-14 18 -32 0
-11 -73 -80 0
-8 52 -66 0
39 -50 -86 0
72 -76 0
-44 -54 -85 0
5 -31 -66 0
15 -27 69 0
9 19 -41 0
-23 30 0
46 50 -78 0
-13 27 -72 0
75 81 0
-21 32 -39 0
-5 43 -64 0
-21 -22 0
-16 31 -57 0
-9 -57 -61 0
-2 -65 -72 0
1 42 -77 0
13 57 -70 0
32 -48 70 0
3 -24 -35 0
17 -42 -61 0
63 77 0
49 80 0
-31 -42 -59 0
-30 -63 0
-9 32 43 0
-2 61 68 0
18 46 82 0
15 -62 73 0
-38 -54 65 0
-3 -9 -43 0
8 39 -47 0
3 19 60 0
13 -25 -61 0
20 -46 81 0
-24 39 -67 0
-6 -40 -80 0
-12 28 -42 0
14 -52 0
-35 -49 -61 0
7 -69 0
-17 30 44 0
-9 40 -83 0
-4 -15 -52 0
56 66 -86 0
-29 -43 -67 0
-52 59 -70 0
-10 21 -76 0
42 62 -66 0
15 26 48 0
-11 55 82 0
-1 -55 -56 0
16 -67 77 0
13 -34 46 0
1 58 -70 0
13 66 -77 0
-18 69 -70 0
-1 33 38 0
9 61 74 0
-4 -58 60 0
-22 44 84 0
-23 -45 64 0
-17 27 -86 0
-5 -40 69 0
-37 58 -78 0
4 46 74 0
22 -34 82 0
49 -65 0
1 -61 67 0
8 20 65 0
-34 -41 -85 0
-9 46 0
39 43 -51 0
-20 25 45 0
-51 53 0
-29 69 0
57 -84 0
2 -10 -29 0
34 69 0
-6 67 0
1 -21 64 0
6 13 63 0
-6 -52 81 0
-26 -66 0
30 48 0
25 -81 84 0
12 19 27 0
-16 -56 -63 0
55 -73 0
-33 -64 -68 0
7 -8 77 0
-2 -59 -70 0
8 -20 -45 0
7 55 -63 0
-13 22 63 0
-13 29 75 0
-9 -13 0
-5 -40 61 0
35 45 -65 0
10 29 -39 0
-35 41 73 0
-7 35 68 0
-3 5 6 0
1 16 -75 0
-3 -5 -36 0
-9 22 59 0
-6 68 86 0
19 55 -74 0
-15 -26 -47 0
-30 62 -65 0
-23 -41 72 0
78 -82 0
-18 47 68 0
7 -85 0
-7 61 83 0
27 -63 -84 0
-8 19 -46 0
62 74 75 0
-10 -16 35 0
-10 -50 81 0
-32 -38 81 0
-44 -47 -67 0
-26 -57 -65 0
-16 45 -55 0
-24 32 -33 0
12 70 -80 0
