p cnf 99 401
13 34 -62 0
53 66 99 0
5 -42 48 0
15 -59 -89 0
64 -73 -85 0
-22 31 -96 0
54 95 0
27 47 -79 0
2 -24 -93 0
83 90 91 0
-3 -44 -76 0
53 60 -78 0
-20 -52 -90 0
7 -24 68 0
-13 -49 84 0
-1 43 62 0
65 69 91 0
55 -79 80 0
-4 80 89 0
18 -24 46 0
60 68 -91 0
-5 -22 -96 0
18 -19 -32 0
-85 -88 93 0
5 -6 -17 0
25 39 -67 0
-7 -44 -55 0
8 11 32 0
-3 17 -62 0
-44 70 -71 0
23 -84 -94 0
45 -51 -58 0
19 -50 -58 0
-18 67 85 0
22 42 85 0
2 -57 99 0
5 -20 25 0
15 86 -92 0
19 25 -71 0
3 -45 55 0
-21 53 -94 0
34 -44 78 0
49 -59 -93 0
39 46 -82 0
28 76 -90 0
11 -55 85 0
-10 -31 63 0
46 63 90 0
-15 17 -99 0
-23 -74 -78 0
-34 -43 -85 0
14 34 92 0
-57 78 -79 0
-18 39 -77 0
45 54 -89 0
-38 -50 -60 0
40 73 92 0
25 59 70 0
25 29 -37 0
66 90 92 0
45 -71 -98 0
38 -53 92 0
-12 -21 -99 0
-34 49 60 0
32 41 56 0
-43 -54 -63 0
11 -15 -69 0
30 77 99 0
-54 -77 -93 0
31 -38 -46 0
-15 18 -56 0
-66 72 99 0
1 6 0
36 -38 90 0
-12 52 98 0
-17 19 24 0
-19 -27 36 0
-15 47 -99 0
-43 -85 95 0
-16 32 -58 0
-46 -70 84 0
-1 -37 94 0
-9 -12 58 0
13 23 50 0
20 -42 -49 0
17 -28 -53 0
-2 -39 79 0
45 59 -95 0
41 82 -94 0
68 81 -84 0
-29 66 -96 0
9 -20 -43 0
30 52 95 0
-23 76 92 0
-11 -35 55 0
8 -36 -50 0
-11 24 44 0
3 -35 80 0
61 -98 99 0
18 27 47 0
25 39 74 0
42 68 90 0
-74 -77 -81 0
75 -81 -87 0
25 -69 86 0
29 -95 96 0
36 -43 -57 0
32 -57 76 0
17 -46 -49 0
-13 38 -75 0
9 54 -82 0
-22 63 -73 0
-9 -35 -55 0
-49 50 91 0
-5 70 -99 0
-19 93 0
-23 38 -43 0
27 32 54 0
-60 -84 -91 0
-31 50 -69 0
-63 64 86 0
30 78 99 0
-10 32 81 0
18 32 -75 0
34 77 -99 0
35 77 -99 0
-1 16 -49 0
3 -62 99 0
13 -72 -87 0
-12 -16 75 0
8 29 -66 0
-39 42 -60 0
34 -40 88 0
-6 48 -90 0
31 56 -93 0
-48 55 -66 0
15 23 57 0
28 -80 98 0
3 42 -55 0
-5 8 44 0
49 -89 0
28 71 -87 0
-3 8 -20 0
-25 63 -66 0
-79 -81 97 0
-24 78 92 0
61 74 97 0
-3 -4 16 0
-13 -40 99 0
-4 15 -86 0
-46 68 -99 0
26 -38 -52 0
13 -56 -91 0
-26 52 60 0
-51 -54 -88 0
-20 -37 -71 0
48 -71 91 0
-23 -44 -54 0
-75 -76 -98 0
42 -63 88 0
-87 88 96 0
-19 45 61 0
-6 -33 -39 0
34 90 93 0
-18 27 54 0
21 49 62 0
15 -20 53 0
33 -39 85 0
-17 55 89 0
-22 35 91 0
15 -28 65 0
-19 -22 -52 0
4 -30 -77 0
-4 -47 -83 0
10 -85 -96 0
-71 -87 -88 0
29 43 -99 0
49 -83 92 0
1 -24 31 0
28 52 0
1 10 35 0
4 -69 99 0
-4 -19 -26 0
57 -75 90 0
-23 40 -95 0
17 71 -94 0
-13 55 90 0
-83 -92 97 0
16 24 -89 0
-16 17 -34 0
3 -58 -68 0
-37 -51 78 0
33 79 85 0
15 -30 60 0
-81 -87 89 0
-38 76 -99 0
-26 -44 70 0
-24 71 87 0
-42 46 50 0
-46 63 64 0
48 51 55 0
-38 47 73 0
39 57 -99 0
57 91 99 0
-22 -37 55 0
-22 38 62 0
-5 -13 -86 0
-38 -44 -77 0
-26 34 35 0
-37 40 -50 0
28 51 -91 0
-33 -50 -75 0
22 -35 -39 0
-36 74 98 0
-45 48 72 0
-28 -91 -99 0
8 37 -52 0
18 42 -77 0
-64 -84 -94 0
-21 39 95 0
18 -51 -73 0
-37 39 50 0
-63 -69 -86 0
-12 53 58 0
-16 -21 90 0
-61 95 0
-55 69 -82 0
-39 76 99 0
-18 75 91 0
-25 -37 -50 0
4 84 -97 0
-5 70 90 0
16 -29 -61 0
1 12 -68 0
-69 -78 96 0
-35 -53 -90 0
13 -45 -70 0
-11 -50 -82 0
-27 42 -85 0
43 65 -91 0
-16 -39 -59 0
-35 42 -63 0
9 -83 91 0
20 -27 -64 0
-19 -25 -37 0
21 31 78 0
-50 60 -84 0
-6 8 83 0
26 -40 -90 0
42 60 93 0
12 17 -95 0
31 -49 95 0
-63 -83 87 0
-68 -71 -84 0
-2 22 -98 0
-6 21 -73 0
22 76 -82 0
-28 -36 -52 0
37 -54 98 0
17 75 82 0
9 -14 42 0
-17 30 -75 0
-31 36 88 0
-6 -34 57 0
12 25 -33 0
-12 47 59 0
19 -53 71 0
-79 -83 86 0
36 48 -58 0
-25 80 -97 0
24 42 45 0
17 -63 -72 0
-31 -45 -88 0
-21 80 92 0
74 -83 97 0
8 13 63 0
-55 63 0
6 -22 57 0
-15 38 0
-4 -45 63 0
-25 26 95 0
49 -50 95 0
-18 22 -29 0
39 40 -59 0
-8 -60 69 0
-20 56 99 0
32 -61 77 0
80 -91 92 0
4 38 -50 0
-31 44 90 0
-43 77 88 0
2 12 -43 0
-10 -36 63 0
-11 64 78 0
1 34 94 0
65 68 93 0
-21 66 89 0
-7 92 99 0
-11 13 22 0
19 -48 -65 0
-21 62 76 0
19 -24 -95 0
18 31 -92 0
2 -7 56 0
-5 -43 79 0
30 -35 -40 0
14 -27 75 0
60 72 86 0
-2 -84 96 0
-1 -38 68 0
45 50 -93 0
-19 -52 -61 0
48 74 -83 0
-58 86 87 0
26 57 -76 0
18 38 -61 0
15 20 -26 0
-19 21 -85 0
6 -87 -99 0
-4 -36 81 0
-43 46 64 0
-58 60 -93 0
18 -87 -97 0
-5 -62 88 0
11 -20 48 0
16 68 -77 0
41 -74 -79 0
25 42 -86 0
-2 -44 -96 0
5 34 44 0
35 94 97 0
-2 8 22 0
6 41 -77 0
30 93 95 0
-15 -89 94 0
27 55 60 0
-13 -15 85 0
34 -63 -89 0
42 -53 -91 0
57 72 -96 0
26 -34 97 0
-7 -44 -81 0
10 -25 -29 0
-2 13 -43 0
-2 -9 44 0
9 67 -83 0
19 -24 91 0
-25 -31 70 0
-6 19 -82 0
4 -32 -47 0
13 31 -90 0
-7 -29 31 0
50 -54 -81 0
36 81 -98 0
8 -56 -66 0
62 93 -98 0
-3 -7 92 0
-49 65 -73 0
25 31 -96 0
63 82 89 0
-11 -13 35 0
21 -37 -85 0
13 -23 50 0
3 85 -94 0
23 -26 56 0
-14 16 -72 0
20 83 -88 0
-27 67 96 0
14 31 -70 0
7 52 -71 0
-14 56 -97 0
28 -39 -83 0
-14 72 0
30 -41 -46 0
-8 9 58 0
-15 59 -98 0
32 72 88 0
-58 -67 77 0
-14 -59 60 0
13 28 87 0
-8 -46 51 0
-38 -50 -53 0
-82 85 -96 0
7 52 -75 0
22 30 -50 0
-12 -51 -87 0
-30 62 -89 0
12 -47 -78 0
38 49 -94 0
9 62 -73 0
-17 63 84 0
-24 -67 88 0
12 -47 62 0
-26 42 51 0
33 -57 70 0
-12 64 -82 0
-11 -23 48 0
-25 94 99 0
28 72 -79 0
61 91 -97 0
21 -48 63 0
