p cnf 80 280
-44 74 0
2 -13 -56 0
-16 64 73 0
66 -67 -79 0
41 -53 -59 0
64 68 0
-5 -15 -56 0
19 -66 0
-2 15 72 0
-4 -57 -66 0
-36 -55 0
27 -30 40 0
5 -79 0
11 -50 0
-13 -35 63 0
-22 79 0
-9 -50 65 0
20 49 74 0
32 -57 -74 0
-19 64 0
-17 -47 -75 0
55 66 80 0
-63 -67 68 0
-4 13 58 0
7 29 -71 0
21 -70 0
4 16 -34 0
-6 -12 -30 0
-2 -22 23 0
-39 -49 67 0
65 70 0
-51 63 0
-10 28 -51 0
3 26 -43 0
45 -66 -70 0
-41 -62 -80 0
37 -40 -72 0
-21 74 77 0
24 43 -76 0
-33 41 -66 0
-19 53 77 0
-5 43 -78 0
3 -6 -66 0
-7 53 0
-9 -58 65 0
-23 -78 0
20 41 43 0
20 -35 70 0
22 38 -59 0
-13 -51 77 0
8 11 -15 0
-5 36 43 0
-6 19 -46 0
-18 -42 -65 0
40 -70 -79 0
19 -38 -63 0
-23 -25 42 0
41 58 79 0
-21 -30 51 0
55 -58 80 0
25 33 -52 0
-17 -19 -30 0
-13 66 73 0
-10 -31 -42 0
-37 43 -68 0
1 -7 22 0
-20 -39 -75 0
19 -22 70 0
-11 37 -57 0
12 27 0
-22 -42 -57 0
-54 68 77 0
10 -35 -68 0
-36 -45 46 0
-12 -60 80 0
-11 31 -72 0
16 21 64 0
-44 58 75 0
-53 -57 78 0
19 34 56 0
-24 -48 -56 0
7 -28 0
8 25 -54 0
-5 30 -59 0
-62 -70 72 0
4 -46 -49 0
-12 54 0
43 -54 -78 0
14 -54 72 0
-31 51 61 0
3 -15 48 0
-13 46 -51 0
42 45 -56 0
1 4 -43 0
31 42 -74 0
34 49 -70 0
22 -50 51 0
7 -40 0
-46 -65 80 0
10 -11 56 0
21 -56 65 0
44 -61 -75 0
-42 54 63 0
64 -70 -79 0
14 -30 32 0
23 36 65 0
17 -52 0
-36 41 -47 0
22 25 -54 0
11 34 71 0
-14 38 0
9 42 0
1 58 -61 0
31 62 -70 0
-49 51 76 0
-61 -76 -78 0
-16 18 33 0
-41 52 -68 0
32 -36 -68 0
-3 -34 70 0
37 48 52 0
33 -42 46 0
11 24 -27 0
15 47 49 0
-5 -26 -51 0
-27 34 71 0
-24 34 -36 0
-33 41 -72 0
70 75 0
-29 46 -79 0
-26 -32 33 0
-34 -64 67 0
38 72 73 0
-47 -51 70 0
-12 -48 49 0
-24 -45 0
-34 50 65 0
-9 -16 -24 0
-43 -57 0
-24 68 0
48 -65 76 0
12 -44 -64 0
12 33 79 0
-40 -54 0
-9 35 0
-14 46 -52 0
4 -61 69 0
-8 54 0
-34 40 57 0
48 52 62 0
-14 17 71 0
-4 -26 -64 0
2 -37 -43 0
-3 31 35 0
-3 -24 -46 0
46 -50 60 0
-6 -31 61 0
55 -60 73 0
-11 18 31 0
-7 11 -64 0
-4 40 0
2 -31 55 0
-15 -47 0
19 25 48 0
3 50 0
17 47 56 0
11 -65 0
11 27 32 0
-45 -51 76 0
53 64 0
-14 -26 0
-5 -7 32 0
-46 -57 -66 0
-17 48 68 0
-4 15 58 0
-23 -53 70 0
9 -10 -23 0
39 41 -65 0
31 -59 0
-22 -64 -70 0
1 -14 0
6 -16 49 0
-5 -38 58 0
-9 20 0
-5 -23 45 0
-8 39 60 0
14 -36 76 0
-22 68 0
-19 23 37 0
19 -79 0
-6 58 63 0
-3 47 76 0
-44 -53 0
5 29 39 0
30 -55 64 0
-46 66 0
29 -31 0
-2 -23 41 0
20 72 0
22 -53 56 0
-4 7 0
39 53 65 0
-29 38 -47 0
13 -18 55 0
-18 46 -70 0
39 49 -61 0
-6 -16 35 0
1 18 63 0
-9 -39 -63 0
-22 -43 72 0
49 -55 0
33 36 -79 0
-9 -52 63 0
-62 76 79 0
-37 -64 -78 0
30 64 -75 0
47 58 61 0
1 -69 0
-40 -58 0
4 58 0
15 53 -58 0
-37 39 75 0
65 -73 -77 0
-8 59 63 0
15 -31 -67 0
-23 -24 39 0
60 -73 0
-6 16 -17 0
-38 -58 -62 0
14 68 -70 0
8 -42 -55 0
-1 -38 79 0
14 -20 0
-68 -70 -75 0
-2 16 -48 0
-19 40 -76 0
-1 25 46 0
-65 -68 -72 0
2 19 0
-61 -73 -77 0
63 74 0
-27 74 0
2 -57 0
1 51 -80 0
5 23 25 0
3 -12 0
-3 5 8 0
42 -57 0
-49 68 -72 0
12 18 41 0
-14 21 -24 0
46 78 0
6 48 0
-23 62 66 0
-36 -57 -59 0
7 -34 -64 0
26 64 0
13 -21 -53 0
41 -42 78 0
-12 -78 0
-17 -39 41 0
-20 29 0
-1 22 56 0
-12 -32 0
-66 -71 0
-8 23 48 0
59 65 79 0
3 -56 0
26 -46 53 0
-7 -12 -77 0
10 15 0
-3 7 -65 0
1 -72 -78 0
-15 -28 -38 0
-43 -54 71 0
-28 44 -75 0
40 -42 77 0
64 78 0
-17 -31 42 0
5 -32 -39 0
