p cnf 89 336
10 -62 69 0
12 81 84 0
2 -65 -69 0
-22 -27 0
1 25 -50 0
17 -45 -77 0
64 77 -78 0
14 -28 -35 0
60 64 81 0
-6 48 0
-4 57 -66 0
18 43 0
39 -58 85 0
46 -50 85 0
17 -29 -37 0
-39 65 85 0
-5 56 89 0
5 -39 -87 0
-10 26 67 0
46 75 -77 0
-50 51 84 0
26 47 66 0
-11 54 -57 0
25 -63 -76 0
-5 27 -67 0
-13 40 -68 0
-21 25 68 0
-2 -63 0
-16 -48 65 0
-4 -56 -71 0
-7 76 80 0
10 -36 -79 0
-9 -11 19 0
-2 -15 31 0
-9 -61 -76 0
2 -4 -21 0
2 40 47 0
1 31 0
-1 24 78 0
-10 -53 -66 0
-43 57 76 0
46 66 79 0
-61 -74 86 0
-30 53 -58 0
-48 51 70 0
-26 -85 0
-33 -78 -86 0
-12 27 -53 0
30 -42 62 0
29 34 -84 0
2 -9 73 0
2 48 63 0
46 72 0
6 -15 45 0
6 7 -71 0
8 -52 -66 0
-25 -64 -66 0
6 -58 -76 0
23 -57 -66 0
14 -24 27 0
-54 62 -75 0
-69 -74 0
5 -23 -53 0
11 -68 88 0
-5 18 -49 0
-8 67 -80 0
-13 34 86 0
-28 72 -85 0
61 -81 -82 0
-6 17 -22 0
28 -45 76 0
24 -70 -75 0
-12 38 -59 0
-58 -67 -85 0
-6 35 47 0
29 55 79 0
36 66 75 0
23 -29 43 0
-2 4 5 0
13 63 -85 0
22 26 -62 0
7 -25 56 0
24 45 53 0
-11 -18 -55 0
72 81 0
-5 -75 -77 0
45 -68 84 0
20 -34 41 0
12 57 86 0
8 49 68 0
19 -65 0
15 52 87 0
-32 47 -74 0
12 -19 -40 0
-21 -23 -56 0
-30 38 0
34 -62 -71 0
-12 62 -63 0
-5 27 -69 0
-29 45 82 0
-23 -40 71 0
7 25 -57 0
-33 -35 -72 0
5 -39 -69 0
32 -38 88 0
3 -28 -87 0
-29 49 51 0
-20 44 0
2 -28 44 0
18 -53 -84 0
6 -54 58 0
-56 -76 0
-7 37 -76 0
-16 -42 69 0
11 16 -52 0
-15 66 80 0
-19 47 -56 0
2 53 54 0
-25 45 69 0
13 50 57 0
-4 -72 0
-54 58 75 0
-29 71 76 0
23 -52 88 0
34 84 -87 0
5 -6 45 0
7 16 -24 0
15 71 -86 0
66 -87 -89 0
-66 68 0
29 -44 -55 0
38 -47 -57 0
-25 38 61 0
-23 25 -30 0
-4 16 -83 0
34 -36 57 0
21 40 55 0
-7 51 72 0
13 -65 73 0
40 -51 -67 0
54 -65 -71 0
-13 -49 -65 0
-39 -47 72 0
-75 86 0
-22 42 0
2 -13 61 0
23 -46 78 0
-30 45 -67 0
-9 19 -75 0
-9 34 82 0
31 54 -68 0
22 26 53 0
46 63 -69 0
6 -74 -83 0
22 38 71 0
-8 -29 -37 0
69 -75 76 0
-52 61 -83 0
-34 41 -54 0
-77 81 -82 0
28 -35 -49 0
56 59 69 0
-62 -74 81 0
23 36 69 0
-15 44 58 0
36 -61 78 0
-1 -37 -82 0
-47 -53 89 0
-62 83 0
17 39 79 0
-48 -65 82 0
-12 32 -68 0
-26 40 72 0
-5 8 -75 0
18 49 82 0
-10 78 87 0
-40 48 79 0
-8 -10 0
31 52 -75 0
-33 -68 -71 0
3 -22 68 0
-28 30 -58 0
-26 -45 0
-50 76 -82 0
-11 52 0
30 65 80 0
6 -10 -16 0
4 40 65 0
11 39 60 0
7 9 -67 0
-8 -58 75 0
28 37 67 0
9 18 -25 0
-15 -32 -64 0
-5 39 65 0
20 -37 -86 0
-28 -33 62 0
13 20 81 0
9 67 72 0
-32 -57 65 0
3 31 83 0
16 -57 59 0
42 -83 0
21 74 76 0
-11 -63 -68 0
2 24 51 0
-2 -38 80 0
8 -25 -27 0
-5 -24 77 0
32 48 -88 0
17 50 88 0
52 68 71 0
8 29 67 0
1 -67 -84 0
-54 -56 68 0
22 29 75 0
-10 -50 -84 0
-34 -49 -68 0
-3 -23 -42 0
16 21 -26 0
-6 -75 0
14 -64 -74 0
-1 9 -78 0
-21 -73 -87 0
33 -56 75 0
52 -57 -71 0
-51 73 75 0
38 65 72 0
-9 -18 56 0
54 64 82 0
-19 -33 61 0
32 -37 -78 0
-29 81 85 0
62 -79 -82 0
48 75 -76 0
27 41 -78 0
5 -77 0
7 -17 -55 0
39 -59 -73 0
9 -12 88 0
-22 -44 0
51 54 78 0
-46 -78 -84 0
-6 -29 42 0
-42 53 64 0
-66 -71 0
11 43 0
-11 24 -61 0
16 -62 -81 0
-8 -27 -55 0
-27 -30 -62 0
18 27 -36 0
16 28 -74 0
45 47 0
-6 33 46 0
20 78 -85 0
-4 62 -67 0
45 49 0
-10 18 87 0
-23 -67 88 0
-24 34 -50 0
-17 -27 35 0
3 -8 -79 0
13 18 -44 0
-18 -34 0
-36 65 -80 0
16 83 -88 0
-35 76 -82 0
10 66 0
4 29 -78 0
22 30 0
-9 21 79 0
3 -68 -70 0
44 63 -86 0
-47 -54 77 0
-25 52 73 0
43 60 0
-3 19 -61 0
1 -29 0
-60 -71 72 0
-36 71 0
-28 65 -81 0
-10 58 65 0
20 -56 72 0
-11 34 43 0
-44 -52 88 0
42 68 -86 0
-66 77 0
-52 69 83 0
-2 7 0
14 53 64 0
-42 60 74 0
-7 -50 -75 0
-19 -80 0
-12 27 82 0
-7 -13 -45 0
-47 -48 79 0
-30 35 87 0
30 46 69 0
-38 -70 -84 0
-13 48 -84 0
-29 77 -84 0
57 80 83 0
9 -71 -73 0
-37 -54 -89 0
3 34 79 0
5 -24 41 0
-5 -21 -28 0
42 65 88 0
33 52 -86 0
-32 -48 -69 0
20 42 72 0
21 26 77 0
-35 67 0
16 65 0
16 -41 -63 0
11 30 -77 0
-20 35 -67 0
-30 36 -89 0
46 -67 -84 0
-9 -16 -18 0
19 -31 -42 0
-13 -46 73 0
-43 -61 0
23 29 0
-22 60 83 0
67 79 0
-25 -53 -76 0
-35 39 -47 0
9 -24 -72 0
-8 -48 -55 0
-70 -79 -84 0
7 52 -68 0
-24 31 -81 0
34 37 -58 0
18 -53 66 0
