p cnf 93 359
22 26 73 0
8 19 -27 0
46 -67 0
-80 -90 0
-8 81 91 0
-26 -39 72 0
36 -37 50 0
-37 72 85 0
-2 -33 -39 0
-44 58 93 0
-68 -72 -92 0
-46 -58 -76 0
8 -15 42 0
26 -35 -88 0
20 -28 41 0
-2 -44 -68 0
6 70 0
-20 30 -65 0
18 -60 -84 0
55 87 0
-9 -54 -75 0
49 93 0
8 38 72 0
-11 82 83 0
-2 48 69 0
-7 -30 -48 0
6 31 -80 0
-4 31 87 0
-2 54 59 0
40 73 -93 0
33 -37 58 0
25 51 74 0
-35 40 -84 0
44 -71 83 0
22 -26 59 0
-5 30 75 0
-32 33 70 0
38 -60 -84 0
-4 -15 -68 0
-11 -24 26 0
15 47 81 0
6 -21 -62 0
49 65 -69 0
-8 20 -87 0
55 68 0
-8 21 42 0
-32 -43 -84 0
13 -56 -68 0
9 -81 84 0
-50 71 -73 0
12 -39 -60 0
45 53 -64 0
37 62 -63 0
19 -22 85 0
-4 35 -54 0
-44 49 66 0
-17 59 -89 0
-29 -44 0
46 -69 -83 0
10 31 -59 0
7 -64 -72 0
33 -55 -65 0
-53 58 0
-17 43 78 0
-52 -88 0
5 -19 31 0
-26 34 59 0
-81 -82 -83 0
45 82 -85 0
59 -62 84 0
32 -39 47 0
-10 13 63 0
4 -35 43 0
-4 31 91 0
44 57 71 0
-19 29 -47 0
-21 -31 42 0
-13 54 -81 0
22 25 -84 0
-6 -20 -67 0
69 74 -87 0
-33 48 83 0
41 54 -86 0
37 -75 0
-3 -27 92 0
39 59 60 0
50 -77 -79 0
-33 -44 -71 0
25 34 76 0
33 57 68 0
21 30 -67 0
11 57 -68 0
-6 69 91 0
12 -19 89 0
-14 -22 71 0
-7 -48 0
-37 -64 -89 0
-52 -78 90 0
43 70 0
2 64 79 0
-3 9 58 0
3 37 -50 0
-65 -71 -83 0
-25 -30 -89 0
6 31 -90 0
-34 -51 -71 0
-14 40 -51 0
-5 71 76 0
14 61 -80 0
29 71 85 0
11 55 -93 0
-51 61 -63 0
56 -84 -86 0
2 -51 84 0
26 -41 -63 0
-31 69 -79 0
-46 69 89 0
-12 -13 -51 0
-10 11 71 0
-11 -27 0
65 67 82 0
2 -51 57 0
7 -34 -71 0
23 -35 42 0
-78 -81 0
49 62 0
-59 71 -87 0
44 67 75 0
-36 -53 0
42 68 -79 0
-38 42 73 0
-11 17 -37 0
18 21 -91 0
8 -33 35 0
6 -10 62 0
37 -52 -77 0
5 51 63 0
-10 87 0
26 31 78 0
17 75 87 0
23 25 40 0
-11 39 -80 0
12 -40 93 0
-7 -10 -19 0
-7 78 -91 0
-11 -18 66 0
14 31 -88 0
1 -45 -91 0
-4 -46 79 0
-10 -46 -91 0
11 17 0
-8 41 53 0
-24 36 0
10 -46 75 0
-15 -46 74 0
-8 25 83 0
12 22 -70 0
39 43 0
-30 -44 -78 0
10 28 46 0
12 44 67 0
25 78 81 0
4 -59 62 0
-42 -43 0
-33 -42 -60 0
69 -88 92 0
25 -65 -74 0
7 -14 59 0
-6 11 -56 0
-17 -56 -77 0
9 13 -63 0
-28 -36 77 0
-21 -23 -46 0
3 39 -51 0
10 25 64 0
-62 -71 84 0
16 -34 -79 0
57 -59 -89 0
29 34 -59 0
-12 -19 89 0
41 -45 90 0
38 47 59 0
-22 55 77 0
-18 -67 74 0
-2 -18 19 0
42 -56 -87 0
-12 -15 -37 0
17 -53 -62 0
41 45 0
-8 67 76 0
53 -71 -79 0
43 61 -79 0
60 63 -72 0
-39 -44 65 0
18 31 89 0
3 -53 88 0
61 -79 -84 0
12 -63 -87 0
13 20 0
7 20 39 0
-9 -20 86 0
11 40 89 0
-74 -83 -89 0
69 77 -92 0
3 4 6 0
33 -41 -58 0
16 -47 91 0
16 17 -68 0
52 -56 -93 0
-26 -71 -82 0
31 36 85 0
-9 88 0
47 71 -86 0
-23 -52 58 0
29 -35 38 0
-80 81 82 0
34 49 54 0
47 77 79 0
-49 -85 0
16 58 60 0
-61 89 -93 0
9 -72 0
-45 -66 -91 0
3 70 -84 0
-4 29 -89 0
-60 -61 -70 0
-10 12 67 0
-20 -46 -91 0
-14 49 -58 0
11 -38 -92 0
1 -17 -25 0
9 -70 -72 0
-30 -60 -81 0
61 81 -83 0
10 -43 80 0
11 -14 -70 0
20 34 90 0
5 -52 -66 0
2 -35 59 0
16 21 -74 0
3 -28 -35 0
12 -40 60 0
27 -62 -93 0
-46 51 -59 0
14 -41 56 0
-7 60 -78 0
-7 -18 0
8 -34 44 0
-46 -70 0
9 -13 -77 0
14 51 69 0
5 -59 -90 0
19 50 84 0
-35 -63 -87 0
-8 51 -63 0
40 -50 51 0
-57 -62 67 0
13 -42 52 0
-17 -43 84 0
43 89 -92 0
29 -44 56 0
10 -54 -83 0
-34 51 66 0
-23 -89 0
6 -24 26 0
-8 17 22 0
7 35 51 0
4 -39 59 0
-60 -64 93 0
-10 36 -75 0
-3 -67 79 0
66 69 77 0
-12 -68 88 0
-16 57 -66 0
-19 -49 -60 0
85 87 89 0
34 -39 55 0
53 -56 66 0
-31 33 35 0
16 -38 -80 0
-29 -70 -71 0
17 -31 -59 0
10 41 0
34 55 -67 0
19 39 -78 0
-3 -55 -91 0
-22 -65 82 0
13 46 -53 0
12 -50 -85 0
-4 -48 56 0
9 -26 -43 0
13 -64 -91 0
-40 -53 67 0
25 -74 80 0
-23 37 44 0
-19 52 66 0
23 65 87 0
25 36 -73 0
-13 30 -37 0
-74 86 0
-10 24 -74 0
-8 36 51 0
-9 86 -92 0
26 -33 -87 0
1 -26 -59 0
9 -15 -67 0
15 25 -82 0
12 -23 69 0
-52 -65 72 0
3 -52 -79 0
22 68 82 0
43 49 -71 0
21 -40 -51 0
-9 -84 89 0
5 -45 82 0
-7 40 -45 0
-6 45 -89 0
-7 31 -60 0
-23 -72 0
-6 -22 61 0
-3 73 89 0
34 53 70 0
-25 29 55 0
-4 5 48 0
-25 -79 -90 0
-7 69 72 0
13 48 91 0
-7 -52 57 0
-30 -41 -55 0
3 -66 83 0
9 90 0
29 -62 77 0
19 -20 56 0
-16 41 42 0
-4 -36 -84 0
75 -86 87 0
14 21 50 0
34 -44 77 0
58 63 -88 0
58 -75 -78 0
10 21 -37 0
-21 61 82 0
-19 -60 76 0
37 46 72 0
39 47 -92 0
78 -90 91 0
36 -78 0
-27 -63 78 0
42 77 84 0
28 -48 -70 0
25 37 -73 0
-39 -64 -69 0
16 -31 63 0
-2 -54 64 0
-1 -83 88 0
-32 80 81 0
7 48 81 0
8 -36 -61 0
-17 71 -93 0
