p cnf 84 296
32 77 0
-36 53 63 0
-41 -46 0
4 -23 0
33 -41 54 0
53 -60 78 0
-31 -71 -76 0
35 83 0
28 37 0
-16 76 78 0
-3 37 0
30 -79 82 0
51 -53 -74 0
31 -49 77 0
-16 -26 49 0
3 24 -77 0
-22 41 -58 0
3 -12 0
7 25 44 0
-16 -22 -73 0
14 24 -52 0
35 -55 -80 0
5 -76 -81 0
24 -34 65 0
-17 78 0
-44 68 72 0
32 53 0
-7 -51 -58 0
25 49 58 0
-2 58 69 0
-20 -53 -84 0
-32 -59 -61 0
3 -31 0
-26 56 65 0
-61 -72 -75 0
-28 42 45 0
-36 -40 79 0
-17 60 76 0
-48 54 62 0
22 46 -55 0
-6 25 27 0
18 -34 57 0
-3 13 0
-5 35 -62 0
4 19 0
-21 -42 -58 0
5 17 51 0
-29 73 0
-5 -41 69 0
35 68 -73 0
39 43 -73 0
-3 6 48 0
31 70 0
-19 39 -74 0
13 -46 48 0
-29 36 -71 0
-22 45 -53 0
-16 28 -30 0
-14 -67 -80 0
-33 -59 79 0
6 -25 0
22 -29 -68 0
-26 41 -69 0
-21 -37 57 0
31 78 -82 0
-10 -14 0
-1 35 78 0
3 39 -84 0
-4 -19 -22 0
-26 -49 61 0
17 -76 0
-28 -46 0
-18 -20 62 0
-12 -54 -70 0
16 -72 -75 0
-44 -63 -79 0
9 -20 -80 0
37 39 45 0
-10 34 0
40 78 -82 0
-13 57 -72 0
57 65 0
2 38 63 0
31 -53 -61 0
-14 -20 38 0
54 -64 0
24 43 69 0
28 35 -43 0
-3 4 -58 0
5 -32 -78 0
68 -78 0
-32 78 79 0
4 -50 68 0
-30 56 -76 0
-28 69 0
40 -56 63 0
-30 -77 -84 0
-13 37 -72 0
-4 19 26 0
-17 -20 -54 0
-15 45 0
4 -41 53 0
12 -20 42 0
29 34 -43 0
19 48 71 0
20 -53 -79 0
-9 12 -63 0
-65 72 0
38 70 79 0
6 22 -70 0
8 68 -73 0
53 -82 0
6 14 69 0
4 -18 25 0
2 49 -57 0
-10 -58 -80 0
30 -45 -79 0
12 -36 60 0
14 -19 -75 0
-2 35 43 0
-9 46 -78 0
-9 66 0
52 54 58 0
8 22 75 0
-5 -17 -42 0
-63 76 81 0
-14 39 48 0
-47 76 79 0
-10 -18 -73 0
7 36 76 0
1 23 0
-18 59 0
8 34 71 0
17 53 -63 0
25 63 0
-33 -69 -73 0
-18 -22 76 0
-28 -38 78 0
24 48 60 0
-40 -58 0
33 38 -60 0
-2 -18 -28 0
3 -67 69 0
-42 63 73 0
-25 -41 -44 0
-10 -65 0
-5 -10 -64 0
18 -43 -69 0
-9 -23 26 0
17 -18 -76 0
-11 48 -63 0
4 -22 -77 0
-13 46 81 0
24 -32 -60 0
-13 52 -82 0
-50 -53 73 0
13 -42 -50 0
-39 -51 72 0
-27 34 -48 0
2 24 -41 0
-15 -26 -33 0
-20 45 -82 0
-23 71 0
-59 67 -69 0
51 -68 81 0
-18 58 67 0
2 -43 -71 0
13 56 0
-11 -15 -72 0
3 -4 76 0
31 51 0
-52 -58 -75 0
-5 63 -64 0
-4 9 -21 0
-46 -58 0
-27 31 -45 0
-44 49 -69 0
-1 27 74 0
-1 -19 0
18 44 0
13 -53 54 0
46 49 -52 0
-3 -10 69 0
7 -9 -24 0
35 -64 0
-6 43 -63 0
22 -81 0
-3 57 -77 0
42 51 73 0
-54 73 78 0
51 62 -64 0
1 17 19 0
52 57 69 0
20 -46 0
28 35 0
14 -43 71 0
-7 -56 57 0
-6 -9 -58 0
-48 -57 59 0
-2 -27 -50 0
-28 36 75 0
16 -38 72 0
26 77 0
18 63 -66 0
-77 -78 80 0
19 -44 64 0
45 -60 0
30 62 0
9 52 -72 0
22 -26 70 0
4 -28 73 0
5 27 -33 0
-28 -41 73 0
-25 75 84 0
49 -81 0
-3 -32 -52 0
-13 78 -79 0
37 56 -81 0
13 -22 -33 0
-22 41 54 0
-2 41 61 0
-32 -44 -78 0
-45 62 74 0
-4 32 41 0
3 -62 81 0
-29 -33 -52 0
20 -62 -63 0
-39 -50 0
19 -71 76 0
22 -73 0
23 25 48 0
2 48 78 0
-25 46 -67 0
12 34 63 0
-48 -68 69 0
21 -57 67 0
10 -67 -70 0
38 -72 -76 0
50 68 82 0
-16 23 80 0
-54 -77 0
-19 -31 44 0
-31 49 -62 0
-33 54 -64 0
-28 -60 71 0
62 -81 -84 0
-16 41 -61 0
-13 -66 76 0
69 82 0
4 21 0
-13 46 -81 0
6 -11 25 0
54 -70 73 0
-13 15 -18 0
40 61 80 0
-16 18 -62 0
34 55 64 0
-3 -12 26 0
-5 -64 0
25 -27 77 0
10 16 -30 0
-1 62 -65 0
-24 34 -51 0
10 70 0
22 58 -73 0
-12 -56 0
23 -61 -63 0
2 63 0
18 -33 -61 0
11 31 -43 0
-37 55 -78 0
12 -21 26 0
-46 -65 83 0
-14 -17 29 0
42 71 82 0
16 33 56 0
-10 -42 -73 0
21 44 0
-53 -80 84 0
-18 -63 0
-22 -42 54 0
60 -72 0
7 -19 -57 0
42 45 -55 0
-58 -68 0
-36 75 -84 0
-8 -10 -50 0
6 9 -66 0
1 3 -76 0
-3 18 0
58 73 74 0
-7 -29 62 0
7 -58 -72 0
25 -32 -43 0
24 39 70 0
-10 -47 54 0
