p cnf 85 318
13 69 0
1 57 -82 0
19 44 48 0
58 70 -82 0
-2 -52 55 0
20 -29 -32 0
-12 29 67 0
-16 18 66 0
35 -48 -60 0
6 -64 -83 0
-37 -54 57 0
14 47 -69 0
-30 41 -57 0
11 -56 -67 0
2 42 -80 0
-2 -12 33 0
-17 47 0
4 -29 0
-59 -62 0
-41 -74 82 0
-33 -45 85 0
-2 -8 0
21 -56 58 0
5 30 74 0
13 -26 -79 0
-11 74 78 0
-16 -27 50 0
-8 -70 72 0
8 30 65 0
-27 -38 -59 0
-40 -79 -84 0
-39 -47 -68 0
-29 -56 64 0
7 -43 -81 0
15 -56 -60 0
-2 28 -44 0
-20 48 63 0
-52 66 -82 0
20 -85 0
-11 -16 -51 0
5 -74 77 0
-25 42 -70 0
-26 75 -81 0
52 -61 0
-1 23 52 0
-39 52 83 0
-10 -60 -79 0
22 48 -64 0
4 -48 -72 0
66 -74 -80 0
-7 -29 0
17 23 35 0
-52 70 73 0
15 28 65 0
-3 71 82 0
22 -38 83 0
-10 31 -67 0
9 25 29 0
-58 -62 83 0
-20 52 53 0
-37 57 84 0
6 -57 82 0
8 -13 -22 0
53 -59 63 0
5 -77 84 0
12 -35 63 0
4 -28 79 0
29 38 -59 0
-13 37 -60 0
10 55 60 0
21 63 81 0
-20 -46 0
-28 32 -61 0
-45 46 57 0
-31 64 0
4 26 60 0
9 32 -43 0
-48 -51 0
49 64 0
-15 -52 -59 0
-36 69 70 0
33 83 84 0
-31 -45 0
32 -39 54 0
47 -54 -59 0
-30 42 -76 0
-66 -75 -78 0
8 23 -34 0
14 19 51 0
-28 -36 -83 0
16 46 -67 0
-26 76 0
-18 34 0
-3 -65 85 0
17 -57 -59 0
6 14 0
28 55 63 0
-50 61 -63 0
-42 72 77 0
-9 -19 79 0
-9 56 70 0
-19 50 -85 0
25 -70 83 0
20 34 0
45 -54 -73 0
18 34 -39 0
-58 67 0
-46 55 -73 0
30 61 -64 0
35 -56 79 0
2 -14 -22 0
23 -59 -61 0
-43 -47 66 0
-17 -30 -55 0
16 -60 -78 0
-42 -49 -65 0
-28 -62 69 0
-24 72 81 0
-24 -42 -53 0
18 -51 -77 0
57 75 0
-24 53 -55 0
5 -60 79 0
-9 -48 0
13 -46 -49 0
-41 -83 0
-16 43 -48 0
-14 34 -63 0
23 -39 0
7 -13 -44 0
3 69 0
21 55 0
48 70 0
16 -27 54 0
16 -56 -58 0
-8 76 0
-38 52 72 0
-4 -26 -58 0
-26 -77 -78 0
25 -35 -61 0
-23 -34 -81 0
29 -83 0
71 -72 0
-63 75 0
-3 63 -80 0
-43 -49 -62 0
-3 -26 -72 0
-12 75 0
-18 54 78 0
73 -77 0
9 -38 -84 0
50 -51 54 0
-2 -63 -85 0
21 -43 63 0
16 -31 47 0
-15 52 83 0
18 75 77 0
-10 -32 -84 0
-18 -26 29 0
-4 27 0
6 -37 42 0
-17 -57 0
13 -59 -63 0
31 -54 84 0
-1 43 -47 0
-8 -58 79 0
53 -70 0
-26 -72 73 0
-12 -26 -67 0
33 35 0
6 -22 54 0
9 -41 50 0
-58 -67 -68 0
3 62 0
-3 53 -74 0
-3 -15 -46 0
5 14 23 0
24 -82 0
10 54 -81 0
34 69 0
39 -54 84 0
33 -44 0
1 -16 -40 0
16 26 30 0
-11 -76 0
-4 -27 34 0
-29 -47 82 0
-22 58 0
9 -15 84 0
-9 -67 -77 0
-18 32 64 0
-67 79 85 0
-4 -48 0
41 -73 0
-46 65 0
-55 59 -83 0
30 -64 0
-2 28 44 0
-60 64 82 0
6 -84 0
27 -38 84 0
-4 33 60 0
1 -35 -52 0
6 -47 80 0
21 58 75 0
48 -67 -79 0
-40 -43 79 0
36 49 -57 0
4 77 -82 0
17 30 76 0
16 44 -75 0
-7 70 77 0
7 25 49 0
14 -21 -27 0
-12 -20 72 0
44 -64 85 0
53 79 -82 0
-3 23 -75 0
-2 21 0
-17 -25 -28 0
29 55 -64 0
-18 -23 -61 0
-15 29 78 0
17 27 -43 0
-1 28 30 0
-4 45 48 0
-70 74 0
2 26 82 0
-18 29 49 0
48 56 -63 0
31 -53 61 0
-20 -50 84 0
-3 -14 -28 0
29 -75 0
7 -29 39 0
-9 44 0
-19 -76 0
-7 -40 61 0
40 41 -53 0
-7 35 -69 0
-17 19 -81 0
-20 -21 -49 0
6 -34 60 0
22 29 31 0
3 -50 -78 0
-4 -45 0
-22 -62 0
49 -69 -71 0
26 45 0
17 -54 57 0
30 34 -39 0
3 11 -75 0
15 24 -83 0
35 -59 61 0
11 -13 -38 0
-37 38 71 0
-29 59 -61 0
-42 54 0
-1 -17 -51 0
38 -53 -63 0
10 24 83 0
-13 -37 -41 0
-5 -22 -63 0
-12 -81 84 0
-26 58 76 0
19 -26 0
17 -45 -71 0
43 61 -64 0
13 -77 0
-21 -23 51 0
-3 -35 -70 0
38 54 -85 0
-13 -43 77 0
29 42 -76 0
16 -46 0
-6 63 76 0
8 -25 -60 0
21 36 70 0
22 69 0
-24 -53 82 0
28 49 -70 0
29 -78 0
-27 -31 72 0
-50 -68 76 0
19 -53 74 0
-52 -73 81 0
6 -72 -75 0
-16 -24 -51 0
-41 -47 64 0
1 12 52 0
19 -29 -74 0
-36 45 -77 0
-47 -55 -63 0
4 -24 57 0
51 66 -82 0
31 49 51 0
-4 13 -82 0
30 -69 0
-4 -54 -71 0
-13 81 84 0
24 38 0
6 -30 -46 0
-40 -75 -80 0
10 20 33 0
11 -25 82 0
30 40 46 0
-41 58 60 0
27 80 0
-24 -45 60 0
16 73 74 0
-21 24 -55 0
-2 -35 68 0
79 -84 0
-8 61 -80 0
-18 -39 63 0
62 75 -82 0
8 -36 -79 0
6 42 0
