p cnf 61 161
29 -39 0
-8 -16 21 0
-16 -27 45 0
15 -44 0
-17 -37 -50 0
29 49 0
-15 37 60 0
2 -32 -55 0
-10 -22 0
-2 -7 0
1 -13 -58 0
14 -22 -60 0
31 34 -39 0
-44 -57 0
38 -48 0
-11 -31 0
-7 47 0
14 -17 21 0
-30 -57 0
37 -47 0
-5 -28 0
-35 -42 0
-3 7 -48 0
-6 -51 0
-1 -26 0
10 37 60 0
-20 -57 0
4 -8 -16 0
31 -53 0
12 -20 0
-37 -59 0
18 -37 0
13 14 28 0
20 -40 0
-3 -15 54 0
-2 -12 0
-34 35 0
-54 -61 0
-19 -21 -49 0
-3 -21 -60 0
19 58 0
-17 -21 55 0
-32 -53 -56 0
-1 50 0
-33 38 0
-24 -37 53 0
5 37 0
11 -16 60 0
-5 37 0
-4 -35 -52 0
-11 -32 0
-19 -55 0
11 -51 0
-1 3 -38 0
22 -39 0
2 48 49 0
34 -36 -37 0
-17 -58 0
12 56 0
-24 -42 56 0
10 -18 32 0
-29 37 -43 0
1 27 0
15 -24 0
49 -50 0
-41 58 0
-28 45 59 0
3 22 0
-22 32 0
7 -31 0
-41 52 0
-25 54 0
-8 22 0
7 14 -56 0
-11 -40 0
-7 56 0
-37 48 -58 0
1 -4 0
-2 39 0
5 27 0
-14 -15 0
24 -26 0
-18 -25 46 0
-14 -57 0
7 -17 -32 0
3 -9 -33 0
-23 34 60 0
38 42 0
-14 -39 0
-28 43 -59 0
-13 -23 0
19 43 0
3 -24 -30 0
-41 42 58 0
5 32 0
6 -20 51 0
-27 -45 0
-31 -37 -48 0
11 17 0
-4 -9 -16 0
-14 -58 0
12 55 0
-41 -42 -47 0
7 51 -56 0
-46 -58 0
-13 16 -53 0
9 51 -59 0
4 -24 0
38 60 0
12 13 -29 0
-13 -44 56 0
-21 47 0
-18 50 0
9 -34 0
-9 25 26 0
29 36 0
-3 7 0
-2 8 15 0
-35 -36 0
3 -31 -52 0
3 -39 -46 0
8 15 0
12 -36 57 0
29 30 -33 0
-49 53 60 0
-25 -32 0
39 -57 0
-5 -7 -28 0
29 -49 0
35 56 -57 0
-14 24 48 0
-5 6 42 0
24 -40 0
15 -29 51 0
16 -29 -57 0
25 26 -33 0
-16 25 -48 0
-32 42 -48 0
-2 -21 61 0
-21 -27 45 0
3 -46 -49 0
-1 -8 26 0
-7 -32 0
49 54 -59 0
11 -58 0
16 40 0
-23 -28 43 0
-30 45 -58 0
24 33 -56 0
24 -45 0
-40 -59 0
1 -7 -57 0
33 49 61 0
-37 -52 0
13 -21 43 0
-13 -27 0
-16 -20 -54 0
-2 -16 19 0
-34 -50 0
-9 -12 51 0
22 -23 0
