p cnf 88 337
32 40 0
-4 -7 -38 0
-3 4 47 0
56 -75 85 0
16 -27 0
-13 38 80 0
-18 -52 -65 0
10 16 0
32 72 76 0
-31 -40 0
-26 27 58 0
42 57 0
8 17 27 0
33 -36 78 0
32 -38 50 0
6 8 84 0
-4 -18 77 0
-1 -7 20 0
-43 85 0
-16 55 67 0
47 70 0
38 -64 -73 0
53 66 70 0
10 78 84 0
57 62 0
20 79 -85 0
3 -83 -86 0
44 -61 -67 0
-49 -50 -77 0
-6 60 0
14 -68 73 0
83 85 0
-4 34 52 0
40 50 -66 0
1 -83 0
-11 -68 -84 0
1 -7 0
-52 54 -73 0
-16 54 66 0
7 -18 85 0
26 41 64 0
-44 -58 0
-69 -80 0
-40 66 -71 0
24 -65 -76 0
7 -55 -59 0
37 42 72 0
-23 -28 61 0
42 -62 85 0
-17 66 0
-30 81 -87 0
2 -49 60 0
-4 43 87 0
16 -21 28 0
-7 -27 -36 0
-9 15 -17 0
-5 42 -52 0
3 13 41 0
-9 -24 57 0
-31 43 56 0
5 47 71 0
35 46 67 0
-25 -33 -76 0
-30 -63 -88 0
-4 43 85 0
1 3 44 0
24 -58 -84 0
23 -73 -75 0
-22 60 87 0
-46 -68 71 0
24 45 66 0
16 31 -56 0
39 -51 0
-2 71 0
-28 35 -86 0
-11 -60 -65 0
-7 -23 72 0
19 -60 84 0
-13 -51 76 0
-22 -82 88 0
-3 21 -52 0
-29 -43 -74 0
-9 52 -84 0
11 17 81 0
62 73 74 0
13 18 38 0
10 11 32 0
4 -35 61 0
5 22 35 0
2 -40 85 0
-12 25 0
-10 -34 0
-12 18 -43 0
2 -5 -19 0
-55 -56 87 0
4 9 47 0
44 -64 -67 0
53 -57 74 0
-23 -82 0
-34 57 -87 0
50 51 86 0
-44 61 73 0
-5 -45 75 0
21 -68 88 0
-17 -88 0
21 49 73 0
-24 50 85 0
-3 18 0
13 35 -53 0
19 34 -88 0
-13 -52 78 0
-46 -67 0
5 -42 81 0
20 -33 37 0
-22 -31 38 0
-46 -53 -83 0
35 66 68 0
-31 48 0
-20 48 -71 0
-38 47 85 0
-14 33 -84 0
-5 13 -28 0
-3 44 71 0
-18 60 87 0
-21 27 0
-25 49 0
19 -40 -41 0
9 -40 -73 0
41 65 66 0
5 28 -44 0
33 -34 83 0
-32 53 83 0
-4 -49 87 0
-2 -3 0
68 -76 -84 0
-28 -54 -79 0
73 -76 -87 0
-39 -82 -85 0
-1 -26 0
15 44 79 0
15 -31 -70 0
7 75 80 0
30 -57 0
2 -46 -76 0
37 -62 67 0
-44 -56 67 0
-1 -48 0
-13 -84 -86 0
23 -41 46 0
4 -53 -60 0
41 -81 0
25 51 -62 0
-33 -41 79 0
18 -42 -69 0
6 31 75 0
-13 -82 -84 0
-13 80 84 0
24 -41 -66 0
5 -38 81 0
21 76 83 0
28 40 84 0
48 -50 53 0
1 34 -88 0
8 34 -68 0
6 68 87 0
-38 51 -76 0
-20 -30 -61 0
12 -15 71 0
60 -74 -82 0
32 -82 0
34 -37 -49 0
11 57 83 0
32 -81 87 0
-10 -67 88 0
34 36 -63 0
-19 66 -77 0
64 -69 0
43 -86 0
-11 -78 0
45 -52 87 0
57 71 0
14 -17 0
51 -57 59 0
8 15 -84 0
32 -53 -84 0
-18 -19 84 0
5 -61 78 0
57 -66 -71 0
-11 -69 0
11 57 68 0
53 -54 83 0
-9 28 44 0
31 -72 87 0
2 13 24 0
-9 15 -66 0
37 41 -72 0
36 68 0
-10 44 74 0
-47 52 0
-13 46 70 0
-18 -53 -66 0
51 -53 54 0
-15 48 87 0
-24 39 -48 0
36 56 0
-48 56 -61 0
-10 -25 0
9 -36 67 0
-30 63 71 0
-2 4 75 0
32 -69 -85 0
-33 56 75 0
-17 65 -69 0
43 76 83 0
-16 -38 65 0
-6 -9 -67 0
18 -38 59 0
-6 20 25 0
-33 -43 -66 0
2 51 -70 0
-79 -86 0
-26 87 0
-5 -41 54 0
-43 72 82 0
1 49 -52 0
41 -47 -68 0
-6 46 -71 0
-16 19 -43 0
15 67 0
5 -49 56 0
-4 -30 -67 0
16 -29 65 0
-54 83 0
64 74 -79 0
20 -63 65 0
-8 23 0
7 -16 22 0
29 81 -88 0
-5 -56 71 0
-63 77 87 0
-7 33 87 0
18 32 0
52 -63 85 0
37 -40 0
-23 -52 -54 0
-34 48 55 0
-26 54 -70 0
-45 -85 0
-1 43 -79 0
-31 76 0
16 59 -80 0
-7 -50 -57 0
-16 35 79 0
66 71 74 0
19 -50 0
14 -46 -56 0
16 32 45 0
34 44 -71 0
42 47 51 0
30 -69 -72 0
-10 16 50 0
52 -59 -63 0
-2 44 75 0
20 -38 -44 0
-3 -51 -56 0
-4 15 59 0
-44 57 0
-16 -20 0
75 83 0
24 -41 59 0
4 -69 77 0
19 -49 75 0
-18 46 81 0
10 46 71 0
-6 -38 79 0
8 16 26 0
6 8 -32 0
-15 39 0
-23 49 67 0
61 -74 0
-25 41 -42 0
26 -57 63 0
1 -82 -88 0
-18 27 28 0
47 49 85 0
-43 48 0
15 -40 -65 0
2 7 -41 0
40 45 0
15 -45 79 0
23 71 -80 0
4 69 -83 0
8 39 82 0
-8 66 87 0
34 -46 86 0
2 24 -74 0
7 -15 -29 0
22 -41 82 0
55 59 -75 0
-61 63 70 0
-14 44 -73 0
32 -42 -45 0
17 -83 -86 0
-53 64 -73 0
-13 70 78 0
-42 -46 78 0
-66 77 82 0
-3 33 -42 0
46 64 0
-37 53 -59 0
-44 -58 0
-20 -26 -37 0
3 -6 35 0
11 -19 28 0
11 39 64 0
-24 75 76 0
61 75 0
-44 62 -68 0
-5 41 52 0
-75 76 -77 0
-43 -71 0
-32 70 79 0
-16 -52 83 0
23 -54 55 0
-4 -66 79 0
-29 65 68 0
14 -51 0
-11 43 -73 0
-12 -46 -74 0
33 73 -77 0
9 -55 -69 0
-39 -45 74 0
21 79 82 0
-7 16 22 0
-2 36 -57 0
-9 50 -52 0
-9 45 -72 0
