p cnf 84 310
-26 45 -48 0
-28 -33 0
-64 -67 0
1 -34 -49 0
35 -44 75 0
-13 39 80 0
22 -31 57 0
4 -28 -71 0
-20 23 39 0
-3 16 0
-14 -48 69 0
-7 46 -64 0
19 30 -71 0
28 -35 0
24 27 77 0
-30 45 70 0
-8 29 36 0
7 67 84 0
3 24 62 0
36 -40 -77 0
48 -65 0
19 30 60 0
12 -38 0
29 60 0
-13 -42 0
6 -24 78 0
34 -47 -84 0
-60 72 0
-22 -62 -66 0
-31 -65 0
-10 43 0
-3 -44 -76 0
43 45 84 0
-22 -53 -78 0
33 -66 0
31 46 58 0
49 -59 -71 0
4 42 46 0
9 25 -61 0
-20 58 -59 0
-22 70 74 0
7 -30 -63 0
-38 41 -55 0
-29 38 -52 0
32 -34 0
-30 70 -77 0
40 -66 -77 0
-45 77 0
40 42 70 0
38 -52 0
10 -56 -57 0
57 -79 0
-34 -59 -72 0
32 -47 -73 0
-15 -27 -31 0
-48 -67 -76 0
-25 -48 0
-26 -28 45 0
58 -60 -81 0
18 -53 -81 0
24 26 27 0
-38 72 0
34 53 -81 0
3 -61 0
4 -30 -39 0
24 -65 0
-71 79 0
3 -4 -80 0
6 41 61 0
5 -78 81 0
43 -54 60 0
14 -15 -82 0
-19 -52 -58 0
2 14 -76 0
4 12 51 0
-39 41 -83 0
-9 47 0
38 -72 0
-29 -47 75 0
21 30 -58 0
39 -70 72 0
-34 -55 76 0
-29 58 -82 0
-3 19 -63 0
-9 -66 70 0
21 46 -83 0
-25 35 53 0
-70 -71 81 0
-32 73 0
8 39 0
-8 -35 81 0
52 -70 -71 0
-20 72 75 0
-23 49 0
-24 29 61 0
-2 -42 -61 0
-25 -49 -53 0
-49 -53 74 0
29 38 -76 0
59 75 0
-14 42 0
4 58 0
29 -63 0
8 26 48 0
-34 -38 -82 0
-52 -63 0
-5 -42 -65 0
18 26 -43 0
-7 -71 0
31 83 0
-11 -29 -80 0
45 78 -80 0
-26 46 -72 0
-32 59 -76 0
-9 -27 49 0
-17 54 0
-13 -23 -51 0
-1 18 -28 0
-11 -55 -72 0
54 77 0
-1 -10 0
-1 -50 -75 0
49 -75 -84 0
-5 -22 -43 0
6 -21 75 0
33 -64 0
46 82 -83 0
-15 -22 64 0
43 47 78 0
2 48 -72 0
26 68 0
-13 68 0
-30 -58 84 0
-38 -40 56 0
29 -49 -80 0
-21 -34 -54 0
19 -81 0
-14 31 37 0
59 67 -79 0
31 42 47 0
13 -14 -29 0
28 74 0
-16 57 0
-16 -31 -42 0
4 -5 -30 0
-20 42 0
1 20 70 0
21 -28 75 0
-17 -34 -54 0
-6 -46 62 0
7 30 0
1 25 41 0
-14 -78 -80 0
16 -66 0
50 77 0
-2 -32 60 0
60 -79 0
22 -53 -59 0
-10 28 -72 0
-42 -57 65 0
19 -26 33 0
-23 42 -50 0
7 -67 82 0
-11 17 -66 0
-9 -61 75 0
-20 28 54 0
-8 -55 -71 0
7 42 -68 0
46 -83 0
-12 60 64 0
-11 31 38 0
37 -55 72 0
-5 15 79 0
7 40 -57 0
17 27 78 0
-9 -81 0
-46 -67 71 0
-66 67 0
19 -41 -45 0
9 -48 70 0
6 -36 -56 0
15 28 -54 0
-21 -55 -72 0
-23 -57 0
2 -63 -80 0
-22 -58 0
38 45 50 0
1 -46 76 0
-1 4 -78 0
71 -77 -81 0
63 79 -84 0
53 -59 -65 0
26 -33 -60 0
-14 -50 -69 0
43 57 81 0
-33 -38 77 0
19 23 38 0
9 10 0
48 -77 0
-25 -52 60 0
63 -72 75 0
12 23 41 0
-8 41 42 0
-37 42 81 0
-9 47 80 0
29 -71 0
-14 65 -84 0
-19 -65 -67 0
-4 38 52 0
15 -74 0
10 -19 74 0
-3 26 33 0
25 30 53 0
45 48 0
-3 -60 67 0
39 -50 -80 0
10 22 0
22 -60 76 0
-27 -32 -63 0
-8 41 66 0
38 63 0
-11 79 0
34 -37 0
-39 -46 -54 0
-17 -62 84 0
-47 -53 55 0
14 31 0
2 -46 -82 0
-4 62 -69 0
-7 -24 47 0
50 67 -78 0
-42 -58 -67 0
-31 -60 62 0
40 75 -76 0
31 37 39 0
13 -31 0
-4 25 58 0
-21 48 -78 0
-22 -45 71 0
-1 -7 53 0
10 -69 -83 0
29 35 42 0
10 -27 -30 0
-46 -53 78 0
-73 82 0
1 16 50 0
-8 -18 -76 0
-20 -66 79 0
29 -38 -53 0
26 42 -63 0
20 -65 0
-9 54 -75 0
-6 -31 0
-17 42 -79 0
-9 -17 0
5 -17 -78 0
-3 33 37 0
13 -29 -72 0
-54 -56 -61 0
-29 -44 -73 0
35 82 0
21 -23 -44 0
10 50 -74 0
-2 19 -38 0
-17 37 0
-48 -49 55 0
14 -24 45 0
-18 -64 0
-8 35 41 0
37 59 66 0
-1 -21 -75 0
-11 35 44 0
-50 55 0
-8 13 58 0
12 -47 0
-9 69 75 0
-52 -64 -72 0
-16 18 50 0
-26 38 78 0
-6 -35 -71 0
35 38 -76 0
-28 38 -40 0
49 -69 -79 0
-13 -22 77 0
-5 -16 0
40 73 -81 0
-14 -40 -58 0
23 30 78 0
-31 -51 0
29 38 -62 0
-27 -28 -46 0
28 -50 75 0
17 37 -74 0
-19 -45 -47 0
-15 -33 78 0
-6 -15 68 0
-8 -51 63 0
19 40 67 0
40 -64 0
14 57 -75 0
-3 33 0
-1 42 -66 0
-58 -65 75 0
44 -57 0
-19 -32 -55 0
19 21 0
26 39 -84 0
14 -48 -61 0
43 -56 -67 0
-29 -45 -51 0
