p cnf 94 368
-43 -50 88 0
16 -51 80 0
28 -84 90 0
19 -60 85 0
-7 -61 -70 0
-20 55 -78 0
16 -21 43 0
53 77 -90 0
41 -60 0
12 30 38 0
-16 -54 -58 0
-35 -54 0
-20 51 0
70 71 74 0
-77 78 -83 0
-3 33 62 0
28 35 0
37 39 51 0
-44 73 -76 0
-8 17 46 0
12 19 -85 0
26 47 72 0
-17 -61 -67 0
65 78 86 0
-11 63 84 0
53 -55 -87 0
1 -65 -74 0
11 36 0
49 -91 92 0
15 -21 64 0
23 35 91 0
36 52 91 0
1 29 79 0
23 48 90 0
31 34 45 0
-12 -24 69 0
-12 -17 94 0
53 76 90 0
-61 81 0
20 64 90 0
41 -87 -89 0
43 -44 67 0
5 17 43 0
-54 55 -77 0
-7 23 72 0
8 -17 -44 0
-23 -70 -74 0
2 35 -42 0
-16 -48 59 0
-1 -19 -82 0
18 24 -79 0
-32 -40 -87 0
-3 -16 0
-22 45 80 0
-21 26 50 0
-4 -6 54 0
17 45 -79 0
-10 -44 0
30 -85 0
2 -14 44 0
-84 91 -93 0
-51 -57 80 0
-24 81 82 0
5 25 52 0
74 87 94 0
64 -71 -93 0
24 68 69 0
-2 -31 -43 0
-1 -68 89 0
30 33 46 0
-56 -79 -91 0
-4 -48 82 0
-50 52 57 0
18 28 -29 0
13 -20 37 0
26 30 -39 0
-21 -35 -65 0
-39 59 -70 0
58 76 -94 0
-24 -59 70 0
20 -77 87 0
41 52 -82 0
9 -19 -20 0
26 -30 54 0
-32 68 -93 0
-2 -62 -72 0
30 -74 -84 0
-34 -37 48 0
23 57 -77 0
-15 23 -36 0
-27 -74 81 0
-60 74 -87 0
42 61 79 0
22 -23 -67 0
-39 -78 79 0
-24 -48 83 0
-60 72 0
4 -21 -56 0
-21 -43 71 0
71 -85 -90 0
14 -22 -73 0
17 -68 73 0
-26 69 0
-55 56 -88 0
-38 -48 64 0
29 36 0
-26 46 -61 0
-1 37 94 0
-33 45 88 0
5 10 -40 0
-13 -32 83 0
-51 -61 -94 0
20 -90 93 0
-69 -70 -87 0
22 -44 -70 0
1 -37 0
21 -57 -88 0
14 54 87 0
-37 -48 83 0
-5 86 88 0
12 -15 23 0
17 -19 -59 0
-13 -46 -57 0
-33 -45 -73 0
18 -33 48 0
38 -79 -83 0
15 42 78 0
-27 28 -81 0
13 -25 0
-6 43 -54 0
37 49 -56 0
58 -88 94 0
-27 -36 60 0
7 28 -94 0
-1 7 -67 0
6 -22 76 0
70 71 -89 0
29 -48 55 0
8 -32 -86 0
9 -16 43 0
25 -59 -82 0
81 88 0
-14 33 0
34 52 -69 0
53 64 -69 0
19 44 69 0
-5 -6 -67 0
-1 7 56 0
-54 -62 84 0
13 -65 -88 0
8 30 -56 0
-7 -34 80 0
61 69 91 0
2 35 -84 0
22 37 86 0
19 -22 -33 0
-19 -41 61 0
-7 32 35 0
-18 59 -69 0
-41 81 91 0
37 55 -57 0
10 12 -85 0
19 -25 -62 0
-7 -18 59 0
-26 68 -69 0
-47 -76 84 0
29 -75 82 0
28 -39 90 0
68 -87 0
-82 86 93 0
17 -34 77 0
-43 -65 -90 0
27 -52 59 0
-53 67 92 0
-16 19 83 0
-41 -52 -85 0
-32 38 -55 0
-18 -58 71 0
-5 -63 -68 0
14 56 -85 0
-18 -27 -29 0
28 -38 -44 0
3 -10 -78 0
-33 69 -82 0
13 -21 -50 0
9 45 60 0
7 -57 -89 0
-18 44 77 0
-29 -46 -64 0
36 -37 83 0
-5 40 -47 0
59 -79 -80 0
-12 -20 -42 0
-3 -41 -77 0
-17 76 89 0
-14 -34 -93 0
-8 -38 52 0
-67 81 -84 0
-18 31 -58 0
-7 28 73 0
34 -39 -86 0
35 79 -85 0
-31 -65 -78 0
-58 -72 -91 0
14 -24 -40 0
10 47 74 0
-8 -80 0
32 -68 -88 0
-60 -62 0
-17 25 -78 0
-8 -11 -59 0
-23 -59 -61 0
-16 59 0
-62 -87 -91 0
14 53 65 0
-57 -83 85 0
11 -44 -73 0
-46 54 84 0
16 -91 -92 0
58 63 -75 0
-34 -67 -79 0
18 -39 -70 0
16 -82 0
-33 52 -68 0
-11 17 72 0
-34 -59 -90 0
-29 -76 85 0
43 64 0
4 -65 -90 0
18 -27 -29 0
12 -30 58 0
-26 -39 0
-26 27 78 0
8 -58 63 0
23 69 86 0
11 19 -74 0
-6 35 -45 0
16 -43 -87 0
16 -18 84 0
23 -24 47 0
23 57 64 0
38 -76 79 0
4 -8 -40 0
-54 73 -85 0
33 -35 43 0
24 -53 0
-2 17 48 0
-19 -45 67 0
6 -76 -90 0
-32 -76 0
27 49 -60 0
10 -85 88 0
32 71 89 0
-24 -91 0
4 -61 73 0
-35 -36 -87 0
9 85 -87 0
-20 61 69 0
7 -39 -73 0
9 -32 -55 0
-2 -41 83 0
-2 27 93 0
-51 60 67 0
-24 47 -63 0
31 -47 49 0
10 15 -53 0
-25 70 -92 0
-27 36 -71 0
-8 11 -93 0
14 -37 76 0
8 21 66 0
10 23 -48 0
9 39 77 0
-4 -28 93 0
41 45 94 0
48 -70 -80 0
39 -51 53 0
5 -38 -53 0
-22 52 58 0
9 28 -59 0
30 -35 -50 0
-43 47 -92 0
9 -21 -37 0
4 48 60 0
6 -73 -94 0
13 71 -78 0
-8 14 93 0
14 -31 86 0
23 40 -47 0
-70 -89 -92 0
-47 -61 -84 0
-47 -55 0
9 23 38 0
-13 -60 0
42 75 -85 0
-32 54 -71 0
26 -52 -66 0
16 59 -86 0
-17 -42 -90 0
19 -34 69 0
-69 -78 -82 0
3 -14 46 0
26 -43 -87 0
56 74 94 0
-4 56 61 0
1 -36 -64 0
9 28 -78 0
73 -82 0
1 65 -73 0
19 57 0
-31 47 66 0
42 -59 65 0
-5 9 11 0
2 52 80 0
1 31 -52 0
-15 32 74 0
63 74 -80 0
9 32 86 0
10 59 0
-2 -57 0
15 52 -86 0
-22 57 88 0
-12 -48 76 0
26 -44 -88 0
-11 -16 -25 0
-11 -59 0
27 44 -85 0
11 32 53 0
39 54 63 0
-16 18 0
24 30 76 0
-8 -64 92 0
31 34 81 0
-49 -56 81 0
28 31 -84 0
27 -39 81 0
-51 53 0
34 42 -90 0
35 68 -83 0
26 -35 -60 0
-44 -58 71 0
-10 -69 93 0
60 -62 -82 0
-9 -10 57 0
-5 20 29 0
18 -49 -68 0
-66 -71 -75 0
49 60 70 0
-32 -45 -94 0
20 -21 75 0
46 -47 72 0
22 -61 -69 0
-20 -29 -93 0
28 50 65 0
-6 -16 72 0
-23 46 82 0
-42 74 77 0
14 -33 -87 0
41 -68 -79 0
6 -33 -68 0
26 92 -94 0
-3 27 82 0
-49 -51 -80 0
-18 -31 79 0
-4 -46 -63 0
29 -33 65 0
-52 61 -68 0
10 -42 -66 0
