p cnf 80 281
-47 48 77 0
56 58 59 0
17 32 0
12 21 22 0
-13 -33 -41 0
37 61 67 0
19 49 -55 0
-49 55 60 0
9 -25 79 0
-33 -53 -58 0
-24 -42 -47 0
45 -58 -80 0
13 42 -56 0
21 33 -68 0
34 46 0
20 38 56 0
27 52 0
24 -54 70 0
5 34 -52 0
12 -45 48 0
-18 55 -71 0
23 31 -74 0
5 -30 57 0
-21 37 0
-14 -31 -39 0
-44 -48 -74 0
-27 -33 0
-50 -69 0
-9 -19 48 0
-15 57 0
-1 -27 -53 0
21 -44 58 0
52 70 0
-56 -59 -80 0
-7 -48 51 0
15 -27 30 0
-22 -28 -68 0
13 -32 -58 0
1 -30 75 0
-19 -24 -53 0
-4 -20 0
16 -67 77 0
22 59 -72 0
8 46 -78 0
-23 49 54 0
10 50 -76 0
-4 32 -50 0
-75 -76 77 0
-1 -11 36 0
41 44 53 0
-5 12 -73 0
-35 -60 69 0
-16 -48 -76 0
-28 -31 69 0
32 -59 0
15 -52 0
20 -33 -53 0
9 -17 -41 0
-13 -31 75 0
-9 22 51 0
-11 66 0
-21 -30 0
6 -19 -75 0
-14 -30 -70 0
-4 5 0
-13 -25 54 0
-41 -60 68 0
21 -25 -74 0
20 -33 -42 0
-47 -55 -70 0
16 -50 -69 0
42 -69 0
-51 -75 79 0
31 -53 76 0
41 -65 0
48 -57 -64 0
50 -65 -69 0
22 60 -70 0
-6 -40 72 0
-9 26 -58 0
-41 -55 74 0
-61 64 70 0
-16 -41 -77 0
-28 50 -67 0
19 -25 65 0
-3 12 -26 0
-22 -59 0
46 -71 0
-27 -62 0
10 29 78 0
-60 74 -79 0
8 49 -60 0
17 62 -64 0
14 -54 66 0
-2 -58 -64 0
-3 17 24 0
-10 27 0
-54 -60 0
-37 -42 -79 0
-15 -47 74 0
-1 6 30 0
-6 42 53 0
-40 55 77 0
14 -21 -65 0
29 52 73 0
-3 27 -54 0
-41 74 -78 0
2 -42 -43 0
-2 -11 -67 0
9 -80 0
30 -41 55 0
-15 80 0
-15 -34 -43 0
-27 33 57 0
9 55 0
36 -48 -50 0
-24 43 76 0
-12 34 -60 0
-3 -51 -63 0
47 -48 0
-32 42 -70 0
1 10 -27 0
8 -13 0
-28 -49 0
-2 -71 -75 0
-7 -38 65 0
-18 -40 -79 0
-16 -60 -69 0
-61 -71 0
-26 31 -77 0
-5 -39 -56 0
10 69 77 0
-1 52 53 0
-22 79 -80 0
-3 31 40 0
-30 -43 50 0
58 -63 -69 0
4 -38 0
-6 -20 45 0
16 47 0
-41 47 -49 0
13 -21 -34 0
7 -23 -64 0
23 58 74 0
15 37 -64 0
-23 -39 -61 0
20 -21 56 0
8 -21 -32 0
2 47 0
47 -48 -78 0
-17 72 0
30 34 43 0
-3 -58 -76 0
23 -33 55 0
-1 40 77 0
14 36 39 0
5 16 56 0
-26 -40 56 0
40 42 71 0
-29 -43 0
12 75 0
-52 55 0
-5 -9 -70 0
3 40 0
19 -63 -68 0
19 -29 0
4 18 63 0
-48 75 0
57 -74 0
18 -22 65 0
-20 33 -63 0
-16 70 0
37 -44 -66 0
2 24 70 0
11 -23 0
-20 35 44 0
53 70 0
-9 32 0
7 -44 73 0
-12 33 0
44 -47 64 0
-7 16 -49 0
41 -63 -71 0
-47 69 0
-14 44 0
-16 -64 -77 0
-11 54 0
-13 -38 78 0
32 59 0
-22 30 60 0
-24 46 -70 0
-33 51 54 0
-40 58 -75 0
10 -68 69 0
-2 -75 -79 0
-26 39 -52 0
5 17 62 0
-48 -68 0
21 29 40 0
-13 -62 0
25 47 0
9 19 -54 0
1 47 0
-4 -54 65 0
-5 -31 44 0
-36 45 75 0
4 -20 28 0
10 22 60 0
35 55 0
8 39 -50 0
-23 -24 71 0
24 31 -52 0
-13 -18 69 0
34 42 -58 0
-25 -35 54 0
-37 -60 -61 0
9 47 0
-8 -57 74 0
8 -47 -55 0
-38 56 -66 0
22 -51 56 0
70 79 0
17 33 0
23 24 70 0
-1 -5 -26 0
5 32 0
-8 49 61 0
7 20 -63 0
2 -41 46 0
3 -71 0
-4 18 25 0
-36 58 -62 0
-23 31 -66 0
-42 -71 78 0
17 68 79 0
-23 49 0
-5 -12 48 0
-7 49 -54 0
-1 -46 72 0
-44 -72 -74 0
-23 60 0
18 58 80 0
-21 -42 -67 0
-17 39 -41 0
-21 33 66 0
17 -21 32 0
-15 -40 -44 0
34 -38 -57 0
-9 41 0
1 18 0
14 -45 0
44 -61 67 0
19 20 0
-30 37 0
-5 21 67 0
22 -27 53 0
-6 -16 80 0
-28 29 -50 0
6 -61 -66 0
11 58 0
13 -36 -63 0
-11 -18 0
66 73 79 0
5 -6 44 0
22 42 49 0
16 44 65 0
-70 -71 -80 0
-25 -72 -75 0
34 45 -73 0
-49 70 0
35 -48 -75 0
-21 -71 -80 0
-14 29 77 0
17 48 73 0
23 -57 0
-45 73 0
7 -74 76 0
-23 -35 63 0
40 -46 -53 0
8 57 73 0
15 -21 31 0
