p cnf 90 349
-13 -24 -58 0
-3 80 -82 0
-3 8 24 0
-11 -34 -77 0
-23 36 0
-8 13 0
-19 30 83 0
-30 52 -65 0
-3 -24 63 0
-17 26 -38 0
52 63 -79 0
11 25 74 0
10 62 72 0
63 66 -82 0
36 71 0
-34 68 -75 0
34 -37 -50 0
-1 27 72 0
13 20 -27 0
-42 -52 0
-19 56 -57 0
-31 -51 76 0
-2 -48 -55 0
21 -25 79 0
17 22 -35 0
5 8 -63 0
11 75 0
-44 47 0
34 -57 -64 0
4 -58 -74 0
-15 -29 0
-22 37 56 0
-9 12 -83 0
-1 35 63 0
-2 4 -24 0
3 -13 85 0
-25 42 -79 0
13 -43 -46 0
-2 -41 46 0
-19 59 -76 0
9 -25 52 0
25 -51 54 0
4 34 -80 0
-50 -61 68 0
46 -66 87 0
-51 61 -84 0
-3 5 -31 0
18 30 -37 0
29 70 72 0
17 61 75 0
15 -47 63 0
17 -23 88 0
27 51 -70 0
77 -81 0
3 12 21 0
-12 -30 -36 0
-20 70 81 0
19 -46 66 0
-2 3 -67 0
12 41 75 0
-14 -55 86 0
-47 55 74 0
-47 -50 -79 0
-10 20 55 0
14 21 -64 0
18 33 84 0
56 -69 -72 0
-11 27 -73 0
-18 -26 81 0
-13 -33 60 0
-62 81 0
54 -63 75 0
41 -66 69 0
27 39 -41 0
-40 46 -56 0
23 38 57 0
14 56 79 0
54 -69 81 0
16 23 -61 0
57 63 -82 0
-27 -31 52 0
56 60 67 0
19 22 88 0
9 44 -81 0
28 29 83 0
13 36 -87 0
-35 59 -65 0
36 -68 -88 0
41 78 80 0
-10 -45 -60 0
7 13 55 0
12 -86 0
-19 -58 61 0
-43 63 -76 0
3 17 29 0
-71 77 78 0
-12 24 83 0
3 51 55 0
38 82 90 0
27 -31 0
-6 -52 -80 0
49 -50 65 0
28 -35 -82 0
-5 82 -83 0
64 65 -89 0
-1 -16 0
1 14 31 0
-19 48 77 0
-11 21 51 0
-18 28 84 0
-30 38 -78 0
15 -18 -87 0
11 37 -51 0
-4 -40 -78 0
1 -9 0
43 -64 0
-30 -32 75 0
-11 -18 56 0
-24 -34 45 0
-15 -36 -65 0
-15 -68 71 0
64 76 85 0
24 -70 84 0
2 -84 -89 0
-13 67 0
54 -58 -90 0
15 -87 0
-5 43 78 0
-10 14 42 0
-19 89 90 0
35 -76 80 0
-19 -24 68 0
-39 -51 75 0
75 -84 0
-2 -34 -78 0
-2 -39 66 0
-6 69 -78 0
-30 -81 0
51 78 0
-6 -30 -88 0
-32 -35 -82 0
-17 -31 78 0
-18 -42 -59 0
11 79 -84 0
-6 -8 26 0
-23 62 87 0
20 -82 0
-13 -39 -59 0
-10 -45 -64 0
46 47 -84 0
-25 52 86 0
58 62 -66 0
-10 74 -78 0
-21 -35 54 0
15 -56 77 0
44 -49 -74 0
-4 37 -84 0
1 -21 -77 0
21 -36 85 0
-32 -68 70 0
15 22 -74 0
-31 56 -58 0
-33 -66 0
-16 -52 85 0
2 -61 -86 0
27 40 -69 0
49 66 71 0
29 31 0
36 -47 49 0
-23 -24 78 0
-4 -69 87 0
21 -28 84 0
44 -63 69 0
-18 -24 54 0
3 32 -62 0
55 58 -69 0
-16 -84 0
12 46 -51 0
-16 33 -75 0
16 17 -66 0
-10 -18 21 0
-14 48 -71 0
25 90 0
-15 22 27 0
7 -25 -42 0
11 51 69 0
-20 52 -77 0
49 66 73 0
29 -76 0
-26 -32 -62 0
40 -58 78 0
6 61 67 0
43 64 -89 0
22 49 63 0
41 48 -60 0
-33 -35 0
11 -27 45 0
-37 42 -43 0
-46 -57 -75 0
-29 37 -80 0
-36 -46 87 0
19 -33 -38 0
11 -35 53 0
31 33 51 0
34 -62 88 0
26 58 0
17 30 -42 0
-26 -63 -88 0
-12 -51 -63 0
8 34 -86 0
-22 53 -57 0
-8 70 -84 0
28 35 -85 0
38 -40 65 0
-27 28 0
-2 -10 -32 0
-31 38 -41 0
37 -56 -59 0
47 -68 0
1 44 47 0
-16 -47 -52 0
29 63 84 0
14 -41 0
30 -35 43 0
-35 -37 0
-5 50 -81 0
-9 17 32 0
22 -78 88 0
-6 -59 0
-3 -36 -77 0
12 16 -69 0
17 -53 -69 0
5 23 79 0
26 72 76 0
-2 -35 -37 0
-31 -49 70 0
32 -35 -54 0
12 31 32 0
5 -64 75 0
17 20 -22 0
64 68 -74 0
46 -68 70 0
18 26 -61 0
-49 -62 71 0
30 59 -76 0
-66 75 0
-7 10 -16 0
-7 25 -48 0
24 55 -80 0
6 -16 -81 0
-10 17 90 0
25 -30 46 0
20 -53 -54 0
9 -30 54 0
6 80 -86 0
-24 42 -85 0
3 42 -85 0
-22 26 -41 0
49 58 -79 0
19 53 56 0
-9 20 41 0
-15 70 -71 0
12 -74 -75 0
-10 19 89 0
3 8 11 0
2 -8 83 0
-10 -66 -87 0
-11 15 -50 0
5 -35 64 0
33 -65 -72 0
-51 58 69 0
4 32 -89 0
26 -38 -66 0
-39 42 78 0
28 48 -72 0
-8 -30 -49 0
25 75 0
6 -12 -78 0
44 71 84 0
41 -74 -85 0
-39 -44 -63 0
-2 -76 -86 0
62 -76 86 0
-10 -24 -53 0
13 -34 -52 0
-51 -55 -85 0
-32 56 87 0
-8 -17 50 0
17 26 84 0
-33 58 87 0
1 -32 76 0
4 57 70 0
-28 -74 -84 0
22 -31 49 0
-3 -9 17 0
-34 58 0
3 49 -58 0
-27 -49 -56 0
-29 61 -66 0
18 23 67 0
-14 -39 85 0
29 31 65 0
50 -53 -81 0
-61 68 -73 0
-2 85 0
19 -20 -22 0
-10 -13 22 0
17 -21 -39 0
-20 -69 -70 0
19 -38 76 0
7 -25 0
27 -47 74 0
-30 -40 53 0
12 -43 -50 0
-60 -75 76 0
1 -55 -63 0
-54 -68 88 0
22 -39 -75 0
-5 32 74 0
15 -43 59 0
-13 27 -83 0
-6 -29 82 0
38 53 84 0
-60 67 0
55 57 80 0
7 -54 86 0
12 21 -38 0
-5 -8 51 0
-43 -44 45 0
-21 38 -59 0
32 58 -89 0
29 -32 -62 0
-5 -75 84 0
2 -51 65 0
16 -31 84 0
1 31 -79 0
-44 55 59 0
-74 -78 0
-9 -34 82 0
-15 -37 -73 0
7 -36 -52 0
12 77 0
46 -49 -75 0
24 -40 47 0
-33 -64 89 0
1 40 85 0
8 -14 -79 0
7 -19 -23 0
-11 -27 70 0
