p cnf 92 364
-15 58 67 0
25 -50 -87 0
35 54 88 0
-20 78 91 0
-26 -33 -91 0
5 83 91 0
-9 -24 27 0
44 -75 90 0
40 59 73 0
14 -26 54 0
-41 -44 56 0
-2 -33 68 0
-15 -47 -76 0
23 -90 92 0
11 43 65 0
-5 -18 48 0
-16 -57 -65 0
-2 11 -81 0
10 -13 31 0
-7 18 51 0
28 -71 84 0
12 -76 88 0
10 58 79 0
-7 18 56 0
5 42 -66 0
54 64 72 0
12 -56 57 0
-35 69 -76 0
11 -31 -50 0
-9 15 -18 0
7 -53 -62 0
-7 66 92 0
22 -56 0
22 -40 -54 0
-6 39 -52 0
-8 -66 84 0
-13 23 -86 0
6 -26 -85 0
2 -26 28 0
-27 35 46 0
-13 -25 28 0
37 46 86 0
-8 -19 89 0
-14 -18 -58 0
-10 -14 35 0
-69 79 -87 0
-41 -59 0
24 -45 -67 0
-5 38 55 0
-76 -79 0
-7 -26 0
-47 77 -88 0
2 -33 0
8 -34 -84 0
64 -65 0
16 -17 89 0
8 23 79 0
-49 57 65 0
-19 57 -65 0
-40 -69 74 0
-12 53 -85 0
43 50 56 0
49 71 0
-42 -65 0
18 -37 61 0
3 -76 83 0
50 53 66 0
-11 50 -85 0
21 77 -78 0
-7 30 87 0
51 -77 -92 0
-28 33 -85 0
-9 -44 -71 0
18 85 91 0
-7 -47 81 0
51 -87 -92 0
48 64 -89 0
-10 16 28 0
39 42 -50 0
-71 91 0
27 -39 -88 0
-4 -73 -91 0
39 -70 0
48 -50 0
-54 56 63 0
-12 -22 88 0
15 -49 78 0
49 -78 0
27 -78 85 0
-66 -85 86 0
2 31 67 0
5 -18 -20 0
5 -77 -84 0
36 -62 71 0
5 -38 -71 0
13 -21 -64 0
-24 45 57 0
2 -46 0
-17 -35 80 0
4 -10 55 0
5 27 80 0
37 81 -86 0
20 -39 85 0
-36 53 68 0
-23 -43 53 0
-58 86 89 0
15 91 0
-47 60 0
23 -28 65 0
-32 57 -62 0
9 29 -88 0
-9 15 -23 0
-17 -38 -42 0
-22 30 67 0
-25 37 87 0
-19 36 0
-18 61 -74 0
-51 -64 0
-10 -12 -43 0
54 78 0
35 64 81 0
2 -51 -87 0
-18 69 78 0
-1 11 81 0
29 -73 -85 0
-18 66 -71 0
-52 62 87 0
8 -48 -73 0
-61 66 67 0
-19 22 77 0
-25 51 -84 0
-53 -76 83 0
15 20 -24 0
-7 -17 64 0
-4 38 -47 0
-45 69 85 0
-20 83 86 0
-12 -54 79 0
15 37 46 0
-14 61 87 0
-15 80 -92 0
4 -37 -92 0
30 -37 -60 0
24 27 -28 0
19 37 56 0
-4 -6 -72 0
28 -35 89 0
-10 67 -92 0
57 -68 -85 0
19 20 36 0
-40 43 89 0
54 -74 -84 0
16 49 73 0
-2 -22 84 0
20 29 -70 0
25 -67 -92 0
30 41 -80 0
20 -35 -49 0
-1 -24 -69 0
13 -27 54 0
-19 -75 -79 0
-40 -58 84 0
-16 30 -48 0
-8 15 -49 0
-36 -55 -91 0
-5 -22 -62 0
16 41 49 0
-24 -40 48 0
25 62 -88 0
2 -30 58 0
67 82 92 0
-33 82 -88 0
-8 47 -72 0
13 36 -38 0
-40 -65 -89 0
-14 -46 -55 0
36 37 -80 0
5 30 -49 0
15 -44 -89 0
-28 81 -89 0
31 -56 -86 0
5 -65 80 0
-3 27 -82 0
18 57 64 0
-67 68 79 0
28 58 -85 0
5 7 -14 0
9 12 76 0
-45 -46 68 0
-15 25 79 0
-51 58 91 0
23 -71 0
15 29 84 0
42 84 92 0
-65 -69 0
-8 -40 -44 0
-12 -33 77 0
42 58 -71 0
16 -63 -79 0
6 73 91 0
25 -39 -67 0
6 -29 69 0
7 13 -46 0
6 -15 78 0
16 23 -56 0
-7 10 87 0
34 -69 -90 0
3 35 -69 0
20 42 53 0
74 -75 -80 0
-4 22 -54 0
-14 -85 91 0
-60 -67 -71 0
-5 -19 -54 0
16 63 66 0
41 65 66 0
11 -14 26 0
44 -55 -67 0
-28 -55 -77 0
-63 -68 -80 0
-16 -46 48 0
42 52 -83 0
40 -41 60 0
3 -21 -82 0
-1 42 70 0
-29 73 87 0
20 -25 -41 0
-11 12 69 0
-50 52 -83 0
20 26 -71 0
-33 37 -85 0
-54 63 -83 0
4 9 -66 0
-3 24 -43 0
-23 42 0
6 -13 0
-39 63 90 0
10 -75 92 0
30 34 -81 0
7 32 74 0
15 -71 0
-37 41 83 0
2 -17 92 0
-59 -66 91 0
14 44 69 0
-10 -53 74 0
6 29 66 0
6 -20 29 0
3 -16 -76 0
-30 -47 60 0
5 -31 -64 0
-3 -39 54 0
-59 62 66 0
16 62 0
39 53 90 0
-11 29 35 0
-31 -60 -66 0
49 61 -88 0
20 -40 -91 0
-18 -47 -87 0
-22 72 0
-25 31 77 0
5 26 -60 0
-66 71 -89 0
52 -54 90 0
-35 -47 -58 0
42 -53 -77 0
-52 54 0
-28 73 -78 0
29 55 0
7 -34 82 0
-59 75 -92 0
88 89 -92 0
-15 48 92 0
-10 41 51 0
-40 53 0
-3 -34 51 0
38 -86 0
27 58 -60 0
3 4 51 0
-5 68 80 0
5 -16 86 0
-8 -24 0
-18 -30 67 0
-56 -85 -88 0
13 -42 69 0
-15 -42 67 0
-72 75 -80 0
-15 -56 -57 0
-13 45 -52 0
-9 -75 -90 0
3 32 72 0
-14 -32 47 0
-27 84 0
18 -25 30 0
-22 75 -90 0
26 30 -45 0
4 25 -91 0
-22 47 64 0
16 18 92 0
-14 -32 -37 0
23 68 85 0
15 -49 -63 0
54 -62 -84 0
-8 19 -53 0
-48 63 -82 0
-10 -38 -44 0
-1 41 48 0
-3 -43 -83 0
31 -41 -52 0
-3 68 88 0
7 -43 55 0
-3 -7 -21 0
18 -64 -74 0
7 -69 -88 0
-9 62 89 0
43 55 -61 0
-36 50 0
45 46 -59 0
25 72 81 0
38 -45 47 0
-1 3 -29 0
55 -63 -79 0
-8 26 29 0
3 -24 66 0
37 44 -64 0
-36 -51 -64 0
-9 73 78 0
12 -37 -89 0
54 -63 0
17 61 -90 0
33 61 78 0
8 49 -71 0
20 32 87 0
16 55 -68 0
-42 50 60 0
-14 -36 42 0
15 45 -64 0
65 -83 0
8 28 -77 0
-1 -36 86 0
-12 -33 86 0
-62 66 -80 0
1 -2 -86 0
19 66 68 0
-8 -18 37 0
24 50 -87 0
-45 75 88 0
-46 -68 70 0
-38 76 0
-45 65 -83 0
4 -49 0
17 -29 -69 0
1 9 60 0
-21 -79 84 0
2 17 -19 0
-31 -70 -83 0
19 54 77 0
-4 67 -92 0
16 22 -36 0
7 -13 -85 0
-34 43 -83 0
-52 54 0
-4 -46 0
