p cnf 84 307
-4 -12 -13 0
9 21 58 0
7 -10 -35 0
-4 9 83 0
-20 77 0
-19 42 53 0
4 -42 -62 0
20 66 0
-15 -35 0
44 68 -70 0
-16 37 0
-15 -22 70 0
15 -32 -83 0
-76 -77 0
13 22 31 0
-6 -49 -51 0
-14 -21 76 0
46 62 -65 0
-40 55 -67 0
37 57 -63 0
-3 -74 0
11 46 -75 0
-58 64 -65 0
-20 -23 40 0
-1 6 -45 0
26 67 0
-11 -15 -61 0
12 -26 -41 0
-42 -48 77 0
-28 -29 -80 0
10 70 -74 0
-40 49 -50 0
17 -19 0
3 58 74 0
4 57 0
19 -56 0
-18 31 -80 0
1 14 -47 0
14 -46 61 0
54 -59 61 0
13 75 0
3 -4 -20 0
13 -53 84 0
-12 -52 0
-23 -43 53 0
-26 72 0
42 65 -70 0
45 51 -84 0
22 45 72 0
40 -65 0
-10 -11 0
8 14 84 0
-4 5 -18 0
16 48 -64 0
-14 -15 0
-1 82 0
52 -72 80 0
-26 30 63 0
-34 -55 -69 0
26 44 72 0
-24 43 -61 0
24 61 0
15 35 -37 0
22 29 35 0
-19 73 0
31 37 77 0
3 64 72 0
22 -28 -40 0
-31 74 0
14 -33 -77 0
-11 32 -61 0
46 -77 0
15 30 31 0
-18 36 -81 0
24 65 -72 0
-16 -41 0
-15 -31 34 0
-50 -58 70 0
20 28 0
41 -51 -63 0
2 -74 0
-16 -31 -74 0
-32 -75 0
8 -78 84 0
-63 -84 0
-65 -79 0
-47 -54 73 0
-27 -28 -37 0
4 -49 0
10 -80 0
5 13 18 0
-21 -73 74 0
-16 -19 -30 0
41 45 0
10 72 0
-16 -32 0
8 -23 -79 0
29 -39 -79 0
-32 -43 -66 0
18 -41 -79 0
41 -69 73 0
-30 -47 -81 0
25 44 81 0
9 20 46 0
15 53 -65 0
-45 -57 83 0
9 35 65 0
27 -53 -68 0
19 28 -44 0
-15 38 -44 0
10 52 0
17 -68 -73 0
-9 31 37 0
-27 49 -70 0
-2 80 0
-56 -62 73 0
6 37 -42 0
26 70 0
-58 66 -74 0
6 60 0
-51 65 0
-11 -60 -64 0
7 -22 -65 0
39 -78 79 0
3 -21 0
5 -29 -49 0
-23 61 66 0
7 -19 0
-67 -77 0
-2 43 -62 0
19 -64 65 0
33 50 -83 0
33 59 -73 0
-4 12 -26 0
-19 -38 60 0
40 -62 71 0
-16 20 56 0
7 13 -38 0
-27 59 -65 0
-5 -49 55 0
32 -50 54 0
43 52 53 0
14 -31 -39 0
-31 66 0
26 47 0
30 -48 -76 0
-11 -23 -40 0
55 -61 0
1 67 79 0
7 32 -39 0
34 -52 79 0
46 -65 -79 0
-21 53 -61 0
49 -69 70 0
9 -41 54 0
8 -32 52 0
-27 36 0
27 52 0
-35 -40 -59 0
-17 -32 -50 0
12 -36 40 0
-5 -11 -43 0
-6 -18 41 0
-8 -55 61 0
57 -61 80 0
31 -33 42 0
-16 32 -69 0
4 34 41 0
-19 51 -64 0
32 37 -50 0
9 -16 -70 0
-7 -39 -55 0
3 -12 15 0
-8 11 79 0
12 23 -83 0
25 -54 69 0
-3 5 -59 0
-2 71 73 0
-19 -22 -54 0
54 -64 78 0
36 -57 78 0
76 77 0
18 -33 0
3 -19 -44 0
-11 23 0
33 -42 56 0
-4 -23 0
10 40 0
-5 6 70 0
41 -60 -69 0
28 46 -55 0
-27 39 -53 0
-40 44 72 0
36 -50 -53 0
28 30 -36 0
-42 -49 -65 0
73 -78 0
15 -42 -80 0
1 46 66 0
26 -36 79 0
21 23 -73 0
-12 -19 -80 0
-7 20 34 0
-35 -42 -79 0
-64 -73 -76 0
9 52 68 0
3 22 -51 0
6 19 25 0
4 24 -26 0
-34 -35 36 0
-20 -71 0
-13 -37 -56 0
21 -49 74 0
-24 64 80 0
-15 -47 -80 0
-76 79 -83 0
-52 -59 -77 0
-38 45 -78 0
-4 -49 55 0
-3 22 84 0
5 -57 -71 0
9 -56 -77 0
-35 73 -79 0
-40 48 80 0
-14 23 -33 0
6 55 -74 0
-19 -48 -81 0
21 -36 66 0
10 -27 38 0
13 -49 82 0
-47 57 71 0
-19 -20 -67 0
38 -64 69 0
10 -55 71 0
53 59 -71 0
13 -50 60 0
-65 71 -83 0
60 -66 0
-33 -53 -66 0
-45 -72 73 0
17 -25 -80 0
-19 -59 -80 0
-3 -13 38 0
-61 74 0
-50 -51 58 0
-24 -41 0
-9 -52 0
-13 48 -84 0
7 59 0
40 -62 81 0
23 -47 0
-7 -12 -79 0
12 53 65 0
-12 -33 82 0
-50 -75 80 0
13 37 -44 0
18 25 53 0
-6 8 69 0
-11 -26 -78 0
-7 -22 0
-47 74 -79 0
13 25 74 0
35 -61 69 0
13 -38 0
-5 25 -30 0
22 -47 0
-2 -5 -28 0
-34 65 0
-13 41 49 0
-29 31 -51 0
6 -37 59 0
-22 37 -69 0
-16 68 -80 0
1 44 47 0
-30 -40 -75 0
26 29 76 0
-44 -74 0
37 -42 -83 0
15 -26 -84 0
-11 -77 0
31 -36 65 0
11 -26 -75 0
56 -67 0
-63 -68 0
15 55 60 0
37 41 52 0
-12 -47 -64 0
33 73 82 0
-16 -67 -72 0
11 33 -69 0
31 -38 75 0
18 40 -51 0
-33 41 -57 0
-7 -16 -63 0
4 29 -62 0
20 -30 -58 0
8 30 -73 0
54 -67 70 0
20 43 0
-38 47 71 0
12 -83 -84 0
27 55 65 0
9 -31 54 0
-4 -32 0
-29 -65 77 0
7 31 0
23 31 46 0
