p cnf 88 331
-10 36 44 0
16 -24 -27 0
-45 73 87 0
-9 -82 0
-7 -46 -58 0
21 23 25 0
30 69 -71 0
46 84 0
-21 -30 69 0
21 -65 -73 0
-66 -71 0
22 -57 -64 0
-51 85 87 0
-1 12 40 0
-23 -59 -70 0
-11 32 -82 0
-7 -28 -35 0
73 87 0
-35 71 0
-21 38 -85 0
13 56 66 0
6 -11 77 0
-42 -64 85 0
17 31 65 0
-7 12 -22 0
-14 -52 -80 0
-10 -26 -33 0
-20 66 79 0
-12 -17 -29 0
-16 75 0
37 45 -61 0
-39 55 -88 0
27 -77 0
-39 -52 -75 0
9 -35 -37 0
21 77 85 0
-46 -73 0
-9 49 81 0
4 11 -46 0
13 -24 -35 0
12 36 74 0
5 6 31 0
-14 -39 88 0
-38 -47 0
-11 -17 23 0
-39 41 73 0
15 54 69 0
2 34 65 0
-3 -32 -84 0
-39 -57 68 0
-3 6 0
34 -45 -84 0
53 65 -80 0
22 -76 -84 0
-4 -39 43 0
23 -26 -62 0
-19 85 0
40 65 -77 0
21 -28 87 0
9 33 -38 0
-13 15 0
-24 75 78 0
41 54 0
12 24 -28 0
6 -39 59 0
-48 -66 77 0
19 77 -84 0
-5 29 -72 0
2 -21 -61 0
-32 39 -54 0
-21 -24 -73 0
-29 32 -63 0
66 -72 0
-15 27 0
-2 -28 -63 0
42 62 69 0
11 -55 76 0
32 49 67 0
-6 52 0
7 12 77 0
21 51 -84 0
12 -28 0
12 -37 57 0
-58 -88 0
47 -49 -61 0
38 57 72 0
12 -36 -61 0
-40 64 71 0
28 -53 -72 0
36 62 0
-33 -52 -86 0
-2 -5 -50 0
-9 11 49 0
-23 -46 -63 0
3 -12 32 0
4 78 0
-5 21 -49 0
10 35 -51 0
-13 -62 -77 0
-29 58 -77 0
-10 75 0
-41 -68 -74 0
-3 -33 -64 0
-6 24 85 0
-13 -42 0
4 70 0
29 32 -49 0
-2 13 -69 0
19 -31 73 0
76 79 85 0
-31 63 65 0
27 -29 32 0
37 -58 -77 0
-36 42 -56 0
40 42 81 0
37 51 -75 0
-12 25 70 0
-18 -55 -83 0
-18 42 75 0
-22 -35 -74 0
-26 -42 74 0
23 32 0
-44 72 74 0
-15 -27 42 0
6 41 -50 0
49 -81 0
-16 -44 -57 0
11 -50 0
-13 -35 45 0
10 18 64 0
39 41 -86 0
-26 44 -55 0
19 -29 -82 0
-78 -85 0
-4 -11 -20 0
-3 78 -80 0
-50 65 0
-13 14 -28 0
-32 58 84 0
-10 83 86 0
2 38 71 0
18 25 -85 0
10 18 -28 0
4 -8 -9 0
29 32 87 0
-49 63 64 0
7 -16 42 0
19 45 -85 0
-11 44 88 0
-21 64 0
23 -36 56 0
4 12 -20 0
-6 17 -75 0
13 -26 74 0
14 -55 -88 0
-35 56 74 0
16 25 -80 0
15 -42 -48 0
12 52 0
22 -26 -83 0
27 42 0
14 -34 66 0
-12 81 0
14 15 57 0
-5 -7 0
24 -42 0
-39 -41 53 0
12 -42 -45 0
7 73 0
-26 -71 84 0
22 37 0
-10 -19 30 0
-35 -44 88 0
31 68 77 0
23 -54 72 0
-32 35 48 0
-15 48 70 0
-5 -21 -36 0
-32 50 51 0
-35 69 77 0
-13 -30 -60 0
2 -68 0
-15 -20 0
10 32 0
-8 -25 53 0
8 34 54 0
-18 -65 70 0
-6 -39 88 0
-29 52 -53 0
-30 51 86 0
-4 80 0
60 -78 0
1 46 -57 0
17 -35 -75 0
9 17 40 0
38 43 -55 0
-19 -36 -65 0
-13 -43 -88 0
11 -52 87 0
-41 -76 -86 0
-13 42 -53 0
5 -15 19 0
47 63 74 0
43 -46 85 0
-8 59 87 0
-70 -76 81 0
8 44 -46 0
-29 -34 -74 0
-16 -24 30 0
-37 -43 -56 0
6 18 83 0
-40 -44 -53 0
33 80 -88 0
18 -23 0
21 -56 65 0
-32 44 0
16 -17 -32 0
16 -17 -85 0
-5 58 -60 0
6 18 -61 0
-32 77 81 0
-30 43 -51 0
48 59 -84 0
-25 -30 67 0
-16 29 83 0
33 -63 0
34 -60 -74 0
-22 -60 -76 0
51 84 -86 0
-33 -80 -84 0
52 60 -72 0
7 48 -56 0
-16 -63 79 0
33 -63 68 0
17 26 46 0
17 -37 75 0
17 30 -68 0
-34 -39 0
-27 66 -81 0
42 -74 -76 0
34 48 0
-14 -65 -66 0
-35 -70 -73 0
-2 -16 -35 0
15 -51 -81 0
-26 -42 74 0
7 40 0
62 -81 84 0
7 -39 0
47 68 0
-24 -47 66 0
-18 -32 -76 0
17 23 37 0
-60 -78 86 0
30 61 69 0
-13 -32 68 0
3 60 -61 0
35 -45 -56 0
-12 34 46 0
43 -50 65 0
-15 -34 47 0
17 39 -55 0
-50 74 -86 0
-7 60 68 0
-4 -40 -83 0
1 -8 -48 0
11 -21 36 0
23 24 70 0
-49 56 0
-1 16 -31 0
-26 39 -50 0
-56 62 86 0
-43 44 -58 0
5 60 79 0
-35 45 -47 0
-31 39 49 0
11 -20 -43 0
16 39 -47 0
-2 15 -82 0
49 55 0
27 42 -86 0
-31 52 -56 0
52 61 0
-20 23 82 0
50 65 0
33 -43 50 0
-31 62 -72 0
-8 -13 0
16 33 -61 0
35 53 -56 0
-60 -71 84 0
-55 70 -77 0
-1 -51 -66 0
24 -71 -81 0
8 23 88 0
31 53 71 0
22 -44 -80 0
-23 24 36 0
17 41 -72 0
20 68 88 0
-19 -30 64 0
4 -46 81 0
9 -18 -65 0
23 -26 46 0
-12 59 -60 0
-18 -42 74 0
-11 45 0
3 -41 -49 0
2 -12 -37 0
14 27 -70 0
-3 -13 60 0
-77 79 81 0
-39 61 63 0
-1 -15 -83 0
-40 -58 64 0
6 -31 -74 0
14 51 -52 0
-18 48 0
19 29 -56 0
-41 61 82 0
-44 66 0
-48 -62 -65 0
-13 -35 0
10 -42 -64 0
-59 69 83 0
-9 47 79 0
66 87 -88 0
9 -17 78 0
19 39 75 0
-25 -35 0
-16 -68 -77 0
