p cnf 63 202
1 -28 59 0
12 22 40 0
-24 50 -52 0
7 -26 -60 0
-10 -33 -45 0
-31 -45 0
34 -53 0
-14 -28 42 0
12 31 0
7 26 -38 0
31 -60 0
-2 -30 58 0
22 -29 61 0
-25 -33 -36 0
41 -60 0
6 9 -49 0
-17 -18 -41 0
20 25 -58 0
13 57 0
-17 30 -61 0
-37 -60 0
26 -52 0
34 38 -56 0
53 54 0
11 12 0
39 45 0
11 61 0
30 47 0
-13 48 0
-33 -47 -50 0
-23 -56 0
-4 51 54 0
-15 17 42 0
25 -34 43 0
-14 16 0
-7 63 0
25 -41 0
26 50 0
11 -51 0
11 -44 -47 0
41 -44 60 0
-8 21 58 0
13 46 -47 0
22 25 0
11 30 0
-16 -34 61 0
5 11 0
-40 -42 0
25 49 0
1 9 -27 0
-2 33 0
-17 -48 51 0
-18 -44 0
-7 -8 -21 0
27 58 0
-31 32 0
-4 -47 0
5 -54 0
-30 -39 0
19 63 0
-31 -43 0
23 36 0
3 21 0
-5 17 52 0
9 48 0
-23 -61 0
-14 -45 0
9 33 -63 0
9 52 0
28 -42 0
17 63 0
3 37 38 0
-9 -17 0
-30 -41 0
-23 -30 37 0
-13 -15 0
-22 40 -45 0
-21 34 0
-18 50 0
8 -62 0
-21 49 0
2 -15 60 0
-6 -12 43 0
41 -59 -60 0
-15 -31 0
15 36 -55 0
5 -52 60 0
7 58 -60 0
9 43 50 0
6 -51 0
40 45 55 0
2 -14 0
29 -32 -62 0
43 60 0
43 49 58 0
-43 44 58 0
39 53 0
7 12 14 0
26 -27 0
10 17 -51 0
-6 44 63 0
-18 -33 0
-2 -30 0
-2 -7 0
-25 27 0
-30 -33 0
-16 17 -59 0
8 32 61 0
-10 -32 -36 0
15 -42 63 0
14 62 0
-2 22 27 0
6 18 24 0
-49 -51 -59 0
-28 -36 49 0
20 32 -53 0
35 39 -63 0
52 -55 0
-1 -20 0
8 29 -51 0
-15 -19 48 0
60 61 0
1 -9 -54 0
-10 41 0
-26 -48 0
11 -38 50 0
-33 -50 0
-20 49 -55 0
-31 39 0
-12 -14 -36 0
-25 51 -53 0
9 42 0
29 34 44 0
21 36 0
9 -32 -60 0
24 26 0
-5 22 0
5 42 -55 0
-29 -33 0
-3 -22 -61 0
-5 -23 -24 0
-23 47 0
-10 -14 -51 0
-34 -52 0
28 -52 54 0
4 29 0
-30 48 -57 0
26 35 42 0
-7 23 -30 0
27 -44 62 0
-31 -37 0
-13 52 0
7 53 0
18 -26 0
-26 41 -52 0
-20 -23 -24 0
16 30 0
-3 40 0
-12 -31 32 0
-6 -19 -38 0
9 56 0
7 22 -52 0
-13 36 -41 0
-26 48 0
30 42 0
43 -53 -59 0
17 43 0
-11 29 49 0
33 53 0
31 -59 0
50 -55 -57 0
31 -55 61 0
17 -24 0
-16 -45 0
-13 33 48 0
-19 -37 0
7 13 0
-20 -29 44 0
3 -45 -61 0
-8 -29 -45 0
33 -46 0
-2 3 0
-50 -52 -61 0
-13 -26 0
17 -23 -56 0
-13 -15 -52 0
-40 -43 0
17 26 40 0
-18 -58 0
13 29 -33 0
-18 23 0
21 -28 0
32 -56 62 0
13 41 0
15 -49 0
13 57 -63 0
13 -18 -33 0
-13 36 -47 0
-17 51 0
-1 -6 51 0
16 49 -55 0
-22 47 -56 0
