p cnf 92 354
-18 36 64 0
-54 55 67 0
-29 -63 76 0
-9 56 70 0
12 -19 0
-12 49 90 0
55 -72 75 0
-63 -74 -88 0
34 50 -80 0
75 80 92 0
6 -50 76 0
1 12 -58 0
-44 56 -57 0
21 -38 -60 0
-20 -78 -84 0
-29 63 -72 0
3 -16 82 0
36 53 66 0
9 49 87 0
10 -27 -89 0
49 -60 -61 0
8 18 62 0
17 30 68 0
-13 23 -80 0
57 -85 -92 0
72 87 0
-1 -71 75 0
4 32 0
10 44 52 0
-48 87 -90 0
41 -59 90 0
61 -72 83 0
-51 -63 -65 0
2 -50 68 0
-30 41 -87 0
-29 -74 -85 0
11 31 76 0
-15 -86 90 0
11 52 91 0
-8 -23 -37 0
-30 -57 67 0
21 36 83 0
-18 -83 -84 0
-18 -55 -56 0
-77 -82 -84 0
46 -69 81 0
39 -59 75 0
12 80 85 0
24 -35 -70 0
4 44 -68 0
22 -23 41 0
55 -56 63 0
28 -71 -80 0
3 -50 60 0
-47 -70 80 0
19 -68 -71 0
22 35 71 0
-56 -71 -86 0
-7 -46 -77 0
31 -54 66 0
10 -57 82 0
-36 -41 -85 0
-15 40 56 0
-12 -32 -84 0
-44 50 -86 0
30 42 53 0
66 76 87 0
25 -69 84 0
34 -63 0
-19 -33 -46 0
21 -39 42 0
-22 72 -90 0
-23 -44 59 0
25 -63 0
3 -8 45 0
-13 37 85 0
11 -39 47 0
34 -49 -84 0
55 70 -71 0
-6 -53 0
47 79 -91 0
58 65 68 0
6 17 79 0
27 63 -89 0
20 -46 -73 0
2 36 -60 0
-24 43 -71 0
-4 51 -71 0
56 -68 76 0
17 -35 -45 0
3 -23 59 0
-17 -28 -70 0
-8 15 38 0
-59 67 87 0
9 -32 51 0
5 -65 85 0
55 -62 87 0
-62 74 -84 0
-14 41 83 0
4 50 -78 0
-5 21 90 0
-6 56 88 0
-4 82 85 0
-43 -52 -81 0
4 63 -81 0
-57 65 83 0
16 -18 0
19 62 79 0
-67 -81 0
-14 37 92 0
-77 78 0
16 -31 80 0
27 -39 -70 0
-26 -43 -84 0
-60 -81 0
17 -35 67 0
-53 78 -85 0
-20 74 0
-4 33 -53 0
14 21 54 0
7 52 62 0
-20 -74 -77 0
24 28 -47 0
-64 -86 -91 0
-18 -61 82 0
16 -26 -28 0
32 39 -61 0
-16 43 65 0
-10 22 -51 0
30 -46 85 0
-7 -32 85 0
44 -47 -89 0
53 -58 88 0
-22 56 71 0
-56 75 81 0
15 66 0
-4 -88 0
4 -5 25 0
-40 57 0
-26 -31 -38 0
4 15 23 0
-24 -26 48 0
31 44 0
12 41 90 0
32 -54 -86 0
-39 -79 92 0
2 19 41 0
-34 44 -92 0
-6 80 -89 0
32 79 -86 0
21 24 -84 0
-1 42 -62 0
2 -37 40 0
-9 -19 -86 0
-34 42 49 0
38 64 71 0
-54 -63 75 0
55 -69 92 0
15 27 77 0
-19 21 70 0
-24 60 0
-21 -50 90 0
-4 -47 0
-44 63 72 0
-12 80 0
-45 -48 58 0
47 -48 -65 0
-2 -60 -69 0
-7 11 -56 0
-17 -42 -65 0
-24 60 -76 0
-30 48 84 0
-47 75 -85 0
5 -37 -48 0
3 67 73 0
-24 50 -91 0
9 -48 -53 0
-2 12 41 0
-5 61 74 0
-3 59 -90 0
-38 -83 -91 0
33 -76 83 0
70 85 90 0
-34 37 60 0
21 -29 31 0
-4 -12 34 0
7 -72 -92 0
-44 -74 87 0
-41 -72 82 0
-33 44 64 0
3 -40 -64 0
1 -5 -22 0
-2 54 -61 0
15 -19 -71 0
-28 43 51 0
21 60 0
27 40 0
13 44 -46 0
29 77 0
65 67 68 0
17 -42 58 0
-30 -41 51 0
6 27 32 0
-3 -28 -60 0
-8 58 80 0
19 -43 84 0
-7 -72 83 0
-11 30 0
-20 21 -32 0
16 82 -86 0
-10 -48 -73 0
19 -54 -62 0
-2 21 -88 0
-7 37 39 0
42 -48 -74 0
-28 -47 57 0
-47 -53 -82 0
1 -29 0
2 -8 -73 0
-55 -66 0
-23 31 0
23 27 -57 0
-1 -16 20 0
-52 59 -84 0
-1 -30 48 0
11 -16 61 0
18 26 63 0
-53 -58 0
-18 -34 -45 0
-27 -33 0
22 61 81 0
67 -71 -86 0
20 78 -91 0
2 -58 -88 0
3 8 0
23 -72 -90 0
-13 77 0
-10 21 29 0
-64 86 88 0
-26 42 -88 0
30 -55 0
-58 -77 79 0
31 48 -81 0
3 -26 89 0
21 55 -69 0
-71 79 -91 0
-46 -64 -71 0
-32 49 -59 0
-3 -6 -49 0
-58 75 0
21 22 55 0
19 39 -48 0
54 -77 0
-29 31 -73 0
-34 -86 0
-60 70 -87 0
28 31 -64 0
22 41 -73 0
45 65 -86 0
45 -63 71 0
-3 19 -38 0
10 27 85 0
-3 8 -54 0
51 80 -84 0
-15 34 0
20 -46 -53 0
-4 -74 86 0
-25 32 -66 0
-39 65 -79 0
-7 -11 -56 0
30 78 0
8 66 -88 0
-17 65 -78 0
-25 -45 -46 0
-1 20 -29 0
21 -32 -80 0
-28 -69 -82 0
50 53 87 0
-42 54 0
-30 50 68 0
36 -61 78 0
28 54 66 0
-17 -40 -90 0
-8 45 -70 0
-1 -37 70 0
-44 64 90 0
59 -76 0
-11 75 0
-17 56 58 0
-47 78 85 0
-39 82 0
-3 -62 -67 0
26 -54 88 0
-2 47 -52 0
33 -43 -62 0
-30 48 -59 0
-46 69 74 0
10 -83 0
-3 83 90 0
-2 -52 62 0
23 45 -76 0
40 54 -75 0
-56 -63 66 0
66 69 -84 0
17 -23 33 0
7 -45 88 0
18 51 -86 0
-40 71 86 0
18 -65 -88 0
-37 -54 59 0
7 -35 -47 0
-15 -29 46 0
-56 61 65 0
-35 43 0
29 -55 -80 0
3 -73 -75 0
4 -24 52 0
-12 74 80 0
19 27 92 0
-62 -69 -81 0
-8 -25 -79 0
-37 -64 -78 0
-14 -62 -66 0
-43 -60 -76 0
19 -82 0
-1 22 0
-26 -56 -87 0
2 92 0
23 -35 -91 0
-6 -13 45 0
-69 -72 85 0
11 24 -31 0
10 -38 -55 0
-20 -27 61 0
-30 46 -60 0
38 -39 59 0
20 26 -64 0
28 34 63 0
6 42 73 0
5 -49 -82 0
58 60 -63 0
-6 50 -74 0
36 58 68 0
-16 -41 70 0
-24 -62 -73 0
-5 -56 -66 0
3 -25 -72 0
49 88 0
34 -69 -74 0
46 -47 -61 0
-20 43 -68 0
-9 -72 -76 0
-21 -41 90 0
-3 -72 78 0
