p cnf 76 256
-27 59 0
-15 24 55 0
-21 45 58 0
-14 -30 0
22 -37 -72 0
3 18 -43 0
13 35 -46 0
-17 -47 0
29 72 0
11 19 -51 0
-31 -75 0
27 64 0
12 33 -63 0
4 50 -51 0
-59 64 0
7 34 -38 0
-41 -56 -73 0
44 62 65 0
23 30 -56 0
-16 -17 -58 0
-16 36 -48 0
46 -52 55 0
33 53 54 0
-2 -62 63 0
-25 -53 0
20 28 -29 0
10 -30 -39 0
2 -76 0
-20 32 0
10 -14 -76 0
15 -24 0
26 54 64 0
-54 76 0
-47 73 0
-1 -10 -51 0
35 -59 0
-11 47 48 0
50 -57 -58 0
46 -51 0
4 42 53 0
9 -64 68 0
7 23 0
-8 -39 42 0
-8 35 -71 0
29 47 70 0
15 -30 45 0
-31 -49 0
-5 -28 -32 0
32 53 -59 0
-31 68 0
-34 -48 63 0
-62 65 -71 0
1 -37 -46 0
-6 65 0
-8 19 36 0
-9 -15 -21 0
8 45 0
-30 42 -55 0
5 21 54 0
-30 -51 0
-29 -47 76 0
17 -28 -35 0
4 55 0
-3 32 -62 0
-5 -66 -75 0
-17 -60 -72 0
-55 67 0
-6 47 0
11 -14 28 0
-19 47 0
-32 34 44 0
64 -66 0
-22 -39 61 0
32 -38 0
14 -53 0
-43 55 66 0
2 -57 59 0
-35 49 0
2 -54 71 0
16 -48 61 0
45 63 -74 0
-26 27 0
12 -68 0
53 69 0
-6 55 65 0
19 60 0
-53 70 73 0
-19 -20 -54 0
24 -41 64 0
-24 -43 -76 0
6 55 0
4 -14 -70 0
18 40 -73 0
41 50 0
-19 -53 73 0
-15 52 0
7 45 0
-58 64 0
4 -62 -75 0
35 62 0
-23 47 -63 0
-14 22 -44 0
7 -42 -66 0
2 14 0
57 58 0
-10 -12 29 0
-8 30 62 0
-13 36 66 0
30 69 0
2 45 70 0
2 8 -60 0
11 -25 -68 0
-14 21 37 0
22 -46 0
-21 35 0
-38 -45 -53 0
9 -52 -65 0
19 -61 72 0
-32 -52 0
4 9 -23 0
8 50 76 0
-4 5 10 0
-13 -14 -43 0
19 -43 -57 0
12 -21 0
43 60 -75 0
30 -45 55 0
-29 -51 75 0
-8 50 55 0
-11 32 50 0
1 7 34 0
69 70 0
8 -41 -42 0
6 -27 -76 0
12 -46 -58 0
-11 47 -54 0
19 56 -59 0
39 -51 0
11 -20 -36 0
-36 37 -69 0
23 -40 0
-22 67 0
-4 20 -74 0
28 -44 -70 0
-23 -47 0
31 42 0
7 -57 0
-28 -29 58 0
-2 58 0
-15 55 0
-24 71 0
-34 45 0
-4 -24 -52 0
-22 -53 70 0
46 -52 0
11 -25 0
-30 44 -58 0
14 16 -67 0
-3 20 39 0
4 55 59 0
8 18 -24 0
26 31 -75 0
-53 -69 -72 0
5 -33 55 0
35 -39 0
48 49 0
4 -55 70 0
11 20 -39 0
-2 -43 63 0
-39 51 0
-35 -41 0
-7 -9 55 0
3 10 28 0
5 15 68 0
-8 63 74 0
5 -35 46 0
54 66 0
-29 67 0
-19 20 48 0
14 -71 -73 0
-8 -49 0
24 -34 -73 0
-6 -31 76 0
-22 32 -61 0
1 -7 66 0
11 18 26 0
28 -31 -70 0
-30 46 57 0
-10 -13 42 0
13 -36 64 0
10 -53 0
-15 38 49 0
15 -47 59 0
-5 -9 -67 0
25 -55 -73 0
37 -60 -75 0
18 58 63 0
11 -18 21 0
55 -56 0
38 -43 67 0
-43 66 0
-15 18 -31 0
-33 -54 0
-17 -50 -73 0
-15 45 0
28 74 0
36 51 0
26 55 0
42 -52 54 0
6 -53 59 0
10 -55 -76 0
-33 -39 50 0
11 24 55 0
5 11 32 0
23 -27 74 0
-9 70 -74 0
11 18 57 0
11 -32 -69 0
2 22 -71 0
-47 70 0
-17 70 0
29 31 0
-48 -65 0
1 -9 76 0
16 73 75 0
22 52 -73 0
28 57 -69 0
18 41 -53 0
1 -11 35 0
-18 24 -68 0
-1 -2 74 0
8 18 20 0
-16 28 -70 0
-47 52 54 0
-7 10 -22 0
16 -27 -34 0
-28 -36 -68 0
-16 -24 29 0
9 50 -52 0
-51 -64 76 0
4 9 14 0
-14 56 0
-36 75 0
19 -51 68 0
35 65 0
22 -59 -64 0
26 31 -71 0
6 -36 55 0
-9 -31 -73 0
-1 -28 38 0
34 73 0
-62 66 -76 0
21 56 0
-5 39 -40 0
2 48 0
-12 -26 59 0
