p cnf 81 285
35 64 69 0
14 23 -28 0
-17 -47 -62 0
7 39 0
-1 62 -64 0
31 -44 0
-20 64 0
30 35 -74 0
-35 40 -46 0
54 72 0
-12 -43 52 0
-34 -46 0
19 -32 47 0
8 -62 73 0
-1 -29 0
44 -50 -52 0
62 -73 -74 0
32 49 52 0
-5 15 25 0
14 17 26 0
-25 -41 -79 0
-54 63 75 0
10 12 60 0
-29 38 65 0
-5 -78 0
-56 69 -76 0
-10 -15 54 0
-20 -50 58 0
12 -54 61 0
-11 33 -42 0
35 40 44 0
6 -51 -79 0
-1 23 -69 0
13 -24 48 0
5 62 -65 0
-15 44 0
1 -60 0
-52 55 67 0
37 51 0
-22 -78 0
-21 -22 0
7 30 0
8 23 0
42 -73 0
-24 -34 72 0
24 65 80 0
-7 18 -63 0
22 -30 32 0
-41 48 0
-2 -66 72 0
13 40 -78 0
-16 -32 -41 0
-4 36 0
-22 -53 -81 0
12 24 0
28 -53 -64 0
12 24 -79 0
9 10 0
-36 -42 -63 0
-47 -50 -58 0
-2 29 64 0
15 -27 28 0
-42 59 -60 0
52 62 0
-40 -66 -81 0
38 39 79 0
24 -39 63 0
-23 34 -81 0
9 -42 0
6 31 59 0
15 38 -62 0
-15 17 21 0
9 -70 0
1 -55 -72 0
-8 26 -78 0
26 -52 0
16 18 0
-12 -19 -39 0
13 52 0
-19 -32 -62 0
-32 -38 0
9 80 0
-4 -13 36 0
-58 -64 0
2 -47 69 0
-21 -54 76 0
-20 50 0
61 -81 0
16 -38 71 0
5 -46 -68 0
-13 -46 0
-27 -81 0
37 65 -74 0
26 61 0
-33 -50 0
14 52 -69 0
-2 22 -76 0
14 -16 -79 0
-10 -55 -73 0
-11 -16 79 0
14 18 -61 0
32 -65 -69 0
29 -40 -53 0
-39 58 69 0
-21 40 66 0
22 26 -81 0
-15 28 46 0
3 33 -61 0
-30 62 0
17 -71 0
16 30 62 0
-9 -48 -80 0
10 -51 -52 0
-49 64 0
-13 15 -21 0
-28 50 -66 0
27 57 -64 0
-26 -61 0
-26 44 -55 0
10 23 -48 0
33 45 50 0
27 -66 -81 0
72 75 -76 0
14 -15 0
-58 65 0
24 -27 -76 0
20 27 -78 0
-4 -40 -59 0
10 32 62 0
-58 61 -66 0
19 34 67 0
4 30 31 0
-13 19 61 0
-36 -69 -80 0
-21 -62 -67 0
-18 38 39 0
-37 72 0
58 -74 0
5 -55 -79 0
31 -43 69 0
-20 39 -68 0
-35 -74 78 0
13 -52 -77 0
49 61 0
15 -38 79 0
33 46 77 0
38 42 0
13 -51 0
-69 -72 74 0
7 19 76 0
10 -21 -56 0
-9 -15 -29 0
-15 -26 45 0
23 -35 40 0
-1 -41 -52 0
3 -43 45 0
7 9 80 0
-22 -62 67 0
-14 -43 66 0
-9 -47 -68 0
-20 80 0
18 21 -68 0
-13 -15 73 0
2 -55 0
-1 20 -26 0
3 28 -79 0
6 -10 -45 0
-13 32 0
19 40 -41 0
29 74 0
-7 -30 -46 0
54 -69 0
29 -39 -54 0
-22 72 75 0
41 63 69 0
15 37 -62 0
17 -36 0
-57 -66 73 0
25 -33 -45 0
52 71 80 0
23 37 0
7 24 -60 0
-9 -15 -37 0
-7 -17 43 0
19 39 60 0
27 -29 62 0
31 -33 -67 0
39 -49 -75 0
-14 -54 -59 0
-4 12 31 0
38 51 78 0
4 73 0
8 -27 73 0
-60 -74 78 0
14 -30 47 0
-9 26 -36 0
35 54 0
-39 -44 -69 0
14 34 -48 0
65 -76 0
-15 34 71 0
-29 -68 76 0
-39 63 75 0
7 16 -19 0
5 9 -30 0
-1 -8 -38 0
-53 54 -73 0
-23 -46 -56 0
4 -35 66 0
-16 44 -70 0
3 30 -41 0
52 -53 0
-17 46 61 0
-23 -60 -67 0
49 -51 74 0
-16 -50 0
-23 -67 77 0
26 54 -60 0
2 16 46 0
1 5 0
-19 -40 72 0
-18 40 72 0
33 37 -76 0
32 -52 0
30 -41 -57 0
-7 -31 74 0
-32 -36 0
-33 55 75 0
25 -35 74 0
69 80 0
-29 -33 37 0
1 30 78 0
-2 -41 -50 0
-17 -57 80 0
-2 -57 -80 0
20 47 59 0
31 -79 81 0
-30 56 0
2 -35 68 0
-42 44 59 0
54 -63 76 0
-26 -35 -73 0
-1 3 44 0
13 27 56 0
10 -18 -55 0
-24 53 0
-11 23 -68 0
21 24 38 0
-9 -77 0
14 -27 62 0
17 18 -38 0
24 -42 54 0
16 -27 65 0
-6 28 -62 0
43 -59 60 0
-33 -36 57 0
47 -59 -62 0
-48 66 0
21 -24 70 0
7 -17 -56 0
2 16 -31 0
5 -29 0
-15 -48 -78 0
2 21 -49 0
12 27 -72 0
25 61 69 0
-72 73 0
-5 24 -76 0
26 -32 0
29 -30 53 0
14 -37 -50 0
-25 -52 -54 0
-24 43 44 0
-17 46 79 0
28 40 -50 0
-33 71 0
-36 40 73 0
-22 -57 0
-15 -19 62 0
32 -51 54 0
2 49 -72 0
3 -35 -58 0
-28 -44 45 0
35 55 -72 0
2 35 48 0
