p cnf 92 351
8 -20 67 0
-32 -79 84 0
-14 16 -61 0
-25 37 -88 0
-37 -61 83 0
-2 4 26 0
4 28 -77 0
33 -76 91 0
23 39 -43 0
55 72 -92 0
-16 63 71 0
-64 76 79 0
-6 -25 36 0
9 45 0
29 52 -82 0
64 -72 91 0
-12 52 63 0
26 -35 -59 0
-10 16 -89 0
11 24 -78 0
-18 -42 -46 0
9 -74 0
-22 -64 89 0
6 37 53 0
-43 63 81 0
16 73 -81 0
16 -18 -41 0
8 -21 43 0
-10 -39 -75 0
15 52 -90 0
-18 -79 -83 0
-6 -56 0
7 -51 66 0
-52 -54 -85 0
-19 59 -71 0
-36 -39 -85 0
17 -43 -73 0
16 -33 0
25 -83 -91 0
-46 -52 -78 0
8 -61 87 0
-23 -49 55 0
29 -54 -83 0
25 -53 -64 0
2 33 -74 0
5 -76 0
-10 42 43 0
35 47 -80 0
-46 -76 -86 0
19 26 85 0
-33 40 -43 0
3 -9 26 0
-31 37 -90 0
-34 46 51 0
-30 -80 83 0
-7 36 0
-31 -39 70 0
-33 52 -75 0
8 47 -58 0
37 63 -91 0
36 64 -85 0
10 -34 -83 0
-36 64 -88 0
-1 -45 51 0
-43 67 74 0
39 71 -74 0
-5 -37 -86 0
-24 -46 -73 0
-47 -52 70 0
22 -68 -84 0
6 30 -47 0
22 -83 0
4 19 38 0
-44 47 -68 0
-67 79 82 0
-3 4 -24 0
21 47 0
-42 85 -92 0
32 -54 -90 0
-23 -51 -79 0
-41 46 0
-10 21 48 0
60 -61 -69 0
-24 -71 0
-29 -46 60 0
41 -50 87 0
9 -31 -78 0
32 36 -85 0
-16 75 -89 0
25 -41 -44 0
32 -45 -88 0
-3 -22 84 0
-5 -51 -69 0
15 -64 -91 0
32 -76 0
36 42 -73 0
19 71 -86 0
-4 45 -86 0
10 12 16 0
-46 -66 -75 0
20 -75 -82 0
17 -48 69 0
15 -31 -92 0
-14 -62 -63 0
-13 -47 -50 0
35 -49 -65 0
4 -10 -18 0
47 72 -76 0
22 64 71 0
49 -67 0
-2 -23 0
-17 18 47 0
12 -25 84 0
-19 -43 74 0
-6 -56 87 0
-55 -80 -88 0
10 26 27 0
-4 -27 -71 0
-43 44 -74 0
9 22 84 0
-24 39 -62 0
16 -63 0
1 14 -86 0
-6 -19 0
-26 -32 -45 0
4 -49 -89 0
-3 -19 84 0
-65 -69 -82 0
7 22 42 0
15 22 -30 0
9 -23 -86 0
-26 -51 71 0
3 -14 -53 0
-55 64 0
17 48 70 0
-13 -29 84 0
-50 -72 -88 0
31 39 -65 0
50 -62 89 0
3 58 -87 0
5 17 75 0
8 40 52 0
63 84 85 0
16 -57 0
7 -31 81 0
28 60 0
16 -61 74 0
-42 55 -91 0
3 35 70 0
-61 -77 0
13 84 0
-38 -70 -80 0
4 -26 -32 0
38 46 -50 0
-54 55 0
-33 38 -86 0
-14 28 -85 0
12 14 -34 0
45 68 -76 0
-10 15 52 0
39 -63 -83 0
16 27 -47 0
-8 32 87 0
8 -15 86 0
2 -35 40 0
-55 -79 85 0
-46 54 82 0
18 19 -91 0
-23 -65 80 0
31 -34 -62 0
29 -62 74 0
-26 39 -90 0
-22 50 89 0
36 -89 91 0
23 -27 91 0
52 59 72 0
42 -48 -86 0
5 -10 15 0
-41 -72 86 0
5 -53 62 0
7 14 -69 0
-30 31 -91 0
16 45 83 0
-24 41 -64 0
32 33 85 0
-35 -72 -80 0
1 -15 -73 0
-70 72 75 0
51 78 79 0
-23 81 0
25 -79 81 0
-29 52 -79 0
-28 69 -77 0
9 16 33 0
-16 -54 -61 0
-16 -69 78 0
-1 19 -88 0
36 -49 -59 0
-1 -27 92 0
38 66 77 0
28 53 -67 0
-39 50 -71 0
14 -64 77 0
-25 57 76 0
-14 -68 89 0
7 45 -74 0
-14 54 72 0
-12 -87 -89 0
1 37 -70 0
-17 -26 39 0
-17 -22 59 0
-41 47 -80 0
-45 -71 -81 0
-24 52 54 0
18 32 45 0
-10 37 66 0
-13 -17 53 0
53 58 0
-2 -39 -91 0
10 85 86 0
22 -43 -66 0
70 72 87 0
26 32 67 0
-2 54 62 0
-33 -66 76 0
-21 -49 -89 0
-7 32 55 0
-6 -10 -16 0
9 -25 0
63 -86 -92 0
24 27 -59 0
39 -76 0
71 -80 89 0
24 -59 -87 0
-18 35 92 0
3 -45 0
-58 65 -92 0
-2 87 91 0
3 9 -52 0
-1 45 -83 0
51 -69 73 0
21 -30 -62 0
6 44 -59 0
-24 -38 77 0
-44 88 0
-13 81 0
-50 58 -84 0
39 -52 -57 0
13 48 -75 0
11 18 44 0
-48 70 89 0
5 8 42 0
-42 -49 -83 0
-15 -37 74 0
51 63 -69 0
10 49 0
29 40 42 0
29 -43 -69 0
17 62 84 0
-35 48 0
-11 35 -53 0
2 34 -58 0
-60 -79 -84 0
16 84 92 0
6 53 -82 0
7 45 -61 0
-1 -32 65 0
33 -36 88 0
47 59 91 0
-46 59 88 0
-4 -45 -54 0
5 -73 -81 0
9 33 36 0
-24 -78 -85 0
-20 -48 87 0
-28 -44 51 0
-29 52 0
83 -85 0
15 55 -61 0
37 50 61 0
-33 -54 -91 0
56 -59 -73 0
4 47 82 0
-22 27 -75 0
-15 17 -72 0
-67 -82 -84 0
-7 76 87 0
-21 -39 -75 0
-38 -68 0
33 57 -81 0
-18 45 -76 0
-29 74 0
-14 -48 -79 0
-32 44 -73 0
-9 -21 71 0
-57 82 92 0
-11 61 0
-46 -56 67 0
2 3 -10 0
2 4 82 0
-9 32 -81 0
-15 -87 0
11 -41 -55 0
-20 24 25 0
12 38 -73 0
-16 76 84 0
-31 39 52 0
36 63 84 0
-32 -64 0
12 64 0
5 49 -50 0
-41 -85 0
23 -28 36 0
-17 -38 46 0
-20 34 -85 0
-24 26 66 0
38 -40 -59 0
49 66 -75 0
18 55 -84 0
-39 -56 0
10 67 84 0
37 -47 70 0
56 63 -80 0
22 46 61 0
-14 -36 82 0
3 -11 -22 0
-8 28 34 0
-78 -82 89 0
-44 69 81 0
42 -44 78 0
5 51 -68 0
-24 40 -44 0
-33 61 73 0
-23 38 87 0
-28 -77 -79 0
3 -22 72 0
-8 27 -33 0
8 34 0
-26 48 92 0
-20 26 35 0
18 -84 -91 0
58 -91 0
-71 88 -92 0
-1 -17 -68 0
-7 -14 0
15 30 -35 0
-7 -22 92 0
26 40 -49 0
18 35 39 0
1 19 -22 0
24 51 -58 0
