p cnf 79 276
-25 35 48 0
-20 -74 0
-2 -27 53 0
-1 -20 -68 0
-12 -65 0
13 54 0
-28 -63 -72 0
24 -36 72 0
22 -29 57 0
-14 -58 62 0
61 -64 0
1 9 -64 0
-44 -48 56 0
32 60 62 0
19 -23 -60 0
-27 -37 0
-40 56 -62 0
14 -45 52 0
9 -56 -75 0
-37 -49 68 0
-17 -79 0
-40 79 0
25 -47 -73 0
-17 52 72 0
-5 -26 -52 0
12 -44 66 0
70 -74 76 0
12 -46 48 0
-39 -53 -77 0
38 49 51 0
53 74 0
24 64 78 0
-43 65 71 0
-5 10 17 0
24 46 53 0
-27 29 41 0
-13 -33 63 0
2 35 -51 0
-3 32 -53 0
11 28 0
37 51 0
-48 -57 0
13 57 0
-35 -72 0
-35 -43 -49 0
-3 -62 -70 0
-28 33 -79 0
-39 58 -66 0
-25 52 60 0
-13 28 -46 0
22 30 57 0
-31 46 79 0
-2 -34 -75 0
-37 50 60 0
18 44 -56 0
-25 -40 -68 0
-2 31 0
54 66 0
-14 -51 -75 0
-14 76 0
1 48 0
1 13 48 0
7 -13 56 0
1 32 79 0
16 72 0
-40 -66 0
12 49 0
-9 23 73 0
-10 -47 -73 0
45 -67 -74 0
9 41 0
29 40 -48 0
4 -30 -70 0
-60 -70 -72 0
-33 -61 77 0
34 -44 68 0
14 -20 -40 0
-26 -33 -60 0
48 -62 0
-1 -77 0
31 73 0
19 65 77 0
-29 -47 58 0
10 -34 -79 0
10 54 73 0
17 48 -76 0
-23 28 -40 0
-1 10 51 0
-34 -40 -75 0
2 23 38 0
-14 33 -79 0
31 -43 0
25 -48 0
32 -47 -78 0
41 43 -71 0
-44 47 0
-48 -57 61 0
13 58 -77 0
24 62 0
36 41 0
-27 29 -68 0
-19 28 0
-25 65 0
25 36 -50 0
27 -40 -69 0
-16 -63 0
20 -45 48 0
-42 48 75 0
5 44 79 0
-25 -74 0
5 61 0
5 -64 -78 0
7 15 29 0
-7 -38 49 0
43 -44 -71 0
35 50 70 0
-16 -46 -61 0
-43 47 0
-28 59 -75 0
12 -35 52 0
-28 59 62 0
-2 -24 -28 0
-17 -21 37 0
-46 55 0
-48 -58 0
-40 55 72 0
-17 -60 70 0
-29 46 57 0
-2 -39 0
18 -26 -32 0
-7 32 -41 0
32 -43 -60 0
17 23 40 0
44 50 -56 0
38 43 66 0
-6 -63 -79 0
-3 49 0
35 -51 -67 0
1 44 -76 0
35 38 78 0
17 28 62 0
-9 -23 75 0
-25 29 -39 0
-6 -9 -18 0
24 43 -70 0
-26 -44 0
-14 29 45 0
-43 -77 0
47 -57 -71 0
-53 66 0
-11 -16 43 0
3 21 -70 0
4 36 49 0
-57 64 74 0
-3 20 27 0
-8 22 -78 0
-22 51 55 0
13 -63 0
-12 14 41 0
-10 22 0
37 62 64 0
-9 26 0
-49 66 -77 0
-3 -24 0
-51 -66 0
5 10 57 0
-39 -60 0
40 61 68 0
-1 -2 77 0
4 25 75 0
15 -38 69 0
12 53 0
-14 -35 56 0
-37 62 -67 0
31 -59 0
46 -67 0
33 44 54 0
44 78 79 0
25 29 48 0
32 -38 46 0
5 -31 51 0
17 22 -43 0
-17 -47 54 0
14 62 0
-33 56 -78 0
7 -24 0
20 -39 -76 0
19 -24 44 0
-3 -61 -79 0
19 35 -64 0
-51 -61 0
-2 -52 0
20 68 0
5 -27 -53 0
3 36 0
-7 -13 -45 0
62 72 79 0
-6 25 70 0
14 -39 -62 0
-28 -45 -56 0
-27 51 -67 0
-10 53 0
35 -47 54 0
-8 25 -30 0
-23 57 76 0
49 -51 0
-15 51 -64 0
-5 -51 0
31 -59 68 0
5 -21 22 0
-14 -18 -34 0
-33 -48 0
8 -10 -77 0
24 33 75 0
-17 48 0
-48 75 0
25 -43 -62 0
8 -57 -60 0
15 44 -64 0
16 -24 -40 0
6 -20 -39 0
9 -19 0
-22 -77 78 0
-4 -15 -23 0
18 -29 74 0
32 61 0
26 52 77 0
-14 -28 -64 0
34 58 74 0
-18 -72 0
42 71 0
-27 30 0
-10 24 0
-7 60 -75 0
7 12 41 0
34 41 54 0
46 -67 0
1 -50 -57 0
1 -12 -78 0
-24 26 0
20 -43 0
-3 17 -79 0
7 -67 0
19 29 -55 0
30 -35 43 0
70 75 0
-11 -49 74 0
10 -17 -60 0
16 23 -74 0
-30 69 73 0
-50 79 0
43 -48 -64 0
24 38 0
-1 -43 60 0
5 32 -46 0
49 52 0
-7 62 -64 0
26 -63 -64 0
9 -23 -29 0
14 -31 -57 0
33 49 61 0
-14 33 -47 0
-12 25 27 0
-11 16 56 0
-9 31 -33 0
-25 46 55 0
-54 60 0
-43 61 70 0
6 -44 -79 0
-30 -46 0
-24 26 36 0
-8 13 -27 0
9 32 48 0
5 48 -75 0
-3 -39 77 0
-24 28 -69 0
