p cnf 81 278
40 -51 -76 0
-13 -22 27 0
-22 -37 59 0
9 40 66 0
33 -49 -63 0
21 -52 -58 0
-23 -48 -65 0
55 78 -81 0
40 -52 64 0
-21 48 78 0
3 -43 -71 0
-45 49 72 0
-16 -30 0
-3 -12 15 0
2 -19 -75 0
6 9 -10 0
55 -68 0
-33 42 -80 0
20 -30 -78 0
42 45 -51 0
-58 -69 -74 0
50 -62 0
1 -7 -52 0
-11 -31 32 0
-39 73 0
-39 53 74 0
1 56 0
-17 -42 -52 0
-12 61 0
20 -23 27 0
34 -64 0
25 -31 46 0
32 70 -73 0
3 -19 -29 0
35 -63 0
-41 -52 -74 0
-31 -34 71 0
-39 -65 79 0
48 -61 -76 0
-10 -38 0
-5 -46 -56 0
49 -52 0
-6 12 -62 0
-21 28 41 0
-11 -66 0
3 -29 -44 0
-2 -36 0
31 39 55 0
16 48 78 0
-26 -55 -74 0
-15 -19 -24 0
4 -29 39 0
3 -18 69 0
-29 -40 0
28 -67 0
3 9 0
8 -13 -22 0
18 -29 -45 0
-34 42 -68 0
18 -26 0
-29 -45 58 0
-5 -48 -77 0
-5 24 -48 0
19 20 38 0
26 -53 73 0
-6 -21 70 0
-3 -18 39 0
-45 46 0
1 -12 0
-70 -81 0
-25 -27 -64 0
7 -40 75 0
-6 -27 -78 0
34 -68 0
-23 -27 71 0
-43 -68 -72 0
-4 15 0
-2 65 0
1 -35 -64 0
-22 28 -74 0
-1 -44 50 0
-4 68 0
-33 -48 68 0
-15 73 0
10 48 -49 0
15 -31 0
-65 69 75 0
17 -22 78 0
-10 48 80 0
-8 -46 -67 0
-17 -43 73 0
1 8 -70 0
-32 40 52 0
17 -28 -66 0
-2 6 -50 0
9 -28 59 0
7 17 67 0
30 -51 0
3 62 64 0
45 -47 -48 0
-23 -75 0
18 -52 72 0
-1 -80 0
-33 -56 72 0
1 76 79 0
16 -24 43 0
-31 -38 -73 0
-40 48 -57 0
2 37 0
-52 69 -74 0
-28 39 -79 0
21 -33 39 0
-54 -63 0
64 -65 0
-54 75 0
-38 59 77 0
6 30 0
-30 31 43 0
-7 12 -42 0
-54 67 0
4 -35 70 0
-7 -13 30 0
1 -2 -20 0
3 -9 76 0
18 28 -49 0
12 20 -72 0
-17 -53 0
-12 -52 72 0
-48 62 -75 0
2 -8 0
29 69 0
46 69 0
5 -28 0
-21 37 -39 0
-3 51 80 0
10 37 39 0
-20 -21 -76 0
33 -36 0
-24 -35 60 0
-20 -74 0
28 -43 74 0
-7 -19 -39 0
12 -23 -43 0
6 -14 -44 0
-32 45 78 0
-5 50 56 0
-27 -37 -73 0
-20 -51 0
-38 57 -77 0
36 -63 -70 0
-19 -32 -52 0
25 57 0
6 -33 -41 0
-54 56 75 0
-54 76 0
10 43 0
11 -26 66 0
9 -60 67 0
5 -22 32 0
-37 -59 0
-42 -48 -62 0
17 23 63 0
1 -14 -39 0
-8 -14 -22 0
-13 -66 0
-20 -75 0
-51 -70 -73 0
18 71 -76 0
28 58 63 0
75 76 0
-54 -56 -61 0
12 66 -72 0
-70 -73 0
-22 -41 -63 0
-60 -69 -75 0
-19 22 -68 0
-31 75 79 0
14 66 -77 0
1 -26 -57 0
-7 8 -33 0
5 -15 55 0
-4 -9 59 0
49 -67 76 0
-49 50 78 0
-7 52 73 0
9 46 -64 0
-41 42 52 0
-3 50 0
18 19 -40 0
-19 -58 72 0
5 -44 60 0
9 -53 0
-27 -55 61 0
21 23 -39 0
-5 -24 65 0
14 -45 0
-14 35 36 0
-34 40 47 0
-6 12 0
-7 -62 -80 0
-16 -29 61 0
-3 13 21 0
-24 34 -36 0
-6 -15 -49 0
5 19 0
6 -42 -67 0
6 -51 -60 0
13 21 0
18 -47 74 0
5 38 -64 0
-5 7 -26 0
1 76 -78 0
11 -15 54 0
40 41 -44 0
-64 68 78 0
56 -68 -80 0
-4 42 73 0
-35 -43 63 0
-43 -57 76 0
-5 51 -74 0
14 -48 -63 0
-10 -12 -38 0
-1 40 -64 0
46 72 -74 0
-33 38 -80 0
-3 -15 0
5 -11 -75 0
-20 33 62 0
-10 11 56 0
33 -53 0
21 -40 66 0
22 -40 -74 0
35 36 -44 0
-22 35 -62 0
-43 56 -62 0
12 55 60 0
-24 -79 0
-3 -27 81 0
75 -79 0
-27 -37 59 0
-20 55 -57 0
6 -60 -64 0
-2 -13 36 0
-63 -64 0
15 28 31 0
-9 -12 -43 0
64 70 -77 0
5 -6 74 0
15 21 -29 0
-15 28 0
-9 17 -75 0
7 -26 66 0
22 53 0
28 78 0
-4 -10 -16 0
9 31 39 0
-32 -38 57 0
-55 75 -80 0
-4 -63 65 0
34 74 0
-41 59 -75 0
33 44 -72 0
33 -59 0
-53 -77 0
2 -12 -74 0
44 64 81 0
-15 67 0
-48 63 -67 0
-17 38 52 0
-15 35 81 0
19 -27 57 0
-1 -19 -37 0
-22 -26 -70 0
-3 -22 25 0
-45 -65 0
-14 -18 66 0
7 -17 -18 0
30 -32 73 0
