p cnf 92 351
13 -17 28 0
-25 -41 76 0
56 -61 80 0
-17 71 -83 0
-12 -42 -71 0
3 -5 -75 0
42 -46 75 0
25 -37 0
-10 -68 -79 0
-26 58 84 0
-13 20 91 0
-20 -41 0
-21 22 63 0
-8 -15 -50 0
36 60 -67 0
-17 22 23 0
-11 35 87 0
12 -25 27 0
-26 -37 -49 0
11 58 -87 0
-22 -62 -80 0
-31 -69 0
-47 -58 83 0
7 -13 24 0
2 -68 74 0
21 38 0
-24 50 61 0
-42 49 -68 0
39 65 87 0
17 -36 86 0
22 -68 -81 0
-34 80 0
14 54 -84 0
-26 32 -63 0
-22 41 43 0
4 46 67 0
18 -31 -53 0
36 -59 86 0
42 -76 -82 0
-47 63 -80 0
-24 -74 82 0
-56 69 70 0
-59 68 83 0
-3 -14 -43 0
67 86 0
45 -86 91 0
-55 70 -92 0
33 44 52 0
-3 -9 -32 0
-13 -15 64 0
-3 62 79 0
17 51 66 0
6 -15 -91 0
-17 -51 -57 0
28 -31 37 0
17 -62 89 0
76 -85 -86 0
-14 31 -45 0
-25 48 0
-67 84 -85 0
-44 48 -62 0
-4 -55 89 0
-2 -69 85 0
17 25 43 0
23 57 -62 0
20 29 37 0
-6 -56 72 0
18 26 55 0
-24 -27 -33 0
3 -27 89 0
-13 72 -82 0
1 5 -13 0
60 -91 0
9 28 -91 0
-36 -82 -92 0
29 32 80 0
43 76 -85 0
51 60 66 0
-23 49 -56 0
-2 50 81 0
15 33 63 0
-5 24 -88 0
-34 -83 -89 0
-33 51 -59 0
-45 79 80 0
-38 40 -92 0
-1 -30 -57 0
-15 50 -58 0
27 -86 0
-8 -25 -50 0
11 -32 -57 0
-34 -54 -77 0
32 49 -77 0
58 -79 90 0
-6 -58 86 0
23 -32 -68 0
-29 34 -55 0
11 -19 -74 0
18 40 73 0
-21 43 -55 0
-10 32 -73 0
53 -65 66 0
26 49 0
17 66 67 0
-6 -51 85 0
14 49 66 0
9 -78 0
68 -81 -85 0
-25 77 0
49 64 90 0
21 -37 -65 0
29 30 -44 0
-21 89 0
23 -46 55 0
48 52 0
-4 19 -21 0
-7 48 0
-25 -67 74 0
8 23 40 0
7 11 57 0
-33 -45 74 0
-5 81 0
-35 64 86 0
-21 -82 84 0
26 -44 65 0
-22 43 -92 0
-14 -36 -90 0
-7 -9 0
3 8 35 0
36 39 -68 0
-11 28 46 0
-60 70 83 0
47 63 -82 0
41 -48 53 0
-5 64 76 0
-7 18 -40 0
-20 -79 0
24 -65 -78 0
-18 47 62 0
-4 10 -52 0
-6 26 0
-72 80 -86 0
17 55 64 0
12 -31 66 0
5 43 79 0
41 61 0
-11 -12 79 0
-18 25 68 0
-23 -27 -52 0
-3 25 45 0
9 44 -77 0
70 92 0
19 -75 -84 0
-38 41 -78 0
-28 -39 72 0
25 28 66 0
9 -46 -66 0
-26 28 31 0
-28 49 -83 0
-28 66 -70 0
-40 60 -76 0
-29 -42 0
10 48 80 0
50 -69 -85 0
-5 -12 -75 0
47 -63 -65 0
-4 29 0
40 55 -66 0
-4 55 66 0
36 -53 -63 0
8 -64 -81 0
30 -35 76 0
-14 -29 -39 0
-15 16 41 0
-8 46 -84 0
-28 -49 -77 0
20 -46 -55 0
26 29 -39 0
29 -68 76 0
1 51 90 0
9 50 -72 0
48 -54 0
48 51 -63 0
40 46 51 0
-31 -70 91 0
51 57 60 0
-8 21 84 0
-28 -59 0
-24 -61 -78 0
-2 7 20 0
37 56 61 0
-46 51 -90 0
-4 6 -57 0
-12 -13 77 0
-13 -29 45 0
61 -91 0
-7 -63 -70 0
-52 55 -73 0
-51 86 0
-50 -66 83 0
2 18 0
-13 -54 82 0
-40 86 89 0
-6 -76 -92 0
-31 33 -44 0
-47 -61 75 0
-12 20 -69 0
-16 -29 -44 0
44 75 -77 0
25 49 -91 0
5 -33 43 0
20 70 -76 0
-7 73 -87 0
-11 -33 55 0
-17 67 -72 0
-11 -12 14 0
-30 63 0
-15 -22 87 0
34 43 81 0
8 -15 19 0
-10 31 83 0
-11 70 0
-5 -25 -33 0
35 -75 0
-10 16 -21 0
-6 29 82 0
-15 -54 -87 0
30 -38 50 0
-7 42 0
18 -47 0
28 -57 -79 0
4 50 59 0
38 -39 -46 0
-5 7 12 0
-5 33 -40 0
-11 55 78 0
18 57 -62 0
21 -89 91 0
-13 63 64 0
-26 35 0
9 -24 -33 0
12 24 53 0
-22 56 76 0
-20 -44 67 0
62 -65 73 0
-5 18 83 0
45 -63 0
6 19 -81 0
-45 51 55 0
81 -83 89 0
15 -37 63 0
42 -45 -67 0
-74 -90 0
-9 55 80 0
30 -90 0
53 67 -70 0
32 40 73 0
24 29 88 0
-37 64 80 0
-1 -27 84 0
60 63 90 0
3 28 -31 0
-35 37 53 0
-8 69 -70 0
30 -45 -90 0
27 -43 -82 0
-26 72 78 0
-21 69 0
-23 -89 92 0
55 63 -70 0
-8 -73 -91 0
-26 -32 41 0
87 -90 0
-29 44 74 0
6 35 48 0
41 -65 70 0
-15 -88 0
31 41 -47 0
17 43 61 0
6 32 -88 0
6 42 48 0
-56 -72 74 0
-22 82 -87 0
18 61 -80 0
-3 -14 21 0
20 70 -74 0
-15 -21 31 0
-23 -36 -75 0
1 17 80 0
-20 -62 81 0
-32 52 0
1 -72 75 0
-3 -71 84 0
-12 13 -84 0
-22 -57 0
-19 -25 57 0
31 -61 -75 0
44 -45 92 0
34 -84 0
18 -27 -83 0
20 -46 59 0
20 66 -69 0
-7 -18 -90 0
71 75 0
10 13 16 0
13 -32 52 0
-14 30 -41 0
-33 60 79 0
30 -51 -74 0
-11 31 44 0
65 83 0
36 -50 -76 0
20 48 -50 0
-8 10 20 0
-38 -52 76 0
30 -47 -50 0
-39 -67 -89 0
1 -7 -18 0
-14 24 30 0
77 78 85 0
-17 -32 44 0
-40 -75 85 0
-11 -16 -44 0
-46 -67 72 0
12 -32 61 0
8 -52 -80 0
-9 -43 -46 0
21 48 -59 0
37 -50 -77 0
18 72 0
-55 59 87 0
7 -55 -84 0
6 -27 51 0
28 -54 60 0
27 -47 53 0
19 74 -84 0
-32 56 0
-15 71 73 0
1 37 88 0
-3 -58 91 0
-7 -48 74 0
51 74 81 0
18 22 0
55 -69 80 0
-31 -55 58 0
7 44 85 0
8 -42 61 0
-30 62 -86 0
49 67 89 0
-38 46 -53 0
40 72 -79 0
