p cnf 44 97
-4 -23 -37 0
-10 -23 0
-6 -7 -11 0
-5 -40 43 0
-18 35 0
-4 40 0
20 -36 -42 0
3 -43 0
31 44 0
7 14 -38 0
15 -24 0
-4 -20 26 0
-39 -42 0
-17 43 0
-20 -27 -31 0
-31 -36 0
1 10 -34 0
9 22 -35 0
6 -10 37 0
9 -17 0
-6 28 0
-13 -24 0
-16 21 -41 0
3 -24 0
-33 -40 0
10 -15 43 0
-27 29 40 0
2 -43 0
9 21 -22 0
7 -31 0
-35 40 0
-7 -22 39 0
-15 23 0
-15 36 0
-6 7 -33 0
-10 26 0
21 -27 -32 0
2 -10 -41 0
3 -31 0
-29 32 0
-3 -18 -33 0
25 -36 0
18 -40 0
-4 -10 0
7 33 0
10 -32 39 0
24 41 0
-2 8 39 0
-20 21 0
3 12 0
-32 -40 0
-9 31 0
1 -12 -39 0
22 -39 0
-12 -33 0
-12 -13 -40 0
-12 -28 0
-6 21 41 0
-5 16 0
17 43 0
-12 -24 0
13 26 0
-14 30 0
16 23 0
-7 -18 0
22 30 42 0
21 -33 -44 0
41 -42 0
3 7 0
-14 -22 0
17 -27 0
3 -34 0
-2 -12 -43 0
-4 -26 -33 0
11 -21 0
19 -40 0
-6 -17 0
4 10 13 0
15 17 33 0
11 -24 0
-21 -35 41 0
8 13 -40 0
17 21 0
14 30 0
29 -34 35 0
8 -28 0
-1 -31 38 0
6 -7 0
-35 -40 0
6 -9 0
-10 24 0
4 39 0
16 34 0
-9 10 0
-8 18 0
21 -43 0
15 16 -32 0
