p cnf 70 228
-13 -20 50 0
13 42 0
-22 52 0
-4 29 0
-16 -70 0
13 -35 -55 0
27 35 64 0
-30 -67 0
6 59 0
25 -34 -53 0
42 68 0
-54 -55 0
24 26 -54 0
38 52 0
5 -15 0
20 -66 0
12 -28 66 0
-31 35 -52 0
-11 39 -46 0
18 51 63 0
-20 -25 -67 0
33 40 -50 0
-45 52 -55 0
-36 48 0
-3 24 0
3 9 0
-38 48 63 0
-29 46 0
33 -52 0
34 41 43 0
-7 13 48 0
29 -33 40 0
21 30 46 0
30 70 0
-40 60 -61 0
-5 -27 -47 0
-10 30 0
-13 -68 0
-9 17 -62 0
5 36 -38 0
-23 30 42 0
-26 59 0
13 -33 0
-34 42 51 0
-6 22 -59 0
-51 -52 0
-7 -35 0
-45 -53 0
17 -34 0
41 69 0
-5 13 -25 0
-19 48 -65 0
23 -69 0
-19 24 -26 0
18 -34 -40 0
31 36 -70 0
7 -18 -20 0
-8 -18 -30 0
-14 55 0
-22 27 -57 0
39 -53 0
-43 60 0
19 30 0
-4 -56 -62 0
19 39 57 0
61 62 0
27 -49 -66 0
-39 -62 0
4 -31 0
-28 67 0
31 35 -60 0
-4 -16 38 0
-2 -70 0
-22 -55 -67 0
-5 40 0
15 17 -55 0
8 51 -62 0
-38 54 57 0
25 35 68 0
5 -29 0
-3 15 0
35 49 0
8 13 0
-16 -54 57 0
44 62 63 0
-11 42 54 0
-18 40 0
26 54 0
43 49 -70 0
-9 -19 28 0
7 -29 48 0
-12 50 0
22 -28 -53 0
9 29 -44 0
54 60 -67 0
-2 6 -11 0
-10 31 0
-52 69 0
-20 53 -68 0
51 -62 0
18 -41 69 0
-2 33 0
-33 40 -45 0
3 -59 -66 0
10 -15 -29 0
-1 5 0
-24 -45 56 0
-13 -18 0
-19 43 60 0
40 47 56 0
-51 57 67 0
4 26 0
-7 38 -44 0
-16 -50 -66 0
23 39 -56 0
25 -52 0
-35 58 -68 0
8 46 62 0
-5 -11 0
56 61 0
-41 -44 -65 0
-1 -6 40 0
34 60 0
40 67 0
-7 33 49 0
24 65 66 0
8 12 47 0
19 37 -49 0
1 -27 0
-6 64 0
-14 46 0
-1 13 -22 0
25 61 0
4 -15 18 0
-16 -18 0
49 67 0
6 -14 46 0
-29 65 0
-13 26 64 0
-8 37 60 0
-5 56 0
46 52 -63 0
-5 -14 45 0
40 54 0
51 -63 0
9 -23 -25 0
61 67 0
-18 -26 27 0
-34 -65 0
39 68 0
-1 22 28 0
-4 12 0
11 30 -48 0
2 11 0
-25 -56 66 0
-44 48 0
15 56 58 0
-10 -47 69 0
-25 -48 -65 0
32 -58 0
-35 58 0
-27 -61 -69 0
-5 -10 -47 0
-2 11 30 0
22 55 0
7 68 0
9 -65 0
-14 -24 -39 0
30 59 64 0
-6 37 52 0
-38 42 0
-29 32 34 0
-26 55 60 0
-16 -29 -61 0
18 -36 -44 0
-38 -41 67 0
16 -48 65 0
-13 37 0
-19 -52 57 0
-28 -45 0
16 -23 54 0
-10 18 0
-5 6 12 0
27 56 64 0
9 -62 69 0
4 7 -53 0
25 32 33 0
13 63 67 0
-18 56 0
25 54 0
-40 57 -65 0
-6 -48 0
6 -52 60 0
27 42 -53 0
22 34 0
15 -19 68 0
7 -43 45 0
2 -31 -58 0
-66 68 -69 0
-27 -55 0
28 31 0
-13 56 0
1 -27 56 0
12 42 45 0
-35 38 62 0
-8 -15 32 0
9 17 47 0
-22 24 52 0
2 43 0
2 50 -59 0
39 -46 0
-1 -5 -16 0
-17 65 70 0
-11 -31 0
-2 -3 -28 0
12 53 0
-10 -18 36 0
-28 -48 69 0
-6 -30 -47 0
17 54 0
-35 -49 0
-10 41 67 0
19 20 22 0
-17 69 0
11 -22 38 0
15 -68 0
37 -48 51 0
2 -4 -31 0
