p cnf 70 221
5 42 -50 0
-25 31 57 0
6 21 -41 0
10 14 -57 0
1 51 57 0
-5 17 0
-38 -51 0
-44 -47 -61 0
-9 61 0
-34 -41 -56 0
48 -57 0
6 20 0
30 45 46 0
21 40 0
34 -36 49 0
-20 55 0
-44 60 0
-17 27 -68 0
32 -35 0
8 56 68 0
12 -42 45 0
-11 46 -64 0
-23 43 -51 0
39 49 0
15 -17 39 0
-19 42 -46 0
23 35 -39 0
18 -46 0
3 11 0
-11 44 56 0
-21 57 -68 0
12 42 43 0
5 -39 54 0
-12 -19 -20 0
-14 -62 0
-5 26 0
-46 63 0
51 -53 0
35 56 0
-9 -56 62 0
7 57 -63 0
1 -39 67 0
7 -70 0
-17 -54 0
-10 -15 61 0
-11 -15 0
-38 45 -56 0
-6 30 -59 0
2 -37 52 0
-28 -63 -64 0
6 -44 -69 0
-7 -30 -63 0
29 -38 -39 0
-29 38 66 0
8 -45 55 0
27 38 -64 0
-7 24 -34 0
-3 -62 0
-4 13 -41 0
17 28 66 0
33 -63 0
-5 17 0
29 42 0
13 24 0
-35 37 44 0
-33 43 0
24 27 0
24 38 65 0
-20 -24 -43 0
-42 -54 0
32 -33 -51 0
35 -70 0
8 19 0
4 -8 -27 0
-57 -60 -63 0
15 23 -55 0
6 -9 0
15 -42 62 0
49 -64 0
-55 60 0
-7 38 61 0
-28 -54 68 0
-27 -35 -37 0
19 -47 56 0
-21 -26 0
-4 14 -53 0
-33 49 0
-13 -18 30 0
-18 -61 63 0
12 -37 -48 0
-11 -60 0
-26 -66 -70 0
-23 40 0
-2 41 0
11 27 -64 0
17 43 -61 0
-6 16 34 0
-20 53 0
16 -67 0
-23 41 60 0
-47 69 0
-10 17 -69 0
-27 -34 -64 0
-6 -11 -12 0
1 42 -46 0
-6 44 55 0
13 28 0
54 64 0
-59 68 0
10 -63 0
8 -31 32 0
-10 -43 0
10 32 66 0
-37 -49 -53 0
17 65 0
-29 -58 -67 0
55 67 0
19 27 -28 0
11 47 0
-20 21 52 0
19 62 0
-15 -46 0
31 47 0
-2 -33 -47 0
-29 33 0
32 -42 -64 0
55 57 0
9 42 0
2 -13 0
-43 -57 0
-14 27 -65 0
9 -46 0
4 -60 0
-8 -13 42 0
47 -49 54 0
43 -55 -66 0
-49 -51 0
-13 -25 43 0
4 27 53 0
-15 -24 42 0
-4 -7 -28 0
-9 39 0
18 29 38 0
22 -23 0
30 64 0
1 -50 0
-24 28 40 0
13 27 -56 0
25 -34 42 0
-27 68 0
-26 49 68 0
-18 26 -43 0
57 -63 -68 0
4 15 42 0
-7 -41 53 0
-17 -39 -58 0
-10 -13 -24 0
24 -28 -70 0
7 28 -65 0
26 -39 55 0
-16 -25 68 0
5 25 0
-8 9 0
15 16 -58 0
18 -50 -60 0
-53 -62 0
-11 -39 -49 0
-28 -29 30 0
-35 41 0
12 -48 -67 0
-9 52 -57 0
-12 -57 0
-19 21 0
36 -49 -58 0
29 -39 0
11 -12 20 0
8 23 44 0
63 -69 0
-21 -28 54 0
-11 -20 0
20 68 0
23 -27 -50 0
58 68 0
25 -45 0
37 -59 0
17 -21 -24 0
-7 47 -67 0
9 60 66 0
-10 -17 44 0
-18 52 0
5 -36 60 0
-12 63 0
1 -40 62 0
-36 -37 0
-42 -43 0
50 62 63 0
26 51 0
-11 59 0
11 -67 0
-11 24 57 0
7 14 -27 0
-41 -52 0
-19 -59 0
-11 -52 61 0
12 -29 -31 0
44 57 0
36 -51 0
-30 -43 -67 0
-28 37 -63 0
-6 -56 59 0
-10 -15 -63 0
-40 69 0
6 -7 0
12 -57 0
23 -24 0
-16 -23 24 0
10 -39 49 0
9 13 0
-21 -63 0
17 49 -64 0
30 -34 61 0
