p cnf 94 373
-63 73 75 0
-8 -58 86 0
-47 86 91 0
15 -50 0
2 37 -82 0
12 -68 71 0
-9 67 -76 0
-32 57 -83 0
54 -58 0
-15 31 -40 0
-9 15 38 0
26 45 0
81 -88 -91 0
21 22 85 0
-23 60 -88 0
47 -75 -92 0
-41 -50 -94 0
7 -27 -32 0
6 -32 34 0
-34 59 72 0
-19 -51 74 0
56 -75 -77 0
-52 -56 73 0
74 -75 0
3 8 71 0
-8 -79 -89 0
-24 -42 -47 0
-29 -53 69 0
-62 -68 -81 0
-36 -73 -78 0
-8 -50 62 0
5 -49 -66 0
-4 19 -25 0
-20 -68 69 0
14 -44 -50 0
30 86 88 0
10 48 49 0
15 23 -75 0
1 32 -91 0
-12 -55 -94 0
-7 -73 -84 0
18 23 -71 0
-1 -31 91 0
-32 57 0
-62 -81 86 0
-29 65 -90 0
-22 -42 80 0
75 77 89 0
-15 -23 68 0
-20 -33 -80 0
-16 -35 62 0
-24 42 -94 0
42 53 -73 0
13 41 -63 0
20 -36 76 0
-19 64 67 0
13 -38 -75 0
-10 62 -76 0
-13 79 0
-6 7 -56 0
-12 28 48 0
-7 41 91 0
23 58 -86 0
5 51 -66 0
5 -73 -91 0
6 -38 -71 0
61 64 -66 0
-36 44 71 0
6 80 0
13 -29 36 0
24 30 46 0
9 -85 -87 0
-10 93 0
2 52 -88 0
-3 39 68 0
-4 -36 -89 0
4 -46 0
35 -38 90 0
15 24 -82 0
9 73 76 0
-9 -11 58 0
-19 -25 -69 0
25 44 92 0
-32 -72 -87 0
42 -47 -49 0
-5 87 89 0
-4 -50 -90 0
-41 -52 -82 0
26 55 0
-37 -41 -83 0
-55 64 86 0
-5 -59 -79 0
56 -59 -94 0
-46 -64 0
44 76 0
-12 23 84 0
23 -45 0
6 26 76 0
-12 40 81 0
-35 -39 -76 0
-63 -72 -88 0
-1 -18 54 0
69 -78 -94 0
32 40 88 0
43 48 -94 0
-14 -46 66 0
23 58 -74 0
33 -42 -84 0
-3 -88 91 0
-16 60 -83 0
44 53 61 0
14 63 -78 0
-43 45 -55 0
-41 46 78 0
-2 6 42 0
11 -21 -72 0
2 -52 90 0
-30 -67 -71 0
8 -31 -62 0
-40 -48 -78 0
20 -26 46 0
-7 -26 44 0
-18 -23 54 0
-14 16 82 0
15 76 0
-33 -75 -93 0
1 -22 -85 0
-26 59 -68 0
-72 -74 -83 0
-61 69 90 0
41 -80 84 0
35 36 46 0
41 -65 68 0
41 56 80 0
35 63 -69 0
-43 74 91 0
-3 63 87 0
42 51 84 0
-9 30 51 0
7 -28 58 0
-27 -93 0
4 -10 -47 0
5 -36 -89 0
-19 26 -94 0
43 -65 71 0
-16 25 41 0
-11 17 -37 0
-16 66 -84 0
-22 33 -45 0
-8 -57 75 0
-5 -35 52 0
-18 35 41 0
1 -2 53 0
-27 -40 58 0
-1 -42 -83 0
-31 61 -64 0
-72 86 -87 0
42 -61 -81 0
-15 33 -59 0
-57 62 -85 0
36 74 0
44 47 -55 0
27 65 93 0
7 55 92 0
53 -85 88 0
23 29 -81 0
8 9 40 0
10 19 33 0
31 37 50 0
-18 -54 -70 0
64 -69 -70 0
8 20 70 0
-26 45 92 0
16 72 -87 0
2 29 79 0
-21 54 55 0
14 61 -76 0
4 52 -77 0
27 -31 -71 0
5 -13 -70 0
-25 -84 -94 0
22 61 87 0
-21 -58 -67 0
-15 -70 73 0
32 -57 91 0
34 69 0
52 62 -84 0
-40 -48 55 0
23 43 -59 0
34 52 85 0
-60 -76 -82 0
-35 -64 81 0
52 -71 0
-33 -39 -62 0
-31 -54 0
-14 33 65 0
22 41 42 0
-70 -80 -91 0
-76 85 87 0
2 51 52 0
47 81 -84 0
47 -56 -74 0
-13 86 0
17 47 57 0
-26 43 -87 0
-32 75 76 0
19 77 0
56 60 0
64 -86 88 0
34 -60 0
-48 -74 -87 0
-9 -74 94 0
-22 -31 48 0
-13 42 -87 0
6 61 89 0
-37 56 -63 0
-15 -46 -48 0
-37 70 93 0
66 70 86 0
36 -87 93 0
-50 55 86 0
-27 -55 -87 0
-6 29 79 0
14 -51 -82 0
-31 66 -91 0
10 50 -91 0
-31 65 -89 0
38 47 -90 0
47 69 72 0
43 52 -67 0
-33 62 80 0
-2 -16 -25 0
35 -41 -42 0
-27 -69 -83 0
-54 77 90 0
-67 -79 0
13 -35 44 0
-18 -26 -49 0
1 65 82 0
-12 -56 -62 0
11 -43 67 0
6 -86 -91 0
71 76 87 0
-34 -52 -92 0
66 91 93 0
1 -3 -50 0
-9 16 45 0
-37 -59 72 0
31 -45 -62 0
1 -33 46 0
-39 -49 -50 0
-48 50 78 0
-44 -50 84 0
10 -48 -76 0
-2 11 -76 0
11 -63 -90 0
21 -53 -86 0
59 -68 -73 0
1 -34 -83 0
-9 16 -71 0
44 78 81 0
-17 -87 -89 0
-40 -76 77 0
-19 43 -57 0
-4 -18 -83 0
-26 30 31 0
10 58 -75 0
-6 29 -55 0
19 -47 71 0
-40 48 -80 0
65 82 -83 0
37 -78 -89 0
-8 38 43 0
6 -52 94 0
6 -51 59 0
1 -36 94 0
2 -17 -27 0
16 31 70 0
-44 -51 -82 0
-57 -65 -73 0
-73 -81 86 0
-25 -48 75 0
24 25 60 0
10 62 -86 0
49 51 66 0
21 43 70 0
-13 76 77 0
1 26 -73 0
-20 27 35 0
18 29 51 0
22 33 -91 0
10 27 -78 0
69 -72 0
-24 56 0
16 50 54 0
10 -41 -64 0
5 34 -63 0
26 45 75 0
50 -87 0
-32 -70 -83 0
39 -58 -79 0
47 -66 88 0
7 49 63 0
37 41 -56 0
-16 42 -83 0
49 -81 0
1 -23 42 0
13 17 -25 0
3 11 45 0
-12 -48 85 0
7 -71 75 0
7 -50 82 0
30 46 49 0
-25 -44 -63 0
-7 -70 -74 0
47 55 83 0
1 38 80 0
16 47 -52 0
6 34 -66 0
24 -47 0
49 -61 81 0
-33 81 89 0
12 -34 87 0
-27 78 83 0
-60 -67 -80 0
8 47 -65 0
-8 22 -70 0
81 91 94 0
-4 -63 -74 0
23 91 93 0
-37 63 73 0
4 19 78 0
-2 -22 -25 0
2 -12 -76 0
-21 24 -25 0
-44 88 -93 0
39 -59 -83 0
-14 -27 -74 0
29 -46 -70 0
36 -37 -76 0
34 -55 92 0
-5 -53 63 0
-16 -39 76 0
-29 44 -81 0
-7 20 -40 0
-6 14 19 0
42 -71 87 0
26 74 82 0
19 47 89 0
-41 51 -86 0
39 43 -72 0
-18 65 93 0
-27 -61 90 0
14 17 -35 0
-31 -84 87 0
-54 -63 -88 0
-62 -68 -94 0
-5 44 52 0
-9 39 -71 0
11 27 -73 0
-51 69 78 0
-13 46 48 0
24 -56 82 0
-26 33 73 0
-1 -3 -72 0
-33 64 -74 0
-36 47 -85 0
-29 -47 72 0
-3 25 -26 0
-21 -29 -84 0
18 55 -60 0
56 -66 -72 0
22 -64 73 0
