p cnf 83 293
-65 67 0
-21 -36 51 0
23 40 80 0
-4 39 76 0
40 78 0
13 46 -78 0
-1 -25 65 0
-60 64 69 0
8 -64 67 0
56 61 -77 0
-1 19 35 0
-4 -22 -51 0
-55 71 75 0
-2 -12 -43 0
-14 -27 -77 0
-18 -61 65 0
3 57 80 0
28 -39 44 0
-13 -15 -23 0
-19 77 0
34 37 65 0
-28 39 73 0
-11 32 -43 0
2 -70 -82 0
-8 51 -61 0
43 56 -70 0
-5 61 83 0
3 -46 53 0
3 -49 75 0
-23 42 0
6 26 -35 0
-6 45 69 0
-32 -33 0
-37 -51 54 0
11 50 -53 0
9 77 0
-41 -69 76 0
9 39 48 0
33 -44 0
-43 -60 -73 0
-20 -30 -78 0
-28 -69 0
-2 56 0
-13 25 -81 0
9 -15 76 0
-7 -20 -83 0
70 83 0
37 45 -60 0
3 -48 71 0
16 -40 -67 0
-29 -32 0
20 41 70 0
-11 56 -61 0
46 64 0
8 35 52 0
1 -51 -56 0
15 -33 34 0
64 69 -75 0
-9 80 0
32 54 -55 0
-14 -56 0
18 61 0
65 -81 0
-34 -47 51 0
-16 41 81 0
20 -73 76 0
58 -62 -65 0
-54 70 0
17 -64 80 0
17 -23 49 0
2 40 0
-11 14 70 0
30 48 61 0
14 -16 55 0
-34 63 -83 0
-4 20 -31 0
18 -29 -67 0
-53 61 78 0
-40 69 -83 0
-12 73 0
1 -60 0
-29 -49 0
19 42 64 0
-5 -10 33 0
-22 23 -50 0
-12 -36 -40 0
36 -58 0
-43 82 0
-18 -27 -48 0
-22 29 61 0
6 39 56 0
-4 -28 72 0
-4 -17 36 0
2 -17 -75 0
4 41 -56 0
35 -56 -79 0
-7 13 -21 0
-12 -59 82 0
72 78 0
10 -26 74 0
-14 58 62 0
39 79 0
52 -54 -73 0
62 -81 0
6 7 -14 0
-5 -47 0
-3 -12 -65 0
31 -32 -57 0
-11 -44 -54 0
18 -66 0
23 72 0
-24 -42 57 0
-4 20 62 0
-62 71 0
5 71 73 0
-5 47 -65 0
-37 -62 73 0
22 -50 -73 0
38 39 -60 0
15 57 0
9 14 0
-38 79 -83 0
28 -51 -71 0
13 54 60 0
-13 -32 -79 0
3 -5 -44 0
-1 -60 65 0
-3 33 -56 0
43 47 83 0
-19 -21 -64 0
-5 -9 58 0
-15 -44 62 0
8 20 50 0
-1 -12 32 0
1 -49 68 0
-6 -31 -68 0
-4 43 -49 0
-56 -66 67 0
20 59 70 0
-14 -61 0
-24 28 58 0
-33 -52 -68 0
7 -25 -77 0
-33 -47 51 0
25 -34 0
19 -25 29 0
-12 -69 -74 0
-8 54 0
-14 -22 72 0
-46 61 -75 0
-38 46 -55 0
34 39 72 0
-7 -49 -71 0
-9 -24 41 0
-44 -78 -83 0
12 -26 -81 0
-21 66 -69 0
-4 -13 -72 0
16 -30 69 0
6 22 -74 0
-6 -9 -28 0
-46 71 -73 0
-20 71 77 0
-39 -81 0
26 -36 -51 0
-1 -9 0
-45 -50 60 0
26 -38 0
-4 -12 79 0
1 69 0
-5 -72 83 0
58 -73 -74 0
-38 -47 -49 0
-33 38 46 0
-43 49 -78 0
49 62 0
-32 -41 -48 0
19 -55 58 0
26 -40 74 0
-15 -61 0
-23 34 -72 0
-21 25 40 0
21 -57 64 0
44 -45 56 0
-26 -51 0
-19 -38 61 0
14 -46 74 0
-23 42 0
-32 -51 -60 0
-20 50 -81 0
-10 23 0
23 -25 -49 0
5 42 46 0
-10 -13 -64 0
36 -63 -75 0
-18 -47 0
-37 39 0
32 46 0
27 76 -77 0
26 30 74 0
-2 -44 -75 0
-30 -54 -74 0
32 -33 68 0
22 -66 0
-3 65 -73 0
38 -49 60 0
15 35 72 0
-19 -27 -73 0
-15 -26 34 0
4 -63 -83 0
11 22 39 0
34 -40 52 0
3 34 75 0
9 61 -70 0
52 62 0
14 -22 43 0
3 -32 -50 0
-60 -62 0
-31 -51 -67 0
12 21 0
-37 76 0
-23 -72 -76 0
-11 28 -38 0
10 -49 -58 0
-2 -75 0
6 -45 -71 0
41 -59 0
25 -34 -49 0
17 77 -80 0
-8 -17 79 0
-19 -43 -58 0
-23 29 59 0
-7 30 41 0
-24 -55 61 0
-7 16 60 0
5 -49 0
13 19 22 0
-8 -9 -40 0
-18 -79 0
8 -13 -53 0
48 -59 -80 0
24 -32 59 0
-17 -77 0
-8 -66 0
-3 -51 -83 0
-16 20 -59 0
-10 43 62 0
-10 -28 62 0
10 11 -83 0
-23 -52 0
-17 -68 79 0
-7 20 -56 0
35 -54 0
47 73 74 0
2 70 -80 0
-17 -48 -73 0
9 29 -80 0
10 -79 -82 0
35 66 68 0
-2 3 0
17 -69 0
9 52 70 0
3 45 -79 0
6 -16 71 0
-26 -60 80 0
58 -73 77 0
-7 -25 -28 0
6 56 79 0
8 46 0
-24 -31 -80 0
-57 75 76 0
14 42 -66 0
-1 -28 45 0
-6 -28 64 0
18 -26 -78 0
2 -45 -83 0
-33 -35 0
-11 -19 -37 0
61 -71 0
-32 -59 -63 0
8 -50 82 0
-26 71 -79 0
-4 78 0
-19 -56 78 0
38 -48 0
-15 30 72 0
2 24 61 0
-37 -52 -61 0
-12 23 -78 0
-23 53 75 0
17 -37 61 0
10 -39 -69 0
12 -18 -45 0
