p cnf 95 369
-6 39 -83 0
-44 -50 60 0
31 -35 80 0
33 -82 -94 0
-2 45 67 0
41 51 92 0
9 -30 0
-50 51 57 0
-12 -82 88 0
-12 -64 89 0
-3 12 72 0
-56 77 -92 0
26 -48 -78 0
18 -83 89 0
1 -36 -83 0
-22 34 67 0
28 84 94 0
-31 39 -65 0
21 -41 83 0
-26 -55 -71 0
27 50 -85 0
20 -40 -45 0
-32 -44 64 0
-15 -25 -58 0
38 -50 80 0
48 66 78 0
46 63 -82 0
-7 12 58 0
27 54 68 0
-31 40 -57 0
65 75 88 0
-16 28 -69 0
42 84 -92 0
50 72 -90 0
10 -20 24 0
19 21 -54 0
-14 -16 -82 0
26 -53 83 0
16 66 -72 0
-7 38 83 0
50 52 -80 0
44 64 -70 0
-26 -72 74 0
25 77 84 0
11 -19 -94 0
60 -72 77 0
6 -19 47 0
-30 44 61 0
24 60 -81 0
-16 17 -75 0
51 58 84 0
-22 -59 -84 0
-33 42 0
5 58 -82 0
-59 66 75 0
-3 -5 -19 0
-22 40 41 0
41 68 87 0
-25 77 -86 0
10 46 -49 0
-13 -42 83 0
-33 -42 -65 0
47 52 0
11 47 -58 0
4 59 0
-68 -83 0
-52 -66 76 0
-21 58 80 0
-27 30 42 0
1 -31 -79 0
-35 46 75 0
-42 -45 47 0
-32 -38 -39 0
-40 -53 -83 0
48 62 71 0
-45 64 -70 0
-65 -69 -94 0
-9 -19 64 0
-20 28 -56 0
23 26 -30 0
18 34 -87 0
-32 -78 -80 0
-16 19 44 0
-4 -20 -79 0
19 -76 82 0
14 38 -67 0
11 -33 73 0
-4 -52 -76 0
-10 -14 -67 0
15 36 -56 0
-16 -28 -92 0
60 87 94 0
42 -60 0
-10 -67 -69 0
-8 -9 62 0
23 50 57 0
-13 26 78 0
2 -51 -74 0
-5 24 -83 0
42 46 -82 0
17 61 0
62 -63 75 0
7 -37 72 0
-17 -39 -86 0
-6 -66 -78 0
15 -33 45 0
11 -20 -27 0
-32 54 0
-22 -31 -74 0
38 -81 0
-18 39 -66 0
70 -83 -84 0
-76 82 0
6 -17 -54 0
-20 -27 82 0
-75 -79 -92 0
-9 -18 74 0
-59 -78 -79 0
-23 -66 85 0
-17 59 95 0
15 19 84 0
-2 -30 -40 0
45 -72 -80 0
-34 68 -95 0
4 -35 -49 0
-38 58 74 0
54 -58 -65 0
-15 -19 -85 0
-15 17 -76 0
40 53 -54 0
-24 -49 89 0
25 60 -78 0
-61 -62 -92 0
-15 34 -83 0
28 33 -55 0
33 53 92 0
-43 64 92 0
30 -33 52 0
-15 -23 27 0
3 -18 -55 0
21 76 88 0
1 20 36 0
52 -63 76 0
-29 -82 89 0
27 -54 58 0
-10 -42 50 0
-19 -72 79 0
-14 -39 -45 0
11 -44 -84 0
5 12 -75 0
-47 65 -80 0
-1 21 71 0
-29 -82 89 0
-3 16 -62 0
-4 45 93 0
31 -52 -56 0
2 -10 81 0
6 19 -28 0
-12 -15 49 0
-50 -51 -66 0
19 -32 70 0
4 -10 44 0
10 17 43 0
15 -26 62 0
44 -78 88 0
-17 74 91 0
1 49 88 0
14 -73 -77 0
-29 -34 -42 0
18 -42 91 0
31 68 69 0
-17 -21 -47 0
32 -70 0
-45 58 66 0
-32 -38 49 0
5 10 -52 0
47 83 0
-3 -14 79 0
-21 37 -75 0
23 -27 -28 0
5 52 -55 0
25 -62 -85 0
52 -61 85 0
-28 76 -95 0
8 21 95 0
-57 60 -93 0
14 88 -89 0
32 -56 -94 0
-8 22 26 0
-40 61 80 0
-34 69 -77 0
12 -40 -67 0
-78 -80 -86 0
6 53 76 0
-18 -28 -40 0
-50 -78 0
-29 -46 80 0
36 -57 69 0
12 45 75 0
52 -59 -85 0
24 -25 27 0
-3 -15 85 0
2 -17 -21 0
-3 12 54 0
18 -64 77 0
-15 31 59 0
-26 -32 -38 0
-26 46 -47 0
-61 -74 0
-2 27 91 0
1 43 64 0
52 89 -93 0
63 -71 -88 0
-59 -69 -72 0
-6 -44 94 0
-21 32 -94 0
31 54 -80 0
22 -42 -58 0
-34 53 -75 0
-12 29 -87 0
27 28 -72 0
-31 79 -93 0
-3 -15 54 0
42 -57 86 0
-35 60 0
23 -54 -63 0
-8 -50 -82 0
8 77 -95 0
8 45 -75 0
14 -18 -87 0
-16 -42 55 0
-35 64 -73 0
-53 -54 60 0
6 25 -88 0
24 45 -66 0
-1 -4 47 0
82 -87 94 0
-2 -7 13 0
9 -72 89 0
-54 -62 0
-39 41 45 0
28 -32 0
35 -46 64 0
-11 -25 81 0
10 -25 -56 0
-1 20 71 0
-40 -46 75 0
4 20 0
-31 -32 -95 0
15 -24 -47 0
41 -43 -76 0
9 83 87 0
-9 -26 -84 0
49 52 -89 0
21 -34 92 0
10 -42 0
-12 54 -90 0
-37 -52 0
44 -71 -85 0
49 63 82 0
7 36 -58 0
2 14 -52 0
19 65 67 0
-1 57 91 0
8 10 -90 0
6 46 71 0
-13 38 -58 0
30 52 79 0
41 -65 0
-5 -17 29 0
-17 -30 -94 0
-34 39 -68 0
-24 -46 61 0
-13 36 -76 0
43 68 94 0
-14 -72 90 0
-5 11 0
-16 -23 -57 0
-23 -36 67 0
18 26 -33 0
56 57 80 0
9 14 32 0
-8 79 84 0
54 -81 82 0
57 76 91 0
5 60 92 0
25 32 58 0
-7 61 64 0
-22 -50 66 0
7 49 -89 0
22 75 91 0
-44 -68 -82 0
22 29 -57 0
-1 42 -79 0
-11 -35 73 0
6 -61 79 0
-28 -31 -94 0
2 48 0
-69 -87 0
12 39 50 0
68 -95 0
27 39 51 0
-18 -19 30 0
-60 83 84 0
-36 -74 90 0
-3 -6 -37 0
28 -49 -87 0
75 -79 -93 0
6 33 -39 0
-43 64 -75 0
15 -19 42 0
39 -57 0
21 30 -62 0
18 -86 93 0
-4 -74 0
-16 52 -69 0
11 16 41 0
4 -38 -62 0
-27 46 -74 0
-14 -40 67 0
-8 48 83 0
-12 58 73 0
-6 -35 57 0
-17 25 46 0
-23 -27 -42 0
-19 -43 -45 0
24 56 -94 0
-32 -70 72 0
6 -49 70 0
20 21 -56 0
-33 64 -71 0
-35 75 -82 0
78 -85 -91 0
-41 47 73 0
-1 38 46 0
55 -86 95 0
-69 -94 0
-12 -22 34 0
23 24 88 0
5 58 -61 0
-10 38 -42 0
14 38 0
21 -59 -68 0
-71 73 95 0
16 -60 -75 0
-44 -64 86 0
13 58 -63 0
17 49 77 0
-34 53 64 0
8 28 77 0
-48 56 63 0
20 -86 95 0
-48 68 -71 0
68 -75 76 0
16 -65 -76 0
15 44 -94 0
9 -34 89 0
18 46 85 0
19 -73 -84 0
-6 20 49 0
4 -5 -78 0
-10 56 -86 0
20 68 -89 0
-30 -35 -60 0
7 -21 -82 0
-50 -51 54 0
64 -69 -71 0
35 41 59 0
-35 57 -71 0
