p cnf 86 318
32 43 -60 0
-56 62 63 0
20 82 0
6 12 -75 0
38 47 72 0
46 -61 71 0
-8 50 60 0
21 28 38 0
-55 67 0
64 67 -84 0
2 18 73 0
37 -81 84 0
-9 -19 -78 0
-55 57 60 0
25 71 -83 0
5 -28 53 0
4 -16 -29 0
-6 -50 0
44 -46 -47 0
-22 37 -49 0
29 41 -63 0
1 -3 0
-31 -56 58 0
1 -62 -73 0
25 -56 0
28 -33 57 0
40 52 0
-29 81 84 0
-33 -48 -69 0
11 26 -60 0
-17 -51 75 0
-13 -84 -85 0
-53 -74 0
24 -48 76 0
-6 9 48 0
47 -49 72 0
-4 17 -49 0
-53 67 85 0
3 -58 80 0
34 77 0
-31 -66 0
19 -31 49 0
-20 52 56 0
-38 -44 50 0
19 28 0
32 52 -70 0
-21 -26 78 0
18 24 34 0
-5 -6 -80 0
5 -22 0
10 22 65 0
-37 59 -68 0
-24 -41 -67 0
58 -66 0
-7 -51 74 0
5 -13 84 0
-66 72 0
22 -25 60 0
2 -10 11 0
-12 -42 0
-19 26 34 0
-31 41 -74 0
3 -22 0
-7 -58 -63 0
17 51 -73 0
7 20 -53 0
-43 60 79 0
5 32 -50 0
59 -75 0
30 -73 -81 0
1 -66 73 0
-60 -77 0
-7 -15 41 0
-17 36 -50 0
-21 61 86 0
-38 49 62 0
-20 36 -40 0
-12 32 47 0
-9 17 -26 0
9 -24 62 0
-40 53 59 0
-10 -52 -63 0
-25 43 -71 0
-21 22 -85 0
45 -65 -83 0
-16 -34 0
-9 57 -76 0
-23 29 -54 0
22 35 51 0
29 78 -80 0
15 -47 -50 0
-9 -13 -86 0
7 45 0
12 -73 -84 0
9 -78 0
-4 -59 -76 0
40 -45 83 0
-1 -48 -52 0
-20 42 84 0
1 -59 75 0
-55 66 71 0
-34 -57 58 0
19 36 0
32 39 -78 0
-37 62 -68 0
21 74 78 0
12 30 -78 0
29 -59 0
-7 22 -79 0
-33 -36 58 0
-8 11 0
-55 81 -85 0
7 -30 68 0
31 34 64 0
8 52 69 0
-16 21 39 0
48 -57 -61 0
-18 63 81 0
20 70 74 0
-25 -35 -60 0
15 -65 -70 0
24 -39 -55 0
6 -36 50 0
43 57 61 0
12 -31 69 0
-58 60 0
-55 78 81 0
-6 14 -20 0
3 6 -51 0
26 -45 -81 0
-16 73 0
-20 -74 0
50 -51 75 0
68 81 0
3 -30 -67 0
-23 30 69 0
42 43 60 0
69 -70 -84 0
6 -9 -15 0
-29 -32 -74 0
32 -73 -78 0
-13 -44 75 0
-4 38 -44 0
33 45 -82 0
-10 15 -83 0
-29 -37 0
-34 38 -84 0
52 -59 0
35 66 -79 0
-19 -23 -58 0
8 22 0
-8 50 -72 0
35 -52 75 0
-1 28 32 0
36 -57 -86 0
57 -65 0
20 24 70 0
-22 40 64 0
-3 -33 57 0
2 61 0
-34 -61 80 0
6 12 -85 0
-12 27 52 0
-4 58 86 0
36 -38 58 0
-11 -30 86 0
-1 -3 34 0
39 49 55 0
29 61 0
-1 22 0
-12 -14 -30 0
16 23 82 0
8 50 79 0
-4 16 -69 0
15 -22 -40 0
-2 26 66 0
4 -15 -21 0
19 -32 68 0
22 -50 60 0
-11 -39 46 0
5 9 -59 0
-2 12 42 0
-7 -25 83 0
15 -47 59 0
-58 67 0
-32 -52 77 0
1 -23 0
9 -36 -66 0
-28 37 80 0
-18 45 58 0
34 46 -58 0
-14 -65 0
16 -51 -58 0
-32 51 72 0
7 41 61 0
14 -25 53 0
-4 37 60 0
2 -65 69 0
9 -62 0
17 -86 0
-12 67 83 0
-16 48 0
-4 18 62 0
15 -34 0
8 -10 22 0
1 11 -73 0
-3 13 68 0
4 49 -71 0
14 33 0
48 81 82 0
-34 77 0
-12 -30 35 0
6 24 45 0
-56 64 -77 0
6 -39 40 0
69 -71 81 0
2 -32 -63 0
3 27 53 0
-49 58 72 0
-33 -34 37 0
-30 -41 48 0
26 -61 0
21 27 0
-9 -35 77 0
-14 63 -69 0
-5 -54 0
26 40 65 0
21 -38 43 0
9 -11 29 0
-2 20 67 0
-14 -30 -47 0
-2 -38 85 0
-21 38 82 0
1 -45 77 0
27 40 71 0
-3 21 0
60 75 -79 0
-23 73 0
-59 -81 0
15 34 -65 0
-5 8 76 0
12 48 -62 0
9 78 79 0
35 -50 -60 0
32 -78 -80 0
34 -44 0
-26 52 -72 0
14 -21 76 0
-44 66 0
-10 20 -70 0
9 -23 -61 0
-32 47 62 0
-31 -40 49 0
22 -64 0
-6 24 -37 0
-38 -74 0
11 -30 85 0
1 26 77 0
31 50 -58 0
8 -43 52 0
12 -33 0
45 51 68 0
22 65 -81 0
5 65 0
-9 58 78 0
10 13 -70 0
-29 67 0
6 -47 74 0
-1 55 -61 0
-26 60 80 0
15 -35 86 0
-1 -14 -68 0
-32 40 -47 0
-7 16 0
-58 74 -85 0
-11 -28 42 0
6 -13 -27 0
42 55 72 0
-11 -82 0
9 15 -35 0
-4 -5 -71 0
-5 -51 -66 0
-8 -26 67 0
-31 34 -79 0
-22 -53 -61 0
10 -11 56 0
4 -35 -36 0
-29 53 -80 0
-29 -72 86 0
-27 -34 79 0
-16 -52 -67 0
-34 -37 66 0
27 57 78 0
51 -55 0
-33 -65 0
4 48 -80 0
29 61 62 0
36 64 83 0
-17 -51 0
-61 73 0
1 7 -84 0
25 42 -43 0
-34 62 68 0
-5 -7 -44 0
21 37 -78 0
9 84 0
1 27 0
14 -54 -80 0
2 27 -78 0
-28 51 -70 0
-3 -51 66 0
-10 -13 20 0
-3 -47 66 0
25 42 0
-5 34 49 0
-10 32 72 0
-40 -67 -68 0
-19 28 69 0
