p cnf 79 276
31 64 -71 0
8 -24 0
33 -37 0
18 53 -76 0
-57 72 -76 0
22 -47 0
-6 32 -73 0
-16 38 -52 0
28 -76 0
-45 49 0
25 26 -36 0
18 51 -74 0
8 -23 0
3 -30 -34 0
-46 -47 66 0
36 39 0
23 -66 0
-14 65 -74 0
19 20 51 0
21 -26 0
10 22 0
19 37 58 0
5 -8 -13 0
4 -16 53 0
16 20 -32 0
-18 27 -32 0
37 -52 0
-61 -65 0
9 -54 0
-52 65 0
13 -44 0
-1 -14 -25 0
-55 -66 0
48 -69 0
-61 62 0
-4 46 0
-16 25 -62 0
32 45 62 0
-58 65 0
-19 69 0
28 -63 75 0
-6 -15 -44 0
8 -10 22 0
35 50 67 0
-24 -48 -55 0
-14 -20 39 0
57 -64 0
33 61 77 0
7 23 38 0
-27 66 0
-10 -70 0
14 -23 0
36 66 76 0
25 64 70 0
-23 31 32 0
-23 -54 -74 0
10 -46 -51 0
28 43 -61 0
-6 -8 56 0
-1 3 6 0
35 -38 -68 0
52 78 0
13 48 0
-3 -34 0
-5 22 0
40 -43 -69 0
46 -56 0
9 30 -69 0
34 54 -76 0
-17 -20 -57 0
24 35 -41 0
-33 -34 -68 0
-28 67 -75 0
-23 38 69 0
15 -59 67 0
-11 68 73 0
19 24 -32 0
26 33 78 0
8 -53 57 0
-13 -32 0
-9 -54 -56 0
-32 -57 77 0
-28 42 -57 0
23 29 -76 0
3 -12 -35 0
-23 38 41 0
56 72 0
47 -71 0
20 -23 -38 0
2 37 69 0
-26 -53 0
-3 -59 64 0
-14 -43 -64 0
21 -22 24 0
41 -64 0
-7 -60 -68 0
17 49 50 0
1 -44 -74 0
56 57 -62 0
-10 -14 -30 0
36 -56 0
14 26 59 0
-9 23 -63 0
-10 -27 55 0
-9 -18 0
13 -52 -55 0
19 -23 -76 0
-3 62 0
26 -66 0
14 -28 -53 0
-5 -46 0
45 -47 0
-15 16 -28 0
45 -57 0
-10 -36 -78 0
-73 78 0
21 -36 76 0
-55 74 0
3 56 60 0
-37 57 58 0
8 15 18 0
44 -61 78 0
-7 25 -46 0
12 -22 -74 0
-68 70 0
2 -5 38 0
34 -41 0
-12 57 74 0
-58 -64 0
-59 -78 0
33 63 -68 0
-26 -28 67 0
-3 58 66 0
13 42 0
-4 11 -66 0
29 57 65 0
17 36 43 0
-41 -50 66 0
51 -56 -73 0
-43 -62 -79 0
39 -45 -73 0
-6 27 0
20 -26 -34 0
22 -79 0
-37 -58 -75 0
-55 60 70 0
-41 68 77 0
2 19 -69 0
-27 49 0
49 56 0
60 68 -72 0
25 -47 -71 0
18 -26 -74 0
24 -68 0
-42 -63 -75 0
-35 -61 68 0
-47 78 0
-33 -39 -75 0
-10 61 0
6 -7 9 0
-24 -42 0
8 -27 0
-14 -65 67 0
26 37 41 0
16 -37 0
-19 57 58 0
-8 13 0
8 -21 -75 0
-35 -72 0
38 40 59 0
-19 -60 0
4 -28 0
8 62 0
50 52 79 0
10 14 24 0
-17 -19 0
29 -45 0
-52 -68 -75 0
-9 -47 -67 0
-31 77 0
-44 -67 0
-4 -49 0
28 61 70 0
-1 -31 38 0
2 9 72 0
-18 37 0
-31 -59 77 0
-27 -31 67 0
4 -16 78 0
-5 -23 0
-5 -56 -78 0
-22 -23 31 0
-28 57 68 0
-4 42 0
-46 -56 60 0
-10 44 -62 0
5 -52 0
7 21 28 0
-24 -32 -78 0
22 -31 0
-6 18 74 0
45 46 49 0
-22 -48 52 0
20 -22 -46 0
26 55 -65 0
-23 -51 0
-9 34 50 0
-1 39 42 0
5 10 -45 0
26 -67 0
5 26 0
-13 31 77 0
-24 57 -79 0
-6 -19 57 0
-29 -58 -60 0
-15 22 0
3 -46 -71 0
-4 -66 77 0
-9 -77 0
49 63 76 0
-15 -33 0
16 -17 -73 0
26 73 0
-60 74 0
-32 -33 0
-16 56 0
-20 33 0
-1 4 63 0
1 -8 -52 0
5 50 -67 0
-39 -62 79 0
50 75 0
-19 38 76 0
-5 -73 -78 0
-9 49 -63 0
30 47 -62 0
-8 52 0
-32 -56 0
66 -79 0
-7 -19 -73 0
-15 27 0
15 -51 61 0
15 40 -43 0
-6 -75 0
-27 55 63 0
59 76 0
-5 -10 74 0
-30 -44 -55 0
56 -59 0
-26 -29 -51 0
8 -11 -47 0
3 -21 -59 0
-8 -19 77 0
14 26 -47 0
46 -72 0
-34 72 0
-12 -23 -25 0
-34 35 71 0
-8 -16 0
2 35 -37 0
40 52 -74 0
45 -73 0
13 -28 -72 0
-6 -51 -59 0
-1 -26 -28 0
2 31 62 0
18 46 76 0
-20 52 0
-23 39 -59 0
7 10 74 0
-17 -28 -75 0
-21 23 0
-18 -68 76 0
-54 56 -71 0
-31 -35 -71 0
-35 51 74 0
