p cnf 89 338
4 -22 -32 0
-8 -17 26 0
-18 -45 63 0
11 13 -37 0
-9 -24 -85 0
38 -64 -69 0
-3 61 70 0
-13 24 52 0
4 77 0
-37 -40 -76 0
15 -28 41 0
-65 -86 87 0
-34 67 73 0
-27 -35 0
53 -66 78 0
10 35 39 0
-42 57 73 0
-1 -33 -39 0
35 55 -58 0
3 -66 0
-21 37 78 0
-57 79 86 0
-4 -10 -68 0
-3 -42 -56 0
19 -32 79 0
7 11 65 0
-12 19 44 0
-36 -47 78 0
-14 -27 -43 0
-28 46 -67 0
9 22 -69 0
-14 -22 -85 0
-19 -43 59 0
-37 -42 86 0
1 -39 -45 0
1 40 -43 0
1 61 -87 0
-5 -44 0
-38 83 0
31 67 79 0
13 33 42 0
-16 46 -57 0
-49 -51 70 0
-5 -45 53 0
-42 -46 53 0
20 39 54 0
-2 3 -14 0
-30 -35 -36 0
-12 -57 0
14 52 62 0
-49 -57 -77 0
-7 -24 63 0
-39 -84 0
11 25 45 0
42 -74 82 0
28 -44 0
-70 76 0
8 -21 -71 0
-12 -23 -41 0
-7 -60 80 0
-17 -52 -66 0
-59 84 0
45 61 66 0
-20 76 0
2 -13 27 0
34 39 -57 0
-22 -26 -52 0
-6 -79 80 0
-22 -46 57 0
39 -70 0
-34 77 -82 0
-48 -71 -83 0
-56 -66 89 0
1 -63 86 0
-47 -48 0
33 -75 80 0
2 65 76 0
25 -83 84 0
29 49 69 0
-43 -50 64 0
11 42 0
2 -4 73 0
-33 -34 50 0
-16 31 72 0
13 57 -78 0
44 46 -57 0
-4 55 -75 0
-56 67 0
15 -27 -59 0
-42 -55 -69 0
-33 50 0
-59 -69 70 0
-34 43 70 0
-2 -13 -56 0
-41 74 -77 0
18 40 -63 0
10 43 0
-64 73 0
3 76 -80 0
-18 39 88 0
-14 52 0
-9 -66 -85 0
-67 -83 0
-31 64 -81 0
-35 -49 -89 0
-4 -69 -77 0
6 71 -74 0
-2 -38 -60 0
-19 57 62 0
-12 -84 88 0
-11 23 32 0
28 44 81 0
-1 9 -18 0
-46 -71 0
-7 29 37 0
-38 47 64 0
25 -48 -52 0
-39 -70 -77 0
-6 -35 81 0
-4 32 -58 0
1 -34 0
-34 79 -88 0
32 68 0
-25 26 -27 0
1 -14 -83 0
10 -22 85 0
-21 58 -78 0
68 -71 72 0
20 -42 -70 0
69 71 -86 0
-62 -77 0
-46 -70 71 0
-5 50 -53 0
32 38 -64 0
-46 50 -82 0
-70 80 -84 0
50 56 -84 0
37 -40 -87 0
-7 50 85 0
16 50 -65 0
6 -12 66 0
-24 44 68 0
-49 -87 0
39 -65 0
11 71 -81 0
-7 -83 -85 0
-54 78 -79 0
21 56 -82 0
54 -65 -74 0
2 22 24 0
-29 53 -59 0
-22 -36 75 0
32 -41 -69 0
15 -27 -46 0
15 74 -80 0
-49 63 -80 0
-45 66 0
10 -42 0
38 -46 83 0
-4 -45 77 0
-27 -56 -78 0
60 -87 0
4 -25 33 0
-6 -40 -74 0
-18 58 89 0
1 32 -33 0
12 30 31 0
-4 27 60 0
10 40 0
-7 14 -83 0
60 79 89 0
-47 64 -73 0
-28 32 -38 0
1 -42 44 0
23 51 85 0
23 32 0
51 -58 -87 0
-9 -10 35 0
-13 -21 42 0
9 31 41 0
-1 16 -68 0
34 -55 0
-10 79 89 0
2 -14 69 0
-54 58 61 0
-44 -72 -89 0
18 -48 -82 0
63 -64 -80 0
24 -49 -54 0
37 61 0
24 -75 -78 0
-62 -72 74 0
63 70 72 0
21 -33 88 0
27 -36 73 0
-66 81 0
-57 -72 89 0
37 44 83 0
-16 -57 71 0
24 40 -75 0
16 33 -34 0
-3 -20 -68 0
23 35 0
17 -35 69 0
61 -84 -86 0
-39 -44 -59 0
-47 -56 -83 0
-15 22 -68 0
11 -28 80 0
-46 -58 -62 0
-5 29 48 0
-27 -69 -70 0
6 -31 -61 0
-45 -50 66 0
33 37 44 0
1 48 68 0
16 71 -82 0
21 83 85 0
-40 45 82 0
-24 -40 -44 0
50 -67 0
-10 76 89 0
51 55 79 0
22 -46 -81 0
-3 17 26 0
7 38 81 0
23 -81 84 0
30 58 65 0
33 -69 71 0
24 -57 79 0
3 -72 80 0
38 50 -68 0
25 70 -81 0
-3 12 -36 0
22 24 46 0
-40 41 -85 0
3 48 -62 0
-5 14 -30 0
70 -87 -89 0
6 63 -85 0
-39 -58 -74 0
42 -47 55 0
33 45 -61 0
1 -85 0
-1 -16 40 0
-41 -53 -81 0
31 34 50 0
8 15 19 0
-20 -49 60 0
-9 -11 0
40 72 0
-11 60 0
23 -27 65 0
10 -51 82 0
32 -49 -72 0
37 52 88 0
-54 62 -82 0
-42 -53 0
-24 77 88 0
4 -41 0
37 -59 -71 0
-17 41 -43 0
34 46 -55 0
-16 -39 -52 0
1 57 0
20 40 -87 0
-16 25 27 0
-4 7 67 0
-16 55 0
43 60 0
-9 -43 0
9 -49 0
-46 -51 -81 0
28 68 0
-41 -45 83 0
28 -54 60 0
-47 52 0
-11 -55 0
-13 59 -70 0
13 -18 -89 0
-1 -12 35 0
-6 -60 0
3 19 -67 0
-70 83 85 0
21 -36 56 0
62 -63 0
5 8 -51 0
-2 -19 -88 0
11 -59 -84 0
19 -43 -56 0
16 -47 -68 0
2 33 -62 0
-52 -55 -86 0
37 -62 0
-21 55 -78 0
-12 18 43 0
2 -77 0
17 -54 -68 0
-32 50 61 0
-42 -65 70 0
18 31 -61 0
-9 -18 85 0
-10 -14 32 0
9 10 -45 0
46 62 -69 0
54 66 89 0
-16 46 -49 0
-1 27 -55 0
-5 -75 0
8 -24 55 0
7 22 -76 0
-10 71 87 0
31 42 -75 0
12 59 -69 0
-14 -25 -74 0
-1 -18 -36 0
-42 68 -73 0
17 29 0
-39 71 89 0
39 -61 73 0
-23 39 40 0
-32 34 57 0
-28 -34 83 0
2 -21 51 0
-18 -37 -51 0
-26 35 -54 0
-56 -59 0
-2 44 -73 0
-3 -9 39 0
27 55 -82 0
15 -45 0
-19 29 85 0
-5 -76 85 0
2 -5 0
-2 -54 -68 0
-8 -48 -55 0
-20 26 55 0
66 72 -86 0
