p cnf 86 321
2 15 -56 0
72 76 0
16 -33 -61 0
37 56 84 0
20 -41 -58 0
-26 -47 -53 0
-2 22 -61 0
50 86 0
5 -61 67 0
-34 -39 -86 0
-34 -35 -68 0
7 29 -43 0
2 -22 -51 0
-28 -84 85 0
-11 -30 41 0
5 -17 -82 0
60 -84 0
22 -42 74 0
-1 55 -79 0
40 -64 0
-54 74 -85 0
-27 -57 78 0
-3 58 79 0
29 35 0
-8 62 65 0
29 54 77 0
-4 47 86 0
-5 -34 0
15 53 -85 0
18 32 -74 0
-27 66 0
-6 -64 78 0
-20 -28 54 0
28 41 84 0
-23 46 67 0
-18 55 64 0
-50 66 0
-17 -22 57 0
-5 49 -77 0
5 21 -59 0
-19 68 -76 0
-46 -69 0
31 42 53 0
31 -33 -37 0
12 -38 -51 0
25 -68 0
51 -67 -86 0
-9 21 42 0
40 -46 -85 0
18 51 0
-5 10 -21 0
-35 -40 -48 0
18 -67 -81 0
-6 -40 0
-35 -40 45 0
-5 67 72 0
-35 60 -86 0
6 -10 -84 0
29 38 50 0
-23 35 50 0
13 21 72 0
-9 -28 0
-12 -41 -75 0
22 -45 -68 0
38 -76 83 0
7 -52 -62 0
4 -31 82 0
20 -68 69 0
-40 -66 -84 0
5 -14 47 0
-6 12 38 0
25 -54 83 0
-39 43 0
6 39 0
-28 54 -67 0
37 -60 0
-37 55 61 0
-6 -14 -74 0
-26 -83 0
-19 -61 0
-13 -14 -86 0
26 -38 0
38 -48 53 0
24 -34 -58 0
-3 48 -83 0
-13 -60 -85 0
-23 -24 33 0
-52 -65 0
3 -29 50 0
5 -24 -77 0
47 -61 78 0
-44 -72 0
16 -29 72 0
43 73 79 0
28 -32 -47 0
-27 -62 -63 0
35 40 64 0
-35 -69 83 0
-20 -39 -47 0
40 -45 66 0
22 69 0
-15 -73 -77 0
-22 64 75 0
45 -50 -81 0
-7 -9 -39 0
-16 -32 -39 0
-63 -73 0
6 -25 -85 0
-1 -31 -35 0
-71 72 -82 0
30 -36 -71 0
-19 83 0
-31 63 0
24 46 67 0
-12 46 0
22 -66 77 0
13 -17 -50 0
7 -38 -64 0
19 21 -44 0
-4 -10 25 0
-32 -68 -84 0
20 36 -38 0
-2 65 72 0
-43 75 -79 0
5 -18 79 0
6 29 -77 0
32 36 0
20 67 86 0
4 -16 30 0
13 34 0
13 24 39 0
-53 64 -73 0
30 45 -75 0
51 69 83 0
42 -76 0
25 58 -81 0
-24 34 86 0
-17 24 0
40 70 -82 0
-47 -51 -53 0
8 22 83 0
9 68 -82 0
-53 -69 70 0
53 69 80 0
-30 46 0
15 -48 -66 0
2 -11 -62 0
-50 -65 80 0
9 41 43 0
40 54 -66 0
-1 -49 -76 0
-67 73 0
24 -34 64 0
-38 -40 -69 0
-20 -42 -77 0
6 44 0
17 -57 80 0
-5 -29 -64 0
55 63 76 0
12 51 86 0
40 43 54 0
-25 48 -65 0
-20 47 84 0
-29 -66 -73 0
65 -72 78 0
35 -37 0
-38 -46 48 0
5 7 36 0
-29 -64 0
-5 -47 74 0
9 10 0
12 -19 40 0
-12 -47 -60 0
-12 -68 74 0
58 86 0
5 6 0
6 82 0
-34 47 0
-6 -22 -63 0
-11 38 85 0
24 30 -48 0
14 -24 -43 0
-38 -45 60 0
33 -41 68 0
23 -26 -84 0
8 25 36 0
20 -45 74 0
60 -78 0
-23 -53 74 0
-34 60 -64 0
-37 46 -60 0
-50 -75 86 0
-3 -12 15 0
-68 79 -81 0
-27 -52 -70 0
-18 38 0
-15 21 0
38 -82 84 0
4 -41 84 0
38 49 -70 0
2 5 41 0
31 55 -66 0
7 -38 0
28 -37 82 0
-4 15 0
22 28 -74 0
13 14 -82 0
5 -57 -76 0
-30 48 62 0
-33 46 0
-30 -69 0
24 31 -79 0
26 44 -70 0
11 17 0
-27 -72 0
-22 -84 0
-52 -55 73 0
-42 45 -51 0
4 -32 -48 0
7 -71 0
81 -85 -86 0
6 58 84 0
5 -57 -58 0
-22 63 76 0
6 13 60 0
17 21 -30 0
23 -67 70 0
16 -38 -59 0
41 54 0
51 -52 79 0
-26 42 59 0
13 -67 70 0
-6 -63 -78 0
-9 37 -84 0
-3 -15 49 0
39 -45 -66 0
41 47 -74 0
12 13 81 0
-22 49 54 0
-51 55 -76 0
-64 71 0
-1 7 -45 0
-31 49 -78 0
-8 -15 0
17 -76 -86 0
-63 -69 75 0
22 -24 37 0
8 12 -24 0
-48 -58 60 0
12 34 0
-15 31 44 0
27 29 -76 0
6 -73 0
-23 28 46 0
8 20 77 0
-9 58 62 0
-5 -28 -67 0
12 -52 0
17 30 -39 0
-8 48 -69 0
11 -16 80 0
-9 -68 70 0
-22 54 -67 0
-1 17 0
4 80 -82 0
-4 26 64 0
-58 72 0
40 72 0
-18 44 -78 0
-61 -65 70 0
9 14 0
-3 -54 0
-7 25 54 0
28 40 -50 0
38 79 0
10 -25 77 0
-34 -54 85 0
-25 -66 0
10 31 -45 0
70 -81 0
-42 44 82 0
-7 14 70 0
41 70 79 0
23 -71 79 0
20 22 77 0
35 -42 0
6 76 0
-6 29 -62 0
7 66 -78 0
-19 61 -82 0
-63 -70 -80 0
-7 24 -35 0
-20 28 -69 0
-36 -48 0
4 -49 -68 0
10 -12 56 0
9 56 -64 0
-49 58 -66 0
-3 51 56 0
-2 -3 -38 0
18 55 86 0
10 -33 53 0
7 -13 0
-50 -67 -77 0
25 -47 81 0
4 13 -35 0
37 76 85 0
-19 -40 0
-20 -63 -65 0
9 -31 49 0
52 -75 0
-28 -29 64 0
-33 -35 -51 0
28 -45 0
-15 -18 -31 0
27 -30 31 0
23 29 -32 0
4 14 53 0
-38 -81 0
-25 74 -77 0
-25 41 -84 0
