p cnf 93 357
33 42 83 0
-4 -7 -40 0
-3 4 50 0
60 -79 90 0
17 -28 34 0
-13 40 85 0
-19 -55 -70 0
10 17 0
33 76 80 0
-32 -42 0
-27 28 62 0
44 57 61 0
8 18 28 0
-69 74 -83 0
35 -38 82 0
33 -40 53 0
6 8 89 0
-4 -19 81 0
-1 -7 21 0
15 -45 90 0
-17 59 71 0
50 74 0
-10 -22 -57 0
40 -69 -77 0
-34 -38 90 0
10 82 89 0
-15 -82 -89 0
21 84 -90 0
3 -88 -91 0
-41 -79 0
46 -65 -71 0
-52 -53 -81 0
-6 34 64 0
14 -72 77 0
88 90 0
-4 36 55 0
42 53 0
41 78 -83 0
1 -88 0
-11 -72 -89 0
1 -7 34 0
-55 58 -77 0
7 -19 90 0
27 43 69 0
-46 -62 0
25 -70 -80 0
7 -59 -63 0
39 44 76 0
-24 -29 65 0
44 -66 90 0
47 -68 0
-31 86 -92 0
2 -52 64 0
-4 45 92 0
17 -22 29 0
-7 -28 -38 0
-9 16 -18 0
-5 44 -55 0
3 13 43 0
-9 -25 61 0
-32 45 60 0
5 50 75 0
37 49 71 0
-26 -35 -80 0
-31 -67 -93 0
-4 45 90 0
1 3 46 0
25 -62 -89 0
24 -77 -79 0
-23 64 92 0
-49 -72 75 0
17 32 -60 0
-2 75 0
-29 37 -91 0
-11 -64 -70 0
-7 -24 76 0
20 -64 89 0
-13 -54 80 0
-23 -87 93 0
-3 22 -55 0
-29 42 0
-30 -45 -78 0
-9 55 -89 0
11 18 86 0
66 77 78 0
13 19 40 0
10 11 33 0
4 -37 65 0
5 23 37 0
2 -42 90 0
39 68 -92 0
-12 26 0
-10 -36 0
-12 19 -45 0
2 -5 -20 0
-59 -60 92 0
4 9 50 0
46 -69 -71 0
56 -61 78 0
-24 -87 0
-36 61 -92 0
53 54 91 0
-46 65 77 0
-5 -48 79 0
22 -72 93 0
22 52 77 0
-15 25 -40 0
-25 53 90 0
-3 19 83 0
13 37 -56 0
20 36 -93 0
-13 -55 82 0
-49 57 -71 0
5 -44 86 0
21 -35 39 0
-23 -32 40 0
-49 -56 -88 0
-32 51 0
-21 51 -75 0
-40 50 90 0
-15 59 0
-14 35 -89 0
-5 13 -29 0
-3 46 75 0
-19 64 92 0
-22 28 0
-26 52 -68 0
20 -42 -43 0
9 -42 -77 0
5 29 -46 0
35 -36 88 0
-33 56 88 0
-4 -52 92 0
-27 -57 81 0
-2 -3 -68 0
72 -80 -89 0
-29 -58 -84 0
77 -80 -92 0
-40 -73 0
-41 -87 -90 0
-1 -27 0
16 46 84 0
16 -32 -74 0
-37 -57 -63 0
7 79 85 0
31 -61 0
2 -49 -80 0
39 -66 71 0
-46 -60 71 0
-1 -51 0
-13 -89 -91 0
24 -43 49 0
4 -56 -64 0
43 57 -86 0
26 54 -66 0
-35 -43 84 0
19 -44 -73 0
6 32 79 0
-13 -87 -89 0
-63 68 -72 0
-13 85 89 0
25 -43 0
5 -40 86 0
22 80 88 0
29 42 89 0
-12 -57 72 0
51 -53 56 0
1 36 -93 0
8 36 -72 0
6 72 92 0
-40 54 -80 0
-21 -31 -65 0
12 -16 75 0
64 -78 -87 0
33 -87 0
36 -39 -52 0
11 61 88 0
33 -86 92 0
-10 -71 93 0
36 38 -67 0
57 69 -73 0
39 47 -69 0
45 -91 0
-11 -82 0
48 -55 92 0
61 75 0
14 -18 -47 0
54 -61 63 0
8 16 -89 0
33 -56 -89 0
-19 -20 89 0
65 68 -76 0
5 -65 82 0
61 -75 0
5 -15 0
-11 15 -73 0
11 61 72 0
56 -58 88 0
-9 29 46 0
32 -76 92 0
2 13 25 0
-63 -83 -84 0
-9 16 0
39 43 -76 0
38 72 0
-10 46 78 0
10 36 47 0
11 -40 -57 0
-50 55 0
-13 49 74 0
-19 -56 0
54 -56 58 0
-16 51 92 0
-25 41 -51 0
38 60 0
-9 46 68 0
-51 60 -65 0
-10 -26 57 0
-29 -30 0
9 -38 71 0
-31 67 75 0
-2 4 79 0
33 -73 -90 0
-35 60 79 0
-18 70 -73 0
45 80 88 0
-17 -40 70 0
-6 -9 -71 0
19 -40 63 0
-6 21 26 0
-35 -45 0
2 54 -74 0
-27 34 92 0
-5 -43 58 0
-45 76 87 0
1 52 -55 0
43 -50 -72 0
-6 49 -75 0
-17 20 -45 0
12 68 0
16 71 0
5 -52 60 0
-23 -57 0
-4 -31 -71 0
17 -30 70 0
-58 88 0
69 78 -84 0
21 -67 70 0
63 74 -83 0
-6 -12 0
-8 24 57 0
7 -17 23 0
30 86 -93 0
-11 15 0
-5 -60 75 0
-67 81 92 0
-7 35 92 0
19 33 0
55 -67 90 0
39 -42 83 0
-24 -55 -58 0
-36 51 59 0
-27 58 -74 0
-48 57 -90 0
-1 45 -84 0
-32 34 80 0
17 63 -85 0
-7 -53 -61 0
-17 37 84 0
20 -47 -53 0
14 -49 -60 0
17 33 48 0
36 46 -75 0
44 50 54 0
31 -73 -76 0
-10 17 53 0
55 -63 -67 0
-2 46 79 0
21 -40 -46 0
-3 -54 -60 0
-4 16 63 0
-46 61 -68 0
-17 -21 0
79 88 0
32 -34 67 0
25 -43 63 0
4 -73 81 0
-34 -85 0
20 -52 79 0
-19 49 86 0
10 49 75 0
-6 -40 84 0
8 17 27 0
6 8 -33 0
-16 41 0
-24 52 71 0
-47 65 -78 0
-26 43 -44 0
27 -61 67 0
3 -10 -15 0
1 -87 -93 0
-19 28 29 0
50 52 90 0
34 -45 51 0
16 -42 -70 0
2 7 -43 0
42 48 83 0
16 -48 84 0
24 75 -85 0
4 73 -88 0
8 41 87 0
36 -49 91 0
2 25 -78 0
7 -16 -30 0
23 -43 87 0
59 63 -79 0
-65 67 74 0
-14 46 -77 0
33 -44 -48 0
18 -88 -91 0
-56 69 -77 0
-13 74 82 0
16 78 -83 0
-44 -49 82 0
81 87 0
-3 35 -44 0
49 69 0
-39 56 -63 0
-46 -62 0
-21 -27 -39 0
3 -6 37 0
11 -20 29 0
11 41 69 0
-25 79 80 0
15 65 79 0
-46 66 -72 0
-5 43 55 0
-79 80 -81 0
15 -45 -75 0
-33 74 84 0
-17 -55 88 0
24 -58 59 0
-4 84 0
-30 70 72 0
53 54 0
14 -47 -54 0
-11 45 -77 0
-12 -49 -78 0
35 77 -81 0
9 -59 -73 0
-41 -48 78 0
22 84 87 0
-7 17 23 0
-2 38 -61 0
16 -18 47 0
-9 53 -55 0
-9 48 -76 0
