p cnf 88 331
31 -62 74 0
-7 52 75 0
41 -54 55 0
33 36 -82 0
-31 -70 72 0
-18 -68 74 0
71 -80 0
-4 37 80 0
-38 -79 80 0
-13 14 60 0
23 57 0
-28 -33 0
31 -37 83 0
-27 79 84 0
29 -58 -81 0
-13 -26 0
27 -46 80 0
8 25 -69 0
-11 19 -30 0
17 -41 -83 0
-4 7 -68 0
14 18 68 0
6 12 57 0
-5 20 84 0
-1 -69 88 0
-14 19 80 0
38 -55 65 0
2 30 36 0
19 52 0
-7 40 -48 0
20 85 0
-39 70 0
8 -15 -71 0
-27 83 88 0
28 -44 63 0
23 -33 67 0
6 -16 -38 0
-3 -31 -87 0
3 11 52 0
-38 -49 -52 0
11 70 75 0
37 47 -75 0
-24 -27 77 0
-34 36 -48 0
-18 19 -22 0
74 -84 0
23 -63 72 0
-33 50 -70 0
15 -60 -81 0
-56 70 0
23 -33 -67 0
-22 50 -62 0
32 -83 86 0
-25 30 -64 0
-1 19 52 0
12 14 20 0
59 62 -75 0
18 -24 0
-1 -52 61 0
43 70 -80 0
1 -19 -53 0
-20 -87 0
-13 25 38 0
-7 19 22 0
-3 8 -24 0
-6 22 0
-63 67 -83 0
29 44 70 0
12 -50 -81 0
25 51 69 0
-1 5 -69 0
11 -77 -81 0
55 72 -85 0
8 71 -76 0
-14 87 0
25 -49 -85 0
60 -62 -78 0
55 -71 -88 0
35 -54 -66 0
-35 67 -76 0
-5 15 34 0
31 45 -86 0
-25 -45 -79 0
7 -53 -63 0
-11 73 83 0
-11 22 -65 0
-22 53 -82 0
-31 -50 -64 0
-60 65 85 0
-27 85 87 0
-2 -35 -40 0
14 -19 28 0
-48 55 59 0
76 77 -87 0
1 -9 49 0
-9 -47 0
-6 -45 0
24 -33 51 0
14 24 31 0
3 38 -65 0
13 16 -45 0
-30 69 0
38 -56 -76 0
32 -58 -84 0
-69 76 -88 0
-2 5 -21 0
13 -23 -57 0
13 -26 35 0
-36 63 -80 0
43 -66 86 0
-29 -44 53 0
65 -77 0
33 -34 -38 0
-35 41 -87 0
-9 23 -27 0
-23 82 -84 0
24 52 -69 0
16 -56 -61 0
-16 40 0
-36 -88 0
15 27 46 0
23 35 -63 0
57 -81 87 0
-6 49 0
39 80 0
10 15 34 0
40 -62 -77 0
-3 -59 -84 0
59 74 0
-20 24 53 0
17 -61 -82 0
-1 26 52 0
-3 5 86 0
2 44 82 0
41 53 -61 0
-55 69 74 0
-8 -27 64 0
-15 37 0
9 -50 0
33 -85 0
-66 -71 88 0
7 -41 -86 0
-27 44 86 0
-9 29 59 0
22 57 0
-5 -6 -13 0
-34 -76 0
-9 -52 -64 0
-19 42 66 0
-1 12 41 0
6 30 -34 0
19 -57 -70 0
8 31 -51 0
5 41 68 0
-20 75 79 0
-8 -24 0
-13 -35 -43 0
11 37 0
-13 81 0
-41 -80 0
10 18 -41 0
19 -65 -83 0
8 -51 83 0
-10 48 65 0
30 45 80 0
65 -66 77 0
19 -61 76 0
-20 35 70 0
20 50 0
-4 19 -25 0
-12 -20 -52 0
-47 -79 0
41 69 -76 0
-35 -41 -81 0
-3 -17 0
23 -38 -82 0
7 71 76 0
16 32 -71 0
35 62 75 0
-9 10 15 0
-46 -54 76 0
-23 -65 -67 0
20 61 -74 0
-14 19 -50 0
38 -52 70 0
-10 18 35 0
16 -19 -34 0
6 27 -56 0
-5 20 74 0
11 -84 -85 0
-22 62 76 0
5 25 -28 0
-5 -58 0
33 52 59 0
-41 -56 -75 0
-5 75 88 0
7 38 0
-25 51 -66 0
57 -67 -82 0
-82 -84 0
14 41 58 0
-34 65 -76 0
-4 -14 -87 0
24 -46 69 0
-5 41 68 0
10 -61 -73 0
48 -68 -80 0
-49 51 85 0
-18 22 -33 0
47 -60 77 0
-17 -34 -77 0
48 57 -82 0
-56 62 0
10 39 60 0
47 48 82 0
28 78 84 0
-11 64 86 0
-53 -68 -85 0
-4 22 -75 0
19 -77 0
-32 -43 0
15 53 54 0
45 47 0
-3 28 -34 0
-34 -40 0
-17 -33 69 0
-5 15 60 0
12 13 -24 0
-37 39 -47 0
9 -25 0
-27 56 -80 0
3 -84 0
-21 -42 0
-20 -82 84 0
12 24 -51 0
-7 20 -61 0
8 -62 80 0
-32 42 -80 0
42 65 0
16 42 -43 0
-9 29 40 0
-38 55 -73 0
-21 -26 -42 0
8 13 -36 0
23 50 52 0
9 -34 70 0
-23 47 54 0
17 58 0
-20 -39 -82 0
31 -33 46 0
13 58 62 0
24 34 51 0
32 34 -71 0
11 -12 -54 0
-20 47 -63 0
-48 -70 71 0
10 -49 0
42 -55 -88 0
76 81 0
-18 -40 80 0
-42 49 -69 0
12 -32 78 0
9 -56 77 0
11 41 55 0
-8 -25 -81 0
-2 3 0
-6 28 82 0
-73 -78 81 0
-72 -74 75 0
24 -31 0
-3 64 85 0
-41 -65 0
-16 -51 -60 0
-9 -49 -70 0
-8 -26 52 0
24 41 -46 0
-35 -37 61 0
-14 -37 -86 0
26 -70 -88 0
-23 -81 0
10 53 64 0
41 -72 -79 0
-33 -63 73 0
57 73 82 0
19 30 88 0
-9 79 0
-7 -14 -22 0
-3 17 52 0
55 -69 87 0
19 -25 29 0
23 41 -43 0
32 -47 50 0
26 -34 60 0
11 -27 -72 0
-9 -50 84 0
-3 -67 0
32 -52 85 0
14 22 62 0
17 37 67 0
5 -69 80 0
-32 -75 0
-1 70 78 0
1 8 -29 0
16 19 0
-3 37 50 0
64 82 -84 0
17 24 53 0
-64 -80 82 0
9 -13 44 0
-20 34 43 0
42 -50 -67 0
10 -33 57 0
-2 -15 23 0
4 48 68 0
18 -67 0
-1 3 -43 0
-4 -57 -82 0
7 -10 -79 0
29 35 -76 0
19 29 -33 0
2 -81 0
-19 21 0
-6 -62 80 0
3 -20 40 0
35 -38 -86 0
46 -65 84 0
20 31 66 0
-42 -50 59 0
-6 -16 0
14 -46 -67 0
-14 31 65 0
