p cnf 87 331
-8 74 -82 0
1 78 -79 0
-19 -55 69 0
27 -33 -69 0
33 -44 -58 0
-22 -32 0
37 -40 66 0
-1 -18 28 0
-6 84 -87 0
-1 -60 0
-3 -21 45 0
6 36 40 0
-48 -79 0
-26 83 0
80 -85 0
4 8 41 0
27 42 -45 0
-25 56 -86 0
-41 49 -77 0
46 53 0
51 54 -79 0
-15 -33 76 0
-41 -58 81 0
30 31 42 0
-13 82 -85 0
-25 46 57 0
-21 26 -84 0
38 39 74 0
30 31 58 0
-25 76 -82 0
-7 48 77 0
-12 63 0
-20 26 -49 0
-16 54 0
1 -24 44 0
-27 44 58 0
40 49 59 0
11 16 85 0
14 -60 -68 0
-25 81 -86 0
1 -54 61 0
19 -20 62 0
-47 -84 86 0
20 60 -69 0
35 61 78 0
21 -37 0
2 -36 -42 0
4 16 -50 0
-30 -58 80 0
51 -57 -75 0
55 -68 -74 0
26 -38 -69 0
-41 -71 -84 0
64 66 76 0
-12 -23 0
-13 -42 53 0
6 18 0
23 -44 -87 0
-13 -46 -65 0
15 19 75 0
-6 -9 -56 0
-37 73 0
18 -28 -38 0
32 -38 85 0
44 -48 -57 0
-12 15 0
1 -49 -63 0
17 -27 70 0
7 61 0
6 -67 0
-20 -58 82 0
9 -32 -68 0
-43 -45 0
27 -38 -66 0
46 -83 0
11 35 78 0
31 -36 -59 0
-29 -64 -75 0
-6 -22 -60 0
-31 -41 52 0
11 -13 32 0
-26 -34 60 0
-22 -33 79 0
-39 50 -74 0
-5 -79 0
56 58 -78 0
-68 -85 0
36 54 72 0
-28 43 -68 0
-43 59 0
-10 -61 84 0
-16 52 75 0
-6 -68 73 0
17 -68 76 0
1 -7 10 0
-32 -36 74 0
-3 83 0
-3 -43 69 0
3 33 -71 0
-74 78 84 0
11 46 50 0
3 25 -36 0
-6 57 64 0
48 68 -81 0
48 69 0
10 47 85 0
45 49 78 0
-12 81 -84 0
-9 46 65 0
5 24 -31 0
-39 -44 -45 0
18 -65 66 0
35 68 -72 0
21 69 -75 0
28 48 67 0
36 72 0
-48 73 0
11 18 -74 0
40 84 0
6 -77 -83 0
-10 -31 76 0
18 33 -40 0
7 -23 -32 0
20 -21 27 0
50 79 0
9 22 0
-22 -52 56 0
2 19 55 0
74 82 -86 0
-29 -38 0
-31 -63 -79 0
-35 -36 82 0
19 20 -29 0
-17 -25 36 0
-44 59 70 0
16 -85 0
37 47 71 0
72 -86 87 0
9 36 -79 0
23 -41 55 0
-1 63 80 0
12 35 60 0
-15 -23 -52 0
-7 -10 53 0
-22 -26 86 0
36 42 -79 0
-25 57 87 0
5 31 68 0
-37 -38 0
31 41 82 0
-20 61 -65 0
-27 -77 0
4 7 39 0
-8 19 0
-32 -55 61 0
13 -25 0
19 -29 0
38 -80 85 0
-40 -50 -56 0
71 -80 -86 0
3 21 -59 0
-43 44 0
12 -33 -82 0
-36 45 82 0
2 -20 71 0
53 -56 0
-25 44 49 0
-25 -26 85 0
5 -28 -79 0
1 3 55 0
-10 -25 0
76 80 81 0
16 62 -77 0
-48 -59 61 0
-27 47 62 0
-14 24 62 0
-12 24 -40 0
34 -73 79 0
37 52 83 0
8 14 -65 0
32 83 -84 0
-31 -38 -39 0
-40 45 -68 0
19 30 -65 0
-22 35 55 0
-26 33 -52 0
-6 -15 0
-2 68 -72 0
1 -76 -86 0
-10 53 -62 0
-3 41 46 0
-9 63 0
-82 83 87 0
16 -47 50 0
-45 47 -78 0
27 64 85 0
-4 36 -65 0
-19 -21 -54 0
-8 -44 86 0
6 -28 -41 0
14 49 -74 0
-5 29 -46 0
-10 65 87 0
32 -81 0
-34 64 -74 0
17 -32 -43 0
42 -64 0
-19 52 57 0
25 46 -87 0
-23 -36 41 0
26 -71 73 0
-73 87 0
19 67 86 0
14 21 -75 0
-36 -57 76 0
-47 -53 -76 0
-41 67 85 0
-16 -37 -82 0
-39 68 -72 0
-28 -37 80 0
-1 43 0
17 37 -58 0
-13 -14 -70 0
-25 -34 -58 0
-5 19 28 0
-11 -30 -52 0
12 -49 -73 0
41 -58 83 0
28 38 -85 0
-31 -70 85 0
-19 29 -52 0
12 -34 -83 0
-31 -56 86 0
-47 71 74 0
32 43 78 0
-21 54 -81 0
5 62 -68 0
-34 -46 0
-11 30 60 0
70 -75 0
9 -10 -12 0
13 43 53 0
-7 -27 -57 0
48 -82 -83 0
-57 58 74 0
2 -26 32 0
-5 16 72 0
-36 46 62 0
11 35 0
69 -76 0
15 27 0
-28 -36 60 0
32 -49 79 0
-52 84 -87 0
-1 62 -72 0
-45 -47 -85 0
32 -38 -58 0
6 54 0
-4 -63 76 0
-34 49 69 0
22 32 -74 0
9 -33 34 0
65 67 -85 0
30 -59 64 0
-27 61 86 0
-16 56 -81 0
7 -50 -84 0
9 -85 0
34 49 -50 0
-24 61 0
21 -68 0
15 45 53 0
24 38 71 0
-2 -16 0
-40 -68 71 0
33 -85 -87 0
39 47 62 0
9 34 0
25 58 -83 0
-6 60 71 0
-16 -30 0
-18 -21 46 0
35 74 0
31 -82 -86 0
17 41 -44 0
-4 36 -61 0
11 -24 -42 0
11 -15 57 0
-22 -49 77 0
-4 5 -32 0
-49 -66 79 0
10 50 72 0
3 -12 39 0
-4 -81 0
41 43 -65 0
29 -47 -87 0
-33 64 -71 0
-26 -31 55 0
68 69 0
-46 -51 -86 0
15 42 -54 0
-69 -72 86 0
43 -71 74 0
-32 36 -63 0
37 76 78 0
-13 -34 -79 0
41 74 87 0
-16 -19 -64 0
-38 46 65 0
34 -46 82 0
9 -52 0
11 37 0
-34 36 -70 0
25 46 0
33 -44 45 0
-1 35 -87 0
-26 -35 -74 0
20 -33 -56 0
3 50 0
9 -21 -67 0
22 -36 -59 0
41 -48 -53 0
-11 -44 -54 0
28 39 -68 0
23 84 0
-22 -68 79 0
12 44 59 0
17 -34 -45 0
3 4 59 0
-23 59 62 0
-14 -52 -77 0
