p cnf 83 298
7 -17 60 0
-29 -70 75 0
-22 32 -79 0
-32 -54 74 0
-2 4 23 0
4 25 -68 0
30 -67 82 0
49 -83 0
-13 56 63 0
-57 67 70 0
-6 -22 0
8 39 0
26 46 -73 0
46 56 0
23 -31 -52 0
-9 13 -80 0
10 21 -69 0
-15 -36 -40 0
8 -65 0
-19 -57 80 0
6 32 47 0
-37 56 72 0
13 64 -72 0
13 -15 -35 0
7 -18 37 0
-9 -66 0
12 46 -81 0
-15 -70 -74 0
-45 59 0
-46 -48 -76 0
-16 52 -63 0
14 -37 -64 0
13 -30 0
22 -74 -82 0
-40 -46 -69 0
7 -54 78 0
-20 -43 49 0
26 -48 -74 0
22 -47 -57 0
2 30 -65 0
5 -67 0
-9 36 37 0
31 41 -71 0
-40 -67 -77 0
16 23 76 0
-30 34 -37 0
3 -8 23 0
-28 32 -81 0
40 45 0
-27 -71 74 0
-28 62 0
-30 46 -66 0
7 41 -51 0
32 56 -82 0
57 -76 0
9 -74 0
-1 -39 45 0
-37 60 65 0
-5 -32 -77 0
-21 -40 -64 0
-41 -46 62 0
19 -61 -75 0
6 27 -41 0
19 -74 0
4 16 33 0
-38 41 -61 0
-60 70 73 0
-3 4 -21 0
18 41 0
-36 76 -83 0
29 -48 -81 0
-20 -45 -70 0
-35 40 0
-9 18 42 0
-21 -63 0
-26 -40 53 0
35 -44 78 0
8 -28 -69 0
29 -76 0
-13 66 -80 0
22 -35 -38 0
29 -39 -79 0
-3 -19 75 0
12 -57 -82 0
29 -67 0
36 -64 0
16 63 -77 0
-4 39 -77 0
-40 -59 -66 0
17 -66 -73 0
14 -42 0
12 -28 -83 0
-11 -41 -44 0
31 -43 -58 0
4 -9 -15 0
41 -67 0
19 57 63 0
43 -60 0
-2 -20 0
-14 15 41 0
-16 -37 65 0
-49 -71 -79 0
9 23 24 0
-4 -24 -63 0
-37 38 -65 0
8 19 75 0
13 -56 0
1 -77 0
-6 -16 0
-23 -29 -39 0
4 -43 -80 0
-3 -16 75 0
19 36 0
12 19 -27 0
8 -20 -77 0
-23 -45 63 0
-49 57 0
14 42 62 0
-11 -26 75 0
44 -55 80 0
3 51 -78 0
5 14 66 0
7 34 46 0
56 75 76 0
13 -50 0
-28 72 0
25 53 0
13 -54 65 0
-36 49 -82 0
3 31 62 0
-54 -68 0
11 75 0
-33 -62 -71 0
4 -23 -29 0
33 40 -44 0
-48 49 0
-30 33 -77 0
39 61 -67 0
-9 12 46 0
13 24 -41 0
-7 29 78 0
7 -12 77 0
2 -31 34 0
-49 -70 76 0
-40 48 73 0
15 16 -82 0
-20 -58 71 0
28 -55 0
26 -55 65 0
-19 44 80 0
-80 82 0
20 -24 82 0
46 52 0
36 -42 -77 0
5 -9 12 0
5 -47 55 0
-27 28 -82 0
13 39 74 0
-21 35 -57 0
29 30 76 0
1 -12 -64 0
-62 66 0
45 69 70 0
-20 72 0
22 -70 72 0
-26 46 -70 0
-25 -68 0
8 13 30 0
-13 -48 -54 0
-1 16 -79 0
-43 -52 0
-1 -24 83 0
33 59 68 0
25 47 -60 0
44 -63 0
-57 68 0
-22 50 67 0
39 -65 0
-78 -80 0
1 32 -62 0
-14 -19 52 0
-35 41 -71 0
-39 -63 -72 0
-21 46 48 0
15 29 39 0
-9 32 59 0
-11 -14 47 0
47 51 0
-2 -82 0
9 76 77 0
19 -37 -59 0
62 78 0
23 29 60 0
-2 48 55 0
-30 -59 67 0
-18 -43 -80 0
-6 -9 -13 0
8 -22 0
56 -77 -83 0
21 24 -52 0
63 -71 80 0
21 -52 -78 0
-15 31 83 0
3 -39 0
-51 58 -83 0
-2 78 82 0
3 8 -46 0
-1 39 -74 0
18 -27 -55 0
6 38 -52 0
-21 -33 68 0
-38 79 0
-11 72 0
-44 51 -75 0
11 42 -66 0
10 15 38 0
-42 62 80 0
5 7 36 0
-36 -43 -74 0
-12 -32 65 0
9 43 0
26 34 36 0
14 55 75 0
-31 42 0
-10 31 -47 0
-53 -70 -75 0
13 75 83 0
6 47 -73 0
39 -54 0
-1 -29 58 0
41 52 82 0
-40 52 79 0
-4 -39 -48 0
5 -64 -72 0
8 30 0
-21 -69 -76 0
-17 -42 78 0
-25 -38 45 0
-26 46 0
74 -76 0
12 49 -54 0
32 44 54 0
-30 -48 -82 0
-52 -64 0
4 41 73 0
-19 24 -66 0
-60 -73 -75 0
-18 -66 0
-33 -61 0
30 50 -72 0
-15 39 -67 0
-26 65 0
-29 38 -64 0
-8 -18 63 0
-50 73 83 0
-10 54 0
2 3 -9 0
2 4 73 0
-8 29 -72 0
-12 -78 0
10 -35 -49 0
-17 21 22 0
-13 67 75 0
56 75 0
-29 -57 0
5 43 -44 0
-35 -76 0
20 -25 0
-14 -33 40 0
-21 23 59 0
33 -34 -52 0
43 59 -66 0
15 49 -75 0
9 60 75 0
32 -41 62 0
56 -71 0
19 40 54 0
3 -10 -19 0
-69 -73 80 0
-38 72 0
36 -38 69 0
5 45 -61 0
-21 34 -38 0
-30 54 64 0
-20 33 78 0
-25 -68 -70 0
3 -19 0
-7 24 -30 0
-23 42 83 0
-17 23 31 0
15 -75 -82 0
51 -82 0
-63 79 -83 0
-1 -14 -61 0
12 27 -31 0
23 34 -43 0
1 16 -19 0
21 45 -51 0
