p cnf 81 305
-12 45 0
-7 9 81 0
-12 -36 67 0
-20 39 46 0
-1 14 34 0
61 -67 68 0
11 21 -60 0
-26 -50 53 0
-36 -42 -52 0
-51 61 -78 0
-8 47 71 0
33 -61 70 0
-1 -47 -60 0
-12 -73 0
19 48 0
13 -44 -74 0
27 61 0
4 -38 65 0
24 29 33 0
22 35 -60 0
5 -32 -34 0
5 13 -36 0
5 -54 -55 0
38 -68 0
-36 -74 -78 0
-54 69 0
17 -29 -37 0
-7 -44 -74 0
-23 -34 0
-41 -69 -72 0
-24 58 0
24 -33 -59 0
11 -75 0
5 36 52 0
9 -24 62 0
-46 -49 58 0
-4 13 80 0
29 42 59 0
-28 40 0
-8 -45 -54 0
-44 61 0
5 -19 0
-11 -27 78 0
-11 16 33 0
-14 -25 -28 0
54 58 81 0
16 42 47 0
-39 43 0
2 -37 0
-41 -58 0
-14 67 80 0
-5 -56 67 0
-31 34 56 0
7 -22 -42 0
28 47 76 0
-46 57 63 0
45 69 80 0
-36 54 73 0
13 -48 -76 0
2 5 0
-2 -8 73 0
-66 -76 0
-10 21 51 0
63 65 -76 0
-2 15 26 0
9 -46 -71 0
-34 42 -56 0
7 -18 -22 0
-24 -35 0
18 56 -67 0
-22 35 -45 0
-36 -69 0
4 -16 -69 0
17 30 -31 0
-10 -38 40 0
4 29 -53 0
21 -41 73 0
-8 63 -75 0
22 52 70 0
3 6 55 0
-47 69 71 0
7 -18 -51 0
21 -52 -62 0
17 49 60 0
-13 -37 -80 0
59 70 81 0
-18 -55 -65 0
-12 -53 0
-6 -38 51 0
13 47 62 0
-29 -34 59 0
-45 60 -73 0
-61 -80 0
38 -47 56 0
-36 49 64 0
30 -71 76 0
-8 -48 0
-53 -67 0
47 -57 80 0
-28 34 69 0
10 -37 -54 0
-67 -71 79 0
-7 -47 0
-13 -35 -37 0
2 -74 0
11 43 -48 0
50 -73 80 0
19 20 60 0
26 61 62 0
-14 -24 0
12 29 -34 0
-11 48 78 0
-26 -63 0
29 -39 -48 0
-25 43 55 0
-4 -77 0
-44 -47 -58 0
-1 -14 54 0
-40 46 0
-19 -29 -52 0
28 -48 70 0
4 67 76 0
-19 -35 45 0
-28 -52 -71 0
2 25 -36 0
32 80 0
17 -33 -37 0
25 -63 0
-38 -76 0
-2 3 0
12 70 0
-28 -39 -66 0
-9 -32 51 0
-19 21 53 0
-3 10 -78 0
10 18 65 0
14 45 -67 0
19 -48 -65 0
-35 -42 46 0
-41 -54 -62 0
6 26 73 0
-42 61 -74 0
14 46 0
15 50 0
6 -21 60 0
8 36 0
36 45 60 0
6 18 0
34 63 0
38 47 0
-10 12 19 0
-7 11 -28 0
-38 75 0
29 34 0
10 32 68 0
-4 -37 -70 0
3 38 64 0
-4 -60 -64 0
22 -50 55 0
-28 -78 0
26 -39 -40 0
2 -21 -51 0
28 66 0
-7 18 -78 0
1 -19 68 0
-20 -50 64 0
32 -49 60 0
-16 -60 0
53 -57 73 0
-16 -39 62 0
1 -19 37 0
-30 61 -70 0
-10 33 -78 0
19 48 58 0
-8 -14 58 0
9 28 -51 0
-46 -64 -81 0
7 -40 46 0
4 -34 0
21 29 0
9 22 0
44 64 77 0
-7 -33 73 0
-24 38 0
-23 -47 64 0
-45 -47 -50 0
16 -30 0
51 60 0
-11 42 68 0
60 72 0
-17 -20 -56 0
36 66 0
59 73 0
13 43 -80 0
-1 44 -72 0
9 39 0
32 53 -57 0
5 21 -27 0
-4 -28 34 0
-68 -76 -80 0
-5 58 0
-26 63 67 0
42 44 -78 0
26 -65 0
68 -69 -77 0
19 43 59 0
26 -70 0
25 -35 -57 0
-21 66 -77 0
-6 14 -18 0
-1 15 -80 0
2 -25 0
18 51 0
-15 -55 -63 0
-14 -45 -68 0
-45 -53 60 0
-3 34 36 0
10 18 -51 0
-12 15 -79 0
6 -21 -26 0
10 -71 -80 0
10 -70 -71 0
-12 -59 71 0
-18 46 -63 0
-38 -72 0
-33 -68 77 0
-4 -24 32 0
40 -57 60 0
-18 -21 61 0
-12 -14 0
4 59 -73 0
15 -22 -65 0
36 43 -56 0
76 -81 0
-8 24 -54 0
-2 -30 48 0
-1 -74 0
-31 37 49 0
11 -14 50 0
-17 -38 79 0
42 -47 75 0
-25 52 69 0
12 14 -65 0
24 -51 78 0
-54 62 70 0
-17 40 0
23 -27 -80 0
6 17 27 0
8 17 0
26 27 -43 0
-12 79 0
-11 -15 0
-37 -39 -71 0
-27 59 60 0
-5 -28 -54 0
-39 40 0
21 -55 80 0
25 -41 42 0
7 -11 73 0
-53 66 79 0
20 -24 -41 0
-9 59 0
-24 -80 0
-27 32 33 0
36 52 0
36 39 55 0
-17 20 -49 0
41 42 -44 0
12 37 0
-30 -34 66 0
-8 61 81 0
-71 -75 76 0
-15 35 -48 0
-73 -74 0
-56 58 0
22 30 0
-20 -76 0
-14 -45 0
63 -71 -72 0
16 -78 0
-54 58 59 0
-7 -59 75 0
3 44 68 0
-2 14 -39 0
7 -10 -73 0
-11 36 57 0
22 69 0
13 18 -70 0
16 32 -73 0
40 47 -54 0
8 66 -81 0
-6 -30 -72 0
15 22 72 0
-37 51 64 0
21 29 58 0
35 77 0
6 -35 -43 0
2 25 78 0
31 -33 62 0
-57 67 -71 0
-3 34 0
-5 -26 58 0
7 26 -60 0
12 43 0
1 54 72 0
