p cnf 90 353
-67 77 84 0
-38 78 -81 0
-74 -81 0
-1 54 -78 0
-8 -10 -84 0
7 -29 71 0
-4 -23 59 0
-54 -55 -75 0
-11 -50 -53 0
56 -76 0
31 42 87 0
40 -65 85 0
-1 36 49 0
-5 21 -63 0
20 -30 -87 0
8 -71 -76 0
49 69 86 0
8 64 73 0
-16 51 -62 0
6 20 0
58 63 0
-13 40 -76 0
-19 39 89 0
3 -16 58 0
36 -54 73 0
-28 -48 78 0
-16 -62 76 0
-5 -18 55 0
-47 75 88 0
-33 47 60 0
-19 -40 -58 0
-38 76 78 0
-27 53 77 0
-39 -50 -81 0
-42 75 82 0
3 10 -59 0
5 10 88 0
-7 16 25 0
-71 -81 -86 0
-2 28 52 0
-4 60 -84 0
-40 -63 89 0
36 62 0
6 63 -85 0
21 39 42 0
50 -51 84 0
-16 -54 -80 0
19 -25 39 0
13 -51 75 0
-17 -42 82 0
-31 51 60 0
-40 51 -65 0
35 62 0
-66 78 0
38 -43 -70 0
52 -53 -57 0
-45 -57 0
6 -21 -50 0
-7 61 -80 0
-17 -36 -58 0
51 58 -80 0
-8 65 -86 0
-42 -88 0
-61 -88 89 0
-29 -32 67 0
20 -55 0
16 32 0
-19 26 51 0
1 -47 84 0
-10 60 -66 0
24 31 -85 0
-13 42 -59 0
-3 4 -7 0
-28 67 -87 0
66 -72 0
-20 45 -57 0
-46 -48 80 0
19 -45 73 0
-34 38 -71 0
3 -25 -63 0
-15 34 0
-28 37 43 0
-66 68 74 0
71 -84 0
6 13 81 0
48 52 -69 0
-11 22 68 0
-9 18 -53 0
23 43 44 0
21 32 -65 0
53 56 -79 0
45 -48 88 0
-59 80 -89 0
15 56 -86 0
43 -44 63 0
5 16 -58 0
37 -42 70 0
46 60 -74 0
18 -62 74 0
4 59 -60 0
-41 -74 -75 0
1 43 89 0
-12 23 43 0
-52 -66 69 0
-32 -58 -86 0
-36 -53 66 0
27 -37 65 0
62 85 -89 0
25 64 -79 0
1 -4 -13 0
51 -71 -79 0
-36 -55 0
-29 45 -73 0
-7 58 71 0
-23 -30 51 0
-4 -10 76 0
-7 -10 53 0
-20 -57 0
6 -31 -35 0
-70 73 -82 0
-15 -29 -86 0
-2 -32 47 0
-27 32 68 0
-19 88 -89 0
-5 20 87 0
-36 54 0
-29 -59 -86 0
-14 38 -56 0
-14 -27 39 0
62 -63 0
41 -63 86 0
-16 17 74 0
2 -7 61 0
-4 20 83 0
31 -80 82 0
4 -39 0
-21 -26 29 0
35 78 -85 0
8 -38 88 0
-84 -85 88 0
46 -80 87 0
3 66 0
14 -54 -69 0
-24 51 86 0
-75 82 0
46 58 67 0
7 -45 90 0
-3 34 49 0
-26 46 48 0
16 33 54 0
3 -33 -48 0
-28 -59 0
-3 13 -52 0
-13 30 40 0
-13 -47 -87 0
-40 -54 75 0
54 82 -89 0
-16 17 -74 0
-13 -34 0
-63 77 -83 0
-3 -30 -70 0
62 63 -83 0
-24 -36 -53 0
1 28 63 0
22 26 53 0
-29 58 -67 0
34 50 -85 0
24 38 65 0
28 67 68 0
24 -45 63 0
-3 -26 40 0
-12 -83 90 0
64 73 0
-9 54 -70 0
-8 -14 33 0
-2 20 64 0
11 -26 88 0
-10 -74 0
1 -12 34 0
4 17 0
-31 -74 89 0
-38 42 78 0
-55 82 -88 0
-4 -15 -53 0
15 59 60 0
52 61 -77 0
43 -46 70 0
-35 49 -90 0
55 58 69 0
-30 69 -85 0
41 -49 -74 0
-37 -56 0
9 25 -54 0
5 59 74 0
-1 40 49 0
-15 20 37 0
-65 -72 -77 0
-31 -40 -48 0
-10 59 75 0
-2 -36 74 0
-32 59 -87 0
-57 -58 0
18 50 -62 0
50 67 86 0
-2 -45 -56 0
49 68 -85 0
-55 -58 85 0
-28 64 -80 0
4 22 51 0
-18 -76 80 0
26 -42 66 0
55 59 89 0
-13 76 85 0
22 64 -76 0
12 68 -75 0
-43 -46 0
32 55 -86 0
-21 -40 -84 0
34 49 81 0
29 -38 46 0
-29 -39 -43 0
48 67 -74 0
21 38 43 0
-13 -82 90 0
15 -69 -82 0
-25 74 -87 0
-1 7 24 0
-50 51 -76 0
-3 -24 -26 0
-25 -80 81 0
18 -82 -84 0
2 -67 0
39 -42 68 0
27 44 80 0
-16 54 0
12 -80 -88 0
-18 24 26 0
13 35 43 0
-36 -55 -71 0
-16 38 52 0
30 -47 -77 0
-8 -9 -36 0
17 36 0
27 -73 -82 0
13 -60 86 0
35 -88 0
-19 24 0
4 20 52 0
16 -79 80 0
1 -7 -49 0
-24 -60 81 0
57 -59 -64 0
-14 23 74 0
13 -48 71 0
8 50 -87 0
35 75 -76 0
-26 61 0
-26 59 -61 0
28 77 -80 0
30 -39 80 0
27 61 -62 0
41 86 0
-79 -85 0
1 32 78 0
4 22 35 0
-43 79 -83 0
-20 -73 -82 0
5 31 75 0
13 -34 -44 0
-33 -37 -65 0
3 21 -40 0
-8 51 57 0
-45 -73 90 0
32 39 -67 0
-22 24 0
-6 42 47 0
-9 -67 0
-20 61 -68 0
15 23 -69 0
41 51 55 0
7 29 -35 0
37 -55 60 0
2 16 21 0
66 -78 -84 0
-11 -56 -88 0
48 51 66 0
-2 -30 31 0
-5 -31 -42 0
-20 -37 -47 0
-36 -64 -78 0
-31 -43 89 0
-4 9 26 0
-7 40 69 0
6 63 71 0
6 16 74 0
63 -64 0
-21 44 0
-21 -41 68 0
1 68 -76 0
-2 60 -72 0
53 -83 0
-46 75 80 0
-4 29 -63 0
-57 81 90 0
4 6 -82 0
37 50 -55 0
-16 -46 -72 0
32 -56 -83 0
56 84 0
3 -36 -41 0
42 -52 60 0
-23 -27 -45 0
46 65 -85 0
27 -40 -57 0
-10 -14 -36 0
24 54 64 0
-40 -59 68 0
-27 -30 -73 0
55 -61 -70 0
1 -81 87 0
-6 16 87 0
-29 -31 73 0
4 -78 0
44 -49 -71 0
-41 -50 77 0
-22 -31 -84 0
10 20 35 0
41 -47 83 0
-11 35 -36 0
28 60 64 0
66 74 88 0
17 21 66 0
14 -52 60 0
17 34 0
-8 -11 -65 0
4 -59 86 0
3 7 46 0
-52 -59 60 0
18 -23 -42 0
23 -63 0
-21 -39 0
37 42 -83 0
-1 -16 54 0
5 -21 62 0
11 16 -27 0
75 -84 0
16 -47 53 0
18 33 -58 0
-24 -46 -79 0
-12 88 0
1 -16 -83 0
5 -10 18 0
24 -82 85 0
