p cnf 88 329
51 -75 80 0
-55 66 -81 0
25 -46 0
-41 -48 -64 0
17 -40 -45 0
17 50 82 0
13 44 60 0
-11 85 0
47 54 -87 0
-38 -51 0
1 -53 0
1 23 0
-7 -49 -68 0
-14 -26 -60 0
23 -51 53 0
12 -51 84 0
1 77 -81 0
-49 -55 -86 0
13 73 -76 0
-34 -76 78 0
16 -50 -54 0
3 44 57 0
2 -10 -63 0
23 -67 -68 0
14 34 -83 0
3 -41 -66 0
-11 -32 88 0
-13 -48 0
5 -15 -37 0
16 -35 -77 0
-35 -51 -62 0
-1 -3 -84 0
20 27 -47 0
-6 62 -75 0
-3 30 -82 0
-20 48 67 0
10 -13 -26 0
40 43 56 0
-28 58 -85 0
-46 -70 0
23 -78 0
-15 44 62 0
41 -45 0
17 -18 -39 0
-71 75 87 0
21 46 71 0
20 41 -64 0
-36 -42 51 0
-23 57 -81 0
6 -18 76 0
-20 -63 -66 0
-31 33 -34 0
-8 -52 76 0
44 51 58 0
-49 -54 0
29 -48 67 0
-52 -59 0
-26 -39 52 0
23 -33 55 0
-15 -23 33 0
-26 68 -73 0
-32 62 63 0
74 78 -88 0
10 -31 -86 0
-6 -11 -15 0
18 -30 87 0
13 41 0
-22 42 -81 0
-28 -75 -84 0
10 68 79 0
44 45 69 0
33 67 80 0
29 62 -65 0
11 -26 -56 0
18 78 0
-44 -63 -69 0
27 -37 -62 0
-24 27 59 0
-27 73 0
5 62 69 0
23 31 -75 0
-21 -55 -81 0
-38 -63 0
-26 -38 0
-5 53 -88 0
58 -65 84 0
-4 -19 -75 0
-5 -44 -48 0
49 59 64 0
-15 -29 -35 0
-27 -43 73 0
-31 41 -71 0
-7 77 0
-32 -68 0
-4 13 -67 0
9 46 54 0
-9 22 75 0
-7 -24 58 0
56 -60 -77 0
26 -59 75 0
29 -33 -54 0
-14 -24 65 0
13 -60 0
21 46 77 0
-34 -45 77 0
-35 38 59 0
39 -57 58 0
-42 -67 76 0
4 -51 86 0
4 -36 -75 0
53 54 -77 0
3 19 67 0
-43 49 -68 0
11 -46 0
-38 -40 78 0
-45 54 76 0
-23 -48 58 0
-29 77 0
23 46 67 0
21 -57 -78 0
-27 56 58 0
-37 42 -54 0
23 -50 83 0
4 -37 70 0
2 -48 -82 0
-17 -44 0
-47 -53 58 0
28 -29 -56 0
5 -25 57 0
-20 -72 -75 0
6 69 -87 0
33 -65 -79 0
-42 -76 -88 0
11 -15 28 0
-30 31 82 0
15 51 59 0
-12 84 0
-7 -29 0
8 44 68 0
4 38 75 0
47 -48 85 0
5 52 -77 0
-2 -11 -43 0
6 37 58 0
35 51 54 0
6 77 83 0
28 -61 0
40 -60 -66 0
39 -54 75 0
-28 62 -71 0
-21 -23 85 0
11 63 0
-7 16 -80 0
6 13 87 0
-56 67 0
3 5 27 0
-5 62 78 0
13 -63 -81 0
3 -38 -44 0
-41 -68 -88 0
-42 -53 0
63 65 74 0
-3 -44 84 0
-35 38 83 0
-29 -71 0
-17 -40 -55 0
-37 -58 -77 0
22 53 0
38 -72 74 0
-37 67 -69 0
-2 37 54 0
24 -29 -83 0
-47 -67 78 0
14 -32 -33 0
40 81 0
-26 53 -54 0
20 -36 49 0
-24 50 0
-6 -22 -41 0
-23 36 -86 0
-48 75 0
-59 68 74 0
-51 86 0
24 -25 78 0
-67 -71 -84 0
-16 -63 0
-5 -41 70 0
-23 -34 42 0
17 26 -29 0
6 34 -46 0
51 87 0
-17 26 58 0
20 36 0
-7 73 85 0
17 -51 52 0
-57 62 -72 0
78 -86 87 0
23 -25 51 0
-11 34 -61 0
-4 32 -87 0
7 24 85 0
1 -38 69 0
35 77 -84 0
-15 -51 86 0
1 27 53 0
6 50 -70 0
-12 -29 41 0
-18 64 -78 0
-17 -54 68 0
-21 44 -62 0
6 34 -46 0
61 84 0
-21 -43 -72 0
-65 -85 0
14 -50 0
-35 -46 -84 0
3 11 -40 0
-32 46 85 0
-17 18 42 0
29 -56 0
-15 69 83 0
9 -43 76 0
-31 57 -61 0
-6 -43 -46 0
-20 -41 -76 0
22 49 66 0
11 -19 58 0
-11 67 0
34 -42 0
20 36 -37 0
50 -59 84 0
3 -39 53 0
-15 27 -62 0
52 78 83 0
45 -64 69 0
7 -33 -84 0
-33 43 55 0
15 32 0
48 -72 0
6 -88 0
30 -57 -75 0
-69 88 0
-8 35 67 0
25 47 -62 0
-30 -44 65 0
-41 -75 0
-43 56 -57 0
63 -64 67 0
26 -46 -66 0
-2 79 -86 0
22 -79 0
5 -24 31 0
-18 37 -42 0
56 65 -88 0
22 -31 0
-49 58 -78 0
-3 38 -62 0
-4 -33 -87 0
13 -52 -66 0
10 -71 -74 0
10 26 0
28 52 76 0
-7 -51 61 0
6 -11 -43 0
2 -21 79 0
18 25 76 0
35 69 0
-21 -88 0
-24 60 -83 0
6 48 -61 0
-2 -49 -63 0
11 27 -42 0
-17 -51 -59 0
-33 43 62 0
1 42 -62 0
17 -62 0
32 45 87 0
-12 -31 50 0
10 -44 88 0
-14 49 -57 0
-20 -68 -80 0
-18 86 0
-34 51 -87 0
-14 19 -27 0
-9 80 -81 0
-22 -86 88 0
-16 -31 84 0
27 -55 71 0
6 -26 -61 0
24 -43 -88 0
45 -50 58 0
-11 -28 -44 0
4 -25 -42 0
14 -21 0
-23 31 87 0
-10 -13 -14 0
32 -69 -86 0
-1 30 73 0
-5 40 -59 0
21 -26 38 0
-2 -41 0
15 30 -48 0
-8 33 44 0
45 83 -87 0
8 9 22 0
8 18 66 0
10 26 0
-71 -80 -86 0
-13 54 -85 0
20 -43 -58 0
-11 -12 39 0
38 41 75 0
71 81 0
24 42 0
-14 -20 0
-22 53 0
48 -70 74 0
-1 -22 -38 0
-3 11 86 0
5 -38 -52 0
24 46 64 0
-19 -37 67 0
-32 -65 -86 0
19 64 74 0
-8 31 -75 0
-38 43 -51 0
9 20 -59 0
24 -62 -85 0
52 57 61 0
