p cnf 35 70
14 -31 0
17 29 0
13 26 0
1 -19 -26 0
-1 -4 -31 0
-13 18 0
21 30 -33 0
-1 13 0
-8 -28 33 0
-6 -24 0
-7 -25 0
5 19 0
-4 -13 24 0
2 -8 0
11 20 0
-11 -25 0
11 19 32 0
13 -26 0
8 9 0
7 -35 0
1 -9 -24 0
-12 -21 0
7 -33 0
-13 14 -16 0
-25 -29 0
-16 -26 0
2 28 0
-9 23 25 0
16 -22 0
-7 -12 0
-5 9 0
1 -2 -21 0
-16 -21 28 0
-2 19 27 0
15 -18 0
1 6 11 0
1 -14 24 0
-1 -19 -35 0
2 23 0
-1 8 30 0
-4 -32 0
-8 23 0
20 24 0
-13 32 35 0
-22 -24 0
7 -34 0
5 -23 0
-7 9 0
1 21 24 0
15 25 -30 0
-14 -24 31 0
-11 -16 -34 0
3 20 28 0
-3 -6 0
2 -16 0
1 5 21 0
13 28 0
-9 -25 0
13 32 0
-15 21 0
-11 -24 -27 0
-16 -34 0
18 -25 0
-25 30 0
-12 -21 0
3 30 0
-28 34 0
-3 -22 0
-2 -25 0
-10 -30 0
