p cnf 78 262
-34 -45 62 0
2 58 -61 0
13 -74 -77 0
40 43 76 0
16 52 0
15 -16 -60 0
8 -29 0
13 -62 0
-11 -50 76 0
-9 -26 -36 0
-39 -47 78 0
-28 48 73 0
22 34 0
20 31 -75 0
-32 46 -78 0
14 -38 -54 0
-22 60 0
56 76 0
13 -52 0
25 30 -41 0
13 76 0
29 -66 -69 0
-7 20 -70 0
-14 -55 0
27 -46 -78 0
-36 -55 -60 0
23 -27 70 0
-27 -41 59 0
27 55 66 0
28 65 -72 0
-18 36 47 0
-8 -26 49 0
-9 21 -48 0
-7 -44 -51 0
-1 -47 -55 0
-14 38 53 0
5 11 -69 0
-10 39 55 0
-30 -68 -71 0
-64 -73 0
53 -68 0
6 16 0
44 52 61 0
-5 -52 68 0
8 -27 0
-10 37 42 0
-14 -26 50 0
19 29 51 0
-19 41 -69 0
-46 -54 71 0
15 51 0
22 47 -60 0
6 10 0
20 63 0
40 -44 -64 0
-13 -19 0
29 -37 58 0
3 -58 63 0
16 -54 72 0
-8 35 -64 0
31 43 45 0
5 -19 -75 0
-4 7 45 0
-21 62 0
18 -19 -62 0
6 18 52 0
56 -69 0
-30 65 0
19 55 -62 0
5 -6 24 0
-27 40 -73 0
-3 -9 -76 0
44 -67 -71 0
-50 -71 -74 0
-4 8 0
-53 -54 -55 0
-19 28 -43 0
11 -18 0
55 66 0
-2 -57 60 0
21 50 -72 0
-22 -37 -46 0
19 52 0
3 -32 -71 0
-21 47 61 0
41 48 69 0
18 -26 0
-4 -57 0
-38 43 56 0
-5 -54 0
10 63 -76 0
-28 37 0
-19 -58 -76 0
33 39 -71 0
-13 -33 -50 0
3 -15 29 0
-8 -36 51 0
20 -43 -67 0
-18 -27 -73 0
-12 76 78 0
32 -38 -70 0
-14 -26 42 0
-21 59 0
-29 67 0
7 17 -46 0
-12 31 -39 0
29 -35 41 0
-9 59 69 0
16 -25 -58 0
-15 -34 -50 0
16 -40 66 0
-12 27 71 0
-13 50 0
-23 54 59 0
-32 44 -76 0
-15 -36 50 0
-20 27 -39 0
8 9 -37 0
-7 22 -59 0
19 31 0
-66 -68 0
11 -13 25 0
-40 -43 57 0
7 12 69 0
-52 71 0
4 -23 34 0
-35 -40 67 0
-10 -22 68 0
-21 36 44 0
-40 -68 77 0
35 -40 63 0
-3 -39 -45 0
-8 -24 53 0
24 -37 -75 0
31 -38 -67 0
49 -66 -69 0
-13 26 -60 0
13 -54 -76 0
43 -49 65 0
9 11 -27 0
-39 -52 63 0
-7 -23 -49 0
30 48 -55 0
4 61 -73 0
1 3 -71 0
-8 -41 -46 0
-33 39 52 0
-2 47 0
45 -72 -76 0
-4 46 -65 0
-30 35 61 0
3 -18 60 0
18 61 0
16 -72 -77 0
-45 60 0
6 9 -58 0
20 43 0
14 -54 60 0
-18 -26 -63 0
-29 32 54 0
-14 31 0
-17 21 -55 0
-21 38 0
30 -38 -41 0
-15 41 75 0
-9 33 61 0
5 6 47 0
32 -38 0
-1 31 75 0
-5 -16 0
20 -26 -61 0
36 67 0
34 42 -67 0
-10 -20 -52 0
-58 -68 0
-10 37 53 0
23 37 52 0
8 -24 -78 0
-47 -63 67 0
8 -9 -75 0
-16 23 -57 0
-10 -30 74 0
8 -31 56 0
48 74 0
1 9 -36 0
6 -45 74 0
-4 38 0
4 -43 -74 0
-41 -55 -67 0
-14 -27 -40 0
11 -33 46 0
21 -38 64 0
-24 -51 -69 0
5 -56 75 0
-15 35 69 0
11 67 0
-22 54 0
25 -44 62 0
-52 59 76 0
-1 78 0
6 49 -72 0
-16 17 0
-20 -46 0
23 25 0
-1 -45 0
-2 -35 0
-32 -41 -47 0
12 -32 -39 0
-42 -50 -58 0
-30 -47 76 0
11 -21 73 0
39 59 0
4 71 0
34 47 74 0
-3 48 0
-9 -10 66 0
-2 40 0
22 -53 0
7 59 -65 0
-11 30 0
23 28 67 0
-10 -74 78 0
-18 -31 45 0
-28 41 61 0
15 17 -26 0
-41 44 -56 0
30 38 74 0
-9 -50 0
28 -73 0
-40 -43 -60 0
24 -69 0
-36 -45 0
14 43 54 0
15 -23 0
7 74 0
-22 -67 -72 0
9 -15 57 0
34 -45 0
-28 -52 -77 0
4 -41 -70 0
41 -51 -57 0
47 63 67 0
11 63 -78 0
-58 -63 70 0
-52 61 -72 0
-38 58 -62 0
-43 63 -75 0
13 -14 33 0
22 -43 0
13 -40 0
-4 36 -66 0
23 -36 -37 0
-5 8 15 0
-3 -16 -44 0
30 -34 0
4 -14 36 0
51 54 59 0
-2 -18 71 0
48 49 -55 0
28 -32 0
-7 -10 63 0
32 46 -69 0
