p cnf 85 309
-10 35 42 0
16 -23 -26 0
-43 71 84 0
-9 -79 0
-7 -44 -56 0
20 22 24 0
29 67 -69 0
44 81 0
-20 -29 67 0
20 -63 -71 0
-64 -69 0
21 -55 -62 0
-49 82 84 0
-1 12 38 0
-22 -57 -68 0
-11 31 -79 0
-7 -27 -34 0
71 84 0
-34 69 0
-20 37 -82 0
13 54 64 0
6 -11 74 0
-40 -62 82 0
17 30 63 0
-7 12 -21 0
-14 -50 -77 0
-10 -25 -32 0
-19 64 76 0
-12 -17 -28 0
36 43 -59 0
26 -74 0
9 -34 -36 0
20 74 82 0
-44 -71 0
-9 47 78 0
4 11 -44 0
13 -23 -34 0
12 35 72 0
5 6 30 0
-37 -45 0
-11 -17 22 0
15 52 67 0
2 33 63 0
-3 -31 -81 0
-3 6 0
33 -43 -81 0
51 63 -77 0
21 -73 -81 0
22 -25 -60 0
38 63 -74 0
20 -27 84 0
9 32 -37 0
-13 15 0
39 52 0
12 23 -27 0
-46 -64 74 0
74 -81 0
-5 28 -70 0
2 -20 -59 0
-31 -52 0
-20 -23 -71 0
-28 31 -61 0
64 -70 0
-15 26 0
-2 -27 -61 0
40 60 67 0
11 -53 73 0
31 47 65 0
-6 50 0
7 12 74 0
20 49 -81 0
12 -27 0
12 -36 55 0
-56 -85 0
45 -47 -59 0
37 55 70 0
12 -35 -59 0
-38 62 69 0
27 -51 -70 0
35 60 0
-32 -50 -83 0
-2 -5 -48 0
-9 11 47 0
-22 -44 -61 0
3 -12 31 0
4 75 0
-5 20 -47 0
10 34 -49 0
-13 -60 -74 0
-28 56 -74 0
-39 -66 -72 0
-3 -32 -62 0
-6 23 82 0
-13 -40 0
4 68 0
28 31 -47 0
-2 13 -67 0
-30 71 0
73 76 82 0
-30 61 63 0
26 -28 31 0
36 -56 -74 0
-35 40 -54 0
38 40 78 0
36 49 0
-12 24 68 0
-18 -53 -80 0
-21 -34 -72 0
-25 -40 72 0
22 31 0
-42 70 72 0
-15 -26 40 0
6 39 -48 0
47 -78 0
-16 -42 -55 0
11 -48 0
-13 -34 43 0
10 18 62 0
39 -83 0
-25 42 -53 0
-28 -79 0
-75 -82 0
-4 -11 -19 0
-3 75 -77 0
-48 63 0
-13 14 -27 0
-31 56 81 0
-10 80 83 0
2 37 69 0
18 24 -82 0
10 18 -27 0
4 -8 -9 0
28 31 84 0
-47 61 62 0
7 -16 40 0
43 -82 0
-11 42 85 0
-20 62 0
22 -35 54 0
4 12 -19 0
-6 17 0
13 -25 72 0
14 -53 -85 0
-34 54 72 0
16 24 -77 0
15 -40 -46 0
12 50 0
21 -25 -80 0
26 40 0
14 -33 64 0
-12 78 0
14 15 55 0
-5 -7 0
23 -40 0
12 -40 -43 0
7 71 0
-25 -69 81 0
21 36 0
-34 -42 85 0
30 66 74 0
22 -52 70 0
-31 34 46 0
-15 46 68 0
-5 -20 -35 0
-31 48 49 0
-34 67 74 0
-13 -29 -58 0
2 -66 0
-15 -19 0
10 31 0
-8 -24 51 0
8 33 52 0
-18 -63 68 0
-28 50 -51 0
-29 49 83 0
-4 77 0
58 -75 0
1 44 -55 0
17 -34 0
9 17 38 0
37 41 -53 0
-13 -41 -85 0
11 -50 84 0
-39 -73 -83 0
-13 40 -51 0
5 -15 0
45 61 72 0
41 -44 82 0
-8 57 84 0
-68 -73 78 0
8 42 -44 0
-28 -33 -72 0
-16 -23 29 0
-36 -41 -54 0
6 18 80 0
-38 -42 -51 0
32 77 -85 0
18 -22 0
20 -54 63 0
-31 42 0
16 -17 -31 0
16 -17 -82 0
-5 56 -58 0
6 18 -59 0
-31 74 78 0
-29 41 -49 0
46 57 -81 0
-24 -29 65 0
-16 28 80 0
32 -61 0
33 -58 -72 0
-21 -58 -73 0
49 81 -83 0
-32 -77 -81 0
50 58 -70 0
7 46 -54 0
-16 -61 76 0
32 -61 66 0
17 25 44 0
17 29 -66 0
-26 64 -78 0
40 -72 -73 0
33 46 0
-14 -63 -64 0
-34 -68 -71 0
-2 -16 -34 0
15 -49 -78 0
-25 -40 72 0
7 38 0
60 -78 81 0
45 66 0
-23 -45 64 0
-18 -31 -73 0
17 22 36 0
-58 -75 83 0
29 59 67 0
-13 -31 66 0
3 58 -59 0
34 -43 -54 0
-12 33 44 0
41 -48 63 0
-15 -33 45 0
17 -53 0
-48 72 -83 0
-7 58 66 0
-4 -38 -80 0
1 -8 -46 0
11 -20 35 0
22 23 68 0
-47 54 0
-1 16 -30 0
-25 -48 0
-54 60 83 0
-41 42 -56 0
5 58 76 0
-34 43 -45 0
-30 47 0
11 -19 -41 0
16 -45 0
-2 15 -79 0
47 53 0
26 40 -83 0
-30 50 -54 0
50 59 0
-19 22 79 0
48 63 0
32 -41 48 0
-30 60 -70 0
-8 -13 0
16 32 -59 0
34 51 -54 0
-58 -69 81 0
-53 68 -74 0
-1 -49 -64 0
23 -69 -78 0
8 22 85 0
30 51 69 0
21 -42 -77 0
-22 23 35 0
17 39 -70 0
19 66 85 0
4 -44 78 0
9 -18 -63 0
22 -25 44 0
-12 57 -58 0
-18 -40 72 0
-11 43 0
3 -39 -47 0
2 -12 -36 0
14 26 -68 0
-3 -13 58 0
-74 76 78 0
-1 -15 -80 0
-38 -56 62 0
6 -30 -72 0
14 49 -50 0
-18 46 0
28 -54 0
-39 59 79 0
-42 64 0
-46 -60 -63 0
-13 -34 0
10 -40 -62 0
-57 67 80 0
-9 45 76 0
64 84 -85 0
9 -17 75 0
-24 -34 0
-16 -66 -74 0
