p cnf 83 304
35 47 -53 0
-33 -74 78 0
9 38 66 0
-13 19 42 0
28 65 0
26 -35 -51 0
-19 -67 75 0
28 81 0
-6 -16 0
14 -50 69 0
-20 -34 -74 0
17 -51 -56 0
28 -32 -47 0
-18 36 58 0
4 23 -46 0
-29 -40 65 0
-28 -53 -56 0
46 71 -73 0
-2 -10 -11 0
35 -66 -83 0
3 29 35 0
10 38 -43 0
1 -14 53 0
-28 79 81 0
42 52 0
-28 -40 82 0
-7 52 81 0
13 19 0
-34 -59 0
-36 50 63 0
-20 29 -77 0
4 80 0
11 19 37 0
19 -36 67 0
-7 -15 77 0
-35 -58 74 0
24 28 -40 0
13 18 40 0
-45 -66 -72 0
45 -56 62 0
-42 -72 73 0
50 -51 -66 0
36 -51 55 0
8 80 -82 0
5 -6 -8 0
-26 45 -61 0
32 53 -81 0
-19 -42 71 0
5 -11 -12 0
-49 54 -56 0
18 78 82 0
23 56 0
-14 -44 -65 0
8 82 0
-7 -51 -80 0
20 80 0
-17 -41 -48 0
-47 -64 77 0
3 -38 83 0
-6 13 64 0
-60 64 -72 0
-8 13 46 0
-31 63 0
-25 -55 0
-7 -11 -67 0
-5 11 -40 0
-21 -35 56 0
-11 -75 0
-7 9 -27 0
40 69 -71 0
17 -30 -53 0
19 52 74 0
20 58 0
5 20 -74 0
27 -48 0
20 -56 68 0
66 -75 -83 0
-22 64 0
16 -24 -67 0
29 32 -73 0
-23 78 -83 0
-8 20 49 0
8 23 83 0
30 -37 63 0
-23 34 0
-24 -63 0
35 -54 0
-28 -64 -68 0
17 -34 -44 0
-5 16 21 0
14 22 -45 0
17 64 82 0
29 68 69 0
-21 -58 80 0
-8 22 82 0
-9 -49 65 0
28 -67 74 0
24 25 35 0
-22 -53 0
-43 72 -78 0
-13 -22 -37 0
48 -75 0
-27 -66 -74 0
53 56 0
47 80 0
-4 -54 82 0
-38 43 82 0
-7 -62 -64 0
14 30 -48 0
58 -60 0
41 61 63 0
35 59 -72 0
7 -28 -45 0
-1 14 36 0
-6 -18 -54 0
18 41 -67 0
43 70 -74 0
-43 77 0
-44 50 66 0
-22 -35 0
-46 64 0
-5 -36 79 0
33 35 0
-28 -66 -83 0
-14 -47 -74 0
-16 54 0
-6 30 -56 0
52 -65 -81 0
-49 -73 80 0
-30 73 0
-25 70 0
-52 -58 78 0
-39 65 0
-14 -55 -59 0
28 68 0
16 79 0
68 -69 0
-28 36 -77 0
18 -20 -33 0
-22 -67 76 0
-3 -60 79 0
2 -50 0
19 72 0
23 41 64 0
-7 52 70 0
21 -60 0
-51 54 82 0
-3 14 -75 0
56 62 -79 0
18 37 -72 0
6 11 -12 0
29 -41 0
12 -25 -69 0
-32 46 -62 0
-64 -73 -81 0
-32 -44 -81 0
-42 -78 79 0
-29 61 71 0
16 -34 -77 0
-12 -59 -65 0
-21 45 -76 0
-22 49 71 0
39 -71 81 0
26 42 83 0
-27 -53 -68 0
1 -20 62 0
27 -40 83 0
-21 35 57 0
79 -80 0
-17 -57 0
4 -14 0
15 -21 -48 0
-33 -36 46 0
1 19 0
-16 54 0
-2 66 77 0
-50 58 -78 0
-46 -81 0
-39 82 0
-43 53 58 0
23 -59 72 0
8 40 -53 0
38 -72 -73 0
-29 57 -74 0
16 -36 -65 0
9 29 63 0
9 17 -83 0
1 40 53 0
-36 -40 -77 0
-16 21 66 0
21 -53 56 0
20 -67 68 0
14 -78 -79 0
-3 -35 -76 0
18 -46 62 0
9 -10 13 0
-15 59 -73 0
24 33 82 0
-48 -75 0
39 -47 -67 0
56 -67 -74 0
38 50 0
3 27 59 0
41 -45 -76 0
-28 34 -82 0
-39 66 80 0
30 41 79 0
-1 29 -61 0
-30 34 -36 0
27 -43 77 0
29 39 82 0
-19 -52 -56 0
-18 -42 74 0
-23 62 83 0
70 71 81 0
17 37 59 0
-5 11 -76 0
19 -72 -79 0
50 64 66 0
22 -79 0
16 -25 -75 0
41 49 71 0
-3 66 -74 0
17 49 -54 0
-1 -83 0
-4 -27 -76 0
-11 35 -79 0
-17 25 -83 0
5 24 -68 0
-29 -63 0
-10 71 82 0
-4 77 82 0
-30 -45 -63 0
1 41 -52 0
-7 -12 80 0
24 40 -69 0
3 23 -82 0
6 21 -67 0
42 -78 -80 0
23 -31 56 0
-55 -70 0
-21 59 -79 0
29 -39 0
-17 52 0
-31 35 36 0
5 -32 39 0
-22 -24 34 0
-37 -40 -74 0
22 -42 62 0
2 -62 65 0
-45 59 -77 0
2 -49 71 0
6 -61 71 0
19 66 0
1 21 71 0
-3 -46 -83 0
-1 78 0
4 59 -75 0
-48 51 -53 0
21 -66 -73 0
-4 7 -8 0
-9 -45 81 0
21 25 -54 0
6 58 -74 0
-60 -77 0
15 -37 57 0
-11 -34 0
-19 40 -83 0
42 -55 0
28 -29 38 0
-6 10 26 0
-13 67 0
18 -71 0
-10 44 65 0
-5 -24 -25 0
-39 72 79 0
5 58 0
-40 -60 -83 0
2 -3 -54 0
-22 -35 70 0
-7 -40 -41 0
-53 -58 -68 0
-18 -21 28 0
20 -51 -82 0
19 -41 80 0
-18 -54 70 0
2 -24 -65 0
29 -70 0
-9 -20 67 0
-8 27 -64 0
11 -41 -82 0
26 76 81 0
-28 -64 -68 0
13 -18 34 0
-21 -35 0
-40 -54 75 0
6 73 0
39 -66 0
-52 -67 0
-9 -32 0
38 -52 0
14 -49 80 0
-26 53 78 0
-24 40 80 0
