p cnf 92 355
4 -55 91 0
14 17 64 0
13 -24 70 0
-13 58 63 0
-5 68 -83 0
-50 76 82 0
-43 -74 0
5 -38 -43 0
38 -41 -76 0
30 76 -87 0
4 -26 -75 0
-5 10 -23 0
21 63 -69 0
-51 -85 -92 0
-27 47 -91 0
3 5 69 0
13 71 0
-4 53 64 0
-53 58 92 0
11 41 -65 0
-3 -42 58 0
-17 -42 89 0
-26 36 -89 0
1 31 73 0
-22 -70 0
5 -28 42 0
36 -39 -66 0
14 -68 -87 0
-19 -62 -80 0
51 -57 -62 0
27 -29 -84 0
-6 -61 0
11 61 68 0
17 -23 -28 0
-45 51 -90 0
28 36 39 0
-58 61 0
-3 46 0
59 84 -90 0
15 -32 -48 0
-30 61 -65 0
-7 -16 -42 0
-45 -55 82 0
55 -60 92 0
23 53 86 0
1 21 -70 0
6 -47 -51 0
15 34 -54 0
6 -19 84 0
56 86 89 0
-5 50 81 0
-39 -65 -73 0
-35 70 -85 0
-47 64 -83 0
-13 26 72 0
51 52 -55 0
-17 24 31 0
8 65 -72 0
3 52 0
2 -70 -76 0
-52 66 71 0
-3 -5 90 0
3 -34 -76 0
6 12 -49 0
6 -56 62 0
17 40 0
1 2 -28 0
41 -62 0
3 59 -75 0
-1 -16 0
84 86 0
53 69 80 0
5 -63 -91 0
-32 -38 62 0
40 41 61 0
12 -74 -75 0
2 -35 59 0
17 -48 -79 0
-9 -28 63 0
23 -81 -87 0
-6 18 -24 0
-68 -78 -84 0
50 56 0
-48 -52 91 0
-45 -63 -65 0
29 92 0
-8 31 92 0
-44 -71 -82 0
-3 66 -75 0
-3 -50 0
-33 54 0
39 68 -76 0
14 87 0
-10 24 54 0
-7 -10 87 0
-7 28 -89 0
33 34 83 0
52 -55 74 0
-47 -83 -85 0
15 39 70 0
-3 53 66 0
24 -55 -86 0
-10 -28 -36 0
-18 76 -83 0
-2 6 78 0
-13 67 87 0
66 -77 0
32 -52 0
25 79 0
-13 75 -83 0
51 79 -86 0
-36 56 -71 0
18 -29 84 0
35 -76 -89 0
7 13 45 0
-20 37 60 0
14 58 86 0
28 -33 37 0
1 -32 92 0
-12 -43 -76 0
-43 55 57 0
-19 -68 79 0
6 -19 -64 0
-2 20 -69 0
33 76 85 0
-12 27 79 0
30 -39 -66 0
-8 -11 69 0
-15 -20 -33 0
4 7 -10 0
-15 43 -63 0
23 -63 -79 0
40 41 -48 0
-7 16 -56 0
-47 -49 -90 0
19 45 0
18 -50 64 0
28 -38 -85 0
-33 -76 0
-49 -78 80 0
51 78 -91 0
-15 -80 -87 0
-50 -75 -89 0
-44 -54 -71 0
18 -38 86 0
-1 6 0
-34 -47 57 0
-33 56 0
11 31 -48 0
54 -72 -83 0
-45 -48 56 0
-20 -80 89 0
34 53 -90 0
29 -31 81 0
19 40 -91 0
5 36 -81 0
-1 11 -85 0
-3 25 -33 0
13 -44 86 0
12 -32 -38 0
16 -49 -86 0
25 -38 -53 0
-2 -9 18 0
9 -41 45 0
-9 19 -57 0
29 48 -56 0
7 -39 -59 0
1 27 30 0
4 -44 -55 0
23 -53 -90 0
-14 -60 -91 0
-41 42 0
-61 -71 72 0
11 -86 89 0
-67 -80 -82 0
-44 -77 88 0
47 -89 0
19 -64 76 0
-33 -72 -86 0
-11 25 -82 0
-7 32 -69 0
-8 -65 88 0
14 26 86 0
-56 61 80 0
-16 -43 -56 0
25 -69 0
-12 26 -49 0
8 -14 61 0
12 30 -38 0
12 -16 54 0
6 51 80 0
-11 -49 83 0
16 -54 89 0
25 -34 -59 0
28 50 -58 0
4 37 -77 0
-39 46 58 0
16 -35 -56 0
-40 -57 -91 0
17 35 -76 0
73 81 83 0
9 23 64 0
-15 49 71 0
-17 50 -79 0
-17 30 47 0
3 -28 -81 0
-61 -81 89 0
51 -73 76 0
68 -83 0
6 -8 -61 0
37 -59 -75 0
-2 3 -70 0
20 35 -88 0
-9 65 73 0
30 -50 71 0
-7 71 -77 0
-13 26 89 0
-39 69 0
-25 -66 -70 0
-7 71 -76 0
-30 81 -83 0
14 19 -71 0
54 -77 80 0
-73 -82 84 0
-28 33 35 0
16 -35 65 0
28 -79 90 0
-49 -61 71 0
23 -75 -84 0
-33 57 -70 0
-16 -62 -91 0
1 65 -72 0
15 -52 -55 0
15 -30 -41 0
33 46 -69 0
4 -31 64 0
-41 -48 86 0
61 62 63 0
35 50 62 0
-21 -31 57 0
30 -41 92 0
49 -56 58 0
76 79 87 0
-57 58 65 0
9 19 73 0
-43 -51 -69 0
-10 -12 50 0
13 35 36 0
-16 42 70 0
-1 53 -75 0
-2 28 51 0
-53 73 82 0
-1 16 -18 0
-11 12 -41 0
-49 65 68 0
-18 22 0
-30 -33 -77 0
-67 79 -91 0
-2 -5 81 0
-25 40 42 0
-7 -37 -52 0
-60 82 88 0
-50 -65 -79 0
-4 -9 -30 0
-1 -88 0
24 -48 87 0
34 61 68 0
-8 -21 -51 0
-5 24 -66 0
38 -44 -51 0
11 -21 -80 0
8 -33 0
4 60 -65 0
1 -24 -71 0
7 12 65 0
-1 29 0
-26 -80 -84 0
17 -67 89 0
65 -66 71 0
7 15 -22 0
16 -25 60 0
-83 86 -91 0
64 70 88 0
-58 -66 -90 0
-50 -57 -76 0
-1 -59 -76 0
-57 81 0
2 3 -71 0
2 -37 -47 0
66 -70 83 0
23 -33 84 0
-7 19 -78 0
20 47 73 0
5 -56 -88 0
22 -51 80 0
-24 54 66 0
9 -28 29 0
-1 -3 29 0
21 39 58 0
-41 -59 88 0
-33 -52 69 0
-50 -71 0
22 56 57 0
51 -77 0
15 18 -30 0
-1 -15 85 0
18 -68 84 0
-10 36 46 0
8 -29 84 0
40 46 72 0
-21 -58 -67 0
20 -47 -84 0
16 -29 -39 0
6 37 -72 0
-28 -33 -38 0
-67 69 91 0
6 43 -51 0
2 -27 85 0
15 -30 91 0
-82 88 0
5 14 55 0
6 -37 74 0
-9 -88 91 0
16 -22 73 0
-40 -59 74 0
-8 -22 78 0
-13 32 -40 0
13 -32 -89 0
23 41 -91 0
30 59 -75 0
-5 -9 77 0
-9 13 0
36 41 48 0
3 20 -49 0
5 -34 -90 0
2 -42 -81 0
33 68 0
-5 -38 43 0
1 30 31 0
1 12 75 0
-22 39 -90 0
-37 -62 66 0
1 -7 -56 0
-57 -66 73 0
-56 72 -75 0
48 61 83 0
-6 62 -80 0
1 -6 92 0
-1 34 -52 0
-4 -82 90 0
5 -55 77 0
-7 -33 55 0
-10 -31 69 0
-4 -26 -89 0
7 33 -71 0
