p cnf 85 323
54 -61 -62 0
-24 -31 0
23 -31 -37 0
-7 66 0
-27 55 0
-44 50 0
22 -41 60 0
-13 83 0
30 40 -63 0
1 63 82 0
-4 49 60 0
12 -50 78 0
20 -65 75 0
-29 -60 0
-29 -44 -76 0
7 -32 -73 0
6 -71 -77 0
45 -69 0
-16 28 -62 0
26 -49 -85 0
-33 77 -83 0
-13 -42 -67 0
-17 -55 -66 0
46 -77 80 0
64 -75 0
33 -45 0
37 53 77 0
-9 -34 60 0
4 39 0
35 -49 69 0
6 -44 68 0
29 -53 -77 0
-15 41 82 0
18 -47 64 0
-34 60 -71 0
-37 -64 69 0
-23 -45 -59 0
56 -58 64 0
55 -57 75 0
-3 -80 0
-15 -34 -44 0
-37 58 70 0
-20 46 -85 0
-7 -8 50 0
28 -42 65 0
9 -60 0
-36 41 0
-15 54 0
18 -34 -40 0
39 45 -49 0
20 38 70 0
-46 -64 78 0
-2 64 82 0
-10 12 29 0
-53 68 84 0
16 -34 -60 0
-7 -32 56 0
56 -61 -82 0
17 70 0
-32 39 48 0
-25 27 -46 0
16 -34 0
-32 37 75 0
-20 -62 75 0
31 -47 -68 0
-8 77 0
-41 67 -81 0
3 -6 41 0
-4 -19 -72 0
22 -65 67 0
-25 -39 79 0
-5 42 -65 0
6 -12 42 0
14 -37 -50 0
17 -42 56 0
4 -35 -58 0
-26 64 76 0
-13 -62 0
-38 -39 0
-10 11 0
16 -34 -83 0
2 3 -13 0
-16 -38 41 0
12 -50 73 0
7 -19 0
5 -66 0
6 -49 -77 0
-63 -73 -82 0
9 -20 -67 0
-1 -9 -27 0
20 -52 -71 0
-12 61 -64 0
18 22 0
16 66 0
-29 -37 51 0
6 -46 -73 0
-38 59 -69 0
19 52 -77 0
43 -77 -84 0
63 -78 0
-26 -85 0
-13 -76 83 0
10 -18 -55 0
61 65 -71 0
40 77 0
-25 65 -77 0
-1 -46 0
29 35 0
8 13 -36 0
64 74 0
55 -58 0
15 37 -80 0
-39 -47 -58 0
-18 -46 49 0
-53 78 0
-9 -63 -70 0
-20 28 43 0
-8 67 -72 0
-32 -42 0
11 -21 0
-31 33 0
30 51 -81 0
49 51 54 0
14 28 32 0
-2 28 0
23 34 -58 0
32 84 0
22 -36 -79 0
14 -42 43 0
1 -41 -50 0
4 -57 58 0
-3 24 -30 0
76 -77 0
17 28 -85 0
30 56 70 0
9 22 -52 0
-12 44 -55 0
23 -52 -85 0
-29 55 -75 0
4 45 56 0
-3 -7 -56 0
22 23 -76 0
35 41 -60 0
3 -13 18 0
77 80 82 0
-44 69 -75 0
-29 -31 65 0
7 -8 -24 0
75 76 0
-54 -64 78 0
-1 -14 -59 0
-9 37 70 0
-72 -74 85 0
27 62 -69 0
53 -81 0
19 -47 60 0
4 -57 -64 0
-4 21 -66 0
-8 -56 -74 0
-9 -43 -69 0
-64 -79 0
17 -38 -59 0
-47 -69 74 0
4 -57 -59 0
-18 39 -63 0
-24 63 -67 0
3 -59 62 0
19 46 0
-12 -65 0
20 62 69 0
4 -79 0
-2 -17 -70 0
21 -48 -82 0
10 20 -23 0
51 59 67 0
-7 28 35 0
-40 61 0
-19 23 0
39 -47 53 0
63 70 83 0
60 -82 0
-59 68 -84 0
-31 -42 -84 0
20 -21 -82 0
-27 -42 68 0
31 -73 84 0
11 -20 -27 0
73 75 0
-6 -8 -60 0
-13 -45 58 0
30 47 48 0
-11 -23 -26 0
47 -81 0
-29 -49 -82 0
-24 -61 0
-14 -84 0
-5 -49 -74 0
2 -51 56 0
4 -24 -31 0
-10 18 -37 0
-11 -35 54 0
-26 -54 -63 0
28 -36 82 0
9 -60 0
-40 79 81 0
-27 -30 69 0
39 -82 0
5 23 -72 0
56 57 76 0
15 40 54 0
66 69 77 0
-36 -71 0
-15 68 0
-7 -27 -44 0
10 -48 85 0
34 -46 78 0
-38 -61 77 0
-5 53 -85 0
-20 39 66 0
9 55 -78 0
-3 8 46 0
-58 -59 -74 0
-73 -79 0
50 -59 -73 0
-34 -46 68 0
-58 -61 -63 0
3 58 -65 0
3 27 40 0
-4 -69 0
-46 -50 52 0
47 -48 60 0
-18 35 71 0
-17 -30 58 0
4 -19 -76 0
-24 -51 -65 0
-39 -67 0
-33 -50 66 0
15 23 0
33 -41 0
6 -12 -29 0
18 78 -81 0
26 41 -53 0
33 35 82 0
44 59 0
32 -60 80 0
-41 -54 -82 0
37 -60 77 0
-15 65 0
17 52 65 0
62 -75 -83 0
14 82 0
19 -53 64 0
48 -63 66 0
-34 -44 79 0
-42 -46 64 0
-41 -54 -55 0
-28 60 77 0
2 -60 75 0
-35 80 0
28 67 -71 0
-42 73 0
8 19 -70 0
-44 50 75 0
-5 36 -58 0
29 44 0
-48 -58 -64 0
-23 -35 -67 0
-32 -65 -71 0
-9 34 -75 0
-22 42 -50 0
29 65 -81 0
-40 -65 0
8 70 0
4 -37 38 0
8 -50 0
-17 -52 0
8 39 47 0
-16 -46 51 0
-35 43 -77 0
-8 13 42 0
-1 13 38 0
19 62 75 0
41 -43 -71 0
-25 54 60 0
29 48 -58 0
14 35 -39 0
49 -72 85 0
7 43 -73 0
51 64 -71 0
13 46 71 0
29 -62 69 0
22 -23 -46 0
32 -56 -79 0
16 -26 0
28 42 -68 0
33 -42 -76 0
57 60 0
37 44 48 0
-38 62 83 0
67 -75 0
-51 56 0
13 40 -78 0
50 -59 76 0
-2 26 49 0
2 -35 0
-8 29 -70 0
9 65 77 0
-3 40 60 0
31 -59 77 0
-9 -59 -85 0
6 7 15 0
-4 -7 34 0
-42 -55 -61 0
3 24 50 0
57 -76 0
-13 -33 -43 0
41 42 84 0
-17 25 42 0
-22 -52 0
21 -67 82 0
-19 51 81 0
17 36 -73 0
-6 -80 83 0
