p cnf 76 271
-14 -15 -51 0
39 -69 -76 0
-25 51 0
-50 62 72 0
18 34 51 0
-13 35 -75 0
7 -31 -52 0
-2 22 -31 0
-12 -23 -24 0
-1 12 0
-2 37 -64 0
10 20 -37 0
17 32 0
-56 61 0
-63 69 71 0
57 -75 0
-28 55 65 0
-36 45 72 0
24 -25 -44 0
34 -58 0
14 -43 0
38 53 65 0
-2 -3 54 0
-21 24 0
-35 -49 76 0
-7 11 -48 0
11 -40 0
14 -62 64 0
-18 -48 -68 0
-21 37 70 0
21 -40 46 0
-20 30 72 0
-40 59 0
32 40 74 0
-12 59 -70 0
47 -61 0
-9 -20 -60 0
-4 -6 -56 0
24 28 38 0
-3 12 -16 0
14 -62 0
-6 -13 -38 0
-41 -54 63 0
3 -41 -45 0
50 -54 59 0
8 -37 70 0
-16 -47 0
55 -61 0
6 54 -57 0
19 -30 -53 0
-67 69 0
-14 -50 68 0
34 54 67 0
30 39 41 0
10 -35 -44 0
27 -74 0
19 29 76 0
-18 23 76 0
-9 -23 0
12 53 57 0
10 -20 -56 0
-58 76 0
-4 -28 -51 0
-4 -12 0
-4 33 -76 0
1 -7 76 0
-31 -52 -64 0
4 -63 -64 0
-4 -15 -75 0
25 -34 74 0
-40 -42 66 0
-3 -24 -71 0
13 58 -61 0
2 3 70 0
-5 9 -68 0
-10 15 -60 0
-40 55 0
-2 -31 -69 0
34 56 0
-50 -61 0
27 -57 64 0
-18 -56 -74 0
44 -75 0
-41 48 66 0
-50 -57 -73 0
-22 -50 0
-24 26 50 0
44 -54 -58 0
17 50 -67 0
-11 -32 -68 0
-37 -38 -49 0
-9 61 -75 0
-24 -40 46 0
-50 53 -67 0
-4 11 0
31 45 -46 0
-8 28 -48 0
-18 21 -64 0
-18 46 -61 0
48 -56 73 0
-5 38 47 0
-34 42 0
30 46 0
36 37 0
-12 18 -43 0
-2 -33 -47 0
34 51 0
4 18 74 0
18 22 25 0
-30 33 -43 0
13 44 0
29 -64 0
14 -21 0
-24 57 0
1 13 -23 0
-43 64 -76 0
2 16 38 0
-38 75 0
26 67 -69 0
-31 -33 39 0
52 55 73 0
32 -48 0
2 5 64 0
-37 67 73 0
-1 5 0
-11 -30 -52 0
-18 -33 -38 0
44 61 -75 0
19 62 73 0
-2 -40 -60 0
-12 58 0
-60 -62 0
39 45 71 0
13 -24 71 0
-32 47 -55 0
17 53 -65 0
4 -12 -60 0
6 48 71 0
-22 -48 73 0
17 -30 -68 0
27 -36 41 0
-11 20 65 0
8 70 -75 0
14 49 -70 0
-23 -29 -31 0
6 -56 -76 0
-1 -43 74 0
36 68 0
-7 -24 0
24 41 0
37 -48 -59 0
-12 -14 75 0
-1 14 -71 0
-25 -44 -58 0
45 51 -52 0
-17 -30 70 0
-7 -62 0
-7 30 -62 0
-41 -44 -65 0
-24 -55 0
7 34 -52 0
-21 31 55 0
-3 -46 0
24 25 74 0
-2 37 70 0
-40 -44 54 0
-34 68 0
8 30 -63 0
1 15 -25 0
6 -10 -15 0
22 48 0
8 13 -40 0
40 -71 0
-31 37 67 0
12 55 -69 0
47 64 0
15 -54 68 0
-12 -29 61 0
-8 35 41 0
-4 -37 0
37 -50 -70 0
-15 48 -75 0
-36 -48 -49 0
3 39 71 0
-1 5 -10 0
-43 -75 0
2 -17 0
-49 63 74 0
-1 -59 0
5 -54 58 0
10 48 67 0
44 50 0
-10 50 0
15 -20 38 0
-17 -25 -48 0
4 65 0
17 -44 76 0
-20 -53 -64 0
-6 40 0
-7 -8 -26 0
12 30 74 0
5 -18 -64 0
7 64 74 0
37 54 0
-43 -57 -60 0
8 42 59 0
32 65 71 0
-11 -13 -41 0
-36 74 0
-40 43 64 0
23 -71 0
13 64 0
12 13 -21 0
-28 62 0
12 -31 45 0
2 -51 0
9 -24 -46 0
11 -16 73 0
-26 45 0
-19 -22 0
6 15 41 0
10 -63 -73 0
48 -51 -64 0
-24 -57 71 0
-1 53 -65 0
-9 37 42 0
-44 -61 0
-33 -43 -71 0
16 18 -76 0
-9 11 -49 0
-53 56 0
-11 46 -73 0
-18 -45 -58 0
-2 16 -43 0
-5 -56 -66 0
3 41 64 0
32 -37 -51 0
-58 63 71 0
53 -76 0
-33 -55 65 0
40 -59 -74 0
-26 31 68 0
14 20 -69 0
4 -5 -31 0
-52 -58 -72 0
-35 -39 0
-30 -42 45 0
-17 66 -71 0
64 72 0
-23 33 -51 0
-16 71 0
7 52 56 0
-8 37 -58 0
-7 11 -76 0
-65 -73 -76 0
-52 69 0
-41 -46 0
23 34 0
-5 42 -68 0
5 -6 -23 0
-22 33 -36 0
14 -31 -42 0
48 -55 -68 0
-15 24 -53 0
40 -62 0
17 21 -43 0
34 35 68 0
-7 23 -48 0
-11 -59 70 0
7 32 71 0
-19 52 0
