p cnf 90 336
18 -68 -83 0
-28 39 -64 0
4 -58 -85 0
15 -49 -53 0
-58 -59 60 0
24 -74 76 0
-37 57 83 0
-16 -50 53 0
23 32 -77 0
42 68 -69 0
42 88 0
6 -62 71 0
-42 -57 -65 0
12 -19 -32 0
-6 35 62 0
-76 79 0
-60 -83 -87 0
-54 -73 90 0
-27 33 -60 0
-24 42 87 0
-64 76 84 0
-52 -65 83 0
-16 -69 82 0
-19 37 -49 0
-36 78 0
-10 -35 -79 0
7 -71 86 0
-53 -81 82 0
-31 -61 69 0
14 19 -49 0
-3 43 48 0
-57 82 84 0
-2 66 -87 0
-73 -74 -86 0
-4 39 -48 0
-16 24 -27 0
32 41 -88 0
-28 54 -62 0
-21 -33 -43 0
25 60 66 0
-35 40 -88 0
33 34 48 0
19 50 -74 0
-21 -50 60 0
23 -56 -65 0
37 -49 -66 0
-20 85 87 0
-3 6 -58 0
-24 60 0
15 30 0
-12 -26 59 0
-6 -8 -30 0
-5 -45 59 0
-68 70 -71 0
-8 12 81 0
-25 42 83 0
13 -35 62 0
26 61 67 0
-32 -50 -81 0
-14 -19 28 0
-28 -50 -88 0
26 40 -69 0
-11 12 19 0
-80 87 88 0
33 -35 -42 0
-10 -36 66 0
14 -37 -67 0
50 89 0
-1 -3 9 0
1 -29 -79 0
9 25 66 0
-26 53 -83 0
8 17 0
-39 41 -42 0
51 -70 -77 0
-7 37 -76 0
12 22 58 0
10 42 56 0
3 -7 85 0
55 -60 82 0
11 37 -78 0
-19 -42 51 0
-54 59 -66 0
36 64 -67 0
1 28 66 0
12 -39 67 0
-41 -46 -76 0
-9 26 -43 0
-17 -40 45 0
7 30 70 0
-38 -80 -87 0
24 53 90 0
20 -43 62 0
-27 -42 0
47 78 -89 0
47 51 80 0
3 -16 63 0
37 50 -74 0
15 -19 -62 0
-17 -25 -41 0
-45 -51 0
21 -43 -59 0
-6 -27 46 0
-26 55 -68 0
31 -63 84 0
-48 -69 -75 0
-8 -40 90 0
28 -54 78 0
-25 -32 -83 0
19 42 57 0
36 49 0
-22 81 86 0
2 68 83 0
-10 78 0
5 -59 71 0
37 53 0
-61 -75 86 0
1 -52 -72 0
28 30 34 0
9 -33 -34 0
-10 -37 80 0
51 -62 -77 0
39 49 0
-7 -51 -58 0
-1 34 -74 0
-12 33 -37 0
32 -34 40 0
-4 -54 80 0
17 46 -86 0
9 68 -83 0
8 -62 -70 0
-7 22 -66 0
1 24 88 0
-4 18 -27 0
-7 -49 -51 0
-11 26 48 0
36 -37 -73 0
8 -13 0
-47 -55 -83 0
-66 76 80 0
-18 26 74 0
3 -20 0
-21 27 90 0
-14 -78 -85 0
15 69 83 0
-5 22 -38 0
25 -67 72 0
44 63 72 0
3 -42 -82 0
20 -21 64 0
18 -70 -74 0
4 -23 -90 0
15 -50 -59 0
-62 -63 0
2 46 -63 0
-14 25 -68 0
54 -58 90 0
14 27 -46 0
56 67 80 0
26 -42 -83 0
-3 21 62 0
-30 67 87 0
-8 -60 -63 0
-10 -59 0
-6 52 60 0
36 57 -71 0
41 42 89 0
-31 72 84 0
2 29 73 0
7 -49 -64 0
-36 41 -57 0
35 37 57 0
70 75 0
-42 55 78 0
38 75 88 0
4 5 64 0
-1 -2 29 0
-12 -24 -34 0
45 57 -78 0
10 -61 86 0
-1 23 54 0
-57 64 -81 0
34 -45 -65 0
24 26 63 0
37 -58 73 0
-63 77 -82 0
10 25 45 0
11 -61 -69 0
2 27 -38 0
-4 -5 43 0
34 73 -82 0
-13 47 84 0
-5 -14 44 0
-23 -49 -55 0
12 -19 34 0
12 69 70 0
1 -18 66 0
13 46 55 0
-13 18 -70 0
60 74 -76 0
77 80 0
-28 45 0
2 -90 0
-5 -81 0
-34 -57 69 0
-33 -44 -87 0
-12 81 0
34 -40 -68 0
7 50 89 0
-1 -44 -62 0
-23 52 -86 0
17 24 -58 0
10 -17 -64 0
21 -34 -49 0
-8 -33 55 0
32 49 -60 0
34 -46 -87 0
-1 22 40 0
-6 52 -69 0
-22 70 -71 0
-16 41 77 0
48 -62 -88 0
-2 -10 63 0
-16 -38 0
-18 -22 -72 0
-21 -22 34 0
-17 37 -78 0
35 -73 87 0
35 45 -50 0
6 12 -45 0
3 -74 81 0
18 57 -80 0
16 -28 55 0
-31 -61 80 0
-30 52 76 0
-16 -62 0
42 79 -86 0
63 -64 74 0
-7 31 75 0
6 15 -17 0
34 -67 -79 0
3 37 0
18 -35 -43 0
-50 -63 89 0
-13 -17 0
-48 63 66 0
4 -48 0
-21 42 -55 0
-15 19 56 0
42 83 84 0
36 71 -87 0
-30 38 0
-7 29 -45 0
-51 -61 68 0
65 -74 -79 0
-32 -57 87 0
3 32 -88 0
4 -81 0
-30 56 -81 0
45 74 79 0
36 -51 -90 0
-42 -47 -53 0
-17 61 -64 0
61 -81 -85 0
-22 -40 61 0
11 -33 72 0
41 84 90 0
38 53 -61 0
3 36 62 0
-44 53 55 0
25 45 75 0
17 81 89 0
-11 -54 59 0
-10 68 0
-12 -63 -69 0
26 43 -58 0
-9 -48 58 0
72 77 0
21 -50 62 0
9 -22 86 0
30 62 79 0
-33 -43 -50 0
27 -58 -67 0
-17 27 -68 0
-4 47 80 0
-33 54 -63 0
70 80 86 0
-33 -49 -71 0
-38 50 66 0
49 -70 90 0
9 32 48 0
55 -65 73 0
18 -47 -65 0
-14 -68 -85 0
47 63 65 0
-44 82 -86 0
-52 -61 81 0
-34 55 -90 0
-34 -42 81 0
-13 -14 80 0
-14 37 0
6 -20 -77 0
-12 50 84 0
30 -47 0
-7 -8 78 0
30 -75 0
14 85 -89 0
37 -55 88 0
69 -75 -83 0
13 -16 -48 0
28 43 -78 0
52 -69 0
-34 -83 85 0
24 25 -66 0
17 -46 72 0
22 -57 -63 0
53 87 -88 0
54 67 82 0
2 -27 70 0
10 11 27 0
-10 -26 -51 0
16 59 71 0
-20 -22 -31 0
-8 90 0
40 -44 60 0
38 81 -90 0
-38 90 0
-10 -57 62 0
32 34 40 0
-2 13 0
6 -23 -37 0
-3 39 44 0
-34 -58 64 0
1 4 -40 0
59 -64 80 0
39 43 73 0
