p cnf 65 189
5 41 -47 0
-3 56 -58 0
10 -17 34 0
3 -15 -54 0
-26 -51 -62 0
-25 -30 46 0
52 58 0
-12 -32 0
22 -28 38 0
25 -49 -60 0
14 -26 32 0
12 -21 -24 0
-12 44 -47 0
-20 -49 0
23 37 38 0
5 60 0
-6 55 65 0
13 41 -47 0
-47 -63 0
9 -34 0
29 -40 -58 0
13 -19 30 0
-7 40 51 0
-8 44 61 0
7 22 0
28 59 64 0
-5 11 56 0
-27 41 58 0
41 -43 -55 0
-13 -44 61 0
2 -6 0
7 -48 0
15 16 0
4 22 -53 0
10 -53 60 0
-27 32 52 0
6 -9 54 0
-24 41 64 0
42 46 0
1 9 59 0
-3 31 0
16 -35 -39 0
8 16 -65 0
14 38 -39 0
-36 -52 0
22 -29 0
19 -31 48 0
-13 -17 30 0
11 -23 0
46 -51 0
-10 -17 57 0
-23 44 58 0
-22 -36 0
50 53 54 0
-1 -30 36 0
37 -54 0
-2 52 0
4 6 34 0
-19 -55 0
41 -59 -62 0
7 -22 41 0
4 24 43 0
57 58 -63 0
4 -9 -14 0
15 -57 -64 0
-3 12 27 0
-30 -41 -64 0
-24 63 0
-2 6 -55 0
8 -41 0
5 18 -33 0
-6 42 -55 0
-15 -29 35 0
-1 12 22 0
4 -45 0
-33 41 61 0
42 46 0
4 26 -36 0
-9 52 0
22 -38 50 0
17 29 -45 0
-2 5 -24 0
15 46 -58 0
-16 -26 -43 0
-32 -55 0
7 36 0
5 -57 0
6 -13 -62 0
-7 -12 -32 0
30 45 48 0
-18 44 0
-9 17 0
9 33 -53 0
61 64 0
-15 -41 55 0
46 -64 0
3 -15 0
46 59 0
-30 -41 0
7 10 -43 0
16 46 54 0
-1 -39 -57 0
-16 -20 -30 0
16 -27 51 0
21 37 0
11 -15 0
-41 51 56 0
27 34 0
11 -12 -13 0
-46 55 0
-40 60 64 0
-2 -42 -50 0
35 58 0
-34 -45 -54 0
16 -38 53 0
-3 -28 0
-5 29 -64 0
-8 -55 0
-13 31 36 0
-3 51 0
-14 -23 55 0
3 -23 45 0
-8 -26 0
17 31 -59 0
-11 -12 39 0
24 29 51 0
5 -12 0
-11 -22 -49 0
4 35 0
4 13 0
3 14 52 0
-57 60 0
5 14 0
-31 -58 0
6 25 0
9 -60 0
-1 41 -51 0
-21 35 0
13 -59 63 0
-45 60 0
14 21 43 0
-16 24 -31 0
-28 31 0
-10 -13 37 0
-8 31 37 0
58 64 0
40 -59 60 0
9 50 0
-34 -52 -57 0
-33 -35 0
6 30 -43 0
-21 -41 62 0
-7 11 0
57 -65 0
13 -29 0
-4 28 -45 0
-38 -47 0
-10 -39 45 0
-7 9 -19 0
-26 -32 0
-34 -57 0
5 -9 21 0
-12 31 0
-17 49 0
-35 -41 0
-35 -52 0
-4 -16 -27 0
-12 -46 0
-15 21 0
-13 48 -59 0
-13 41 0
3 -36 0
10 -13 -31 0
11 -31 -58 0
8 31 -35 0
4 23 0
5 -29 0
-28 -29 0
-32 50 61 0
-47 54 -58 0
-25 59 0
-53 55 65 0
22 -47 0
-24 45 0
10 -33 -36 0
-15 -54 0
-13 27 33 0
8 53 0
19 -56 0
