p cnf 91 350
-17 28 63 0
61 -66 79 0
-2 34 75 0
-19 -43 -50 0
34 43 79 0
-11 -15 88 0
74 -82 -88 0
-27 -46 55 0
42 56 60 0
11 -63 84 0
8 -20 -56 0
-67 -70 0
-18 -29 0
3 -49 77 0
-8 31 -69 0
7 -71 81 0
2 8 -52 0
-23 81 0
7 -46 61 0
-24 38 41 0
26 62 -81 0
7 -30 -38 0
-15 44 55 0
-1 -5 -30 0
69 -77 84 0
-31 -32 91 0
-18 -49 0
-34 -41 -51 0
-67 -90 0
28 -45 83 0
3 -5 18 0
-4 64 90 0
-55 -56 74 0
6 28 -86 0
14 -30 -42 0
8 -32 -39 0
15 34 -41 0
18 31 -77 0
-48 -74 -85 0
13 41 -53 0
-1 29 34 0
3 -47 0
-12 19 71 0
-1 33 0
39 -70 -79 0
-25 -60 77 0
-7 -61 79 0
27 -67 74 0
27 -45 -86 0
-17 76 -89 0
-73 76 -87 0
63 -76 -81 0
-9 -14 -36 0
4 -49 -80 0
1 -19 -39 0
-53 -74 -84 0
-14 15 30 0
10 -41 -52 0
-7 -16 75 0
-6 53 59 0
33 47 -50 0
-3 -53 0
7 15 48 0
33 -38 54 0
-13 -22 0
12 -33 -62 0
43 -89 0
-52 83 91 0
29 50 0
11 48 0
24 -44 -65 0
16 33 43 0
3 73 0
25 -43 77 0
6 53 70 0
39 47 53 0
-10 26 -87 0
-3 10 -71 0
-9 46 0
42 -53 -86 0
6 39 58 0
-28 60 -80 0
21 49 -61 0
8 -43 -45 0
-9 -43 65 0
3 35 84 0
12 -79 86 0
-68 -87 0
21 -63 0
37 52 60 0
50 -63 -72 0
2 9 -46 0
54 -77 78 0
5 6 -46 0
48 52 -87 0
-21 -81 89 0
10 35 -47 0
-2 -36 48 0
34 76 -91 0
16 -32 58 0
6 -7 -49 0
2 -12 61 0
-18 -32 53 0
-25 -32 57 0
22 46 -68 0
5 85 -86 0
-2 -3 73 0
22 -41 50 0
-9 -56 -74 0
14 76 -87 0
73 82 84 0
12 -26 -48 0
14 -38 48 0
4 -70 -85 0
-8 12 -81 0
3 18 -20 0
17 -58 71 0
36 -63 0
-23 33 46 0
-15 -20 -24 0
-16 -43 -70 0
32 39 -64 0
-5 39 -71 0
25 -40 49 0
22 -61 -75 0
48 -79 -91 0
-27 41 54 0
-13 18 47 0
1 63 86 0
10 -39 -70 0
-10 -62 85 0
6 -23 -67 0
-7 47 -48 0
24 -26 65 0
23 -30 -55 0
-55 57 -77 0
-9 17 79 0
-21 40 44 0
64 65 0
19 -24 -25 0
22 -53 85 0
-23 -44 56 0
15 -34 89 0
-16 -38 -65 0
16 -67 0
42 -48 49 0
-26 83 0
-49 -59 -69 0
44 66 0
-17 49 -79 0
-24 -67 0
-50 -57 -73 0
-16 24 -25 0
-42 -64 69 0
5 64 -80 0
-19 49 -53 0
44 -70 76 0
47 64 0
37 72 -74 0
5 14 -58 0
21 -54 57 0
-16 -62 77 0
-41 59 67 0
-10 -36 44 0
-4 -47 88 0
-2 -46 84 0
-50 54 -89 0
-3 10 -35 0
9 -17 -33 0
-34 -66 79 0
-13 -25 89 0
58 77 81 0
4 38 80 0
-33 -42 -87 0
-41 58 -81 0
10 41 51 0
37 47 -75 0
-10 -40 -41 0
23 64 69 0
53 61 83 0
-47 -58 0
11 -45 -68 0
25 26 66 0
-4 6 31 0
-7 36 44 0
10 -13 0
-4 20 -70 0
-25 47 0
-45 -48 -54 0
-11 47 -72 0
-10 34 -54 0
2 -31 -85 0
-27 -65 -79 0
-36 56 -79 0
52 53 59 0
7 -17 23 0
15 49 -64 0
-52 73 82 0
59 -60 64 0
-26 46 81 0
-23 -49 -86 0
-20 -41 48 0
-1 14 -65 0
8 -25 -32 0
-18 76 79 0
-7 10 -69 0
26 -74 88 0
6 -69 -82 0
-20 -53 -84 0
-9 23 42 0
25 41 53 0
-11 -49 -56 0
-38 -72 0
-9 17 84 0
-16 -40 -77 0
-56 -66 0
-37 -66 -69 0
47 51 -76 0
12 -16 0
18 -24 32 0
-79 -86 87 0
-73 81 0
3 -36 37 0
12 47 0
37 -45 67 0
-19 -61 -62 0
-11 -55 -79 0
-49 -87 90 0
7 -23 24 0
-47 49 59 0
-20 78 0
-30 -44 84 0
11 29 -79 0
1 44 84 0
22 39 -43 0
14 -51 76 0
36 -84 0
-46 -47 -60 0
-22 48 -69 0
19 33 58 0
-20 -32 51 0
18 -27 62 0
-4 -56 -66 0
21 45 -82 0
-28 48 -91 0
-59 -79 0
40 -79 0
24 -29 0
-1 -2 -13 0
11 43 -55 0
34 67 -69 0
-25 66 86 0
-18 -39 -58 0
19 -70 71 0
27 -70 91 0
-43 -44 -90 0
-36 37 38 0
23 -70 -77 0
-21 53 77 0
12 -42 52 0
-11 22 60 0
57 -60 91 0
-12 -68 72 0
-57 -64 89 0
-6 25 45 0
19 45 -62 0
-14 17 -31 0
42 46 72 0
4 -29 39 0
45 84 0
-36 -45 -64 0
-76 -78 86 0
5 43 -61 0
-28 86 0
12 -44 52 0
-44 -87 0
-36 41 -68 0
10 -25 -53 0
16 -30 -34 0
30 52 61 0
-31 56 58 0
42 -56 -75 0
-10 -40 -78 0
-9 57 0
19 -56 -62 0
33 -49 -66 0
41 -53 -88 0
-11 20 73 0
12 -59 80 0
-23 -40 0
-43 -72 -73 0
31 35 0
18 43 56 0
-6 76 -77 0
32 -71 0
62 83 -86 0
20 -40 -59 0
-14 33 -42 0
41 -47 -59 0
25 40 -87 0
-68 -70 0
37 43 -91 0
22 -63 -86 0
-11 -12 91 0
29 -59 86 0
-59 65 72 0
16 28 -29 0
-22 57 -65 0
3 -29 54 0
-28 -62 -82 0
24 -56 84 0
-17 -74 0
15 69 -76 0
-41 -59 0
23 26 -45 0
16 -63 -82 0
23 56 -75 0
-20 28 51 0
11 -18 -41 0
19 -26 53 0
40 45 50 0
-34 -67 -87 0
-18 72 0
34 -61 63 0
-38 -59 -85 0
-16 61 -87 0
32 -90 0
20 31 -36 0
48 52 67 0
35 -50 -78 0
-1 86 -91 0
-30 38 70 0
-3 79 91 0
23 24 48 0
-23 -47 -51 0
-78 -80 -90 0
20 25 -69 0
23 -55 0
18 89 -90 0
-17 -34 -35 0
-4 -32 0
-34 60 89 0
-59 -68 74 0
-19 -58 -68 0
-22 81 -87 0
15 -55 -65 0
-25 -38 -76 0
-19 28 65 0
17 -51 76 0
20 54 79 0
