p cnf 85 318
22 -63 72 0
-2 10 45 0
63 -71 81 0
-3 67 83 0
60 -62 83 0
36 -58 83 0
15 26 31 0
34 74 0
46 -53 0
5 9 -31 0
15 -50 0
27 -41 -56 0
-12 -49 53 0
21 65 71 0
-3 -69 76 0
6 75 0
23 44 -57 0
19 22 59 0
-54 63 66 0
-39 -70 -79 0
-23 -66 0
-1 -58 0
30 50 -72 0
24 -32 0
-7 -17 -76 0
3 -20 -30 0
-28 44 -85 0
-1 -37 40 0
-47 -48 55 0
-6 -10 -66 0
-46 -57 85 0
1 -13 -68 0
19 45 -51 0
-47 57 0
23 44 0
1 -31 -49 0
40 -43 82 0
39 -59 -67 0
33 56 0
39 66 0
-18 25 0
30 40 78 0
23 61 69 0
-52 64 68 0
-49 -67 -74 0
1 -58 81 0
-13 51 -62 0
44 -53 -77 0
49 81 0
17 -39 -41 0
22 49 0
-51 52 81 0
-55 65 74 0
-52 -84 0
15 -40 57 0
10 -20 -80 0
18 -26 -45 0
84 85 0
-17 63 -85 0
18 63 -79 0
26 40 0
11 52 -58 0
32 66 0
37 -41 -50 0
77 81 -84 0
-20 23 42 0
19 29 0
3 42 -66 0
26 45 57 0
32 -56 -58 0
-12 67 76 0
-20 -22 84 0
4 14 82 0
-18 85 0
6 -20 0
-44 -56 -83 0
6 -57 -68 0
2 -21 -43 0
25 64 -81 0
-57 63 80 0
33 -34 -60 0
-30 79 0
10 -12 37 0
9 -36 70 0
18 -49 72 0
-8 75 77 0
12 -17 32 0
-24 -44 81 0
5 7 -20 0
4 49 -58 0
-11 23 -63 0
20 80 0
-7 69 0
-15 42 -53 0
-46 66 0
10 50 0
18 -85 0
-17 66 -84 0
-73 75 -79 0
9 60 74 0
-27 -32 0
-15 72 0
-22 27 -50 0
47 85 0
-7 -9 0
-48 -77 0
-12 -25 77 0
31 50 84 0
-49 55 0
-29 -35 84 0
21 52 -66 0
4 71 0
-2 -15 -78 0
7 18 0
-7 -22 -48 0
28 -59 73 0
30 49 57 0
22 39 0
21 -48 0
1 -50 -72 0
2 52 -79 0
9 -24 61 0
60 65 -79 0
-3 17 18 0
-13 57 0
33 -67 71 0
-13 67 74 0
54 61 -78 0
-26 -45 75 0
10 -23 0
-57 70 -76 0
61 66 82 0
37 -48 65 0
69 82 0
-3 13 72 0
18 -66 -74 0
8 -33 -79 0
21 -32 39 0
26 -37 -50 0
-64 -66 69 0
-8 66 -83 0
-20 -52 54 0
32 42 -83 0
20 -44 -68 0
-3 -6 -27 0
41 -78 0
37 -48 -71 0
13 -65 -76 0
36 49 56 0
-24 -27 -83 0
-45 62 85 0
-17 62 0
13 -25 -58 0
-17 -19 -58 0
-2 -19 39 0
36 56 -75 0
33 65 83 0
-7 -50 -66 0
-64 85 0
34 63 -64 0
-45 66 70 0
-31 -42 -72 0
-19 23 -34 0
-78 79 -85 0
-7 39 -75 0
22 -37 45 0
-9 22 -58 0
24 -74 83 0
-31 -77 -79 0
53 54 61 0
-3 47 -76 0
-46 -80 0
32 79 0
1 22 34 0
-63 74 -75 0
24 -43 0
52 -66 0
-19 62 -66 0
1 -27 -32 0
-42 -63 -71 0
21 46 -66 0
-14 -27 0
13 -14 55 0
-41 -61 0
-27 -55 59 0
-15 46 61 0
-46 66 -73 0
40 -48 -75 0
45 62 -68 0
-29 54 -83 0
-16 -50 -85 0
-26 50 -59 0
7 -27 -74 0
-47 59 -80 0
25 43 -63 0
-32 -40 0
36 -50 -56 0
27 56 -61 0
-2 -27 42 0
-29 -42 -62 0
51 62 82 0
-19 -21 43 0
-1 6 0
22 -45 56 0
-55 -60 -72 0
12 38 49 0
-41 70 74 0
29 30 84 0
4 -27 -64 0
7 16 62 0
-52 65 0
6 30 79 0
-2 -23 -41 0
-30 -56 -74 0
-12 77 0
7 69 0
20 55 0
5 -32 -59 0
-14 -41 0
1 35 -55 0
48 -53 58 0
-10 -85 0
-30 -73 75 0
48 49 -85 0
-57 67 0
9 78 0
-22 71 80 0
-9 -83 0
14 33 49 0
-13 59 72 0
3 20 -36 0
-33 -36 44 0
-5 -25 65 0
27 -64 -79 0
-8 14 -76 0
53 56 81 0
-57 -77 0
-35 -63 -70 0
-9 13 -77 0
45 56 74 0
7 -22 -80 0
-46 78 84 0
6 -72 -85 0
-42 65 0
-32 63 -82 0
-29 -51 0
5 57 0
26 53 0
-13 -47 -77 0
-53 61 -78 0
-13 -60 -74 0
39 -60 -63 0
5 -60 77 0
26 49 -81 0
-34 47 0
43 -44 -73 0
-2 -8 17 0
18 -28 48 0
21 58 -66 0
-47 56 0
60 75 -77 0
-24 46 67 0
71 82 0
-20 -42 67 0
3 -66 67 0
32 -33 -34 0
-15 -26 -83 0
-17 45 67 0
-39 -45 61 0
15 -25 52 0
-1 45 -50 0
-5 -56 -70 0
-15 16 31 0
8 -13 -72 0
44 69 0
-15 -66 -82 0
35 -53 -82 0
8 -78 0
21 -45 60 0
37 44 49 0
-40 51 60 0
-56 63 83 0
-17 -43 61 0
4 -82 0
47 -65 0
43 63 -82 0
-3 16 49 0
62 -64 -74 0
-12 -38 -45 0
62 67 0
-35 -44 -49 0
13 -81 85 0
11 24 0
16 -51 57 0
24 -33 0
-13 -52 -64 0
40 -71 -76 0
-14 33 37 0
-39 50 58 0
60 -61 0
-52 -75 0
14 -27 58 0
-33 38 -39 0
44 -59 0
6 73 -84 0
11 -37 0
3 26 -55 0
11 -36 83 0
35 -47 54 0
-9 72 81 0
11 14 42 0
-21 -64 0
31 50 78 0
-6 10 -72 0
-44 63 0
41 62 -83 0
20 42 52 0
10 30 38 0
