p cnf 88 326
-30 -57 0
20 -49 65 0
12 -52 0
-8 17 32 0
-30 57 -58 0
20 -22 -46 0
-1 -46 -69 0
4 -31 62 0
50 -68 0
12 -23 -52 0
3 -65 71 0
14 -35 57 0
-2 15 52 0
-11 -25 -69 0
-6 54 0
-62 -70 0
-13 -83 -87 0
1 -11 -40 0
-14 -52 86 0
2 -55 0
-62 -65 67 0
13 41 -57 0
9 -14 -79 0
40 74 -77 0
-27 -29 88 0
38 -43 63 0
-18 -30 -79 0
-38 46 -74 0
9 42 77 0
6 47 75 0
-11 24 -88 0
-4 -9 -11 0
-20 -53 -55 0
37 61 -82 0
-57 77 86 0
7 50 76 0
10 48 -88 0
49 67 71 0
9 -22 31 0
29 38 0
8 33 -75 0
-31 -79 0
45 81 -88 0
22 -42 -61 0
27 29 -65 0
-34 -47 0
-9 63 -64 0
28 65 -69 0
-22 76 -83 0
26 -70 75 0
-70 78 0
11 -20 -81 0
41 50 -54 0
-2 13 44 0
13 -38 0
14 -29 -58 0
37 71 0
-43 -55 -59 0
-5 -36 -52 0
21 38 77 0
-30 -35 57 0
-52 -69 -70 0
-35 76 -88 0
-25 -35 -49 0
29 -54 82 0
-9 -21 -84 0
-31 42 -55 0
6 13 -58 0
30 48 0
-28 54 -80 0
-2 72 -84 0
51 59 80 0
-12 29 80 0
30 45 0
21 -58 0
-10 -74 75 0
66 -78 0
-9 -85 0
21 64 88 0
-21 29 -30 0
28 -72 85 0
-71 -72 82 0
45 -63 -73 0
6 45 -81 0
-41 51 82 0
-24 -37 40 0
6 -22 74 0
40 57 85 0
-7 -65 -73 0
4 -58 0
3 47 0
-1 86 0
86 -87 0
-8 -74 80 0
35 -84 0
47 68 80 0
27 80 0
9 66 -74 0
3 -11 -88 0
5 -80 0
-20 72 -85 0
-36 -74 75 0
-18 19 -55 0
-35 52 -57 0
41 -44 51 0
2 31 -49 0
-11 26 42 0
-9 -47 80 0
1 -45 -64 0
5 15 -44 0
-20 25 -36 0
55 87 0
26 63 81 0
14 51 -69 0
46 -61 0
-15 29 -65 0
-20 23 0
11 -15 76 0
61 -68 -69 0
9 21 -32 0
8 41 -84 0
-5 -32 56 0
58 60 75 0
9 -40 -75 0
14 -57 71 0
-41 -58 72 0
4 -23 -51 0
-7 63 81 0
-30 -78 0
-14 26 -79 0
16 -52 67 0
1 27 -51 0
27 -64 -65 0
42 43 86 0
11 -13 28 0
24 63 0
22 -49 66 0
-29 -58 0
-40 51 -80 0
-56 59 65 0
-12 34 -56 0
-17 -38 75 0
4 -30 83 0
20 26 0
24 -43 -73 0
-38 56 -70 0
14 70 -80 0
-13 45 -50 0
4 -56 -57 0
-4 -16 46 0
-36 -42 0
12 -15 63 0
-40 -51 88 0
41 45 60 0
11 -60 0
-29 -31 0
-1 36 55 0
-28 46 62 0
-37 -49 0
-16 -76 0
18 27 -46 0
-53 -70 0
-33 77 83 0
-11 25 86 0
-45 46 52 0
5 -67 68 0
-17 -39 79 0
-41 -85 0
32 48 -74 0
-47 -51 0
13 66 88 0
66 -71 86 0
4 45 87 0
7 10 -36 0
5 45 0
-18 -45 -51 0
-12 -25 73 0
-12 39 50 0
-29 -32 -58 0
26 -73 0
-7 57 0
16 -88 0
28 -58 -73 0
-26 -46 -58 0
6 -33 48 0
14 64 0
-42 43 62 0
30 -37 -66 0
-13 -36 -84 0
-9 58 -75 0
-36 53 62 0
53 -61 74 0
52 -77 -79 0
-3 -25 -48 0
-6 -7 29 0
26 36 -57 0
2 -4 -38 0
-34 71 -81 0
31 51 64 0
64 -75 0
1 -3 0
-20 -38 0
41 -52 -67 0
1 -46 -71 0
12 31 -47 0
-15 19 86 0
30 68 88 0
-61 66 84 0
36 -44 63 0
68 -74 0
38 62 -80 0
-24 -26 79 0
-48 -76 0
-19 28 -32 0
11 41 59 0
4 -21 66 0
-46 79 0
25 -35 43 0
9 82 0
44 -86 0
28 -47 -49 0
34 73 0
1 53 -65 0
34 46 -51 0
5 -22 81 0
-9 -71 72 0
-30 38 87 0
12 -13 -74 0
-4 42 65 0
36 -51 -79 0
-35 42 74 0
59 88 0
-20 23 64 0
37 -49 -59 0
-11 13 42 0
-42 -47 65 0
22 66 77 0
51 -78 -85 0
-26 -27 59 0
-7 -81 -87 0
-7 39 48 0
-8 -82 0
-52 -65 68 0
13 -24 27 0
18 -21 -77 0
-15 74 -83 0
-2 -8 -63 0
21 -43 -71 0
38 -49 65 0
21 54 63 0
37 -67 0
36 44 81 0
25 36 0
-20 -30 -62 0
-18 -33 67 0
-56 74 -77 0
14 47 0
15 -48 69 0
-44 -45 56 0
-13 66 -77 0
12 25 45 0
8 24 71 0
-4 8 24 0
3 29 32 0
-41 48 -53 0
1 -78 0
-30 -43 87 0
-7 -15 0
17 45 48 0
7 11 -76 0
17 -65 -79 0
-4 59 0
24 40 -51 0
-62 -71 -77 0
-22 24 -72 0
11 -34 -82 0
-25 -27 -53 0
26 39 43 0
53 62 63 0
15 -46 77 0
-38 56 0
61 -83 0
13 52 -57 0
-47 55 -62 0
-15 -62 0
65 72 0
-12 46 -58 0
20 34 87 0
-22 -74 0
-1 -24 69 0
-20 30 76 0
18 53 0
37 38 83 0
23 46 82 0
-42 -76 -82 0
30 53 -58 0
-4 -37 -76 0
-26 -44 -63 0
-16 83 0
9 -26 33 0
-35 39 -82 0
40 42 75 0
25 -39 -62 0
-5 8 87 0
26 30 83 0
34 -35 -42 0
-56 -59 66 0
-70 73 -81 0
-1 -5 -10 0
-69 78 -84 0
6 -34 -51 0
-16 -32 -41 0
-4 -22 -38 0
15 -41 0
-28 -41 88 0
-4 -40 -51 0
26 52 -58 0
-50 58 72 0
1 44 -74 0
-3 14 22 0
-7 -28 48 0
61 72 0
12 -26 -44 0
49 81 0
-40 -77 88 0
-7 41 0
