p cnf 73 252
-3 -11 -12 0
8 19 54 0
6 -9 -32 0
-3 8 72 0
-18 68 0
-17 38 49 0
3 -38 -57 0
-14 -32 0
-14 -20 61 0
14 -29 -72 0
-67 -68 0
12 20 28 0
-5 -45 -47 0
-13 -19 67 0
42 57 -59 0
-37 51 -60 0
-2 -65 0
10 42 -66 0
-54 58 -59 0
-18 -21 37 0
23 60 0
-10 -14 -56 0
11 -23 0
-38 -44 68 0
-25 -26 -70 0
9 61 -65 0
-37 45 -46 0
15 -17 0
2 54 65 0
3 53 0
17 -52 0
-16 28 -70 0
13 -43 0
13 -42 56 0
50 -55 56 0
12 66 0
2 -3 -18 0
12 -49 73 0
-21 -39 49 0
-23 63 0
38 59 -61 0
41 47 -73 0
20 41 63 0
37 -59 0
-9 -10 0
7 13 73 0
4 52 0
-3 4 -16 0
44 -58 0
-13 -14 0
48 -63 70 0
-23 27 0
-31 -51 0
23 40 63 0
39 -56 0
14 32 -34 0
20 26 32 0
-17 64 0
28 34 68 0
2 58 63 0
20 -25 -37 0
-28 65 0
13 -30 -68 0
-10 29 -56 0
42 -68 0
14 27 28 0
-16 33 -71 0
-14 -28 31 0
-46 -54 61 0
1 -65 0
-29 -66 0
-59 -69 0
-43 -50 64 0
-24 -25 -34 0
3 -45 0
9 -70 0
4 12 16 0
-19 -64 65 0
9 63 0
7 -21 -69 0
26 -36 -69 0
-29 -39 0
16 -69 0
-27 -43 -71 0
22 40 71 0
8 18 42 0
14 49 -59 0
-41 -53 72 0
8 32 59 0
24 -49 0
17 25 -40 0
-14 35 -40 0
9 48 0
15 -64 0
-8 28 34 0
-24 45 -61 0
-1 70 0
-52 -57 64 0
5 34 -38 0
23 61 0
-47 59 0
-10 -58 0
6 -20 -59 0
2 -19 0
4 -26 -45 0
6 -17 0
-60 -68 0
-1 39 -57 0
17 -58 59 0
30 46 -72 0
30 55 -64 0
-3 11 -23 0
37 -57 62 0
6 12 -35 0
-24 55 -59 0
-4 -45 51 0
29 -46 50 0
39 48 49 0
13 -28 -36 0
23 43 0
27 -44 -67 0
-10 -21 -37 0
51 -56 0
60 69 0
6 29 -36 0
31 -48 69 0
42 -59 -69 0
-19 49 -56 0
45 61 0
8 50 0
7 -29 48 0
-24 33 0
24 48 0
-32 -37 -55 0
-15 -29 -46 0
11 -33 37 0
-4 -10 -39 0
-7 -51 56 0
53 -56 70 0
28 -30 38 0
-17 47 -58 0
29 34 -46 0
-6 -36 -51 0
2 -11 14 0
-7 10 69 0
11 21 -72 0
-2 4 -55 0
-1 62 64 0
-17 -20 -50 0
50 -58 0
33 -53 0
67 68 0
16 -30 0
2 -17 -40 0
-10 21 0
30 -38 52 0
-3 -21 0
9 37 0
-4 5 61 0
25 42 -51 0
-24 36 -49 0
-37 40 63 0
33 -46 -49 0
25 27 -33 0
-38 -45 -59 0
14 -38 -70 0
23 -33 69 0
19 21 -64 0
-11 -17 -70 0
-6 18 31 0
-32 -38 -69 0
-58 -64 -67 0
2 20 -47 0
5 17 22 0
-31 -32 33 0
-18 -62 0
-12 -34 -52 0
19 -45 65 0
58 70 0
-14 -43 -70 0
-67 69 -72 0
-48 -55 -68 0
-3 -45 51 0
-2 20 73 0
4 -53 -62 0
8 -52 -68 0
-32 64 -69 0
-37 44 70 0
-13 21 -30 0
5 51 -65 0
-17 -44 -71 0
9 -24 35 0
12 -45 0
-43 53 62 0
-17 -18 -60 0
9 -51 62 0
49 55 -62 0
-59 62 -72 0
-30 -49 0
-41 -63 64 0
15 -22 -70 0
-17 -55 -70 0
-2 -12 35 0
-56 65 0
-46 -47 54 0
-8 -48 0
-12 44 -73 0
6 55 0
37 -57 71 0
21 -43 0
-6 -11 -69 0
11 49 59 0
-11 -30 0
-46 -66 70 0
12 34 -40 0
16 22 49 0
-6 -20 0
-43 65 -69 0
12 22 65 0
12 -35 0
-4 22 -27 0
-1 -4 -25 0
-31 59 0
-26 28 -47 0
5 -34 55 0
-20 34 0
40 43 0
-27 -37 -66 0
23 26 67 0
34 -38 -72 0
14 -23 -73 0
-10 -68 0
28 -33 59 0
10 -23 -66 0
52 -60 0
-11 -43 -58 0
30 64 0
10 30 0
28 -35 66 0
16 37 -47 0
3 26 -57 0
18 -27 -54 0
7 27 -64 0
50 -60 61 0
-35 43 62 0
11 -72 -73 0
24 51 59 0
8 -28 50 0
-3 -29 0
-26 -59 68 0
6 28 0
21 28 42 0
