p cnf 81 304
-57 -58 74 0
-32 46 -79 0
-3 -7 63 0
-2 -61 66 0
10 -30 79 0
7 26 -62 0
-35 58 61 0
-37 61 -64 0
75 -78 81 0
-40 45 0
35 -40 67 0
6 12 -69 0
3 61 -69 0
17 53 74 0
-4 -28 0
-25 28 -47 0
-18 -61 0
47 -55 -75 0
-10 -37 0
8 9 76 0
-7 -80 0
71 -79 0
-67 80 0
41 56 -66 0
-3 -23 -25 0
5 30 -70 0
3 -23 0
-34 -50 0
11 -70 79 0
-53 -68 75 0
-11 -14 15 0
45 -61 0
-1 -71 0
-3 -31 -41 0
11 29 66 0
22 -63 -67 0
-3 11 -32 0
37 72 0
-41 65 -74 0
-1 41 79 0
-29 33 -77 0
-6 27 -38 0
-20 -37 81 0
6 22 52 0
-3 50 -80 0
9 13 62 0
-44 -45 -61 0
-14 -69 0
-10 -58 59 0
-3 -16 -22 0
-23 -26 73 0
21 -34 -44 0
-11 34 0
-20 25 29 0
7 38 -59 0
15 -29 -52 0
-20 -57 -60 0
-24 -54 0
57 -59 80 0
-28 -31 -61 0
-36 45 0
67 68 0
-27 57 -62 0
-3 13 79 0
40 57 0
14 27 30 0
27 77 79 0
-33 -43 59 0
26 55 0
-66 -79 0
16 71 0
13 30 60 0
20 22 25 0
6 60 62 0
-13 23 0
7 12 -81 0
39 -54 60 0
-2 -26 77 0
-9 35 0
-25 30 33 0
-4 34 -42 0
1 46 0
-15 51 66 0
-28 41 69 0
-2 -25 79 0
-5 29 0
23 24 -68 0
-13 26 -49 0
14 54 59 0
6 46 48 0
-15 42 -73 0
-17 49 -57 0
-46 59 0
-45 50 0
35 46 0
28 61 0
20 33 -61 0
-6 7 75 0
-8 -23 -55 0
-8 -31 -80 0
15 -53 58 0
14 -67 0
10 48 0
8 -15 62 0
-22 -57 -75 0
-31 61 67 0
-6 33 -73 0
-34 -51 -80 0
-8 20 64 0
-28 55 56 0
-47 -57 -74 0
-7 -26 -47 0
-1 -76 0
18 -46 59 0
7 -42 -63 0
-3 -31 -69 0
21 23 -81 0
70 -72 0
-17 -18 -47 0
49 59 69 0
57 60 0
49 78 0
-10 31 -39 0
14 -20 0
-32 -47 69 0
21 41 74 0
-42 66 0
-35 51 0
40 -49 -81 0
8 -20 40 0
-16 35 73 0
6 -66 0
-1 -69 -74 0
32 -56 -68 0
38 -42 -75 0
25 -74 0
-52 -60 -75 0
21 35 -63 0
9 -13 -79 0
-37 -56 0
24 59 -60 0
-58 61 64 0
-40 58 72 0
16 -53 0
20 30 -73 0
-42 -52 -69 0
24 27 -50 0
-20 63 71 0
7 25 -53 0
-6 -23 -36 0
-33 51 55 0
-2 -70 0
9 -10 78 0
3 -24 68 0
62 -79 0
-9 -52 -61 0
57 61 -75 0
13 26 -77 0
-10 -22 0
-5 -51 -73 0
-44 60 -61 0
-21 42 80 0
-2 -73 0
-3 -45 46 0
7 -33 34 0
-4 10 32 0
-23 32 -52 0
3 13 0
-14 17 0
-23 29 41 0
-26 -48 0
-10 -60 62 0
-16 -17 0
-24 -35 70 0
-4 48 0
-31 35 42 0
-6 8 -18 0
-53 -59 -63 0
8 35 -37 0
-18 -63 0
38 -45 -55 0
-15 38 -55 0
-48 -57 -60 0
-19 42 -76 0
25 -27 -77 0
-15 21 0
12 -22 -51 0
4 -30 74 0
-43 -65 73 0
-40 -46 72 0
-16 -62 72 0
9 -40 80 0
-15 46 -61 0
-15 30 -51 0
-18 25 -33 0
44 -46 0
31 -40 -60 0
33 -46 57 0
-39 -55 81 0
-18 -68 70 0
8 -20 55 0
-6 70 74 0
11 -25 34 0
12 29 -79 0
-47 79 0
-17 53 61 0
-36 -73 0
67 -68 -77 0
-28 -32 0
19 -26 -60 0
-36 -45 76 0
15 37 0
8 -23 36 0
-5 67 0
17 -58 0
61 -80 0
27 40 -47 0
29 33 -37 0
5 -39 0
-44 -70 0
3 27 47 0
40 56 -71 0
21 -43 52 0
-11 -78 0
21 65 -80 0
-38 42 -50 0
39 55 67 0
-11 -32 -49 0
21 -55 -81 0
-39 -52 0
5 65 74 0
-38 -42 81 0
35 -54 64 0
-38 72 0
-33 -49 0
10 33 -36 0
54 62 -75 0
-12 17 19 0
-29 35 49 0
59 -77 0
18 78 0
-6 20 61 0
-19 -23 75 0
-9 -54 78 0
53 72 -73 0
-42 -79 0
15 -62 76 0
-63 -69 73 0
26 35 68 0
-17 51 0
-4 -10 -58 0
-9 16 -47 0
-41 -46 48 0
13 57 0
3 43 56 0
-8 31 43 0
-23 40 0
62 67 -68 0
39 -61 0
-38 -68 0
23 -54 -70 0
-8 41 42 0
16 54 59 0
2 -24 28 0
-32 -36 0
-10 -14 -39 0
-4 -76 0
-17 -28 -75 0
31 55 0
-3 29 -73 0
-24 -25 -67 0
-1 60 71 0
35 -54 -63 0
11 -19 0
-20 -60 -65 0
-34 -40 62 0
29 50 -63 0
38 39 64 0
-12 -24 0
-21 34 0
2 48 -52 0
-8 -61 0
1 -24 54 0
-36 -59 68 0
43 57 0
11 26 65 0
49 78 0
-15 -16 -61 0
-41 -54 0
63 -76 0
2 -71 -77 0
38 -42 -66 0
-4 73 80 0
9 13 0
-3 -41 50 0
56 66 71 0
18 50 0
-31 -41 -77 0
-14 26 0
-19 -28 65 0
-57 -62 0
4 47 73 0
-4 66 71 0
21 78 0
