p cnf 93 350
4 35 -86 0
20 22 41 0
-59 74 88 0
11 47 -49 0
19 -36 -80 0
41 47 -70 0
-51 67 -71 0
13 -16 61 0
-4 34 74 0
-3 -5 33 0
62 91 0
42 57 -74 0
-5 39 44 0
-61 62 -81 0
30 42 -55 0
-13 -30 -32 0
-21 56 -67 0
-56 -59 -91 0
36 -48 62 0
-51 -64 -69 0
16 28 0
-17 -56 90 0
-22 72 -81 0
15 83 88 0
-19 -86 0
-8 -43 87 0
-28 -86 87 0
-45 -69 -74 0
-34 36 0
-30 52 56 0
-44 63 -86 0
11 82 -85 0
24 67 76 0
-10 18 36 0
-27 -42 -90 0
61 -65 0
-17 77 87 0
-32 -60 74 0
-71 -76 -81 0
-15 -68 0
-14 -41 81 0
16 19 48 0
-8 65 -67 0
-41 -68 -90 0
-29 -41 65 0
-62 83 -86 0
-14 66 -85 0
-39 -79 -82 0
56 -63 -82 0
-43 -87 93 0
-6 17 0
21 70 -82 0
-24 -38 60 0
-18 27 -81 0
41 59 0
-27 -56 0
-35 66 0
36 -38 93 0
36 60 -93 0
9 41 -44 0
-4 59 81 0
6 37 -46 0
27 59 61 0
43 -73 76 0
-45 -66 -93 0
1 -20 88 0
7 41 75 0
13 56 59 0
6 12 -53 0
-8 46 -52 0
-47 92 0
2 35 41 0
-28 46 77 0
-23 28 -54 0
-77 82 -83 0
16 55 73 0
-18 44 -65 0
26 -65 92 0
-17 34 -59 0
-20 42 58 0
-13 -44 47 0
-2 -39 42 0
-26 -52 68 0
-63 86 0
15 -34 81 0
-5 61 71 0
1 -48 58 0
-39 -56 75 0
22 51 -69 0
3 32 -39 0
-7 -16 69 0
-46 -75 85 0
15 -23 -44 0
-22 -42 0
4 36 58 0
-9 54 -90 0
-4 -55 93 0
-33 -70 -84 0
-4 -15 -54 0
63 -65 -88 0
6 64 -87 0
-8 54 64 0
29 -42 48 0
-23 46 68 0
-14 29 31 0
9 18 -24 0
-10 22 64 0
21 -83 86 0
-59 81 86 0
-9 82 0
3 -29 -63 0
17 22 56 0
11 -31 78 0
42 56 -63 0
3 36 -38 0
-36 65 -82 0
-6 -9 58 0
-15 65 0
-13 -19 -60 0
-53 80 87 0
-8 33 -40 0
-50 -63 -93 0
-14 21 34 0
-43 -75 -81 0
-11 -43 78 0
-22 29 -89 0
29 -34 80 0
5 -19 60 0
12 31 -52 0
16 -22 -46 0
-30 48 63 0
69 75 0
-7 -15 37 0
-11 -37 -73 0
63 69 -73 0
-38 -55 82 0
17 22 72 0
-45 58 75 0
-38 -72 83 0
-1 5 20 0
19 -25 33 0
-23 -66 90 0
-2 -78 83 0
-18 -35 79 0
17 52 81 0
35 67 77 0
-8 12 25 0
9 40 77 0
65 71 -74 0
10 32 38 0
36 39 -55 0
-18 48 -61 0
-12 -25 -65 0
-10 69 -87 0
-19 -55 86 0
-44 62 84 0
5 -22 73 0
-38 91 -93 0
-44 -60 -89 0
-37 45 83 0
16 -92 93 0
-8 -46 70 0
40 -90 0
33 -54 -90 0
53 -74 -84 0
-53 -69 85 0
24 -61 67 0
-11 -13 69 0
11 -45 -57 0
-27 45 -68 0
-3 -11 -15 0
39 -63 -86 0
7 19 -34 0
41 -74 81 0
76 87 90 0
-35 41 60 0
27 61 -67 0
17 62 92 0
1 6 89 0
5 13 43 0
25 45 56 0
5 77 -85 0
-21 51 86 0
55 60 0
14 71 0
-53 -55 78 0
-9 -45 -85 0
37 -49 -67 0
-31 -62 -77 0
-2 27 -45 0
28 33 58 0
-5 7 40 0
44 -62 85 0
36 40 -78 0
-3 -79 82 0
60 -64 89 0
-50 60 88 0
-10 30 64 0
-45 85 -91 0
37 -70 -72 0
-47 -49 0
17 40 52 0
-2 20 62 0
24 -89 0
-3 64 -71 0
-57 65 -73 0
-25 48 83 0
-10 24 -82 0
1 12 -79 0
36 64 69 0
-19 -55 -82 0
-6 -49 84 0
13 25 -83 0
15 37 66 0
-7 -17 -62 0
-49 -66 69 0
17 32 77 0
41 -48 90 0
-19 24 -59 0
-23 -60 61 0
33 54 55 0
-8 -33 -48 0
32 -50 91 0
26 28 63 0
-44 47 -86 0
14 59 71 0
-41 -58 0
28 44 -62 0
35 -68 80 0
31 42 -72 0
-14 -19 23 0
-17 -40 -48 0
54 -79 92 0
-20 76 78 0
15 -38 64 0
-15 20 -66 0
-14 60 61 0
9 35 -53 0
18 68 71 0
41 -58 -84 0
-46 -51 -64 0
61 72 -84 0
36 52 -75 0
23 -83 85 0
-14 20 22 0
24 -72 0
-1 -4 43 0
6 11 82 0
-2 -68 72 0
20 -81 0
52 -73 -84 0
13 -18 -77 0
-36 -44 -51 0
-3 46 63 0
-8 -14 -32 0
-5 -52 56 0
-35 41 -73 0
-29 -66 -92 0
24 70 93 0
-9 17 -22 0
-5 -10 72 0
-42 57 81 0
25 57 0
-24 -30 -92 0
-23 -50 -52 0
58 -65 -76 0
-54 -73 86 0
1 -53 -79 0
51 -55 -82 0
-61 -74 88 0
5 -73 87 0
45 73 -88 0
-12 -56 0
-37 -79 81 0
-23 36 45 0
-3 -25 63 0
-29 -55 77 0
31 63 87 0
-24 -83 -92 0
47 87 0
-40 -62 80 0
-17 -39 58 0
-79 84 85 0
-2 48 62 0
-35 72 -76 0
-35 36 61 0
10 19 -25 0
-7 43 -64 0
-18 -55 -84 0
7 52 -74 0
-17 -40 -70 0
-33 -62 67 0
-51 63 0
20 -24 -70 0
-25 29 -30 0
-25 -32 60 0
18 22 -40 0
-46 -55 71 0
47 -48 -83 0
13 47 91 0
35 -40 -50 0
29 -64 92 0
-31 -41 -77 0
28 -68 0
10 12 -72 0
-32 66 71 0
-11 44 -55 0
37 -46 -90 0
44 -57 -70 0
14 20 38 0
-70 82 0
5 -44 68 0
-6 -86 -88 0
-5 -37 43 0
18 -54 55 0
30 60 88 0
-9 17 -72 0
5 69 71 0
30 -51 -56 0
-22 -57 -63 0
15 -24 -87 0
-32 -52 0
13 22 78 0
5 -49 -74 0
31 81 -92 0
-3 -13 -57 0
-4 26 -31 0
-22 56 0
-6 -53 -66 0
-15 -58 77 0
48 -52 55 0
-15 -18 -61 0
-1 -4 63 0
-4 -66 91 0
-50 -64 84 0
-26 54 0
-17 -22 -50 0
-16 -72 -91 0
-13 46 -79 0
25 47 -61 0
11 41 0
-35 -61 -62 0
80 90 92 0
-45 -67 -73 0
45 -47 91 0
4 -38 -64 0
34 -39 80 0
58 -81 83 0
28 -33 72 0
-9 40 73 0
