p cnf 84 303
-27 -30 0
14 15 -44 0
-78 -80 -84 0
12 83 84 0
13 -31 41 0
-8 10 62 0
28 -49 -66 0
30 34 44 0
-63 70 73 0
26 27 -53 0
37 -51 -83 0
-65 -76 0
-37 50 -56 0
-23 43 -57 0
22 46 75 0
-8 -17 -55 0
64 -83 0
-25 -27 31 0
-44 -51 -53 0
51 56 72 0
9 -24 80 0
1 -2 -20 0
-6 -12 -19 0
32 -37 -49 0
-10 -48 -74 0
17 -54 82 0
-74 76 0
7 51 -59 0
-21 -26 0
6 23 -71 0
-31 61 75 0
-46 -59 78 0
26 50 84 0
8 35 -53 0
32 43 -84 0
17 69 83 0
-40 -71 -76 0
20 -29 47 0
14 -49 70 0
-32 -48 -52 0
5 -67 -83 0
32 -75 82 0
-52 65 69 0
13 -31 66 0
67 75 -82 0
17 -47 -83 0
-60 -68 0
21 -25 -55 0
3 -36 50 0
-10 -44 54 0
-38 79 0
-21 65 0
8 41 0
-14 50 0
12 -17 71 0
7 41 59 0
-1 -15 -83 0
2 -30 0
22 23 0
-10 72 0
-15 43 84 0
26 44 54 0
49 54 72 0
-2 17 57 0
45 -71 0
-13 32 0
13 28 47 0
42 -64 71 0
-1 65 -76 0
-5 -41 -51 0
19 -56 -74 0
-3 32 -53 0
4 43 -84 0
-50 62 0
-4 42 -71 0
8 -9 -67 0
-20 -62 0
10 -31 41 0
-18 36 76 0
-21 29 -72 0
19 51 -61 0
6 -42 -68 0
4 -46 0
-5 -40 50 0
37 67 83 0
7 17 18 0
-19 -64 0
2 -3 77 0
67 69 82 0
-17 19 55 0
49 76 0
2 26 -82 0
39 -48 0
-16 44 -71 0
-9 -14 44 0
36 -54 84 0
-22 58 -83 0
-38 -45 -46 0
8 -75 0
-22 -49 82 0
-5 -9 -81 0
32 -33 62 0
73 -74 0
-26 -65 -70 0
37 -62 0
23 32 -58 0
41 -74 75 0
23 -25 58 0
22 -61 84 0
-53 -54 0
15 -52 -57 0
22 -64 -71 0
16 22 0
-2 15 22 0
19 -24 -29 0
-14 18 21 0
-30 -55 0
-15 56 -79 0
6 -10 -58 0
7 -42 -81 0
-21 72 0
-11 -44 56 0
-43 53 -64 0
-17 -33 55 0
71 76 -84 0
9 -51 0
58 -79 0
18 59 -65 0
-29 -73 -78 0
61 -66 0
50 53 70 0
-18 20 0
-1 -30 -35 0
7 62 74 0
13 45 -47 0
-19 35 0
-19 45 79 0
-13 26 -81 0
-10 -17 19 0
-12 82 0
60 73 -82 0
6 31 52 0
-39 54 -81 0
-33 -79 0
27 -33 58 0
-44 -47 -55 0
-7 59 -69 0
59 -75 78 0
19 26 -69 0
9 -40 -45 0
-6 -41 -61 0
-45 -47 52 0
48 -80 0
26 29 -56 0
15 -79 81 0
18 -58 -72 0
-1 -10 -40 0
-38 82 84 0
-10 -35 47 0
-4 -32 42 0
30 32 44 0
-33 35 -48 0
5 -25 39 0
4 11 -35 0
59 76 0
2 -16 29 0
-4 37 0
-46 -70 74 0
-28 63 -76 0
-17 -33 37 0
23 -63 65 0
-6 41 78 0
-68 70 0
10 58 -82 0
11 16 22 0
-4 71 0
-1 19 0
-45 -55 75 0
-22 -50 -77 0
-24 69 0
40 -74 0
-43 47 76 0
-2 -64 -69 0
7 57 80 0
-11 -45 55 0
-6 15 -36 0
6 -15 -59 0
-41 -61 -72 0
27 -34 -57 0
54 80 0
11 -57 -78 0
41 -59 81 0
29 -33 71 0
50 65 -68 0
29 34 65 0
-14 54 56 0
-6 -16 0
5 21 68 0
1 -5 72 0
35 -69 70 0
39 47 48 0
-14 36 -42 0
2 39 -59 0
-6 20 -26 0
17 53 -81 0
-7 68 -83 0
-27 55 62 0
-45 46 53 0
-14 -55 -70 0
-21 35 82 0
1 -64 0
-13 -75 0
6 43 72 0
-5 -61 75 0
29 -58 -78 0
-9 35 0
30 -34 -36 0
-42 54 62 0
-1 -45 -79 0
37 -49 -66 0
73 78 0
22 27 0
-5 34 -68 0
23 69 0
-5 37 -75 0
-23 60 -81 0
-40 63 64 0
-8 72 0
2 29 0
6 -58 0
-17 -59 70 0
14 -20 -77 0
15 -70 0
32 52 0
28 -41 0
21 41 60 0
-10 -44 47 0
14 -16 -35 0
17 55 64 0
-54 55 0
53 67 -77 0
-39 59 -60 0
-16 -32 74 0
54 -63 -84 0
12 32 60 0
23 -57 62 0
25 41 0
-62 71 0
-3 -55 -67 0
4 26 46 0
13 -44 -45 0
43 71 0
9 62 78 0
-27 -38 0
-5 6 -21 0
7 -75 0
-9 -34 63 0
19 71 -78 0
-26 57 0
35 -39 -54 0
-4 33 40 0
-4 11 -22 0
-44 -58 75 0
-8 55 -66 0
39 54 0
-17 45 -64 0
-71 73 0
-22 -31 35 0
7 -72 83 0
-2 -30 -40 0
-8 -11 59 0
-5 12 0
13 -49 62 0
-4 -60 0
-8 41 -51 0
-10 -13 -33 0
-18 77 0
62 79 0
5 -53 76 0
20 -37 0
-3 -10 -29 0
5 -53 -76 0
18 -37 -79 0
-63 66 -84 0
-50 -55 0
-5 -66 78 0
28 -44 -56 0
7 40 50 0
-12 -17 79 0
49 -60 -63 0
-1 53 0
16 -23 -51 0
18 59 78 0
-39 43 82 0
10 -19 82 0
14 74 0
30 -39 -58 0
14 -26 0
-24 -50 55 0
3 32 -44 0
-4 -45 0
-30 -58 -64 0
-8 16 62 0
