p cnf 84 308
2 42 53 0
-4 -30 -35 0
-65 -68 0
1 -36 -49 0
37 -46 76 0
-15 41 80 0
24 -33 58 0
6 -30 -72 0
-22 25 41 0
-5 18 0
-16 70 0
-9 47 -65 0
21 32 -72 0
30 -37 0
-10 31 38 0
9 68 84 0
5 26 63 0
38 -42 0
21 32 61 0
14 -40 0
31 61 0
-15 -44 -53 0
8 -26 78 0
36 -48 -84 0
-61 73 0
-24 -63 -67 0
1 4 83 0
-4 -33 -66 0
-12 45 -53 0
-5 -46 -77 0
-24 -54 -78 0
2 35 -67 0
33 47 59 0
49 -60 -72 0
6 44 47 0
11 27 -62 0
-22 59 -60 0
-24 71 75 0
9 -32 -64 0
-40 43 -56 0
-31 40 -52 0
-32 71 0
42 -67 0
42 44 71 0
40 -52 0
12 -57 -58 0
58 -79 0
-36 -60 -73 0
34 -48 -74 0
-17 -29 -33 0
-68 -77 0
59 -61 -81 0
20 -54 -81 0
26 28 29 0
-2 50 -60 0
-40 -53 73 0
36 54 -81 0
5 -62 0
6 -32 -41 0
26 -66 0
-72 79 0
5 -6 -80 0
8 43 62 0
7 -78 81 0
45 -55 61 0
16 -17 -82 0
-21 -52 -59 0
3 16 -77 0
6 14 51 0
-41 43 -83 0
-11 48 0
40 -73 0
-31 -48 76 0
23 32 -59 0
41 -71 73 0
-36 -56 77 0
-31 59 -82 0
-5 21 -64 0
-11 -67 71 0
23 47 -83 0
-27 37 54 0
-71 -72 81 0
-34 74 0
10 41 0
-10 -37 81 0
52 -71 -72 0
-22 73 76 0
2 -25 49 0
-26 31 62 0
-3 -44 -62 0
-27 -49 -54 0
-49 -54 75 0
31 40 -77 0
60 76 0
-16 44 0
6 59 0
-2 -42 -80 0
31 -64 0
36 81 0
-36 -40 -82 0
-52 -64 0
-7 -44 -66 0
-2 -25 0
20 28 -45 0
2 -9 -72 0
33 83 0
-13 -31 -80 0
-28 47 -73 0
-34 60 -77 0
-11 -29 49 0
-19 55 0
-15 -25 -51 0
-1 20 -30 0
-13 -56 -73 0
-1 2 -12 0
-1 -50 -76 0
49 -76 -84 0
-7 -24 -45 0
8 -23 76 0
35 -65 0
47 82 -83 0
-17 -24 65 0
1 -17 0
45 48 78 0
28 69 0
-15 69 0
-32 -59 84 0
-40 -42 57 0
31 -49 -80 0
-23 -36 -55 0
21 -81 0
-16 33 39 0
60 68 -79 0
33 44 48 0
15 -16 -31 0
30 75 0
-18 58 0
-18 -33 -44 0
6 -7 -32 0
-22 44 0
1 22 71 0
23 -30 76 0
-19 -36 -55 0
-8 -47 63 0
9 32 0
1 27 43 0
-16 -78 -80 0
18 -67 0
-3 -34 61 0
-4 61 -79 0
24 -54 -60 0
-12 30 -73 0
-44 -58 66 0
21 -28 35 0
-25 44 -50 0
9 -68 82 0
-13 19 -67 0
-11 -62 76 0
-22 30 55 0
-10 -56 -72 0
10 53 66 0
9 44 -69 0
47 -53 -83 0
-14 61 65 0
-13 33 40 0
39 -56 73 0
-7 17 79 0
9 42 -58 0
-23 30 0
19 29 78 0
-11 -81 0
-47 -68 72 0
-67 68 0
21 -43 0
11 71 0
8 -38 -57 0
17 30 -55 0
-23 -56 -73 0
-25 -53 -58 0
3 -64 -80 0
-24 -59 0
1 -47 77 0
-1 6 -78 0
72 -81 0
64 79 -84 0
54 -60 -66 0
28 -35 -61 0
-16 -50 -70 0
45 58 81 0
21 25 40 0
11 12 0
-27 -52 61 0
64 -73 76 0
14 25 43 0
-10 43 44 0
-39 44 81 0
-11 48 80 0
31 -72 0
-16 66 -84 0
-21 -66 -68 0
-6 40 52 0
17 -75 0
12 -21 75 0
-5 28 35 0
27 32 54 0
-5 -61 68 0
41 -50 -80 0
12 24 -53 0
24 -61 77 0
-29 -34 -64 0
-10 43 67 0
40 64 0
-13 79 0
36 -39 0
-41 -47 -55 0
-19 -63 84 0
-48 -54 56 0
16 33 0
3 -47 -82 0
-6 63 -70 0
4 -6 0
-9 -26 48 0
50 68 -78 0
-44 -59 -68 0
-33 -61 63 0
42 76 -77 0
33 39 41 0
-4 68 0
15 -33 0
-6 27 59 0
-24 72 0
-1 -9 54 0
-37 53 78 0
12 -70 -83 0
4 31 -69 0
31 37 44 0
4 7 -19 0
12 -29 -32 0
-47 -54 78 0
-74 82 0
1 18 50 0
-10 -20 -77 0
-22 -67 79 0
31 -40 -54 0
28 44 -64 0
22 -66 0
-11 55 -76 0
-8 -33 0
-19 44 -79 0
-11 -19 0
7 -19 -78 0
-5 35 39 0
15 -31 -73 0
-55 -57 -62 0
-2 16 -62 0
-31 -46 -74 0
37 82 0
23 -25 -46 0
12 50 -75 0
-3 21 -40 0
-19 39 0
-2 -40 70 0
-49 56 0
-20 -65 0
-10 37 43 0
39 60 67 0
-1 -23 -76 0
-13 37 46 0
-50 56 0
-10 15 59 0
14 -48 0
-11 70 76 0
-52 -65 -73 0
-18 20 50 0
-28 40 78 0
-8 -37 -72 0
37 40 -77 0
-30 40 -42 0
-31 32 53 0
49 -70 -79 0
-7 -18 0
42 74 -81 0
-16 -42 -59 0
25 32 78 0
-33 -51 0
31 40 -63 0
-29 -30 -47 0
30 -50 76 0
19 39 -75 0
-21 -48 0
21 -44 0
-17 -35 78 0
-8 -17 69 0
-10 -51 64 0
21 42 68 0
42 -65 0
16 58 -76 0
2 -5 35 0
19 53 -62 0
-1 44 -67 0
-59 -66 76 0
46 -58 0
-21 -34 -56 0
-4 21 23 0
28 41 -84 0
16 -62 0
45 -57 -68 0
-31 -51 0
