p cnf 77 258
-34 -44 62 0
2 58 -61 0
14 -73 -76 0
39 42 75 0
17 51 0
16 -17 -60 0
8 -57 0
14 -62 0
-12 -49 75 0
-9 -27 -35 0
-38 -46 77 0
-29 47 72 0
23 34 0
-32 45 -77 0
15 -37 -53 0
-23 60 0
55 75 0
26 31 -40 0
14 75 0
-7 21 -69 0
-15 -54 0
28 -45 -77 0
-35 -54 -60 0
24 -28 69 0
-28 -40 59 0
28 54 66 0
29 65 -71 0
-19 35 46 0
-8 -27 48 0
-9 22 -47 0
11 43 -77 0
-7 -43 -50 0
-1 -46 -54 0
-15 37 52 0
5 12 -68 0
-10 38 54 0
11 -25 77 0
-31 -67 -70 0
-11 -64 -72 0
52 -67 0
6 17 0
43 51 61 0
-5 -51 67 0
8 -28 0
-10 36 41 0
15 57 63 0
-15 -27 49 0
-20 40 -68 0
-45 -53 70 0
16 50 0
23 46 -60 0
6 10 0
21 63 0
39 -43 -64 0
-11 -14 -20 0
73 -77 0
3 -58 63 0
17 -53 71 0
-8 -64 0
5 -20 -74 0
-4 7 44 0
-22 62 0
19 -20 -62 0
6 19 51 0
-11 55 -68 0
-31 65 0
20 54 -62 0
5 -6 25 0
-28 39 -72 0
-3 -9 -75 0
43 -70 0
-49 -70 -73 0
-4 8 0
-52 -53 -54 0
-20 29 -42 0
12 -19 0
54 66 0
-2 -56 60 0
22 49 -71 0
-23 -36 -45 0
20 51 0
3 -32 -70 0
-22 46 61 0
40 47 68 0
19 -27 0
-4 -56 0
-37 42 55 0
-5 -53 0
-15 -30 70 0
10 63 -75 0
-29 36 0
-20 -58 -75 0
33 38 -70 0
-14 -33 -49 0
-8 -35 50 0
21 -42 0
-19 -28 -72 0
-13 75 77 0
32 -37 -69 0
-15 -27 41 0
-22 59 0
7 18 -45 0
11 -21 0
-9 59 68 0
17 -26 -58 0
-16 -34 -49 0
17 -39 66 0
-13 28 70 0
-14 49 0
-24 53 59 0
-32 43 -75 0
-16 -35 49 0
-21 28 -38 0
8 9 -36 0
-7 23 -59 0
-66 -67 0
12 -14 26 0
-39 -42 56 0
7 13 68 0
-51 70 0
4 -24 34 0
-10 -23 67 0
-22 35 43 0
-39 -67 76 0
6 -13 -30 0
-39 63 0
-3 -38 -44 0
-8 -25 52 0
25 -36 -74 0
48 -66 -68 0
-14 27 -60 0
14 -53 -75 0
42 -48 65 0
9 12 -28 0
-38 -51 63 0
-7 -24 -48 0
31 47 -54 0
4 61 -72 0
1 3 -70 0
-10 11 -72 0
-8 -40 -45 0
-33 38 51 0
-2 46 0
44 -71 -75 0
-4 45 -65 0
-31 61 0
3 -19 60 0
19 61 0
17 -71 -76 0
-44 60 0
6 9 -58 0
21 42 0
15 -53 60 0
-19 -27 -63 0
32 53 0
-18 22 -54 0
-22 37 0
-30 53 74 0
3 -30 57 0
31 -37 -40 0
-16 40 74 0
-9 33 61 0
5 6 46 0
32 -37 0
-5 -17 0
21 -27 -61 0
34 41 0
-10 -21 -51 0
-58 -67 0
-10 36 52 0
24 36 51 0
11 -57 0
8 -25 -77 0
8 -9 -74 0
-17 24 -56 0
-10 -31 73 0
8 55 0
47 73 0
1 9 -35 0
6 -44 73 0
-4 37 0
4 -42 -73 0
-32 -37 57 0
-30 50 -52 0
-40 -54 0
-15 -28 -39 0
12 -33 45 0
22 -37 64 0
-25 -50 -68 0
5 -55 74 0
-16 68 0
-23 53 0
26 -43 62 0
-51 59 75 0
-1 77 0
6 48 -71 0
-17 18 0
-21 -45 0
24 26 0
-57 -68 0
-1 -44 0
-32 -40 -46 0
13 -32 -38 0
-41 -49 -58 0
-31 -46 75 0
12 -22 72 0
38 59 0
4 70 0
34 46 73 0
-49 57 -63 0
-19 27 0
-3 30 47 0
-9 -10 66 0
-2 39 0
11 -24 -62 0
23 -52 -57 0
7 59 -65 0
-12 31 0
-10 -73 77 0
-19 44 0
-29 40 61 0
16 18 -27 0
-40 43 -55 0
31 37 73 0
-9 -49 0
29 -72 0
-39 -42 -60 0
25 30 -68 0
-35 -44 0
15 42 53 0
16 -24 0
7 73 0
-23 -71 0
9 -16 56 0
34 -44 0
-29 -51 -76 0
4 -40 -69 0
40 -50 -56 0
12 63 -77 0
-58 -63 69 0
-51 61 -71 0
-37 58 -62 0
-42 63 -74 0
14 -15 33 0
23 -42 0
14 30 -39 0
-4 35 -66 0
24 -35 -36 0
-5 8 16 0
-3 -17 -43 0
31 -34 0
4 -15 35 0
50 53 59 0
-2 -19 70 0
47 48 -54 0
29 -32 0
-7 -10 63 0
32 45 -68 0
