p cnf 29 57
-7 -19 0
-6 -29 0
17 -28 0
12 23 0
-1 20 0
-8 -14 0
-14 17 0
11 28 0
-14 21 0
-3 -6 -12 0
-15 -20 0
1 -15 -16 0
-20 21 0
4 26 0
3 20 0
11 13 15 0
-5 -9 0
-14 24 0
-2 5 0
-12 -18 0
-5 -29 0
16 -17 0
11 17 0
6 -9 0
-12 29 0
10 25 0
13 16 27 0
4 26 -29 0
-8 15 0
16 19 0
-11 26 0
-15 -23 0
-1 -17 0
-14 20 0
4 6 -14 0
14 -27 0
-4 15 0
1 13 27 0
10 -20 0
2 -20 0
6 9 0
7 12 0
-3 14 0
-14 22 0
9 -27 0
6 22 0
-10 16 0
3 7 15 0
-5 -18 0
1 15 22 0
14 -21 0
-11 16 0
24 -27 0
22 28 0
-9 -19 0
-15 -17 0
2 -3 -9 0
