p cnf 91 347
-27 61 0
52 61 88 0
-32 66 83 0
23 62 82 0
-29 -74 0
20 -73 83 0
-38 -57 0
9 -33 -42 0
19 81 -83 0
1 -81 86 0
45 51 86 0
-4 -43 -63 0
29 55 -91 0
12 -56 68 0
47 -69 -86 0
-5 -9 -71 0
-17 71 77 0
-32 -39 69 0
6 30 63 0
-4 49 60 0
-38 -84 0
7 -46 -84 0
-8 -21 0
75 -87 0
12 41 83 0
15 -30 90 0
-36 47 76 0
24 -26 49 0
5 72 74 0
-44 87 -90 0
-2 81 0
-13 -25 56 0
-47 58 -73 0
-51 64 67 0
1 -7 -83 0
20 -47 -56 0
-23 -35 -72 0
23 -55 78 0
14 48 0
-2 -10 48 0
51 -65 -86 0
-3 14 0
-3 -30 81 0
9 -33 69 0
2 -14 38 0
27 46 83 0
-6 19 73 0
-30 -88 -91 0
-21 55 -78 0
55 73 -83 0
-4 -54 59 0
-2 22 -35 0
31 85 -88 0
16 -22 53 0
43 49 89 0
1 39 78 0
9 -34 67 0
-35 43 65 0
19 -44 53 0
-17 -62 -76 0
29 -46 -81 0
11 53 -58 0
27 47 48 0
-34 51 -59 0
-52 -62 0
61 -63 0
32 47 0
-23 53 -60 0
-17 -54 -89 0
3 17 -46 0
18 19 -41 0
53 -59 -68 0
10 29 -55 0
-43 -62 64 0
34 46 -77 0
25 -50 62 0
-26 71 0
-23 -34 -79 0
-48 72 0
40 51 -79 0
-12 71 -78 0
-15 -23 58 0
-8 23 78 0
-34 51 52 0
-37 -59 -90 0
-1 -45 71 0
45 -46 72 0
-46 50 67 0
-41 -83 85 0
63 78 0
56 -87 0
-60 -74 -90 0
-18 -41 -58 0
-6 14 -82 0
45 -57 0
7 11 85 0
30 66 71 0
23 24 -80 0
3 -81 0
-79 84 -85 0
34 -41 -87 0
2 -48 -72 0
-19 48 -54 0
-27 -59 -73 0
3 -21 30 0
23 -52 68 0
-21 -54 85 0
-38 49 -76 0
4 48 -89 0
9 -19 0
-31 -81 86 0
-28 -55 -71 0
-50 -81 0
-3 45 -52 0
-39 -42 57 0
63 -67 70 0
49 64 88 0
-28 61 0
12 -28 87 0
-34 49 -83 0
-31 73 0
-41 87 0
10 12 -23 0
41 -73 -90 0
1 54 -57 0
3 39 -87 0
-8 -13 27 0
47 -49 -74 0
17 -35 -62 0
5 -9 84 0
-11 17 -40 0
20 37 72 0
13 -55 -81 0
-3 -66 0
-65 -83 0
3 -24 -39 0
-2 43 -46 0
-8 43 67 0
10 -27 56 0
-3 65 90 0
-5 55 -77 0
43 69 90 0
5 -18 -20 0
13 -25 -43 0
26 35 -89 0
4 -22 36 0
-3 60 73 0
-32 49 -52 0
32 -59 -91 0
32 -61 -66 0
12 25 -54 0
-3 6 -36 0
4 -54 89 0
14 86 0
-1 -28 -38 0
29 46 -50 0
11 -23 -45 0
-8 33 80 0
-38 43 -73 0
21 40 44 0
-45 -76 87 0
7 24 49 0
23 -71 83 0
-10 -42 -59 0
-15 -43 67 0
29 38 -59 0
7 -13 -16 0
-13 -34 -40 0
7 -22 73 0
-6 -39 -69 0
47 -68 0
6 -54 -88 0
-14 -33 -69 0
13 -38 45 0
5 43 -72 0
14 46 -88 0
-50 -55 61 0
28 73 0
25 26 -85 0
14 -49 -83 0
-25 -45 -57 0
-18 -48 62 0
-10 16 69 0
11 55 79 0
-13 -53 78 0
36 39 -83 0
-20 -66 -82 0
78 -81 0
-32 80 -81 0
7 -27 -87 0
-26 28 -33 0
2 -32 -57 0
-43 -53 -56 0
19 -21 76 0
-16 -22 26 0
-3 9 -53 0
6 -53 -88 0
7 10 80 0
-32 -51 78 0
7 -43 81 0
1 41 -81 0
5 37 -47 0
19 -44 51 0
-15 21 63 0
4 -49 66 0
-3 23 89 0
-73 -91 0
-14 -19 -47 0
55 69 80 0
45 -50 -73 0
-6 -9 -88 0
-20 68 -91 0
-1 -13 39 0
-61 -87 0
25 26 0
20 -30 42 0
-36 -41 78 0
5 38 91 0
-15 -40 -85 0
20 -39 62 0
-37 -52 71 0
-3 12 -64 0
9 -20 43 0
17 -60 0
-30 -51 55 0
-35 -64 -89 0
-6 69 89 0
36 44 89 0
-3 81 89 0
5 -35 66 0
7 8 -89 0
12 45 -54 0
-28 -50 -53 0
-38 -40 44 0
32 -54 -69 0
3 77 -80 0
61 -67 72 0
-22 60 64 0
14 64 67 0
29 58 -67 0
8 66 0
25 -39 -70 0
-40 -55 -82 0
17 -75 86 0
36 56 0
-65 -70 0
-35 38 -88 0
25 58 73 0
30 50 68 0
-5 -17 18 0
41 -55 87 0
-18 66 76 0
42 -56 0
23 -45 85 0
20 -79 -81 0
38 -59 74 0
-19 21 69 0
-53 -58 91 0
37 82 0
-21 -34 -37 0
4 -17 29 0
-8 -11 70 0
-32 39 82 0
-55 58 80 0
66 -70 -77 0
-19 84 -89 0
-13 40 -80 0
-18 61 0
-59 -66 81 0
27 41 80 0
15 25 -69 0
37 -51 77 0
-35 -48 -73 0
62 -67 -81 0
-61 76 0
-24 -42 -90 0
44 -65 86 0
14 -24 56 0
67 89 0
4 -38 53 0
-2 -57 -88 0
10 51 53 0
-58 -67 -86 0
52 61 -75 0
81 83 85 0
27 31 71 0
-23 -51 73 0
16 -25 85 0
-34 63 -79 0
-9 13 -71 0
-3 88 0
7 -41 -64 0
-6 30 -32 0
28 -55 75 0
8 -26 -46 0
-28 -33 57 0
-32 45 -50 0
69 -72 91 0
-7 27 38 0
-89 90 0
39 -67 -88 0
28 -29 50 0
34 73 -82 0
4 -14 18 0
-67 74 -88 0
10 16 58 0
10 -56 -88 0
-26 45 85 0
9 65 -73 0
51 64 -79 0
14 -57 -82 0
14 90 0
11 -47 -60 0
-11 -14 17 0
12 -13 14 0
-25 -43 0
-6 9 63 0
11 59 68 0
-5 -22 -36 0
54 -82 0
59 -62 -75 0
-28 -45 77 0
-45 -68 71 0
18 -75 -78 0
-42 76 84 0
11 69 -73 0
20 45 -67 0
-27 62 74 0
-12 -54 -90 0
20 25 -68 0
47 69 80 0
-11 -13 14 0
-1 2 10 0
4 -14 -87 0
-20 -39 -75 0
25 -75 -79 0
-47 -49 52 0
21 64 85 0
10 14 -66 0
4 69 72 0
-6 -82 91 0
-29 -41 -64 0
17 -28 -53 0
64 74 77 0
-22 39 0
-4 -34 44 0
-16 38 -47 0
