p cnf 93 356
33 -76 -78 0
53 60 -87 0
-43 50 84 0
30 52 87 0
38 49 -53 0
23 -30 45 0
-43 -45 0
8 9 71 0
62 -74 -88 0
5 30 51 0
27 58 84 0
3 -6 20 0
-45 -52 -61 0
-1 -91 -92 0
40 53 66 0
20 43 0
-51 -56 69 0
28 33 0
-32 -83 89 0
40 50 -93 0
8 -65 -66 0
-54 78 83 0
39 -64 -75 0
26 57 -90 0
-3 49 52 0
-38 -65 70 0
18 65 -72 0
-29 -66 84 0
-22 -37 -90 0
-15 49 -71 0
44 86 87 0
11 56 60 0
16 -52 -54 0
28 -71 93 0
-43 -46 -87 0
29 42 -59 0
-24 50 51 0
-10 74 83 0
30 65 68 0
-21 32 -79 0
22 58 0
13 -56 -68 0
-11 74 83 0
16 81 91 0
36 -61 0
-48 53 -85 0
45 -67 -92 0
-3 24 -35 0
10 23 87 0
-34 68 85 0
2 73 0
59 82 0
-13 -30 -84 0
-17 -37 -81 0
-24 -44 0
22 40 -41 0
-3 -12 25 0
3 20 -69 0
-11 -89 93 0
42 -66 0
25 -59 -64 0
13 20 73 0
-5 74 -78 0
-1 49 0
-62 91 0
11 -15 41 0
50 63 0
12 76 88 0
1 20 -61 0
3 17 72 0
21 -81 0
18 -56 -87 0
2 -22 61 0
-12 26 68 0
-4 33 55 0
-28 57 92 0
-19 -61 80 0
48 55 90 0
5 -66 -93 0
5 -6 41 0
75 -81 0
5 43 74 0
17 -55 -71 0
-2 -42 90 0
34 -77 -85 0
-44 -52 87 0
19 55 78 0
-24 27 33 0
2 -13 -80 0
-34 -39 -66 0
43 -45 -79 0
-21 -28 61 0
19 -70 -80 0
1 -38 -84 0
12 -51 -83 0
-2 41 -44 0
40 -65 68 0
-10 -88 0
17 72 0
25 63 -64 0
13 -20 34 0
-45 66 -93 0
11 91 0
11 19 -87 0
-17 80 0
12 -29 54 0
-18 62 87 0
1 6 -58 0
4 59 -80 0
-10 -38 50 0
-10 57 -66 0
-43 -51 -88 0
-2 -34 -55 0
-68 -84 85 0
-23 25 86 0
-21 85 0
48 -68 -82 0
-3 18 -32 0
-28 -48 0
19 26 82 0
35 61 91 0
-32 -42 70 0
-29 44 72 0
-9 -25 -34 0
-31 43 -50 0
11 85 92 0
-35 44 -45 0
14 -21 65 0
-28 79 80 0
16 -79 84 0
40 46 -59 0
-1 82 -92 0
1 21 -26 0
23 -56 -65 0
-15 -39 0
5 16 -36 0
-14 -23 -54 0
15 59 75 0
35 -68 0
6 -62 91 0
-9 14 -78 0
-2 90 0
-34 59 0
22 59 86 0
-21 -42 0
-15 37 -87 0
21 33 0
-38 -47 -70 0
3 59 66 0
-3 23 49 0
-22 -24 88 0
7 35 87 0
40 50 90 0
24 -42 -81 0
-6 -67 77 0
-24 26 65 0
-10 -16 0
12 41 55 0
53 -75 80 0
42 53 75 0
-14 -79 86 0
8 -28 71 0
9 58 70 0
-20 -46 68 0
5 6 50 0
34 -77 -88 0
-2 40 -67 0
-55 67 -87 0
15 55 -59 0
44 73 -90 0
31 32 -74 0
12 22 85 0
-14 22 -79 0
48 49 -61 0
23 55 -71 0
-25 -61 0
-31 -54 0
-14 -19 -52 0
5 -40 -92 0
7 42 -59 0
-34 50 -77 0
17 -44 70 0
39 -80 84 0
28 -61 -73 0
59 76 90 0
-11 -19 -30 0
-4 54 72 0
65 85 0
-64 -67 -82 0
17 -41 54 0
55 61 68 0
24 -60 -76 0
-2 -14 30 0
-2 33 0
-56 62 86 0
28 93 0
-46 70 -86 0
25 34 -81 0
35 -43 91 0
-39 -52 73 0
-63 -79 0
-37 57 -85 0
-23 63 0
55 60 -82 0
-28 43 -50 0
-70 76 93 0
5 -33 90 0
-16 61 -90 0
38 56 -89 0
-22 -45 -51 0
43 44 80 0
-6 32 -78 0
3 14 -58 0
5 44 -77 0
48 72 -76 0
8 -25 63 0
-23 -53 62 0
-58 -88 0
19 -48 0
-3 19 68 0
-45 84 0
-67 77 91 0
27 -60 -80 0
1 -70 0
-8 -34 75 0
11 -14 48 0
-31 53 -69 0
21 39 43 0
-13 -25 29 0
-17 -22 -87 0
-31 44 92 0
-26 -47 -64 0
-7 -9 84 0
20 53 -60 0
-55 -57 -79 0
74 81 -90 0
-18 55 82 0
33 47 59 0
2 -9 -82 0
-24 46 49 0
-20 -75 78 0
45 71 92 0
-31 52 80 0
-8 -38 -75 0
26 -53 85 0
27 -61 -77 0
-4 16 84 0
9 -12 88 0
50 -53 0
11 -27 87 0
-50 61 0
-71 75 -76 0
20 75 86 0
77 89 -91 0
-33 60 -79 0
-16 -28 78 0
-32 -58 0
35 -51 92 0
-8 -33 60 0
26 35 53 0
53 -67 85 0
17 -47 49 0
10 -44 66 0
-6 27 -84 0
-21 56 -93 0
37 41 68 0
17 -28 -69 0
-4 -16 -43 0
27 44 -62 0
11 30 -91 0
22 56 -89 0
-46 70 -91 0
-41 44 76 0
40 49 80 0
-3 59 -93 0
19 -26 35 0
58 66 93 0
-40 43 45 0
28 60 -68 0
-8 -58 59 0
48 -50 55 0
-44 -60 90 0
-25 -71 91 0
-51 -88 -89 0
-27 -34 -78 0
4 35 -71 0
-8 19 -33 0
-75 -81 87 0
3 -76 -89 0
-24 76 -78 0
-53 -59 76 0
25 -29 -51 0
-20 -45 -57 0
31 -53 84 0
-32 -58 77 0
-12 64 89 0
-7 -64 -68 0
-40 -65 90 0
-8 -25 29 0
-23 -53 74 0
-48 49 -67 0
26 29 -62 0
-20 60 -92 0
-71 -85 0
22 -48 66 0
-15 -46 50 0
-23 49 -71 0
40 44 -48 0
-5 70 0
-21 -54 -70 0
-66 75 93 0
-11 17 20 0
-32 -57 92 0
-22 33 -90 0
-19 35 40 0
44 52 58 0
-38 -81 -82 0
5 -9 72 0
10 28 -37 0
39 47 -57 0
-4 -42 70 0
-5 35 0
-29 -58 65 0
-11 -40 64 0
58 -73 -80 0
44 -53 69 0
-14 -17 0
12 85 -90 0
-14 42 -76 0
57 -61 -76 0
-4 -20 31 0
2 30 65 0
23 62 -64 0
52 71 -74 0
-25 52 -59 0
10 -64 -79 0
-23 68 88 0
68 -71 84 0
37 -39 -88 0
-13 14 -47 0
-21 -60 0
-37 -78 -93 0
-26 -71 0
-18 41 -77 0
8 35 -43 0
12 -27 -76 0
4 46 90 0
-24 79 -93 0
56 -60 61 0
-24 -38 89 0
-7 54 68 0
60 66 70 0
-40 -62 81 0
4 30 88 0
-3 -66 69 0
-5 -78 -91 0
