p cnf 88 337
4 -53 87 0
14 17 62 0
13 -24 0
-13 56 61 0
-5 66 -80 0
-48 73 79 0
-41 -71 0
5 -38 -41 0
38 -73 0
30 73 0
4 -26 -72 0
-5 10 -23 0
21 61 -67 0
-49 -82 -88 0
-27 45 -87 0
3 5 67 0
13 68 0
-4 51 62 0
-51 56 88 0
-3 56 0
-17 85 0
-26 36 -85 0
1 31 70 0
36 -39 -64 0
-42 88 0
14 -66 0
-19 -60 -77 0
49 -55 -60 0
27 -29 -81 0
-6 -59 0
11 59 66 0
17 -23 -28 0
-43 49 -86 0
28 36 39 0
-56 59 0
-3 44 0
57 81 -86 0
15 -32 -46 0
-30 59 -63 0
-7 -16 0
-43 -53 79 0
53 -58 88 0
23 51 83 0
6 -45 -49 0
15 34 -52 0
6 -19 81 0
54 83 85 0
-5 48 78 0
-39 -63 -70 0
-35 -82 0
-45 62 -80 0
-13 26 69 0
49 50 -53 0
-17 24 31 0
8 63 -69 0
3 50 0
-50 64 68 0
-3 -5 86 0
3 -34 -73 0
6 12 -47 0
6 -54 60 0
1 2 -28 0
3 57 -72 0
-1 -16 0
81 83 0
51 67 77 0
5 -61 -87 0
-32 -38 60 0
12 -71 -72 0
2 -35 57 0
17 -46 -76 0
-9 -28 61 0
23 -78 0
-6 18 -24 0
-66 -75 -81 0
-27 31 0
48 54 0
-46 -50 87 0
-43 -61 -63 0
29 88 0
-8 31 88 0
-42 -68 -79 0
-3 64 -72 0
-3 -48 0
-33 52 0
39 66 -73 0
-10 24 52 0
-7 28 -85 0
33 34 80 0
50 -53 71 0
-45 -80 -82 0
15 39 0
-3 51 64 0
24 -53 -83 0
-10 -28 -36 0
-18 73 -80 0
-2 6 75 0
32 -50 0
25 76 0
-13 72 -80 0
49 76 -83 0
-36 54 -68 0
18 -29 81 0
35 -73 -85 0
7 13 43 0
-20 37 58 0
14 56 83 0
28 -33 37 0
1 -32 88 0
-12 -41 -73 0
-41 53 55 0
-19 -66 76 0
6 -19 -62 0
-2 20 -67 0
33 73 82 0
-12 27 76 0
30 -39 -64 0
-8 -11 67 0
-15 -20 -33 0
4 7 -10 0
-15 41 -61 0
23 -61 -76 0
-7 16 -54 0
-45 -47 -86 0
19 43 0
18 -48 62 0
28 -38 -82 0
-33 -73 0
-47 -75 77 0
49 75 -87 0
-15 -77 0
-48 -72 -85 0
-42 -52 -68 0
18 -38 83 0
-1 6 0
-34 -45 55 0
-33 54 0
11 31 -46 0
52 -69 -80 0
-43 -46 54 0
-20 -77 85 0
34 51 -86 0
29 -31 78 0
19 40 -87 0
5 36 -78 0
-1 11 -82 0
-3 25 -33 0
26 -71 0
13 -42 83 0
12 -32 -38 0
16 -47 -83 0
25 -38 -51 0
-2 -9 18 0
9 43 0
-9 19 -55 0
29 46 -54 0
7 -39 -57 0
-31 72 0
1 27 30 0
4 -42 -53 0
23 -51 -86 0
-14 -58 -87 0
-59 -68 69 0
11 -83 85 0
-65 -77 -79 0
-42 -74 84 0
45 -85 0
19 -62 73 0
-33 -69 -83 0
-11 25 -79 0
-7 32 -67 0
-8 -63 84 0
14 26 83 0
-54 59 77 0
-16 -41 -54 0
25 -67 0
-12 26 -47 0
8 -14 59 0
12 30 -38 0
12 -16 52 0
6 49 77 0
-11 -47 80 0
16 -52 85 0
25 -34 -57 0
28 48 -56 0
4 37 -74 0
-39 44 56 0
16 -35 -54 0
-40 -55 -87 0
17 35 -73 0
70 78 80 0
9 23 62 0
-15 47 68 0
-17 48 -76 0
-17 30 45 0
3 -28 -78 0
-59 -78 85 0
49 -70 73 0
66 -80 0
6 -8 -59 0
37 -57 -72 0
20 35 -84 0
-9 63 70 0
30 -48 68 0
-7 68 -74 0
-13 26 85 0
-39 67 0
-7 68 -73 0
-30 78 -80 0
14 19 -68 0
52 -74 77 0
-70 -79 81 0
-28 33 35 0
16 -35 63 0
28 -76 86 0
-47 -59 68 0
23 -72 -81 0
-16 -60 -87 0
1 63 -69 0
15 -50 -53 0
15 -30 0
33 44 -67 0
4 -31 62 0
-46 83 0
59 60 61 0
35 48 60 0
-21 -31 55 0
30 88 0
47 -54 56 0
-55 56 63 0
9 19 70 0
-41 -49 -67 0
-10 -12 48 0
13 35 36 0
-1 51 -72 0
-2 28 49 0
-51 70 79 0
-1 16 -18 0
-11 12 0
-47 63 66 0
-18 22 0
-30 -33 -74 0
-65 76 -87 0
-2 -5 78 0
-7 -37 -50 0
-58 79 84 0
-48 -63 -76 0
-4 -9 -30 0
-60 69 0
-1 -84 0
34 59 66 0
-8 -21 -49 0
-5 24 -64 0
38 -42 -49 0
11 -21 -77 0
8 -33 0
4 58 -63 0
1 -24 -68 0
7 12 63 0
-1 29 0
-26 -77 -81 0
17 -65 85 0
63 -64 68 0
7 15 -22 0
16 -25 58 0
-80 83 -87 0
62 84 0
-56 -64 -86 0
-48 -55 -73 0
-1 -57 -73 0
-55 78 0
2 3 -68 0
2 -37 -45 0
23 -33 81 0
-7 19 -75 0
20 45 70 0
5 -54 -84 0
22 -49 77 0
-24 52 64 0
9 -28 29 0
-1 -3 29 0
21 39 56 0
-57 84 0
-33 -50 67 0
22 54 55 0
49 -74 0
15 18 -30 0
-1 -15 82 0
16 67 0
18 -66 81 0
-10 36 44 0
8 -29 81 0
40 44 69 0
-21 -56 -65 0
20 -45 -81 0
16 -29 -39 0
6 37 -69 0
-28 -33 -38 0
-65 67 87 0
6 41 -49 0
2 -27 82 0
15 -30 87 0
-79 84 0
5 14 53 0
6 -37 71 0
-9 -84 87 0
16 -22 70 0
-40 -57 71 0
-8 -22 75 0
-13 32 -40 0
13 -32 -85 0
30 57 -72 0
-5 -9 74 0
-9 13 0
3 20 -47 0
5 -34 -86 0
2 -78 0
33 66 0
-5 -38 41 0
1 30 31 0
1 12 72 0
-22 39 -86 0
-37 -60 64 0
1 -7 -54 0
-55 -64 70 0
-54 69 -72 0
46 59 80 0
-6 60 -77 0
1 -6 88 0
-65 -74 0
-1 34 -50 0
-4 -79 86 0
5 -53 74 0
-7 -33 53 0
-10 -31 67 0
-4 -26 -85 0
7 33 -68 0
