p cnf 84 305
-33 49 77 0
5 10 -27 0
-25 30 65 0
-20 50 63 0
2 -47 51 0
25 -38 0
-26 -32 -35 0
-4 10 17 0
5 -45 0
15 50 -80 0
-44 -78 0
42 61 -68 0
83 84 0
-22 37 65 0
61 -67 0
-5 -15 -35 0
-3 20 -74 0
3 42 0
41 -44 54 0
-28 -32 0
33 66 75 0
11 -23 0
-41 63 0
2 20 -40 0
15 -64 -77 0
15 61 -70 0
-15 72 0
-12 72 74 0
-28 44 -67 0
42 44 -73 0
-28 43 0
38 -71 -74 0
-4 -11 -79 0
29 68 -79 0
-15 -28 -41 0
-30 -66 -71 0
-30 40 61 0
-17 35 81 0
4 9 -46 0
-57 -59 76 0
-35 64 0
9 17 51 0
-20 30 -43 0
-1 -17 -29 0
36 51 -73 0
-14 -37 -62 0
5 12 37 0
1 -57 81 0
-15 55 -81 0
-37 -39 0
-6 25 -30 0
34 -38 -75 0
28 -44 -63 0
10 54 -77 0
5 -27 -51 0
16 23 68 0
16 -29 -75 0
12 -37 0
-26 76 -79 0
72 80 -82 0
-46 61 75 0
-24 39 69 0
3 -27 80 0
-35 38 47 0
41 52 0
-10 -46 0
52 74 79 0
-52 -58 -64 0
45 56 64 0
-9 -52 -53 0
47 73 0
38 69 -82 0
-4 -18 -60 0
-2 -5 -12 0
-30 -37 -73 0
6 84 0
6 13 14 0
19 37 0
-35 37 0
-21 34 51 0
7 -23 -46 0
-41 -59 -74 0
-76 -79 81 0
17 42 61 0
-5 -21 -33 0
-37 -42 -56 0
-17 -55 -68 0
48 65 84 0
21 -47 -61 0
2 25 -29 0
6 -18 31 0
-5 -12 -77 0
-61 -82 0
-57 -65 0
-62 74 82 0
31 32 78 0
20 -70 0
-27 55 0
-16 -25 50 0
-24 46 -61 0
36 70 -80 0
34 41 -77 0
21 41 43 0
-12 47 0
-2 14 -69 0
11 17 0
34 -58 0
1 -6 -53 0
17 -21 0
17 26 0
-32 -63 0
2 -45 77 0
-8 60 66 0
20 -35 55 0
-47 59 -74 0
-17 64 -68 0
-43 -46 67 0
3 -62 84 0
36 60 0
-29 50 -62 0
-3 -17 -80 0
-45 -72 77 0
-19 40 -51 0
-11 42 0
-13 20 -82 0
30 -62 76 0
27 -36 75 0
46 61 -62 0
20 -21 -51 0
-21 -26 0
11 52 0
-43 -46 -79 0
-51 60 0
-6 68 84 0
-23 66 81 0
43 45 -48 0
-17 -19 28 0
14 -33 77 0
12 29 -83 0
28 -31 83 0
6 42 -76 0
-23 -25 52 0
-38 56 0
-30 34 0
-33 -42 -74 0
23 76 0
10 -34 72 0
17 -40 -45 0
50 -66 67 0
43 47 -66 0
34 36 -72 0
-5 22 0
45 -58 -82 0
-2 18 -22 0
-5 -60 -64 0
-16 -54 60 0
11 29 0
52 -78 0
-21 -73 0
-11 59 82 0
-4 -61 0
24 54 0
3 -26 81 0
8 54 77 0
-23 31 37 0
29 54 0
16 -25 0
-43 58 -68 0
-9 24 -30 0
9 -30 0
-42 52 76 0
-10 62 82 0
51 -59 61 0
2 -56 -59 0
-28 -68 0
-32 41 69 0
48 -72 78 0
55 -60 -69 0
-37 -67 74 0
33 -42 68 0
7 33 81 0
13 47 -83 0
19 26 55 0
-20 -68 0
39 -57 64 0
-25 -78 83 0
-7 46 48 0
-13 38 74 0
-49 -53 -65 0
-9 16 77 0
-8 -24 29 0
27 43 -45 0
-21 -23 -39 0
5 -64 80 0
14 29 -39 0
-62 65 71 0
-16 36 -80 0
5 62 -65 0
-6 -30 -63 0
8 20 0
19 -54 -70 0
-3 -16 0
-1 -13 42 0
-26 -28 -52 0
9 -38 81 0
6 35 59 0
-3 -8 -49 0
-29 49 0
4 -48 -60 0
-16 37 59 0
-15 -36 66 0
-21 22 32 0
-41 -44 80 0
42 55 0
47 67 0
-20 28 -64 0
45 -53 65 0
15 66 -73 0
-16 -41 -84 0
23 30 0
53 -59 67 0
6 -72 0
45 59 -70 0
11 46 80 0
-36 -62 -81 0
-3 -13 79 0
-15 -31 79 0
32 -51 0
37 -74 -77 0
40 56 0
3 -77 84 0
-24 -38 0
15 23 -31 0
-7 -36 45 0
4 17 -69 0
3 -8 -70 0
-16 -29 -31 0
-5 50 -84 0
42 -57 0
-18 -52 0
34 54 0
38 42 -52 0
-16 -50 65 0
32 -42 44 0
43 -72 -78 0
35 55 84 0
-16 40 -69 0
-40 67 -69 0
16 -18 32 0
29 -37 -78 0
36 47 82 0
3 14 -53 0
48 71 -77 0
-15 26 37 0
-1 -43 58 0
-43 -68 -73 0
45 49 84 0
42 70 77 0
-42 -66 -82 0
15 82 0
19 33 -67 0
-3 50 -52 0
32 -60 -64 0
-10 82 0
-2 -51 -66 0
-7 -46 0
-22 71 0
38 -76 0
27 -51 0
-5 -30 -49 0
-33 62 -81 0
-8 35 -58 0
-24 55 61 0
34 56 0
31 40 65 0
21 -38 0
-50 -53 -77 0
-17 -67 73 0
-11 -17 0
-42 50 82 0
-9 -53 0
17 29 -66 0
24 63 -81 0
3 -83 0
-10 29 37 0
44 -69 -78 0
10 -33 38 0
8 40 70 0
-55 73 0
-36 54 -75 0
-2 19 72 0
-21 23 -71 0
-15 69 -81 0
2 54 78 0
-10 24 -40 0
-7 -21 30 0
-4 5 6 0
47 75 81 0
21 -53 -67 0
-15 -64 79 0
31 -51 0
1 -5 25 0
-20 33 80 0
20 53 61 0
-34 41 -56 0
