p cnf 59 177
5 24 0
34 -53 0
-9 28 54 0
30 -40 44 0
18 25 0
-10 -51 -55 0
5 8 -27 0
13 -16 0
6 -7 -16 0
2 -22 0
-5 -36 0
-11 19 0
-13 18 0
-21 28 0
19 24 -34 0
-23 57 -58 0
-10 -33 0
-24 -25 -49 0
8 39 0
2 17 57 0
-36 -56 0
12 -49 0
8 22 0
-1 -34 55 0
19 -26 0
-21 -38 0
-4 27 0
18 -23 -43 0
35 -42 -44 0
24 -43 46 0
-6 43 0
12 23 0
-25 55 0
38 -39 0
-6 52 -58 0
7 -19 58 0
15 28 0
7 -10 0
30 -37 0
-4 -57 -58 0
20 -23 24 0
-11 47 -49 0
-47 -59 0
1 -49 57 0
-3 5 0
2 19 38 0
8 -19 -20 0
21 22 39 0
24 36 56 0
-14 29 43 0
-14 -15 -17 0
25 53 0
52 59 0
-10 -31 0
30 44 -52 0
1 -16 -38 0
31 42 0
11 59 0
19 -42 -50 0
3 -17 0
23 -43 0
32 -36 48 0
2 18 -37 0
6 -43 0
43 44 56 0
-19 36 43 0
-29 -49 0
-43 -46 -56 0
3 16 33 0
10 -11 -31 0
-12 21 35 0
-2 -20 42 0
26 45 54 0
2 22 31 0
-10 20 -36 0
-47 50 0
26 50 -55 0
-1 27 52 0
6 17 49 0
31 48 0
50 58 0
17 24 -32 0
17 -22 43 0
-44 -53 0
43 56 0
4 19 -52 0
-10 -50 0
-9 18 0
2 6 43 0
-24 42 0
-10 27 0
9 27 0
-18 -24 40 0
-10 -31 0
3 17 -31 0
39 -43 0
8 26 30 0
26 -35 46 0
-18 57 -59 0
-38 41 -43 0
-12 27 35 0
20 -49 0
-4 -5 -31 0
-7 18 44 0
54 58 0
2 31 0
-13 -53 0
17 -27 47 0
3 -8 50 0
1 -8 32 0
16 20 -47 0
10 38 42 0
-16 35 0
9 57 0
-9 59 0
-4 -22 -42 0
4 28 0
-9 39 50 0
-8 -21 -35 0
26 -33 -45 0
7 -48 0
-30 -57 0
9 46 0
-1 41 -56 0
-2 23 27 0
11 48 0
-22 -29 -51 0
-3 -11 29 0
23 -25 46 0
-2 10 -20 0
-9 18 -41 0
-2 13 -22 0
14 55 0
14 -49 54 0
-25 41 54 0
-29 36 0
-5 10 18 0
-27 31 0
28 -30 -50 0
-43 -46 58 0
-2 -14 0
14 -57 0
10 33 0
35 50 0
-47 -49 0
2 -54 57 0
16 23 0
6 -8 0
-31 -50 59 0
11 17 44 0
-16 21 -26 0
20 57 0
-1 24 0
-10 -56 0
22 38 44 0
-18 -27 0
5 -12 39 0
5 11 0
8 44 50 0
-20 -47 -52 0
-50 -51 0
27 -53 54 0
5 -42 0
23 37 0
46 53 0
-25 49 55 0
-32 36 0
37 -43 44 0
-8 25 0
15 31 0
18 39 51 0
1 -6 -10 0
-26 49 0
-22 -33 34 0
-28 -30 0
-1 31 0
38 43 0
