p cnf 80 293
-4 6 -45 0
-14 -67 -78 0
45 -60 0
-11 50 -74 0
-33 -62 64 0
-33 -44 80 0
8 -28 49 0
-20 54 60 0
11 13 -66 0
-17 -59 0
23 -24 0
2 -23 -39 0
-44 48 -69 0
-55 72 0
-32 -38 -77 0
27 66 -76 0
31 51 0
-6 25 0
31 -60 0
6 68 0
-56 -65 -80 0
-27 -31 50 0
-50 52 -80 0
-8 -22 43 0
-14 22 -69 0
-3 45 0
-18 24 79 0
6 35 -50 0
16 -35 54 0
-12 -18 -80 0
29 -42 77 0
-40 68 -77 0
34 55 56 0
7 -42 -69 0
-8 20 35 0
10 35 -59 0
55 -74 0
-29 61 0
17 -71 0
21 60 0
-10 -65 -80 0
-7 33 49 0
-14 29 33 0
1 9 35 0
40 -43 51 0
19 60 0
-24 -50 80 0
-13 52 0
-26 66 80 0
-10 44 0
12 39 76 0
50 -52 -74 0
4 49 0
74 -79 -80 0
-12 -57 0
4 53 75 0
15 -25 0
13 -33 -59 0
-29 -34 64 0
3 -54 75 0
30 35 -67 0
21 -33 52 0
-21 26 0
-53 57 58 0
-11 23 -32 0
40 52 -53 0
-53 74 0
-6 -37 79 0
-2 22 37 0
-46 -52 0
1 59 69 0
-1 -11 50 0
6 -35 54 0
22 -61 0
5 -7 -40 0
-32 37 57 0
9 -13 -18 0
-5 -17 -21 0
-21 22 0
-39 -48 -71 0
4 -21 -57 0
-32 42 0
-33 -71 -77 0
-8 -9 -73 0
8 79 0
3 -15 -22 0
55 76 80 0
-9 -65 -77 0
42 45 -57 0
-39 -54 -70 0
14 46 -68 0
16 -27 -34 0
-19 -53 75 0
-10 -21 80 0
10 60 0
25 -35 71 0
-22 25 -35 0
-3 17 51 0
-29 -36 -53 0
-6 11 19 0
-25 -52 0
21 34 62 0
12 38 70 0
-1 -21 -52 0
-11 47 -79 0
6 53 -58 0
29 -31 37 0
14 79 0
34 50 63 0
-27 -71 -72 0
9 -31 -35 0
14 45 -59 0
-9 -47 64 0
-4 -16 77 0
-50 -73 77 0
-58 65 0
-9 36 54 0
8 -37 -74 0
3 -6 72 0
-3 -46 0
21 -49 -61 0
2 -27 -74 0
35 -68 0
-1 -41 50 0
32 52 -79 0
15 69 70 0
37 -42 -53 0
-57 74 0
-20 76 0
6 -57 0
-8 10 74 0
-1 21 -50 0
42 44 0
2 68 -75 0
-44 -58 73 0
5 -22 -35 0
-9 -16 56 0
-11 39 -79 0
25 -35 73 0
-19 40 -69 0
9 -10 0
12 43 72 0
-38 -42 -59 0
-29 -35 -40 0
17 -72 0
-40 -49 0
-32 -66 -80 0
27 28 0
14 -25 -75 0
10 47 0
23 -57 0
-60 -79 0
-19 -20 25 0
-15 -31 -59 0
-51 -62 0
-68 74 77 0
20 28 64 0
-3 27 -37 0
36 -38 40 0
6 -10 0
57 60 0
17 -61 66 0
12 -69 0
48 -61 0
-6 36 75 0
3 15 61 0
30 -57 58 0
-8 65 66 0
-26 42 -50 0
-58 -65 -80 0
11 -80 0
7 -30 -76 0
39 74 0
-18 -27 70 0
-10 -39 78 0
7 -19 -20 0
-7 -25 -56 0
13 51 63 0
-31 72 0
-12 33 -73 0
12 -37 -64 0
36 50 0
9 53 55 0
15 -70 0
13 43 -51 0
16 -38 72 0
-5 69 80 0
17 -76 0
-65 66 80 0
-9 15 20 0
-1 37 39 0
6 37 78 0
-38 -43 -79 0
-6 20 -70 0
8 13 50 0
5 -53 0
60 -75 0
-8 -11 26 0
-46 -80 0
1 33 -34 0
18 -55 -57 0
10 74 -78 0
42 47 -74 0
1 -6 -38 0
14 -58 59 0
-16 66 78 0
-23 -33 -45 0
-12 30 -38 0
-2 10 -67 0
-5 -27 -70 0
-8 -42 0
-30 65 68 0
6 37 46 0
50 -55 66 0
-36 -61 0
-2 33 0
-39 -52 -62 0
1 31 0
5 55 69 0
-15 -46 -61 0
-26 77 -79 0
53 58 72 0
-49 -56 67 0
-10 -17 30 0
-30 58 -65 0
27 -45 -60 0
-3 -32 0
-30 -39 64 0
13 -67 -75 0
-24 27 69 0
5 61 64 0
-2 29 30 0
26 -45 0
64 76 0
10 -46 71 0
-53 -56 -73 0
6 11 -79 0
22 -41 76 0
12 35 42 0
5 -37 0
5 51 0
-15 25 35 0
14 -26 -67 0
-7 8 -49 0
19 -50 56 0
-3 34 0
-25 36 51 0
52 -68 -77 0
14 50 0
3 7 80 0
33 -39 -42 0
10 13 -27 0
-4 41 0
14 -57 -79 0
-38 50 -68 0
20 36 0
-4 65 80 0
-3 -56 -58 0
35 -50 0
-16 53 71 0
44 65 0
11 -12 25 0
16 36 76 0
-1 -13 73 0
42 -58 66 0
19 48 -70 0
37 -43 75 0
12 -27 62 0
-6 39 0
15 -24 29 0
9 65 0
22 -65 0
13 -25 74 0
67 70 0
16 32 -80 0
48 -50 70 0
16 -27 59 0
-36 -62 -74 0
2 -5 23 0
-19 -27 0
-13 -38 0
-23 -32 -77 0
7 52 -62 0
9 18 -64 0
13 60 68 0
-10 -49 70 0
11 69 70 0
-12 41 -71 0
21 34 -52 0
-3 -17 0
-32 -52 -58 0
42 45 60 0
-16 -71 0
