p cnf 97 382
-31 -35 49 0
16 17 -51 0
-89 -91 -96 0
13 95 96 0
14 -36 47 0
-9 11 70 0
33 -56 -74 0
35 39 51 0
-71 80 83 0
30 31 -60 0
-20 -22 0
7 -62 94 0
-20 33 -46 0
42 -58 -95 0
-73 -86 97 0
28 -45 75 0
1 15 -95 0
-42 57 -63 0
-26 50 -64 0
22 -32 -49 0
25 53 85 0
-9 -19 -62 0
-29 -31 36 0
-51 -58 -60 0
58 63 82 0
15 -83 89 0
10 -27 91 0
1 -2 -23 0
-7 -13 -22 0
37 -42 -56 0
-11 -55 -84 0
19 -61 93 0
-75 -84 86 0
8 58 -66 0
28 -49 -75 0
7 26 -81 0
-36 68 85 0
-53 -66 89 0
30 57 96 0
9 40 -60 0
-19 -32 -45 0
37 50 -96 0
19 78 95 0
-46 -81 -86 0
-8 21 45 0
23 -34 54 0
16 -56 80 0
-6 8 -34 0
15 52 -63 0
-37 -55 -59 0
5 -76 -95 0
37 -85 93 0
-37 71 0
-59 73 78 0
14 -36 74 0
76 85 -93 0
-11 25 -97 0
19 -54 -95 0
-20 64 -94 0
-67 -77 97 0
24 -29 -62 0
3 -41 57 0
-11 -51 61 0
28 -43 90 0
-15 -24 73 0
9 -15 47 0
24 75 79 0
-16 -45 57 0
13 -19 81 0
8 47 66 0
-1 -17 -95 0
2 -35 -69 0
20 -32 97 0
25 26 -94 0
-11 82 -94 0
-17 50 96 0
30 51 61 0
6 49 -79 0
56 61 82 0
-2 19 64 0
28 52 -81 0
-14 37 -75 0
14 33 54 0
48 -72 81 0
-1 73 -86 0
-5 -47 -58 0
22 -63 -84 0
-3 37 -60 0
4 50 -96 0
40 71 -97 0
-26 -36 87 0
6 -57 70 0
-4 48 -81 0
9 -10 -76 0
-23 -70 -94 0
11 -36 47 0
-21 41 86 0
-1 -60 87 0
-24 34 -82 0
22 58 -68 0
7 -48 -77 0
-32 85 97 0
4 6 -53 0
-5 -46 57 0
42 76 95 0
19 -32 -47 0
8 19 21 0
-22 -69 -72 0
2 -3 88 0
76 78 93 0
-19 22 62 0
49 56 86 0
2 30 -93 0
28 44 -55 0
-18 51 -81 0
-10 -16 51 0
41 -61 96 0
-25 65 -95 0
-43 -52 -53 0
9 -85 0
-25 -56 93 0
-5 -10 -92 0
37 -38 70 0
83 -84 97 0
-30 -73 -80 0
-19 -49 51 0
-4 -24 -79 0
42 -70 97 0
26 37 -65 0
-3 15 60 0
47 -84 85 0
26 -29 65 0
25 -68 96 0
32 -60 -61 0
17 -59 -64 0
25 -72 -81 0
-4 12 45 0
-15 18 25 0
-2 17 25 0
22 -27 -34 0
-16 21 24 0
-35 -62 79 0
-17 63 -90 0
8 76 94 0
-6 -45 -59 0
7 -11 -65 0
-22 69 -88 0
25 -35 75 0
8 -48 -92 0
-24 82 -94 0
-12 -51 63 0
-50 60 -72 0
-19 -38 62 0
81 86 -96 0
10 -58 0
65 -90 97 0
21 66 -73 0
-9 -49 -59 0
-34 -83 -89 0
68 -74 -87 0
57 60 80 0
-21 23 49 0
-1 -35 -40 0
45 -72 84 0
8 70 84 0
-11 -49 -50 0
14 52 -54 0
-15 -22 40 0
-22 52 90 0
-6 31 -69 0
39 -64 0
-14 30 -92 0
-11 -19 22 0
-13 20 93 0
67 83 -93 0
7 36 59 0
14 53 0
-44 61 -92 0
-38 79 -90 0
31 -38 65 0
-51 -54 -62 0
-8 66 -78 0
66 -85 89 0
22 30 -78 0
10 -46 -52 0
-7 -47 -68 0
-52 -54 59 0
-6 -16 66 0
33 -43 87 0
20 55 -91 0
14 -49 -78 0
30 34 -63 0
17 -90 92 0
21 -65 -82 0
-1 -11 -46 0
-43 93 96 0
-11 -40 54 0
-4 -37 48 0
35 37 51 0
-38 40 -55 0
13 -45 0
5 -29 44 0
4 12 -40 0
66 86 97 0
2 -18 34 0
-4 32 42 0
-53 -80 84 0
-33 71 -86 0
9 15 -97 0
-19 -38 42 0
26 -71 73 0
-7 47 89 0
-77 80 97 0
11 65 -93 0
12 18 25 0
-28 -59 92 0
33 44 69 0
-4 32 81 0
-20 -31 -45 0
-52 -62 85 0
-25 -57 -88 0
-27 -45 78 0
46 49 -84 0
-50 54 86 0
-2 -72 -78 0
8 64 91 0
-12 -52 62 0
-7 17 -41 0
7 -17 -66 0
-47 -68 -82 0
31 -39 -64 0
-79 85 -96 0
61 91 97 0
12 -64 -89 0
47 -66 92 0
25 -28 -56 0
34 -38 81 0
57 73 -77 0
34 39 73 0
14 36 75 0
-16 61 63 0
-7 -18 -94 0
5 24 77 0
1 -5 82 0
40 -78 80 0
44 54 55 0
-16 41 -48 0
2 44 -66 0
-7 23 -30 0
23 -27 -49 0
-32 46 97 0
19 60 -92 0
-8 77 -95 0
-31 62 70 0
-1 -32 -83 0
5 -37 75 0
-52 53 60 0
-38 75 -95 0
15 -60 -74 0
-28 -52 -77 0
-16 -62 -80 0
-24 40 93 0
1 6 -72 0
-14 -85 0
7 50 82 0
-5 -68 85 0
-21 63 69 0
-26 -28 61 0
34 -65 -89 0
41 43 0
50 -66 94 0
4 46 -97 0
-10 -15 40 0
35 -39 -41 0
-48 61 70 0
-1 -52 -90 0
-28 59 -90 0
42 -56 -74 0
79 87 97 0
49 83 89 0
25 31 -75 0
-5 39 -77 0
20 26 78 0
-5 42 -85 0
-42 45 79 0
-10 29 75 0
-26 67 -92 0
-46 71 72 0
-9 32 82 0
2 34 79 0
7 -65 97 0
-19 -66 80 0
16 -23 -88 0
8 -71 94 0
-48 59 -97 0
17 -80 -87 0
37 49 59 0
33 -47 49 0
24 47 67 0
-11 -51 54 0
16 -18 -40 0
19 62 72 0
60 76 -88 0
-24 65 75 0
-44 66 -67 0
-48 -56 -79 0
-18 -37 84 0
-25 -49 67 0
61 -71 -96 0
-42 -49 -64 0
13 37 67 0
26 -64 70 0
29 -45 47 0
-3 -62 -76 0
4 30 53 0
14 -51 -52 0
10 70 89 0
-31 -43 97 0
-5 7 -24 0
8 -15 -85 0
-10 -39 71 0
22 81 -89 0
40 -44 -61 0
-4 38 46 0
-4 12 -25 0
-7 -20 -69 0
-6 -47 89 0
-51 -65 85 0
-9 62 -74 0
-63 69 85 0
14 72 87 0
44 -45 61 0
-19 52 -72 0
-81 83 0
-25 -36 40 0
8 -82 95 0
-2 -35 -46 0
-9 -12 66 0
-17 -79 81 0
-5 13 0
14 -56 70 0
-4 28 -67 0
-9 47 -58 0
-11 -14 -38 0
6 -21 88 0
12 -38 -49 0
6 70 90 0
5 -60 86 0
23 -42 -94 0
-7 87 97 0
-3 -11 -34 0
5 -60 -86 0
21 -42 -90 0
-49 88 97 0
-2 -56 -79 0
15 -60 89 0
-44 58 -79 0
-71 74 -96 0
-15 -57 -62 0
6 -28 0
-5 -74 89 0
-20 51 -83 0
33 -51 -63 0
8 46 57 0
-13 -19 90 0
-23 82 0
56 -67 -71 0
-1 60 -69 0
18 -26 -58 0
21 66 89 0
15 36 -39 0
-44 50 93 0
11 -22 93 0
6 16 84 0
35 -44 -65 0
16 -30 -94 0
-27 -57 62 0
3 37 -51 0
-4 6 -52 0
-35 -65 -72 0
-27 -28 31 0
-9 18 70 0
