p cnf 85 316
-9 72 0
-7 8 -85 0
-14 -41 65 0
-34 49 71 0
-3 12 0
-4 -67 -72 0
-15 41 -54 0
-37 50 69 0
49 68 0
-16 -20 -71 0
-38 -68 73 0
-20 46 67 0
-16 -40 0
8 -26 70 0
54 -62 0
-16 22 -45 0
41 52 -75 0
20 -38 -63 0
-7 -20 37 0
23 34 -42 0
11 43 -67 0
30 -73 0
4 -26 72 0
-15 33 68 0
12 -28 0
7 -52 0
1 -28 -71 0
43 48 -56 0
15 -29 -53 0
-17 -22 -60 0
18 -61 -76 0
29 -32 -52 0
16 -55 85 0
-21 -78 -81 0
38 72 -79 0
-33 -67 0
43 59 0
-26 29 -54 0
-3 75 -77 0
1 -70 -85 0
53 62 -68 0
36 -62 -79 0
12 -41 78 0
-22 26 54 0
-25 41 59 0
-10 31 35 0
-15 43 0
-8 28 0
-6 -59 0
9 -67 82 0
24 -74 0
11 -15 57 0
15 60 -63 0
-40 57 73 0
33 79 0
37 68 -78 0
25 -61 71 0
-40 -78 0
-26 -63 82 0
-44 62 67 0
1 29 -66 0
-64 82 84 0
23 28 -81 0
17 -30 -35 0
28 34 57 0
-11 -69 80 0
-15 16 0
38 -54 68 0
-6 63 -79 0
45 -46 85 0
22 -35 -37 0
-15 20 -83 0
21 -25 -44 0
-18 62 0
4 -72 0
-9 62 -73 0
-2 41 47 0
2 39 -78 0
-6 28 57 0
-25 -26 -64 0
2 67 0
17 -78 79 0
-15 17 -34 0
23 -24 -27 0
5 -8 -13 0
32 -37 49 0
-3 -19 -21 0
-37 59 64 0
10 17 -23 0
-23 80 0
14 -39 -81 0
47 60 0
-12 43 78 0
23 -24 -57 0
34 56 72 0
-31 76 78 0
30 -39 -82 0
-28 36 47 0
1 50 70 0
-55 -79 0
29 72 0
15 -30 -82 0
-2 4 71 0
29 -48 67 0
58 -67 -83 0
3 -14 -43 0
4 22 -42 0
-11 -75 76 0
-17 73 75 0
-38 -74 -84 0
-18 -33 56 0
-5 -50 -59 0
26 56 0
-17 -77 -79 0
-28 -63 81 0
4 -59 60 0
24 -35 71 0
19 -24 85 0
-19 -55 0
6 18 20 0
-17 21 -54 0
-26 43 -47 0
17 -46 -76 0
-7 76 0
23 82 0
22 31 76 0
3 14 43 0
-14 81 0
-38 70 0
12 13 -61 0
-3 41 -67 0
22 -49 74 0
-42 -55 77 0
-1 -36 61 0
27 49 67 0
-30 60 62 0
-58 69 80 0
1 4 -30 0
73 -83 0
23 -44 46 0
4 13 35 0
20 21 27 0
19 -64 68 0
10 -50 82 0
31 46 47 0
33 34 -73 0
-18 -44 -68 0
40 -41 44 0
3 -7 -16 0
7 -45 0
-52 -64 65 0
-18 78 -80 0
3 -21 -74 0
-12 53 0
-37 -81 -84 0
14 43 45 0
-51 -64 -70 0
-18 21 -84 0
-6 -57 82 0
62 78 0
39 -61 74 0
-16 -22 33 0
-5 72 85 0
30 31 63 0
-68 -69 -85 0
56 -71 0
-7 42 -70 0
-44 72 0
-10 16 -71 0
26 48 -56 0
11 -21 -46 0
-37 41 44 0
18 49 0
-20 67 -85 0
55 58 0
6 22 63 0
-19 42 -62 0
16 31 38 0
-11 46 71 0
-19 -28 73 0
53 76 0
13 -55 -80 0
29 -32 44 0
-4 46 -58 0
48 53 -73 0
-18 -49 -70 0
-11 47 -64 0
27 -67 -79 0
57 72 0
1 -6 -23 0
-59 62 0
-4 30 -80 0
4 -53 85 0
-31 36 -66 0
-25 -30 68 0
-24 61 -67 0
-10 21 -29 0
-52 56 0
-8 -27 0
-45 66 80 0
6 16 -66 0
-44 46 78 0
41 55 -72 0
39 -53 85 0
15 -18 -44 0
11 -31 44 0
7 10 27 0
26 -77 -82 0
10 25 35 0
8 35 42 0
23 -45 83 0
-4 -54 -72 0
10 -71 81 0
-5 74 0
10 42 69 0
18 33 73 0
-12 24 84 0
-29 63 68 0
-17 65 0
23 -76 77 0
-15 18 46 0
9 -43 0
-20 35 59 0
-27 -68 0
-5 31 -39 0
11 -59 -72 0
3 -24 37 0
-17 -52 78 0
-7 37 76 0
-8 -20 54 0
32 -53 -68 0
25 -69 82 0
29 -74 84 0
23 50 -68 0
-18 59 0
29 -33 -83 0
18 -19 -59 0
-13 67 -73 0
3 -50 70 0
-27 -74 0
-26 80 0
75 -82 0
8 80 82 0
-28 -48 81 0
22 -39 -44 0
-7 -10 -49 0
16 52 -61 0
12 16 -48 0
-38 -39 -53 0
-19 -24 70 0
41 66 84 0
1 -57 85 0
-12 41 0
-48 59 -81 0
-24 28 35 0
7 -69 -72 0
-58 -66 0
14 56 0
2 64 77 0
23 -45 0
10 46 -76 0
-13 35 -41 0
-20 -38 -79 0
-47 -56 -68 0
18 -38 77 0
69 70 80 0
-3 39 82 0
-9 22 -49 0
-38 43 -53 0
20 -32 -33 0
-11 60 -81 0
41 -85 0
-4 54 56 0
-19 -69 0
-51 82 0
32 58 59 0
-9 54 -61 0
8 -19 64 0
41 80 0
27 56 63 0
-43 68 0
-27 -34 -63 0
73 74 78 0
11 25 56 0
-33 51 -68 0
10 -59 -81 0
-16 -22 62 0
13 35 75 0
-8 20 -76 0
10 38 -61 0
70 71 0
-30 -40 51 0
2 15 -77 0
-19 -25 30 0
-20 62 79 0
-11 -58 -75 0
-9 -45 74 0
-6 77 0
-33 51 0
27 -51 56 0
-36 -54 69 0
2 -11 81 0
7 -37 -74 0
-53 60 -69 0
-38 73 0
80 85 0
33 38 81 0
11 30 0
3 65 -66 0
-46 -82 0
-34 41 -65 0
-19 -20 81 0
5 -39 -82 0
-26 39 -49 0
3 -34 48 0
55 72 0
