p cnf 86 318
59 -82 0
3 -43 0
26 -79 0
-20 -43 0
33 -38 -68 0
-16 39 42 0
-26 -44 66 0
6 -7 -40 0
-49 -50 79 0
-81 -84 0
47 58 60 0
-15 -39 56 0
5 8 -66 0
-41 58 62 0
5 28 59 0
-7 63 -74 0
-4 19 84 0
10 -72 83 0
-25 45 -55 0
34 37 -44 0
-30 -56 64 0
35 -57 -67 0
13 14 -17 0
2 32 77 0
5 48 -55 0
21 33 0
-15 17 30 0
-29 -53 63 0
-5 -11 62 0
34 77 84 0
-26 -70 72 0
4 -54 0
14 -49 -61 0
-9 32 68 0
6 -40 50 0
29 -62 68 0
-3 12 69 0
12 27 -36 0
-34 -67 0
-1 -46 -70 0
3 -30 -41 0
8 -13 -70 0
25 -51 -86 0
61 -64 71 0
26 32 74 0
-5 8 0
27 45 -62 0
-5 -46 85 0
-65 -72 83 0
-5 -23 64 0
-38 -55 72 0
37 54 -60 0
-32 -33 84 0
4 5 -41 0
-5 -27 -52 0
9 -59 64 0
21 73 0
46 -74 78 0
13 75 -83 0
-5 77 0
22 53 73 0
-37 49 -83 0
-3 -44 0
-45 -76 -82 0
-54 81 0
13 57 74 0
-21 -73 83 0
-23 -26 0
25 -36 47 0
11 -69 -72 0
13 -75 0
10 12 -78 0
38 39 -75 0
-13 24 30 0
-19 25 39 0
56 73 -83 0
19 34 82 0
16 19 -40 0
-7 41 0
-20 46 -81 0
-22 52 65 0
-10 -27 60 0
23 31 -67 0
33 -37 70 0
-43 84 0
-51 54 -82 0
10 15 69 0
40 62 75 0
20 -83 0
30 -57 77 0
-40 47 -66 0
-3 -22 -32 0
13 19 -65 0
56 62 -85 0
48 53 0
-38 -64 76 0
6 7 46 0
39 -49 85 0
39 69 -75 0
-43 44 -45 0
10 39 -75 0
7 -74 81 0
24 -49 64 0
-8 62 0
24 -66 -83 0
-2 31 80 0
63 -66 -83 0
-11 -50 0
-35 52 64 0
30 31 61 0
-46 49 73 0
-30 74 82 0
-16 47 58 0
34 -35 -86 0
6 -33 34 0
-54 61 0
54 -66 -81 0
-45 79 0
-19 58 -80 0
27 28 -85 0
23 34 61 0
8 -69 79 0
19 -28 32 0
-10 -14 33 0
26 -63 -81 0
15 46 0
23 -63 -81 0
20 67 79 0
74 76 0
3 -78 85 0
-71 85 0
-11 -34 43 0
-36 -42 0
2 34 59 0
24 45 78 0
15 -72 0
-3 -16 58 0
6 -17 57 0
-26 52 80 0
-20 40 46 0
26 -64 0
-5 35 -69 0
-23 -73 0
-3 -54 -76 0
-29 65 -78 0
-40 -57 -62 0
-44 67 -72 0
-24 47 -50 0
-37 63 84 0
24 84 0
27 -53 -80 0
37 -56 77 0
-15 -82 -84 0
-12 75 0
53 67 70 0
7 -61 -68 0
13 -24 49 0
49 51 -53 0
-23 -24 -67 0
4 -31 46 0
4 39 50 0
-11 14 37 0
18 40 0
41 -52 56 0
-44 -76 83 0
-19 25 -66 0
22 -29 51 0
-1 -37 0
23 25 76 0
-31 36 -49 0
-51 -53 0
-23 27 -46 0
-12 71 0
-20 22 37 0
24 67 0
42 83 0
77 81 0
57 -72 0
-16 -81 86 0
50 57 -79 0
-54 -57 -76 0
-1 19 -26 0
-58 61 -75 0
39 -72 -85 0
-15 45 49 0
-34 80 0
18 -56 75 0
-29 64 -76 0
-20 26 74 0
-40 74 0
-9 56 -63 0
24 -40 44 0
-12 -62 -80 0
39 -57 81 0
-5 16 -62 0
8 -73 83 0
-44 84 0
-47 51 53 0
-19 44 74 0
41 66 0
-29 -75 0
-35 -40 50 0
-11 -12 75 0
-18 45 0
-9 16 72 0
44 46 -81 0
42 -52 -78 0
-13 77 -79 0
54 -58 60 0
11 60 -61 0
3 -39 42 0
-5 63 -72 0
-48 -60 73 0
16 -33 -86 0
30 81 0
29 51 76 0
-41 -42 -44 0
26 27 77 0
-4 19 74 0
-36 57 -58 0
-11 -26 -35 0
14 -29 51 0
-22 37 -71 0
38 52 57 0
11 36 -59 0
-51 54 66 0
-15 20 -36 0
12 -19 68 0
22 -67 81 0
29 -34 -81 0
-22 50 0
-67 -69 0
-3 -11 15 0
-22 32 0
-11 20 80 0
-26 65 -80 0
2 -31 0
-19 31 -34 0
38 -42 52 0
22 56 -74 0
-8 -53 -80 0
15 48 -51 0
-14 -72 -77 0
-2 20 0
-22 -54 -79 0
-14 -50 -73 0
-18 -37 76 0
-33 -50 -81 0
-48 -65 -83 0
67 77 0
-8 21 51 0
-13 -41 75 0
17 -48 -51 0
10 14 -27 0
13 33 -41 0
-60 76 -83 0
-40 -47 73 0
36 73 80 0
59 65 79 0
5 44 -65 0
12 18 54 0
-3 -9 -65 0
-3 68 -76 0
54 56 58 0
-33 48 -63 0
-19 -29 0
21 63 84 0
-27 -35 -79 0
-13 55 83 0
-30 -81 0
-43 -58 -71 0
25 -40 0
41 45 78 0
-14 -27 79 0
-13 24 0
27 55 84 0
7 20 38 0
17 36 42 0
17 19 35 0
-32 -51 0
5 14 -70 0
8 -33 0
11 -39 0
-10 -53 67 0
28 -42 56 0
9 37 -45 0
-8 -36 58 0
-4 17 -59 0
-2 -42 58 0
-7 -31 0
22 28 0
31 46 47 0
22 71 77 0
-27 -72 73 0
-7 12 -22 0
-58 -62 -69 0
15 -28 -84 0
-24 29 -58 0
13 -21 -25 0
42 -45 -60 0
49 -51 0
2 27 74 0
16 43 -81 0
-9 -31 37 0
-27 -65 -78 0
15 -21 -61 0
36 79 -85 0
17 -24 -47 0
-9 -44 0
-21 -41 61 0
41 74 0
12 76 77 0
-26 42 83 0
-62 66 80 0
62 67 0
7 -77 -78 0
-41 -57 71 0
-7 18 0
