p cnf 85 306
-46 -75 0
11 -20 -85 0
5 26 62 0
-13 -23 -77 0
20 21 0
3 -40 -42 0
-15 31 73 0
55 -62 84 0
3 30 -69 0
22 -62 0
38 62 73 0
25 -35 -84 0
28 -71 -81 0
3 -40 72 0
3 -47 -56 0
-16 -46 -68 0
41 -53 -70 0
-19 21 0
-37 -42 -73 0
-26 33 -69 0
25 -63 70 0
-32 -57 0
22 -51 -79 0
-3 10 0
25 -81 0
-38 -50 56 0
58 -59 -77 0
-31 -81 0
24 -35 -43 0
-2 7 -40 0
-37 -39 -45 0
21 -28 0
-33 -35 -54 0
-19 -73 -76 0
22 -62 75 0
1 51 70 0
4 63 68 0
48 -62 0
4 42 -56 0
21 -25 -46 0
19 35 60 0
-24 -51 76 0
1 57 -60 0
-6 20 67 0
18 52 77 0
-46 -53 55 0
5 -56 58 0
-25 54 70 0
63 -75 -77 0
-2 44 -70 0
25 27 37 0
-2 74 83 0
20 -30 -36 0
-24 -84 0
-17 -65 -69 0
1 -19 -46 0
42 -54 -71 0
-5 67 0
-34 -78 0
24 64 0
-7 -42 55 0
38 49 0
-29 -33 -43 0
-41 50 -69 0
4 -54 84 0
-51 -58 0
-14 23 67 0
11 -43 0
67 -73 0
-20 39 0
-13 -33 36 0
-21 -57 0
32 -41 -63 0
32 -38 57 0
4 -66 84 0
-12 -80 0
-19 -22 34 0
-26 62 0
33 46 -66 0
-36 63 -76 0
-23 44 -61 0
32 -53 71 0
-11 -38 59 0
-7 46 69 0
9 41 78 0
24 60 -71 0
-21 50 -78 0
13 20 -68 0
26 -32 85 0
-6 37 -52 0
-12 -29 50 0
23 43 -46 0
20 45 -60 0
6 -50 -82 0
3 -26 54 0
9 -67 -82 0
3 -25 40 0
-14 72 73 0
-11 36 -38 0
-3 13 0
-8 -9 47 0
55 -72 79 0
25 37 51 0
20 -35 54 0
51 -69 -78 0
21 -26 33 0
-18 59 66 0
-15 -20 -69 0
-11 -12 0
37 -56 -80 0
-70 -80 -81 0
-52 60 0
-9 21 -27 0
-25 -73 0
13 -61 -71 0
28 75 0
-28 33 65 0
-32 -72 0
-24 38 52 0
6 48 70 0
-8 13 -60 0
28 59 -80 0
-5 -44 -59 0
-20 73 0
24 -44 -52 0
-35 71 -83 0
-32 -78 80 0
-62 -84 0
-48 -63 -72 0
28 -57 -63 0
-55 62 0
-6 10 71 0
14 -45 47 0
-27 59 70 0
27 28 -68 0
51 54 74 0
1 22 -27 0
26 -33 -57 0
14 40 0
-24 53 64 0
25 -74 0
12 -18 -37 0
-19 -27 39 0
66 -79 0
65 -67 -70 0
-1 20 70 0
-40 53 57 0
48 52 -85 0
-25 -66 -69 0
4 -7 12 0
-8 46 73 0
12 -29 0
-4 38 -70 0
-13 -17 -39 0
59 -65 69 0
13 -26 67 0
2 33 60 0
27 58 -61 0
-7 79 0
-11 -16 0
14 -56 73 0
17 -20 -84 0
39 52 -75 0
41 -54 71 0
23 25 29 0
22 -46 68 0
21 36 56 0
-9 39 -42 0
-69 74 -78 0
5 -24 0
-1 69 -84 0
23 -42 -67 0
-4 -13 -32 0
-32 -53 0
7 23 -53 0
33 41 -78 0
-6 35 56 0
-43 -56 -74 0
46 75 -76 0
-6 -19 -37 0
44 50 -82 0
71 84 0
-17 24 -77 0
-66 -78 -82 0
-25 -29 38 0
17 48 -64 0
46 50 0
-18 46 63 0
-10 -35 -42 0
-2 -23 73 0
15 38 83 0
-18 -30 44 0
7 -38 60 0
31 -62 -80 0
-1 43 -73 0
-7 -50 57 0
38 60 -70 0
-9 45 0
44 58 -61 0
13 -33 -60 0
38 -49 -84 0
-26 29 51 0
-1 -5 50 0
-37 74 79 0
4 -20 56 0
56 61 0
41 -57 -85 0
7 34 -37 0
-26 42 55 0
-10 48 62 0
-51 73 -78 0
-1 -23 26 0
-16 -32 59 0
-49 58 0
51 -61 -63 0
-32 -36 65 0
-44 53 61 0
-28 64 -69 0
-17 -68 -75 0
-11 -22 -61 0
44 68 0
-6 68 -75 0
-28 -46 72 0
42 48 84 0
-41 59 -68 0
-7 13 -58 0
7 29 -52 0
-14 48 71 0
-18 -29 74 0
54 57 -79 0
14 -23 -26 0
-7 -26 70 0
20 -44 0
60 67 -71 0
-53 60 0
-16 45 -62 0
-34 -54 -67 0
21 42 85 0
29 35 0
30 54 -66 0
-31 -40 77 0
55 83 -84 0
-33 -34 78 0
20 -56 0
5 -57 61 0
42 -48 58 0
3 -27 0
-32 35 -45 0
-11 82 -85 0
-9 -58 66 0
68 80 0
42 44 -65 0
-2 -3 -74 0
-2 -16 0
12 -29 57 0
-32 54 75 0
14 -70 -85 0
29 42 -43 0
-11 51 -55 0
-37 -56 73 0
-13 63 74 0
-37 71 81 0
-42 -78 0
-15 24 -29 0
-9 25 -41 0
-9 36 -40 0
23 -44 76 0
-1 5 -48 0
-1 -54 -67 0
17 26 38 0
-2 40 -52 0
-29 41 -69 0
-44 75 0
-20 21 22 0
-13 -20 -39 0
-20 31 0
-25 42 -44 0
-3 -49 -85 0
5 -21 -32 0
25 -43 -73 0
-43 -45 73 0
-15 57 0
-25 51 -62 0
-8 31 -46 0
-9 -18 0
6 49 59 0
-67 70 0
-29 46 -83 0
-2 -30 -43 0
47 -61 0
-17 24 -35 0
-22 -52 0
2 -29 84 0
-4 -24 -38 0
-25 31 61 0
-23 41 48 0
6 9 -47 0
9 36 71 0
31 73 81 0
57 -59 -76 0
36 -41 72 0
-24 28 -65 0
1 6 -49 0
-12 50 79 0
44 50 82 0
-24 -38 0
