p cnf 98 393
39 -56 -63 0
-52 -54 0
49 64 -93 0
-25 -58 78 0
54 -78 86 0
15 -56 60 0
-4 -13 98 0
10 -93 96 0
57 61 -73 0
-13 -27 -66 0
5 13 58 0
83 88 -89 0
-60 72 87 0
-2 42 83 0
55 -57 -78 0
39 -72 73 0
-9 38 61 0
78 87 96 0
53 85 -94 0
-51 -69 -82 0
50 52 87 0
29 36 92 0
-33 -48 73 0
2 -51 -64 0
43 -50 51 0
-32 66 -89 0
-28 -31 0
31 -63 94 0
38 67 97 0
17 26 38 0
-16 46 68 0
41 -92 96 0
47 86 98 0
-9 11 14 0
-17 -25 27 0
2 19 -90 0
-26 45 -51 0
39 78 -82 0
27 -49 -68 0
24 78 -80 0
-10 -19 46 0
8 28 -54 0
-64 -91 -96 0
82 90 94 0
27 -48 94 0
24 35 45 0
65 94 -96 0
9 -30 81 0
-5 57 81 0
37 53 0
-3 42 -62 0
20 38 -70 0
12 18 88 0
-21 32 -89 0
8 -27 56 0
59 89 -91 0
7 -14 98 0
-24 -60 95 0
90 -95 -96 0
-42 63 -87 0
-17 20 65 0
-81 -85 -91 0
33 -54 89 0
29 -47 -83 0
75 80 -89 0
-13 -32 -47 0
-16 -43 74 0
43 -66 69 0
-6 -17 -64 0
-17 -23 -71 0
1 21 -38 0
-27 57 93 0
6 -48 85 0
-30 -46 94 0
16 21 90 0
17 21 37 0
18 28 46 0
-32 -52 96 0
-34 -76 85 0
-9 -62 74 0
64 83 -91 0
24 37 -62 0
12 34 -59 0
16 26 84 0
2 5 19 0
-24 52 57 0
-49 70 75 0
82 89 -94 0
-21 -52 77 0
-10 39 60 0
-12 49 54 0
-64 -68 -73 0
25 32 79 0
14 53 -62 0
12 -37 -83 0
-21 28 -69 0
24 27 76 0
-35 -44 85 0
-6 -52 80 0
34 -37 40 0
53 58 95 0
-14 61 0
-14 -62 81 0
32 35 -74 0
23 47 97 0
23 -59 98 0
16 -56 -72 0
8 38 84 0
-15 -34 -82 0
-63 86 -90 0
1 -11 -54 0
3 15 51 0
-12 69 0
-24 -31 88 0
53 -54 -78 0
4 -29 61 0
-30 89 -97 0
23 -27 92 0
-57 84 -98 0
14 27 79 0
19 -47 -90 0
15 -26 -52 0
-23 -25 94 0
-25 -42 -72 0
-7 30 57 0
9 -20 52 0
-44 46 -75 0
-2 -7 -84 0
4 -24 -68 0
-10 -14 -62 0
-32 84 98 0
-14 37 -70 0
-17 48 -92 0
30 -53 97 0
5 -6 -58 0
-13 -46 -58 0
6 22 -67 0
19 -71 -78 0
42 -50 -89 0
18 24 -72 0
-44 46 93 0
-4 40 78 0
-55 -66 93 0
19 42 85 0
-14 -15 -63 0
-8 -43 44 0
14 88 96 0
-33 42 -94 0
35 -53 -67 0
-8 21 86 0
26 -37 61 0
20 -62 -88 0
-27 -62 82 0
-14 -40 -87 0
9 14 50 0
20 -28 57 0
-10 54 68 0
59 62 68 0
8 -63 71 0
14 94 97 0
4 7 -83 0
5 84 91 0
52 57 -79 0
45 57 -76 0
31 -35 -54 0
-56 -76 90 0
-41 72 86 0
50 54 -96 0
42 -43 98 0
9 -32 -85 0
10 -40 -71 0
34 64 77 0
-15 54 57 0
-9 -37 94 0
25 -28 61 0
-2 -46 93 0
3 17 -23 0
-3 48 -52 0
29 -36 -57 0
12 34 -51 0
-43 -56 -60 0
-23 -32 76 0
-27 -71 88 0
2 35 -94 0
13 -27 54 0
-23 91 -95 0
19 77 89 0
8 65 -68 0
-56 -59 61 0
-8 -49 97 0
53 -90 -91 0
-24 26 33 0
51 55 -62 0
-48 -66 74 0
-3 10 -83 0
24 38 -72 0
35 -38 -66 0
-50 -59 73 0
-18 -60 -77 0
52 -69 95 0
57 65 66 0
-22 -27 -31 0
87 -90 92 0
8 -59 -73 0
3 37 72 0
-21 -33 79 0
-19 47 -67 0
-1 -12 47 0
21 59 87 0
5 -25 -53 0
38 -58 -96 0
-6 53 -54 0
18 72 95 0
31 55 76 0
-18 -52 81 0
3 -23 -43 0
20 -39 -53 0
74 92 -96 0
-17 -61 -80 0
-9 17 -27 0
62 63 66 0
38 76 -88 0
-25 -49 80 0
-31 47 96 0
-5 -76 0
10 32 78 0
27 -71 -96 0
13 -52 -92 0
25 -53 -73 0
-68 -78 -83 0
-13 -52 -69 0
23 -68 84 0
-45 62 73 0
4 39 -76 0
52 -58 -61 0
11 -75 -82 0
10 34 -96 0
56 -57 -81 0
-9 -52 53 0
-4 -28 61 0
-30 -51 53 0
-22 28 89 0
2 -11 -21 0
16 30 76 0
19 -30 62 0
-19 66 -86 0
-86 95 96 0
-35 74 -95 0
-8 9 25 0
12 29 -45 0
-30 66 -79 0
29 31 -91 0
-15 -43 -58 0
8 81 96 0
-36 53 85 0
-68 -84 -92 0
-58 67 92 0
52 -72 92 0
26 -37 -71 0
-11 39 56 0
-46 -54 -86 0
38 -62 93 0
-29 56 82 0
-22 -75 97 0
48 -65 68 0
3 39 -71 0
-42 44 -81 0
25 55 61 0
-19 -31 63 0
-2 50 -85 0
55 -58 -86 0
-71 72 74 0
6 -24 82 0
-2 -4 -84 0
-39 -45 -76 0
-4 -10 62 0
30 -55 69 0
-22 57 -60 0
22 25 54 0
48 -89 -93 0
54 64 66 0
5 -51 -91 0
66 -77 85 0
3 -20 -80 0
-43 -95 -96 0
6 22 -96 0
-41 63 -85 0
15 55 -64 0
59 -68 -69 0
22 -42 55 0
-16 44 -49 0
-3 -7 55 0
18 -41 98 0
-1 -55 -60 0
69 77 93 0
-50 60 -92 0
27 -33 -94 0
22 -69 73 0
3 -14 -36 0
7 -19 46 0
8 58 64 0
22 -29 -87 0
30 -32 -46 0
34 -70 -83 0
-9 30 -58 0
2 57 -68 0
42 -56 81 0
5 7 12 0
3 52 -61 0
-17 30 -66 0
12 50 52 0
-37 -40 61 0
76 82 -87 0
-23 26 44 0
-4 -73 -92 0
32 69 87 0
34 -42 95 0
-27 62 88 0
-78 -80 -83 0
3 -25 39 0
-7 -24 -63 0
-26 -37 -72 0
25 43 74 0
33 48 -83 0
-37 -41 75 0
7 72 -93 0
-15 -59 70 0
-51 -68 73 0
4 -26 -55 0
-3 -19 48 0
-72 88 0
38 65 92 0
-4 34 -83 0
-10 -23 -71 0
-68 77 78 0
44 -47 60 0
6 -11 -39 0
-23 -72 -82 0
23 -35 42 0
10 -38 68 0
3 31 -45 0
-50 -51 96 0
29 71 73 0
56 86 92 0
-29 -40 90 0
-51 77 80 0
-21 75 -90 0
-32 -35 -36 0
25 -34 -65 0
-6 11 -16 0
-29 -40 53 0
58 -73 -88 0
-5 -60 91 0
-14 -68 -81 0
18 48 74 0
22 -42 -74 0
-51 59 -60 0
-66 -72 84 0
-38 -79 -90 0
45 63 -67 0
63 70 73 0
-65 84 97 0
-16 -27 73 0
-4 47 72 0
-33 94 96 0
47 -54 -77 0
-9 79 -84 0
9 -43 52 0
14 25 -90 0
-24 -41 -69 0
24 53 84 0
-45 -58 74 0
54 84 95 0
8 63 68 0
7 -10 -34 0
-47 80 -96 0
8 43 94 0
49 -79 92 0
-16 49 -65 0
-23 68 -96 0
-12 -39 -56 0
10 46 97 0
4 -58 78 0
23 29 -88 0
-24 35 67 0
-19 70 73 0
-20 -41 -74 0
-1 29 -93 0
19 20 50 0
-40 52 90 0
45 -51 -61 0
9 -83 89 0
51 -63 98 0
