p cnf 91 348
14 -16 -73 0
46 53 0
-18 -39 83 0
57 -76 0
-35 41 66 0
21 -85 0
-26 44 -56 0
-15 18 -77 0
-1 27 -58 0
-10 20 35 0
-32 -49 -90 0
38 -53 67 0
-20 31 -81 0
40 -43 0
-6 -51 55 0
-6 23 -35 0
11 29 -72 0
-24 -77 83 0
-58 -66 -69 0
14 30 76 0
8 42 62 0
-1 -3 68 0
8 56 57 0
-46 70 -89 0
-26 -80 -82 0
31 -49 73 0
6 11 -21 0
-40 -52 -72 0
13 -29 64 0
4 -46 -50 0
-3 43 -60 0
22 60 -86 0
5 -63 0
11 33 79 0
11 -13 -76 0
5 -64 -85 0
12 -69 0
-38 50 53 0
9 -15 55 0
-17 -43 -67 0
16 -56 80 0
35 37 87 0
-27 31 -39 0
6 20 0
-25 -39 89 0
46 54 90 0
37 -67 -69 0
-11 43 -88 0
5 -13 -28 0
46 52 77 0
1 11 -79 0
-8 68 -85 0
4 38 -52 0
-38 -66 71 0
-20 -36 69 0
19 -31 -82 0
34 -61 90 0
-9 -61 62 0
36 52 -89 0
-6 10 40 0
19 50 82 0
-83 85 0
8 12 50 0
41 81 87 0
8 -37 0
22 26 -74 0
-20 48 79 0
34 -42 91 0
-36 85 -91 0
-48 -60 -76 0
4 16 52 0
-3 -18 84 0
-18 20 50 0
10 75 -83 0
-1 -23 -71 0
28 -35 85 0
43 61 84 0
-13 -56 0
-16 -39 0
59 -86 89 0
-31 39 -54 0
22 73 84 0
-22 26 -66 0
-29 39 -48 0
-21 68 -90 0
-53 -61 69 0
-48 -67 0
20 36 -73 0
-24 -64 90 0
-17 19 60 0
5 32 69 0
18 34 -91 0
-27 -46 51 0
26 -80 -88 0
-48 66 -84 0
3 15 0
13 -25 -85 0
52 55 69 0
17 -65 -74 0
-14 -61 -77 0
7 -31 -37 0
-25 -35 -45 0
-11 -67 82 0
22 -26 -83 0
18 31 73 0
-21 62 79 0
-12 54 -78 0
-21 -29 48 0
-35 -66 76 0
-68 81 86 0
23 -25 44 0
12 -47 -74 0
46 -54 -62 0
80 -82 0
17 36 77 0
58 63 81 0
7 47 -54 0
-44 -46 60 0
-35 -70 -73 0
-25 -26 33 0
17 38 -68 0
31 -58 61 0
-47 -49 72 0
-31 -35 -91 0
-48 51 -77 0
-2 -47 -57 0
-5 81 89 0
20 32 58 0
-43 -44 -69 0
12 44 -80 0
17 28 -81 0
-66 -70 87 0
37 -59 91 0
18 -38 0
46 52 58 0
5 -45 -82 0
-81 -85 86 0
-33 75 -83 0
-56 78 86 0
35 -52 64 0
-34 -48 68 0
-43 51 -71 0
-49 -57 -87 0
-5 18 -31 0
-49 54 77 0
-49 82 87 0
-84 -86 88 0
15 31 -63 0
-13 52 -81 0
-45 59 87 0
45 -83 -87 0
-23 -70 -80 0
9 -32 -70 0
13 17 27 0
-10 15 78 0
-19 79 -88 0
-7 -60 0
55 56 -83 0
-13 30 -33 0
-23 -38 -79 0
-18 -21 -72 0
38 56 91 0
39 44 60 0
40 50 -73 0
-10 -31 72 0
8 22 68 0
34 44 -67 0
5 -18 -74 0
-47 -51 62 0
-19 -78 81 0
19 -24 -75 0
-51 65 84 0
-47 -84 0
23 -49 -87 0
-9 -37 43 0
27 53 -64 0
9 -74 81 0
19 -43 -67 0
30 -44 -84 0
-28 -29 -33 0
-32 71 -85 0
-35 48 -76 0
-6 -12 57 0
-19 34 65 0
-36 -39 79 0
3 19 88 0
5 69 82 0
16 42 67 0
-58 71 76 0
-14 67 78 0
-53 63 -75 0
16 -80 85 0
-48 79 -84 0
71 -73 -74 0
6 -48 65 0
62 -73 -75 0
51 64 74 0
43 -76 89 0
-10 -25 -42 0
17 -37 53 0
11 -60 -81 0
-19 -67 75 0
13 21 49 0
-4 -15 -39 0
-27 -63 89 0
-71 79 -87 0
-30 83 -89 0
10 -83 87 0
-49 85 89 0
34 -35 48 0
-43 46 81 0
-36 49 -56 0
9 22 47 0
-13 -36 -87 0
13 -31 -82 0
-14 16 -56 0
2 -68 88 0
15 23 36 0
9 -34 -54 0
50 -51 -59 0
-15 51 0
-31 74 85 0
-7 72 -84 0
40 -47 81 0
-51 -53 -91 0
14 -33 -54 0
19 -28 -40 0
4 31 -33 0
47 49 59 0
-2 8 29 0
-7 -14 -90 0
-22 -86 -91 0
24 52 -83 0
-7 12 22 0
7 21 -42 0
26 49 -63 0
18 50 0
43 -88 0
-26 -58 87 0
-61 63 83 0
-52 73 86 0
46 53 91 0
-3 -51 88 0
-7 12 37 0
-17 41 0
-8 -23 -27 0
-15 -80 81 0
5 -18 -78 0
4 -25 68 0
48 -62 88 0
11 26 -78 0
25 63 78 0
21 37 47 0
-30 -36 80 0
-14 44 55 0
-13 55 -91 0
-11 -22 84 0
-4 38 -87 0
-8 14 91 0
-19 -79 -90 0
-3 -34 -38 0
38 57 -86 0
28 41 71 0
-7 -74 83 0
5 8 23 0
23 28 0
-30 53 66 0
16 -31 -60 0
46 87 0
-20 -56 90 0
30 60 79 0
-17 48 65 0
-45 70 -87 0
-32 52 -73 0
-1 -34 -55 0
53 -89 0
-15 -20 -36 0
-9 -58 65 0
39 -75 -79 0
22 28 -30 0
-38 -49 75 0
-60 79 84 0
-31 -78 90 0
-6 71 83 0
2 62 -90 0
-12 42 83 0
12 -77 87 0
-33 -49 78 0
15 19 79 0
7 79 88 0
13 18 89 0
-1 75 77 0
15 -17 73 0
-7 41 0
46 -79 80 0
-17 -34 -89 0
-8 31 79 0
32 37 -70 0
-19 -22 -54 0
17 -28 -61 0
-2 -9 -12 0
-53 59 0
12 75 -79 0
4 17 -40 0
-55 60 -66 0
-19 -27 -47 0
36 -77 0
-2 -10 -81 0
-33 -45 -65 0
-61 64 -75 0
35 -42 -81 0
10 -49 88 0
39 63 -81 0
-9 28 88 0
-1 5 -81 0
24 -25 89 0
-16 39 0
35 74 83 0
7 22 84 0
-51 -56 60 0
-34 66 -87 0
-16 -50 77 0
40 52 0
-28 32 69 0
27 83 91 0
-4 6 -91 0
-31 40 -83 0
-30 31 -85 0
-23 57 58 0
-30 63 64 0
-6 11 37 0
-21 -39 -86 0
-50 -55 78 0
-26 29 39 0
-19 -21 -24 0
-8 52 -53 0
-77 89 0
-17 -19 27 0
-15 -39 49 0
13 -41 -65 0
-29 -55 -77 0
8 42 -51 0
-28 -61 -72 0
57 82 90 0
-63 -83 89 0
10 -13 63 0
-16 49 -67 0
47 51 80 0
