p cnf 69 220
-30 -40 56 0
1 52 -55 0
35 38 68 0
23 58 63 0
10 -56 0
-8 -44 68 0
-5 -22 -31 0
-34 -42 0
18 30 0
11 -33 -47 0
-18 54 0
49 68 0
21 27 -36 0
10 68 0
-60 -63 0
16 -64 0
-11 -48 0
-31 -48 -54 0
19 -24 64 0
-24 -36 53 0
24 48 60 0
25 59 -65 0
-14 31 42 0
-4 -22 43 0
-5 17 0
4 23 26 0
-39 -45 0
23 -61 0
-11 33 46 0
3 8 -63 0
-6 34 48 0
7 -20 0
-27 -62 0
-7 -58 -66 0
46 -62 0
-3 62 0
4 -24 0
-6 32 37 0
11 51 57 0
-11 -22 44 0
15 45 0
-15 36 -63 0
12 45 0
18 42 -54 0
16 57 0
35 -39 -58 0
-7 -10 -15 0
-32 52 0
23 -28 0
-47 65 0
-4 -58 0
3 -15 -67 0
-17 56 0
14 -15 -56 0
-7 49 -63 0
-27 59 0
15 48 -56 0
3 20 0
-24 35 -66 0
-5 -68 0
39 -61 0
-2 4 0
-46 -47 -48 0
-15 25 -38 0
8 -14 0
48 60 0
-1 -50 54 0
17 44 -65 0
-18 -32 -41 0
-17 42 55 0
14 -22 0
-2 -50 0
-33 38 49 0
-3 -47 0
6 57 -68 0
-25 32 0
-15 -52 -68 0
29 34 0
-10 -29 -44 0
-4 -31 45 0
16 -38 -61 0
-14 -24 -66 0
-9 68 0
28 -33 -64 0
-11 -22 37 0
-17 53 0
-18 -22 23 0
7 -16 0
-5 53 63 0
-21 -52 0
-12 -30 -44 0
-35 60 0
-10 44 0
-19 47 53 0
-28 39 -68 0
-12 -31 44 0
-16 24 -34 0
4 5 -32 0
18 -53 0
-60 -62 0
8 -10 21 0
-35 -38 50 0
2 -19 30 0
-6 -18 62 0
-17 31 39 0
-35 -62 69 0
-35 57 0
-34 -40 0
-4 -20 46 0
20 -32 -67 0
43 -60 -63 0
-10 22 -54 0
10 -47 -68 0
38 -43 59 0
5 8 -24 0
-34 57 0
-19 -43 0
2 55 -66 0
-6 7 -66 0
-4 -36 -41 0
-1 42 0
40 -65 -68 0
-2 41 -59 0
-27 55 0
14 55 0
-65 -69 0
-40 54 0
16 -23 38 0
11 -47 54 0
-14 -22 -57 0
-13 17 -48 0
-17 33 0
-26 47 67 0
27 -33 -36 0
-12 36 67 0
-5 29 55 0
28 -33 0
16 -22 -55 0
31 61 0
30 37 -61 0
-6 -16 0
-52 -62 0
-6 32 46 0
7 -51 0
-42 -57 61 0
4 -5 -67 0
-6 -27 0
4 49 0
5 -31 0
2 -19 23 0
-2 33 0
-28 -33 51 0
-26 45 -46 0
-36 -48 -61 0
-11 -24 -35 0
8 -29 41 0
17 -33 58 0
-20 -45 -63 0
3 -49 67 0
-12 63 0
8 61 0
-18 47 0
21 -39 56 0
53 68 0
-16 -41 0
23 -30 0
19 21 0
-51 -63 0
-28 -36 -42 0
9 -28 -34 0
-37 -44 -52 0
-27 -42 68 0
8 -17 66 0
34 53 0
30 42 0
-44 51 -57 0
-14 22 0
-5 -6 60 0
-1 35 0
7 -19 -56 0
1 23 0
18 -46 -51 0
-8 27 0
19 25 61 0
-14 40 0
-25 36 55 0
12 13 -22 0
-36 39 -49 0
27 33 0
-5 -44 0
25 -66 0
-35 -38 -54 0
20 26 -63 0
-31 -40 0
11 38 47 0
12 -19 0
-18 -61 -65 0
5 -12 50 0
30 -40 0
-25 -69 0
2 -36 -64 0
36 -45 -50 0
42 57 61 0
-52 -57 64 0
55 -65 0
-33 52 -56 0
-38 57 -67 0
10 -11 29 0
18 -38 0
10 26 -35 0
-2 31 -60 0
19 -31 -32 0
-3 4 12 0
27 -30 0
-9 -18 23 0
2 -11 31 0
45 47 53 0
25 -28 0
-6 57 0
28 41 -63 0
