p cnf 71 226
-10 12 -40 0
-8 -23 0
25 -36 68 0
-14 -18 67 0
-10 -32 69 0
18 32 62 0
-29 39 -41 0
6 34 -53 0
43 -66 0
-23 24 -59 0
-10 -30 0
27 31 -57 0
26 -33 -38 0
16 -37 -64 0
46 -64 0
-13 -25 0
-7 -66 0
-29 63 70 0
4 -58 0
11 40 0
-29 -56 -63 0
-8 -20 33 0
12 25 67 0
20 37 68 0
25 -32 0
-28 56 -62 0
-44 -64 0
-13 -16 54 0
53 67 0
37 58 0
19 44 -62 0
25 44 0
-3 45 70 0
-7 17 30 0
2 4 -54 0
1 22 55 0
10 14 54 0
44 -55 0
54 -58 0
48 -54 -56 0
2 -17 0
28 29 -71 0
5 23 -34 0
42 -58 0
14 -44 -52 0
-40 -66 71 0
1 27 0
-67 -70 0
19 45 0
-14 33 0
-17 38 52 0
41 49 70 0
-26 33 45 0
-36 -41 48 0
11 46 -51 0
23 -24 0
27 66 0
-3 14 0
-8 20 37 0
22 -42 -44 0
29 32 -53 0
13 26 0
-43 -46 0
-3 -54 0
-31 61 -71 0
-15 -17 -42 0
9 50 0
11 -45 -66 0
-12 -51 55 0
7 18 0
-16 44 -69 0
-11 21 -34 0
-17 -71 0
-15 56 62 0
-7 59 0
-10 -17 -41 0
-8 13 19 0
14 40 -56 0
39 -47 -53 0
-25 -27 48 0
27 -53 0
30 33 0
40 48 0
1 -16 -47 0
3 -16 -21 0
-9 -11 -31 0
-7 32 0
-27 45 57 0
-18 -37 -39 0
-41 -45 0
-21 -35 0
7 48 0
26 32 0
29 -71 0
37 70 0
-7 43 -71 0
-11 19 71 0
-22 61 0
-35 -42 -69 0
26 -58 0
-45 -56 0
21 29 -63 0
21 33 64 0
-13 52 64 0
-14 -51 -57 0
-41 50 -51 0
-7 -17 -60 0
-20 -45 0
-45 63 0
-7 -47 59 0
-14 27 71 0
24 42 -51 0
-50 56 0
68 69 0
4 28 0
2 8 -60 0
44 -57 0
-35 36 42 0
-22 32 -39 0
-23 -54 0
17 -58 71 0
-12 -27 30 0
54 -58 0
25 28 71 0
-53 55 0
6 -11 0
-1 -28 -34 0
-27 -69 0
8 46 0
8 28 0
-26 -54 0
-8 -50 -51 0
36 -44 0
-44 -58 69 0
-3 28 0
45 48 -60 0
9 50 0
31 39 0
8 -22 25 0
-13 -46 0
-19 -29 61 0
-38 45 0
7 20 43 0
1 -31 0
3 61 -67 0
-15 22 0
21 23 48 0
-1 15 -21 0
6 41 64 0
-33 36 61 0
-16 -17 56 0
-17 62 0
9 -25 0
6 -32 0
21 22 -71 0
12 -19 -52 0
-24 -44 0
-21 62 -69 0
-8 24 -68 0
8 12 -30 0
-15 16 0
-13 -62 0
15 16 0
-26 -62 0
7 -24 49 0
46 -54 0
-23 67 0
5 -26 0
-5 47 -57 0
3 -20 -71 0
14 -21 -34 0
-23 -25 -51 0
14 -33 0
17 -25 60 0
3 -61 0
47 48 -62 0
49 -69 0
5 -33 38 0
27 38 0
7 23 -69 0
13 -70 0
50 52 -60 0
37 57 -63 0
7 11 -59 0
2 60 0
-25 -35 0
20 21 41 0
2 34 0
-29 -45 65 0
-47 56 -67 0
-33 -52 65 0
36 -70 0
-24 41 -49 0
7 -23 37 0
20 -43 -64 0
8 -36 0
-24 49 -62 0
-39 40 0
-9 10 40 0
-27 -33 39 0
22 -34 0
39 55 0
-7 28 42 0
-12 -35 0
-13 -20 -58 0
19 26 -56 0
-18 26 62 0
-28 -58 60 0
27 -28 -29 0
28 -56 62 0
-33 50 -64 0
14 33 0
-23 39 54 0
12 -62 0
20 -46 -55 0
8 14 -37 0
17 -39 -50 0
-31 -56 0
-42 63 -65 0
-14 25 58 0
7 -34 66 0
-11 -12 34 0
-31 37 64 0
-34 -36 0
33 44 -68 0
-9 -50 0
