p cnf 203 818
1 2 3 4 5 6 7 8 9 10 11 12 13 14 15 16 17 18 19 20 21 22 23 0
24 25 26 27 28 29 30 31 32 33 34 35 36 37 38 39 40 41 42 43 0
44 45 46 47 48 49 50 51 52 53 54 55 56 57 58 59 60 61 62 63 0
64 65 66 67 68 69 70 71 72 73 74 75 76 77 78 79 80 81 82 0
83 84 85 86 87 88 89 90 91 92 93 94 95 96 97 98 99 100 101 0
124 125 126 127 128 129 130 131 132 133 134 135 136 137 138 139 140 141 142 143 144 145 0
146 147 148 149 150 151 152 153 154 155 156 157 158 159 160 161 162 0
163 164 165 166 167 168 169 170 171 172 173 174 175 176 177 178 179 180 181 182 183 0
-1 -44 0
-1 -64 0
-1 -83 0
-1 -102 0
-1 -124 0
-1 -146 0
-1 -163 0
-1 -184 0
-44 -64 0
-44 -83 0
-44 -102 0
-44 -124 0
-44 -146 0
-44 -163 0
-44 -184 0
-64 -83 0
-64 -102 0
-64 -124 0
-64 -146 0
-64 -163 0
-64 -184 0
-83 -102 0
-83 -124 0
-83 -146 0
-83 -163 0
-83 -184 0
-102 -124 0
-102 -146 0
-102 -163 0
-102 -184 0
-124 -146 0
-124 -163 0
-124 -184 0
-146 -163 0
-146 -184 0
-163 -184 0
-2 -24 0
-2 -45 0
-2 -84 0
-2 -103 0
-2 -125 0
-2 -147 0
-2 -164 0
-2 -185 0
-24 -45 0
-24 -84 0
-24 -103 0
-24 -125 0
-24 -147 0
-24 -164 0
-24 -185 0
-45 -84 0
-45 -103 0
-45 -125 0
-45 -147 0
-45 -164 0
-45 -185 0
-84 -103 0
-84 -125 0
-84 -147 0
-84 -164 0
-84 -185 0
-103 -125 0
-103 -147 0
-103 -164 0
-103 -185 0
-125 -147 0
-125 -164 0
-125 -185 0
-147 -164 0
-147 -185 0
-164 -185 0
-3 -25 0
-3 -46 0
-3 -85 0
-3 -104 0
-3 -126 0
-3 -148 0
-3 -165 0
-3 -186 0
-25 -46 0
-25 -85 0
-25 -104 0
-25 -126 0
-25 -148 0
-25 -165 0
-25 -186 0
-46 -85 0
-46 -104 0
-46 -126 0
-46 -148 0
-46 -165 0
-46 -186 0
-85 -104 0
-85 -126 0
-85 -148 0
-85 -165 0
-85 -186 0
-104 -126 0
-104 -148 0
-104 -165 0
-104 -186 0
-126 -148 0
-126 -165 0
-126 -186 0
-148 -165 0
-148 -186 0
-165 -186 0
-4 -26 0
-4 -47 0
-4 -65 0
-4 -86 0
-4 -105 0
-4 -127 0
-4 -149 0
-4 -166 0
-4 -187 0
-26 -47 0
-26 -65 0
-26 -86 0
-26 -105 0
-26 -127 0
-26 -149 0
-26 -166 0
-26 -187 0
-47 -65 0
-47 -86 0
-47 -105 0
-47 -127 0
-47 -149 0
-47 -166 0
-47 -187 0
-65 -86 0
-65 -105 0
-65 -127 0
-65 -149 0
-65 -166 0
-65 -187 0
-86 -105 0
-86 -127 0
-86 -149 0
-86 -166 0
-86 -187 0
-105 -127 0
-105 -149 0
-105 -166 0
-105 -187 0
-127 -149 0
-127 -166 0
-127 -187 0
-149 -166 0
-149 -187 0
-166 -187 0
-5 -27 0
-5 -48 0
-5 -87 0
-5 -128 0
-5 -150 0
-5 -167 0
-5 -188 0
-27 -48 0
-27 -87 0
-27 -128 0
-27 -150 0
-27 -167 0
-27 -188 0
-48 -87 0
-48 -128 0
-48 -150 0
-48 -167 0
-48 -188 0
-87 -128 0
-87 -150 0
-87 -167 0
-87 -188 0
-128 -150 0
-128 -167 0
-128 -188 0
-150 -167 0
-150 -188 0
-167 -188 0
-6 -49 0
-6 -66 0
-6 -106 0
-6 -129 0
-6 -168 0
-49 -66 0
-49 -106 0
-49 -129 0
-49 -168 0
-66 -106 0
-66 -129 0
-66 -168 0
-106 -129 0
-106 -168 0
-129 -168 0
-7 -28 0
-7 -50 0
-7 -67 0
-7 -88 0
-7 -107 0
-7 -130 0
-7 -151 0
-7 -169 0
-7 -189 0
-28 -50 0
-28 -67 0
-28 -88 0
-28 -107 0
-28 -130 0
-28 -151 0
-28 -169 0
-28 -189 0
-50 -67 0
-50 -88 0
-50 -107 0
-50 -130 0
-50 -151 0
-50 -169 0
-50 -189 0
-67 -88 0
-67 -107 0
-67 -130 0
-67 -151 0
-67 -169 0
-67 -189 0
-88 -107 0
-88 -130 0
-88 -151 0
-88 -169 0
-88 -189 0
-107 -130 0
-107 -151 0
-107 -169 0
-107 -189 0
-130 -151 0
-130 -169 0
-130 -189 0
-151 -169 0
-151 -189 0
-169 -189 0
-8 -29 0
-8 -51 0
-8 -68 0
-8 -89 0
-8 -108 0
-8 -131 0
-8 -170 0
-8 -190 0
-29 -51 0
-29 -68 0
-29 -89 0
-29 -108 0
-29 -131 0
-29 -170 0
-29 -190 0
-51 -68 0
-51 -89 0
-51 -108 0
-51 -131 0
-51 -170 0
-51 -190 0
-68 -89 0
-68 -108 0
-68 -131 0
-68 -170 0
-68 -190 0
-89 -108 0
-89 -131 0
-89 -170 0
-89 -190 0
-108 -131 0
-108 -170 0
-108 -190 0
-131 -170 0
-131 -190 0
-170 -190 0
-9 -30 0
-9 -52 0
-9 -69 0
-9 -109 0
-9 -132 0
-9 -171 0
-9 -191 0
-30 -52 0
-30 -69 0
-30 -109 0
-30 -132 0
-30 -171 0
-30 -191 0
-52 -69 0
-52 -109 0
-52 -132 0
-52 -171 0
-52 -191 0
-69 -109 0
-69 -132 0
-69 -171 0
-69 -191 0
-109 -132 0
-109 -171 0
-109 -191 0
-132 -171 0
-132 -191 0
-171 -191 0
-10 -53 0
-10 -70 0
-10 -110 0
-10 -133 0
-10 -152 0
-10 -172 0
-10 -192 0
-53 -70 0
-53 -110 0
-53 -133 0
-53 -152 0
-53 -172 0
-53 -192 0
-70 -110 0
-70 -133 0
-70 -152 0
-70 -172 0
-70 -192 0
-110 -133 0
-110 -152 0
-110 -172 0
-110 -192 0
-133 -152 0
-133 -172 0
-133 -192 0
-152 -172 0
-152 -192 0
-172 -192 0
-11 -31 0
-11 -90 0
-11 -111 0
-11 -134 0
-11 -153 0
-11 -173 0
-31 -90 0
-31 -111 0
-31 -134 0
-31 -153 0
-31 -173 0
-90 -111 0
-90 -134 0
-90 -153 0
-90 -173 0
-111 -134 0
-111 -153 0
-111 -173 0
-134 -153 0
-134 -173 0
-153 -173 0
-12 -32 0
-12 -54 0
-12 -71 0
-12 -91 0
-12 -112 0
-12 -135 0
-12 -174 0
-12 -193 0
-32 -54 0
-32 -71 0
-32 -91 0
-32 -112 0
-32 -135 0
-32 -174 0
-32 -193 0
-54 -71 0
-54 -91 0
-54 -112 0
-54 -135 0
-54 -174 0
-54 -193 0
-71 -91 0
-71 -112 0
-71 -135 0
-71 -174 0
-71 -193 0
-91 -112 0
-91 -135 0
-91 -174 0
-91 -193 0
-112 -135 0
-112 -174 0
-112 -193 0
-135 -174 0
-135 -193 0
-174 -193 0
-13 -33 0
-13 -55 0
-13 -72 0
-13 -92 0
-13 -113 0
-13 -136 0
-13 -175 0
-13 -194 0
-33 -55 0
-33 -72 0
-33 -92 0
-33 -113 0
-33 -136 0
-33 -175 0
-33 -194 0
-55 -72 0
-55 -92 0
-55 -113 0
-55 -136 0
-55 -175 0
-55 -194 0
-72 -92 0
-72 -113 0
-72 -136 0
-72 -175 0
-72 -194 0
-92 -113 0
-92 -136 0
-92 -175 0
-92 -194 0
-113 -136 0
-113 -175 0
-113 -194 0
-136 -175 0
-136 -194 0
-175 -194 0
-14 -34 0
-14 -56 0
-14 -73 0
-14 -93 0
-14 -114 0
-14 -137 0
-14 -154 0
-14 -176 0
-14 -195 0
-34 -56 0
-34 -73 0
-34 -93 0
-34 -114 0
-34 -137 0
-34 -154 0
-34 -176 0
-34 -195 0
-56 -73 0
-56 -93 0
-56 -114 0
-56 -137 0
-56 -154 0
-56 -176 0
-56 -195 0
-73 -93 0
-73 -114 0
-73 -137 0
-73 -154 0
-73 -176 0
-73 -195 0
-93 -114 0
-93 -137 0
-93 -154 0
-93 -176 0
-93 -195 0
-114 -137 0
-114 -154 0
-114 -176 0
-114 -195 0
-137 -154 0
-137 -176 0
-137 -195 0
-154 -176 0
-154 -195 0
-176 -195 0
-15 -35 0
-15 -74 0
-15 -94 0
-15 -115 0
-15 -138 0
-15 -155 0
-15 -177 0
-15 -196 0
-35 -74 0
-35 -94 0
-35 -115 0
-35 -138 0
-35 -155 0
-35 -177 0
-35 -196 0
-74 -94 0
-74 -115 0
-74 -138 0
-74 -155 0
-74 -177 0
-74 -196 0
-94 -115 0
-94 -138 0
-94 -155 0
-94 -177 0
-94 -196 0
-115 -138 0
-115 -155 0
-115 -177 0
-115 -196 0
-138 -155 0
-138 -177 0
-138 -196 0
-155 -177 0
-155 -196 0
-177 -196 0
-16 -36 0
-16 -57 0
-16 -75 0
-16 -95 0
-16 -116 0
-16 -139 0
-16 -156 0
-16 -197 0
-36 -57 0
-36 -75 0
-36 -95 0
-36 -116 0
-36 -139 0
-36 -156 0
-36 -197 0
-57 -75 0
-57 -95 0
-57 -116 0
-57 -139 0
-57 -156 0
-57 -197 0
-75 -95 0
-75 -116 0
-75 -139 0
-75 -156 0
-75 -197 0
-95 -116 0
-95 -139 0
-95 -156 0
-95 -197 0
-116 -139 0
-116 -156 0
-116 -197 0
-139 -156 0
-139 -197 0
-156 -197 0
-17 -37 0
-17 -76 0
-17 -96 0
-17 -117 0
-17 -140 0
-37 -76 0
-37 -96 0
-37 -117 0
-37 -140 0
-76 -96 0
-76 -117 0
-76 -140 0
-96 -117 0
-96 -140 0
-117 -140 0
-18 -38 0
-18 -58 0
-18 -77 0
-18 -118 0
-18 -141 0
-18 -157 0
-18 -178 0
-18 -198 0
-38 -58 0
-38 -77 0
-38 -118 0
-38 -141 0
-38 -157 0
-38 -178 0
-38 -198 0
-58 -77 0
-58 -118 0
-58 -141 0
-58 -157 0
-58 -178 0
-58 -198 0
-77 -118 0
-77 -141 0
-77 -157 0
-77 -178 0
-77 -198 0
-118 -141 0
-118 -157 0
-118 -178 0
-118 -198 0
-141 -157 0
-141 -178 0
-141 -198 0
-157 -178 0
-157 -198 0
-178 -198 0
-19 -39 0
-19 -59 0
-19 -78 0
-19 -97 0
-19 -119 0
-19 -142 0
-19 -158 0
-19 -179 0
-19 -199 0
-39 -59 0
-39 -78 0
-39 -97 0
-39 -119 0
-39 -142 0
-39 -158 0
-39 -179 0
-39 -199 0
-59 -78 0
-59 -97 0
-59 -119 0
-59 -142 0
-59 -158 0
-59 -179 0
-59 -199 0
-78 -97 0
-78 -119 0
-78 -142 0
-78 -158 0
-78 -179 0
-78 -199 0
-97 -119 0
-97 -142 0
-97 -158 0
-97 -179 0
-97 -199 0
-119 -142 0
-119 -158 0
-119 -179 0
-119 -199 0
-142 -158 0
-142 -179 0
-142 -199 0
-158 -179 0
-158 -199 0
-179 -199 0
-20 -40 0
-20 -60 0
-20 -79 0
-20 -98 0
-20 -120 0
-20 -143 0
-20 -159 0
-20 -180 0
-20 -200 0
-40 -60 0
-40 -79 0
-40 -98 0
-40 -120 0
-40 -143 0
-40 -159 0
-40 -180 0
-40 -200 0
-60 -79 0
-60 -98 0
-60 -120 0
-60 -143 0
-60 -159 0
-60 -180 0
-60 -200 0
-79 -98 0
-79 -120 0
-79 -143 0
-79 -159 0
-79 -180 0
-79 -200 0
-98 -120 0
-98 -143 0
-98 -159 0
-98 -180 0
-98 -200 0
-120 -143 0
-120 -159 0
-120 -180 0
-120 -200 0
-143 -159 0
-143 -180 0
-143 -200 0
-159 -180 0
-159 -200 0
-180 -200 0
-21 -41 0
-21 -61 0
-21 -80 0
-21 -99 0
-21 -121 0
-21 -144 0
-21 -160 0
-21 -181 0
-21 -201 0
-41 -61 0
-41 -80 0
-41 -99 0
-41 -121 0
-41 -144 0
-41 -160 0
-41 -181 0
-41 -201 0
-61 -80 0
-61 -99 0
-61 -121 0
-61 -144 0
-61 -160 0
-61 -181 0
-61 -201 0
-80 -99 0
-80 -121 0
-80 -144 0
-80 -160 0
-80 -181 0
-80 -201 0
-99 -121 0
-99 -144 0
-99 -160 0
-99 -181 0
-99 -201 0
-121 -144 0
-121 -160 0
-121 -181 0
-121 -201 0
-144 -160 0
-144 -181 0
-144 -201 0
-160 -181 0
-160 -201 0
-181 -201 0
-22 -42 0
-22 -62 0
-22 -81 0
-22 -100 0
-22 -122 0
-22 -161 0
-22 -182 0
-22 -202 0
-42 -62 0
-42 -81 0
-42 -100 0
-42 -122 0
-42 -161 0
-42 -182 0
-42 -202 0
-62 -81 0
-62 -100 0
-62 -122 0
-62 -161 0
-62 -182 0
-62 -202 0
-81 -100 0
-81 -122 0
-81 -161 0
-81 -182 0
-81 -202 0
-100 -122 0
-100 -161 0
-100 -182 0
-100 -202 0
-122 -161 0
-122 -182 0
-122 -202 0
-161 -182 0
-161 -202 0
-182 -202 0
-23 -43 0
-23 -63 0
-23 -82 0
-23 -101 0
-23 -123 0
-23 -145 0
-23 -162 0
-23 -183 0
-23 -203 0
-43 -63 0
-43 -82 0
-43 -101 0
-43 -123 0
-43 -145 0
-43 -162 0
-43 -183 0
-43 -203 0
-63 -82 0
-63 -101 0
-63 -123 0
-63 -145 0
-63 -162 0
-63 -183 0
-63 -203 0
-82 -101 0
-82 -123 0
-82 -145 0
-82 -162 0
-82 -183 0
-82 -203 0
-101 -123 0
-101 -145 0
-101 -162 0
-101 -183 0
-101 -203 0
-123 -145 0
-123 -162 0
-123 -183 0
-123 -203 0
-145 -162 0
-145 -183 0
-145 -203 0
-162 -183 0
-162 -203 0
-183 -203 0
