p cnf 28 304
1 2 3 4 5 -6 0
1 2 3 4 -5 6 0
1 2 3 -4 5 6 0
1 2 3 -4 -5 -6 0
1 2 -3 4 5 6 0
1 2 -3 4 -5 -6 0
1 2 -3 -4 5 -6 0
1 2 -3 -4 -5 6 0
1 -2 3 4 5 6 0
1 -2 3 4 -5 -6 0
1 -2 3 -4 5 -6 0
1 -2 3 -4 -5 6 0
1 -2 -3 4 5 -6 0
1 -2 -3 4 -5 6 0
1 -2 -3 -4 5 6 0
1 -2 -3 -4 -5 -6 0
-1 2 3 4 5 6 0
-1 2 3 4 -5 -6 0
-1 2 3 -4 5 -6 0
-1 2 3 -4 -5 6 0
-1 2 -3 4 5 -6 0
-1 2 -3 4 -5 6 0
-1 2 -3 -4 5 6 0
-1 2 -3 -4 -5 -6 0
-1 -2 3 4 5 -6 0
-1 -2 3 4 -5 6 0
-1 -2 3 -4 5 6 0
-1 -2 3 -4 -5 -6 0
-1 -2 -3 4 5 6 0
-1 -2 -3 4 -5 -6 0
-1 -2 -3 -4 5 -6 0
-1 -2 -3 -4 -5 6 0
1 7 8 9 10 -11 0
1 7 8 9 -10 11 0
1 7 8 -9 10 11 0
1 7 8 -9 -10 -11 0
1 7 -8 9 10 11 0
1 7 -8 9 -10 -11 0
1 7 -8 -9 10 -11 0
1 7 -8 -9 -10 11 0
1 -7 8 9 10 11 0
1 -7 8 9 -10 -11 0
1 -7 8 -9 10 -11 0
1 -7 8 -9 -10 11 0
1 -7 -8 9 10 -11 0
1 -7 -8 9 -10 11 0
1 -7 -8 -9 10 11 0
1 -7 -8 -9 -10 -11 0
-1 7 8 9 10 11 0
-1 7 8 9 -10 -11 0
-1 7 8 -9 10 -11 0
-1 7 8 -9 -10 11 0
-1 7 -8 9 10 -11 0
-1 7 -8 9 -10 11 0
-1 7 -8 -9 10 11 0
-1 7 -8 -9 -10 -11 0
-1 -7 8 9 10 -11 0
-1 -7 8 9 -10 11 0
-1 -7 8 -9 10 11 0
-1 -7 8 -9 -10 -11 0
-1 -7 -8 9 10 11 0
-1 -7 -8 9 -10 -11 0
-1 -7 -8 -9 10 -11 0
-1 -7 -8 -9 -10 11 0
2 12 13 14 15 0
2 12 13 -14 -15 0
2 12 -13 14 -15 0
2 12 -13 -14 15 0
2 -12 13 14 -15 0
2 -12 13 -14 15 0
2 -12 -13 14 15 0
2 -12 -13 -14 -15 0
-2 12 13 14 -15 0
-2 12 13 -14 15 0
-2 12 -13 14 15 0
-2 12 -13 -14 -15 0
-2 -12 13 14 15 0
-2 -12 13 -14 -15 0
-2 -12 -13 14 -15 0
-2 -12 -13 -14 15 0
7 12 16 17 -18 0
7 12 16 -17 18 0
7 12 -16 17 18 0
7 12 -16 -17 -18 0
7 -12 16 17 18 0
7 -12 16 -17 -18 0
7 -12 -16 17 -18 0
7 -12 -16 -17 18 0
-7 12 16 17 18 0
-7 12 16 -17 -18 0
-7 12 -16 17 -18 0
-7 12 -16 -17 18 0
-7 -12 16 17 -18 0
-7 -12 16 -17 18 0
-7 -12 -16 17 18 0
-7 -12 -16 -17 -18 0
8 13 16 19 20 -21 0
8 13 16 19 -20 21 0
8 13 16 -19 20 21 0
8 13 16 -19 -20 -21 0
8 13 -16 19 20 21 0
8 13 -16 19 -20 -21 0
8 13 -16 -19 20 -21 0
8 13 -16 -19 -20 21 0
8 -13 16 19 20 21 0
8 -13 16 19 -20 -21 0
8 -13 16 -19 20 -21 0
8 -13 16 -19 -20 21 0
8 -13 -16 19 20 -21 0
8 -13 -16 19 -20 21 0
8 -13 -16 -19 20 21 0
8 -13 -16 -19 -20 -21 0
-8 13 16 19 20 21 0
-8 13 16 19 -20 -21 0
-8 13 16 -19 20 -21 0
-8 13 16 -19 -20 21 0
-8 13 -16 19 20 -21 0
-8 13 -16 19 -20 21 0
-8 13 -16 -19 20 21 0
-8 13 -16 -19 -20 -21 0
-8 -13 16 19 20 -21 0
-8 -13 16 19 -20 21 0
-8 -13 16 -19 20 21 0
-8 -13 16 -19 -20 -21 0
-8 -13 -16 19 20 21 0
-8 -13 -16 19 -20 -21 0
-8 -13 -16 -19 20 -21 0
-8 -13 -16 -19 -20 21 0
3 9 22 -23 0
3 9 -22 23 0
3 -9 22 23 0
3 -9 -22 -23 0
-3 9 22 23 0
-3 9 -22 -23 0
-3 -9 22 -23 0
-3 -9 -22 23 0
17 19 24 25 0
17 19 -24 -25 0
17 -19 24 -25 0
17 -19 -24 25 0
-17 19 24 -25 0
-17 19 -24 25 0
-17 -19 24 25 0
-17 -19 -24 -25 0
4 10 14 20 24 26 -27 0
4 10 14 20 24 -26 27 0
4 10 14 20 -24 26 27 0
4 10 14 20 -24 -26 -27 0
4 10 14 -20 24 26 27 0
4 10 14 -20 24 -26 -27 0
4 10 14 -20 -24 26 -27 0
4 10 14 -20 -24 -26 27 0
4 10 -14 20 24 26 27 0
4 10 -14 20 24 -26 -27 0
4 10 -14 20 -24 26 -27 0
4 10 -14 20 -24 -26 27 0
4 10 -14 -20 24 26 -27 0
4 10 -14 -20 24 -26 27 0
4 10 -14 -20 -24 26 27 0
4 10 -14 -20 -24 -26 -27 0
4 -10 14 20 24 26 27 0
4 -10 14 20 24 -26 -27 0
4 -10 14 20 -24 26 -27 0
4 -10 14 20 -24 -26 27 0
4 -10 14 -20 24 26 -27 0
4 -10 14 -20 24 -26 27 0
4 -10 14 -20 -24 26 27 0
4 -10 14 -20 -24 -26 -27 0
4 -10 -14 20 24 26 -27 0
4 -10 -14 20 24 -26 27 0
4 -10 -14 20 -24 26 27 0
4 -10 -14 20 -24 -26 -27 0
4 -10 -14 -20 24 26 27 0
4 -10 -14 -20 24 -26 -27 0
4 -10 -14 -20 -24 26 -27 0
4 -10 -14 -20 -24 -26 27 0
-4 10 14 20 24 26 27 0
-4 10 14 20 24 -26 -27 0
-4 10 14 20 -24 26 -27 0
-4 10 14 20 -24 -26 27 0
-4 10 14 -20 24 26 -27 0
-4 10 14 -20 24 -26 27 0
-4 10 14 -20 -24 26 27 0
-4 10 14 -20 -24 -26 -27 0
-4 10 -14 20 24 26 -27 0
-4 10 -14 20 24 -26 27 0
-4 10 -14 20 -24 26 27 0
-4 10 -14 20 -24 -26 -27 0
-4 10 -14 -20 24 26 27 0
-4 10 -14 -20 24 -26 -27 0
-4 10 -14 -20 -24 26 -27 0
-4 10 -14 -20 -24 -26 27 0
-4 -10 14 20 24 26 -27 0
-4 -10 14 20 24 -26 27 0
-4 -10 14 20 -24 26 27 0
-4 -10 14 20 -24 -26 -27 0
-4 -10 14 -20 24 26 27 0
-4 -10 14 -20 24 -26 -27 0
-4 -10 14 -20 -24 26 -27 0
-4 -10 14 -20 -24 -26 27 0
-4 -10 -14 20 24 26 27 0
-4 -10 -14 20 24 -26 -27 0
-4 -10 -14 20 -24 26 -27 0
-4 -10 -14 20 -24 -26 27 0
-4 -10 -14 -20 24 26 -27 0
-4 -10 -14 -20 24 -26 27 0
-4 -10 -14 -20 -24 26 27 0
-4 -10 -14 -20 -24 -26 -27 0
5 11 21 22 26 -28 0
5 11 21 22 -26 28 0
5 11 21 -22 26 28 0
5 11 21 -22 -26 -28 0
5 11 -21 22 26 28 0
5 11 -21 22 -26 -28 0
5 11 -21 -22 26 -28 0
5 11 -21 -22 -26 28 0
5 -11 21 22 26 28 0
5 -11 21 22 -26 -28 0
5 -11 21 -22 26 -28 0
5 -11 21 -22 -26 28 0
5 -11 -21 22 26 -28 0
5 -11 -21 22 -26 28 0
5 -11 -21 -22 26 28 0
5 -11 -21 -22 -26 -28 0
-5 11 21 22 26 28 0
-5 11 21 22 -26 -28 0
-5 11 21 -22 26 -28 0
-5 11 21 -22 -26 28 0
-5 11 -21 22 26 -28 0
-5 11 -21 22 -26 28 0
-5 11 -21 -22 26 28 0
-5 11 -21 -22 -26 -28 0
-5 -11 21 22 26 -28 0
-5 -11 21 22 -26 28 0
-5 -11 21 -22 26 28 0
-5 -11 21 -22 -26 -28 0
-5 -11 -21 22 26 28 0
-5 -11 -21 22 -26 -28 0
-5 -11 -21 -22 26 -28 0
-5 -11 -21 -22 -26 28 0
6 15 18 23 25 27 -28 0
6 15 18 23 25 -27 28 0
6 15 18 23 -25 27 28 0
6 15 18 23 -25 -27 -28 0
6 15 18 -23 25 27 28 0
6 15 18 -23 25 -27 -28 0
6 15 18 -23 -25 27 -28 0
6 15 18 -23 -25 -27 28 0
6 15 -18 23 25 27 28 0
6 15 -18 23 25 -27 -28 0
6 15 -18 23 -25 27 -28 0
6 15 -18 23 -25 -27 28 0
6 15 -18 -23 25 27 -28 0
6 15 -18 -23 25 -27 28 0
6 15 -18 -23 -25 27 28 0
6 15 -18 -23 -25 -27 -28 0
6 -15 18 23 25 27 28 0
6 -15 18 23 25 -27 -28 0
6 -15 18 23 -25 27 -28 0
6 -15 18 23 -25 -27 28 0
6 -15 18 -23 25 27 -28 0
6 -15 18 -23 25 -27 28 0
6 -15 18 -23 -25 27 28 0
6 -15 18 -23 -25 -27 -28 0
6 -15 -18 23 25 27 -28 0
6 -15 -18 23 25 -27 28 0
6 -15 -18 23 -25 27 28 0
6 -15 -18 23 -25 -27 -28 0
6 -15 -18 -23 25 27 28 0
6 -15 -18 -23 25 -27 -28 0
6 -15 -18 -23 -25 27 -28 0
6 -15 -18 -23 -25 -27 28 0
-6 15 18 23 25 27 28 0
-6 15 18 23 25 -27 -28 0
-6 15 18 23 -25 27 -28 0
-6 15 18 23 -25 -27 28 0
-6 15 18 -23 25 27 -28 0
-6 15 18 -23 25 -27 28 0
-6 15 18 -23 -25 27 28 0
-6 15 18 -23 -25 -27 -28 0
-6 15 -18 23 25 27 -28 0
-6 15 -18 23 25 -27 28 0
-6 15 -18 23 -25 27 28 0
-6 15 -18 23 -25 -27 -28 0
-6 15 -18 -23 25 27 28 0
-6 15 -18 -23 25 -27 -28 0
-6 15 -18 -23 -25 27 -28 0
-6 15 -18 -23 -25 -27 28 0
-6 -15 18 23 25 27 -28 0
-6 -15 18 23 25 -27 28 0
-6 -15 18 23 -25 27 28 0
-6 -15 18 23 -25 -27 -28 0
-6 -15 18 -23 25 27 28 0
-6 -15 18 -23 25 -27 -28 0
-6 -15 18 -23 -25 27 -28 0
-6 -15 18 -23 -25 -27 28 0
-6 -15 -18 23 25 27 28 0
-6 -15 -18 23 25 -27 -28 0
-6 -15 -18 23 -25 27 -28 0
-6 -15 -18 23 -25 -27 28 0
-6 -15 -18 -23 25 27 -28 0
-6 -15 -18 -23 25 -27 28 0
-6 -15 -18 -23 -25 27 28 0
-6 -15 -18 -23 -25 -27 -28 0
