p cnf 14 46
1 2 3 -4 0
1 2 -3 4 0
1 -2 3 4 0
1 -2 -3 -4 0
-1 2 3 4 0
-1 2 -3 -4 0
-1 -2 3 -4 0
-1 -2 -3 4 0
1 5 -6 0
1 -5 6 0
-1 5 6 0
-1 -5 -6 0
7 -8 0
-7 8 0
2 -9 0
-2 9 0
10 -11 0
-10 11 0
9 10 12 -13 0
9 10 -12 13 0
9 -10 12 13 0
9 -10 -12 -13 0
-9 10 12 13 0
-9 10 -12 -13 0
-9 -10 12 -13 0
-9 -10 -12 13 0
3 5 7 14 0
3 5 -7 -14 0
3 -5 7 -14 0
3 -5 -7 14 0
-3 5 7 -14 0
-3 5 -7 14 0
-3 -5 7 14 0
-3 -5 -7 -14 0
8 11 12 -14 0
8 11 -12 14 0
8 -11 12 14 0
8 -11 -12 -14 0
-8 11 12 14 0
-8 11 -12 -14 0
-8 -11 12 -14 0
-8 -11 -12 14 0
4 6 13 0
4 -6 -13 0
-4 6 -13 0
-4 -6 13 0
