p cnf 138 543
1 2 3 4 5 6 7 8 9 10 11 12 13 14 15 16 0
44 45 46 47 48 49 50 51 52 53 54 55 56 57 58 0
96 97 98 99 100 101 102 103 104 105 106 107 108 109 110 111 0
112 113 114 115 116 117 118 119 120 121 122 123 0
-1 -17 0
-1 -30 0
-1 -44 0
-1 -59 0
-1 -84 0
-1 -96 0
-1 -112 0
-1 -124 0
-17 -30 0
-17 -44 0
-17 -59 0
-17 -84 0
-17 -96 0
-17 -112 0
-17 -124 0
-30 -44 0
-30 -59 0
-30 -84 0
-30 -96 0
-30 -112 0
-30 -124 0
-44 -59 0
-44 -84 0
-44 -96 0
-44 -112 0
-44 -124 0
-59 -84 0
-59 -96 0
-59 -112 0
-59 -124 0
-84 -96 0
-84 -112 0
-84 -124 0
-96 -112 0
-96 -124 0
-112 -124 0
-2 -18 0
-2 -31 0
-2 -45 0
-2 -60 0
-2 -70 0
-2 -85 0
-2 -97 0
-2 -113 0
-2 -125 0
-18 -31 0
-18 -45 0
-18 -60 0
-18 -70 0
-18 -85 0
-18 -97 0
-18 -113 0
-18 -125 0
-31 -45 0
-31 -60 0
-31 -70 0
-31 -85 0
-31 -97 0
-31 -113 0
-31 -125 0
-45 -60 0
-45 -70 0
-45 -85 0
-45 -97 0
-45 -113 0
-45 -125 0
-60 -70 0
-60 -85 0
-60 -97 0
-60 -113 0
-60 -125 0
-70 -85 0
-70 -97 0
-70 -113 0
-70 -125 0
-85 -97 0
-85 -113 0
-85 -125 0
-97 -113 0
-97 -125 0
-113 -125 0
-3 -19 0
-3 -32 0
-3 -46 0
-3 -61 0
-3 -71 0
-3 -98 0
-3 -126 0
-19 -32 0
-19 -46 0
-19 -61 0
-19 -71 0
-19 -98 0
-19 -126 0
-32 -46 0
-32 -61 0
-32 -71 0
-32 -98 0
-32 -126 0
-46 -61 0
-46 -71 0
-46 -98 0
-46 -126 0
-61 -71 0
-61 -98 0
-61 -126 0
-71 -98 0
-71 -126 0
-98 -126 0
-4 -20 0
-4 -33 0
-4 -47 0
-4 -62 0
-4 -72 0
-4 -99 0
-4 -127 0
-20 -33 0
-20 -47 0
-20 -62 0
-20 -72 0
-20 -99 0
-20 -127 0
-33 -47 0
-33 -62 0
-33 -72 0
-33 -99 0
-33 -127 0
-47 -62 0
-47 -72 0
-47 -99 0
-47 -127 0
-62 -72 0
-62 -99 0
-62 -127 0
-72 -99 0
-72 -127 0
-99 -127 0
-5 -21 0
-5 -48 0
-5 -63 0
-5 -73 0
-5 -86 0
-5 -100 0
-5 -114 0
-5 -128 0
-21 -48 0
-21 -63 0
-21 -73 0
-21 -86 0
-21 -100 0
-21 -114 0
-21 -128 0
-48 -63 0
-48 -73 0
-48 -86 0
-48 -100 0
-48 -114 0
-48 -128 0
-63 -73 0
-63 -86 0
-63 -100 0
-63 -114 0
-63 -128 0
-73 -86 0
-73 -100 0
-73 -114 0
-73 -128 0
-86 -100 0
-86 -114 0
-86 -128 0
-100 -114 0
-100 -128 0
-114 -128 0
-6 -49 0
-6 -87 0
-6 -101 0
-6 -129 0
-49 -87 0
-49 -101 0
-49 -129 0
-87 -101 0
-87 -129 0
-101 -129 0
-7 -22 0
-7 -34 0
-7 -50 0
-7 -64 0
-7 -74 0
-7 -102 0
-7 -115 0
-7 -130 0
-22 -34 0
-22 -50 0
-22 -64 0
-22 -74 0
-22 -102 0
-22 -115 0
-22 -130 0
-34 -50 0
-34 -64 0
-34 -74 0
-34 -102 0
-34 -115 0
-34 -130 0
-50 -64 0
-50 -74 0
-50 -102 0
-50 -115 0
-50 -130 0
-64 -74 0
-64 -102 0
-64 -115 0
-64 -130 0
-74 -102 0
-74 -115 0
-74 -130 0
-102 -115 0
-102 -130 0
-115 -130 0
-8 -35 0
-8 -51 0
-8 -75 0
-8 -88 0
-8 -103 0
-8 -116 0
-8 -131 0
-35 -51 0
-35 -75 0
-35 -88 0
-35 -103 0
-35 -116 0
-35 -131 0
-51 -75 0
-51 -88 0
-51 -103 0
-51 -116 0
-51 -131 0
-75 -88 0
-75 -103 0
-75 -116 0
-75 -131 0
-88 -103 0
-88 -116 0
-88 -131 0
-103 -116 0
-103 -131 0
-116 -131 0
-9 -23 0
-9 -36 0
-9 -52 0
-9 -65 0
-9 -76 0
-9 -104 0
-9 -117 0
-9 -132 0
-23 -36 0
-23 -52 0
-23 -65 0
-23 -76 0
-23 -104 0
-23 -117 0
-23 -132 0
-36 -52 0
-36 -65 0
-36 -76 0
-36 -104 0
-36 -117 0
-36 -132 0
-52 -65 0
-52 -76 0
-52 -104 0
-52 -117 0
-52 -132 0
-65 -76 0
-65 -104 0
-65 -117 0
-65 -132 0
-76 -104 0
-76 -117 0
-76 -132 0
-104 -117 0
-104 -132 0
-117 -132 0
-10 -24 0
-10 -37 0
-10 -53 0
-10 -66 0
-10 -77 0
-10 -89 0
-10 -105 0
-10 -118 0
-10 -133 0
-24 -37 0
-24 -53 0
-24 -66 0
-24 -77 0
-24 -89 0
-24 -105 0
-24 -118 0
-24 -133 0
-37 -53 0
-37 -66 0
-37 -77 0
-37 -89 0
-37 -105 0
-37 -118 0
-37 -133 0
-53 -66 0
-53 -77 0
-53 -89 0
-53 -105 0
-53 -118 0
-53 -133 0
-66 -77 0
-66 -89 0
-66 -105 0
-66 -118 0
-66 -133 0
-77 -89 0
-77 -105 0
-77 -118 0
-77 -133 0
-89 -105 0
-89 -118 0
-89 -133 0
-105 -118 0
-105 -133 0
-118 -133 0
-11 -25 0
-11 -38 0
-11 -54 0
-11 -67 0
-11 -78 0
-11 -90 0
-11 -106 0
-11 -119 0
-11 -134 0
-25 -38 0
-25 -54 0
-25 -67 0
-25 -78 0
-25 -90 0
-25 -106 0
-25 -119 0
-25 -134 0
-38 -54 0
-38 -67 0
-38 -78 0
-38 -90 0
-38 -106 0
-38 -119 0
-38 -134 0
-54 -67 0
-54 -78 0
-54 -90 0
-54 -106 0
-54 -119 0
-54 -134 0
-67 -78 0
-67 -90 0
-67 -106 0
-67 -119 0
-67 -134 0
-78 -90 0
-78 -106 0
-78 -119 0
-78 -134 0
-90 -106 0
-90 -119 0
-90 -134 0
-106 -119 0
-106 -134 0
-119 -134 0
-12 -26 0
-12 -39 0
-12 -79 0
-12 -91 0
-12 -107 0
-12 -120 0
-26 -39 0
-26 -79 0
-26 -91 0
-26 -107 0
-26 -120 0
-39 -79 0
-39 -91 0
-39 -107 0
-39 -120 0
-79 -91 0
-79 -107 0
-79 -120 0
-91 -107 0
-91 -120 0
-107 -120 0
-13 -27 0
-13 -40 0
-13 -55 0
-13 -68 0
-13 -80 0
-13 -92 0
-13 -108 0
-13 -135 0
-27 -40 0
-27 -55 0
-27 -68 0
-27 -80 0
-27 -92 0
-27 -108 0
-27 -135 0
-40 -55 0
-40 -68 0
-40 -80 0
-40 -92 0
-40 -108 0
-40 -135 0
-55 -68 0
-55 -80 0
-55 -92 0
-55 -108 0
-55 -135 0
-68 -80 0
-68 -92 0
-68 -108 0
-68 -135 0
-80 -92 0
-80 -108 0
-80 -135 0
-92 -108 0
-92 -135 0
-108 -135 0
-14 -41 0
-14 -56 0
-14 -81 0
-14 -93 0
-14 -109 0
-14 -121 0
-14 -136 0
-41 -56 0
-41 -81 0
-41 -93 0
-41 -109 0
-41 -121 0
-41 -136 0
-56 -81 0
-56 -93 0
-56 -109 0
-56 -121 0
-56 -136 0
-81 -93 0
-81 -109 0
-81 -121 0
-81 -136 0
-93 -109 0
-93 -121 0
-93 -136 0
-109 -121 0
-109 -136 0
-121 -136 0
-15 -28 0
-15 -42 0
-15 -57 0
-15 -69 0
-15 -82 0
-15 -94 0
-15 -110 0
-15 -122 0
-15 -137 0
-28 -42 0
-28 -57 0
-28 -69 0
-28 -82 0
-28 -94 0
-28 -110 0
-28 -122 0
-28 -137 0
-42 -57 0
-42 -69 0
-42 -82 0
-42 -94 0
-42 -110 0
-42 -122 0
-42 -137 0
-57 -69 0
-57 -82 0
-57 -94 0
-57 -110 0
-57 -122 0
-57 -137 0
-69 -82 0
-69 -94 0
-69 -110 0
-69 -122 0
-69 -137 0
-82 -94 0
-82 -110 0
-82 -122 0
-82 -137 0
-94 -110 0
-94 -122 0
-94 -137 0
-110 -122 0
-110 -137 0
-122 -137 0
-16 -29 0
-16 -43 0
-16 -58 0
-16 -83 0
-16 -95 0
-16 -111 0
-16 -123 0
-16 -138 0
-29 -43 0
-29 -58 0
-29 -83 0
-29 -95 0
-29 -111 0
-29 -123 0
-29 -138 0
-43 -58 0
-43 -83 0
-43 -95 0
-43 -111 0
-43 -123 0
-43 -138 0
-58 -83 0
-58 -95 0
-58 -111 0
-58 -123 0
-58 -138 0
-83 -95 0
-83 -111 0
-83 -123 0
-83 -138 0
-95 -111 0
-95 -123 0
-95 -138 0
-111 -123 0
-111 -138 0
-123 -138 0
