p cnf 70 246
1 2 3 4 5 6 7 0
49 50 51 52 53 54 55 56 57 0
-1 -8 0
-1 -14 0
-1 -19 0
-1 -27 0
-1 -34 0
-1 -40 0
-1 -49 0
-1 -64 0
-8 -14 0
-8 -19 0
-8 -27 0
-8 -34 0
-8 -40 0
-8 -49 0
-8 -64 0
-14 -19 0
-14 -27 0
-14 -34 0
-14 -40 0
-14 -49 0
-14 -64 0
-19 -27 0
-19 -34 0
-19 -40 0
-19 -49 0
-19 -64 0
-27 -34 0
-27 -40 0
-27 -49 0
-27 -64 0
-34 -40 0
-34 -49 0
-34 -64 0
-40 -49 0
-40 -64 0
-49 -64 0
-15 -20 0
-15 -28 0
-15 -35 0
-15 -41 0
-15 -50 0
-15 -58 0
-20 -28 0
-20 -35 0
-20 -41 0
-20 -50 0
-20 -58 0
-28 -35 0
-28 -41 0
-28 -50 0
-28 -58 0
-35 -41 0
-35 -50 0
-35 -58 0
-41 -50 0
-41 -58 0
-50 -58 0
-21 -29 0
-21 -42 0
-21 -51 0
-21 -59 0
-21 -65 0
-29 -42 0
-29 -51 0
-29 -59 0
-29 -65 0
-42 -51 0
-42 -59 0
-42 -65 0
-51 -59 0
-51 -65 0
-59 -65 0
-2 -9 0
-2 -16 0
-2 -30 0
-2 -36 0
-2 -43 0
-2 -52 0
-2 -60 0
-2 -66 0
-9 -16 0
-9 -30 0
-9 -36 0
-9 -43 0
-9 -52 0
-9 -60 0
-9 -66 0
-16 -30 0
-16 -36 0
-16 -43 0
-16 -52 0
-16 -60 0
-16 -66 0
-30 -36 0
-30 -43 0
-30 -52 0
-30 -60 0
-30 -66 0
-36 -43 0
-36 -52 0
-36 -60 0
-36 -66 0
-43 -52 0
-43 -60 0
-43 -66 0
-52 -60 0
-52 -66 0
-60 -66 0
-3 -17 0
-3 -22 0
-3 -31 0
-3 -44 0
-3 -53 0
-17 -22 0
-17 -31 0
-17 -44 0
-17 -53 0
-22 -31 0
-22 -44 0
-22 -53 0
-31 -44 0
-31 -53 0
-44 -53 0
-4 -10 0
-4 -23 0
-4 -32 0
-4 -45 0
-4 -54 0
-4 -67 0
-10 -23 0
-10 -32 0
-10 -45 0
-10 -54 0
-10 -67 0
-23 -32 0
-23 -45 0
-23 -54 0
-23 -67 0
-32 -45 0
-32 -54 0
-32 -67 0
-45 -54 0
-45 -67 0
-54 -67 0
-5 -11 0
-5 -24 0
-5 -37 0
-5 -46 0
-5 -55 0
-5 -61 0
-5 -68 0
-11 -24 0
-11 -37 0
-11 -46 0
-11 -55 0
-11 -61 0
-11 -68 0
-24 -37 0
-24 -46 0
-24 -55 0
-24 -61 0
-24 -68 0
-37 -46 0
-37 -55 0
-37 -61 0
-37 -68 0
-46 -55 0
-46 -61 0
-46 -68 0
-55 -61 0
-55 -68 0
-61 -68 0
-6 -12 0
-6 -18 0
-6 -25 0
-6 -38 0
-6 -47 0
-6 -56 0
-6 -62 0
-6 -69 0
-12 -18 0
-12 -25 0
-12 -38 0
-12 -47 0
-12 -56 0
-12 -62 0
-12 -69 0
-18 -25 0
-18 -38 0
-18 -47 0
-18 -56 0
-18 -62 0
-18 -69 0
-25 -38 0
-25 -47 0
-25 -56 0
-25 -62 0
-25 -69 0
-38 -47 0
-38 -56 0
-38 -62 0
-38 -69 0
-47 -56 0
-47 -62 0
-47 -69 0
-56 -62 0
-56 -69 0
-62 -69 0
-7 -13 0
-7 -26 0
-7 -33 0
-7 -39 0
-7 -48 0
-7 -57 0
-7 -63 0
-7 -70 0
-13 -26 0
-13 -33 0
-13 -39 0
-13 -48 0
-13 -57 0
-13 -63 0
-13 -70 0
-26 -33 0
-26 -39 0
-26 -48 0
-26 -57 0
-26 -63 0
-26 -70 0
-33 -39 0
-33 -48 0
-33 -57 0
-33 -63 0
-33 -70 0
-39 -48 0
-39 -57 0
-39 -63 0
-39 -70 0
-48 -57 0
-48 -63 0
-48 -70 0
-57 -63 0
-57 -70 0
-63 -70 0
