p cnf 177 674
1 2 3 4 5 6 7 8 9 10 11 12 13 14 15 16 17 18 19 0
20 21 22 23 24 25 26 27 28 29 30 31 32 33 34 35 36 37 38 0
39 40 41 42 43 44 45 46 47 48 49 50 51 52 53 54 55 56 0
57 58 59 60 61 62 63 64 65 66 67 68 69 70 71 72 73 0
74 75 76 77 78 79 80 81 82 83 84 85 86 87 88 89 90 91 0
92 93 94 95 96 97 98 99 100 101 102 103 104 105 106 107 108 0
127 128 129 130 131 132 133 134 135 136 137 138 139 140 141 0
142 143 144 145 146 147 148 149 150 151 152 153 154 155 156 157 158 159 160 161 0
-1 -20 0
-1 -39 0
-1 -57 0
-1 -92 0
-1 -109 0
-1 -142 0
-1 -162 0
-20 -39 0
-20 -57 0
-20 -92 0
-20 -109 0
-20 -142 0
-20 -162 0
-39 -57 0
-39 -92 0
-39 -109 0
-39 -142 0
-39 -162 0
-57 -92 0
-57 -109 0
-57 -142 0
-57 -162 0
-92 -109 0
-92 -142 0
-92 -162 0
-109 -142 0
-109 -162 0
-142 -162 0
-2 -21 0
-2 -40 0
-2 -58 0
-2 -74 0
-2 -110 0
-2 -127 0
-2 -143 0
-2 -163 0
-21 -40 0
-21 -58 0
-21 -74 0
-21 -110 0
-21 -127 0
-21 -143 0
-21 -163 0
-40 -58 0
-40 -74 0
-40 -110 0
-40 -127 0
-40 -143 0
-40 -163 0
-58 -74 0
-58 -110 0
-58 -127 0
-58 -143 0
-58 -163 0
-74 -110 0
-74 -127 0
-74 -143 0
-74 -163 0
-110 -127 0
-110 -143 0
-110 -163 0
-127 -143 0
-127 -163 0
-143 -163 0
-3 -22 0
-3 -41 0
-3 -75 0
-3 -93 0
-3 -111 0
-3 -144 0
-3 -164 0
-22 -41 0
-22 -75 0
-22 -93 0
-22 -111 0
-22 -144 0
-22 -164 0
-41 -75 0
-41 -93 0
-41 -111 0
-41 -144 0
-41 -164 0
-75 -93 0
-75 -111 0
-75 -144 0
-75 -164 0
-93 -111 0
-93 -144 0
-93 -164 0
-111 -144 0
-111 -164 0
-144 -164 0
-4 -23 0
-4 -42 0
-4 -59 0
-4 -76 0
-4 -94 0
-4 -112 0
-4 -145 0
-4 -165 0
-23 -42 0
-23 -59 0
-23 -76 0
-23 -94 0
-23 -112 0
-23 -145 0
-23 -165 0
-42 -59 0
-42 -76 0
-42 -94 0
-42 -112 0
-42 -145 0
-42 -165 0
-59 -76 0
-59 -94 0
-59 -112 0
-59 -145 0
-59 -165 0
-76 -94 0
-76 -112 0
-76 -145 0
-76 -165 0
-94 -112 0
-94 -145 0
-94 -165 0
-112 -145 0
-112 -165 0
-145 -165 0
-5 -24 0
-5 -43 0
-5 -60 0
-5 -77 0
-5 -95 0
-5 -113 0
-5 -128 0
-5 -146 0
-5 -166 0
-24 -43 0
-24 -60 0
-24 -77 0
-24 -95 0
-24 -113 0
-24 -128 0
-24 -146 0
-24 -166 0
-43 -60 0
-43 -77 0
-43 -95 0
-43 -113 0
-43 -128 0
-43 -146 0
-43 -166 0
-60 -77 0
-60 -95 0
-60 -113 0
-60 -128 0
-60 -146 0
-60 -166 0
-77 -95 0
-77 -113 0
-77 -128 0
-77 -146 0
-77 -166 0
-95 -113 0
-95 -128 0
-95 -146 0
-95 -166 0
-113 -128 0
-113 -146 0
-113 -166 0
-128 -146 0
-128 -166 0
-146 -166 0
-6 -25 0
-6 -44 0
-6 -61 0
-6 -78 0
-6 -96 0
-6 -129 0
-6 -147 0
-6 -167 0
-25 -44 0
-25 -61 0
-25 -78 0
-25 -96 0
-25 -129 0
-25 -147 0
-25 -167 0
-44 -61 0
-44 -78 0
-44 -96 0
-44 -129 0
-44 -147 0
-44 -167 0
-61 -78 0
-61 -96 0
-61 -129 0
-61 -147 0
-61 -167 0
-78 -96 0
-78 -129 0
-78 -147 0
-78 -167 0
-96 -129 0
-96 -147 0
-96 -167 0
-129 -147 0
-129 -167 0
-147 -167 0
-7 -26 0
-7 -45 0
-7 -79 0
-7 -97 0
-7 -114 0
-7 -148 0
-7 -168 0
-26 -45 0
-26 -79 0
-26 -97 0
-26 -114 0
-26 -148 0
-26 -168 0
-45 -79 0
-45 -97 0
-45 -114 0
-45 -148 0
-45 -168 0
-79 -97 0
-79 -114 0
-79 -148 0
-79 -168 0
-97 -114 0
-97 -148 0
-97 -168 0
-114 -148 0
-114 -168 0
-148 -168 0
-8 -46 0
-8 -62 0
-8 -80 0
-8 -115 0
-8 -130 0
-8 -149 0
-46 -62 0
-46 -80 0
-46 -115 0
-46 -130 0
-46 -149 0
-62 -80 0
-62 -115 0
-62 -130 0
-62 -149 0
-80 -115 0
-80 -130 0
-80 -149 0
-115 -130 0
-115 -149 0
-130 -149 0
-9 -27 0
-9 -47 0
-9 -63 0
-9 -81 0
-9 -98 0
-9 -116 0
-9 -131 0
-9 -150 0
-27 -47 0
-27 -63 0
-27 -81 0
-27 -98 0
-27 -116 0
-27 -131 0
-27 -150 0
-47 -63 0
-47 -81 0
-47 -98 0
-47 -116 0
-47 -131 0
-47 -150 0
-63 -81 0
-63 -98 0
-63 -116 0
-63 -131 0
-63 -150 0
-81 -98 0
-81 -116 0
-81 -131 0
-81 -150 0
-98 -116 0
-98 -131 0
-98 -150 0
-116 -131 0
-116 -150 0
-131 -150 0
-10 -28 0
-10 -48 0
-10 -64 0
-10 -82 0
-10 -117 0
-10 -132 0
-10 -151 0
-28 -48 0
-28 -64 0
-28 -82 0
-28 -117 0
-28 -132 0
-28 -151 0
-48 -64 0
-48 -82 0
-48 -117 0
-48 -132 0
-48 -151 0
-64 -82 0
-64 -117 0
-64 -132 0
-64 -151 0
-82 -117 0
-82 -132 0
-82 -151 0
-117 -132 0
-117 -151 0
-132 -151 0
-11 -29 0
-11 -49 0
-11 -65 0
-11 -83 0
-11 -99 0
-11 -118 0
-11 -169 0
-29 -49 0
-29 -65 0
-29 -83 0
-29 -99 0
-29 -118 0
-29 -169 0
-49 -65 0
-49 -83 0
-49 -99 0
-49 -118 0
-49 -169 0
-65 -83 0
-65 -99 0
-65 -118 0
-65 -169 0
-83 -99 0
-83 -118 0
-83 -169 0
-99 -118 0
-99 -169 0
-118 -169 0
-12 -30 0
-12 -50 0
-12 -66 0
-12 -84 0
-12 -100 0
-12 -119 0
-12 -133 0
-12 -152 0
-12 -170 0
-30 -50 0
-30 -66 0
-30 -84 0
-30 -100 0
-30 -119 0
-30 -133 0
-30 -152 0
-30 -170 0
-50 -66 0
-50 -84 0
-50 -100 0
-50 -119 0
-50 -133 0
-50 -152 0
-50 -170 0
-66 -84 0
-66 -100 0
-66 -119 0
-66 -133 0
-66 -152 0
-66 -170 0
-84 -100 0
-84 -119 0
-84 -133 0
-84 -152 0
-84 -170 0
-100 -119 0
-100 -133 0
-100 -152 0
-100 -170 0
-119 -133 0
-119 -152 0
-119 -170 0
-133 -152 0
-133 -170 0
-152 -170 0
-13 -51 0
-13 -67 0
-13 -85 0
-13 -101 0
-13 -134 0
-13 -153 0
-13 -171 0
-51 -67 0
-51 -85 0
-51 -101 0
-51 -134 0
-51 -153 0
-51 -171 0
-67 -85 0
-67 -101 0
-67 -134 0
-67 -153 0
-67 -171 0
-85 -101 0
-85 -134 0
-85 -153 0
-85 -171 0
-101 -134 0
-101 -153 0
-101 -171 0
-134 -153 0
-134 -171 0
-153 -171 0
-14 -31 0
-14 -102 0
-14 -120 0
-14 -135 0
-14 -154 0
-14 -172 0
-31 -102 0
-31 -120 0
-31 -135 0
-31 -154 0
-31 -172 0
-102 -120 0
-102 -135 0
-102 -154 0
-102 -172 0
-120 -135 0
-120 -154 0
-120 -172 0
-135 -154 0
-135 -172 0
-154 -172 0
-32 -52 0
-32 -68 0
-32 -86 0
-32 -121 0
-32 -155 0
-32 -173 0
-52 -68 0
-52 -86 0
-52 -121 0
-52 -155 0
-52 -173 0
-68 -86 0
-68 -121 0
-68 -155 0
-68 -173 0
-86 -121 0
-86 -155 0
-86 -173 0
-121 -155 0
-121 -173 0
-155 -173 0
-15 -33 0
-15 -53 0
-15 -87 0
-15 -103 0
-15 -122 0
-15 -136 0
-15 -156 0
-33 -53 0
-33 -87 0
-33 -103 0
-33 -122 0
-33 -136 0
-33 -156 0
-53 -87 0
-53 -103 0
-53 -122 0
-53 -136 0
-53 -156 0
-87 -103 0
-87 -122 0
-87 -136 0
-87 -156 0
-103 -122 0
-103 -136 0
-103 -156 0
-122 -136 0
-122 -156 0
-136 -156 0
-16 -34 0
-16 -69 0
-16 -88 0
-16 -104 0
-16 -123 0
-16 -137 0
-16 -157 0
-16 -174 0
-34 -69 0
-34 -88 0
-34 -104 0
-34 -123 0
-34 -137 0
-34 -157 0
-34 -174 0
-69 -88 0
-69 -104 0
-69 -123 0
-69 -137 0
-69 -157 0
-69 -174 0
-88 -104 0
-88 -123 0
-88 -137 0
-88 -157 0
-88 -174 0
-104 -123 0
-104 -137 0
-104 -157 0
-104 -174 0
-123 -137 0
-123 -157 0
-123 -174 0
-137 -157 0
-137 -174 0
-157 -174 0
-17 -35 0
-17 -54 0
-17 -70 0
-17 -89 0
-17 -105 0
-17 -138 0
-17 -158 0
-17 -175 0
-35 -54 0
-35 -70 0
-35 -89 0
-35 -105 0
-35 -138 0
-35 -158 0
-35 -175 0
-54 -70 0
-54 -89 0
-54 -105 0
-54 -138 0
-54 -158 0
-54 -175 0
-70 -89 0
-70 -105 0
-70 -138 0
-70 -158 0
-70 -175 0
-89 -105 0
-89 -138 0
-89 -158 0
-89 -175 0
-105 -138 0
-105 -158 0
-105 -175 0
-138 -158 0
-138 -175 0
-158 -175 0
-36 -71 0
-36 -90 0
-36 -106 0
-36 -124 0
-36 -139 0
-36 -159 0
-36 -176 0
-71 -90 0
-71 -106 0
-71 -124 0
-71 -139 0
-71 -159 0
-71 -176 0
-90 -106 0
-90 -124 0
-90 -139 0
-90 -159 0
-90 -176 0
-106 -124 0
-106 -139 0
-106 -159 0
-106 -176 0
-124 -139 0
-124 -159 0
-124 -176 0
-139 -159 0
-139 -176 0
-159 -176 0
-18 -37 0
-18 -55 0
-18 -72 0
-18 -107 0
-18 -125 0
-18 -140 0
-18 -160 0
-37 -55 0
-37 -72 0
-37 -107 0
-37 -125 0
-37 -140 0
-37 -160 0
-55 -72 0
-55 -107 0
-55 -125 0
-55 -140 0
-55 -160 0
-72 -107 0
-72 -125 0
-72 -140 0
-72 -160 0
-107 -125 0
-107 -140 0
-107 -160 0
-125 -140 0
-125 -160 0
-140 -160 0
-19 -38 0
-19 -56 0
-19 -73 0
-19 -91 0
-19 -108 0
-19 -126 0
-19 -141 0
-19 -161 0
-19 -177 0
-38 -56 0
-38 -73 0
-38 -91 0
-38 -108 0
-38 -126 0
-38 -141 0
-38 -161 0
-38 -177 0
-56 -73 0
-56 -91 0
-56 -108 0
-56 -126 0
-56 -141 0
-56 -161 0
-56 -177 0
-73 -91 0
-73 -108 0
-73 -126 0
-73 -141 0
-73 -161 0
-73 -177 0
-91 -108 0
-91 -126 0
-91 -141 0
-91 -161 0
-91 -177 0
-108 -126 0
-108 -141 0
-108 -161 0
-108 -177 0
-126 -141 0
-126 -161 0
-126 -177 0
-141 -161 0
-141 -177 0
-161 -177 0
