p cnf 56 235
-19 -20 0
-19 -21 0
-19 -22 0
-19 -23 0
-20 -21 0
-20 -22 0
-20 -23 0
-21 -22 0
-21 -23 0
-22 -23 0
19 20 21 22 23 0
-24 -25 0
-24 -26 0
-24 -27 0
-25 -26 0
-25 -27 0
-26 -27 0
24 25 26 27 0
-28 -29 0
-28 -30 0
-28 -31 0
-28 -32 0
-28 -33 0
-29 -30 0
-29 -31 0
-29 -32 0
-29 -33 0
-30 -31 0
-30 -32 0
-30 -33 0
-31 -32 0
-31 -33 0
-32 -33 0
28 29 30 31 32 33 0
-19 -24 0
-19 -28 0
-24 -28 0
-20 -29 0
-21 -25 0
-21 -30 0
-25 -30 0
-22 -31 0
-23 -26 0
-23 -32 0
-26 -32 0
-27 -33 0
1 -19 0
1 -24 0
1 -28 0
2 -19 -29 0
2 -24 -20 0
2 -24 -29 0
2 -28 -20 0
-19 -25 0
-19 -30 0
-24 -21 0
-24 -30 0
-28 -21 0
-28 -25 0
3 -19 -31 0
3 -24 -22 0
3 -24 -31 0
3 -28 -22 0
-19 -26 0
-19 -32 0
-24 -23 0
-24 -32 0
-28 -23 0
-28 -26 0
4 -19 -27 0
4 -19 -33 0
4 -24 -33 0
4 -28 -27 0
5 -20 0
5 -29 0
6 -21 0
6 -25 0
6 -30 0
7 -22 0
7 -31 0
8 -23 0
8 -26 0
8 -32 0
9 -20 -25 0
9 -20 -30 0
9 -29 -21 0
9 -29 -25 0
10 -20 -31 0
10 -29 -22 0
11 -20 -26 0
11 -20 -32 0
11 -29 -23 0
11 -29 -26 0
12 -20 -27 0
12 -20 -33 0
12 -29 -27 0
13 -21 -31 0
13 -25 -22 0
13 -25 -31 0
13 -30 -22 0
14 -21 -26 0
14 -21 -32 0
14 -25 -23 0
14 -25 -32 0
14 -30 -23 0
14 -30 -26 0
15 -21 -27 0
15 -21 -33 0
15 -25 -33 0
15 -30 -27 0
16 -22 -26 0
16 -22 -32 0
16 -31 -23 0
16 -31 -26 0
17 -22 -27 0
17 -22 -33 0
17 -31 -27 0
18 -23 -27 0
18 -23 -33 0
18 -26 -33 0
18 -32 -27 0
-34 -35 0
-34 -36 0
-34 -37 0
-34 -38 0
-34 -39 0
-34 -40 0
-34 -41 0
-35 -36 0
-35 -37 0
-35 -38 0
-35 -39 0
-35 -40 0
-35 -41 0
-36 -37 0
-36 -38 0
-36 -39 0
-36 -40 0
-36 -41 0
-37 -38 0
-37 -39 0
-37 -40 0
-37 -41 0
-38 -39 0
-38 -40 0
-38 -41 0
-39 -40 0
-39 -41 0
-40 -41 0
34 35 36 37 38 39 40 41 0
-42 -43 0
-42 -44 0
-42 -45 0
-42 -46 0
-42 -47 0
-42 -48 0
-42 -49 0
-43 -44 0
-43 -45 0
-43 -46 0
-43 -47 0
-43 -48 0
-43 -49 0
-44 -45 0
-44 -46 0
-44 -47 0
-44 -48 0
-44 -49 0
-45 -46 0
-45 -47 0
-45 -48 0
-45 -49 0
-46 -47 0
-46 -48 0
-46 -49 0
-47 -48 0
-47 -49 0
-48 -49 0
42 43 44 45 46 47 48 49 0
-50 -51 0
-50 -52 0
-50 -53 0
-50 -54 0
-50 -55 0
-50 -56 0
-51 -52 0
-51 -53 0
-51 -54 0
-51 -55 0
-51 -56 0
-52 -53 0
-52 -54 0
-52 -55 0
-52 -56 0
-53 -54 0
-53 -55 0
-53 -56 0
-54 -55 0
-54 -56 0
-55 -56 0
50 51 52 53 54 55 56 0
-1 -34 0
-3 -42 0
-4 -50 0
-5 -37 0
-6 -35 0
-7 -34 -42 0
-7 -35 -43 0
-7 -36 -44 0
-7 -37 -45 0
-7 -38 -46 0
-7 -39 -47 0
-7 -40 -48 0
-7 -41 -49 0
-8 -34 0
-34 -50 0
-35 -51 0
-37 -52 0
-38 -53 0
-39 -54 0
-40 -55 0
-41 -56 0
-10 -45 0
-12 -52 0
-13 -43 0
-15 -51 0
-16 -42 0
-17 -42 -50 0
-17 -43 -51 0
-17 -45 -52 0
-17 -46 -53 0
-17 -47 -54 0
-17 -48 -55 0
-17 -49 -56 0
-18 -50 0
