p cnf 113 444
1 2 3 4 5 6 7 8 9 10 11 12 0
58 59 60 61 62 63 64 65 66 67 68 0
69 70 71 72 73 74 75 76 77 78 79 0
92 93 94 95 96 97 98 99 100 101 102 103 0
-1 -13 0
-1 -25 0
-1 -35 0
-1 -48 0
-1 -80 0
-1 -92 0
-1 -104 0
-13 -25 0
-13 -35 0
-13 -48 0
-13 -80 0
-13 -92 0
-13 -104 0
-25 -35 0
-25 -48 0
-25 -80 0
-25 -92 0
-25 -104 0
-35 -48 0
-35 -80 0
-35 -92 0
-35 -104 0
-48 -80 0
-48 -92 0
-48 -104 0
-80 -92 0
-80 -104 0
-92 -104 0
-2 -14 0
-2 -26 0
-2 -36 0
-2 -58 0
-2 -81 0
-2 -93 0
-14 -26 0
-14 -36 0
-14 -58 0
-14 -81 0
-14 -93 0
-26 -36 0
-26 -58 0
-26 -81 0
-26 -93 0
-36 -58 0
-36 -81 0
-36 -93 0
-58 -81 0
-58 -93 0
-81 -93 0
-3 -15 0
-3 -37 0
-3 -49 0
-3 -59 0
-3 -69 0
-3 -82 0
-3 -94 0
-3 -105 0
-15 -37 0
-15 -49 0
-15 -59 0
-15 -69 0
-15 -82 0
-15 -94 0
-15 -105 0
-37 -49 0
-37 -59 0
-37 -69 0
-37 -82 0
-37 -94 0
-37 -105 0
-49 -59 0
-49 -69 0
-49 -82 0
-49 -94 0
-49 -105 0
-59 -69 0
-59 -82 0
-59 -94 0
-59 -105 0
-69 -82 0
-69 -94 0
-69 -105 0
-82 -94 0
-82 -105 0
-94 -105 0
-16 -27 0
-16 -38 0
-16 -50 0
-16 -60 0
-16 -70 0
-16 -83 0
-16 -95 0
-27 -38 0
-27 -50 0
-27 -60 0
-27 -70 0
-27 -83 0
-27 -95 0
-38 -50 0
-38 -60 0
-38 -70 0
-38 -83 0
-38 -95 0
-50 -60 0
-50 -70 0
-50 -83 0
-50 -95 0
-60 -70 0
-60 -83 0
-60 -95 0
-70 -83 0
-70 -95 0
-83 -95 0
-4 -39 0
-4 -51 0
-4 -61 0
-4 -71 0
-4 -84 0
-4 -96 0
-4 -106 0
-39 -51 0
-39 -61 0
-39 -71 0
-39 -84 0
-39 -96 0
-39 -106 0
-51 -61 0
-51 -71 0
-51 -84 0
-51 -96 0
-51 -106 0
-61 -71 0
-61 -84 0
-61 -96 0
-61 -106 0
-71 -84 0
-71 -96 0
-71 -106 0
-84 -96 0
-84 -106 0
-96 -106 0
-5 -17 0
-5 -28 0
-5 -40 0
-5 -52 0
-5 -72 0
-5 -85 0
-5 -97 0
-5 -107 0
-17 -28 0
-17 -40 0
-17 -52 0
-17 -72 0
-17 -85 0
-17 -97 0
-17 -107 0
-28 -40 0
-28 -52 0
-28 -72 0
-28 -85 0
-28 -97 0
-28 -107 0
-40 -52 0
-40 -72 0
-40 -85 0
-40 -97 0
-40 -107 0
-52 -72 0
-52 -85 0
-52 -97 0
-52 -107 0
-72 -85 0
-72 -97 0
-72 -107 0
-85 -97 0
-85 -107 0
-97 -107 0
-6 -18 0
-6 -29 0
-6 -41 0
-6 -53 0
-6 -62 0
-6 -73 0
-6 -86 0
-6 -98 0
-6 -108 0
-18 -29 0
-18 -41 0
-18 -53 0
-18 -62 0
-18 -73 0
-18 -86 0
-18 -98 0
-18 -108 0
-29 -41 0
-29 -53 0
-29 -62 0
-29 -73 0
-29 -86 0
-29 -98 0
-29 -108 0
-41 -53 0
-41 -62 0
-41 -73 0
-41 -86 0
-41 -98 0
-41 -108 0
-53 -62 0
-53 -73 0
-53 -86 0
-53 -98 0
-53 -108 0
-62 -73 0
-62 -86 0
-62 -98 0
-62 -108 0
-73 -86 0
-73 -98 0
-73 -108 0
-86 -98 0
-86 -108 0
-98 -108 0
-7 -19 0
-7 -30 0
-7 -42 0
-7 -54 0
-7 -63 0
-7 -74 0
-7 -87 0
-7 -99 0
-7 -109 0
-19 -30 0
-19 -42 0
-19 -54 0
-19 -63 0
-19 -74 0
-19 -87 0
-19 -99 0
-19 -109 0
-30 -42 0
-30 -54 0
-30 -63 0
-30 -74 0
-30 -87 0
-30 -99 0
-30 -109 0
-42 -54 0
-42 -63 0
-42 -74 0
-42 -87 0
-42 -99 0
-42 -109 0
-54 -63 0
-54 -74 0
-54 -87 0
-54 -99 0
-54 -109 0
-63 -74 0
-63 -87 0
-63 -99 0
-63 -109 0
-74 -87 0
-74 -99 0
-74 -109 0
-87 -99 0
-87 -109 0
-99 -109 0
-8 -20 0
-8 -43 0
-8 -55 0
-8 -64 0
-8 -75 0
-8 -88 0
-8 -110 0
-20 -43 0
-20 -55 0
-20 -64 0
-20 -75 0
-20 -88 0
-20 -110 0
-43 -55 0
-43 -64 0
-43 -75 0
-43 -88 0
-43 -110 0
-55 -64 0
-55 -75 0
-55 -88 0
-55 -110 0
-64 -75 0
-64 -88 0
-64 -110 0
-75 -88 0
-75 -110 0
-88 -110 0
-9 -21 0
-9 -31 0
-9 -44 0
-9 -56 0
-9 -65 0
-9 -76 0
-9 -100 0
-9 -111 0
-21 -31 0
-21 -44 0
-21 -56 0
-21 -65 0
-21 -76 0
-21 -100 0
-21 -111 0
-31 -44 0
-31 -56 0
-31 -65 0
-31 -76 0
-31 -100 0
-31 -111 0
-44 -56 0
-44 -65 0
-44 -76 0
-44 -100 0
-44 -111 0
-56 -65 0
-56 -76 0
-56 -100 0
-56 -111 0
-65 -76 0
-65 -100 0
-65 -111 0
-76 -100 0
-76 -111 0
-100 -111 0
-10 -22 0
-10 -32 0
-10 -45 0
-10 -66 0
-10 -77 0
-10 -89 0
-10 -101 0
-22 -32 0
-22 -45 0
-22 -66 0
-22 -77 0
-22 -89 0
-22 -101 0
-32 -45 0
-32 -66 0
-32 -77 0
-32 -89 0
-32 -101 0
-45 -66 0
-45 -77 0
-45 -89 0
-45 -101 0
-66 -77 0
-66 -89 0
-66 -101 0
-77 -89 0
-77 -101 0
-89 -101 0
-11 -23 0
-11 -33 0
-11 -46 0
-11 -57 0
-11 -67 0
-11 -78 0
-11 -90 0
-11 -102 0
-11 -112 0
-23 -33 0
-23 -46 0
-23 -57 0
-23 -67 0
-23 -78 0
-23 -90 0
-23 -102 0
-23 -112 0
-33 -46 0
-33 -57 0
-33 -67 0
-33 -78 0
-33 -90 0
-33 -102 0
-33 -112 0
-46 -57 0
-46 -67 0
-46 -78 0
-46 -90 0
-46 -102 0
-46 -112 0
-57 -67 0
-57 -78 0
-57 -90 0
-57 -102 0
-57 -112 0
-67 -78 0
-67 -90 0
-67 -102 0
-67 -112 0
-78 -90 0
-78 -102 0
-78 -112 0
-90 -102 0
-90 -112 0
-102 -112 0
-12 -24 0
-12 -34 0
-12 -47 0
-12 -68 0
-12 -79 0
-12 -91 0
-12 -103 0
-12 -113 0
-24 -34 0
-24 -47 0
-24 -68 0
-24 -79 0
-24 -91 0
-24 -103 0
-24 -113 0
-34 -47 0
-34 -68 0
-34 -79 0
-34 -91 0
-34 -103 0
-34 -113 0
-47 -68 0
-47 -79 0
-47 -91 0
-47 -103 0
-47 -113 0
-68 -79 0
-68 -91 0
-68 -103 0
-68 -113 0
-79 -91 0
-79 -103 0
-79 -113 0
-91 -103 0
-91 -113 0
-103 -113 0
