p cnf 27 256
1 2 3 4 5 -6 0
1 2 3 4 -5 6 0
1 2 3 -4 5 6 0
1 2 3 -4 -5 -6 0
1 2 -3 4 5 6 0
1 2 -3 4 -5 -6 0
1 2 -3 -4 5 -6 0
1 2 -3 -4 -5 6 0
1 -2 3 4 5 6 0
1 -2 3 4 -5 -6 0
1 -2 3 -4 5 -6 0
1 -2 3 -4 -5 6 0
1 -2 -3 4 5 -6 0
1 -2 -3 4 -5 6 0
1 -2 -3 -4 5 6 0
1 -2 -3 -4 -5 -6 0
-1 2 3 4 5 6 0
-1 2 3 4 -5 -6 0
-1 2 3 -4 5 -6 0
-1 2 3 -4 -5 6 0
-1 2 -3 4 5 -6 0
-1 2 -3 4 -5 6 0
-1 2 -3 -4 5 6 0
-1 2 -3 -4 -5 -6 0
-1 -2 3 4 5 -6 0
-1 -2 3 4 -5 6 0
-1 -2 3 -4 5 6 0
-1 -2 3 -4 -5 -6 0
-1 -2 -3 4 5 6 0
-1 -2 -3 4 -5 -6 0
-1 -2 -3 -4 5 -6 0
-1 -2 -3 -4 -5 6 0
1 7 8 9 -10 0
1 7 8 -9 10 0
1 7 -8 9 10 0
1 7 -8 -9 -10 0
1 -7 8 9 10 0
1 -7 8 -9 -10 0
1 -7 -8 9 -10 0
1 -7 -8 -9 10 0
-1 7 8 9 10 0
-1 7 8 -9 -10 0
-1 7 -8 9 -10 0
-1 7 -8 -9 10 0
-1 -7 8 9 -10 0
-1 -7 8 -9 10 0
-1 -7 -8 9 10 0
-1 -7 -8 -9 -10 0
7 11 12 13 14 -15 0
7 11 12 13 -14 15 0
7 11 12 -13 14 15 0
7 11 12 -13 -14 -15 0
7 11 -12 13 14 15 0
7 11 -12 13 -14 -15 0
7 11 -12 -13 14 -15 0
7 11 -12 -13 -14 15 0
7 -11 12 13 14 15 0
7 -11 12 13 -14 -15 0
7 -11 12 -13 14 -15 0
7 -11 12 -13 -14 15 0
7 -11 -12 13 14 -15 0
7 -11 -12 13 -14 15 0
7 -11 -12 -13 14 15 0
7 -11 -12 -13 -14 -15 0
-7 11 12 13 14 15 0
-7 11 12 13 -14 -15 0
-7 11 12 -13 14 -15 0
-7 11 12 -13 -14 15 0
-7 11 -12 13 14 -15 0
-7 11 -12 13 -14 15 0
-7 11 -12 -13 14 15 0
-7 11 -12 -13 -14 -15 0
-7 -11 12 13 14 -15 0
-7 -11 12 13 -14 15 0
-7 -11 12 -13 14 15 0
-7 -11 12 -13 -14 -15 0
-7 -11 -12 13 14 15 0
-7 -11 -12 13 -14 -15 0
-7 -11 -12 -13 14 -15 0
-7 -11 -12 -13 -14 15 0
8 16 17 18 -19 0
8 16 17 -18 19 0
8 16 -17 18 19 0
8 16 -17 -18 -19 0
8 -16 17 18 19 0
8 -16 17 -18 -19 0
8 -16 -17 18 -19 0
8 -16 -17 -18 19 0
-8 16 17 18 19 0
-8 16 17 -18 -19 0
-8 16 -17 18 -19 0
-8 16 -17 -18 19 0
-8 -16 17 18 -19 0
-8 -16 17 -18 19 0
-8 -16 -17 18 19 0
-8 -16 -17 -18 -19 0
2 9 11 16 20 21 -22 0
2 9 11 16 20 -21 22 0
2 9 11 16 -20 21 22 0
2 9 11 16 -20 -21 -22 0
2 9 11 -16 20 21 22 0
2 9 11 -16 20 -21 -22 0
2 9 11 -16 -20 21 -22 0
2 9 11 -16 -20 -21 22 0
2 9 -11 16 20 21 22 0
2 9 -11 16 20 -21 -22 0
2 9 -11 16 -20 21 -22 0
2 9 -11 16 -20 -21 22 0
2 9 -11 -16 20 21 -22 0
2 9 -11 -16 20 -21 22 0
2 9 -11 -16 -20 21 22 0
2 9 -11 -16 -20 -21 -22 0
2 -9 11 16 20 21 22 0
2 -9 11 16 20 -21 -22 0
2 -9 11 16 -20 21 -22 0
2 -9 11 16 -20 -21 22 0
2 -9 11 -16 20 21 -22 0
2 -9 11 -16 20 -21 22 0
2 -9 11 -16 -20 21 22 0
2 -9 11 -16 -20 -21 -22 0
2 -9 -11 16 20 21 -22 0
2 -9 -11 16 20 -21 22 0
2 -9 -11 16 -20 21 22 0
2 -9 -11 16 -20 -21 -22 0
2 -9 -11 -16 20 21 22 0
2 -9 -11 -16 20 -21 -22 0
2 -9 -11 -16 -20 21 -22 0
2 -9 -11 -16 -20 -21 22 0
-2 9 11 16 20 21 22 0
-2 9 11 16 20 -21 -22 0
-2 9 11 16 -20 21 -22 0
-2 9 11 16 -20 -21 22 0
-2 9 11 -16 20 21 -22 0
-2 9 11 -16 20 -21 22 0
-2 9 11 -16 -20 21 22 0
-2 9 11 -16 -20 -21 -22 0
-2 9 -11 16 20 21 -22 0
-2 9 -11 16 20 -21 22 0
-2 9 -11 16 -20 21 22 0
-2 9 -11 16 -20 -21 -22 0
-2 9 -11 -16 20 21 22 0
-2 9 -11 -16 20 -21 -22 0
-2 9 -11 -16 -20 21 -22 0
-2 9 -11 -16 -20 -21 22 0
-2 -9 11 16 20 21 -22 0
-2 -9 11 16 20 -21 22 0
-2 -9 11 16 -20 21 22 0
-2 -9 11 16 -20 -21 -22 0
-2 -9 11 -16 20 21 22 0
-2 -9 11 -16 20 -21 -22 0
-2 -9 11 -16 -20 21 -22 0
-2 -9 11 -16 -20 -21 22 0
-2 -9 -11 16 20 21 22 0
-2 -9 -11 16 20 -21 -22 0
-2 -9 -11 16 -20 21 -22 0
-2 -9 -11 16 -20 -21 22 0
-2 -9 -11 -16 20 21 -22 0
-2 -9 -11 -16 20 -21 22 0
-2 -9 -11 -16 -20 21 22 0
-2 -9 -11 -16 -20 -21 -22 0
12 17 23 24 0
12 17 -23 -24 0
12 -17 23 -24 0
12 -17 -23 24 0
-12 17 23 -24 0
-12 17 -23 24 0
-12 -17 23 24 0
-12 -17 -23 -24 0
3 13 20 23 25 0
3 13 20 -23 -25 0
3 13 -20 23 -25 0
3 13 -20 -23 25 0
3 -13 20 23 -25 0
3 -13 20 -23 25 0
3 -13 -20 23 25 0
3 -13 -20 -23 -25 0
-3 13 20 23 -25 0
-3 13 20 -23 25 0
-3 13 -20 23 25 0
-3 13 -20 -23 -25 0
-3 -13 20 23 25 0
-3 -13 20 -23 -25 0
-3 -13 -20 23 -25 0
-3 -13 -20 -23 25 0
4 14 21 24 25 26 0
4 14 21 24 -25 -26 0
4 14 21 -24 25 -26 0
4 14 21 -24 -25 26 0
4 14 -21 24 25 -26 0
4 14 -21 24 -25 26 0
4 14 -21 -24 25 26 0
4 14 -21 -24 -25 -26 0
4 -14 21 24 25 -26 0
4 -14 21 24 -25 26 0
4 -14 21 -24 25 26 0
4 -14 21 -24 -25 -26 0
4 -14 -21 24 25 26 0
4 -14 -21 24 -25 -26 0
4 -14 -21 -24 25 -26 0
4 -14 -21 -24 -25 26 0
-4 14 21 24 25 -26 0
-4 14 21 24 -25 26 0
-4 14 21 -24 25 26 0
-4 14 21 -24 -25 -26 0
-4 14 -21 24 25 26 0
-4 14 -21 24 -25 -26 0
-4 14 -21 -24 25 -26 0
-4 14 -21 -24 -25 26 0
-4 -14 21 24 25 26 0
-4 -14 21 24 -25 -26 0
-4 -14 21 -24 25 -26 0
-4 -14 21 -24 -25 26 0
-4 -14 -21 24 25 -26 0
-4 -14 -21 24 -25 26 0
-4 -14 -21 -24 25 26 0
-4 -14 -21 -24 -25 -26 0
5 18 26 27 0
5 18 -26 -27 0
5 -18 26 -27 0
5 -18 -26 27 0
-5 18 26 -27 0
-5 18 -26 27 0
-5 -18 26 27 0
-5 -18 -26 -27 0
6 10 15 19 22 -27 0
6 10 15 19 -22 27 0
6 10 15 -19 22 27 0
6 10 15 -19 -22 -27 0
6 10 -15 19 22 27 0
6 10 -15 19 -22 -27 0
6 10 -15 -19 22 -27 0
6 10 -15 -19 -22 27 0
6 -10 15 19 22 27 0
6 -10 15 19 -22 -27 0
6 -10 15 -19 22 -27 0
6 -10 15 -19 -22 27 0
6 -10 -15 19 22 -27 0
6 -10 -15 19 -22 27 0
6 -10 -15 -19 22 27 0
6 -10 -15 -19 -22 -27 0
-6 10 15 19 22 27 0
-6 10 15 19 -22 -27 0
-6 10 15 -19 22 -27 0
-6 10 15 -19 -22 27 0
-6 10 -15 19 22 -27 0
-6 10 -15 19 -22 27 0
-6 10 -15 -19 22 27 0
-6 10 -15 -19 -22 -27 0
-6 -10 15 19 22 -27 0
-6 -10 15 19 -22 27 0
-6 -10 15 -19 22 27 0
-6 -10 15 -19 -22 -27 0
-6 -10 -15 19 22 27 0
-6 -10 -15 19 -22 -27 0
-6 -10 -15 -19 22 -27 0
-6 -10 -15 -19 -22 27 0
