p cnf 42 131
14 15 16 17 0
33 34 35 36 37 0
-3 -8 0
-3 -14 0
-3 -21 0
-3 -25 0
-3 -29 0
-3 -33 0
-3 -38 0
-8 -14 0
-8 -21 0
-8 -25 0
-8 -29 0
-8 -33 0
-8 -38 0
-14 -21 0
-14 -25 0
-14 -29 0
-14 -33 0
-14 -38 0
-21 -25 0
-21 -29 0
-21 -33 0
-21 -38 0
-25 -29 0
-25 -33 0
-25 -38 0
-29 -33 0
-29 -38 0
-33 -38 0
-9 -18 0
-9 -22 0
-9 -26 0
-9 -30 0
-9 -34 0
-18 -22 0
-18 -26 0
-18 -30 0
-18 -34 0
-22 -26 0
-22 -30 0
-22 -34 0
-26 -30 0
-26 -34 0
-30 -34 0
-1 -4 0
-1 -10 0
-1 -15 0
-1 -19 0
-1 -23 0
-1 -35 0
-1 -39 0
-4 -10 0
-4 -15 0
-4 -19 0
-4 -23 0
-4 -35 0
-4 -39 0
-10 -15 0
-10 -19 0
-10 -23 0
-10 -35 0
-10 -39 0
-15 -19 0
-15 -23 0
-15 -35 0
-15 -39 0
-19 -23 0
-19 -35 0
-19 -39 0
-23 -35 0
-23 -39 0
-35 -39 0
-2 -5 0
-2 -11 0
-2 -27 0
-2 -36 0
-2 -40 0
-5 -11 0
-5 -27 0
-5 -36 0
-5 -40 0
-11 -27 0
-11 -36 0
-11 -40 0
-27 -36 0
-27 -40 0
-36 -40 0
-6 -12 0
-6 -16 0
-6 -20 0
-6 -28 0
-6 -31 0
-6 -37 0
-6 -41 0
-12 -16 0
-12 -20 0
-12 -28 0
-12 -31 0
-12 -37 0
-12 -41 0
-16 -20 0
-16 -28 0
-16 -31 0
-16 -37 0
-16 -41 0
-20 -28 0
-20 -31 0
-20 -37 0
-20 -41 0
-28 -31 0
-28 -37 0
-28 -41 0
-31 -37 0
-31 -41 0
-37 -41 0
-7 -13 0
-7 -17 0
-7 -24 0
-7 -32 0
-7 -42 0
-13 -17 0
-13 -24 0
-13 -32 0
-13 -42 0
-17 -24 0
-17 -32 0
-17 -42 0
-24 -32 0
-24 -42 0
-32 -42 0
