p cnf 82 317
-33 -34 0
-33 -35 0
-33 -36 0
-33 -37 0
-33 -38 0
-33 -39 0
-33 -40 0
-34 -35 0
-34 -36 0
-34 -37 0
-34 -38 0
-34 -39 0
-34 -40 0
-35 -36 0
-35 -37 0
-35 -38 0
-35 -39 0
-35 -40 0
-36 -37 0
-36 -38 0
-36 -39 0
-36 -40 0
-37 -38 0
-37 -39 0
-37 -40 0
-38 -39 0
-38 -40 0
-39 -40 0
33 34 35 36 37 38 39 40 0
-41 -42 0
-41 -43 0
-41 -44 0
-41 -45 0
-41 -46 0
-41 -47 0
-41 -48 0
-42 -43 0
-42 -44 0
-42 -45 0
-42 -46 0
-42 -47 0
-42 -48 0
-43 -44 0
-43 -45 0
-43 -46 0
-43 -47 0
-43 -48 0
-44 -45 0
-44 -46 0
-44 -47 0
-44 -48 0
-45 -46 0
-45 -47 0
-45 -48 0
-46 -47 0
-46 -48 0
-47 -48 0
41 42 43 44 45 46 47 48 0
-33 -41 0
-34 -42 0
-35 -43 0
-36 -44 0
-37 -45 0
-38 -46 0
-39 -47 0
-40 -48 0
1 -33 -42 0
1 -41 -34 0
2 -33 -43 0
2 -41 -35 0
3 -33 -44 0
3 -41 -36 0
4 -33 -45 0
4 -41 -37 0
5 -33 -46 0
5 -41 -38 0
6 -33 0
6 -41 0
7 -33 -47 0
7 -41 -39 0
8 -33 -48 0
8 -41 -40 0
9 -34 -43 0
9 -42 -35 0
10 -34 -44 0
10 -42 -36 0
11 -34 -45 0
11 -42 -37 0
12 -34 -46 0
12 -42 -38 0
13 -34 0
13 -42 0
14 -34 -47 0
14 -42 -39 0
15 -34 -48 0
15 -42 -40 0
16 -35 -44 0
16 -43 -36 0
17 -35 -45 0
17 -43 -37 0
18 -35 -46 0
18 -43 -38 0
19 -35 0
19 -43 0
20 -35 -47 0
20 -43 -39 0
21 -36 -45 0
21 -44 -37 0
22 -36 -46 0
22 -44 -38 0
23 -36 0
23 -44 0
-36 -47 0
-44 -39 0
24 -36 -48 0
24 -44 -40 0
25 -37 0
25 -45 0
26 -37 -47 0
26 -45 -39 0
27 -37 -48 0
27 -45 -40 0
28 -38 0
28 -46 0
-38 -47 0
-46 -39 0
29 -38 -48 0
29 -46 -40 0
30 -39 0
30 -47 0
31 -40 0
31 -48 0
32 -39 -48 0
32 -47 -40 0
-49 -50 0
-49 -51 0
-49 -52 0
-49 -53 0
-50 -51 0
-50 -52 0
-50 -53 0
-51 -52 0
-51 -53 0
-52 -53 0
49 50 51 52 53 0
-54 -55 0
-54 -56 0
-54 -57 0
-54 -58 0
-55 -56 0
-55 -57 0
-55 -58 0
-56 -57 0
-56 -58 0
-57 -58 0
54 55 56 57 58 0
-59 -60 0
-59 -61 0
-59 -62 0
-59 -63 0
-60 -61 0
-60 -62 0
-60 -63 0
-61 -62 0
-61 -63 0
-62 -63 0
59 60 61 62 63 0
-64 -65 0
-64 -66 0
-64 -67 0
-64 -68 0
-65 -66 0
-65 -67 0
-65 -68 0
-66 -67 0
-66 -68 0
-67 -68 0
64 65 66 67 68 0
-69 -70 0
-69 -71 0
-69 -72 0
-69 -73 0
-70 -71 0
-70 -72 0
-70 -73 0
-71 -72 0
-71 -73 0
-72 -73 0
69 70 71 72 73 0
-74 -75 0
-74 -76 0
-74 -77 0
-74 -78 0
-75 -76 0
-75 -77 0
-75 -78 0
-76 -77 0
-76 -78 0
-77 -78 0
74 75 76 77 78 0
-79 -80 0
-79 -81 0
-79 -82 0
-80 -81 0
-80 -82 0
-81 -82 0
79 80 81 82 0
-1 -49 -54 0
-1 -50 -55 0
-1 -51 -56 0
-1 -52 -57 0
-1 -53 -58 0
-2 -49 0
-3 -49 -59 0
-3 -50 -60 0
-3 -51 -61 0
-3 -52 -62 0
-3 -53 -63 0
-4 -49 -64 0
-4 -50 -65 0
-4 -51 -66 0
-4 -52 -67 0
-4 -53 -68 0
-5 -49 -69 0
-5 -50 -70 0
-5 -51 -71 0
-5 -52 -72 0
-5 -53 -73 0
-6 -49 -74 0
-6 -50 -75 0
-6 -51 -76 0
-6 -52 -77 0
-6 -53 -78 0
-7 -52 0
-8 -50 -79 0
-8 -51 -80 0
-8 -52 -81 0
-8 -53 -82 0
-9 -54 0
-10 -54 -59 0
-10 -55 -60 0
-10 -56 -61 0
-10 -57 -62 0
-10 -58 -63 0
-11 -54 -64 0
-11 -55 -65 0
-11 -56 -66 0
-11 -57 -67 0
-11 -58 -68 0
-12 -54 -69 0
-12 -55 -70 0
-12 -56 -71 0
-12 -57 -72 0
-12 -58 -73 0
-13 -54 -74 0
-13 -55 -75 0
-13 -56 -76 0
-13 -57 -77 0
-13 -58 -78 0
-14 -57 0
-15 -55 -79 0
-15 -56 -80 0
-15 -57 -81 0
-15 -58 -82 0
-16 -59 0
-17 -64 0
-18 -69 0
-19 -74 0
-21 -59 -64 0
-21 -60 -65 0
-21 -61 -66 0
-21 -62 -67 0
-21 -63 -68 0
-22 -59 -69 0
-22 -60 -70 0
-22 -61 -71 0
-22 -62 -72 0
-22 -63 -73 0
-23 -59 -74 0
-23 -60 -75 0
-23 -61 -76 0
-23 -62 -77 0
-23 -63 -78 0
-24 -60 -79 0
-24 -61 -80 0
-24 -62 -81 0
-24 -63 -82 0
-64 -69 0
-65 -70 0
-66 -71 0
-67 -72 0
-68 -73 0
-25 -64 -74 0
-25 -65 -75 0
-25 -66 -76 0
-25 -67 -77 0
-25 -68 -78 0
-26 -67 0
-27 -65 -79 0
-27 -66 -80 0
-27 -67 -81 0
-27 -68 -82 0
-28 -69 -74 0
-28 -70 -75 0
-28 -71 -76 0
-28 -72 -77 0
-28 -73 -78 0
-29 -70 -79 0
-29 -71 -80 0
-29 -72 -81 0
-29 -73 -82 0
-30 -77 0
-31 -75 -79 0
-31 -76 -80 0
-31 -77 -81 0
-31 -78 -82 0
-32 -81 0
