p cnf 32 67
1 2 0
-1 -2 0
3 4 0
-3 -4 0
5 6 0
-5 -6 0
7 8 9 0
-7 -8 0
-7 -9 0
-8 -9 0
10 11 0
-10 -11 0
12 13 14 0
-12 -13 0
-12 -14 0
-13 -14 0
15 16 0
-15 -16 0
17 18 19 0
-17 -18 0
-17 -19 0
-18 -19 0
20 21 0
-20 -21 0
22 23 0
-22 -23 0
24 25 0
-24 -25 0
26 27 0
-26 -27 0
28 29 30 0
-28 -29 0
-28 -30 0
-29 -30 0
31 32 0
-31 -32 0
-2 -9 0
-1 -13 0
-2 -14 0
-2 -16 0
-2 -19 0
-1 -20 0
-2 -21 0
-3 -12 0
-4 -14 0
-5 -15 0
-5 -22 0
-7 -15 0
-9 -16 0
-7 -17 0
-8 -18 0
-9 -19 0
-7 -22 0
-9 -23 0
-8 -27 0
-11 -25 0
-13 -24 0
-14 -25 0
-13 -31 0
-14 -32 0
-16 -25 0
-16 -32 0
-19 -21 0
-17 -22 0
-19 -23 0
-24 -31 0
-25 -32 0
