p cnf 99 370
52 53 54 55 56 57 58 59 60 61 0
62 63 64 65 66 67 68 69 70 71 0
82 83 84 85 86 87 88 89 90 91 0
-1 -11 0
-1 -22 0
-1 -31 0
-1 -43 0
-1 -72 0
-1 -82 0
-1 -92 0
-11 -22 0
-11 -31 0
-11 -43 0
-11 -72 0
-11 -82 0
-11 -92 0
-22 -31 0
-22 -43 0
-22 -72 0
-22 -82 0
-22 -92 0
-31 -43 0
-31 -72 0
-31 -82 0
-31 -92 0
-43 -72 0
-43 -82 0
-43 -92 0
-72 -82 0
-72 -92 0
-82 -92 0
-2 -12 0
-2 -23 0
-2 -32 0
-2 -52 0
-2 -73 0
-2 -83 0
-12 -23 0
-12 -32 0
-12 -52 0
-12 -73 0
-12 -83 0
-23 -32 0
-23 -52 0
-23 -73 0
-23 -83 0
-32 -52 0
-32 -73 0
-32 -83 0
-52 -73 0
-52 -83 0
-73 -83 0
-3 -13 0
-3 -33 0
-3 -44 0
-3 -53 0
-3 -62 0
-3 -74 0
-3 -84 0
-3 -93 0
-13 -33 0
-13 -44 0
-13 -53 0
-13 -62 0
-13 -74 0
-13 -84 0
-13 -93 0
-33 -44 0
-33 -53 0
-33 -62 0
-33 -74 0
-33 -84 0
-33 -93 0
-44 -53 0
-44 -62 0
-44 -74 0
-44 -84 0
-44 -93 0
-53 -62 0
-53 -74 0
-53 -84 0
-53 -93 0
-62 -74 0
-62 -84 0
-62 -93 0
-74 -84 0
-74 -93 0
-84 -93 0
-14 -24 0
-14 -34 0
-14 -45 0
-14 -54 0
-14 -63 0
-14 -75 0
-14 -85 0
-24 -34 0
-24 -45 0
-24 -54 0
-24 -63 0
-24 -75 0
-24 -85 0
-34 -45 0
-34 -54 0
-34 -63 0
-34 -75 0
-34 -85 0
-45 -54 0
-45 -63 0
-45 -75 0
-45 -85 0
-54 -63 0
-54 -75 0
-54 -85 0
-63 -75 0
-63 -85 0
-75 -85 0
-4 -35 0
-4 -46 0
-4 -55 0
-4 -64 0
-4 -76 0
-4 -86 0
-4 -94 0
-35 -46 0
-35 -55 0
-35 -64 0
-35 -76 0
-35 -86 0
-35 -94 0
-46 -55 0
-46 -64 0
-46 -76 0
-46 -86 0
-46 -94 0
-55 -64 0
-55 -76 0
-55 -86 0
-55 -94 0
-64 -76 0
-64 -86 0
-64 -94 0
-76 -86 0
-76 -94 0
-86 -94 0
-5 -15 0
-5 -25 0
-5 -36 0
-5 -47 0
-5 -65 0
-15 -25 0
-15 -36 0
-15 -47 0
-15 -65 0
-25 -36 0
-25 -47 0
-25 -65 0
-36 -47 0
-36 -65 0
-47 -65 0
-6 -16 0
-6 -26 0
-6 -37 0
-6 -48 0
-6 -56 0
-6 -66 0
-6 -77 0
-6 -87 0
-6 -95 0
-16 -26 0
-16 -37 0
-16 -48 0
-16 -56 0
-16 -66 0
-16 -77 0
-16 -87 0
-16 -95 0
-26 -37 0
-26 -48 0
-26 -56 0
-26 -66 0
-26 -77 0
-26 -87 0
-26 -95 0
-37 -48 0
-37 -56 0
-37 -66 0
-37 -77 0
-37 -87 0
-37 -95 0
-48 -56 0
-48 -66 0
-48 -77 0
-48 -87 0
-48 -95 0
-56 -66 0
-56 -77 0
-56 -87 0
-56 -95 0
-66 -77 0
-66 -87 0
-66 -95 0
-77 -87 0
-77 -95 0
-87 -95 0
-7 -17 0
-7 -38 0
-7 -49 0
-7 -57 0
-7 -67 0
-7 -78 0
-7 -96 0
-17 -38 0
-17 -49 0
-17 -57 0
-17 -67 0
-17 -78 0
-17 -96 0
-38 -49 0
-38 -57 0
-38 -67 0
-38 -78 0
-38 -96 0
-49 -57 0
-49 -67 0
-49 -78 0
-49 -96 0
-57 -67 0
-57 -78 0
-57 -96 0
-67 -78 0
-67 -96 0
-78 -96 0
-8 -18 0
-8 -27 0
-8 -39 0
-8 -50 0
-8 -58 0
-8 -68 0
-8 -88 0
-8 -97 0
-18 -27 0
-18 -39 0
-18 -50 0
-18 -58 0
-18 -68 0
-18 -88 0
-18 -97 0
-27 -39 0
-27 -50 0
-27 -58 0
-27 -68 0
-27 -88 0
-27 -97 0
-39 -50 0
-39 -58 0
-39 -68 0
-39 -88 0
-39 -97 0
-50 -58 0
-50 -68 0
-50 -88 0
-50 -97 0
-58 -68 0
-58 -88 0
-58 -97 0
-68 -88 0
-68 -97 0
-88 -97 0
-19 -28 0
-19 -40 0
-19 -59 0
-19 -69 0
-19 -79 0
-19 -89 0
-28 -40 0
-28 -59 0
-28 -69 0
-28 -79 0
-28 -89 0
-40 -59 0
-40 -69 0
-40 -79 0
-40 -89 0
-59 -69 0
-59 -79 0
-59 -89 0
-69 -79 0
-69 -89 0
-79 -89 0
-9 -20 0
-9 -29 0
-9 -41 0
-9 -51 0
-9 -60 0
-9 -70 0
-9 -80 0
-9 -90 0
-9 -98 0
-20 -29 0
-20 -41 0
-20 -51 0
-20 -60 0
-20 -70 0
-20 -80 0
-20 -90 0
-20 -98 0
-29 -41 0
-29 -51 0
-29 -60 0
-29 -70 0
-29 -80 0
-29 -90 0
-29 -98 0
-41 -51 0
-41 -60 0
-41 -70 0
-41 -80 0
-41 -90 0
-41 -98 0
-51 -60 0
-51 -70 0
-51 -80 0
-51 -90 0
-51 -98 0
-60 -70 0
-60 -80 0
-60 -90 0
-60 -98 0
-70 -80 0
-70 -90 0
-70 -98 0
-80 -90 0
-80 -98 0
-90 -98 0
-10 -21 0
-10 -30 0
-10 -42 0
-10 -61 0
-10 -71 0
-10 -81 0
-10 -91 0
-10 -99 0
-21 -30 0
-21 -42 0
-21 -61 0
-21 -71 0
-21 -81 0
-21 -91 0
-21 -99 0
-30 -42 0
-30 -61 0
-30 -71 0
-30 -81 0
-30 -91 0
-30 -99 0
-42 -61 0
-42 -71 0
-42 -81 0
-42 -91 0
-42 -99 0
-61 -71 0
-61 -81 0
-61 -91 0
-61 -99 0
-71 -81 0
-71 -91 0
-71 -99 0
-81 -91 0
-81 -99 0
-91 -99 0
