p cnf 37 78
1 2 3 4 0
-1 -2 0
-1 -3 0
-1 -4 0
-2 -3 0
-2 -4 0
-3 -4 0
5 6 0
-5 -6 0
7 8 9 0
-7 -8 0
-7 -9 0
-8 -9 0
10 11 0
-10 -11 0
12 13 14 0
-12 -13 0
-12 -14 0
-13 -14 0
15 16 17 0
-15 -16 0
-15 -17 0
-16 -17 0
18 19 20 21 0
-18 -19 0
-18 -20 0
-18 -21 0
-19 -20 0
-19 -21 0
-20 -21 0
22 23 24 0
-22 -23 0
-22 -24 0
-23 -24 0
25 26 27 28 0
-25 -26 0
-25 -27 0
-25 -28 0
-26 -27 0
-26 -28 0
-27 -28 0
29 30 0
-29 -30 0
31 32 33 0
-31 -32 0
-31 -33 0
-32 -33 0
34 35 36 37 0
-34 -35 0
-34 -36 0
-34 -37 0
-35 -36 0
-35 -37 0
-36 -37 0
-1 -26 0
-2 -27 0
-3 -28 0
-5 -10 0
-6 -11 0
-5 -23 0
-6 -24 0
-7 -16 0
-8 -17 0
-7 -19 0
-8 -20 0
-9 -21 0
-11 -30 0
-11 -32 0
-12 -22 0
-13 -23 0
-14 -24 0
-12 -35 0
-14 -36 0
-15 -26 0
-16 -27 0
-17 -28 0
-22 -35 0
-24 -36 0
