p cnf 22 71
-7 -8 0
-7 -9 0
-8 -9 0
7 8 9 0
-10 -11 0
-10 -12 0
-11 -12 0
10 11 12 0
-13 -14 0
-13 -15 0
-14 -15 0
13 14 15 0
-7 -10 0
-7 -13 0
-10 -13 0
-8 -11 0
-8 -14 0
-11 -14 0
-9 -12 0
-9 -15 0
-12 -15 0
1 -7 -11 0
1 -7 -14 0
1 -10 -8 0
1 -10 -14 0
1 -13 -8 0
1 -13 -11 0
2 -7 -12 0
2 -7 -15 0
2 -10 -9 0
2 -10 -15 0
2 -13 -9 0
2 -13 -12 0
3 -7 0
3 -10 0
3 -13 0
4 -8 -12 0
4 -8 -15 0
4 -11 -9 0
4 -11 -15 0
4 -14 -9 0
4 -14 -12 0
6 -9 0
6 -12 0
6 -15 0
-16 -17 0
-16 -18 0
-16 -19 0
-16 -20 0
-16 -21 0
-16 -22 0
-17 -18 0
-17 -19 0
-17 -20 0
-17 -21 0
-17 -22 0
-18 -19 0
-18 -20 0
-18 -21 0
-18 -22 0
-19 -20 0
-19 -21 0
-19 -22 0
-20 -21 0
-20 -22 0
-21 -22 0
16 17 18 19 20 21 22 0
-2 -17 0
-4 -20 0
-5 -21 0
-6 -21 0
