p cnf 158 596
18 19 20 21 22 23 24 25 26 27 28 29 30 31 32 33 34 0
51 52 53 54 55 56 57 58 59 60 61 62 63 0
80 81 82 83 84 85 86 87 88 89 90 91 92 93 94 95 0
96 97 98 99 100 101 102 103 104 105 106 107 108 109 110 111 0
126 127 128 129 130 131 132 133 134 135 136 137 138 139 140 141 142 0
-1 -18 0
-1 -35 0
-1 -64 0
-1 -80 0
-1 -112 0
-1 -126 0
-1 -143 0
-18 -35 0
-18 -64 0
-18 -80 0
-18 -112 0
-18 -126 0
-18 -143 0
-35 -64 0
-35 -80 0
-35 -112 0
-35 -126 0
-35 -143 0
-64 -80 0
-64 -112 0
-64 -126 0
-64 -143 0
-80 -112 0
-80 -126 0
-80 -143 0
-112 -126 0
-112 -143 0
-126 -143 0
-2 -19 0
-2 -36 0
-2 -65 0
-2 -81 0
-2 -96 0
-2 -113 0
-2 -127 0
-2 -144 0
-19 -36 0
-19 -65 0
-19 -81 0
-19 -96 0
-19 -113 0
-19 -127 0
-19 -144 0
-36 -65 0
-36 -81 0
-36 -96 0
-36 -113 0
-36 -127 0
-36 -144 0
-65 -81 0
-65 -96 0
-65 -113 0
-65 -127 0
-65 -144 0
-81 -96 0
-81 -113 0
-81 -127 0
-81 -144 0
-96 -113 0
-96 -127 0
-96 -144 0
-113 -127 0
-113 -144 0
-127 -144 0
-3 -20 0
-3 -37 0
-3 -51 0
-3 -66 0
-3 -82 0
-3 -97 0
-3 -114 0
-3 -128 0
-3 -145 0
-20 -37 0
-20 -51 0
-20 -66 0
-20 -82 0
-20 -97 0
-20 -114 0
-20 -128 0
-20 -145 0
-37 -51 0
-37 -66 0
-37 -82 0
-37 -97 0
-37 -114 0
-37 -128 0
-37 -145 0
-51 -66 0
-51 -82 0
-51 -97 0
-51 -114 0
-51 -128 0
-51 -145 0
-66 -82 0
-66 -97 0
-66 -114 0
-66 -128 0
-66 -145 0
-82 -97 0
-82 -114 0
-82 -128 0
-82 -145 0
-97 -114 0
-97 -128 0
-97 -145 0
-114 -128 0
-114 -145 0
-128 -145 0
-4 -21 0
-4 -38 0
-4 -67 0
-4 -98 0
-4 -115 0
-4 -129 0
-4 -146 0
-21 -38 0
-21 -67 0
-21 -98 0
-21 -115 0
-21 -129 0
-21 -146 0
-38 -67 0
-38 -98 0
-38 -115 0
-38 -129 0
-38 -146 0
-67 -98 0
-67 -115 0
-67 -129 0
-67 -146 0
-98 -115 0
-98 -129 0
-98 -146 0
-115 -129 0
-115 -146 0
-129 -146 0
-5 -39 0
-5 -52 0
-5 -83 0
-5 -99 0
-5 -130 0
-39 -52 0
-39 -83 0
-39 -99 0
-39 -130 0
-52 -83 0
-52 -99 0
-52 -130 0
-83 -99 0
-83 -130 0
-99 -130 0
-6 -22 0
-6 -40 0
-6 -68 0
-6 -84 0
-6 -100 0
-6 -131 0
-6 -147 0
-22 -40 0
-22 -68 0
-22 -84 0
-22 -100 0
-22 -131 0
-22 -147 0
-40 -68 0
-40 -84 0
-40 -100 0
-40 -131 0
-40 -147 0
-68 -84 0
-68 -100 0
-68 -131 0
-68 -147 0
-84 -100 0
-84 -131 0
-84 -147 0
-100 -131 0
-100 -147 0
-131 -147 0
-7 -41 0
-7 -53 0
-7 -85 0
-7 -101 0
-7 -116 0
-7 -132 0
-7 -148 0
-41 -53 0
-41 -85 0
-41 -101 0
-41 -116 0
-41 -132 0
-41 -148 0
-53 -85 0
-53 -101 0
-53 -116 0
-53 -132 0
-53 -148 0
-85 -101 0
-85 -116 0
-85 -132 0
-85 -148 0
-101 -116 0
-101 -132 0
-101 -148 0
-116 -132 0
-116 -148 0
-132 -148 0
-8 -23 0
-8 -69 0
-8 -86 0
-8 -102 0
-8 -117 0
-8 -133 0
-23 -69 0
-23 -86 0
-23 -102 0
-23 -117 0
-23 -133 0
-69 -86 0
-69 -102 0
-69 -117 0
-69 -133 0
-86 -102 0
-86 -117 0
-86 -133 0
-102 -117 0
-102 -133 0
-117 -133 0
-9 -24 0
-9 -42 0
-9 -54 0
-9 -70 0
-9 -87 0
-9 -103 0
-9 -134 0
-9 -149 0
-24 -42 0
-24 -54 0
-24 -70 0
-24 -87 0
-24 -103 0
-24 -134 0
-24 -149 0
-42 -54 0
-42 -70 0
-42 -87 0
-42 -103 0
-42 -134 0
-42 -149 0
-54 -70 0
-54 -87 0
-54 -103 0
-54 -134 0
-54 -149 0
-70 -87 0
-70 -103 0
-70 -134 0
-70 -149 0
-87 -103 0
-87 -134 0
-87 -149 0
-103 -134 0
-103 -149 0
-134 -149 0
-25 -43 0
-25 -55 0
-25 -71 0
-25 -88 0
-25 -104 0
-25 -135 0
-25 -150 0
-43 -55 0
-43 -71 0
-43 -88 0
-43 -104 0
-43 -135 0
-43 -150 0
-55 -71 0
-55 -88 0
-55 -104 0
-55 -135 0
-55 -150 0
-71 -88 0
-71 -104 0
-71 -135 0
-71 -150 0
-88 -104 0
-88 -135 0
-88 -150 0
-104 -135 0
-104 -150 0
-135 -150 0
-10 -26 0
-10 -56 0
-10 -72 0
-10 -89 0
-10 -105 0
-10 -118 0
-10 -136 0
-10 -151 0
-26 -56 0
-26 -72 0
-26 -89 0
-26 -105 0
-26 -118 0
-26 -136 0
-26 -151 0
-56 -72 0
-56 -89 0
-56 -105 0
-56 -118 0
-56 -136 0
-56 -151 0
-72 -89 0
-72 -105 0
-72 -118 0
-72 -136 0
-72 -151 0
-89 -105 0
-89 -118 0
-89 -136 0
-89 -151 0
-105 -118 0
-105 -136 0
-105 -151 0
-118 -136 0
-118 -151 0
-136 -151 0
-11 -27 0
-11 -44 0
-11 -57 0
-11 -73 0
-11 -90 0
-11 -106 0
-11 -119 0
-11 -152 0
-27 -44 0
-27 -57 0
-27 -73 0
-27 -90 0
-27 -106 0
-27 -119 0
-27 -152 0
-44 -57 0
-44 -73 0
-44 -90 0
-44 -106 0
-44 -119 0
-44 -152 0
-57 -73 0
-57 -90 0
-57 -106 0
-57 -119 0
-57 -152 0
-73 -90 0
-73 -106 0
-73 -119 0
-73 -152 0
-90 -106 0
-90 -119 0
-90 -152 0
-106 -119 0
-106 -152 0
-119 -152 0
-12 -28 0
-12 -58 0
-12 -74 0
-12 -91 0
-12 -107 0
-28 -58 0
-28 -74 0
-28 -91 0
-28 -107 0
-58 -74 0
-58 -91 0
-58 -107 0
-74 -91 0
-74 -107 0
-91 -107 0
-13 -29 0
-13 -45 0
-13 -59 0
-13 -92 0
-13 -108 0
-13 -120 0
-13 -137 0
-13 -153 0
-29 -45 0
-29 -59 0
-29 -92 0
-29 -108 0
-29 -120 0
-29 -137 0
-29 -153 0
-45 -59 0
-45 -92 0
-45 -108 0
-45 -120 0
-45 -137 0
-45 -153 0
-59 -92 0
-59 -108 0
-59 -120 0
-59 -137 0
-59 -153 0
-92 -108 0
-92 -120 0
-92 -137 0
-92 -153 0
-108 -120 0
-108 -137 0
-108 -153 0
-120 -137 0
-120 -153 0
-137 -153 0
-14 -30 0
-14 -46 0
-14 -60 0
-14 -75 0
-14 -93 0
-14 -109 0
-14 -121 0
-14 -138 0
-14 -154 0
-30 -46 0
-30 -60 0
-30 -75 0
-30 -93 0
-30 -109 0
-30 -121 0
-30 -138 0
-30 -154 0
-46 -60 0
-46 -75 0
-46 -93 0
-46 -109 0
-46 -121 0
-46 -138 0
-46 -154 0
-60 -75 0
-60 -93 0
-60 -109 0
-60 -121 0
-60 -138 0
-60 -154 0
-75 -93 0
-75 -109 0
-75 -121 0
-75 -138 0
-75 -154 0
-93 -109 0
-93 -121 0
-93 -138 0
-93 -154 0
-109 -121 0
-109 -138 0
-109 -154 0
-121 -138 0
-121 -154 0
-138 -154 0
-31 -47 0
-31 -61 0
-31 -76 0
-31 -122 0
-31 -139 0
-31 -155 0
-47 -61 0
-47 -76 0
-47 -122 0
-47 -139 0
-47 -155 0
-61 -76 0
-61 -122 0
-61 -139 0
-61 -155 0
-76 -122 0
-76 -139 0
-76 -155 0
-122 -139 0
-122 -155 0
-139 -155 0
-15 -32 0
-15 -48 0
-15 -62 0
-15 -77 0
-15 -110 0
-15 -123 0
-15 -140 0
-15 -156 0
-32 -48 0
-32 -62 0
-32 -77 0
-32 -110 0
-32 -123 0
-32 -140 0
-32 -156 0
-48 -62 0
-48 -77 0
-48 -110 0
-48 -123 0
-48 -140 0
-48 -156 0
-62 -77 0
-62 -110 0
-62 -123 0
-62 -140 0
-62 -156 0
-77 -110 0
-77 -123 0
-77 -140 0
-77 -156 0
-110 -123 0
-110 -140 0
-110 -156 0
-123 -140 0
-123 -156 0
-140 -156 0
-16 -33 0
-16 -49 0
-16 -63 0
-16 -78 0
-16 -94 0
-16 -111 0
-16 -124 0
-16 -141 0
-16 -157 0
-33 -49 0
-33 -63 0
-33 -78 0
-33 -94 0
-33 -111 0
-33 -124 0
-33 -141 0
-33 -157 0
-49 -63 0
-49 -78 0
-49 -94 0
-49 -111 0
-49 -124 0
-49 -141 0
-49 -157 0
-63 -78 0
-63 -94 0
-63 -111 0
-63 -124 0
-63 -141 0
-63 -157 0
-78 -94 0
-78 -111 0
-78 -124 0
-78 -141 0
-78 -157 0
-94 -111 0
-94 -124 0
-94 -141 0
-94 -157 0
-111 -124 0
-111 -141 0
-111 -157 0
-124 -141 0
-124 -157 0
-141 -157 0
-17 -34 0
-17 -50 0
-17 -79 0
-17 -95 0
-17 -125 0
-17 -142 0
-17 -158 0
-34 -50 0
-34 -79 0
-34 -95 0
-34 -125 0
-34 -142 0
-34 -158 0
-50 -79 0
-50 -95 0
-50 -125 0
-50 -142 0
-50 -158 0
-79 -95 0
-79 -125 0
-79 -142 0
-79 -158 0
-95 -125 0
-95 -142 0
-95 -158 0
-125 -142 0
-125 -158 0
-142 -158 0
