p cnf 32 128
-1 -2 0
-1 -3 0
-1 -4 0
-1 -5 0
-2 -3 0
-2 -4 0
-2 -5 0
-3 -4 0
-3 -5 0
-4 -5 0
1 2 3 4 5 0
-1 -6 0
-1 -7 0
-1 -8 0
-1 -9 0
-1 -10 0
-6 -7 0
-6 -8 0
-6 -9 0
-6 -10 0
-7 -8 0
-7 -9 0
-7 -10 0
-8 -9 0
-8 -10 0
-9 -10 0
1 6 7 8 9 10 0
-6 -11 0
-6 -12 0
-6 -13 0
-6 -14 0
-11 -12 0
-11 -13 0
-11 -14 0
-12 -13 0
-12 -14 0
-13 -14 0
6 11 12 13 14 0
-7 -15 0
-7 -16 0
-7 -17 0
-15 -16 0
-15 -17 0
-16 -17 0
7 15 16 17 0
-8 -18 0
-8 -19 0
-18 -19 0
8 18 19 0
-20 -21 0
20 21 0
-11 -15 0
-11 -18 0
-15 -18 0
11 15 18 0
-2 -19 0
-2 -20 0
-2 -22 0
-2 -23 0
-19 -20 0
-19 -22 0
-19 -23 0
-20 -22 0
-20 -23 0
-22 -23 0
2 19 20 22 23 0
-24 -25 0
-24 -26 0
-25 -26 0
24 25 26 0
-27 -28 0
27 28 0
-12 -24 0
-12 -27 0
-12 -29 0
-12 -30 0
-24 -27 0
-24 -29 0
-24 -30 0
-27 -29 0
-27 -30 0
-29 -30 0
12 24 27 29 30 0
-13 -22 0
-13 -31 0
-22 -31 0
13 22 31 0
-3 -9 0
-3 -21 0
-3 -23 0
-3 -25 0
-3 -28 0
-9 -21 0
-9 -23 0
-9 -25 0
-9 -28 0
-21 -23 0
-21 -25 0
-21 -28 0
-23 -25 0
-23 -28 0
-25 -28 0
3 9 21 23 25 28 0
-4 -10 0
-4 -16 0
-4 -26 0
-4 -29 0
-4 -31 0
-10 -16 0
-10 -26 0
-10 -29 0
-10 -31 0
-16 -26 0
-16 -29 0
-16 -31 0
-26 -29 0
-26 -31 0
-29 -31 0
4 10 16 26 29 31 0
-5 -14 0
-5 -17 0
-5 -32 0
-14 -17 0
-14 -32 0
-17 -32 0
5 14 17 32 0
-30 -32 0
30 32 0
