p cnf 28 348
1 2 3 4 5 6 -7 0
1 2 3 4 5 -6 7 0
1 2 3 4 -5 6 7 0
1 2 3 4 -5 -6 -7 0
1 2 3 -4 5 6 7 0
1 2 3 -4 5 -6 -7 0
1 2 3 -4 -5 6 -7 0
1 2 3 -4 -5 -6 7 0
1 2 -3 4 5 6 7 0
1 2 -3 4 5 -6 -7 0
1 2 -3 4 -5 6 -7 0
1 2 -3 4 -5 -6 7 0
1 2 -3 -4 5 6 -7 0
1 2 -3 -4 5 -6 7 0
1 2 -3 -4 -5 6 7 0
1 2 -3 -4 -5 -6 -7 0
1 -2 3 4 5 6 7 0
1 -2 3 4 5 -6 -7 0
1 -2 3 4 -5 6 -7 0
1 -2 3 4 -5 -6 7 0
1 -2 3 -4 5 6 -7 0
1 -2 3 -4 5 -6 7 0
1 -2 3 -4 -5 6 7 0
1 -2 3 -4 -5 -6 -7 0
1 -2 -3 4 5 6 -7 0
1 -2 -3 4 5 -6 7 0
1 -2 -3 4 -5 6 7 0
1 -2 -3 4 -5 -6 -7 0
1 -2 -3 -4 5 6 7 0
1 -2 -3 -4 5 -6 -7 0
1 -2 -3 -4 -5 6 -7 0
1 -2 -3 -4 -5 -6 7 0
-1 2 3 4 5 6 7 0
-1 2 3 4 5 -6 -7 0
-1 2 3 4 -5 6 -7 0
-1 2 3 4 -5 -6 7 0
-1 2 3 -4 5 6 -7 0
-1 2 3 -4 5 -6 7 0
-1 2 3 -4 -5 6 7 0
-1 2 3 -4 -5 -6 -7 0
-1 2 -3 4 5 6 -7 0
-1 2 -3 4 5 -6 7 0
-1 2 -3 4 -5 6 7 0
-1 2 -3 4 -5 -6 -7 0
-1 2 -3 -4 5 6 7 0
-1 2 -3 -4 5 -6 -7 0
-1 2 -3 -4 -5 6 -7 0
-1 2 -3 -4 -5 -6 7 0
-1 -2 3 4 5 6 -7 0
-1 -2 3 4 5 -6 7 0
-1 -2 3 4 -5 6 7 0
-1 -2 3 4 -5 -6 -7 0
-1 -2 3 -4 5 6 7 0
-1 -2 3 -4 5 -6 -7 0
-1 -2 3 -4 -5 6 -7 0
-1 -2 3 -4 -5 -6 7 0
-1 -2 -3 4 5 6 7 0
-1 -2 -3 4 5 -6 -7 0
-1 -2 -3 4 -5 6 -7 0
-1 -2 -3 4 -5 -6 7 0
-1 -2 -3 -4 5 6 -7 0
-1 -2 -3 -4 5 -6 7 0
-1 -2 -3 -4 -5 6 7 0
-1 -2 -3 -4 -5 -6 -7 0
1 8 9 10 -11 0
1 8 9 -10 11 0
1 8 -9 10 11 0
1 8 -9 -10 -11 0
1 -8 9 10 11 0
1 -8 9 -10 -11 0
1 -8 -9 10 -11 0
1 -8 -9 -10 11 0
-1 8 9 10 11 0
-1 8 9 -10 -11 0
-1 8 -9 10 -11 0
-1 8 -9 -10 11 0
-1 -8 9 10 -11 0
-1 -8 9 -10 11 0
-1 -8 -9 10 11 0
-1 -8 -9 -10 -11 0
8 12 13 14 0
8 12 -13 -14 0
8 -12 13 -14 0
8 -12 -13 14 0
-8 12 13 -14 0
-8 12 -13 14 0
-8 -12 13 14 0
-8 -12 -13 -14 0
2 9 15 16 17 18 -19 0
2 9 15 16 17 -18 19 0
2 9 15 16 -17 18 19 0
2 9 15 16 -17 -18 -19 0
2 9 15 -16 17 18 19 0
2 9 15 -16 17 -18 -19 0
2 9 15 -16 -17 18 -19 0
2 9 15 -16 -17 -18 19 0
2 9 -15 16 17 18 19 0
2 9 -15 16 17 -18 -19 0
2 9 -15 16 -17 18 -19 0
2 9 -15 16 -17 -18 19 0
2 9 -15 -16 17 18 -19 0
2 9 -15 -16 17 -18 19 0
2 9 -15 -16 -17 18 19 0
2 9 -15 -16 -17 -18 -19 0
2 -9 15 16 17 18 19 0
2 -9 15 16 17 -18 -19 0
2 -9 15 16 -17 18 -19 0
2 -9 15 16 -17 -18 19 0
2 -9 15 -16 17 18 -19 0
2 -9 15 -16 17 -18 19 0
2 -9 15 -16 -17 18 19 0
2 -9 15 -16 -17 -18 -19 0
2 -9 -15 16 17 18 -19 0
2 -9 -15 16 17 -18 19 0
2 -9 -15 16 -17 18 19 0
2 -9 -15 16 -17 -18 -19 0
2 -9 -15 -16 17 18 19 0
2 -9 -15 -16 17 -18 -19 0
2 -9 -15 -16 -17 18 -19 0
2 -9 -15 -16 -17 -18 19 0
-2 9 15 16 17 18 19 0
-2 9 15 16 17 -18 -19 0
-2 9 15 16 -17 18 -19 0
-2 9 15 16 -17 -18 19 0
-2 9 15 -16 17 18 -19 0
-2 9 15 -16 17 -18 19 0
-2 9 15 -16 -17 18 19 0
-2 9 15 -16 -17 -18 -19 0
-2 9 -15 16 17 18 -19 0
-2 9 -15 16 17 -18 19 0
-2 9 -15 16 -17 18 19 0
-2 9 -15 16 -17 -18 -19 0
-2 9 -15 -16 17 18 19 0
-2 9 -15 -16 17 -18 -19 0
-2 9 -15 -16 -17 18 -19 0
-2 9 -15 -16 -17 -18 19 0
-2 -9 15 16 17 18 -19 0
-2 -9 15 16 17 -18 19 0
-2 -9 15 16 -17 18 19 0
-2 -9 15 16 -17 -18 -19 0
-2 -9 15 -16 17 18 19 0
-2 -9 15 -16 17 -18 -19 0
-2 -9 15 -16 -17 18 -19 0
-2 -9 15 -16 -17 -18 19 0
-2 -9 -15 16 17 18 19 0
-2 -9 -15 16 17 -18 -19 0
-2 -9 -15 16 -17 18 -19 0
-2 -9 -15 16 -17 -18 19 0
-2 -9 -15 -16 17 18 -19 0
-2 -9 -15 -16 17 -18 19 0
-2 -9 -15 -16 -17 18 19 0
-2 -9 -15 -16 -17 -18 -19 0
3 20 -21 0
3 -20 21 0
-3 20 21 0
-3 -20 -21 0
4 15 20 22 -23 0
4 15 20 -22 23 0
4 15 -20 22 23 0
4 15 -20 -22 -23 0
4 -15 20 22 23 0
4 -15 20 -22 -23 0
4 -15 -20 22 -23 0
4 -15 -20 -22 23 0
-4 15 20 22 23 0
-4 15 20 -22 -23 0
-4 15 -20 22 -23 0
-4 15 -20 -22 23 0
-4 -15 20 22 -23 0
-4 -15 20 -22 23 0
-4 -15 -20 22 23 0
-4 -15 -20 -22 -23 0
5 10 12 16 24 25 -26 0
5 10 12 16 24 -25 26 0
5 10 12 16 -24 25 26 0
5 10 12 16 -24 -25 -26 0
5 10 12 -16 24 25 26 0
5 10 12 -16 24 -25 -26 0
5 10 12 -16 -24 25 -26 0
5 10 12 -16 -24 -25 26 0
5 10 -12 16 24 25 26 0
5 10 -12 16 24 -25 -26 0
5 10 -12 16 -24 25 -26 0
5 10 -12 16 -24 -25 26 0
5 10 -12 -16 24 25 -26 0
5 10 -12 -16 24 -25 26 0
5 10 -12 -16 -24 25 26 0
5 10 -12 -16 -24 -25 -26 0
5 -10 12 16 24 25 26 0
5 -10 12 16 24 -25 -26 0
5 -10 12 16 -24 25 -26 0
5 -10 12 16 -24 -25 26 0
5 -10 12 -16 24 25 -26 0
5 -10 12 -16 24 -25 26 0
5 -10 12 -16 -24 25 26 0
5 -10 12 -16 -24 -25 -26 0
5 -10 -12 16 24 25 -26 0
5 -10 -12 16 24 -25 26 0
5 -10 -12 16 -24 25 26 0
5 -10 -12 16 -24 -25 -26 0
5 -10 -12 -16 24 25 26 0
5 -10 -12 -16 24 -25 -26 0
5 -10 -12 -16 -24 25 -26 0
5 -10 -12 -16 -24 -25 26 0
-5 10 12 16 24 25 26 0
-5 10 12 16 24 -25 -26 0
-5 10 12 16 -24 25 -26 0
-5 10 12 16 -24 -25 26 0
-5 10 12 -16 24 25 -26 0
-5 10 12 -16 24 -25 26 0
-5 10 12 -16 -24 25 26 0
-5 10 12 -16 -24 -25 -26 0
-5 10 -12 16 24 25 -26 0
-5 10 -12 16 24 -25 26 0
-5 10 -12 16 -24 25 26 0
-5 10 -12 16 -24 -25 -26 0
-5 10 -12 -16 24 25 26 0
-5 10 -12 -16 24 -25 -26 0
-5 10 -12 -16 -24 25 -26 0
-5 10 -12 -16 -24 -25 26 0
-5 -10 12 16 24 25 -26 0
-5 -10 12 16 24 -25 26 0
-5 -10 12 16 -24 25 26 0
-5 -10 12 16 -24 -25 -26 0
-5 -10 12 -16 24 25 26 0
-5 -10 12 -16 24 -25 -26 0
-5 -10 12 -16 -24 25 -26 0
-5 -10 12 -16 -24 -25 26 0
-5 -10 -12 16 24 25 26 0
-5 -10 -12 16 24 -25 -26 0
-5 -10 -12 16 -24 25 -26 0
-5 -10 -12 16 -24 -25 26 0
-5 -10 -12 -16 24 25 -26 0
-5 -10 -12 -16 24 -25 26 0
-5 -10 -12 -16 -24 25 26 0
-5 -10 -12 -16 -24 -25 -26 0
13 17 21 22 24 -27 0
13 17 21 22 -24 27 0
13 17 21 -22 24 27 0
13 17 21 -22 -24 -27 0
13 17 -21 22 24 27 0
13 17 -21 22 -24 -27 0
13 17 -21 -22 24 -27 0
13 17 -21 -22 -24 27 0
13 -17 21 22 24 27 0
13 -17 21 22 -24 -27 0
13 -17 21 -22 24 -27 0
13 -17 21 -22 -24 27 0
13 -17 -21 22 24 -27 0
13 -17 -21 22 -24 27 0
13 -17 -21 -22 24 27 0
13 -17 -21 -22 -24 -27 0
-13 17 21 22 24 27 0
-13 17 21 22 -24 -27 0
-13 17 21 -22 24 -27 0
-13 17 21 -22 -24 27 0
-13 17 -21 22 24 -27 0
-13 17 -21 22 -24 27 0
-13 17 -21 -22 24 27 0
-13 17 -21 -22 -24 -27 0
-13 -17 21 22 24 -27 0
-13 -17 21 22 -24 27 0
-13 -17 21 -22 24 27 0
-13 -17 21 -22 -24 -27 0
-13 -17 -21 22 24 27 0
-13 -17 -21 22 -24 -27 0
-13 -17 -21 -22 24 -27 0
-13 -17 -21 -22 -24 27 0
6 14 18 25 -28 0
6 14 18 -25 28 0
6 14 -18 25 28 0
6 14 -18 -25 -28 0
6 -14 18 25 28 0
6 -14 18 -25 -28 0
6 -14 -18 25 -28 0
6 -14 -18 -25 28 0
-6 14 18 25 28 0
-6 14 18 -25 -28 0
-6 14 -18 25 -28 0
-6 14 -18 -25 28 0
-6 -14 18 25 -28 0
-6 -14 18 -25 28 0
-6 -14 -18 25 28 0
-6 -14 -18 -25 -28 0
7 11 19 23 26 27 28 0
7 11 19 23 26 -27 -28 0
7 11 19 23 -26 27 -28 0
7 11 19 23 -26 -27 28 0
7 11 19 -23 26 27 -28 0
7 11 19 -23 26 -27 28 0
7 11 19 -23 -26 27 28 0
7 11 19 -23 -26 -27 -28 0
7 11 -19 23 26 27 -28 0
7 11 -19 23 26 -27 28 0
7 11 -19 23 -26 27 28 0
7 11 -19 23 -26 -27 -28 0
7 11 -19 -23 26 27 28 0
7 11 -19 -23 26 -27 -28 0
7 11 -19 -23 -26 27 -28 0
7 11 -19 -23 -26 -27 28 0
7 -11 19 23 26 27 -28 0
7 -11 19 23 26 -27 28 0
7 -11 19 23 -26 27 28 0
7 -11 19 23 -26 -27 -28 0
7 -11 19 -23 26 27 28 0
7 -11 19 -23 26 -27 -28 0
7 -11 19 -23 -26 27 -28 0
7 -11 19 -23 -26 -27 28 0
7 -11 -19 23 26 27 28 0
7 -11 -19 23 26 -27 -28 0
7 -11 -19 23 -26 27 -28 0
7 -11 -19 23 -26 -27 28 0
7 -11 -19 -23 26 27 -28 0
7 -11 -19 -23 26 -27 28 0
7 -11 -19 -23 -26 27 28 0
7 -11 -19 -23 -26 -27 -28 0
-7 11 19 23 26 27 -28 0
-7 11 19 23 26 -27 28 0
-7 11 19 23 -26 27 28 0
-7 11 19 23 -26 -27 -28 0
-7 11 19 -23 26 27 28 0
-7 11 19 -23 26 -27 -28 0
-7 11 19 -23 -26 27 -28 0
-7 11 19 -23 -26 -27 28 0
-7 11 -19 23 26 27 28 0
-7 11 -19 23 26 -27 -28 0
-7 11 -19 23 -26 27 -28 0
-7 11 -19 23 -26 -27 28 0
-7 11 -19 -23 26 27 -28 0
-7 11 -19 -23 26 -27 28 0
-7 11 -19 -23 -26 27 28 0
-7 11 -19 -23 -26 -27 -28 0
-7 -11 19 23 26 27 28 0
-7 -11 19 23 26 -27 -28 0
-7 -11 19 23 -26 27 -28 0
-7 -11 19 23 -26 -27 28 0
-7 -11 19 -23 26 27 -28 0
-7 -11 19 -23 26 -27 28 0
-7 -11 19 -23 -26 27 28 0
-7 -11 19 -23 -26 -27 -28 0
-7 -11 -19 23 26 27 -28 0
-7 -11 -19 23 26 -27 28 0
-7 -11 -19 23 -26 27 28 0
-7 -11 -19 23 -26 -27 -28 0
-7 -11 -19 -23 26 27 28 0
-7 -11 -19 -23 26 -27 -28 0
-7 -11 -19 -23 -26 27 -28 0
-7 -11 -19 -23 -26 -27 28 0
