p cnf 55 127
1 2 3 0
-1 -2 0
-1 -3 0
-2 -3 0
4 5 6 7 8 0
-4 -5 0
-4 -6 0
-4 -7 0
-4 -8 0
-5 -6 0
-5 -7 0
-5 -8 0
-6 -7 0
-6 -8 0
-7 -8 0
9 10 0
-9 -10 0
11 12 13 0
-11 -12 0
-11 -13 0
-12 -13 0
14 15 16 17 0
-14 -15 0
-14 -16 0
-14 -17 0
-15 -16 0
-15 -17 0
-16 -17 0
18 19 20 21 0
-18 -19 0
-18 -20 0
-18 -21 0
-19 -20 0
-19 -21 0
-20 -21 0
22 23 0
-22 -23 0
24 25 26 0
-24 -25 0
-24 -26 0
-25 -26 0
27 28 29 0
-27 -28 0
-27 -29 0
-28 -29 0
30 31 32 0
-30 -31 0
-30 -32 0
-31 -32 0
33 34 35 36 37 0
-33 -34 0
-33 -35 0
-33 -36 0
-33 -37 0
-34 -35 0
-34 -36 0
-34 -37 0
-35 -36 0
-35 -37 0
-36 -37 0
38 39 40 0
-38 -39 0
-38 -40 0
-39 -40 0
41 42 43 0
-41 -42 0
-41 -43 0
-42 -43 0
44 45 0
-44 -45 0
46 47 0
-46 -47 0
48 49 0
-48 -49 0
50 51 0
-50 -51 0
52 53 54 55 0
-52 -53 0
-52 -54 0
-52 -55 0
-53 -54 0
-53 -55 0
-54 -55 0
-1 -4 0
-2 -7 0
-3 -8 0
-1 -11 0
-2 -12 0
-3 -13 0
-2 -40 0
-2 -44 0
-3 -45 0
-2 -51 0
-4 -11 0
-7 -12 0
-8 -13 0
-9 -22 0
-9 -34 0
-10 -37 0
-9 -50 0
-10 -55 0
-12 -25 0
-13 -26 0
-12 -40 0
-11 -41 0
-12 -43 0
-14 -33 0
-15 -35 0
-16 -36 0
-17 -37 0
-22 -46 0
-25 -48 0
-26 -49 0
-24 -53 0
-25 -54 0
-26 -55 0
-29 -49 0
-34 -46 0
-36 -47 0
-39 -42 0
-40 -43 0
-41 -52 0
-42 -53 0
-43 -54 0
-44 -47 0
-44 -48 0
-45 -49 0
