p cnf 23 79
4 5 0
-1 -2 0
-1 -6 0
-1 -10 0
-1 -15 0
-1 -18 0
-1 -21 0
-2 -6 0
-2 -10 0
-2 -15 0
-2 -18 0
-2 -21 0
-6 -10 0
-6 -15 0
-6 -18 0
-6 -21 0
-10 -15 0
-10 -18 0
-10 -21 0
-15 -18 0
-15 -21 0
-18 -21 0
-4 -7 0
-4 -11 0
-4 -13 0
-4 -16 0
-4 -19 0
-4 -22 0
-7 -11 0
-7 -13 0
-7 -16 0
-7 -19 0
-7 -22 0
-11 -13 0
-11 -16 0
-11 -19 0
-11 -22 0
-13 -16 0
-13 -19 0
-13 -22 0
-16 -19 0
-16 -22 0
-19 -22 0
-3 -5 0
-3 -8 0
-3 -9 0
-3 -12 0
-3 -14 0
-3 -17 0
-3 -20 0
-3 -23 0
-5 -8 0
-5 -9 0
-5 -12 0
-5 -14 0
-5 -17 0
-5 -20 0
-5 -23 0
-8 -9 0
-8 -12 0
-8 -14 0
-8 -17 0
-8 -20 0
-8 -23 0
-9 -12 0
-9 -14 0
-9 -17 0
-9 -20 0
-9 -23 0
-12 -14 0
-12 -17 0
-12 -20 0
-12 -23 0
-14 -17 0
-14 -20 0
-14 -23 0
-17 -20 0
-17 -23 0
-20 -23 0
