p cnf 174 773
1 2 3 4 0
-1 -2 0
-1 -3 0
-1 -4 0
-2 -3 0
-2 -4 0
-3 -4 0
5 6 7 8 0
-5 -6 0
-5 -7 0
-5 -8 0
-6 -7 0
-6 -8 0
-7 -8 0
9 10 11 0
-9 -10 0
-9 -11 0
-10 -11 0
12 13 14 15 0
-12 -13 0
-12 -14 0
-12 -15 0
-13 -14 0
-13 -15 0
-14 -15 0
16 17 18 0
-16 -17 0
-16 -18 0
-17 -18 0
19 20 21 0
-19 -20 0
-19 -21 0
-20 -21 0
22 23 24 25 0
-22 -23 0
-22 -24 0
-22 -25 0
-23 -24 0
-23 -25 0
-24 -25 0
26 27 28 29 0
-26 -27 0
-26 -28 0
-26 -29 0
-27 -28 0
-27 -29 0
-28 -29 0
30 31 32 33 0
-30 -31 0
-30 -32 0
-30 -33 0
-31 -32 0
-31 -33 0
-32 -33 0
34 35 36 0
-34 -35 0
-34 -36 0
-35 -36 0
37 38 39 40 0
-37 -38 0
-37 -39 0
-37 -40 0
-38 -39 0
-38 -40 0
-39 -40 0
41 42 43 0
-41 -42 0
-41 -43 0
-42 -43 0
44 45 46 47 0
-44 -45 0
-44 -46 0
-44 -47 0
-45 -46 0
-45 -47 0
-46 -47 0
48 49 50 0
-48 -49 0
-48 -50 0
-49 -50 0
51 52 53 0
-51 -52 0
-51 -53 0
-52 -53 0
54 55 56 57 0
-54 -55 0
-54 -56 0
-54 -57 0
-55 -56 0
-55 -57 0
-56 -57 0
58 59 60 0
-58 -59 0
-58 -60 0
-59 -60 0
61 62 63 64 0
-61 -62 0
-61 -63 0
-61 -64 0
-62 -63 0
-62 -64 0
-63 -64 0
65 66 67 68 0
-65 -66 0
-65 -67 0
-65 -68 0
-66 -67 0
-66 -68 0
-67 -68 0
69 70 71 72 0
-69 -70 0
-69 -71 0
-69 -72 0
-70 -71 0
-70 -72 0
-71 -72 0
73 74 75 76 0
-73 -74 0
-73 -75 0
-73 -76 0
-74 -75 0
-74 -76 0
-75 -76 0
77 78 79 80 0
-77 -78 0
-77 -79 0
-77 -80 0
-78 -79 0
-78 -80 0
-79 -80 0
81 82 83 84 0
-81 -82 0
-81 -83 0
-81 -84 0
-82 -83 0
-82 -84 0
-83 -84 0
85 86 87 88 0
-85 -86 0
-85 -87 0
-85 -88 0
-86 -87 0
-86 -88 0
-87 -88 0
89 90 91 92 0
-89 -90 0
-89 -91 0
-89 -92 0
-90 -91 0
-90 -92 0
-91 -92 0
93 94 95 96 0
-93 -94 0
-93 -95 0
-93 -96 0
-94 -95 0
-94 -96 0
-95 -96 0
97 98 99 100 0
-97 -98 0
-97 -99 0
-97 -100 0
-98 -99 0
-98 -100 0
-99 -100 0
101 102 103 104 0
-101 -102 0
-101 -103 0
-101 -104 0
-102 -103 0
-102 -104 0
-103 -104 0
105 106 107 108 0
-105 -106 0
-105 -107 0
-105 -108 0
-106 -107 0
-106 -108 0
-107 -108 0
109 110 111 0
-109 -110 0
-109 -111 0
-110 -111 0
112 113 114 0
-112 -113 0
-112 -114 0
-113 -114 0
115 116 117 118 0
-115 -116 0
-115 -117 0
-115 -118 0
-116 -117 0
-116 -118 0
-117 -118 0
119 120 121 122 0
-119 -120 0
-119 -121 0
-119 -122 0
-120 -121 0
-120 -122 0
-121 -122 0
123 124 125 126 0
-123 -124 0
-123 -125 0
-123 -126 0
-124 -125 0
-124 -126 0
-125 -126 0
127 128 129 0
-127 -128 0
-127 -129 0
-128 -129 0
130 131 132 133 0
-130 -131 0
-130 -132 0
-130 -133 0
-131 -132 0
-131 -133 0
-132 -133 0
134 135 136 137 0
-134 -135 0
-134 -136 0
-134 -137 0
-135 -136 0
-135 -137 0
-136 -137 0
138 139 140 0
-138 -139 0
-138 -140 0
-139 -140 0
141 142 143 144 0
-141 -142 0
-141 -143 0
-141 -144 0
-142 -143 0
-142 -144 0
-143 -144 0
145 146 147 148 0
-145 -146 0
-145 -147 0
-145 -148 0
-146 -147 0
-146 -148 0
-147 -148 0
149 150 151 152 0
-149 -150 0
-149 -151 0
-149 -152 0
-150 -151 0
-150 -152 0
-151 -152 0
153 154 155 156 0
-153 -154 0
-153 -155 0
-153 -156 0
-154 -155 0
-154 -156 0
-155 -156 0
157 158 159 160 0
-157 -158 0
-157 -159 0
-157 -160 0
-158 -159 0
-158 -160 0
-159 -160 0
161 162 163 0
-161 -162 0
-161 -163 0
-162 -163 0
164 165 166 167 0
-164 -165 0
-164 -166 0
-164 -167 0
-165 -166 0
-165 -167 0
-166 -167 0
168 169 170 171 0
-168 -169 0
-168 -170 0
-168 -171 0
-169 -170 0
-169 -171 0
-170 -171 0
172 173 174 0
-172 -173 0
-172 -174 0
-173 -174 0
-1 -44 0
-2 -45 0
-3 -46 0
-4 -47 0
-1 -65 0
-2 -66 0
-3 -67 0
-4 -68 0
-1 -93 0
-2 -94 0
-3 -95 0
-4 -96 0
-1 -105 0
-2 -106 0
-3 -107 0
-4 -108 0
-1 -127 0
-2 -128 0
-4 -129 0
-5 -12 0
-6 -13 0
-7 -14 0
-8 -15 0
-5 -16 0
-6 -17 0
-8 -18 0
-5 -44 0
-6 -45 0
-7 -46 0
-8 -47 0
-5 -65 0
-6 -66 0
-7 -67 0
-8 -68 0
-5 -69 0
-6 -70 0
-7 -71 0
-8 -72 0
-5 -73 0
-6 -74 0
-7 -75 0
-8 -76 0
-5 -115 0
-6 -116 0
-7 -117 0
-8 -118 0
-5 -145 0
-6 -146 0
-7 -147 0
-8 -148 0
-5 -153 0
-6 -154 0
-7 -155 0
-8 -156 0
-6 -161 0
-7 -162 0
-8 -163 0
-9 -30 0
-10 -31 0
-11 -33 0
-9 -34 0
-11 -36 0
-10 -48 0
-11 -50 0
-10 -112 0
-11 -114 0
-9 -141 0
-10 -142 0
-11 -144 0
-9 -168 0
-10 -169 0
-11 -171 0
-12 -37 0
-13 -38 0
-14 -39 0
-15 -40 0
-12 -149 0
-13 -150 0
-14 -151 0
-15 -152 0
-12 -168 0
-13 -169 0
-14 -170 0
-15 -171 0
-16 -41 0
-17 -42 0
-18 -43 0
-16 -54 0
-17 -55 0
-18 -57 0
-16 -97 0
-17 -98 0
-18 -100 0
-17 -112 0
-18 -114 0
-16 -127 0
-17 -128 0
-18 -129 0
-16 -164 0
-17 -165 0
-18 -167 0
-16 -168 0
-17 -169 0
-18 -171 0
-19 -38 0
-20 -39 0
-21 -40 0
-19 -45 0
-20 -46 0
-21 -47 0
-19 -106 0
-20 -107 0
-21 -108 0
-19 -124 0
-20 -125 0
-21 -126 0
-19 -146 0
-20 -147 0
-21 -148 0
-22 -34 0
-24 -35 0
-25 -36 0
-22 -51 0
-23 -52 0
-25 -53 0
-22 -65 0
-23 -66 0
-24 -67 0
-25 -68 0
-22 -89 0
-23 -90 0
-24 -91 0
-25 -92 0
-22 -164 0
-23 -165 0
-24 -166 0
-25 -167 0
-22 -168 0
-23 -169 0
-24 -170 0
-25 -171 0
-26 -34 0
-28 -35 0
-29 -36 0
-26 -81 0
-27 -82 0
-28 -83 0
-29 -84 0
-30 -37 0
-31 -38 0
-32 -39 0
-33 -40 0
-30 -44 0
-31 -45 0
-32 -46 0
-33 -47 0
-30 -69 0
-31 -70 0
-32 -71 0
-33 -72 0
-30 -77 0
-31 -78 0
-32 -79 0
-33 -80 0
-30 -85 0
-31 -86 0
-32 -87 0
-33 -88 0
-30 -93 0
-31 -94 0
-32 -95 0
-33 -96 0
-30 -145 0
-31 -146 0
-32 -147 0
-33 -148 0
-30 -149 0
-31 -150 0
-32 -151 0
-33 -152 0
-30 -153 0
-31 -154 0
-32 -155 0
-33 -156 0
-30 -172 0
-32 -173 0
-33 -174 0
-34 -37 0
-35 -39 0
-36 -40 0
-35 -59 0
-36 -60 0
-34 -93 0
-35 -95 0
-36 -96 0
-34 -115 0
-35 -117 0
-36 -118 0
-34 -119 0
-35 -121 0
-36 -122 0
-34 -127 0
-36 -129 0
-35 -139 0
-36 -140 0
-38 -48 0
-39 -49 0
-40 -50 0
-37 -54 0
-38 -55 0
-39 -56 0
-40 -57 0
-37 -61 0
-38 -62 0
-39 -63 0
-40 -64 0
-37 -65 0
-38 -66 0
-39 -67 0
-40 -68 0
-37 -123 0
-38 -124 0
-39 -125 0
-40 -126 0
-37 -127 0
-38 -128 0
-40 -129 0
-38 -161 0
-39 -162 0
-40 -163 0
-41 -65 0
-42 -66 0
-43 -68 0
-41 -164 0
-42 -165 0
-43 -167 0
-45 -58 0
-46 -59 0
-47 -60 0
-44 -97 0
-45 -98 0
-46 -99 0
-47 -100 0
-44 -153 0
-45 -154 0
-46 -155 0
-47 -156 0
-44 -172 0
-46 -173 0
-47 -174 0
-48 -55 0
-49 -56 0
-50 -57 0
-52 -58 0
-53 -60 0
-51 -115 0
-52 -116 0
-53 -118 0
-51 -141 0
-52 -142 0
-53 -144 0
-54 -69 0
-55 -70 0
-56 -71 0
-57 -72 0
-54 -73 0
-55 -74 0
-56 -75 0
-57 -76 0
-54 -93 0
-55 -94 0
-56 -95 0
-57 -96 0
-54 -130 0
-55 -131 0
-56 -132 0
-57 -133 0
-54 -153 0
-55 -154 0
-56 -155 0
-57 -156 0
-58 -98 0
-59 -99 0
-60 -100 0
-58 -120 0
-59 -121 0
-60 -122 0
-58 -135 0
-59 -136 0
-60 -137 0
-58 -165 0
-59 -166 0
-60 -167 0
-59 -173 0
-60 -174 0
-61 -85 0
-62 -86 0
-63 -87 0
-64 -88 0
-61 -89 0
-62 -90 0
-63 -91 0
-64 -92 0
-65 -69 0
-66 -70 0
-67 -71 0
-68 -72 0
-65 -123 0
-66 -124 0
-67 -125 0
-68 -126 0
-65 -130 0
-66 -131 0
-67 -132 0
-68 -133 0
-65 -172 0
-67 -173 0
-68 -174 0
-69 -101 0
-70 -102 0
-71 -103 0
-72 -104 0
-70 -112 0
-71 -113 0
-72 -114 0
-69 -119 0
-70 -120 0
-71 -121 0
-72 -122 0
-69 -130 0
-70 -131 0
-71 -132 0
-72 -133 0
-69 -168 0
-70 -169 0
-71 -170 0
-72 -171 0
-73 -109 0
-74 -110 0
-76 -111 0
-73 -145 0
-74 -146 0
-75 -147 0
-76 -148 0
-78 -112 0
-79 -113 0
-80 -114 0
-77 -157 0
-78 -158 0
-79 -159 0
-80 -160 0
-77 -168 0
-78 -169 0
-79 -170 0
-80 -171 0
-81 -89 0
-82 -90 0
-83 -91 0
-84 -92 0
-81 -172 0
-83 -173 0
-84 -174 0
-85 -89 0
-86 -90 0
-87 -91 0
-88 -92 0
-85 -101 0
-86 -102 0
-87 -103 0
-88 -104 0
-85 -119 0
-86 -120 0
-87 -121 0
-88 -122 0
-85 -149 0
-86 -150 0
-87 -151 0
-88 -152 0
-93 -119 0
-94 -120 0
-95 -121 0
-96 -122 0
-93 -134 0
-94 -135 0
-95 -136 0
-96 -137 0
-101 -115 0
-102 -116 0
-103 -117 0
-104 -118 0
-101 -168 0
-102 -169 0
-103 -170 0
-104 -171 0
-106 -112 0
-107 -113 0
-108 -114 0
-105 -127 0
-106 -128 0
-108 -129 0
-105 -141 0
-106 -142 0
-107 -143 0
-108 -144 0
-109 -115 0
-110 -116 0
-111 -118 0
-109 -130 0
-110 -131 0
-111 -133 0
-109 -134 0
-110 -135 0
-111 -137 0
-109 -145 0
-110 -146 0
-111 -148 0
-112 -150 0
-113 -151 0
-114 -152 0
-115 -119 0
-116 -120 0
-117 -121 0
-118 -122 0
-115 -153 0
-116 -154 0
-117 -155 0
-118 -156 0
-115 -168 0
-116 -169 0
-117 -170 0
-118 -171 0
-119 -141 0
-120 -142 0
-121 -143 0
-122 -144 0
-123 -130 0
-124 -131 0
-125 -132 0
-126 -133 0
-123 -168 0
-124 -169 0
-125 -170 0
-126 -171 0
-127 -164 0
-128 -165 0
-129 -167 0
-130 -168 0
-131 -169 0
-132 -170 0
-133 -171 0
-134 -157 0
-135 -158 0
-136 -159 0
-137 -160 0
-134 -168 0
-135 -169 0
-136 -170 0
-137 -171 0
-138 -142 0
-139 -143 0
-140 -144 0
-138 -158 0
-139 -159 0
-140 -160 0
-141 -157 0
-142 -158 0
-143 -159 0
-144 -160 0
-149 -168 0
-150 -169 0
-151 -170 0
-152 -171 0
-149 -172 0
-151 -173 0
-152 -174 0
-157 -164 0
-158 -165 0
-159 -166 0
-160 -167 0
-157 -168 0
-158 -169 0
-159 -170 0
-160 -171 0
-161 -165 0
-162 -166 0
-163 -167 0
