p cnf 142 534
1 2 3 4 5 6 7 8 9 10 11 12 13 14 15 0
84 85 86 87 88 89 90 91 92 93 94 95 96 97 0
98 99 100 101 102 103 104 105 106 107 108 109 110 111 112 0
-1 -16 0
-1 -29 0
-1 -42 0
-1 -57 0
-1 -71 0
-1 -84 0
-1 -98 0
-1 -127 0
-16 -29 0
-16 -42 0
-16 -57 0
-16 -71 0
-16 -84 0
-16 -98 0
-16 -127 0
-29 -42 0
-29 -57 0
-29 -71 0
-29 -84 0
-29 -98 0
-29 -127 0
-42 -57 0
-42 -71 0
-42 -84 0
-42 -98 0
-42 -127 0
-57 -71 0
-57 -84 0
-57 -98 0
-57 -127 0
-71 -84 0
-71 -98 0
-71 -127 0
-84 -98 0
-84 -127 0
-98 -127 0
-30 -43 0
-30 -58 0
-30 -72 0
-30 -85 0
-30 -99 0
-30 -113 0
-30 -128 0
-43 -58 0
-43 -72 0
-43 -85 0
-43 -99 0
-43 -113 0
-43 -128 0
-58 -72 0
-58 -85 0
-58 -99 0
-58 -113 0
-58 -128 0
-72 -85 0
-72 -99 0
-72 -113 0
-72 -128 0
-85 -99 0
-85 -113 0
-85 -128 0
-99 -113 0
-99 -128 0
-113 -128 0
-44 -59 0
-44 -86 0
-44 -100 0
-44 -114 0
-44 -129 0
-59 -86 0
-59 -100 0
-59 -114 0
-59 -129 0
-86 -100 0
-86 -114 0
-86 -129 0
-100 -114 0
-100 -129 0
-114 -129 0
-2 -17 0
-2 -31 0
-2 -45 0
-2 -60 0
-2 -73 0
-2 -87 0
-2 -115 0
-2 -130 0
-17 -31 0
-17 -45 0
-17 -60 0
-17 -73 0
-17 -87 0
-17 -115 0
-17 -130 0
-31 -45 0
-31 -60 0
-31 -73 0
-31 -87 0
-31 -115 0
-31 -130 0
-45 -60 0
-45 -73 0
-45 -87 0
-45 -115 0
-45 -130 0
-60 -73 0
-60 -87 0
-60 -115 0
-60 -130 0
-73 -87 0
-73 -115 0
-73 -130 0
-87 -115 0
-87 -130 0
-115 -130 0
-3 -18 0
-3 -32 0
-3 -61 0
-3 -74 0
-3 -88 0
-3 -101 0
-3 -116 0
-3 -131 0
-18 -32 0
-18 -61 0
-18 -74 0
-18 -88 0
-18 -101 0
-18 -116 0
-18 -131 0
-32 -61 0
-32 -74 0
-32 -88 0
-32 -101 0
-32 -116 0
-32 -131 0
-61 -74 0
-61 -88 0
-61 -101 0
-61 -116 0
-61 -131 0
-74 -88 0
-74 -101 0
-74 -116 0
-74 -131 0
-88 -101 0
-88 -116 0
-88 -131 0
-101 -116 0
-101 -131 0
-116 -131 0
-4 -33 0
-4 -46 0
-4 -62 0
-4 -75 0
-4 -89 0
-4 -102 0
-4 -117 0
-4 -132 0
-33 -46 0
-33 -62 0
-33 -75 0
-33 -89 0
-33 -102 0
-33 -117 0
-33 -132 0
-46 -62 0
-46 -75 0
-46 -89 0
-46 -102 0
-46 -117 0
-46 -132 0
-62 -75 0
-62 -89 0
-62 -102 0
-62 -117 0
-62 -132 0
-75 -89 0
-75 -102 0
-75 -117 0
-75 -132 0
-89 -102 0
-89 -117 0
-89 -132 0
-102 -117 0
-102 -132 0
-117 -132 0
-5 -19 0
-5 -34 0
-5 -47 0
-5 -63 0
-5 -76 0
-5 -103 0
-5 -118 0
-5 -133 0
-19 -34 0
-19 -47 0
-19 -63 0
-19 -76 0
-19 -103 0
-19 -118 0
-19 -133 0
-34 -47 0
-34 -63 0
-34 -76 0
-34 -103 0
-34 -118 0
-34 -133 0
-47 -63 0
-47 -76 0
-47 -103 0
-47 -118 0
-47 -133 0
-63 -76 0
-63 -103 0
-63 -118 0
-63 -133 0
-76 -103 0
-76 -118 0
-76 -133 0
-103 -118 0
-103 -133 0
-118 -133 0
-6 -20 0
-6 -35 0
-6 -48 0
-6 -64 0
-6 -104 0
-6 -119 0
-6 -134 0
-20 -35 0
-20 -48 0
-20 -64 0
-20 -104 0
-20 -119 0
-20 -134 0
-35 -48 0
-35 -64 0
-35 -104 0
-35 -119 0
-35 -134 0
-48 -64 0
-48 -104 0
-48 -119 0
-48 -134 0
-64 -104 0
-64 -119 0
-64 -134 0
-104 -119 0
-104 -134 0
-119 -134 0
-7 -36 0
-7 -49 0
-7 -65 0
-7 -90 0
-7 -105 0
-36 -49 0
-36 -65 0
-36 -90 0
-36 -105 0
-49 -65 0
-49 -90 0
-49 -105 0
-65 -90 0
-65 -105 0
-90 -105 0
-8 -21 0
-8 -50 0
-8 -66 0
-8 -77 0
-8 -91 0
-8 -106 0
-8 -120 0
-8 -135 0
-21 -50 0
-21 -66 0
-21 -77 0
-21 -91 0
-21 -106 0
-21 -120 0
-21 -135 0
-50 -66 0
-50 -77 0
-50 -91 0
-50 -106 0
-50 -120 0
-50 -135 0
-66 -77 0
-66 -91 0
-66 -106 0
-66 -120 0
-66 -135 0
-77 -91 0
-77 -106 0
-77 -120 0
-77 -135 0
-91 -106 0
-91 -120 0
-91 -135 0
-106 -120 0
-106 -135 0
-120 -135 0
-9 -22 0
-9 -37 0
-9 -67 0
-9 -92 0
-9 -107 0
-9 -136 0
-22 -37 0
-22 -67 0
-22 -92 0
-22 -107 0
-22 -136 0
-37 -67 0
-37 -92 0
-37 -107 0
-37 -136 0
-67 -92 0
-67 -107 0
-67 -136 0
-92 -107 0
-92 -136 0
-107 -136 0
-10 -23 0
-10 -51 0
-10 -78 0
-10 -93 0
-10 -108 0
-10 -121 0
-10 -137 0
-23 -51 0
-23 -78 0
-23 -93 0
-23 -108 0
-23 -121 0
-23 -137 0
-51 -78 0
-51 -93 0
-51 -108 0
-51 -121 0
-51 -137 0
-78 -93 0
-78 -108 0
-78 -121 0
-78 -137 0
-93 -108 0
-93 -121 0
-93 -137 0
-108 -121 0
-108 -137 0
-121 -137 0
-11 -24 0
-11 -38 0
-11 -52 0
-11 -79 0
-11 -94 0
-11 -109 0
-11 -122 0
-11 -138 0
-24 -38 0
-24 -52 0
-24 -79 0
-24 -94 0
-24 -109 0
-24 -122 0
-24 -138 0
-38 -52 0
-38 -79 0
-38 -94 0
-38 -109 0
-38 -122 0
-38 -138 0
-52 -79 0
-52 -94 0
-52 -109 0
-52 -122 0
-52 -138 0
-79 -94 0
-79 -109 0
-79 -122 0
-79 -138 0
-94 -109 0
-94 -122 0
-94 -138 0
-109 -122 0
-109 -138 0
-122 -138 0
-12 -25 0
-12 -39 0
-12 -53 0
-12 -68 0
-12 -80 0
-12 -110 0
-12 -123 0
-12 -139 0
-25 -39 0
-25 -53 0
-25 -68 0
-25 -80 0
-25 -110 0
-25 -123 0
-25 -139 0
-39 -53 0
-39 -68 0
-39 -80 0
-39 -110 0
-39 -123 0
-39 -139 0
-53 -68 0
-53 -80 0
-53 -110 0
-53 -123 0
-53 -139 0
-68 -80 0
-68 -110 0
-68 -123 0
-68 -139 0
-80 -110 0
-80 -123 0
-80 -139 0
-110 -123 0
-110 -139 0
-123 -139 0
-13 -26 0
-13 -40 0
-13 -54 0
-13 -81 0
-13 -95 0
-13 -111 0
-13 -124 0
-13 -140 0
-26 -40 0
-26 -54 0
-26 -81 0
-26 -95 0
-26 -111 0
-26 -124 0
-26 -140 0
-40 -54 0
-40 -81 0
-40 -95 0
-40 -111 0
-40 -124 0
-40 -140 0
-54 -81 0
-54 -95 0
-54 -111 0
-54 -124 0
-54 -140 0
-81 -95 0
-81 -111 0
-81 -124 0
-81 -140 0
-95 -111 0
-95 -124 0
-95 -140 0
-111 -124 0
-111 -140 0
-124 -140 0
-14 -27 0
-14 -55 0
-14 -69 0
-14 -82 0
-14 -96 0
-14 -112 0
-14 -125 0
-14 -141 0
-27 -55 0
-27 -69 0
-27 -82 0
-27 -96 0
-27 -112 0
-27 -125 0
-27 -141 0
-55 -69 0
-55 -82 0
-55 -96 0
-55 -112 0
-55 -125 0
-55 -141 0
-69 -82 0
-69 -96 0
-69 -112 0
-69 -125 0
-69 -141 0
-82 -96 0
-82 -112 0
-82 -125 0
-82 -141 0
-96 -112 0
-96 -125 0
-96 -141 0
-112 -125 0
-112 -141 0
-125 -141 0
-15 -28 0
-15 -41 0
-15 -56 0
-15 -70 0
-15 -83 0
-15 -97 0
-15 -126 0
-15 -142 0
-28 -41 0
-28 -56 0
-28 -70 0
-28 -83 0
-28 -97 0
-28 -126 0
-28 -142 0
-41 -56 0
-41 -70 0
-41 -83 0
-41 -97 0
-41 -126 0
-41 -142 0
-56 -70 0
-56 -83 0
-56 -97 0
-56 -126 0
-56 -142 0
-70 -83 0
-70 -97 0
-70 -126 0
-70 -142 0
-83 -97 0
-83 -126 0
-83 -142 0
-97 -126 0
-97 -142 0
-126 -142 0
