p cnf 20 56
-5 -6 0
5 6 0
-7 -8 0
7 8 0
-5 -7 0
-6 -8 0
1 -5 0
1 -7 0
2 -6 0
2 -8 0
3 -5 0
3 -7 0
4 -6 0
4 -8 0
-9 -10 0
-9 -11 0
-9 -12 0
-10 -11 0
-10 -12 0
-11 -12 0
9 10 11 12 0
-13 -14 0
-13 -15 0
-13 -16 0
-13 -17 0
-13 -18 0
-13 -19 0
-13 -20 0
-14 -15 0
-14 -16 0
-14 -17 0
-14 -18 0
-14 -19 0
-14 -20 0
-15 -16 0
-15 -17 0
-15 -18 0
-15 -19 0
-15 -20 0
-16 -17 0
-16 -18 0
-16 -19 0
-16 -20 0
-17 -18 0
-17 -19 0
-17 -20 0
-18 -19 0
-18 -20 0
-19 -20 0
13 14 15 16 17 18 19 20 0
-1 -16 0
-9 -13 0
-10 -15 0
-11 -17 0
-12 -19 0
-3 -20 0
