p cnf 43 713
-1 -2 -3 -4 0
-1 -2 -3 -5 0
-1 -2 -3 -6 0
-1 -2 -4 -5 0
-1 -2 -4 -6 0
-1 -2 -5 -6 0
-1 -3 -4 -5 0
-1 -3 -4 -6 0
-1 -3 -5 -6 0
-1 -4 -5 -6 0
-2 -3 -4 -5 0
-2 -3 -4 -6 0
-2 -3 -5 -6 0
-2 -4 -5 -6 0
-3 -4 -5 -6 0
1 2 3 4 0
1 2 3 5 0
1 2 3 6 0
1 2 4 5 0
1 2 4 6 0
1 2 5 6 0
1 3 4 5 0
1 3 4 6 0
1 3 5 6 0
1 4 5 6 0
2 3 4 5 0
2 3 4 6 0
2 3 5 6 0
2 4 5 6 0
3 4 5 6 0
-7 -8 -9 0
-7 -8 -10 0
-7 -9 -10 0
-8 -9 -10 0
-7 -8 -9 -10 0
7 8 9 10 0
7 8 9 0
7 8 10 0
7 9 10 0
8 9 10 0
-11 -12 -13 -14 0
-11 -12 -13 -15 0
-11 -12 -13 -16 0
-11 -12 -14 -15 0
-11 -12 -14 -16 0
-11 -12 -15 -16 0
-11 -13 -14 -15 0
-11 -13 -14 -16 0
-11 -13 -15 -16 0
-11 -14 -15 -16 0
-12 -13 -14 -15 0
-12 -13 -14 -16 0
-12 -13 -15 -16 0
-12 -14 -15 -16 0
-13 -14 -15 -16 0
11 12 13 14 0
11 12 13 15 0
11 12 13 16 0
11 12 14 15 0
11 12 14 16 0
11 12 15 16 0
11 13 14 15 0
11 13 14 16 0
11 13 15 16 0
11 14 15 16 0
12 13 14 15 0
12 13 14 16 0
12 13 15 16 0
12 14 15 16 0
13 14 15 16 0
-17 -18 -19 -20 0
-17 -18 -19 -21 0
-17 -18 -19 -22 0
-17 -18 -20 -21 0
-17 -18 -20 -22 0
-17 -18 -21 -22 0
-17 -19 -20 -21 0
-17 -19 -20 -22 0
-17 -19 -21 -22 0
-17 -20 -21 -22 0
-18 -19 -20 -21 0
-18 -19 -20 -22 0
-18 -19 -21 -22 0
-18 -20 -21 -22 0
-19 -20 -21 -22 0
17 18 19 20 0
17 18 19 21 0
17 18 19 22 0
17 18 20 21 0
17 18 20 22 0
17 18 21 22 0
17 19 20 21 0
17 19 20 22 0
17 19 21 22 0
17 20 21 22 0
18 19 20 21 0
18 19 20 22 0
18 19 21 22 0
18 20 21 22 0
19 20 21 22 0
-23 -24 0
-23 -25 0
-23 -24 -25 0
-24 -25 0
-23 -24 -25 0
23 24 25 0
-26 -27 -28 -29 0
-26 -27 -28 -30 0
-26 -27 -28 -31 0
-26 -27 -29 -30 0
-26 -27 -29 -31 0
-26 -27 -30 -31 0
-26 -28 -29 -30 0
-26 -28 -29 -31 0
-26 -28 -30 -31 0
-26 -29 -30 -31 0
-27 -28 -29 -30 0
-27 -28 -29 -31 0
-27 -28 -30 -31 0
-27 -29 -30 -31 0
-28 -29 -30 -31 0
26 27 28 29 0
26 27 28 30 0
26 27 28 31 0
26 27 29 30 0
26 27 29 31 0
26 27 30 31 0
26 28 29 30 0
26 28 29 31 0
26 28 30 31 0
26 29 30 31 0
27 28 29 30 0
27 28 29 31 0
27 28 30 31 0
27 29 30 31 0
28 29 30 31 0
-32 -33 -34 -35 0
-32 -33 -34 -36 0
-32 -33 -34 -37 0
-32 -33 -35 -36 0
-32 -33 -35 -37 0
-32 -33 -36 -37 0
-32 -34 -35 -36 0
-32 -34 -35 -37 0
-32 -34 -36 -37 0
-32 -35 -36 -37 0
-33 -34 -35 -36 0
-33 -34 -35 -37 0
-33 -34 -36 -37 0
-33 -35 -36 -37 0
-34 -35 -36 -37 0
32 33 34 35 0
32 33 34 36 0
32 33 34 37 0
32 33 35 36 0
32 33 35 37 0
32 33 36 37 0
32 34 35 36 0
32 34 35 37 0
32 34 36 37 0
32 35 36 37 0
33 34 35 36 0
33 34 35 37 0
33 34 36 37 0
33 35 36 37 0
34 35 36 37 0
-38 -39 -40 -41 0
-38 -39 -40 -42 0
-38 -39 -40 -43 0
-38 -39 -41 -42 0
-38 -39 -41 -43 0
-38 -39 -42 -43 0
-38 -40 -41 -42 0
-38 -40 -41 -43 0
-38 -40 -42 -43 0
-38 -41 -42 -43 0
-39 -40 -41 -42 0
-39 -40 -41 -43 0
-39 -40 -42 -43 0
-39 -41 -42 -43 0
-40 -41 -42 -43 0
38 39 40 41 0
38 39 40 42 0
38 39 40 43 0
38 39 41 42 0
38 39 41 43 0
38 39 42 43 0
38 40 41 42 0
38 40 41 43 0
38 40 42 43 0
38 41 42 43 0
39 40 41 42 0
39 40 41 43 0
39 40 42 43 0
39 41 42 43 0
40 41 42 43 0
-1 -11 -17 0
-1 -11 -17 -26 0
-1 -11 -17 -32 0
-1 -11 -17 -38 0
-1 -11 -26 0
-1 -11 -32 0
-1 -11 -38 0
-1 -11 -26 -32 0
-1 -11 -26 -38 0
-1 -11 -32 -38 0
-1 -17 -26 0
-1 -17 -32 0
-1 -17 -38 0
-1 -17 -26 -32 0
-1 -17 -26 -38 0
-1 -17 -32 -38 0
-1 -26 -32 0
-1 -26 -38 0
-1 -32 -38 0
-1 -26 -32 -38 0
-1 -11 -17 -26 0
-1 -11 -17 -32 0
-1 -11 -17 -38 0
-1 -11 -17 -26 -32 0
-1 -11 -17 -26 -38 0
-1 -11 -17 -32 -38 0
-1 -11 -26 -32 0
-1 -11 -26 -38 0
-1 -11 -32 -38 0
-1 -11 -26 -32 -38 0
-1 -17 -26 -32 0
-1 -17 -26 -38 0
-1 -17 -32 -38 0
-1 -17 -26 -32 -38 0
-1 -26 -32 -38 0
-11 -17 -26 0
-11 -17 -32 0
-11 -17 -38 0
-11 -17 -26 -32 0
-11 -17 -26 -38 0
-11 -17 -32 -38 0
-11 -26 -32 0
-11 -26 -38 0
-11 -32 -38 0
-11 -26 -32 -38 0
-17 -26 -32 0
-17 -26 -38 0
-17 -32 -38 0
-17 -26 -32 -38 0
-26 -32 -38 0
-11 -17 -26 -32 0
-11 -17 -26 -38 0
-11 -17 -32 -38 0
-11 -17 -26 -32 -38 0
-11 -26 -32 -38 0
-17 -26 -32 -38 0
1 11 17 26 32 0
1 11 17 26 38 0
1 11 17 32 38 0
1 11 26 32 38 0
1 17 26 32 38 0
11 17 26 32 38 0
-2 -7 -12 -18 -23 0
-2 -7 -12 -18 -27 0
-2 -7 -12 -18 -33 0
-2 -7 -12 -18 -39 0
-2 -7 -12 -23 -27 0
-2 -7 -12 -23 -33 0
-2 -7 -12 -23 -39 0
-2 -7 -12 -27 -33 0
-2 -7 -12 -27 -39 0
-2 -7 -12 -33 -39 0
-2 -7 -18 -23 -27 0
-2 -7 -18 -23 -33 0
-2 -7 -18 -23 -39 0
-2 -7 -18 -27 -33 0
-2 -7 -18 -27 -39 0
-2 -7 -18 -33 -39 0
-2 -7 -23 -27 -33 0
-2 -7 -23 -27 -39 0
-2 -7 -23 -33 -39 0
-2 -7 -27 -33 -39 0
-2 -12 -18 -23 -27 0
-2 -12 -18 -23 -33 0
-2 -12 -18 -23 -39 0
-2 -12 -18 -27 -33 0
-2 -12 -18 -27 -39 0
-2 -12 -18 -33 -39 0
-2 -12 -23 -27 -33 0
-2 -12 -23 -27 -39 0
-2 -12 -23 -33 -39 0
-2 -12 -27 -33 -39 0
-2 -18 -23 -27 -33 0
-2 -18 -23 -27 -39 0
-2 -18 -23 -33 -39 0
-2 -18 -27 -33 -39 0
-2 -23 -27 -33 -39 0
-7 -12 -18 -23 -27 0
-7 -12 -18 -23 -33 0
-7 -12 -18 -23 -39 0
-7 -12 -18 -27 -33 0
-7 -12 -18 -27 -39 0
-7 -12 -18 -33 -39 0
-7 -12 -23 -27 -33 0
-7 -12 -23 -27 -39 0
-7 -12 -23 -33 -39 0
-7 -12 -27 -33 -39 0
-7 -18 -23 -27 -33 0
-7 -18 -23 -27 -39 0
-7 -18 -23 -33 -39 0
-7 -18 -27 -33 -39 0
-7 -23 -27 -33 -39 0
-12 -18 -23 -27 -33 0
-12 -18 -23 -27 -39 0
-12 -18 -23 -33 -39 0
-12 -18 -27 -33 -39 0
-12 -23 -27 -33 -39 0
-18 -23 -27 -33 -39 0
2 7 12 18 23 0
2 7 12 18 27 0
2 7 12 18 33 0
2 7 12 18 39 0
2 7 12 23 27 0
2 7 12 23 33 0
2 7 12 23 39 0
2 7 12 27 33 0
2 7 12 27 39 0
2 7 12 33 39 0
2 7 18 23 27 0
2 7 18 23 33 0
2 7 18 23 39 0
2 7 18 27 33 0
2 7 18 27 39 0
2 7 18 33 39 0
2 7 23 27 33 0
2 7 23 27 39 0
2 7 23 33 39 0
2 7 27 33 39 0
2 12 18 23 27 0
2 12 18 23 33 0
2 12 18 23 39 0
2 12 18 27 33 0
2 12 18 27 39 0
2 12 18 33 39 0
2 12 23 27 33 0
2 12 23 27 39 0
2 12 23 33 39 0
2 12 27 33 39 0
2 18 23 27 33 0
2 18 23 27 39 0
2 18 23 33 39 0
2 18 27 33 39 0
2 23 27 33 39 0
7 12 18 23 27 0
7 12 18 23 33 0
7 12 18 23 39 0
7 12 18 27 33 0
7 12 18 27 39 0
7 12 18 33 39 0
7 12 23 27 33 0
7 12 23 27 39 0
7 12 23 33 39 0
7 12 27 33 39 0
7 18 23 27 33 0
7 18 23 27 39 0
7 18 23 33 39 0
7 18 27 33 39 0
7 23 27 33 39 0
12 18 23 27 33 0
12 18 23 27 39 0
12 18 23 33 39 0
12 18 27 33 39 0
12 23 27 33 39 0
18 23 27 33 39 0
-3 -8 -13 -19 0
-3 -8 -13 -19 -28 0
-3 -8 -13 -19 -34 0
-3 -8 -13 -19 -40 0
-3 -8 -13 -28 0
-3 -8 -13 -34 0
-3 -8 -13 -40 0
-3 -8 -13 -28 -34 0
-3 -8 -13 -28 -40 0
-3 -8 -13 -34 -40 0
-3 -8 -19 -28 0
-3 -8 -19 -34 0
-3 -8 -19 -40 0
-3 -8 -19 -28 -34 0
-3 -8 -19 -28 -40 0
-3 -8 -19 -34 -40 0
-3 -8 -28 -34 0
-3 -8 -28 -40 0
-3 -8 -34 -40 0
-3 -8 -28 -34 -40 0
-3 -13 -19 -28 0
-3 -13 -19 -34 0
-3 -13 -19 -40 0
-3 -13 -19 -28 -34 0
-3 -13 -19 -28 -40 0
-3 -13 -19 -34 -40 0
-3 -13 -28 -34 0
-3 -13 -28 -40 0
-3 -13 -34 -40 0
-3 -13 -28 -34 -40 0
-3 -19 -28 -34 0
-3 -19 -28 -40 0
-3 -19 -34 -40 0
-3 -19 -28 -34 -40 0
-3 -28 -34 -40 0
-8 -13 -19 -28 0
-8 -13 -19 -34 0
-8 -13 -19 -40 0
-8 -13 -19 -28 -34 0
-8 -13 -19 -28 -40 0
-8 -13 -19 -34 -40 0
-8 -13 -28 -34 0
-8 -13 -28 -40 0
-8 -13 -34 -40 0
-8 -13 -28 -34 -40 0
-8 -19 -28 -34 0
-8 -19 -28 -40 0
-8 -19 -34 -40 0
-8 -19 -28 -34 -40 0
-8 -28 -34 -40 0
-13 -19 -28 -34 0
-13 -19 -28 -40 0
-13 -19 -34 -40 0
-13 -19 -28 -34 -40 0
-13 -28 -34 -40 0
-19 -28 -34 -40 0
3 8 13 19 28 0
3 8 13 19 34 0
3 8 13 19 40 0
3 8 13 28 34 0
3 8 13 28 40 0
3 8 13 34 40 0
3 8 19 28 34 0
3 8 19 28 40 0
3 8 19 34 40 0
3 8 28 34 40 0
3 13 19 28 34 0
3 13 19 28 40 0
3 13 19 34 40 0
3 13 28 34 40 0
3 19 28 34 40 0
8 13 19 28 34 0
8 13 19 28 40 0
8 13 19 34 40 0
8 13 28 34 40 0
8 19 28 34 40 0
13 19 28 34 40 0
-4 -9 -14 -20 -24 0
-4 -9 -14 -20 -29 0
-4 -9 -14 -20 -35 0
-4 -9 -14 -20 -41 0
-4 -9 -14 -24 -29 0
-4 -9 -14 -24 -35 0
-4 -9 -14 -24 -41 0
-4 -9 -14 -29 -35 0
-4 -9 -14 -29 -41 0
-4 -9 -14 -35 -41 0
-4 -9 -20 -24 -29 0
-4 -9 -20 -24 -35 0
-4 -9 -20 -24 -41 0
-4 -9 -20 -29 -35 0
-4 -9 -20 -29 -41 0
-4 -9 -20 -35 -41 0
-4 -9 -24 -29 -35 0
-4 -9 -24 -29 -41 0
-4 -9 -24 -35 -41 0
-4 -9 -29 -35 -41 0
-4 -14 -20 -24 -29 0
-4 -14 -20 -24 -35 0
-4 -14 -20 -24 -41 0
-4 -14 -20 -29 -35 0
-4 -14 -20 -29 -41 0
-4 -14 -20 -35 -41 0
-4 -14 -24 -29 -35 0
-4 -14 -24 -29 -41 0
-4 -14 -24 -35 -41 0
-4 -14 -29 -35 -41 0
-4 -20 -24 -29 -35 0
-4 -20 -24 -29 -41 0
-4 -20 -24 -35 -41 0
-4 -20 -29 -35 -41 0
-4 -24 -29 -35 -41 0
-9 -14 -20 -24 -29 0
-9 -14 -20 -24 -35 0
-9 -14 -20 -24 -41 0
-9 -14 -20 -29 -35 0
-9 -14 -20 -29 -41 0
-9 -14 -20 -35 -41 0
-9 -14 -24 -29 -35 0
-9 -14 -24 -29 -41 0
-9 -14 -24 -35 -41 0
-9 -14 -29 -35 -41 0
-9 -20 -24 -29 -35 0
-9 -20 -24 -29 -41 0
-9 -20 -24 -35 -41 0
-9 -20 -29 -35 -41 0
-9 -24 -29 -35 -41 0
-14 -20 -24 -29 -35 0
-14 -20 -24 -29 -41 0
-14 -20 -24 -35 -41 0
-14 -20 -29 -35 -41 0
-14 -24 -29 -35 -41 0
-20 -24 -29 -35 -41 0
4 9 14 20 24 0
4 9 14 20 29 0
4 9 14 20 35 0
4 9 14 20 41 0
4 9 14 24 29 0
4 9 14 24 35 0
4 9 14 24 41 0
4 9 14 29 35 0
4 9 14 29 41 0
4 9 14 35 41 0
4 9 20 24 29 0
4 9 20 24 35 0
4 9 20 24 41 0
4 9 20 29 35 0
4 9 20 29 41 0
4 9 20 35 41 0
4 9 24 29 35 0
4 9 24 29 41 0
4 9 24 35 41 0
4 9 29 35 41 0
4 14 20 24 29 0
4 14 20 24 35 0
4 14 20 24 41 0
4 14 20 29 35 0
4 14 20 29 41 0
4 14 20 35 41 0
4 14 24 29 35 0
4 14 24 29 41 0
4 14 24 35 41 0
4 14 29 35 41 0
4 20 24 29 35 0
4 20 24 29 41 0
4 20 24 35 41 0
4 20 29 35 41 0
4 24 29 35 41 0
9 14 20 24 29 0
9 14 20 24 35 0
9 14 20 24 41 0
9 14 20 29 35 0
9 14 20 29 41 0
9 14 20 35 41 0
9 14 24 29 35 0
9 14 24 29 41 0
9 14 24 35 41 0
9 14 29 35 41 0
9 20 24 29 35 0
9 20 24 29 41 0
9 20 24 35 41 0
9 20 29 35 41 0
9 24 29 35 41 0
14 20 24 29 35 0
14 20 24 29 41 0
14 20 24 35 41 0
14 20 29 35 41 0
14 24 29 35 41 0
20 24 29 35 41 0
-5 -10 -15 -21 -30 0
-5 -10 -15 -21 -36 0
-5 -10 -15 -21 -42 0
-5 -10 -15 -30 -36 0
-5 -10 -15 -30 -42 0
-5 -10 -15 -36 -42 0
-5 -10 -21 -30 -36 0
-5 -10 -21 -30 -42 0
-5 -10 -21 -36 -42 0
-5 -10 -30 -36 -42 0
-5 -15 -21 -30 -36 0
-5 -15 -21 -30 -42 0
-5 -15 -21 -36 -42 0
-5 -15 -30 -36 -42 0
-5 -21 -30 -36 -42 0
-10 -15 -21 -30 -36 0
-10 -15 -21 -30 -42 0
-10 -15 -21 -36 -42 0
-10 -15 -30 -36 -42 0
-10 -21 -30 -36 -42 0
-15 -21 -30 -36 -42 0
5 10 15 21 0
5 10 15 21 30 0
5 10 15 21 36 0
5 10 15 21 42 0
5 10 15 30 0
5 10 15 36 0
5 10 15 42 0
5 10 15 30 36 0
5 10 15 30 42 0
5 10 15 36 42 0
5 10 21 30 0
5 10 21 36 0
5 10 21 42 0
5 10 21 30 36 0
5 10 21 30 42 0
5 10 21 36 42 0
5 10 30 36 0
5 10 30 42 0
5 10 36 42 0
5 10 30 36 42 0
5 15 21 30 0
5 15 21 36 0
5 15 21 42 0
5 15 21 30 36 0
5 15 21 30 42 0
5 15 21 36 42 0
5 15 30 36 0
5 15 30 42 0
5 15 36 42 0
5 15 30 36 42 0
5 21 30 36 0
5 21 30 42 0
5 21 36 42 0
5 21 30 36 42 0
5 30 36 42 0
10 15 21 30 0
10 15 21 36 0
10 15 21 42 0
10 15 21 30 36 0
10 15 21 30 42 0
10 15 21 36 42 0
10 15 30 36 0
10 15 30 42 0
10 15 36 42 0
10 15 30 36 42 0
10 21 30 36 0
10 21 30 42 0
10 21 36 42 0
10 21 30 36 42 0
10 30 36 42 0
15 21 30 36 0
15 21 30 42 0
15 21 36 42 0
15 21 30 36 42 0
15 30 36 42 0
21 30 36 42 0
-6 -16 -22 -25 -31 0
-6 -16 -22 -25 -37 0
-6 -16 -22 -25 -43 0
-6 -16 -22 -31 -37 0
-6 -16 -22 -31 -43 0
-6 -16 -22 -37 -43 0
-6 -16 -25 -31 -37 0
-6 -16 -25 -31 -43 0
-6 -16 -25 -37 -43 0
-6 -16 -31 -37 -43 0
-6 -22 -25 -31 -37 0
-6 -22 -25 -31 -43 0
-6 -22 -25 -37 -43 0
-6 -22 -31 -37 -43 0
-6 -25 -31 -37 -43 0
-16 -22 -25 -31 -37 0
-16 -22 -25 -31 -43 0
-16 -22 -25 -37 -43 0
-16 -22 -31 -37 -43 0
-16 -25 -31 -37 -43 0
-22 -25 -31 -37 -43 0
6 16 22 25 0
6 16 22 31 0
6 16 22 37 0
6 16 22 43 0
6 16 25 31 0
6 16 25 37 0
6 16 25 43 0
6 16 31 37 0
6 16 31 43 0
6 16 37 43 0
6 22 25 31 0
6 22 25 37 0
6 22 25 43 0
6 22 31 37 0
6 22 31 43 0
6 22 37 43 0
6 25 31 37 0
6 25 31 43 0
6 25 37 43 0
6 31 37 43 0
6 16 22 25 31 0
6 16 22 25 37 0
6 16 22 25 43 0
6 16 22 31 37 0
6 16 22 31 43 0
6 16 22 37 43 0
6 16 25 31 37 0
6 16 25 31 43 0
6 16 25 37 43 0
6 16 31 37 43 0
6 22 25 31 37 0
6 22 25 31 43 0
6 22 25 37 43 0
6 22 31 37 43 0
6 25 31 37 43 0
16 22 25 31 0
16 22 25 37 0
16 22 25 43 0
16 22 31 37 0
16 22 31 43 0
16 22 37 43 0
16 25 31 37 0
16 25 31 43 0
16 25 37 43 0
16 31 37 43 0
22 25 31 37 0
22 25 31 43 0
22 25 37 43 0
22 31 37 43 0
25 31 37 43 0
16 22 25 31 37 0
16 22 25 31 43 0
16 22 25 37 43 0
16 22 31 37 43 0
16 25 31 37 43 0
22 25 31 37 43 0
