p cnf 47 166
1 2 3 4 0
10 11 12 13 14 0
-1 -5 0
-1 -10 0
-1 -15 0
-1 -23 0
-1 -28 0
-1 -33 0
-1 -38 0
-5 -10 0
-5 -15 0
-5 -23 0
-5 -28 0
-5 -33 0
-5 -38 0
-10 -15 0
-10 -23 0
-10 -28 0
-10 -33 0
-10 -38 0
-15 -23 0
-15 -28 0
-15 -33 0
-15 -38 0
-23 -28 0
-23 -33 0
-23 -38 0
-28 -33 0
-28 -38 0
-33 -38 0
-6 -11 0
-6 -16 0
-6 -20 0
-6 -24 0
-6 -29 0
-6 -34 0
-6 -39 0
-6 -43 0
-11 -16 0
-11 -20 0
-11 -24 0
-11 -29 0
-11 -34 0
-11 -39 0
-11 -43 0
-16 -20 0
-16 -24 0
-16 -29 0
-16 -34 0
-16 -39 0
-16 -43 0
-20 -24 0
-20 -29 0
-20 -34 0
-20 -39 0
-20 -43 0
-24 -29 0
-24 -34 0
-24 -39 0
-24 -43 0
-29 -34 0
-29 -39 0
-29 -43 0
-34 -39 0
-34 -43 0
-39 -43 0
-2 -7 0
-2 -12 0
-2 -17 0
-2 -25 0
-2 -30 0
-2 -35 0
-2 -40 0
-2 -44 0
-7 -12 0
-7 -17 0
-7 -25 0
-7 -30 0
-7 -35 0
-7 -40 0
-7 -44 0
-12 -17 0
-12 -25 0
-12 -30 0
-12 -35 0
-12 -40 0
-12 -44 0
-17 -25 0
-17 -30 0
-17 -35 0
-17 -40 0
-17 -44 0
-25 -30 0
-25 -35 0
-25 -40 0
-25 -44 0
-30 -35 0
-30 -40 0
-30 -44 0
-35 -40 0
-35 -44 0
-40 -44 0
-3 -8 0
-3 -13 0
-3 -21 0
-3 -31 0
-3 -36 0
-3 -41 0
-3 -45 0
-8 -13 0
-8 -21 0
-8 -31 0
-8 -36 0
-8 -41 0
-8 -45 0
-13 -21 0
-13 -31 0
-13 -36 0
-13 -41 0
-13 -45 0
-21 -31 0
-21 -36 0
-21 -41 0
-21 -45 0
-31 -36 0
-31 -41 0
-31 -45 0
-36 -41 0
-36 -45 0
-41 -45 0
-4 -9 0
-4 -18 0
-4 -26 0
-4 -42 0
-4 -46 0
-9 -18 0
-9 -26 0
-9 -42 0
-9 -46 0
-18 -26 0
-18 -42 0
-18 -46 0
-26 -42 0
-26 -46 0
-42 -46 0
-14 -19 0
-14 -22 0
-14 -27 0
-14 -32 0
-14 -37 0
-14 -47 0
-19 -22 0
-19 -27 0
-19 -32 0
-19 -37 0
-19 -47 0
-22 -27 0
-22 -32 0
-22 -37 0
-22 -47 0
-27 -32 0
-27 -37 0
-27 -47 0
-32 -37 0
-32 -47 0
-37 -47 0
