p cnf 107 607
-37 -38 0
-37 -39 0
-37 -40 0
-37 -41 0
-37 -42 0
-37 -43 0
-37 -44 0
-37 -45 0
-38 -39 0
-38 -40 0
-38 -41 0
-38 -42 0
-38 -43 0
-38 -44 0
-38 -45 0
-39 -40 0
-39 -41 0
-39 -42 0
-39 -43 0
-39 -44 0
-39 -45 0
-40 -41 0
-40 -42 0
-40 -43 0
-40 -44 0
-40 -45 0
-41 -42 0
-41 -43 0
-41 -44 0
-41 -45 0
-42 -43 0
-42 -44 0
-42 -45 0
-43 -44 0
-43 -45 0
-44 -45 0
37 38 39 40 41 42 43 44 45 0
-46 -47 0
-46 -48 0
-46 -49 0
-46 -50 0
-46 -51 0
-46 -52 0
-46 -53 0
-46 -54 0
-47 -48 0
-47 -49 0
-47 -50 0
-47 -51 0
-47 -52 0
-47 -53 0
-47 -54 0
-48 -49 0
-48 -50 0
-48 -51 0
-48 -52 0
-48 -53 0
-48 -54 0
-49 -50 0
-49 -51 0
-49 -52 0
-49 -53 0
-49 -54 0
-50 -51 0
-50 -52 0
-50 -53 0
-50 -54 0
-51 -52 0
-51 -53 0
-51 -54 0
-52 -53 0
-52 -54 0
-53 -54 0
46 47 48 49 50 51 52 53 54 0
-55 -56 0
-55 -57 0
-55 -58 0
-55 -59 0
-55 -60 0
-55 -61 0
-55 -62 0
-56 -57 0
-56 -58 0
-56 -59 0
-56 -60 0
-56 -61 0
-56 -62 0
-57 -58 0
-57 -59 0
-57 -60 0
-57 -61 0
-57 -62 0
-58 -59 0
-58 -60 0
-58 -61 0
-58 -62 0
-59 -60 0
-59 -61 0
-59 -62 0
-60 -61 0
-60 -62 0
-61 -62 0
55 56 57 58 59 60 61 62 0
-37 -46 0
-37 -55 0
-46 -55 0
-38 -47 0
-38 -56 0
-47 -56 0
-39 -48 0
-39 -57 0
-48 -57 0
-40 -49 0
-40 -58 0
-49 -58 0
-41 -50 0
-41 -59 0
-50 -59 0
-42 -51 0
-42 -60 0
-51 -60 0
-43 -52 0
-44 -53 0
-44 -61 0
-53 -61 0
-45 -54 0
-45 -62 0
-54 -62 0
1 -37 -47 0
1 -37 -56 0
1 -46 -38 0
1 -46 -56 0
1 -55 -38 0
1 -55 -47 0
2 -37 -48 0
2 -37 -57 0
2 -46 -39 0
2 -46 -57 0
2 -55 -39 0
2 -55 -48 0
3 -37 -49 0
3 -37 -58 0
3 -46 -40 0
3 -46 -58 0
3 -55 -40 0
3 -55 -49 0
4 -37 -50 0
4 -37 -59 0
4 -46 -41 0
4 -46 -59 0
4 -55 -41 0
4 -55 -50 0
5 -37 -51 0
5 -37 -60 0
5 -46 -42 0
5 -46 -60 0
5 -55 -42 0
5 -55 -51 0
6 -37 -52 0
6 -46 -43 0
6 -55 -43 0
6 -55 -52 0
7 -37 -53 0
7 -37 -61 0
7 -46 -44 0
7 -46 -61 0
7 -55 -44 0
7 -55 -53 0
8 -37 -54 0
8 -37 -62 0
8 -46 -45 0
8 -46 -62 0
8 -55 -45 0
8 -55 -54 0
9 -38 -48 0
9 -38 -57 0
9 -47 -39 0
9 -47 -57 0
9 -56 -39 0
9 -56 -48 0
10 -38 -49 0
10 -38 -58 0
10 -47 -40 0
10 -47 -58 0
10 -56 -40 0
10 -56 -49 0
11 -38 -50 0
11 -38 -59 0
11 -47 -41 0
11 -47 -59 0
11 -56 -41 0
11 -56 -50 0
12 -38 -51 0
12 -38 -60 0
12 -47 -42 0
12 -47 -60 0
12 -56 -42 0
12 -56 -51 0
13 -38 -52 0
13 -47 -43 0
13 -56 -43 0
13 -56 -52 0
14 -38 -53 0
14 -38 -61 0
14 -47 -44 0
14 -47 -61 0
14 -56 -44 0
14 -56 -53 0
15 -38 -54 0
15 -38 -62 0
15 -47 -45 0
15 -47 -62 0
15 -56 -45 0
15 -56 -54 0
16 -39 -49 0
16 -39 -58 0
16 -48 -40 0
16 -48 -58 0
16 -57 -40 0
16 -57 -49 0
17 -39 -50 0
17 -39 -59 0
17 -48 -41 0
17 -48 -59 0
17 -57 -41 0
17 -57 -50 0
18 -39 -51 0
18 -39 -60 0
18 -48 -42 0
18 -48 -60 0
18 -57 -42 0
18 -57 -51 0
19 -39 -52 0
19 -48 -43 0
19 -57 -43 0
19 -57 -52 0
20 -39 -53 0
20 -39 -61 0
20 -48 -44 0
20 -48 -61 0
20 -57 -44 0
20 -57 -53 0
21 -39 -54 0
21 -39 -62 0
21 -48 -45 0
21 -48 -62 0
21 -57 -45 0
21 -57 -54 0
22 -40 -50 0
22 -40 -59 0
22 -49 -41 0
22 -49 -59 0
22 -58 -41 0
22 -58 -50 0
23 -40 -51 0
23 -40 -60 0
23 -49 -42 0
23 -49 -60 0
23 -58 -42 0
23 -58 -51 0
24 -40 -52 0
24 -49 -43 0
24 -58 -43 0
24 -58 -52 0
25 -40 -53 0
25 -40 -61 0
25 -49 -44 0
25 -49 -61 0
25 -58 -44 0
25 -58 -53 0
26 -40 -54 0
26 -40 -62 0
26 -49 -45 0
26 -49 -62 0
26 -58 -45 0
26 -58 -54 0
27 -41 -51 0
27 -41 -60 0
27 -50 -42 0
27 -50 -60 0
27 -59 -42 0
27 -59 -51 0
28 -41 -52 0
28 -50 -43 0
28 -59 -43 0
28 -59 -52 0
29 -41 -53 0
29 -41 -61 0
29 -50 -44 0
29 -50 -61 0
29 -59 -44 0
29 -59 -53 0
30 -41 -54 0
30 -41 -62 0
30 -50 -45 0
30 -50 -62 0
30 -59 -45 0
30 -59 -54 0
31 -42 -52 0
31 -51 -43 0
31 -60 -43 0
31 -60 -52 0
32 -42 -53 0
32 -42 -61 0
32 -51 -44 0
32 -51 -61 0
32 -60 -44 0
32 -60 -53 0
33 -42 -54 0
33 -42 -62 0
33 -51 -45 0
33 -51 -62 0
33 -60 -45 0
33 -60 -54 0
34 -43 -53 0
34 -43 -61 0
34 -52 -44 0
34 -52 -61 0
35 -43 -54 0
35 -43 -62 0
35 -52 -45 0
35 -52 -62 0
36 -44 -54 0
36 -44 -62 0
36 -53 -45 0
36 -53 -62 0
36 -61 -45 0
36 -61 -54 0
-63 -64 0
-63 -65 0
-63 -66 0
-63 -67 0
-64 -65 0
-64 -66 0
-64 -67 0
-65 -66 0
-65 -67 0
-66 -67 0
63 64 65 66 67 0
-68 -69 0
-68 -70 0
-68 -71 0
-68 -72 0
-69 -70 0
-69 -71 0
-69 -72 0
-70 -71 0
-70 -72 0
-71 -72 0
68 69 70 71 72 0
-73 -74 0
-73 -75 0
-73 -76 0
-73 -77 0
-74 -75 0
-74 -76 0
-74 -77 0
-75 -76 0
-75 -77 0
-76 -77 0
73 74 75 76 77 0
-78 -79 0
-78 -80 0
-78 -81 0
-78 -82 0
-79 -80 0
-79 -81 0
-79 -82 0
-80 -81 0
-80 -82 0
-81 -82 0
78 79 80 81 82 0
-83 -84 0
-83 -85 0
-83 -86 0
-83 -87 0
-84 -85 0
-84 -86 0
-84 -87 0
-85 -86 0
-85 -87 0
-86 -87 0
83 84 85 86 87 0
-88 -89 0
-88 -90 0
-88 -91 0
-88 -92 0
-89 -90 0
-89 -91 0
-89 -92 0
-90 -91 0
-90 -92 0
-91 -92 0
88 89 90 91 92 0
-93 -94 0
-93 -95 0
-93 -96 0
-93 -97 0
-94 -95 0
-94 -96 0
-94 -97 0
-95 -96 0
-95 -97 0
-96 -97 0
93 94 95 96 97 0
-98 -99 0
-98 -100 0
-98 -101 0
-98 -102 0
-99 -100 0
-99 -101 0
-99 -102 0
-100 -101 0
-100 -102 0
-101 -102 0
98 99 100 101 102 0
-103 -104 0
-103 -105 0
-103 -106 0
-103 -107 0
-104 -105 0
-104 -106 0
-104 -107 0
-105 -106 0
-105 -107 0
-106 -107 0
103 104 105 106 107 0
-1 -63 -68 0
-1 -64 -69 0
-1 -65 -70 0
-1 -66 -71 0
-1 -67 -72 0
-2 -63 -73 0
-2 -64 -74 0
-2 -65 -75 0
-2 -66 -76 0
-2 -67 -77 0
-3 -63 -78 0
-3 -64 -79 0
-3 -65 -80 0
-3 -66 -81 0
-3 -67 -82 0
-4 -63 -83 0
-4 -64 -84 0
-4 -65 -85 0
-4 -66 -86 0
-4 -67 -87 0
-5 -63 -88 0
-5 -64 -89 0
-5 -65 -90 0
-5 -66 -91 0
-5 -67 -92 0
-6 -63 -93 0
-6 -64 -94 0
-6 -65 -95 0
-6 -66 -96 0
-6 -67 -97 0
-7 -63 -98 0
-7 -64 -99 0
-7 -65 -100 0
-7 -66 -101 0
-7 -67 -102 0
-8 -63 -103 0
-8 -64 -104 0
-8 -65 -105 0
-8 -66 -106 0
-8 -67 -107 0
-9 -68 -73 0
-9 -69 -74 0
-9 -70 -75 0
-9 -71 -76 0
-9 -72 -77 0
-10 -68 -78 0
-10 -69 -79 0
-10 -70 -80 0
-10 -71 -81 0
-10 -72 -82 0
-11 -68 -83 0
-11 -69 -84 0
-11 -70 -85 0
-11 -71 -86 0
-11 -72 -87 0
-12 -68 -88 0
-12 -69 -89 0
-12 -70 -90 0
-12 -71 -91 0
-12 -72 -92 0
-13 -68 -93 0
-13 -69 -94 0
-13 -70 -95 0
-13 -71 -96 0
-13 -72 -97 0
-14 -68 -98 0
-14 -69 -99 0
-14 -70 -100 0
-14 -71 -101 0
-14 -72 -102 0
-15 -68 -103 0
-15 -69 -104 0
-15 -70 -105 0
-15 -71 -106 0
-15 -72 -107 0
-16 -73 -78 0
-16 -74 -79 0
-16 -75 -80 0
-16 -76 -81 0
-16 -77 -82 0
-17 -73 -83 0
-17 -74 -84 0
-17 -75 -85 0
-17 -76 -86 0
-17 -77 -87 0
-18 -73 -88 0
-18 -74 -89 0
-18 -75 -90 0
-18 -76 -91 0
-18 -77 -92 0
-19 -73 -93 0
-19 -74 -94 0
-19 -75 -95 0
-19 -76 -96 0
-19 -77 -97 0
-20 -73 -98 0
-20 -74 -99 0
-20 -75 -100 0
-20 -76 -101 0
-20 -77 -102 0
-21 -73 -103 0
-21 -74 -104 0
-21 -75 -105 0
-21 -76 -106 0
-21 -77 -107 0
-22 -78 -83 0
-22 -79 -84 0
-22 -80 -85 0
-22 -81 -86 0
-22 -82 -87 0
-23 -78 -88 0
-23 -79 -89 0
-23 -80 -90 0
-23 -81 -91 0
-23 -82 -92 0
-24 -78 -93 0
-24 -79 -94 0
-24 -80 -95 0
-24 -81 -96 0
-24 -82 -97 0
-25 -78 -98 0
-25 -79 -99 0
-25 -80 -100 0
-25 -81 -101 0
-25 -82 -102 0
-26 -78 -103 0
-26 -79 -104 0
-26 -80 -105 0
-26 -81 -106 0
-26 -82 -107 0
-27 -83 -88 0
-27 -84 -89 0
-27 -85 -90 0
-27 -86 -91 0
-27 -87 -92 0
-28 -83 -93 0
-28 -84 -94 0
-28 -85 -95 0
-28 -86 -96 0
-28 -87 -97 0
-29 -83 -98 0
-29 -84 -99 0
-29 -85 -100 0
-29 -86 -101 0
-29 -87 -102 0
-30 -83 -103 0
-30 -84 -104 0
-30 -85 -105 0
-30 -86 -106 0
-30 -87 -107 0
-31 -88 -93 0
-31 -89 -94 0
-31 -90 -95 0
-31 -91 -96 0
-31 -92 -97 0
-32 -88 -98 0
-32 -89 -99 0
-32 -90 -100 0
-32 -91 -101 0
-32 -92 -102 0
-33 -88 -103 0
-33 -89 -104 0
-33 -90 -105 0
-33 -91 -106 0
-33 -92 -107 0
-34 -93 -98 0
-34 -94 -99 0
-34 -95 -100 0
-34 -96 -101 0
-34 -97 -102 0
-35 -93 -103 0
-35 -94 -104 0
-35 -95 -105 0
-35 -96 -106 0
-35 -97 -107 0
-36 -98 -103 0
-36 -99 -104 0
-36 -100 -105 0
-36 -101 -106 0
-36 -102 -107 0
