p cnf 42 223
-1 -2 -3 -4 -9 0
2 -17 -19 -21 -22 -23 0
3 17 -27 -28 0
4 11 -29 -30 -31 -32 -33 0
12 19 29 -34 -35 0
30 34 -37 0
14 21 27 31 35 37 -40 -41 0
1 10 -2 0
-1 -10 2 0
1 -3 0
1 11 -4 0
-1 -11 4 0
1 12 -5 0
-1 -12 5 0
1 13 -6 0
-1 -13 6 0
1 14 -7 0
-1 -14 7 0
1 15 -8 0
-1 -15 8 0
1 16 -9 0
-1 -16 9 0
2 17 -3 0
-2 -17 3 0
2 18 -4 0
-2 -18 4 0
2 19 -5 0
-2 -19 5 0
2 20 -6 0
-2 -20 6 0
2 21 -7 0
-2 -21 7 0
2 22 -8 0
-2 -22 8 0
2 23 -9 0
-2 -23 9 0
3 24 -4 0
-3 -24 4 0
3 25 -5 0
-3 -25 5 0
3 26 -6 0
-3 -26 6 0
3 27 -7 0
-3 -27 7 0
-3 8 0
3 28 -9 0
-3 -28 9 0
4 29 -5 0
-4 -29 5 0
4 30 -6 0
-4 -30 6 0
4 31 -7 0
-4 -31 7 0
4 32 -8 0
-4 -32 8 0
4 33 -9 0
-4 -33 9 0
5 34 -6 0
-5 -34 6 0
5 35 -7 0
-5 -35 7 0
-5 8 0
5 36 -9 0
-5 -36 9 0
6 37 -7 0
-6 -37 7 0
6 38 -8 0
-6 -38 8 0
6 39 -9 0
-6 -39 9 0
7 40 -8 0
-7 -40 8 0
7 41 -9 0
-7 -41 9 0
8 42 -9 0
-8 -42 9 0
-10 -17 0
10 18 -11 0
-10 -18 11 0
10 19 -12 0
-10 -19 12 0
10 20 -13 0
-10 -20 13 0
10 21 -14 0
-10 -21 14 0
10 22 -15 0
-10 -22 15 0
10 23 -16 0
-10 -23 16 0
24 -11 0
25 -12 0
26 -13 0
27 -14 0
28 -16 0
11 29 -12 0
-11 -29 12 0
11 30 -13 0
-11 -30 13 0
11 31 -14 0
-11 -31 14 0
11 32 -15 0
-11 -32 15 0
11 33 -16 0
-11 -33 16 0
12 34 -13 0
-12 -34 13 0
12 35 -14 0
-12 -35 14 0
-12 15 0
12 36 -16 0
-12 -36 16 0
13 37 -14 0
-13 -37 14 0
13 38 -15 0
-13 -38 15 0
13 39 -16 0
-13 -39 16 0
14 40 -15 0
-14 -40 15 0
14 41 -16 0
-14 -41 16 0
15 42 -16 0
-15 -42 16 0
17 24 -18 0
-17 -24 18 0
17 25 -19 0
-17 -25 19 0
17 26 -20 0
-17 -26 20 0
17 27 -21 0
-17 -27 21 0
-17 22 0
17 28 -23 0
-17 -28 23 0
18 29 -19 0
-18 -29 19 0
18 30 -20 0
-18 -30 20 0
18 31 -21 0
-18 -31 21 0
18 32 -22 0
-18 -32 22 0
18 33 -23 0
-18 -33 23 0
19 34 -20 0
-19 -34 20 0
19 35 -21 0
-19 -35 21 0
-19 22 0
19 36 -23 0
-19 -36 23 0
20 37 -21 0
-20 -37 21 0
20 38 -22 0
-20 -38 22 0
20 39 -23 0
-20 -39 23 0
21 40 -22 0
-21 -40 22 0
21 41 -23 0
-21 -41 23 0
22 42 -23 0
-22 -42 23 0
24 29 -25 0
-24 -29 25 0
24 30 -26 0
-24 -30 26 0
24 31 -27 0
-24 -31 27 0
24 32 0
24 33 -28 0
-24 -33 28 0
25 34 -26 0
-25 -34 26 0
25 35 -27 0
-25 -35 27 0
25 36 -28 0
-25 -36 28 0
26 37 -27 0
-26 -37 27 0
26 38 0
26 39 -28 0
-26 -39 28 0
27 40 0
27 41 -28 0
-27 -41 28 0
-42 28 0
29 34 -30 0
-29 -34 30 0
29 35 -31 0
-29 -35 31 0
-29 32 0
29 36 -33 0
-29 -36 33 0
30 37 -31 0
-30 -37 31 0
30 38 -32 0
-30 -38 32 0
30 39 -33 0
-30 -39 33 0
31 40 -32 0
-31 -40 32 0
31 41 -33 0
-31 -41 33 0
32 42 -33 0
-32 -42 33 0
34 37 -35 0
-34 -37 35 0
34 38 0
34 39 -36 0
-34 -39 36 0
35 40 0
35 41 -36 0
-35 -41 36 0
-42 36 0
37 40 -38 0
-37 -40 38 0
37 41 -39 0
-37 -41 39 0
38 42 -39 0
-38 -42 39 0
40 42 -41 0
-40 -42 41 0
