p cnf 47 220
-1 -2 0
-1 -3 0
-1 -4 0
-1 -5 0
-2 -3 0
-2 -4 0
-2 -5 0
-3 -4 0
-3 -5 0
-4 -5 0
1 2 3 4 5 0
-1 -6 0
-1 -7 0
-1 -8 0
-1 -9 0
-1 -10 0
-6 -7 0
-6 -8 0
-6 -9 0
-6 -10 0
-7 -8 0
-7 -9 0
-7 -10 0
-8 -9 0
-8 -10 0
-9 -10 0
1 6 7 8 9 10 0
-11 -12 0
11 12 0
-2 -13 0
-2 -14 0
-2 -15 0
-2 -16 0
-2 -17 0
-13 -14 0
-13 -15 0
-13 -16 0
-13 -17 0
-14 -15 0
-14 -16 0
-14 -17 0
-15 -16 0
-15 -17 0
-16 -17 0
2 13 14 15 16 17 0
-18 -19 0
-18 -20 0
-18 -21 0
-18 -22 0
-18 -23 0
-19 -20 0
-19 -21 0
-19 -22 0
-19 -23 0
-20 -21 0
-20 -22 0
-20 -23 0
-21 -22 0
-21 -23 0
-22 -23 0
18 19 20 21 22 23 0
-18 -24 0
-18 -25 0
-18 -26 0
-18 -27 0
-24 -25 0
-24 -26 0
-24 -27 0
-25 -26 0
-25 -27 0
-26 -27 0
18 24 25 26 27 0
-3 -6 0
-3 -11 0
-3 -24 0
-3 -28 0
-3 -29 0
-3 -30 0
-3 -31 0
-6 -11 0
-6 -24 0
-6 -28 0
-6 -29 0
-6 -30 0
-6 -31 0
-11 -24 0
-11 -28 0
-11 -29 0
-11 -30 0
-11 -31 0
-24 -28 0
-24 -29 0
-24 -30 0
-24 -31 0
-28 -29 0
-28 -30 0
-28 -31 0
-29 -30 0
-29 -31 0
-30 -31 0
3 6 11 24 28 29 30 31 0
-4 -13 0
4 13 0
-5 -19 0
-5 -32 0
-19 -32 0
5 19 32 0
-7 -14 0
-7 -20 0
-7 -33 0
-7 -34 0
-7 -35 0
-7 -36 0
-14 -20 0
-14 -33 0
-14 -34 0
-14 -35 0
-14 -36 0
-20 -33 0
-20 -34 0
-20 -35 0
-20 -36 0
-33 -34 0
-33 -35 0
-33 -36 0
-34 -35 0
-34 -36 0
-35 -36 0
7 14 20 33 34 35 36 0
-8 -33 0
-8 -37 0
-8 -38 0
-33 -37 0
-33 -38 0
-37 -38 0
8 33 37 38 0
-25 -28 0
-25 -39 0
-25 -40 0
-25 -41 0
-28 -39 0
-28 -40 0
-28 -41 0
-39 -40 0
-39 -41 0
-40 -41 0
25 28 39 40 41 0
-37 -42 0
-37 -43 0
-42 -43 0
37 42 43 0
-42 -44 0
-42 -45 0
-44 -45 0
42 44 45 0
-15 -29 0
-15 -34 0
-29 -34 0
15 29 34 0
-9 -16 0
-9 -21 0
-9 -39 0
-9 -44 0
-9 -46 0
-16 -21 0
-16 -39 0
-16 -44 0
-16 -46 0
-21 -39 0
-21 -44 0
-21 -46 0
-39 -44 0
-39 -46 0
-44 -46 0
9 16 21 39 44 46 0
-17 -32 0
-17 -35 0
-17 -40 0
-17 -47 0
-32 -35 0
-32 -40 0
-32 -47 0
-35 -40 0
-35 -47 0
-40 -47 0
17 32 35 40 47 0
-22 -30 0
-22 -36 0
-22 -38 0
-30 -36 0
-30 -38 0
-36 -38 0
22 30 36 38 0
-23 -26 0
-23 -45 0
-23 -46 0
-23 -47 0
-26 -45 0
-26 -46 0
-26 -47 0
-45 -46 0
-45 -47 0
-46 -47 0
23 26 45 46 47 0
-10 -12 0
-10 -27 0
-10 -31 0
-10 -41 0
-10 -43 0
-12 -27 0
-12 -31 0
-12 -41 0
-12 -43 0
-27 -31 0
-27 -41 0
-27 -43 0
-31 -41 0
-31 -43 0
-41 -43 0
10 12 27 31 41 43 0
