p cnf 109 287
1 2 3 0
-1 -2 0
-1 -3 0
-2 -3 0
4 5 6 0
-4 -5 0
-4 -6 0
-5 -6 0
7 8 0
-7 -8 0
9 10 0
-9 -10 0
11 12 0
-11 -12 0
13 14 0
-13 -14 0
15 16 17 18 0
-15 -16 0
-15 -17 0
-15 -18 0
-16 -17 0
-16 -18 0
-17 -18 0
19 20 21 0
-19 -20 0
-19 -21 0
-20 -21 0
22 23 24 25 0
-22 -23 0
-22 -24 0
-22 -25 0
-23 -24 0
-23 -25 0
-24 -25 0
26 27 0
-26 -27 0
28 29 30 31 0
-28 -29 0
-28 -30 0
-28 -31 0
-29 -30 0
-29 -31 0
-30 -31 0
32 33 34 35 0
-32 -33 0
-32 -34 0
-32 -35 0
-33 -34 0
-33 -35 0
-34 -35 0
36 37 38 39 0
-36 -37 0
-36 -38 0
-36 -39 0
-37 -38 0
-37 -39 0
-38 -39 0
40 41 42 0
-40 -41 0
-40 -42 0
-41 -42 0
43 44 45 0
-43 -44 0
-43 -45 0
-44 -45 0
46 47 48 49 0
-46 -47 0
-46 -48 0
-46 -49 0
-47 -48 0
-47 -49 0
-48 -49 0
50 51 52 53 0
-50 -51 0
-50 -52 0
-50 -53 0
-51 -52 0
-51 -53 0
-52 -53 0
54 55 0
-54 -55 0
56 57 58 0
-56 -57 0
-56 -58 0
-57 -58 0
59 60 0
-59 -60 0
61 62 0
-61 -62 0
63 64 65 0
-63 -64 0
-63 -65 0
-64 -65 0
66 67 68 69 0
-66 -67 0
-66 -68 0
-66 -69 0
-67 -68 0
-67 -69 0
-68 -69 0
70 71 0
-70 -71 0
72 73 74 0
-72 -73 0
-72 -74 0
-73 -74 0
75 76 77 0
-75 -76 0
-75 -77 0
-76 -77 0
78 79 80 0
-78 -79 0
-78 -80 0
-79 -80 0
81 82 0
-81 -82 0
83 84 85 86 0
-83 -84 0
-83 -85 0
-83 -86 0
-84 -85 0
-84 -86 0
-85 -86 0
87 88 89 0
-87 -88 0
-87 -89 0
-88 -89 0
90 91 92 93 0
-90 -91 0
-90 -92 0
-90 -93 0
-91 -92 0
-91 -93 0
-92 -93 0
94 95 96 97 0
-94 -95 0
-94 -96 0
-94 -97 0
-95 -96 0
-95 -97 0
-96 -97 0
98 99 100 0
-98 -99 0
-98 -100 0
-99 -100 0
101 102 103 0
-101 -102 0
-101 -103 0
-102 -103 0
104 105 106 0
-104 -105 0
-104 -106 0
-105 -106 0
107 108 109 0
-107 -108 0
-107 -109 0
-108 -109 0
-1 -15 0
-2 -16 0
-3 -17 0
-1 -75 0
-2 -76 0
-1 -90 0
-2 -91 0
-3 -92 0
-4 -9 0
-6 -10 0
-4 -23 0
-5 -24 0
-6 -25 0
-4 -26 0
-6 -27 0
-4 -61 0
-6 -62 0
-5 -70 0
-6 -71 0
-4 -88 0
-6 -89 0
-9 -19 0
-10 -21 0
-9 -47 0
-10 -49 0
-9 -51 0
-10 -53 0
-10 -80 0
-10 -109 0
-11 -44 0
-12 -45 0
-11 -59 0
-12 -60 0
-12 -82 0
-13 -24 0
-14 -25 0
-13 -68 0
-14 -69 0
-15 -22 0
-16 -23 0
-17 -24 0
-18 -25 0
-15 -36 0
-16 -37 0
-17 -38 0
-18 -39 0
-15 -98 0
-17 -99 0
-18 -100 0
-19 -37 0
-20 -38 0
-21 -39 0
-20 -99 0
-21 -100 0
-24 -59 0
-25 -60 0
-22 -107 0
-24 -108 0
-25 -109 0
-26 -76 0
-27 -77 0
-26 -84 0
-27 -86 0
-32 -36 0
-33 -37 0
-34 -38 0
-35 -39 0
-33 -56 0
-34 -57 0
-35 -58 0
-37 -63 0
-38 -64 0
-39 -65 0
-36 -90 0
-37 -91 0
-38 -92 0
-39 -93 0
-41 -54 0
-41 -101 0
-42 -103 0
-40 -107 0
-42 -109 0
-43 -91 0
-44 -92 0
-45 -93 0
-46 -75 0
-47 -76 0
-49 -77 0
-46 -90 0
-47 -91 0
-48 -92 0
-49 -93 0
-47 -104 0
-48 -105 0
-49 -106 0
-50 -107 0
-52 -108 0
-53 -109 0
-55 -59 0
-54 -88 0
-55 -108 0
-57 -59 0
-58 -60 0
-56 -76 0
-58 -77 0
-56 -104 0
-57 -105 0
-58 -106 0
-59 -92 0
-60 -93 0
-63 -84 0
-64 -85 0
-65 -86 0
-66 -72 0
-67 -73 0
-69 -74 0
-66 -98 0
-68 -99 0
-69 -100 0
-71 -82 0
-72 -94 0
-73 -95 0
-74 -97 0
-78 -107 0
-79 -108 0
-80 -109 0
-102 -108 0
-103 -109 0
-105 -108 0
-106 -109 0
