p cnf 54 201
-14 -15 0
-14 -16 0
-14 -17 0
-15 -16 0
-15 -17 0
-16 -17 0
14 15 16 17 0
-18 -19 0
-18 -20 0
-18 -21 0
-19 -20 0
-19 -21 0
-20 -21 0
18 19 20 21 0
-14 -18 0
-15 -19 0
-16 -20 0
-17 -21 0
1 -14 0
1 -18 0
2 -15 0
2 -19 0
3 -16 0
3 -20 0
4 -17 0
4 -21 0
5 -14 0
5 -18 0
6 -14 -19 0
6 -18 -15 0
7 -14 -20 0
7 -18 -16 0
8 -14 -21 0
8 -18 -17 0
9 -16 0
9 -20 0
10 -17 0
10 -21 0
11 -15 -20 0
11 -19 -16 0
12 -15 -21 0
12 -19 -17 0
13 -16 -21 0
13 -20 -17 0
-22 -23 0
-22 -24 0
-22 -25 0
-23 -24 0
-23 -25 0
-24 -25 0
22 23 24 25 0
-26 -27 0
-26 -28 0
-26 -29 0
-26 -30 0
-26 -31 0
-27 -28 0
-27 -29 0
-27 -30 0
-27 -31 0
-28 -29 0
-28 -30 0
-28 -31 0
-29 -30 0
-29 -31 0
-30 -31 0
26 27 28 29 30 31 0
-32 -33 0
-32 -34 0
-32 -35 0
-32 -36 0
-32 -37 0
-33 -34 0
-33 -35 0
-33 -36 0
-33 -37 0
-34 -35 0
-34 -36 0
-34 -37 0
-35 -36 0
-35 -37 0
-36 -37 0
32 33 34 35 36 37 0
-38 -39 0
-38 -40 0
-38 -41 0
-38 -42 0
-38 -43 0
-39 -40 0
-39 -41 0
-39 -42 0
-39 -43 0
-40 -41 0
-40 -42 0
-40 -43 0
-41 -42 0
-41 -43 0
-42 -43 0
38 39 40 41 42 43 0
-44 -45 0
-44 -46 0
-44 -47 0
-44 -48 0
-44 -49 0
-45 -46 0
-45 -47 0
-45 -48 0
-45 -49 0
-46 -47 0
-46 -48 0
-46 -49 0
-47 -48 0
-47 -49 0
-48 -49 0
44 45 46 47 48 49 0
-50 -51 0
-50 -52 0
-50 -53 0
-50 -54 0
-51 -52 0
-51 -53 0
-51 -54 0
-52 -53 0
-52 -54 0
-53 -54 0
50 51 52 53 54 0
-1 -22 -26 0
-1 -23 -28 0
-1 -24 -29 0
-1 -25 -31 0
-22 -32 0
-23 -34 0
-24 -35 0
-25 -37 0
-2 -22 -38 0
-2 -23 -40 0
-2 -24 -41 0
-2 -25 -43 0
-3 -22 -44 0
-3 -23 -46 0
-3 -24 -47 0
-3 -25 -49 0
-4 -22 -50 0
-4 -23 -52 0
-4 -25 -54 0
-5 -26 -32 0
-5 -27 -33 0
-5 -28 -34 0
-5 -29 -35 0
-5 -30 -36 0
-5 -31 -37 0
-6 -26 -38 0
-6 -27 -39 0
-6 -28 -40 0
-6 -29 -41 0
-6 -30 -42 0
-6 -31 -43 0
-7 -26 -44 0
-7 -27 -45 0
-7 -28 -46 0
-7 -29 -47 0
-7 -30 -48 0
-7 -31 -49 0
-8 -26 -50 0
-8 -27 -51 0
-8 -28 -52 0
-8 -30 -53 0
-8 -31 -54 0
-32 -38 0
-33 -39 0
-34 -40 0
-35 -41 0
-36 -42 0
-37 -43 0
-9 -32 -44 0
-9 -33 -45 0
-9 -34 -46 0
-9 -35 -47 0
-9 -36 -48 0
-9 -37 -49 0
-10 -32 -50 0
-10 -33 -51 0
-10 -34 -52 0
-10 -36 -53 0
-10 -37 -54 0
-11 -38 -44 0
-11 -39 -45 0
-11 -40 -46 0
-11 -41 -47 0
-11 -42 -48 0
-11 -43 -49 0
-12 -38 -50 0
-12 -39 -51 0
-12 -40 -52 0
-12 -42 -53 0
-12 -43 -54 0
-13 -44 -50 0
-13 -45 -51 0
-13 -46 -52 0
-13 -48 -53 0
-13 -49 -54 0
