p cnf 55 196
12 13 14 15 16 0
-1 -6 0
-1 -12 0
-1 -17 0
-1 -23 0
-1 -27 0
-1 -34 0
-1 -44 0
-1 -50 0
-6 -12 0
-6 -17 0
-6 -23 0
-6 -27 0
-6 -34 0
-6 -44 0
-6 -50 0
-12 -17 0
-12 -23 0
-12 -27 0
-12 -34 0
-12 -44 0
-12 -50 0
-17 -23 0
-17 -27 0
-17 -34 0
-17 -44 0
-17 -50 0
-23 -27 0
-23 -34 0
-23 -44 0
-23 -50 0
-27 -34 0
-27 -44 0
-27 -50 0
-34 -44 0
-34 -50 0
-44 -50 0
-2 -7 0
-2 -13 0
-2 -18 0
-2 -28 0
-2 -35 0
-2 -39 0
-2 -45 0
-2 -51 0
-7 -13 0
-7 -18 0
-7 -28 0
-7 -35 0
-7 -39 0
-7 -45 0
-7 -51 0
-13 -18 0
-13 -28 0
-13 -35 0
-13 -39 0
-13 -45 0
-13 -51 0
-18 -28 0
-18 -35 0
-18 -39 0
-18 -45 0
-18 -51 0
-28 -35 0
-28 -39 0
-28 -45 0
-28 -51 0
-35 -39 0
-35 -45 0
-35 -51 0
-39 -45 0
-39 -51 0
-45 -51 0
-3 -8 0
-3 -19 0
-3 -29 0
-3 -40 0
-3 -46 0
-3 -52 0
-8 -19 0
-8 -29 0
-8 -40 0
-8 -46 0
-8 -52 0
-19 -29 0
-19 -40 0
-19 -46 0
-19 -52 0
-29 -40 0
-29 -46 0
-29 -52 0
-40 -46 0
-40 -52 0
-46 -52 0
-9 -14 0
-9 -20 0
-9 -24 0
-9 -30 0
-9 -41 0
-9 -53 0
-14 -20 0
-14 -24 0
-14 -30 0
-14 -41 0
-14 -53 0
-20 -24 0
-20 -30 0
-20 -41 0
-20 -53 0
-24 -30 0
-24 -41 0
-24 -53 0
-30 -41 0
-30 -53 0
-41 -53 0
-15 -21 0
-15 -31 0
-15 -36 0
-15 -42 0
-15 -47 0
-15 -54 0
-21 -31 0
-21 -36 0
-21 -42 0
-21 -47 0
-21 -54 0
-31 -36 0
-31 -42 0
-31 -47 0
-31 -54 0
-36 -42 0
-36 -47 0
-36 -54 0
-42 -47 0
-42 -54 0
-47 -54 0
-4 -10 0
-4 -16 0
-4 -22 0
-4 -25 0
-4 -32 0
-4 -37 0
-4 -43 0
-4 -48 0
-4 -55 0
-10 -16 0
-10 -22 0
-10 -25 0
-10 -32 0
-10 -37 0
-10 -43 0
-10 -48 0
-10 -55 0
-16 -22 0
-16 -25 0
-16 -32 0
-16 -37 0
-16 -43 0
-16 -48 0
-16 -55 0
-22 -25 0
-22 -32 0
-22 -37 0
-22 -43 0
-22 -48 0
-22 -55 0
-25 -32 0
-25 -37 0
-25 -43 0
-25 -48 0
-25 -55 0
-32 -37 0
-32 -43 0
-32 -48 0
-32 -55 0
-37 -43 0
-37 -48 0
-37 -55 0
-43 -48 0
-43 -55 0
-48 -55 0
-5 -11 0
-5 -26 0
-5 -33 0
-5 -38 0
-5 -49 0
-11 -26 0
-11 -33 0
-11 -38 0
-11 -49 0
-26 -33 0
-26 -38 0
-26 -49 0
-33 -38 0
-33 -49 0
-38 -49 0
