p cnf 59 741
1 2 3 4 5 0
1 2 3 4 6 0
1 2 3 5 6 0
1 2 4 5 6 0
1 3 4 5 6 0
2 3 4 5 6 0
7 8 9 10 11 0
7 8 9 10 12 0
7 8 9 10 13 0
7 8 9 10 14 0
7 8 9 11 12 0
7 8 9 11 13 0
7 8 9 11 14 0
7 8 9 12 13 0
7 8 9 12 14 0
7 8 9 13 14 0
7 8 10 11 12 0
7 8 10 11 13 0
7 8 10 11 14 0
7 8 10 12 13 0
7 8 10 12 14 0
7 8 10 13 14 0
7 8 11 12 13 0
7 8 11 12 14 0
7 8 11 13 14 0
7 8 12 13 14 0
7 9 10 11 12 0
7 9 10 11 13 0
7 9 10 11 14 0
7 9 10 12 13 0
7 9 10 12 14 0
7 9 10 13 14 0
7 9 11 12 13 0
7 9 11 12 14 0
7 9 11 13 14 0
7 9 12 13 14 0
7 10 11 12 13 0
7 10 11 12 14 0
7 10 11 13 14 0
7 10 12 13 14 0
7 11 12 13 14 0
8 9 10 11 12 0
8 9 10 11 13 0
8 9 10 11 14 0
8 9 10 12 13 0
8 9 10 12 14 0
8 9 10 13 14 0
8 9 11 12 13 0
8 9 11 12 14 0
8 9 11 13 14 0
8 9 12 13 14 0
8 10 11 12 13 0
8 10 11 12 14 0
8 10 11 13 14 0
8 10 12 13 14 0
8 11 12 13 14 0
9 10 11 12 13 0
9 10 11 12 14 0
9 10 11 13 14 0
9 10 12 13 14 0
9 11 12 13 14 0
10 11 12 13 14 0
15 16 17 18 19 0
15 16 17 18 20 0
15 16 17 18 21 0
15 16 17 18 22 0
15 16 17 19 20 0
15 16 17 19 21 0
15 16 17 19 22 0
15 16 17 20 21 0
15 16 17 20 22 0
15 16 17 21 22 0
15 16 18 19 20 0
15 16 18 19 21 0
15 16 18 19 22 0
15 16 18 20 21 0
15 16 18 20 22 0
15 16 18 21 22 0
15 16 19 20 21 0
15 16 19 20 22 0
15 16 19 21 22 0
15 16 20 21 22 0
15 17 18 19 20 0
15 17 18 19 21 0
15 17 18 19 22 0
15 17 18 20 21 0
15 17 18 20 22 0
15 17 18 21 22 0
15 17 19 20 21 0
15 17 19 20 22 0
15 17 19 21 22 0
15 17 20 21 22 0
15 18 19 20 21 0
15 18 19 20 22 0
15 18 19 21 22 0
15 18 20 21 22 0
15 19 20 21 22 0
16 17 18 19 20 0
16 17 18 19 21 0
16 17 18 19 22 0
16 17 18 20 21 0
16 17 18 20 22 0
16 17 18 21 22 0
16 17 19 20 21 0
16 17 19 20 22 0
16 17 19 21 22 0
16 17 20 21 22 0
16 18 19 20 21 0
16 18 19 20 22 0
16 18 19 21 22 0
16 18 20 21 22 0
16 19 20 21 22 0
17 18 19 20 21 0
17 18 19 20 22 0
17 18 19 21 22 0
17 18 20 21 22 0
17 19 20 21 22 0
18 19 20 21 22 0
23 24 25 26 27 0
23 24 25 26 28 0
23 24 25 26 29 0
23 24 25 26 30 0
23 24 25 27 28 0
23 24 25 27 29 0
23 24 25 27 30 0
23 24 25 28 29 0
23 24 25 28 30 0
23 24 25 29 30 0
23 24 26 27 28 0
23 24 26 27 29 0
23 24 26 27 30 0
23 24 26 28 29 0
23 24 26 28 30 0
23 24 26 29 30 0
23 24 27 28 29 0
23 24 27 28 30 0
23 24 27 29 30 0
23 24 28 29 30 0
23 25 26 27 28 0
23 25 26 27 29 0
23 25 26 27 30 0
23 25 26 28 29 0
23 25 26 28 30 0
23 25 26 29 30 0
23 25 27 28 29 0
23 25 27 28 30 0
23 25 27 29 30 0
23 25 28 29 30 0
23 26 27 28 29 0
23 26 27 28 30 0
23 26 27 29 30 0
23 26 28 29 30 0
23 27 28 29 30 0
24 25 26 27 28 0
24 25 26 27 29 0
24 25 26 27 30 0
24 25 26 28 29 0
24 25 26 28 30 0
24 25 26 29 30 0
24 25 27 28 29 0
24 25 27 28 30 0
24 25 27 29 30 0
24 25 28 29 30 0
24 26 27 28 29 0
24 26 27 28 30 0
24 26 27 29 30 0
24 26 28 29 30 0
24 27 28 29 30 0
25 26 27 28 29 0
25 26 27 28 30 0
25 26 27 29 30 0
25 26 28 29 30 0
25 27 28 29 30 0
26 27 28 29 30 0
31 32 33 34 35 0
31 32 33 34 36 0
31 32 33 34 37 0
31 32 33 35 36 0
31 32 33 35 37 0
31 32 33 36 37 0
31 32 34 35 36 0
31 32 34 35 37 0
31 32 34 36 37 0
31 32 35 36 37 0
31 33 34 35 36 0
31 33 34 35 37 0
31 33 34 36 37 0
31 33 35 36 37 0
31 34 35 36 37 0
32 33 34 35 36 0
32 33 34 35 37 0
32 33 34 36 37 0
32 33 35 36 37 0
32 34 35 36 37 0
33 34 35 36 37 0
38 39 40 41 42 0
38 39 40 41 43 0
38 39 40 41 44 0
38 39 40 41 45 0
38 39 40 42 43 0
38 39 40 42 44 0
38 39 40 42 45 0
38 39 40 43 44 0
38 39 40 43 45 0
38 39 40 44 45 0
38 39 41 42 43 0
38 39 41 42 44 0
38 39 41 42 45 0
38 39 41 43 44 0
38 39 41 43 45 0
38 39 41 44 45 0
38 39 42 43 44 0
38 39 42 43 45 0
38 39 42 44 45 0
38 39 43 44 45 0
38 40 41 42 43 0
38 40 41 42 44 0
38 40 41 42 45 0
38 40 41 43 44 0
38 40 41 43 45 0
38 40 41 44 45 0
38 40 42 43 44 0
38 40 42 43 45 0
38 40 42 44 45 0
38 40 43 44 45 0
38 41 42 43 44 0
38 41 42 43 45 0
38 41 42 44 45 0
38 41 43 44 45 0
38 42 43 44 45 0
39 40 41 42 43 0
39 40 41 42 44 0
39 40 41 42 45 0
39 40 41 43 44 0
39 40 41 43 45 0
39 40 41 44 45 0
39 40 42 43 44 0
39 40 42 43 45 0
39 40 42 44 45 0
39 40 43 44 45 0
39 41 42 43 44 0
39 41 42 43 45 0
39 41 42 44 45 0
39 41 43 44 45 0
39 42 43 44 45 0
40 41 42 43 44 0
40 41 42 43 45 0
40 41 42 44 45 0
40 41 43 44 45 0
40 42 43 44 45 0
41 42 43 44 45 0
46 47 48 49 50 0
46 47 48 49 51 0
46 47 48 49 52 0
46 47 48 50 51 0
46 47 48 50 52 0
46 47 48 51 52 0
46 47 49 50 51 0
46 47 49 50 52 0
46 47 49 51 52 0
46 47 50 51 52 0
46 48 49 50 51 0
46 48 49 50 52 0
46 48 49 51 52 0
46 48 50 51 52 0
46 49 50 51 52 0
47 48 49 50 51 0
47 48 49 50 52 0
47 48 49 51 52 0
47 48 50 51 52 0
47 49 50 51 52 0
48 49 50 51 52 0
53 54 55 56 0
53 54 55 57 0
53 54 55 58 0
53 54 55 59 0
53 54 55 56 57 0
53 54 55 56 58 0
53 54 55 56 59 0
53 54 55 57 58 0
53 54 55 57 59 0
53 54 55 58 59 0
53 54 56 57 0
53 54 56 58 0
53 54 56 59 0
53 54 57 58 0
53 54 57 59 0
53 54 58 59 0
53 54 56 57 58 0
53 54 56 57 59 0
53 54 56 58 59 0
53 54 57 58 59 0
53 55 56 57 0
53 55 56 58 0
53 55 56 59 0
53 55 57 58 0
53 55 57 59 0
53 55 58 59 0
53 55 56 57 58 0
53 55 56 57 59 0
53 55 56 58 59 0
53 55 57 58 59 0
53 56 57 58 0
53 56 57 59 0
53 56 58 59 0
53 57 58 59 0
53 56 57 58 59 0
54 55 56 57 0
54 55 56 58 0
54 55 56 59 0
54 55 57 58 0
54 55 57 59 0
54 55 58 59 0
54 55 56 57 58 0
54 55 56 57 59 0
54 55 56 58 59 0
54 55 57 58 59 0
54 56 57 58 0
54 56 57 59 0
54 56 58 59 0
54 57 58 59 0
54 56 57 58 59 0
55 56 57 58 0
55 56 57 59 0
55 56 58 59 0
55 57 58 59 0
55 56 57 58 59 0
56 57 58 59 0
-7 -15 -23 -31 0
-7 -15 -23 -38 0
-7 -15 -23 -46 0
-7 -15 -23 -53 0
-7 -15 -31 -38 0
-7 -15 -31 -46 0
-7 -15 -31 -53 0
-7 -15 -38 -46 0
-7 -15 -38 -53 0
-7 -15 -46 -53 0
-7 -23 -31 -38 0
-7 -23 -31 -46 0
-7 -23 -31 -53 0
-7 -23 -38 -46 0
-7 -23 -38 -53 0
-7 -23 -46 -53 0
-7 -31 -38 -46 0
-7 -31 -38 -53 0
-7 -31 -46 -53 0
-7 -38 -46 -53 0
-15 -23 -31 -38 0
-15 -23 -31 -46 0
-15 -23 -31 -53 0
-15 -23 -38 -46 0
-15 -23 -38 -53 0
-15 -23 -46 -53 0
-15 -31 -38 -46 0
-15 -31 -38 -53 0
-15 -31 -46 -53 0
-15 -38 -46 -53 0
-23 -31 -38 -46 0
-23 -31 -38 -53 0
-23 -31 -46 -53 0
-23 -38 -46 -53 0
-31 -38 -46 -53 0
-7 -15 -23 -31 -38 0
-7 -15 -23 -31 -46 0
-7 -15 -23 -31 -53 0
-7 -15 -23 -38 -46 0
-7 -15 -23 -38 -53 0
-7 -15 -23 -46 -53 0
-7 -15 -31 -38 -46 0
-7 -15 -31 -38 -53 0
-7 -15 -31 -46 -53 0
-7 -15 -38 -46 -53 0
-7 -23 -31 -38 -46 0
-7 -23 -31 -38 -53 0
-7 -23 -31 -46 -53 0
-7 -23 -38 -46 -53 0
-7 -31 -38 -46 -53 0
-15 -23 -31 -38 -46 0
-15 -23 -31 -38 -53 0
-15 -23 -31 -46 -53 0
-15 -23 -38 -46 -53 0
-15 -31 -38 -46 -53 0
-23 -31 -38 -46 -53 0
-8 -16 -24 0
-8 -16 -24 -39 0
-8 -16 -24 -47 0
-8 -16 -24 -54 0
-8 -16 -39 0
-8 -16 -47 0
-8 -16 -54 0
-8 -16 -39 -47 0
-8 -16 -39 -54 0
-8 -16 -47 -54 0
-8 -24 -39 0
-8 -24 -47 0
-8 -24 -54 0
-8 -24 -39 -47 0
-8 -24 -39 -54 0
-8 -24 -47 -54 0
-8 -39 -47 0
-8 -39 -54 0
-8 -47 -54 0
-8 -39 -47 -54 0
-16 -24 -39 0
-16 -24 -47 0
-16 -24 -54 0
-16 -24 -39 -47 0
-16 -24 -39 -54 0
-16 -24 -47 -54 0
-16 -39 -47 0
-16 -39 -54 0
-16 -47 -54 0
-16 -39 -47 -54 0
-24 -39 -47 0
-24 -39 -54 0
-24 -47 -54 0
-24 -39 -47 -54 0
-39 -47 -54 0
-8 -16 -24 -39 0
-8 -16 -24 -47 0
-8 -16 -24 -54 0
-8 -16 -24 -39 -47 0
-8 -16 -24 -39 -54 0
-8 -16 -24 -47 -54 0
-8 -16 -39 -47 0
-8 -16 -39 -54 0
-8 -16 -47 -54 0
-8 -16 -39 -47 -54 0
-8 -24 -39 -47 0
-8 -24 -39 -54 0
-8 -24 -47 -54 0
-8 -24 -39 -47 -54 0
-8 -39 -47 -54 0
-16 -24 -39 -47 0
-16 -24 -39 -54 0
-16 -24 -47 -54 0
-16 -24 -39 -47 -54 0
-16 -39 -47 -54 0
-24 -39 -47 -54 0
-1 -9 -17 -25 -32 0
-1 -9 -17 -25 -40 0
-1 -9 -17 -25 0
-1 -9 -17 -25 -55 0
-1 -9 -17 -32 -40 0
-1 -9 -17 -32 0
-1 -9 -17 -32 -55 0
-1 -9 -17 -40 0
-1 -9 -17 -40 -55 0
-1 -9 -17 -55 0
-1 -9 -25 -32 -40 0
-1 -9 -25 -32 0
-1 -9 -25 -32 -55 0
-1 -9 -25 -40 0
-1 -9 -25 -40 -55 0
-1 -9 -25 -55 0
-1 -9 -32 -40 0
-1 -9 -32 -40 -55 0
-1 -9 -32 -55 0
-1 -9 -40 -55 0
-1 -17 -25 -32 -40 0
-1 -17 -25 -32 0
-1 -17 -25 -32 -55 0
-1 -17 -25 -40 0
-1 -17 -25 -40 -55 0
-1 -17 -25 -55 0
-1 -17 -32 -40 0
-1 -17 -32 -40 -55 0
-1 -17 -32 -55 0
-1 -17 -40 -55 0
-1 -25 -32 -40 0
-1 -25 -32 -40 -55 0
-1 -25 -32 -55 0
-1 -25 -40 -55 0
-1 -32 -40 -55 0
-9 -17 -25 -32 -40 0
-9 -17 -25 -32 0
-9 -17 -25 -32 -55 0
-9 -17 -25 -40 0
-9 -17 -25 -40 -55 0
-9 -17 -25 -55 0
-9 -17 -32 -40 0
-9 -17 -32 -40 -55 0
-9 -17 -32 -55 0
-9 -17 -40 -55 0
-9 -25 -32 -40 0
-9 -25 -32 -40 -55 0
-9 -25 -32 -55 0
-9 -25 -40 -55 0
-9 -32 -40 -55 0
-17 -25 -32 -40 0
-17 -25 -32 -40 -55 0
-17 -25 -32 -55 0
-17 -25 -40 -55 0
-17 -32 -40 -55 0
-25 -32 -40 -55 0
-2 -10 -18 -26 -33 0
-2 -10 -18 -26 -41 0
-2 -10 -18 -26 -48 0
-2 -10 -18 -33 -41 0
-2 -10 -18 -33 -48 0
-2 -10 -18 -41 -48 0
-2 -10 -26 -33 -41 0
-2 -10 -26 -33 -48 0
-2 -10 -26 -41 -48 0
-2 -10 -33 -41 -48 0
-2 -18 -26 -33 -41 0
-2 -18 -26 -33 -48 0
-2 -18 -26 -41 -48 0
-2 -18 -33 -41 -48 0
-2 -26 -33 -41 -48 0
-10 -18 -26 -33 -41 0
-10 -18 -26 -33 -48 0
-10 -18 -26 -41 -48 0
-10 -18 -33 -41 -48 0
-10 -26 -33 -41 -48 0
-18 -26 -33 -41 -48 0
-3 -11 -19 -27 -34 0
-3 -11 -19 -27 -42 0
-3 -11 -19 -27 -49 0
-3 -11 -19 -27 -56 0
-3 -11 -19 -34 -42 0
-3 -11 -19 -34 -49 0
-3 -11 -19 -34 -56 0
-3 -11 -19 -42 -49 0
-3 -11 -19 -42 -56 0
-3 -11 -19 -49 -56 0
-3 -11 -27 -34 -42 0
-3 -11 -27 -34 -49 0
-3 -11 -27 -34 -56 0
-3 -11 -27 -42 -49 0
-3 -11 -27 -42 -56 0
-3 -11 -27 -49 -56 0
-3 -11 -34 -42 -49 0
-3 -11 -34 -42 -56 0
-3 -11 -34 -49 -56 0
-3 -11 -42 -49 -56 0
-3 -19 -27 -34 -42 0
-3 -19 -27 -34 -49 0
-3 -19 -27 -34 -56 0
-3 -19 -27 -42 -49 0
-3 -19 -27 -42 -56 0
-3 -19 -27 -49 -56 0
-3 -19 -34 -42 -49 0
-3 -19 -34 -42 -56 0
-3 -19 -34 -49 -56 0
-3 -19 -42 -49 -56 0
-3 -27 -34 -42 -49 0
-3 -27 -34 -42 -56 0
-3 -27 -34 -49 -56 0
-3 -27 -42 -49 -56 0
-3 -34 -42 -49 -56 0
-11 -19 -27 -34 -42 0
-11 -19 -27 -34 -49 0
-11 -19 -27 -34 -56 0
-11 -19 -27 -42 -49 0
-11 -19 -27 -42 -56 0
-11 -19 -27 -49 -56 0
-11 -19 -34 -42 -49 0
-11 -19 -34 -42 -56 0
-11 -19 -34 -49 -56 0
-11 -19 -42 -49 -56 0
-11 -27 -34 -42 -49 0
-11 -27 -34 -42 -56 0
-11 -27 -34 -49 -56 0
-11 -27 -42 -49 -56 0
-11 -34 -42 -49 -56 0
-19 -27 -34 -42 -49 0
-19 -27 -34 -42 -56 0
-19 -27 -34 -49 -56 0
-19 -27 -42 -49 -56 0
-19 -34 -42 -49 -56 0
-27 -34 -42 -49 -56 0
-4 -12 -20 -28 -35 0
-4 -12 -20 -28 -43 0
-4 -12 -20 -28 -50 0
-4 -12 -20 -28 -57 0
-4 -12 -20 -35 -43 0
-4 -12 -20 -35 -50 0
-4 -12 -20 -35 -57 0
-4 -12 -20 -43 -50 0
-4 -12 -20 -43 -57 0
-4 -12 -20 -50 -57 0
-4 -12 -28 -35 -43 0
-4 -12 -28 -35 -50 0
-4 -12 -28 -35 -57 0
-4 -12 -28 -43 -50 0
-4 -12 -28 -43 -57 0
-4 -12 -28 -50 -57 0
-4 -12 -35 -43 -50 0
-4 -12 -35 -43 -57 0
-4 -12 -35 -50 -57 0
-4 -12 -43 -50 -57 0
-4 -20 -28 -35 -43 0
-4 -20 -28 -35 -50 0
-4 -20 -28 -35 -57 0
-4 -20 -28 -43 -50 0
-4 -20 -28 -43 -57 0
-4 -20 -28 -50 -57 0
-4 -20 -35 -43 -50 0
-4 -20 -35 -43 -57 0
-4 -20 -35 -50 -57 0
-4 -20 -43 -50 -57 0
-4 -28 -35 -43 -50 0
-4 -28 -35 -43 -57 0
-4 -28 -35 -50 -57 0
-4 -28 -43 -50 -57 0
-4 -35 -43 -50 -57 0
-12 -20 -28 -35 -43 0
-12 -20 -28 -35 -50 0
-12 -20 -28 -35 -57 0
-12 -20 -28 -43 -50 0
-12 -20 -28 -43 -57 0
-12 -20 -28 -50 -57 0
-12 -20 -35 -43 -50 0
-12 -20 -35 -43 -57 0
-12 -20 -35 -50 -57 0
-12 -20 -43 -50 -57 0
-12 -28 -35 -43 -50 0
-12 -28 -35 -43 -57 0
-12 -28 -35 -50 -57 0
-12 -28 -43 -50 -57 0
-12 -35 -43 -50 -57 0
-20 -28 -35 -43 -50 0
-20 -28 -35 -43 -57 0
-20 -28 -35 -50 -57 0
-20 -28 -43 -50 -57 0
-20 -35 -43 -50 -57 0
-28 -35 -43 -50 -57 0
-5 -13 -21 -29 -36 0
-5 -13 -21 -29 -44 0
-5 -13 -21 -29 -51 0
-5 -13 -21 -29 -58 0
-5 -13 -21 -36 -44 0
-5 -13 -21 -36 -51 0
-5 -13 -21 -36 -58 0
-5 -13 -21 -44 -51 0
-5 -13 -21 -44 -58 0
-5 -13 -21 -51 -58 0
-5 -13 -29 -36 -44 0
-5 -13 -29 -36 -51 0
-5 -13 -29 -36 -58 0
-5 -13 -29 -44 -51 0
-5 -13 -29 -44 -58 0
-5 -13 -29 -51 -58 0
-5 -13 -36 -44 -51 0
-5 -13 -36 -44 -58 0
-5 -13 -36 -51 -58 0
-5 -13 -44 -51 -58 0
-5 -21 -29 -36 -44 0
-5 -21 -29 -36 -51 0
-5 -21 -29 -36 -58 0
-5 -21 -29 -44 -51 0
-5 -21 -29 -44 -58 0
-5 -21 -29 -51 -58 0
-5 -21 -36 -44 -51 0
-5 -21 -36 -44 -58 0
-5 -21 -36 -51 -58 0
-5 -21 -44 -51 -58 0
-5 -29 -36 -44 -51 0
-5 -29 -36 -44 -58 0
-5 -29 -36 -51 -58 0
-5 -29 -44 -51 -58 0
-5 -36 -44 -51 -58 0
-13 -21 -29 -36 -44 0
-13 -21 -29 -36 -51 0
-13 -21 -29 -36 -58 0
-13 -21 -29 -44 -51 0
-13 -21 -29 -44 -58 0
-13 -21 -29 -51 -58 0
-13 -21 -36 -44 -51 0
-13 -21 -36 -44 -58 0
-13 -21 -36 -51 -58 0
-13 -21 -44 -51 -58 0
-13 -29 -36 -44 -51 0
-13 -29 -36 -44 -58 0
-13 -29 -36 -51 -58 0
-13 -29 -44 -51 -58 0
-13 -36 -44 -51 -58 0
-21 -29 -36 -44 -51 0
-21 -29 -36 -44 -58 0
-21 -29 -36 -51 -58 0
-21 -29 -44 -51 -58 0
-21 -36 -44 -51 -58 0
-29 -36 -44 -51 -58 0
-6 -14 -22 -30 -37 0
-6 -14 -22 -30 -45 0
-6 -14 -22 -30 -52 0
-6 -14 -22 -30 -59 0
-6 -14 -22 -37 -45 0
-6 -14 -22 -37 -52 0
-6 -14 -22 -37 -59 0
-6 -14 -22 -45 -52 0
-6 -14 -22 -45 -59 0
-6 -14 -22 -52 -59 0
-6 -14 -30 -37 -45 0
-6 -14 -30 -37 -52 0
-6 -14 -30 -37 -59 0
-6 -14 -30 -45 -52 0
-6 -14 -30 -45 -59 0
-6 -14 -30 -52 -59 0
-6 -14 -37 -45 -52 0
-6 -14 -37 -45 -59 0
-6 -14 -37 -52 -59 0
-6 -14 -45 -52 -59 0
-6 -22 -30 -37 -45 0
-6 -22 -30 -37 -52 0
-6 -22 -30 -37 -59 0
-6 -22 -30 -45 -52 0
-6 -22 -30 -45 -59 0
-6 -22 -30 -52 -59 0
-6 -22 -37 -45 -52 0
-6 -22 -37 -45 -59 0
-6 -22 -37 -52 -59 0
-6 -22 -45 -52 -59 0
-6 -30 -37 -45 -52 0
-6 -30 -37 -45 -59 0
-6 -30 -37 -52 -59 0
-6 -30 -45 -52 -59 0
-6 -37 -45 -52 -59 0
-14 -22 -30 -37 -45 0
-14 -22 -30 -37 -52 0
-14 -22 -30 -37 -59 0
-14 -22 -30 -45 -52 0
-14 -22 -30 -45 -59 0
-14 -22 -30 -52 -59 0
-14 -22 -37 -45 -52 0
-14 -22 -37 -45 -59 0
-14 -22 -37 -52 -59 0
-14 -22 -45 -52 -59 0
-14 -30 -37 -45 -52 0
-14 -30 -37 -45 -59 0
-14 -30 -37 -52 -59 0
-14 -30 -45 -52 -59 0
-14 -37 -45 -52 -59 0
-22 -30 -37 -45 -52 0
-22 -30 -37 -45 -59 0
-22 -30 -37 -52 -59 0
-22 -30 -45 -52 -59 0
-22 -37 -45 -52 -59 0
-30 -37 -45 -52 -59 0
