p cnf 114 423
12 13 14 15 16 17 18 19 20 21 22 0
35 36 37 38 39 40 41 42 43 44 45 0
57 58 59 60 61 62 63 64 65 66 67 0
-1 -12 0
-1 -23 0
-1 -35 0
-1 -46 0
-1 -57 0
-1 -68 0
-1 -80 0
-1 -93 0
-1 -103 0
-12 -23 0
-12 -35 0
-12 -46 0
-12 -57 0
-12 -68 0
-12 -80 0
-12 -93 0
-12 -103 0
-23 -35 0
-23 -46 0
-23 -57 0
-23 -68 0
-23 -80 0
-23 -93 0
-23 -103 0
-35 -46 0
-35 -57 0
-35 -68 0
-35 -80 0
-35 -93 0
-35 -103 0
-46 -57 0
-46 -68 0
-46 -80 0
-46 -93 0
-46 -103 0
-57 -68 0
-57 -80 0
-57 -93 0
-57 -103 0
-68 -80 0
-68 -93 0
-68 -103 0
-80 -93 0
-80 -103 0
-93 -103 0
-2 -13 0
-2 -24 0
-2 -36 0
-2 -58 0
-2 -69 0
-2 -81 0
-2 -104 0
-13 -24 0
-13 -36 0
-13 -58 0
-13 -69 0
-13 -81 0
-13 -104 0
-24 -36 0
-24 -58 0
-24 -69 0
-24 -81 0
-24 -104 0
-36 -58 0
-36 -69 0
-36 -81 0
-36 -104 0
-58 -69 0
-58 -81 0
-58 -104 0
-69 -81 0
-69 -104 0
-81 -104 0
-14 -25 0
-14 -37 0
-14 -47 0
-14 -59 0
-14 -70 0
-14 -82 0
-14 -94 0
-14 -105 0
-25 -37 0
-25 -47 0
-25 -59 0
-25 -70 0
-25 -82 0
-25 -94 0
-25 -105 0
-37 -47 0
-37 -59 0
-37 -70 0
-37 -82 0
-37 -94 0
-37 -105 0
-47 -59 0
-47 -70 0
-47 -82 0
-47 -94 0
-47 -105 0
-59 -70 0
-59 -82 0
-59 -94 0
-59 -105 0
-70 -82 0
-70 -94 0
-70 -105 0
-82 -94 0
-82 -105 0
-94 -105 0
-3 -15 0
-3 -26 0
-3 -38 0
-3 -48 0
-3 -60 0
-3 -83 0
-3 -95 0
-3 -106 0
-15 -26 0
-15 -38 0
-15 -48 0
-15 -60 0
-15 -83 0
-15 -95 0
-15 -106 0
-26 -38 0
-26 -48 0
-26 -60 0
-26 -83 0
-26 -95 0
-26 -106 0
-38 -48 0
-38 -60 0
-38 -83 0
-38 -95 0
-38 -106 0
-48 -60 0
-48 -83 0
-48 -95 0
-48 -106 0
-60 -83 0
-60 -95 0
-60 -106 0
-83 -95 0
-83 -106 0
-95 -106 0
-16 -27 0
-16 -39 0
-16 -61 0
-16 -71 0
-16 -84 0
-16 -96 0
-16 -107 0
-27 -39 0
-27 -61 0
-27 -71 0
-27 -84 0
-27 -96 0
-27 -107 0
-39 -61 0
-39 -71 0
-39 -84 0
-39 -96 0
-39 -107 0
-61 -71 0
-61 -84 0
-61 -96 0
-61 -107 0
-71 -84 0
-71 -96 0
-71 -107 0
-84 -96 0
-84 -107 0
-96 -107 0
-4 -17 0
-4 -28 0
-4 -49 0
-4 -72 0
-4 -85 0
-4 -97 0
-4 -108 0
-17 -28 0
-17 -49 0
-17 -72 0
-17 -85 0
-17 -97 0
-17 -108 0
-28 -49 0
-28 -72 0
-28 -85 0
-28 -97 0
-28 -108 0
-49 -72 0
-49 -85 0
-49 -97 0
-49 -108 0
-72 -85 0
-72 -97 0
-72 -108 0
-85 -97 0
-85 -108 0
-97 -108 0
-5 -18 0
-5 -29 0
-5 -40 0
-5 -50 0
-5 -62 0
-5 -73 0
-5 -86 0
-5 -98 0
-18 -29 0
-18 -40 0
-18 -50 0
-18 -62 0
-18 -73 0
-18 -86 0
-18 -98 0
-29 -40 0
-29 -50 0
-29 -62 0
-29 -73 0
-29 -86 0
-29 -98 0
-40 -50 0
-40 -62 0
-40 -73 0
-40 -86 0
-40 -98 0
-50 -62 0
-50 -73 0
-50 -86 0
-50 -98 0
-62 -73 0
-62 -86 0
-62 -98 0
-73 -86 0
-73 -98 0
-86 -98 0
-6 -30 0
-6 -51 0
-6 -63 0
-6 -74 0
-6 -87 0
-6 -109 0
-30 -51 0
-30 -63 0
-30 -74 0
-30 -87 0
-30 -109 0
-51 -63 0
-51 -74 0
-51 -87 0
-51 -109 0
-63 -74 0
-63 -87 0
-63 -109 0
-74 -87 0
-74 -109 0
-87 -109 0
-7 -31 0
-7 -41 0
-7 -52 0
-7 -64 0
-7 -75 0
-7 -88 0
-7 -99 0
-7 -110 0
-31 -41 0
-31 -52 0
-31 -64 0
-31 -75 0
-31 -88 0
-31 -99 0
-31 -110 0
-41 -52 0
-41 -64 0
-41 -75 0
-41 -88 0
-41 -99 0
-41 -110 0
-52 -64 0
-52 -75 0
-52 -88 0
-52 -99 0
-52 -110 0
-64 -75 0
-64 -88 0
-64 -99 0
-64 -110 0
-75 -88 0
-75 -99 0
-75 -110 0
-88 -99 0
-88 -110 0
-99 -110 0
-19 -32 0
-19 -42 0
-19 -53 0
-19 -65 0
-19 -76 0
-19 -89 0
-19 -111 0
-32 -42 0
-32 -53 0
-32 -65 0
-32 -76 0
-32 -89 0
-32 -111 0
-42 -53 0
-42 -65 0
-42 -76 0
-42 -89 0
-42 -111 0
-53 -65 0
-53 -76 0
-53 -89 0
-53 -111 0
-65 -76 0
-65 -89 0
-65 -111 0
-76 -89 0
-76 -111 0
-89 -111 0
-8 -77 0
-8 -90 0
-8 -112 0
-77 -90 0
-77 -112 0
-90 -112 0
-9 -20 0
-9 -43 0
-9 -54 0
-9 -66 0
-9 -78 0
-9 -91 0
-9 -100 0
-20 -43 0
-20 -54 0
-20 -66 0
-20 -78 0
-20 -91 0
-20 -100 0
-43 -54 0
-43 -66 0
-43 -78 0
-43 -91 0
-43 -100 0
-54 -66 0
-54 -78 0
-54 -91 0
-54 -100 0
-66 -78 0
-66 -91 0
-66 -100 0
-78 -91 0
-78 -100 0
-91 -100 0
-10 -21 0
-10 -33 0
-10 -44 0
-10 -55 0
-10 -79 0
-10 -101 0
-10 -113 0
-21 -33 0
-21 -44 0
-21 -55 0
-21 -79 0
-21 -101 0
-21 -113 0
-33 -44 0
-33 -55 0
-33 -79 0
-33 -101 0
-33 -113 0
-44 -55 0
-44 -79 0
-44 -101 0
-44 -113 0
-55 -79 0
-55 -101 0
-55 -113 0
-79 -101 0
-79 -113 0
-101 -113 0
-11 -22 0
-11 -34 0
-11 -45 0
-11 -56 0
-11 -67 0
-11 -92 0
-11 -102 0
-11 -114 0
-22 -34 0
-22 -45 0
-22 -56 0
-22 -67 0
-22 -92 0
-22 -102 0
-22 -114 0
-34 -45 0
-34 -56 0
-34 -67 0
-34 -92 0
-34 -102 0
-34 -114 0
-45 -56 0
-45 -67 0
-45 -92 0
-45 -102 0
-45 -114 0
-56 -67 0
-56 -92 0
-56 -102 0
-56 -114 0
-67 -92 0
-67 -102 0
-67 -114 0
-92 -102 0
-92 -114 0
-102 -114 0
