p cnf 42 193
-1 -2 0
-1 -3 0
-1 -4 0
-1 -5 0
-2 -3 0
-2 -4 0
-2 -5 0
-3 -4 0
-3 -5 0
-4 -5 0
1 2 3 4 5 0
-6 -7 0
-6 -8 0
-6 -9 0
-6 -10 0
-7 -8 0
-7 -9 0
-7 -10 0
-8 -9 0
-8 -10 0
-9 -10 0
6 7 8 9 10 0
-11 -12 0
-11 -13 0
-11 -14 0
-11 -15 0
-11 -16 0
-12 -13 0
-12 -14 0
-12 -15 0
-12 -16 0
-13 -14 0
-13 -15 0
-13 -16 0
-14 -15 0
-14 -16 0
-15 -16 0
11 12 13 14 15 16 0
-11 -17 0
-11 -18 0
-11 -19 0
-11 -20 0
-17 -18 0
-17 -19 0
-17 -20 0
-18 -19 0
-18 -20 0
-19 -20 0
11 17 18 19 20 0
-1 -17 0
-1 -21 0
-1 -22 0
-1 -23 0
-1 -24 0
-17 -21 0
-17 -22 0
-17 -23 0
-17 -24 0
-21 -22 0
-21 -23 0
-21 -24 0
-22 -23 0
-22 -24 0
-23 -24 0
1 17 21 22 23 24 0
-6 -25 0
6 25 0
-12 -26 0
12 26 0
-2 -7 0
-2 -13 0
-2 -27 0
-2 -28 0
-2 -29 0
-2 -30 0
-7 -13 0
-7 -27 0
-7 -28 0
-7 -29 0
-7 -30 0
-13 -27 0
-13 -28 0
-13 -29 0
-13 -30 0
-27 -28 0
-27 -29 0
-27 -30 0
-28 -29 0
-28 -30 0
-29 -30 0
2 7 13 27 28 29 30 0
-3 -27 0
-3 -31 0
-3 -32 0
-27 -31 0
-27 -32 0
-31 -32 0
3 27 31 32 0
-18 -21 0
-18 -33 0
-18 -34 0
-18 -35 0
-21 -33 0
-21 -34 0
-21 -35 0
-33 -34 0
-33 -35 0
-34 -35 0
18 21 33 34 35 0
-31 -36 0
-31 -37 0
-36 -37 0
31 36 37 0
-36 -38 0
-36 -39 0
-38 -39 0
36 38 39 0
-8 -22 0
-8 -28 0
-22 -28 0
8 22 28 0
-4 -9 0
-4 -14 0
-4 -33 0
-4 -38 0
-4 -40 0
-4 -41 0
-9 -14 0
-9 -33 0
-9 -38 0
-9 -40 0
-9 -41 0
-14 -33 0
-14 -38 0
-14 -40 0
-14 -41 0
-33 -38 0
-33 -40 0
-33 -41 0
-38 -40 0
-38 -41 0
-40 -41 0
4 9 14 33 38 40 41 0
-10 -25 0
-10 -26 0
-10 -29 0
-10 -34 0
-10 -42 0
-25 -26 0
-25 -29 0
-25 -34 0
-25 -42 0
-26 -29 0
-26 -34 0
-26 -42 0
-29 -34 0
-29 -42 0
-34 -42 0
10 25 26 29 34 42 0
-15 -23 0
-15 -30 0
-15 -32 0
-23 -30 0
-23 -32 0
-30 -32 0
15 23 30 32 0
-16 -19 0
-16 -39 0
-16 -40 0
-16 -42 0
-19 -39 0
-19 -40 0
-19 -42 0
-39 -40 0
-39 -42 0
-40 -42 0
16 19 39 40 42 0
-5 -20 0
-5 -24 0
-5 -35 0
-5 -37 0
-5 -41 0
-20 -24 0
-20 -35 0
-20 -37 0
-20 -41 0
-24 -35 0
-24 -37 0
-24 -41 0
-35 -37 0
-35 -41 0
-37 -41 0
5 20 24 35 37 41 0
