p cnf 18 96
1 2 3 0
1 2 4 0
1 3 4 0
2 3 4 0
5 6 0
7 8 0
7 9 0
7 8 9 0
8 9 0
10 11 12 0
10 11 13 0
10 12 13 0
11 12 13 0
14 15 0
14 15 16 0
14 16 0
15 16 0
17 18 0
-1 -7 -10 0
-1 -7 -14 0
-1 -7 -17 0
-1 -10 -14 0
-1 -10 -17 0
-1 -14 -17 0
-1 -7 -10 -14 0
-1 -7 -10 -17 0
-1 -7 -14 -17 0
-1 -10 -14 -17 0
-1 -7 -10 -14 0
-1 -7 -10 -17 0
-1 -7 -14 -17 0
-1 -10 -14 -17 0
-1 -7 -10 -14 -17 0
-7 -10 -14 0
-7 -10 -17 0
-7 -14 -17 0
-10 -14 -17 0
-7 -10 -14 -17 0
-7 -10 -14 -17 0
-2 -5 -11 -15 -18 0
-4 -6 -9 0
-4 -6 -13 0
-4 -6 -16 0
-4 -6 0
-4 -6 -9 -13 0
-4 -6 -9 -16 0
-4 -6 -9 0
-4 -6 -13 -16 0
-4 -6 -13 0
-4 -6 -16 0
-4 -6 -9 -13 0
-4 -6 -9 -16 0
-4 -6 -9 0
-4 -6 -13 -16 0
-4 -6 -13 0
-4 -6 -16 0
-4 -6 -9 -13 -16 0
-4 -6 -9 -13 0
-4 -6 -9 -16 0
-4 -6 -13 -16 0
-4 -9 -13 0
-4 -9 -16 0
-4 -9 0
-4 -13 -16 0
-4 -13 0
-4 -16 0
-4 -9 -13 -16 0
-4 -9 -13 0
-4 -9 -16 0
-4 -13 -16 0
-4 -9 -13 -16 0
-4 -9 -13 0
-4 -9 -16 0
-4 -13 -16 0
-4 -9 -13 -16 0
-6 -9 -13 0
-6 -9 -16 0
-6 -9 0
-6 -13 -16 0
-6 -13 0
-6 -16 0
-6 -9 -13 -16 0
-6 -9 -13 0
-6 -9 -16 0
-6 -13 -16 0
-6 -9 -13 -16 0
-6 -9 -13 0
-6 -9 -16 0
-6 -13 -16 0
-6 -9 -13 -16 0
-9 -13 -16 0
-9 -13 0
-9 -16 0
-13 -16 0
-9 -13 -16 0
-9 -13 -16 0
