p cnf 99 608
1 2 3 4 5 0
-1 -2 0
-1 -3 0
-1 -4 0
-1 -5 0
-2 -3 0
-2 -4 0
-2 -5 0
-3 -4 0
-3 -5 0
-4 -5 0
6 7 8 9 10 0
-6 -7 0
-6 -8 0
-6 -9 0
-6 -10 0
-7 -8 0
-7 -9 0
-7 -10 0
-8 -9 0
-8 -10 0
-9 -10 0
11 12 13 14 15 0
-11 -12 0
-11 -13 0
-11 -14 0
-11 -15 0
-12 -13 0
-12 -14 0
-12 -15 0
-13 -14 0
-13 -15 0
-14 -15 0
16 17 18 19 20 0
-16 -17 0
-16 -18 0
-16 -19 0
-16 -20 0
-17 -18 0
-17 -19 0
-17 -20 0
-18 -19 0
-18 -20 0
-19 -20 0
21 22 23 24 25 0
-21 -22 0
-21 -23 0
-21 -24 0
-21 -25 0
-22 -23 0
-22 -24 0
-22 -25 0
-23 -24 0
-23 -25 0
-24 -25 0
26 27 28 29 30 0
-26 -27 0
-26 -28 0
-26 -29 0
-26 -30 0
-27 -28 0
-27 -29 0
-27 -30 0
-28 -29 0
-28 -30 0
-29 -30 0
31 32 33 34 35 0
-31 -32 0
-31 -33 0
-31 -34 0
-31 -35 0
-32 -33 0
-32 -34 0
-32 -35 0
-33 -34 0
-33 -35 0
-34 -35 0
36 37 38 39 40 0
-36 -37 0
-36 -38 0
-36 -39 0
-36 -40 0
-37 -38 0
-37 -39 0
-37 -40 0
-38 -39 0
-38 -40 0
-39 -40 0
41 42 43 44 45 0
-41 -42 0
-41 -43 0
-41 -44 0
-41 -45 0
-42 -43 0
-42 -44 0
-42 -45 0
-43 -44 0
-43 -45 0
-44 -45 0
46 47 48 49 50 0
-46 -47 0
-46 -48 0
-46 -49 0
-46 -50 0
-47 -48 0
-47 -49 0
-47 -50 0
-48 -49 0
-48 -50 0
-49 -50 0
51 52 53 54 55 0
-51 -52 0
-51 -53 0
-51 -54 0
-51 -55 0
-52 -53 0
-52 -54 0
-52 -55 0
-53 -54 0
-53 -55 0
-54 -55 0
56 57 58 59 60 0
-56 -57 0
-56 -58 0
-56 -59 0
-56 -60 0
-57 -58 0
-57 -59 0
-57 -60 0
-58 -59 0
-58 -60 0
-59 -60 0
61 62 63 64 65 0
-61 -62 0
-61 -63 0
-61 -64 0
-61 -65 0
-62 -63 0
-62 -64 0
-62 -65 0
-63 -64 0
-63 -65 0
-64 -65 0
66 67 68 69 0
-66 -67 0
-66 -68 0
-66 -69 0
-67 -68 0
-67 -69 0
-68 -69 0
70 71 72 73 74 0
-70 -71 0
-70 -72 0
-70 -73 0
-70 -74 0
-71 -72 0
-71 -73 0
-71 -74 0
-72 -73 0
-72 -74 0
-73 -74 0
75 76 77 78 79 0
-75 -76 0
-75 -77 0
-75 -78 0
-75 -79 0
-76 -77 0
-76 -78 0
-76 -79 0
-77 -78 0
-77 -79 0
-78 -79 0
80 81 82 83 84 0
-80 -81 0
-80 -82 0
-80 -83 0
-80 -84 0
-81 -82 0
-81 -83 0
-81 -84 0
-82 -83 0
-82 -84 0
-83 -84 0
85 86 87 88 89 0
-85 -86 0
-85 -87 0
-85 -88 0
-85 -89 0
-86 -87 0
-86 -88 0
-86 -89 0
-87 -88 0
-87 -89 0
-88 -89 0
90 91 92 93 94 0
-90 -91 0
-90 -92 0
-90 -93 0
-90 -94 0
-91 -92 0
-91 -93 0
-91 -94 0
-92 -93 0
-92 -94 0
-93 -94 0
95 96 97 98 99 0
-95 -96 0
-95 -97 0
-95 -98 0
-95 -99 0
-96 -97 0
-96 -98 0
-96 -99 0
-97 -98 0
-97 -99 0
-98 -99 0
-1 -6 0
-2 -7 0
-3 -8 0
-4 -9 0
-5 -10 0
-1 -11 0
-2 -12 0
-3 -13 0
-4 -14 0
-5 -15 0
-1 -16 0
-2 -17 0
-3 -18 0
-4 -19 0
-5 -20 0
-1 -31 0
-2 -32 0
-3 -33 0
-4 -34 0
-5 -35 0
-1 -41 0
-2 -42 0
-3 -43 0
-4 -44 0
-5 -45 0
-1 -56 0
-2 -57 0
-3 -58 0
-4 -59 0
-5 -60 0
-1 -61 0
-2 -62 0
-3 -63 0
-4 -64 0
-5 -65 0
-2 -66 0
-3 -67 0
-4 -68 0
-5 -69 0
-1 -75 0
-2 -76 0
-3 -77 0
-4 -78 0
-5 -79 0
-1 -90 0
-2 -91 0
-3 -92 0
-4 -93 0
-5 -94 0
-6 -11 0
-7 -12 0
-8 -13 0
-9 -14 0
-10 -15 0
-6 -16 0
-7 -17 0
-8 -18 0
-9 -19 0
-10 -20 0
-6 -26 0
-7 -27 0
-8 -28 0
-9 -29 0
-10 -30 0
-6 -70 0
-7 -71 0
-8 -72 0
-9 -73 0
-10 -74 0
-6 -85 0
-7 -86 0
-8 -87 0
-9 -88 0
-10 -89 0
-11 -16 0
-12 -17 0
-13 -18 0
-14 -19 0
-15 -20 0
-11 -36 0
-12 -37 0
-13 -38 0
-14 -39 0
-15 -40 0
-11 -46 0
-12 -47 0
-13 -48 0
-14 -49 0
-15 -50 0
-11 -51 0
-12 -52 0
-13 -53 0
-14 -54 0
-15 -55 0
-11 -56 0
-12 -57 0
-13 -58 0
-14 -59 0
-15 -60 0
-12 -66 0
-13 -67 0
-14 -68 0
-15 -69 0
-11 -70 0
-12 -71 0
-13 -72 0
-14 -73 0
-15 -74 0
-11 -85 0
-12 -86 0
-13 -87 0
-14 -88 0
-15 -89 0
-11 -90 0
-12 -91 0
-13 -92 0
-14 -93 0
-15 -94 0
-11 -95 0
-12 -96 0
-13 -97 0
-14 -98 0
-15 -99 0
-16 -31 0
-17 -32 0
-18 -33 0
-19 -34 0
-20 -35 0
-16 -36 0
-17 -37 0
-18 -38 0
-19 -39 0
-20 -40 0
-17 -66 0
-18 -67 0
-19 -68 0
-20 -69 0
-16 -70 0
-17 -71 0
-18 -72 0
-19 -73 0
-20 -74 0
-16 -85 0
-17 -86 0
-18 -87 0
-19 -88 0
-20 -89 0
-16 -95 0
-17 -96 0
-18 -97 0
-19 -98 0
-20 -99 0
-21 -26 0
-22 -27 0
-23 -28 0
-24 -29 0
-25 -30 0
-21 -31 0
-22 -32 0
-23 -33 0
-24 -34 0
-25 -35 0
-21 -36 0
-22 -37 0
-23 -38 0
-24 -39 0
-25 -40 0
-21 -46 0
-22 -47 0
-23 -48 0
-24 -49 0
-25 -50 0
-26 -46 0
-27 -47 0
-28 -48 0
-29 -49 0
-30 -50 0
-26 -61 0
-27 -62 0
-28 -63 0
-29 -64 0
-30 -65 0
-26 -70 0
-27 -71 0
-28 -72 0
-29 -73 0
-30 -74 0
-26 -80 0
-27 -81 0
-28 -82 0
-29 -83 0
-30 -84 0
-31 -56 0
-32 -57 0
-33 -58 0
-34 -59 0
-35 -60 0
-31 -70 0
-32 -71 0
-33 -72 0
-34 -73 0
-35 -74 0
-31 -75 0
-32 -76 0
-33 -77 0
-34 -78 0
-35 -79 0
-31 -85 0
-32 -86 0
-33 -87 0
-34 -88 0
-35 -89 0
-31 -95 0
-32 -96 0
-33 -97 0
-34 -98 0
-35 -99 0
-36 -61 0
-37 -62 0
-38 -63 0
-39 -64 0
-40 -65 0
-37 -66 0
-38 -67 0
-39 -68 0
-40 -69 0
-36 -70 0
-37 -71 0
-38 -72 0
-39 -73 0
-40 -74 0
-36 -80 0
-37 -81 0
-38 -82 0
-39 -83 0
-40 -84 0
-36 -95 0
-37 -96 0
-38 -97 0
-39 -98 0
-40 -99 0
-41 -51 0
-42 -52 0
-43 -53 0
-44 -54 0
-45 -55 0
-41 -56 0
-42 -57 0
-43 -58 0
-44 -59 0
-45 -60 0
-42 -66 0
-43 -67 0
-44 -68 0
-45 -69 0
-41 -90 0
-42 -91 0
-43 -92 0
-44 -93 0
-45 -94 0
-46 -61 0
-47 -62 0
-48 -63 0
-49 -64 0
-50 -65 0
-46 -70 0
-47 -71 0
-48 -72 0
-49 -73 0
-50 -74 0
-46 -75 0
-47 -76 0
-48 -77 0
-49 -78 0
-50 -79 0
-46 -80 0
-47 -81 0
-48 -82 0
-49 -83 0
-50 -84 0
-46 -90 0
-47 -91 0
-48 -92 0
-49 -93 0
-50 -94 0
-51 -56 0
-52 -57 0
-53 -58 0
-54 -59 0
-55 -60 0
-51 -61 0
-52 -62 0
-53 -63 0
-54 -64 0
-55 -65 0
-51 -70 0
-52 -71 0
-53 -72 0
-54 -73 0
-55 -74 0
-51 -75 0
-52 -76 0
-53 -77 0
-54 -78 0
-55 -79 0
-51 -80 0
-52 -81 0
-53 -82 0
-54 -83 0
-55 -84 0
-51 -85 0
-52 -86 0
-53 -87 0
-54 -88 0
-55 -89 0
-51 -90 0
-52 -91 0
-53 -92 0
-54 -93 0
-55 -94 0
-56 -70 0
-57 -71 0
-58 -72 0
-59 -73 0
-60 -74 0
-56 -80 0
-57 -81 0
-58 -82 0
-59 -83 0
-60 -84 0
-62 -66 0
-63 -67 0
-64 -68 0
-65 -69 0
-61 -80 0
-62 -81 0
-63 -82 0
-64 -83 0
-65 -84 0
-66 -81 0
-67 -82 0
-68 -83 0
-69 -84 0
-66 -91 0
-67 -92 0
-68 -93 0
-69 -94 0
-70 -75 0
-71 -76 0
-72 -77 0
-73 -78 0
-74 -79 0
-70 -85 0
-71 -86 0
-72 -87 0
-73 -88 0
-74 -89 0
-75 -80 0
-76 -81 0
-77 -82 0
-78 -83 0
-79 -84 0
-75 -85 0
-76 -86 0
-77 -87 0
-78 -88 0
-79 -89 0
-75 -95 0
-76 -96 0
-77 -97 0
-78 -98 0
-79 -99 0
-80 -85 0
-81 -86 0
-82 -87 0
-83 -88 0
-84 -89 0
-80 -90 0
-81 -91 0
-82 -92 0
-83 -93 0
-84 -94 0
-80 -95 0
-81 -96 0
-82 -97 0
-83 -98 0
-84 -99 0
-85 -90 0
-86 -91 0
-87 -92 0
-88 -93 0
-89 -94 0
