p cnf 113 443
-1 -12 0
-1 -25 0
-1 -47 0
-1 -59 0
-1 -102 0
-12 -25 0
-12 -47 0
-12 -59 0
-12 -102 0
-25 -47 0
-25 -59 0
-25 -102 0
-47 -59 0
-47 -102 0
-59 -102 0
-2 -13 0
-2 -35 0
-2 -48 0
-2 -60 0
-2 -82 0
-2 -103 0
-13 -35 0
-13 -48 0
-13 -60 0
-13 -82 0
-13 -103 0
-35 -48 0
-35 -60 0
-35 -82 0
-35 -103 0
-48 -60 0
-48 -82 0
-48 -103 0
-60 -82 0
-60 -103 0
-82 -103 0
-3 -14 0
-3 -26 0
-3 -36 0
-3 -49 0
-3 -61 0
-3 -72 0
-3 -83 0
-3 -93 0
-3 -104 0
-14 -26 0
-14 -36 0
-14 -49 0
-14 -61 0
-14 -72 0
-14 -83 0
-14 -93 0
-14 -104 0
-26 -36 0
-26 -49 0
-26 -61 0
-26 -72 0
-26 -83 0
-26 -93 0
-26 -104 0
-36 -49 0
-36 -61 0
-36 -72 0
-36 -83 0
-36 -93 0
-36 -104 0
-49 -61 0
-49 -72 0
-49 -83 0
-49 -93 0
-49 -104 0
-61 -72 0
-61 -83 0
-61 -93 0
-61 -104 0
-72 -83 0
-72 -93 0
-72 -104 0
-83 -93 0
-83 -104 0
-93 -104 0
-15 -27 0
-15 -37 0
-15 -50 0
-15 -62 0
-15 -73 0
-15 -84 0
-15 -94 0
-15 -105 0
-27 -37 0
-27 -50 0
-27 -62 0
-27 -73 0
-27 -84 0
-27 -94 0
-27 -105 0
-37 -50 0
-37 -62 0
-37 -73 0
-37 -84 0
-37 -94 0
-37 -105 0
-50 -62 0
-50 -73 0
-50 -84 0
-50 -94 0
-50 -105 0
-62 -73 0
-62 -84 0
-62 -94 0
-62 -105 0
-73 -84 0
-73 -94 0
-73 -105 0
-84 -94 0
-84 -105 0
-94 -105 0
-4 -16 0
-4 -38 0
-4 -51 0
-4 -63 0
-4 -74 0
-4 -85 0
-4 -95 0
-4 -106 0
-16 -38 0
-16 -51 0
-16 -63 0
-16 -74 0
-16 -85 0
-16 -95 0
-16 -106 0
-38 -51 0
-38 -63 0
-38 -74 0
-38 -85 0
-38 -95 0
-38 -106 0
-51 -63 0
-51 -74 0
-51 -85 0
-51 -95 0
-51 -106 0
-63 -74 0
-63 -85 0
-63 -95 0
-63 -106 0
-74 -85 0
-74 -95 0
-74 -106 0
-85 -95 0
-85 -106 0
-95 -106 0
-5 -17 0
-5 -28 0
-5 -39 0
-5 -52 0
-5 -64 0
-5 -75 0
-5 -86 0
-5 -96 0
-17 -28 0
-17 -39 0
-17 -52 0
-17 -64 0
-17 -75 0
-17 -86 0
-17 -96 0
-28 -39 0
-28 -52 0
-28 -64 0
-28 -75 0
-28 -86 0
-28 -96 0
-39 -52 0
-39 -64 0
-39 -75 0
-39 -86 0
-39 -96 0
-52 -64 0
-52 -75 0
-52 -86 0
-52 -96 0
-64 -75 0
-64 -86 0
-64 -96 0
-75 -86 0
-75 -96 0
-86 -96 0
-6 -18 0
-6 -29 0
-6 -40 0
-6 -53 0
-6 -65 0
-6 -76 0
-6 -87 0
-6 -97 0
-6 -107 0
-18 -29 0
-18 -40 0
-18 -53 0
-18 -65 0
-18 -76 0
-18 -87 0
-18 -97 0
-18 -107 0
-29 -40 0
-29 -53 0
-29 -65 0
-29 -76 0
-29 -87 0
-29 -97 0
-29 -107 0
-40 -53 0
-40 -65 0
-40 -76 0
-40 -87 0
-40 -97 0
-40 -107 0
-53 -65 0
-53 -76 0
-53 -87 0
-53 -97 0
-53 -107 0
-65 -76 0
-65 -87 0
-65 -97 0
-65 -107 0
-76 -87 0
-76 -97 0
-76 -107 0
-87 -97 0
-87 -107 0
-97 -107 0
-7 -19 0
-7 -30 0
-7 -41 0
-7 -66 0
-7 -77 0
-7 -88 0
-7 -98 0
-7 -108 0
-19 -30 0
-19 -41 0
-19 -66 0
-19 -77 0
-19 -88 0
-19 -98 0
-19 -108 0
-30 -41 0
-30 -66 0
-30 -77 0
-30 -88 0
-30 -98 0
-30 -108 0
-41 -66 0
-41 -77 0
-41 -88 0
-41 -98 0
-41 -108 0
-66 -77 0
-66 -88 0
-66 -98 0
-66 -108 0
-77 -88 0
-77 -98 0
-77 -108 0
-88 -98 0
-88 -108 0
-98 -108 0
-20 -31 0
-20 -42 0
-20 -54 0
-20 -67 0
-20 -78 0
-20 -89 0
-20 -109 0
-31 -42 0
-31 -54 0
-31 -67 0
-31 -78 0
-31 -89 0
-31 -109 0
-42 -54 0
-42 -67 0
-42 -78 0
-42 -89 0
-42 -109 0
-54 -67 0
-54 -78 0
-54 -89 0
-54 -109 0
-67 -78 0
-67 -89 0
-67 -109 0
-78 -89 0
-78 -109 0
-89 -109 0
-8 -21 0
-8 -43 0
-8 -55 0
-8 -68 0
-8 -79 0
-8 -90 0
-8 -110 0
-21 -43 0
-21 -55 0
-21 -68 0
-21 -79 0
-21 -90 0
-21 -110 0
-43 -55 0
-43 -68 0
-43 -79 0
-43 -90 0
-43 -110 0
-55 -68 0
-55 -79 0
-55 -90 0
-55 -110 0
-68 -79 0
-68 -90 0
-68 -110 0
-79 -90 0
-79 -110 0
-90 -110 0
-9 -22 0
-9 -32 0
-9 -44 0
-9 -56 0
-9 -69 0
-9 -80 0
-9 -91 0
-9 -99 0
-9 -111 0
-22 -32 0
-22 -44 0
-22 -56 0
-22 -69 0
-22 -80 0
-22 -91 0
-22 -99 0
-22 -111 0
-32 -44 0
-32 -56 0
-32 -69 0
-32 -80 0
-32 -91 0
-32 -99 0
-32 -111 0
-44 -56 0
-44 -69 0
-44 -80 0
-44 -91 0
-44 -99 0
-44 -111 0
-56 -69 0
-56 -80 0
-56 -91 0
-56 -99 0
-56 -111 0
-69 -80 0
-69 -91 0
-69 -99 0
-69 -111 0
-80 -91 0
-80 -99 0
-80 -111 0
-91 -99 0
-91 -111 0
-99 -111 0
-10 -23 0
-10 -33 0
-10 -45 0
-10 -57 0
-10 -70 0
-10 -81 0
-10 -100 0
-10 -112 0
-23 -33 0
-23 -45 0
-23 -57 0
-23 -70 0
-23 -81 0
-23 -100 0
-23 -112 0
-33 -45 0
-33 -57 0
-33 -70 0
-33 -81 0
-33 -100 0
-33 -112 0
-45 -57 0
-45 -70 0
-45 -81 0
-45 -100 0
-45 -112 0
-57 -70 0
-57 -81 0
-57 -100 0
-57 -112 0
-70 -81 0
-70 -100 0
-70 -112 0
-81 -100 0
-81 -112 0
-100 -112 0
-11 -24 0
-11 -34 0
-11 -46 0
-11 -58 0
-11 -71 0
-11 -92 0
-11 -101 0
-11 -113 0
-24 -34 0
-24 -46 0
-24 -58 0
-24 -71 0
-24 -92 0
-24 -101 0
-24 -113 0
-34 -46 0
-34 -58 0
-34 -71 0
-34 -92 0
-34 -101 0
-34 -113 0
-46 -58 0
-46 -71 0
-46 -92 0
-46 -101 0
-46 -113 0
-58 -71 0
-58 -92 0
-58 -101 0
-58 -113 0
-71 -92 0
-71 -101 0
-71 -113 0
-92 -101 0
-92 -113 0
-101 -113 0
