p cnf 45 154
10 11 12 13 0
-1 -5 0
-1 -10 0
-1 -14 0
-1 -21 0
-1 -27 0
-1 -31 0
-1 -36 0
-1 -41 0
-5 -10 0
-5 -14 0
-5 -21 0
-5 -27 0
-5 -31 0
-5 -36 0
-5 -41 0
-10 -14 0
-10 -21 0
-10 -27 0
-10 -31 0
-10 -36 0
-10 -41 0
-14 -21 0
-14 -27 0
-14 -31 0
-14 -36 0
-14 -41 0
-21 -27 0
-21 -31 0
-21 -36 0
-21 -41 0
-27 -31 0
-27 -36 0
-27 -41 0
-31 -36 0
-31 -41 0
-36 -41 0
-2 -6 0
-2 -15 0
-2 -22 0
-2 -32 0
-2 -37 0
-2 -42 0
-6 -15 0
-6 -22 0
-6 -32 0
-6 -37 0
-6 -42 0
-15 -22 0
-15 -32 0
-15 -37 0
-15 -42 0
-22 -32 0
-22 -37 0
-22 -42 0
-32 -37 0
-32 -42 0
-37 -42 0
-7 -11 0
-7 -16 0
-7 -23 0
-7 -33 0
-7 -43 0
-11 -16 0
-11 -23 0
-11 -33 0
-11 -43 0
-16 -23 0
-16 -33 0
-16 -43 0
-23 -33 0
-23 -43 0
-33 -43 0
-12 -17 0
-12 -24 0
-12 -28 0
-12 -34 0
-12 -38 0
-12 -44 0
-17 -24 0
-17 -28 0
-17 -34 0
-17 -38 0
-17 -44 0
-24 -28 0
-24 -34 0
-24 -38 0
-24 -44 0
-28 -34 0
-28 -38 0
-28 -44 0
-34 -38 0
-34 -44 0
-38 -44 0
-3 -8 0
-3 -13 0
-3 -18 0
-3 -19 0
-3 -25 0
-3 -29 0
-3 -35 0
-3 -39 0
-3 -45 0
-8 -13 0
-8 -18 0
-8 -19 0
-8 -25 0
-8 -29 0
-8 -35 0
-8 -39 0
-8 -45 0
-13 -18 0
-13 -19 0
-13 -25 0
-13 -29 0
-13 -35 0
-13 -39 0
-13 -45 0
-18 -19 0
-18 -25 0
-18 -29 0
-18 -35 0
-18 -39 0
-18 -45 0
-19 -25 0
-19 -29 0
-19 -35 0
-19 -39 0
-19 -45 0
-25 -29 0
-25 -35 0
-25 -39 0
-25 -45 0
-29 -35 0
-29 -39 0
-29 -45 0
-35 -39 0
-35 -45 0
-39 -45 0
-4 -9 0
-4 -20 0
-4 -26 0
-4 -30 0
-4 -40 0
-9 -20 0
-9 -26 0
-9 -30 0
-9 -40 0
-20 -26 0
-20 -30 0
-20 -40 0
-26 -30 0
-26 -40 0
-30 -40 0
