p cnf 81 295
35 36 37 38 39 40 0
-1 -20 0
-1 -41 0
-1 -49 0
-1 -56 0
-1 -65 0
-1 -73 0
-20 -41 0
-20 -49 0
-20 -56 0
-20 -65 0
-20 -73 0
-41 -49 0
-41 -56 0
-41 -65 0
-41 -73 0
-49 -56 0
-49 -65 0
-49 -73 0
-56 -65 0
-56 -73 0
-65 -73 0
-2 -11 0
-2 -21 0
-2 -30 0
-2 -35 0
-2 -42 0
-2 -57 0
-2 -66 0
-2 -74 0
-11 -21 0
-11 -30 0
-11 -35 0
-11 -42 0
-11 -57 0
-11 -66 0
-11 -74 0
-21 -30 0
-21 -35 0
-21 -42 0
-21 -57 0
-21 -66 0
-21 -74 0
-30 -35 0
-30 -42 0
-30 -57 0
-30 -66 0
-30 -74 0
-35 -42 0
-35 -57 0
-35 -66 0
-35 -74 0
-42 -57 0
-42 -66 0
-42 -74 0
-57 -66 0
-57 -74 0
-66 -74 0
-3 -12 0
-3 -22 0
-3 -31 0
-3 -36 0
-3 -43 0
-3 -50 0
-3 -67 0
-3 -75 0
-12 -22 0
-12 -31 0
-12 -36 0
-12 -43 0
-12 -50 0
-12 -67 0
-12 -75 0
-22 -31 0
-22 -36 0
-22 -43 0
-22 -50 0
-22 -67 0
-22 -75 0
-31 -36 0
-31 -43 0
-31 -50 0
-31 -67 0
-31 -75 0
-36 -43 0
-36 -50 0
-36 -67 0
-36 -75 0
-43 -50 0
-43 -67 0
-43 -75 0
-50 -67 0
-50 -75 0
-67 -75 0
-4 -13 0
-4 -23 0
-4 -37 0
-4 -44 0
-4 -58 0
-4 -68 0
-4 -76 0
-13 -23 0
-13 -37 0
-13 -44 0
-13 -58 0
-13 -68 0
-13 -76 0
-23 -37 0
-23 -44 0
-23 -58 0
-23 -68 0
-23 -76 0
-37 -44 0
-37 -58 0
-37 -68 0
-37 -76 0
-44 -58 0
-44 -68 0
-44 -76 0
-58 -68 0
-58 -76 0
-68 -76 0
-5 -14 0
-5 -24 0
-5 -45 0
-5 -51 0
-5 -59 0
-5 -69 0
-5 -77 0
-14 -24 0
-14 -45 0
-14 -51 0
-14 -59 0
-14 -69 0
-14 -77 0
-24 -45 0
-24 -51 0
-24 -59 0
-24 -69 0
-24 -77 0
-45 -51 0
-45 -59 0
-45 -69 0
-45 -77 0
-51 -59 0
-51 -69 0
-51 -77 0
-59 -69 0
-59 -77 0
-69 -77 0
-6 -15 0
-6 -25 0
-6 -32 0
-6 -38 0
-6 -46 0
-6 -52 0
-6 -60 0
-6 -70 0
-6 -78 0
-15 -25 0
-15 -32 0
-15 -38 0
-15 -46 0
-15 -52 0
-15 -60 0
-15 -70 0
-15 -78 0
-25 -32 0
-25 -38 0
-25 -46 0
-25 -52 0
-25 -60 0
-25 -70 0
-25 -78 0
-32 -38 0
-32 -46 0
-32 -52 0
-32 -60 0
-32 -70 0
-32 -78 0
-38 -46 0
-38 -52 0
-38 -60 0
-38 -70 0
-38 -78 0
-46 -52 0
-46 -60 0
-46 -70 0
-46 -78 0
-52 -60 0
-52 -70 0
-52 -78 0
-60 -70 0
-60 -78 0
-70 -78 0
-7 -16 0
-7 -26 0
-7 -33 0
-7 -39 0
-7 -53 0
-7 -61 0
-7 -71 0
-7 -79 0
-16 -26 0
-16 -33 0
-16 -39 0
-16 -53 0
-16 -61 0
-16 -71 0
-16 -79 0
-26 -33 0
-26 -39 0
-26 -53 0
-26 -61 0
-26 -71 0
-26 -79 0
-33 -39 0
-33 -53 0
-33 -61 0
-33 -71 0
-33 -79 0
-39 -53 0
-39 -61 0
-39 -71 0
-39 -79 0
-53 -61 0
-53 -71 0
-53 -79 0
-61 -71 0
-61 -79 0
-71 -79 0
-8 -17 0
-8 -27 0
-8 -47 0
-8 -62 0
-8 -72 0
-8 -80 0
-17 -27 0
-17 -47 0
-17 -62 0
-17 -72 0
-17 -80 0
-27 -47 0
-27 -62 0
-27 -72 0
-27 -80 0
-47 -62 0
-47 -72 0
-47 -80 0
-62 -72 0
-62 -80 0
-72 -80 0
-9 -18 0
-9 -28 0
-9 -54 0
-9 -63 0
-9 -81 0
-18 -28 0
-18 -54 0
-18 -63 0
-18 -81 0
-28 -54 0
-28 -63 0
-28 -81 0
-54 -63 0
-54 -81 0
-63 -81 0
-10 -19 0
-10 -29 0
-10 -34 0
-10 -40 0
-10 -48 0
-10 -55 0
-10 -64 0
-19 -29 0
-19 -34 0
-19 -40 0
-19 -48 0
-19 -55 0
-19 -64 0
-29 -34 0
-29 -40 0
-29 -48 0
-29 -55 0
-29 -64 0
-34 -40 0
-34 -48 0
-34 -55 0
-34 -64 0
-40 -48 0
-40 -55 0
-40 -64 0
-48 -55 0
-48 -64 0
-55 -64 0
