p cnf 92 654
-1 -2 0
-1 -3 0
-2 -3 0
1 2 3 0
-4 -5 0
-4 -6 0
-4 -7 0
-4 -8 0
-4 -9 0
-4 -10 0
-4 -11 0
-4 -12 0
-5 -6 0
-5 -7 0
-5 -8 0
-5 -9 0
-5 -10 0
-5 -11 0
-5 -12 0
-6 -7 0
-6 -8 0
-6 -9 0
-6 -10 0
-6 -11 0
-6 -12 0
-7 -8 0
-7 -9 0
-7 -10 0
-7 -11 0
-7 -12 0
-8 -9 0
-8 -10 0
-8 -11 0
-8 -12 0
-9 -10 0
-9 -11 0
-9 -12 0
-10 -11 0
-10 -12 0
-11 -12 0
4 5 6 7 8 9 10 11 12 0
-13 -14 0
-13 -15 0
-13 -16 0
-13 -17 0
-13 -18 0
-13 -19 0
-13 -20 0
-14 -15 0
-14 -16 0
-14 -17 0
-14 -18 0
-14 -19 0
-14 -20 0
-15 -16 0
-15 -17 0
-15 -18 0
-15 -19 0
-15 -20 0
-16 -17 0
-16 -18 0
-16 -19 0
-16 -20 0
-17 -18 0
-17 -19 0
-17 -20 0
-18 -19 0
-18 -20 0
-19 -20 0
13 14 15 16 17 18 19 20 0
-4 -13 0
-4 -21 0
-4 -22 0
-4 -23 0
-13 -21 0
-13 -22 0
-13 -23 0
-21 -22 0
-21 -23 0
-22 -23 0
4 13 21 22 23 0
-21 -24 0
-21 -25 0
-21 -26 0
-24 -25 0
-24 -26 0
-25 -26 0
21 24 25 26 0
-5 -14 0
-5 -24 0
-5 -27 0
-5 -28 0
-5 -29 0
-14 -24 0
-14 -27 0
-14 -28 0
-14 -29 0
-24 -27 0
-24 -28 0
-24 -29 0
-27 -28 0
-27 -29 0
-28 -29 0
5 14 24 27 28 29 0
-1 -6 0
-1 -30 0
-1 -31 0
-1 -32 0
-1 -33 0
-1 -34 0
-1 -35 0
-1 -36 0
-1 -37 0
-6 -30 0
-6 -31 0
-6 -32 0
-6 -33 0
-6 -34 0
-6 -35 0
-6 -36 0
-6 -37 0
-30 -31 0
-30 -32 0
-30 -33 0
-30 -34 0
-30 -35 0
-30 -36 0
-30 -37 0
-31 -32 0
-31 -33 0
-31 -34 0
-31 -35 0
-31 -36 0
-31 -37 0
-32 -33 0
-32 -34 0
-32 -35 0
-32 -36 0
-32 -37 0
-33 -34 0
-33 -35 0
-33 -36 0
-33 -37 0
-34 -35 0
-34 -36 0
-34 -37 0
-35 -36 0
-35 -37 0
-36 -37 0
1 6 30 31 32 33 34 35 36 37 0
-27 -30 0
-27 -38 0
-27 -39 0
-27 -40 0
-27 -41 0
-30 -38 0
-30 -39 0
-30 -40 0
-30 -41 0
-38 -39 0
-38 -40 0
-38 -41 0
-39 -40 0
-39 -41 0
-40 -41 0
27 30 38 39 40 41 0
-7 -15 0
-7 -31 0
-7 -42 0
-7 -43 0
-7 -44 0
-7 -45 0
-7 -46 0
-15 -31 0
-15 -42 0
-15 -43 0
-15 -44 0
-15 -45 0
-15 -46 0
-31 -42 0
-31 -43 0
-31 -44 0
-31 -45 0
-31 -46 0
-42 -43 0
-42 -44 0
-42 -45 0
-42 -46 0
-43 -44 0
-43 -45 0
-43 -46 0
-44 -45 0
-44 -46 0
-45 -46 0
7 15 31 42 43 44 45 46 0
-2 -16 0
-2 -28 0
-2 -47 0
-2 -48 0
-2 -49 0
-2 -50 0
-2 -51 0
-2 -52 0
-2 -53 0
-16 -28 0
-16 -47 0
-16 -48 0
-16 -49 0
-16 -50 0
-16 -51 0
-16 -52 0
-16 -53 0
-28 -47 0
-28 -48 0
-28 -49 0
-28 -50 0
-28 -51 0
-28 -52 0
-28 -53 0
-47 -48 0
-47 -49 0
-47 -50 0
-47 -51 0
-47 -52 0
-47 -53 0
-48 -49 0
-48 -50 0
-48 -51 0
-48 -52 0
-48 -53 0
-49 -50 0
-49 -51 0
-49 -52 0
-49 -53 0
-50 -51 0
-50 -52 0
-50 -53 0
-51 -52 0
-51 -53 0
-52 -53 0
2 16 28 47 48 49 50 51 52 53 0
-29 -32 0
-29 -54 0
-29 -55 0
-29 -56 0
-29 -57 0
-29 -58 0
-29 -59 0
-32 -54 0
-32 -55 0
-32 -56 0
-32 -57 0
-32 -58 0
-32 -59 0
-54 -55 0
-54 -56 0
-54 -57 0
-54 -58 0
-54 -59 0
-55 -56 0
-55 -57 0
-55 -58 0
-55 -59 0
-56 -57 0
-56 -58 0
-56 -59 0
-57 -58 0
-57 -59 0
-58 -59 0
29 32 54 55 56 57 58 59 0
-38 -60 0
-38 -61 0
-38 -62 0
-38 -63 0
-38 -64 0
-60 -61 0
-60 -62 0
-60 -63 0
-60 -64 0
-61 -62 0
-61 -63 0
-61 -64 0
-62 -63 0
-62 -64 0
-63 -64 0
38 60 61 62 63 64 0
-8 -25 0
-8 -42 0
-8 -47 0
-8 -54 0
-8 -65 0
-8 -66 0
-25 -42 0
-25 -47 0
-25 -54 0
-25 -65 0
-25 -66 0
-42 -47 0
-42 -54 0
-42 -65 0
-42 -66 0
-47 -54 0
-47 -65 0
-47 -66 0
-54 -65 0
-54 -66 0
-65 -66 0
8 25 42 47 54 65 66 0
-39 -55 0
-39 -67 0
-39 -68 0
-39 -69 0
-39 -70 0
-55 -67 0
-55 -68 0
-55 -69 0
-55 -70 0
-67 -68 0
-67 -69 0
-67 -70 0
-68 -69 0
-68 -70 0
-69 -70 0
39 55 67 68 69 70 0
-48 -56 0
-48 -71 0
-48 -72 0
-48 -73 0
-56 -71 0
-56 -72 0
-56 -73 0
-71 -72 0
-71 -73 0
-72 -73 0
48 56 71 72 73 0
-9 -22 0
-9 -33 0
-9 -57 0
-9 -60 0
-9 -74 0
-9 -75 0
-22 -33 0
-22 -57 0
-22 -60 0
-22 -74 0
-22 -75 0
-33 -57 0
-33 -60 0
-33 -74 0
-33 -75 0
-57 -60 0
-57 -74 0
-57 -75 0
-60 -74 0
-60 -75 0
-74 -75 0
9 22 33 57 60 74 75 0
-17 -43 0
-17 -61 0
-17 -76 0
-17 -77 0
-43 -61 0
-43 -76 0
-43 -77 0
-61 -76 0
-61 -77 0
-76 -77 0
17 43 61 76 77 0
-18 -23 0
-18 -67 0
-18 -78 0
-18 -79 0
-18 -80 0
-18 -81 0
-23 -67 0
-23 -78 0
-23 -79 0
-23 -80 0
-23 -81 0
-67 -78 0
-67 -79 0
-67 -80 0
-67 -81 0
-78 -79 0
-78 -80 0
-78 -81 0
-79 -80 0
-79 -81 0
-80 -81 0
18 23 67 78 79 80 81 0
-10 -19 0
-10 -65 0
-10 -82 0
-10 -83 0
-19 -65 0
-19 -82 0
-19 -83 0
-65 -82 0
-65 -83 0
-82 -83 0
10 19 65 82 83 0
-11 -34 0
-11 -40 0
-11 -49 0
-11 -62 0
-11 -74 0
-11 -84 0
-11 -85 0
-34 -40 0
-34 -49 0
-34 -62 0
-34 -74 0
-34 -84 0
-34 -85 0
-40 -49 0
-40 -62 0
-40 -74 0
-40 -84 0
-40 -85 0
-49 -62 0
-49 -74 0
-49 -84 0
-49 -85 0
-62 -74 0
-62 -84 0
-62 -85 0
-74 -84 0
-74 -85 0
-84 -85 0
11 34 40 49 62 74 84 85 0
-44 -68 0
-44 -78 0
-44 -86 0
-44 -87 0
-44 -88 0
-68 -78 0
-68 -86 0
-68 -87 0
-68 -88 0
-78 -86 0
-78 -87 0
-78 -88 0
-86 -87 0
-86 -88 0
-87 -88 0
44 68 78 86 87 88 0
-20 -50 0
-20 -63 0
-20 -66 0
-20 -71 0
-20 -75 0
-20 -76 0
-20 -79 0
-20 -89 0
-20 -90 0
-50 -63 0
-50 -66 0
-50 -71 0
-50 -75 0
-50 -76 0
-50 -79 0
-50 -89 0
-50 -90 0
-63 -66 0
-63 -71 0
-63 -75 0
-63 -76 0
-63 -79 0
-63 -89 0
-63 -90 0
-66 -71 0
-66 -75 0
-66 -76 0
-66 -79 0
-66 -89 0
-66 -90 0
-71 -75 0
-71 -76 0
-71 -79 0
-71 -89 0
-71 -90 0
-75 -76 0
-75 -79 0
-75 -89 0
-75 -90 0
-76 -79 0
-76 -89 0
-76 -90 0
-79 -89 0
-79 -90 0
-89 -90 0
20 50 63 66 71 75 76 79 89 90 0
-51 -69 0
-51 -72 0
-51 -80 0
-51 -86 0
-51 -89 0
-69 -72 0
-69 -80 0
-69 -86 0
-69 -89 0
-72 -80 0
-72 -86 0
-72 -89 0
-80 -86 0
-80 -89 0
-86 -89 0
51 69 72 80 86 89 0
-35 -45 0
-35 -64 0
-35 -84 0
-35 -91 0
-45 -64 0
-45 -84 0
-45 -91 0
-64 -84 0
-64 -91 0
-84 -91 0
35 45 64 84 91 0
-12 -26 0
-12 -36 0
-12 -46 0
-12 -52 0
-12 -58 0
-12 -70 0
-12 -73 0
-12 -81 0
-12 -82 0
-12 -87 0
-12 -91 0
-12 -92 0
-26 -36 0
-26 -46 0
-26 -52 0
-26 -58 0
-26 -70 0
-26 -73 0
-26 -81 0
-26 -82 0
-26 -87 0
-26 -91 0
-26 -92 0
-36 -46 0
-36 -52 0
-36 -58 0
-36 -70 0
-36 -73 0
-36 -81 0
-36 -82 0
-36 -87 0
-36 -91 0
-36 -92 0
-46 -52 0
-46 -58 0
-46 -70 0
-46 -73 0
-46 -81 0
-46 -82 0
-46 -87 0
-46 -91 0
-46 -92 0
-52 -58 0
-52 -70 0
-52 -73 0
-52 -81 0
-52 -82 0
-52 -87 0
-52 -91 0
-52 -92 0
-58 -70 0
-58 -73 0
-58 -81 0
-58 -82 0
-58 -87 0
-58 -91 0
-58 -92 0
-70 -73 0
-70 -81 0
-70 -82 0
-70 -87 0
-70 -91 0
-70 -92 0
-73 -81 0
-73 -82 0
-73 -87 0
-73 -91 0
-73 -92 0
-81 -82 0
-81 -87 0
-81 -91 0
-81 -92 0
-82 -87 0
-82 -91 0
-82 -92 0
-87 -91 0
-87 -92 0
-91 -92 0
12 26 36 46 52 58 70 73 81 82 87 91 92 0
-3 -37 0
-3 -41 0
-3 -53 0
-3 -59 0
-3 -77 0
-3 -83 0
-3 -85 0
-3 -88 0
-3 -90 0
-3 -92 0
-37 -41 0
-37 -53 0
-37 -59 0
-37 -77 0
-37 -83 0
-37 -85 0
-37 -88 0
-37 -90 0
-37 -92 0
-41 -53 0
-41 -59 0
-41 -77 0
-41 -83 0
-41 -85 0
-41 -88 0
-41 -90 0
-41 -92 0
-53 -59 0
-53 -77 0
-53 -83 0
-53 -85 0
-53 -88 0
-53 -90 0
-53 -92 0
-59 -77 0
-59 -83 0
-59 -85 0
-59 -88 0
-59 -90 0
-59 -92 0
-77 -83 0
-77 -85 0
-77 -88 0
-77 -90 0
-77 -92 0
-83 -85 0
-83 -88 0
-83 -90 0
-83 -92 0
-85 -88 0
-85 -90 0
-85 -92 0
-88 -90 0
-88 -92 0
-90 -92 0
3 37 41 53 59 77 83 85 88 90 92 0
