p cnf 33 153
-1 -2 -3 -4 -9 0
-26 -27 0
22 26 0
1 10 -2 0
-1 -10 2 0
1 -3 0
1 11 -4 0
-1 -11 4 0
1 -5 0
1 12 -6 0
-1 -12 6 0
1 13 -7 0
-1 -13 7 0
1 -8 0
1 -9 0
2 14 -3 0
-2 -14 3 0
-2 4 0
2 -5 0
2 15 -6 0
-2 -15 6 0
2 16 -7 0
-2 -16 7 0
2 17 -8 0
-2 -17 8 0
2 18 -9 0
-2 -18 9 0
3 19 -4 0
-3 -19 4 0
3 -5 0
3 20 -6 0
-3 -20 6 0
3 21 -7 0
-3 -21 7 0
3 -8 0
3 -9 0
4 -5 0
4 22 -6 0
-4 -22 6 0
4 23 -7 0
-4 -23 7 0
4 24 -8 0
-4 -24 8 0
4 25 -9 0
-4 -25 9 0
5 26 -6 0
-5 -26 6 0
5 27 -7 0
-5 -27 7 0
-5 8 0
5 28 -9 0
-5 -28 9 0
-6 7 0
6 29 -8 0
-6 -29 8 0
6 30 -9 0
-6 -30 9 0
7 31 -8 0
-7 -31 8 0
7 32 -9 0
-7 -32 9 0
8 33 -9 0
-8 -33 9 0
-10 -14 0
-10 11 0
10 15 -12 0
-10 -15 12 0
10 16 -13 0
-10 -16 13 0
-10 -17 0
-10 -18 0
19 -11 0
20 -12 0
21 -13 0
11 22 -12 0
-11 -22 12 0
11 23 -13 0
-11 -23 13 0
-11 -24 0
-11 -25 0
26 -12 0
27 -13 0
-12 13 0
-12 -29 0
-12 -30 0
-13 -31 0
-13 -32 0
14 19 0
14 20 -15 0
-14 -20 15 0
14 21 -16 0
-14 -21 16 0
14 -17 0
14 -18 0
-22 15 0
-23 16 0
-24 17 0
-25 18 0
26 -15 0
27 -16 0
28 -18 0
-15 16 0
15 29 -17 0
-15 -29 17 0
15 30 -18 0
-15 -30 18 0
16 31 -17 0
-16 -31 17 0
16 32 -18 0
-16 -32 18 0
17 33 -18 0
-17 -33 18 0
19 22 -20 0
-19 -22 20 0
19 23 -21 0
-19 -23 21 0
-19 -24 0
-19 -25 0
26 -20 0
27 -21 0
-20 21 0
-20 -29 0
-20 -30 0
-21 -31 0
-21 -32 0
26 -22 0
27 -23 0
28 -25 0
-22 23 0
22 29 -24 0
-22 -29 24 0
22 30 -25 0
-22 -30 25 0
23 31 -24 0
-23 -31 24 0
23 32 -25 0
-23 -32 25 0
24 33 -25 0
-24 -33 25 0
-26 27 0
26 29 0
26 30 -28 0
-26 -30 28 0
27 31 0
27 32 -28 0
-27 -32 28 0
-33 28 0
-31 29 0
-32 30 0
29 33 -30 0
-29 -33 30 0
31 33 -32 0
-31 -33 32 0
