p cnf 208 822
22 23 24 25 26 27 28 29 30 31 32 33 34 35 36 37 38 39 40 41 42 43 0
44 45 46 47 48 49 50 51 52 53 54 55 56 57 58 59 60 61 62 63 64 65 0
66 67 68 69 70 71 72 73 74 75 76 77 78 79 80 81 82 83 84 85 86 0
87 88 89 90 91 92 93 94 95 96 97 98 99 100 101 102 103 104 105 106 0
107 108 109 110 111 112 113 114 115 116 117 118 119 120 121 122 123 124 125 126 127 0
128 129 130 131 132 133 134 135 136 137 138 139 140 141 142 143 144 145 146 147 148 0
149 150 151 152 153 154 155 156 157 158 159 160 161 162 163 164 165 166 167 168 0
169 170 171 172 173 174 175 176 177 178 179 180 181 182 183 184 185 186 187 188 0
189 190 191 192 193 194 195 196 197 198 199 200 201 202 203 204 205 206 207 208 0
-1 -22 0
-1 -44 0
-1 -66 0
-1 -87 0
-1 -107 0
-1 -128 0
-1 -149 0
-1 -169 0
-1 -189 0
-22 -44 0
-22 -66 0
-22 -87 0
-22 -107 0
-22 -128 0
-22 -149 0
-22 -169 0
-22 -189 0
-44 -66 0
-44 -87 0
-44 -107 0
-44 -128 0
-44 -149 0
-44 -169 0
-44 -189 0
-66 -87 0
-66 -107 0
-66 -128 0
-66 -149 0
-66 -169 0
-66 -189 0
-87 -107 0
-87 -128 0
-87 -149 0
-87 -169 0
-87 -189 0
-107 -128 0
-107 -149 0
-107 -169 0
-107 -189 0
-128 -149 0
-128 -169 0
-128 -189 0
-149 -169 0
-149 -189 0
-169 -189 0
-2 -23 0
-2 -45 0
-2 -67 0
-2 -88 0
-2 -108 0
-2 -129 0
-2 -150 0
-2 -170 0
-2 -190 0
-23 -45 0
-23 -67 0
-23 -88 0
-23 -108 0
-23 -129 0
-23 -150 0
-23 -170 0
-23 -190 0
-45 -67 0
-45 -88 0
-45 -108 0
-45 -129 0
-45 -150 0
-45 -170 0
-45 -190 0
-67 -88 0
-67 -108 0
-67 -129 0
-67 -150 0
-67 -170 0
-67 -190 0
-88 -108 0
-88 -129 0
-88 -150 0
-88 -170 0
-88 -190 0
-108 -129 0
-108 -150 0
-108 -170 0
-108 -190 0
-129 -150 0
-129 -170 0
-129 -190 0
-150 -170 0
-150 -190 0
-170 -190 0
-3 -24 0
-3 -46 0
-3 -68 0
-3 -109 0
-3 -130 0
-3 -151 0
-3 -191 0
-24 -46 0
-24 -68 0
-24 -109 0
-24 -130 0
-24 -151 0
-24 -191 0
-46 -68 0
-46 -109 0
-46 -130 0
-46 -151 0
-46 -191 0
-68 -109 0
-68 -130 0
-68 -151 0
-68 -191 0
-109 -130 0
-109 -151 0
-109 -191 0
-130 -151 0
-130 -191 0
-151 -191 0
-4 -25 0
-4 -47 0
-4 -69 0
-4 -89 0
-4 -110 0
-4 -152 0
-4 -171 0
-4 -192 0
-25 -47 0
-25 -69 0
-25 -89 0
-25 -110 0
-25 -152 0
-25 -171 0
-25 -192 0
-47 -69 0
-47 -89 0
-47 -110 0
-47 -152 0
-47 -171 0
-47 -192 0
-69 -89 0
-69 -110 0
-69 -152 0
-69 -171 0
-69 -192 0
-89 -110 0
-89 -152 0
-89 -171 0
-89 -192 0
-110 -152 0
-110 -171 0
-110 -192 0
-152 -171 0
-152 -192 0
-171 -192 0
-5 -26 0
-5 -48 0
-5 -70 0
-5 -111 0
-5 -131 0
-5 -153 0
-5 -172 0
-5 -193 0
-26 -48 0
-26 -70 0
-26 -111 0
-26 -131 0
-26 -153 0
-26 -172 0
-26 -193 0
-48 -70 0
-48 -111 0
-48 -131 0
-48 -153 0
-48 -172 0
-48 -193 0
-70 -111 0
-70 -131 0
-70 -153 0
-70 -172 0
-70 -193 0
-111 -131 0
-111 -153 0
-111 -172 0
-111 -193 0
-131 -153 0
-131 -172 0
-131 -193 0
-153 -172 0
-153 -193 0
-172 -193 0
-27 -49 0
-27 -71 0
-27 -90 0
-27 -112 0
-27 -132 0
-27 -154 0
-27 -173 0
-27 -194 0
-49 -71 0
-49 -90 0
-49 -112 0
-49 -132 0
-49 -154 0
-49 -173 0
-49 -194 0
-71 -90 0
-71 -112 0
-71 -132 0
-71 -154 0
-71 -173 0
-71 -194 0
-90 -112 0
-90 -132 0
-90 -154 0
-90 -173 0
-90 -194 0
-112 -132 0
-112 -154 0
-112 -173 0
-112 -194 0
-132 -154 0
-132 -173 0
-132 -194 0
-154 -173 0
-154 -194 0
-173 -194 0
-6 -28 0
-6 -50 0
-6 -72 0
-6 -91 0
-6 -113 0
-6 -155 0
-6 -174 0
-6 -195 0
-28 -50 0
-28 -72 0
-28 -91 0
-28 -113 0
-28 -155 0
-28 -174 0
-28 -195 0
-50 -72 0
-50 -91 0
-50 -113 0
-50 -155 0
-50 -174 0
-50 -195 0
-72 -91 0
-72 -113 0
-72 -155 0
-72 -174 0
-72 -195 0
-91 -113 0
-91 -155 0
-91 -174 0
-91 -195 0
-113 -155 0
-113 -174 0
-113 -195 0
-155 -174 0
-155 -195 0
-174 -195 0
-7 -29 0
-7 -51 0
-7 -73 0
-7 -92 0
-7 -114 0
-7 -133 0
-7 -156 0
-7 -175 0
-29 -51 0
-29 -73 0
-29 -92 0
-29 -114 0
-29 -133 0
-29 -156 0
-29 -175 0
-51 -73 0
-51 -92 0
-51 -114 0
-51 -133 0
-51 -156 0
-51 -175 0
-73 -92 0
-73 -114 0
-73 -133 0
-73 -156 0
-73 -175 0
-92 -114 0
-92 -133 0
-92 -156 0
-92 -175 0
-114 -133 0
-114 -156 0
-114 -175 0
-133 -156 0
-133 -175 0
-156 -175 0
-30 -52 0
-30 -74 0
-30 -93 0
-30 -115 0
-30 -134 0
-30 -157 0
-30 -176 0
-30 -196 0
-52 -74 0
-52 -93 0
-52 -115 0
-52 -134 0
-52 -157 0
-52 -176 0
-52 -196 0
-74 -93 0
-74 -115 0
-74 -134 0
-74 -157 0
-74 -176 0
-74 -196 0
-93 -115 0
-93 -134 0
-93 -157 0
-93 -176 0
-93 -196 0
-115 -134 0
-115 -157 0
-115 -176 0
-115 -196 0
-134 -157 0
-134 -176 0
-134 -196 0
-157 -176 0
-157 -196 0
-176 -196 0
-8 -31 0
-8 -53 0
-8 -94 0
-8 -135 0
-8 -158 0
-8 -177 0
-8 -197 0
-31 -53 0
-31 -94 0
-31 -135 0
-31 -158 0
-31 -177 0
-31 -197 0
-53 -94 0
-53 -135 0
-53 -158 0
-53 -177 0
-53 -197 0
-94 -135 0
-94 -158 0
-94 -177 0
-94 -197 0
-135 -158 0
-135 -177 0
-135 -197 0
-158 -177 0
-158 -197 0
-177 -197 0
-9 -32 0
-9 -54 0
-9 -75 0
-9 -95 0
-9 -116 0
-9 -136 0
-32 -54 0
-32 -75 0
-32 -95 0
-32 -116 0
-32 -136 0
-54 -75 0
-54 -95 0
-54 -116 0
-54 -136 0
-75 -95 0
-75 -116 0
-75 -136 0
-95 -116 0
-95 -136 0
-116 -136 0
-10 -33 0
-10 -55 0
-10 -76 0
-10 -96 0
-10 -117 0
-10 -137 0
-10 -159 0
-10 -178 0
-33 -55 0
-33 -76 0
-33 -96 0
-33 -117 0
-33 -137 0
-33 -159 0
-33 -178 0
-55 -76 0
-55 -96 0
-55 -117 0
-55 -137 0
-55 -159 0
-55 -178 0
-76 -96 0
-76 -117 0
-76 -137 0
-76 -159 0
-76 -178 0
-96 -117 0
-96 -137 0
-96 -159 0
-96 -178 0
-117 -137 0
-117 -159 0
-117 -178 0
-137 -159 0
-137 -178 0
-159 -178 0
-11 -56 0
-11 -97 0
-11 -118 0
-11 -138 0
-11 -160 0
-11 -198 0
-56 -97 0
-56 -118 0
-56 -138 0
-56 -160 0
-56 -198 0
-97 -118 0
-97 -138 0
-97 -160 0
-97 -198 0
-118 -138 0
-118 -160 0
-118 -198 0
-138 -160 0
-138 -198 0
-160 -198 0
-12 -34 0
-12 -57 0
-12 -77 0
-12 -98 0
-12 -119 0
-12 -139 0
-12 -161 0
-12 -179 0
-12 -199 0
-34 -57 0
-34 -77 0
-34 -98 0
-34 -119 0
-34 -139 0
-34 -161 0
-34 -179 0
-34 -199 0
-57 -77 0
-57 -98 0
-57 -119 0
-57 -139 0
-57 -161 0
-57 -179 0
-57 -199 0
-77 -98 0
-77 -119 0
-77 -139 0
-77 -161 0
-77 -179 0
-77 -199 0
-98 -119 0
-98 -139 0
-98 -161 0
-98 -179 0
-98 -199 0
-119 -139 0
-119 -161 0
-119 -179 0
-119 -199 0
-139 -161 0
-139 -179 0
-139 -199 0
-161 -179 0
-161 -199 0
-179 -199 0
-35 -58 0
-35 -78 0
-35 -99 0
-35 -120 0
-35 -140 0
-35 -162 0
-35 -180 0
-35 -200 0
-58 -78 0
-58 -99 0
-58 -120 0
-58 -140 0
-58 -162 0
-58 -180 0
-58 -200 0
-78 -99 0
-78 -120 0
-78 -140 0
-78 -162 0
-78 -180 0
-78 -200 0
-99 -120 0
-99 -140 0
-99 -162 0
-99 -180 0
-99 -200 0
-120 -140 0
-120 -162 0
-120 -180 0
-120 -200 0
-140 -162 0
-140 -180 0
-140 -200 0
-162 -180 0
-162 -200 0
-180 -200 0
-13 -36 0
-13 -141 0
-13 -163 0
-13 -201 0
-36 -141 0
-36 -163 0
-36 -201 0
-141 -163 0
-141 -201 0
-163 -201 0
-14 -37 0
-14 -59 0
-14 -79 0
-14 -100 0
-14 -121 0
-14 -142 0
-14 -181 0
-14 -202 0
-37 -59 0
-37 -79 0
-37 -100 0
-37 -121 0
-37 -142 0
-37 -181 0
-37 -202 0
-59 -79 0
-59 -100 0
-59 -121 0
-59 -142 0
-59 -181 0
-59 -202 0
-79 -100 0
-79 -121 0
-79 -142 0
-79 -181 0
-79 -202 0
-100 -121 0
-100 -142 0
-100 -181 0
-100 -202 0
-121 -142 0
-121 -181 0
-121 -202 0
-142 -181 0
-142 -202 0
-181 -202 0
-15 -38 0
-15 -80 0
-15 -122 0
-15 -143 0
-15 -164 0
-15 -182 0
-15 -203 0
-38 -80 0
-38 -122 0
-38 -143 0
-38 -164 0
-38 -182 0
-38 -203 0
-80 -122 0
-80 -143 0
-80 -164 0
-80 -182 0
-80 -203 0
-122 -143 0
-122 -164 0
-122 -182 0
-122 -203 0
-143 -164 0
-143 -182 0
-143 -203 0
-164 -182 0
-164 -203 0
-182 -203 0
-16 -39 0
-16 -60 0
-16 -81 0
-16 -101 0
-16 -123 0
-16 -144 0
-16 -165 0
-16 -183 0
-16 -204 0
-39 -60 0
-39 -81 0
-39 -101 0
-39 -123 0
-39 -144 0
-39 -165 0
-39 -183 0
-39 -204 0
-60 -81 0
-60 -101 0
-60 -123 0
-60 -144 0
-60 -165 0
-60 -183 0
-60 -204 0
-81 -101 0
-81 -123 0
-81 -144 0
-81 -165 0
-81 -183 0
-81 -204 0
-101 -123 0
-101 -144 0
-101 -165 0
-101 -183 0
-101 -204 0
-123 -144 0
-123 -165 0
-123 -183 0
-123 -204 0
-144 -165 0
-144 -183 0
-144 -204 0
-165 -183 0
-165 -204 0
-183 -204 0
-17 -40 0
-17 -61 0
-17 -82 0
-17 -102 0
-17 -124 0
-17 -145 0
-17 -166 0
-17 -184 0
-17 -205 0
-40 -61 0
-40 -82 0
-40 -102 0
-40 -124 0
-40 -145 0
-40 -166 0
-40 -184 0
-40 -205 0
-61 -82 0
-61 -102 0
-61 -124 0
-61 -145 0
-61 -166 0
-61 -184 0
-61 -205 0
-82 -102 0
-82 -124 0
-82 -145 0
-82 -166 0
-82 -184 0
-82 -205 0
-102 -124 0
-102 -145 0
-102 -166 0
-102 -184 0
-102 -205 0
-124 -145 0
-124 -166 0
-124 -184 0
-124 -205 0
-145 -166 0
-145 -184 0
-145 -205 0
-166 -184 0
-166 -205 0
-184 -205 0
-18 -41 0
-18 -62 0
-18 -83 0
-18 -103 0
-18 -125 0
-18 -146 0
-18 -167 0
-18 -185 0
-41 -62 0
-41 -83 0
-41 -103 0
-41 -125 0
-41 -146 0
-41 -167 0
-41 -185 0
-62 -83 0
-62 -103 0
-62 -125 0
-62 -146 0
-62 -167 0
-62 -185 0
-83 -103 0
-83 -125 0
-83 -146 0
-83 -167 0
-83 -185 0
-103 -125 0
-103 -146 0
-103 -167 0
-103 -185 0
-125 -146 0
-125 -167 0
-125 -185 0
-146 -167 0
-146 -185 0
-167 -185 0
-19 -42 0
-19 -63 0
-19 -84 0
-19 -104 0
-19 -147 0
-19 -186 0
-19 -206 0
-42 -63 0
-42 -84 0
-42 -104 0
-42 -147 0
-42 -186 0
-42 -206 0
-63 -84 0
-63 -104 0
-63 -147 0
-63 -186 0
-63 -206 0
-84 -104 0
-84 -147 0
-84 -186 0
-84 -206 0
-104 -147 0
-104 -186 0
-104 -206 0
-147 -186 0
-147 -206 0
-186 -206 0
-20 -43 0
-20 -64 0
-20 -85 0
-20 -105 0
-20 -126 0
-20 -168 0
-20 -187 0
-20 -207 0
-43 -64 0
-43 -85 0
-43 -105 0
-43 -126 0
-43 -168 0
-43 -187 0
-43 -207 0
-64 -85 0
-64 -105 0
-64 -126 0
-64 -168 0
-64 -187 0
-64 -207 0
-85 -105 0
-85 -126 0
-85 -168 0
-85 -187 0
-85 -207 0
-105 -126 0
-105 -168 0
-105 -187 0
-105 -207 0
-126 -168 0
-126 -187 0
-126 -207 0
-168 -187 0
-168 -207 0
-187 -207 0
-21 -65 0
-21 -86 0
-21 -106 0
-21 -127 0
-21 -148 0
-21 -188 0
-21 -208 0
-65 -86 0
-65 -106 0
-65 -127 0
-65 -148 0
-65 -188 0
-65 -208 0
-86 -106 0
-86 -127 0
-86 -148 0
-86 -188 0
-86 -208 0
-106 -127 0
-106 -148 0
-106 -188 0
-106 -208 0
-127 -148 0
-127 -188 0
-127 -208 0
-148 -188 0
-148 -208 0
-188 -208 0
