p cnf 165 692
1 2 3 4 0
-1 -2 0
-1 -3 0
-1 -4 0
-2 -3 0
-2 -4 0
-3 -4 0
5 6 7 0
-5 -6 0
-5 -7 0
-6 -7 0
8 9 10 0
-8 -9 0
-8 -10 0
-9 -10 0
11 12 13 14 0
-11 -12 0
-11 -13 0
-11 -14 0
-12 -13 0
-12 -14 0
-13 -14 0
15 16 17 0
-15 -16 0
-15 -17 0
-16 -17 0
18 19 20 21 0
-18 -19 0
-18 -20 0
-18 -21 0
-19 -20 0
-19 -21 0
-20 -21 0
22 23 24 25 0
-22 -23 0
-22 -24 0
-22 -25 0
-23 -24 0
-23 -25 0
-24 -25 0
26 27 28 29 0
-26 -27 0
-26 -28 0
-26 -29 0
-27 -28 0
-27 -29 0
-28 -29 0
30 31 32 0
-30 -31 0
-30 -32 0
-31 -32 0
33 34 35 36 0
-33 -34 0
-33 -35 0
-33 -36 0
-34 -35 0
-34 -36 0
-35 -36 0
37 38 39 0
-37 -38 0
-37 -39 0
-38 -39 0
40 41 42 43 0
-40 -41 0
-40 -42 0
-40 -43 0
-41 -42 0
-41 -43 0
-42 -43 0
44 45 46 0
-44 -45 0
-44 -46 0
-45 -46 0
47 48 49 0
-47 -48 0
-47 -49 0
-48 -49 0
50 51 52 0
-50 -51 0
-50 -52 0
-51 -52 0
53 54 55 0
-53 -54 0
-53 -55 0
-54 -55 0
56 57 58 59 0
-56 -57 0
-56 -58 0
-56 -59 0
-57 -58 0
-57 -59 0
-58 -59 0
60 61 62 63 0
-60 -61 0
-60 -62 0
-60 -63 0
-61 -62 0
-61 -63 0
-62 -63 0
64 65 66 67 0
-64 -65 0
-64 -66 0
-64 -67 0
-65 -66 0
-65 -67 0
-66 -67 0
68 69 70 71 0
-68 -69 0
-68 -70 0
-68 -71 0
-69 -70 0
-69 -71 0
-70 -71 0
72 73 74 75 0
-72 -73 0
-72 -74 0
-72 -75 0
-73 -74 0
-73 -75 0
-74 -75 0
76 77 78 79 0
-76 -77 0
-76 -78 0
-76 -79 0
-77 -78 0
-77 -79 0
-78 -79 0
80 81 82 83 0
-80 -81 0
-80 -82 0
-80 -83 0
-81 -82 0
-81 -83 0
-82 -83 0
84 85 86 87 0
-84 -85 0
-84 -86 0
-84 -87 0
-85 -86 0
-85 -87 0
-86 -87 0
88 89 90 91 0
-88 -89 0
-88 -90 0
-88 -91 0
-89 -90 0
-89 -91 0
-90 -91 0
92 93 94 0
-92 -93 0
-92 -94 0
-93 -94 0
95 96 97 98 0
-95 -96 0
-95 -97 0
-95 -98 0
-96 -97 0
-96 -98 0
-97 -98 0
99 100 101 102 0
-99 -100 0
-99 -101 0
-99 -102 0
-100 -101 0
-100 -102 0
-101 -102 0
103 104 105 0
-103 -104 0
-103 -105 0
-104 -105 0
106 107 0
-106 -107 0
108 109 110 111 0
-108 -109 0
-108 -110 0
-108 -111 0
-109 -110 0
-109 -111 0
-110 -111 0
112 113 114 115 0
-112 -113 0
-112 -114 0
-112 -115 0
-113 -114 0
-113 -115 0
-114 -115 0
116 117 118 119 0
-116 -117 0
-116 -118 0
-116 -119 0
-117 -118 0
-117 -119 0
-118 -119 0
120 121 122 0
-120 -121 0
-120 -122 0
-121 -122 0
123 124 125 126 0
-123 -124 0
-123 -125 0
-123 -126 0
-124 -125 0
-124 -126 0
-125 -126 0
127 128 129 130 0
-127 -128 0
-127 -129 0
-127 -130 0
-128 -129 0
-128 -130 0
-129 -130 0
131 132 133 0
-131 -132 0
-131 -133 0
-132 -133 0
134 135 136 137 0
-134 -135 0
-134 -136 0
-134 -137 0
-135 -136 0
-135 -137 0
-136 -137 0
138 139 140 141 0
-138 -139 0
-138 -140 0
-138 -141 0
-139 -140 0
-139 -141 0
-140 -141 0
142 143 144 145 0
-142 -143 0
-142 -144 0
-142 -145 0
-143 -144 0
-143 -145 0
-144 -145 0
146 147 148 149 0
-146 -147 0
-146 -148 0
-146 -149 0
-147 -148 0
-147 -149 0
-148 -149 0
150 151 152 153 0
-150 -151 0
-150 -152 0
-150 -153 0
-151 -152 0
-151 -153 0
-152 -153 0
154 155 156 0
-154 -155 0
-154 -156 0
-155 -156 0
157 158 159 0
-157 -158 0
-157 -159 0
-158 -159 0
160 161 162 0
-160 -161 0
-160 -162 0
-161 -162 0
163 164 165 0
-163 -164 0
-163 -165 0
-164 -165 0
-1 -40 0
-2 -41 0
-3 -42 0
-4 -43 0
-1 -60 0
-2 -61 0
-3 -62 0
-4 -63 0
-1 -88 0
-2 -89 0
-3 -90 0
-4 -91 0
-1 -99 0
-2 -100 0
-3 -101 0
-4 -102 0
-1 -120 0
-2 -121 0
-4 -122 0
-5 -11 0
-6 -12 0
-7 -14 0
-5 -40 0
-6 -41 0
-7 -43 0
-5 -60 0
-6 -61 0
-7 -63 0
-5 -64 0
-6 -65 0
-7 -67 0
-5 -68 0
-6 -69 0
-7 -71 0
-5 -108 0
-6 -109 0
-7 -111 0
-5 -138 0
-6 -139 0
-7 -141 0
-5 -146 0
-6 -147 0
-7 -149 0
-6 -154 0
-7 -156 0
-8 -26 0
-9 -27 0
-10 -29 0
-8 -30 0
-10 -32 0
-9 -44 0
-10 -46 0
-9 -106 0
-10 -107 0
-8 -134 0
-9 -135 0
-10 -137 0
-8 -160 0
-9 -161 0
-10 -162 0
-11 -33 0
-12 -34 0
-13 -35 0
-14 -36 0
-11 -142 0
-12 -143 0
-13 -144 0
-14 -145 0
-11 -160 0
-12 -161 0
-14 -162 0
-15 -34 0
-16 -35 0
-17 -36 0
-15 -41 0
-16 -42 0
-17 -43 0
-15 -100 0
-16 -101 0
-17 -102 0
-15 -117 0
-16 -118 0
-17 -119 0
-15 -139 0
-16 -140 0
-17 -141 0
-18 -30 0
-20 -31 0
-21 -32 0
-18 -47 0
-19 -48 0
-21 -49 0
-18 -60 0
-19 -61 0
-20 -62 0
-21 -63 0
-18 -84 0
-19 -85 0
-20 -86 0
-21 -87 0
-18 -157 0
-19 -158 0
-21 -159 0
-18 -160 0
-19 -161 0
-21 -162 0
-22 -30 0
-24 -31 0
-25 -32 0
-22 -76 0
-23 -77 0
-24 -78 0
-25 -79 0
-26 -33 0
-27 -34 0
-28 -35 0
-29 -36 0
-26 -40 0
-27 -41 0
-28 -42 0
-29 -43 0
-26 -64 0
-27 -65 0
-28 -66 0
-29 -67 0
-26 -72 0
-27 -73 0
-28 -74 0
-29 -75 0
-26 -80 0
-27 -81 0
-28 -82 0
-29 -83 0
-26 -88 0
-27 -89 0
-28 -90 0
-29 -91 0
-26 -138 0
-27 -139 0
-28 -140 0
-29 -141 0
-26 -142 0
-27 -143 0
-28 -144 0
-29 -145 0
-26 -146 0
-27 -147 0
-28 -148 0
-29 -149 0
-26 -163 0
-28 -164 0
-29 -165 0
-30 -33 0
-31 -35 0
-32 -36 0
-31 -54 0
-32 -55 0
-30 -88 0
-31 -90 0
-32 -91 0
-30 -108 0
-31 -110 0
-32 -111 0
-30 -112 0
-31 -114 0
-32 -115 0
-30 -120 0
-32 -122 0
-31 -132 0
-32 -133 0
-34 -44 0
-35 -45 0
-36 -46 0
-33 -50 0
-34 -51 0
-36 -52 0
-33 -56 0
-34 -57 0
-35 -58 0
-36 -59 0
-33 -60 0
-34 -61 0
-35 -62 0
-36 -63 0
-33 -116 0
-34 -117 0
-35 -118 0
-36 -119 0
-33 -120 0
-34 -121 0
-36 -122 0
-34 -154 0
-35 -155 0
-36 -156 0
-37 -60 0
-38 -61 0
-39 -63 0
-37 -157 0
-38 -158 0
-39 -159 0
-41 -53 0
-42 -54 0
-43 -55 0
-40 -92 0
-41 -93 0
-43 -94 0
-40 -146 0
-41 -147 0
-42 -148 0
-43 -149 0
-40 -163 0
-42 -164 0
-43 -165 0
-44 -51 0
-46 -52 0
-48 -53 0
-49 -55 0
-47 -108 0
-48 -109 0
-49 -111 0
-47 -134 0
-48 -135 0
-49 -137 0
-50 -64 0
-51 -65 0
-52 -67 0
-50 -68 0
-51 -69 0
-52 -71 0
-50 -88 0
-51 -89 0
-52 -91 0
-50 -123 0
-51 -124 0
-52 -126 0
-50 -146 0
-51 -147 0
-52 -149 0
-53 -93 0
-55 -94 0
-53 -113 0
-54 -114 0
-55 -115 0
-53 -128 0
-54 -129 0
-55 -130 0
-53 -158 0
-55 -159 0
-54 -164 0
-55 -165 0
-56 -80 0
-57 -81 0
-58 -82 0
-59 -83 0
-56 -84 0
-57 -85 0
-58 -86 0
-59 -87 0
-60 -64 0
-61 -65 0
-62 -66 0
-63 -67 0
-60 -116 0
-61 -117 0
-62 -118 0
-63 -119 0
-60 -123 0
-61 -124 0
-62 -125 0
-63 -126 0
-60 -163 0
-62 -164 0
-63 -165 0
-64 -95 0
-65 -96 0
-66 -97 0
-67 -98 0
-65 -106 0
-67 -107 0
-64 -112 0
-65 -113 0
-66 -114 0
-67 -115 0
-64 -123 0
-65 -124 0
-66 -125 0
-67 -126 0
-64 -160 0
-65 -161 0
-67 -162 0
-68 -103 0
-69 -104 0
-71 -105 0
-68 -138 0
-69 -139 0
-70 -140 0
-71 -141 0
-73 -106 0
-75 -107 0
-72 -150 0
-73 -151 0
-74 -152 0
-75 -153 0
-72 -160 0
-73 -161 0
-75 -162 0
-76 -84 0
-77 -85 0
-78 -86 0
-79 -87 0
-76 -163 0
-78 -164 0
-79 -165 0
-80 -84 0
-81 -85 0
-82 -86 0
-83 -87 0
-80 -95 0
-81 -96 0
-82 -97 0
-83 -98 0
-80 -112 0
-81 -113 0
-82 -114 0
-83 -115 0
-80 -142 0
-81 -143 0
-82 -144 0
-83 -145 0
-88 -112 0
-89 -113 0
-90 -114 0
-91 -115 0
-88 -127 0
-89 -128 0
-90 -129 0
-91 -130 0
-95 -108 0
-96 -109 0
-97 -110 0
-98 -111 0
-95 -160 0
-96 -161 0
-98 -162 0
-100 -106 0
-102 -107 0
-99 -120 0
-100 -121 0
-102 -122 0
-99 -134 0
-100 -135 0
-101 -136 0
-102 -137 0
-103 -108 0
-104 -109 0
-105 -111 0
-103 -123 0
-104 -124 0
-105 -126 0
-103 -127 0
-104 -128 0
-105 -130 0
-103 -138 0
-104 -139 0
-105 -141 0
-106 -143 0
-107 -145 0
-108 -112 0
-109 -113 0
-110 -114 0
-111 -115 0
-108 -146 0
-109 -147 0
-110 -148 0
-111 -149 0
-108 -160 0
-109 -161 0
-111 -162 0
-112 -134 0
-113 -135 0
-114 -136 0
-115 -137 0
-116 -123 0
-117 -124 0
-118 -125 0
-119 -126 0
-116 -160 0
-117 -161 0
-119 -162 0
-120 -157 0
-121 -158 0
-122 -159 0
-123 -160 0
-124 -161 0
-126 -162 0
-127 -150 0
-128 -151 0
-129 -152 0
-130 -153 0
-127 -160 0
-128 -161 0
-130 -162 0
-131 -135 0
-132 -136 0
-133 -137 0
-131 -151 0
-132 -152 0
-133 -153 0
-134 -150 0
-135 -151 0
-136 -152 0
-137 -153 0
-142 -160 0
-143 -161 0
-145 -162 0
-142 -163 0
-144 -164 0
-145 -165 0
-150 -157 0
-151 -158 0
-153 -159 0
-150 -160 0
-151 -161 0
-153 -162 0
-154 -158 0
-156 -159 0
