p cnf 40 146
1 2 3 4 0
-1 -5 0
-1 -10 0
-1 -17 0
-1 -22 0
-1 -36 0
-5 -10 0
-5 -17 0
-5 -22 0
-5 -36 0
-10 -17 0
-10 -22 0
-10 -36 0
-17 -22 0
-17 -36 0
-22 -36 0
-2 -6 0
-2 -14 0
-2 -18 0
-2 -23 0
-2 -30 0
-2 -37 0
-6 -14 0
-6 -18 0
-6 -23 0
-6 -30 0
-6 -37 0
-14 -18 0
-14 -23 0
-14 -30 0
-14 -37 0
-18 -23 0
-18 -30 0
-18 -37 0
-23 -30 0
-23 -37 0
-30 -37 0
-3 -7 0
-3 -11 0
-3 -19 0
-3 -24 0
-3 -27 0
-3 -31 0
-3 -38 0
-7 -11 0
-7 -19 0
-7 -24 0
-7 -27 0
-7 -31 0
-7 -38 0
-11 -19 0
-11 -24 0
-11 -27 0
-11 -31 0
-11 -38 0
-19 -24 0
-19 -27 0
-19 -31 0
-19 -38 0
-24 -27 0
-24 -31 0
-24 -38 0
-27 -31 0
-27 -38 0
-31 -38 0
-8 -12 0
-8 -15 0
-8 -20 0
-8 -25 0
-8 -28 0
-8 -32 0
-8 -34 0
-8 -39 0
-12 -15 0
-12 -20 0
-12 -25 0
-12 -28 0
-12 -32 0
-12 -34 0
-12 -39 0
-15 -20 0
-15 -25 0
-15 -28 0
-15 -32 0
-15 -34 0
-15 -39 0
-20 -25 0
-20 -28 0
-20 -32 0
-20 -34 0
-20 -39 0
-25 -28 0
-25 -32 0
-25 -34 0
-25 -39 0
-28 -32 0
-28 -34 0
-28 -39 0
-32 -34 0
-32 -39 0
-34 -39 0
-4 -9 0
-4 -13 0
-4 -16 0
-4 -21 0
-4 -26 0
-4 -29 0
-4 -33 0
-4 -35 0
-4 -40 0
-9 -13 0
-9 -16 0
-9 -21 0
-9 -26 0
-9 -29 0
-9 -33 0
-9 -35 0
-9 -40 0
-13 -16 0
-13 -21 0
-13 -26 0
-13 -29 0
-13 -33 0
-13 -35 0
-13 -40 0
-16 -21 0
-16 -26 0
-16 -29 0
-16 -33 0
-16 -35 0
-16 -40 0
-21 -26 0
-21 -29 0
-21 -33 0
-21 -35 0
-21 -40 0
-26 -29 0
-26 -33 0
-26 -35 0
-26 -40 0
-29 -33 0
-29 -35 0
-29 -40 0
-33 -35 0
-33 -40 0
-35 -40 0
