p cnf 32 148
1 -9 -11 0
-17 -19 0
5 -25 -26 0
15 22 26 0
-1 2 0
-1 3 0
-1 4 0
-1 5 0
-1 6 0
1 9 -7 0
-1 -9 7 0
1 10 -8 0
-1 -10 8 0
-1 -11 0
2 -3 0
2 12 -4 0
-2 -12 4 0
2 13 -5 0
-2 -13 5 0
2 -6 0
2 14 -7 0
-2 -14 7 0
2 15 -8 0
-2 -15 8 0
-2 -16 0
-3 4 0
-3 5 0
-3 6 0
3 17 -7 0
-3 -17 7 0
3 18 -8 0
-3 -18 8 0
-3 -19 0
4 -5 0
4 20 -6 0
-4 -20 6 0
4 21 -7 0
-4 -21 7 0
4 22 -8 0
-4 -22 8 0
-4 -23 0
5 24 -6 0
-5 -24 6 0
5 25 -7 0
-5 -25 7 0
5 26 -8 0
-5 -26 8 0
-5 -27 0
6 28 -7 0
-6 -28 7 0
6 29 -8 0
-6 -29 8 0
-6 -30 0
7 -8 0
-7 -31 0
-8 -32 0
-14 9 0
-15 10 0
-16 11 0
-17 9 0
-18 10 0
-19 11 0
-21 9 0
-22 10 0
-23 11 0
-25 9 0
-26 10 0
-27 11 0
-28 9 0
-29 10 0
-30 11 0
9 -10 0
9 31 -11 0
-9 -31 11 0
10 32 -11 0
-10 -32 11 0
17 -14 0
18 -15 0
19 -16 0
12 -13 0
-12 -20 0
12 21 -14 0
-12 -21 14 0
12 22 -15 0
-12 -22 15 0
12 23 -16 0
-12 -23 16 0
-13 -24 0
13 25 -14 0
-13 -25 14 0
13 26 -15 0
-13 -26 15 0
13 27 -16 0
-13 -27 16 0
28 -14 0
29 -15 0
30 -16 0
14 -15 0
14 31 -16 0
-14 -31 16 0
15 32 -16 0
-15 -32 16 0
-21 17 0
-22 18 0
-23 19 0
-25 17 0
-26 18 0
-27 19 0
-28 17 0
-29 18 0
-30 19 0
17 -18 0
17 31 -19 0
-17 -31 19 0
18 32 -19 0
-18 -32 19 0
24 -20 0
25 -21 0
26 -22 0
27 -23 0
20 28 -21 0
-20 -28 21 0
20 29 -22 0
-20 -29 22 0
20 30 -23 0
-20 -30 23 0
21 -22 0
21 31 -23 0
-21 -31 23 0
22 32 -23 0
-22 -32 23 0
24 28 -25 0
-24 -28 25 0
24 29 -26 0
-24 -29 26 0
24 30 -27 0
-24 -30 27 0
25 -26 0
25 31 -27 0
-25 -31 27 0
26 32 -27 0
-26 -32 27 0
28 -29 0
28 31 -30 0
-28 -31 30 0
29 32 -30 0
-29 -32 30 0
32 -31 0
