p cnf 79 282
1 2 3 4 5 6 7 8 0
44 45 46 47 48 49 50 51 52 53 0
54 55 56 57 58 59 60 61 62 63 0
-1 -9 0
-1 -16 0
-1 -22 0
-1 -30 0
-1 -38 0
-1 -44 0
-1 -54 0
-1 -71 0
-9 -16 0
-9 -22 0
-9 -30 0
-9 -38 0
-9 -44 0
-9 -54 0
-9 -71 0
-16 -22 0
-16 -30 0
-16 -38 0
-16 -44 0
-16 -54 0
-16 -71 0
-22 -30 0
-22 -38 0
-22 -44 0
-22 -54 0
-22 -71 0
-30 -38 0
-30 -44 0
-30 -54 0
-30 -71 0
-38 -44 0
-38 -54 0
-38 -71 0
-44 -54 0
-44 -71 0
-54 -71 0
-17 -23 0
-17 -31 0
-17 -39 0
-17 -45 0
-17 -55 0
-17 -64 0
-17 -72 0
-23 -31 0
-23 -39 0
-23 -45 0
-23 -55 0
-23 -64 0
-23 -72 0
-31 -39 0
-31 -45 0
-31 -55 0
-31 -64 0
-31 -72 0
-39 -45 0
-39 -55 0
-39 -64 0
-39 -72 0
-45 -55 0
-45 -64 0
-45 -72 0
-55 -64 0
-55 -72 0
-64 -72 0
-24 -32 0
-24 -46 0
-24 -56 0
-24 -65 0
-24 -73 0
-32 -46 0
-32 -56 0
-32 -65 0
-32 -73 0
-46 -56 0
-46 -65 0
-46 -73 0
-56 -65 0
-56 -73 0
-65 -73 0
-2 -10 0
-2 -18 0
-2 -33 0
-2 -40 0
-2 -47 0
-2 -57 0
-2 -66 0
-2 -74 0
-10 -18 0
-10 -33 0
-10 -40 0
-10 -47 0
-10 -57 0
-10 -66 0
-10 -74 0
-18 -33 0
-18 -40 0
-18 -47 0
-18 -57 0
-18 -66 0
-18 -74 0
-33 -40 0
-33 -47 0
-33 -57 0
-33 -66 0
-33 -74 0
-40 -47 0
-40 -57 0
-40 -66 0
-40 -74 0
-47 -57 0
-47 -66 0
-47 -74 0
-57 -66 0
-57 -74 0
-66 -74 0
-3 -19 0
-3 -25 0
-3 -34 0
-3 -48 0
-3 -58 0
-19 -25 0
-19 -34 0
-19 -48 0
-19 -58 0
-25 -34 0
-25 -48 0
-25 -58 0
-34 -48 0
-34 -58 0
-48 -58 0
-4 -11 0
-4 -26 0
-4 -35 0
-4 -49 0
-4 -59 0
-4 -67 0
-4 -75 0
-11 -26 0
-11 -35 0
-11 -49 0
-11 -59 0
-11 -67 0
-11 -75 0
-26 -35 0
-26 -49 0
-26 -59 0
-26 -67 0
-26 -75 0
-35 -49 0
-35 -59 0
-35 -67 0
-35 -75 0
-49 -59 0
-49 -67 0
-49 -75 0
-59 -67 0
-59 -75 0
-67 -75 0
-5 -12 0
-5 -20 0
-5 -36 0
-5 -50 0
-5 -60 0
-5 -76 0
-12 -20 0
-12 -36 0
-12 -50 0
-12 -60 0
-12 -76 0
-20 -36 0
-20 -50 0
-20 -60 0
-20 -76 0
-36 -50 0
-36 -60 0
-36 -76 0
-50 -60 0
-50 -76 0
-60 -76 0
-6 -13 0
-6 -27 0
-6 -41 0
-6 -51 0
-6 -61 0
-6 -68 0
-6 -77 0
-13 -27 0
-13 -41 0
-13 -51 0
-13 -61 0
-13 -68 0
-13 -77 0
-27 -41 0
-27 -51 0
-27 -61 0
-27 -68 0
-27 -77 0
-41 -51 0
-41 -61 0
-41 -68 0
-41 -77 0
-51 -61 0
-51 -68 0
-51 -77 0
-61 -68 0
-61 -77 0
-68 -77 0
-7 -14 0
-7 -21 0
-7 -28 0
-7 -42 0
-7 -52 0
-7 -62 0
-7 -69 0
-7 -78 0
-14 -21 0
-14 -28 0
-14 -42 0
-14 -52 0
-14 -62 0
-14 -69 0
-14 -78 0
-21 -28 0
-21 -42 0
-21 -52 0
-21 -62 0
-21 -69 0
-21 -78 0
-28 -42 0
-28 -52 0
-28 -62 0
-28 -69 0
-28 -78 0
-42 -52 0
-42 -62 0
-42 -69 0
-42 -78 0
-52 -62 0
-52 -69 0
-52 -78 0
-62 -69 0
-62 -78 0
-69 -78 0
-8 -15 0
-8 -29 0
-8 -37 0
-8 -43 0
-8 -53 0
-8 -63 0
-8 -70 0
-8 -79 0
-15 -29 0
-15 -37 0
-15 -43 0
-15 -53 0
-15 -63 0
-15 -70 0
-15 -79 0
-29 -37 0
-29 -43 0
-29 -53 0
-29 -63 0
-29 -70 0
-29 -79 0
-37 -43 0
-37 -53 0
-37 -63 0
-37 -70 0
-37 -79 0
-43 -53 0
-43 -63 0
-43 -70 0
-43 -79 0
-53 -63 0
-53 -70 0
-53 -79 0
-63 -70 0
-63 -79 0
-70 -79 0
