p cnf 61 139
-32 -33 0
-32 -34 0
-32 -35 0
-32 -36 0
-32 -37 0
-32 -38 0
-32 -39 0
-33 -34 0
-33 -35 0
-33 -36 0
-33 -37 0
-33 -38 0
-33 -39 0
-34 -35 0
-34 -36 0
-34 -37 0
-34 -38 0
-34 -39 0
-35 -36 0
-35 -37 0
-35 -38 0
-35 -39 0
-36 -37 0
-36 -38 0
-36 -39 0
-37 -38 0
-37 -39 0
-38 -39 0
32 33 34 35 36 37 38 39 0
1 -32 0
7 -33 0
8 -34 0
9 -35 0
10 -36 0
11 -37 0
12 -38 0
13 -39 0
-40 -41 0
-40 -42 0
-40 -43 0
-41 -42 0
-41 -43 0
-42 -43 0
40 41 42 43 0
-44 -45 0
-44 -46 0
-45 -46 0
44 45 46 0
-47 -48 0
-47 -49 0
-47 -50 0
-48 -49 0
-48 -50 0
-49 -50 0
47 48 49 50 0
-51 -52 0
-51 -53 0
-51 -54 0
-52 -53 0
-52 -54 0
-53 -54 0
51 52 53 54 0
-55 -56 0
-55 -57 0
-56 -57 0
55 56 57 0
-58 -59 0
-58 -60 0
-58 -61 0
-59 -60 0
-59 -61 0
-60 -61 0
58 59 60 61 0
-1 -40 0
-2 -44 0
-3 -47 0
-4 -51 0
-5 -55 0
-6 -58 0
-7 -40 0
-8 -40 -44 0
-8 -41 -45 0
-8 -43 -46 0
-9 -41 0
-10 -40 -47 0
-10 -41 -48 0
-10 -42 -49 0
-10 -43 -50 0
-11 -40 -51 0
-11 -41 -52 0
-11 -42 -53 0
-11 -43 -54 0
-12 -40 -55 0
-12 -42 -56 0
-12 -43 -57 0
-13 -40 -58 0
-13 -41 -59 0
-13 -42 -60 0
-13 -43 -61 0
-14 -47 0
-15 -51 0
-16 -55 0
-17 -58 0
-18 -45 0
-19 -44 -47 0
-19 -45 -48 0
-19 -46 -50 0
-20 -44 -51 0
-20 -45 -52 0
-20 -46 -54 0
-21 -44 -55 0
-21 -46 -57 0
-22 -44 -58 0
-22 -45 -59 0
-22 -46 -61 0
-23 -48 0
-24 -52 0
-25 -59 0
-26 -47 -51 0
-26 -48 -52 0
-26 -49 -53 0
-26 -50 -54 0
-27 -47 -55 0
-27 -49 -56 0
-27 -50 -57 0
-28 -47 -58 0
-28 -48 -59 0
-28 -49 -60 0
-28 -50 -61 0
-29 -51 -55 0
-29 -53 -56 0
-29 -54 -57 0
-30 -51 -58 0
-30 -52 -59 0
-30 -53 -60 0
-30 -54 -61 0
-31 -55 -58 0
-31 -56 -60 0
-31 -57 -61 0
