p cnf 108 406
32 33 34 35 36 37 38 39 40 41 42 0
43 44 45 46 47 48 49 50 51 0
52 53 54 55 56 57 58 59 60 61 62 63 0
76 77 78 79 80 81 82 83 84 85 86 0
87 88 89 90 91 92 93 94 95 96 97 98 0
-1 -10 0
-1 -20 0
-1 -32 0
-1 -43 0
-1 -52 0
-1 -64 0
-1 -99 0
-10 -20 0
-10 -32 0
-10 -43 0
-10 -52 0
-10 -64 0
-10 -99 0
-20 -32 0
-20 -43 0
-20 -52 0
-20 -64 0
-20 -99 0
-32 -43 0
-32 -52 0
-32 -64 0
-32 -99 0
-43 -52 0
-43 -64 0
-43 -99 0
-52 -64 0
-52 -99 0
-64 -99 0
-2 -11 0
-2 -21 0
-2 -53 0
-2 -65 0
-2 -76 0
-2 -87 0
-11 -21 0
-11 -53 0
-11 -65 0
-11 -76 0
-11 -87 0
-21 -53 0
-21 -65 0
-21 -76 0
-21 -87 0
-53 -65 0
-53 -76 0
-53 -87 0
-65 -76 0
-65 -87 0
-76 -87 0
-12 -22 0
-12 -33 0
-12 -44 0
-12 -54 0
-12 -66 0
-12 -77 0
-12 -88 0
-12 -100 0
-22 -33 0
-22 -44 0
-22 -54 0
-22 -66 0
-22 -77 0
-22 -88 0
-22 -100 0
-33 -44 0
-33 -54 0
-33 -66 0
-33 -77 0
-33 -88 0
-33 -100 0
-44 -54 0
-44 -66 0
-44 -77 0
-44 -88 0
-44 -100 0
-54 -66 0
-54 -77 0
-54 -88 0
-54 -100 0
-66 -77 0
-66 -88 0
-66 -100 0
-77 -88 0
-77 -100 0
-88 -100 0
-3 -13 0
-3 -23 0
-3 -34 0
-3 -45 0
-3 -55 0
-3 -67 0
-3 -78 0
-3 -89 0
-13 -23 0
-13 -34 0
-13 -45 0
-13 -55 0
-13 -67 0
-13 -78 0
-13 -89 0
-23 -34 0
-23 -45 0
-23 -55 0
-23 -67 0
-23 -78 0
-23 -89 0
-34 -45 0
-34 -55 0
-34 -67 0
-34 -78 0
-34 -89 0
-45 -55 0
-45 -67 0
-45 -78 0
-45 -89 0
-55 -67 0
-55 -78 0
-55 -89 0
-67 -78 0
-67 -89 0
-78 -89 0
-14 -24 0
-14 -35 0
-14 -46 0
-14 -68 0
-14 -79 0
-14 -90 0
-14 -101 0
-24 -35 0
-24 -46 0
-24 -68 0
-24 -79 0
-24 -90 0
-24 -101 0
-35 -46 0
-35 -68 0
-35 -79 0
-35 -90 0
-35 -101 0
-46 -68 0
-46 -79 0
-46 -90 0
-46 -101 0
-68 -79 0
-68 -90 0
-68 -101 0
-79 -90 0
-79 -101 0
-90 -101 0
-4 -15 0
-4 -25 0
-4 -36 0
-4 -56 0
-4 -69 0
-4 -80 0
-4 -91 0
-15 -25 0
-15 -36 0
-15 -56 0
-15 -69 0
-15 -80 0
-15 -91 0
-25 -36 0
-25 -56 0
-25 -69 0
-25 -80 0
-25 -91 0
-36 -56 0
-36 -69 0
-36 -80 0
-36 -91 0
-56 -69 0
-56 -80 0
-56 -91 0
-69 -80 0
-69 -91 0
-80 -91 0
-5 -16 0
-5 -26 0
-5 -37 0
-5 -47 0
-5 -57 0
-5 -70 0
-5 -81 0
-5 -92 0
-5 -102 0
-16 -26 0
-16 -37 0
-16 -47 0
-16 -57 0
-16 -70 0
-16 -81 0
-16 -92 0
-16 -102 0
-26 -37 0
-26 -47 0
-26 -57 0
-26 -70 0
-26 -81 0
-26 -92 0
-26 -102 0
-37 -47 0
-37 -57 0
-37 -70 0
-37 -81 0
-37 -92 0
-37 -102 0
-47 -57 0
-47 -70 0
-47 -81 0
-47 -92 0
-47 -102 0
-57 -70 0
-57 -81 0
-57 -92 0
-57 -102 0
-70 -81 0
-70 -92 0
-70 -102 0
-81 -92 0
-81 -102 0
-92 -102 0
-6 -27 0
-6 -38 0
-6 -58 0
-6 -71 0
-6 -82 0
-6 -93 0
-6 -103 0
-27 -38 0
-27 -58 0
-27 -71 0
-27 -82 0
-27 -93 0
-27 -103 0
-38 -58 0
-38 -71 0
-38 -82 0
-38 -93 0
-38 -103 0
-58 -71 0
-58 -82 0
-58 -93 0
-58 -103 0
-71 -82 0
-71 -93 0
-71 -103 0
-82 -93 0
-82 -103 0
-93 -103 0
-28 -39 0
-28 -48 0
-28 -59 0
-28 -72 0
-28 -94 0
-28 -104 0
-39 -48 0
-39 -59 0
-39 -72 0
-39 -94 0
-39 -104 0
-48 -59 0
-48 -72 0
-48 -94 0
-48 -104 0
-59 -72 0
-59 -94 0
-59 -104 0
-72 -94 0
-72 -104 0
-94 -104 0
-7 -17 0
-7 -29 0
-7 -40 0
-7 -49 0
-7 -60 0
-7 -73 0
-7 -83 0
-7 -95 0
-7 -105 0
-17 -29 0
-17 -40 0
-17 -49 0
-17 -60 0
-17 -73 0
-17 -83 0
-17 -95 0
-17 -105 0
-29 -40 0
-29 -49 0
-29 -60 0
-29 -73 0
-29 -83 0
-29 -95 0
-29 -105 0
-40 -49 0
-40 -60 0
-40 -73 0
-40 -83 0
-40 -95 0
-40 -105 0
-49 -60 0
-49 -73 0
-49 -83 0
-49 -95 0
-49 -105 0
-60 -73 0
-60 -83 0
-60 -95 0
-60 -105 0
-73 -83 0
-73 -95 0
-73 -105 0
-83 -95 0
-83 -105 0
-95 -105 0
-8 -18 0
-8 -30 0
-8 -50 0
-8 -61 0
-8 -74 0
-8 -84 0
-8 -96 0
-8 -106 0
-18 -30 0
-18 -50 0
-18 -61 0
-18 -74 0
-18 -84 0
-18 -96 0
-18 -106 0
-30 -50 0
-30 -61 0
-30 -74 0
-30 -84 0
-30 -96 0
-30 -106 0
-50 -61 0
-50 -74 0
-50 -84 0
-50 -96 0
-50 -106 0
-61 -74 0
-61 -84 0
-61 -96 0
-61 -106 0
-74 -84 0
-74 -96 0
-74 -106 0
-84 -96 0
-84 -106 0
-96 -106 0
-9 -19 0
-9 -41 0
-9 -62 0
-9 -85 0
-9 -97 0
-9 -107 0
-19 -41 0
-19 -62 0
-19 -85 0
-19 -97 0
-19 -107 0
-41 -62 0
-41 -85 0
-41 -97 0
-41 -107 0
-62 -85 0
-62 -97 0
-62 -107 0
-85 -97 0
-85 -107 0
-97 -107 0
-31 -42 0
-31 -51 0
-31 -63 0
-31 -75 0
-31 -86 0
-31 -98 0
-31 -108 0
-42 -51 0
-42 -63 0
-42 -75 0
-42 -86 0
-42 -98 0
-42 -108 0
-51 -63 0
-51 -75 0
-51 -86 0
-51 -98 0
-51 -108 0
-63 -75 0
-63 -86 0
-63 -98 0
-63 -108 0
-75 -86 0
-75 -98 0
-75 -108 0
-86 -98 0
-86 -108 0
-98 -108 0
