p cnf 133 499
1 2 3 4 5 6 7 8 9 10 11 12 0
27 28 29 30 31 32 33 34 35 36 37 38 39 40 0
56 57 58 59 60 61 62 63 64 65 66 67 0
107 108 109 110 111 112 113 114 115 116 117 118 119 0
120 121 122 123 124 125 126 127 128 129 130 131 132 133 0
-1 -13 0
-1 -27 0
-1 -41 0
-1 -56 0
-1 -68 0
-1 -81 0
-1 -94 0
-1 -107 0
-1 -120 0
-13 -27 0
-13 -41 0
-13 -56 0
-13 -68 0
-13 -81 0
-13 -94 0
-13 -107 0
-13 -120 0
-27 -41 0
-27 -56 0
-27 -68 0
-27 -81 0
-27 -94 0
-27 -107 0
-27 -120 0
-41 -56 0
-41 -68 0
-41 -81 0
-41 -94 0
-41 -107 0
-41 -120 0
-56 -68 0
-56 -81 0
-56 -94 0
-56 -107 0
-56 -120 0
-68 -81 0
-68 -94 0
-68 -107 0
-68 -120 0
-81 -94 0
-81 -107 0
-81 -120 0
-94 -107 0
-94 -120 0
-107 -120 0
-2 -14 0
-2 -28 0
-2 -42 0
-2 -69 0
-2 -82 0
-2 -95 0
-2 -108 0
-2 -121 0
-14 -28 0
-14 -42 0
-14 -69 0
-14 -82 0
-14 -95 0
-14 -108 0
-14 -121 0
-28 -42 0
-28 -69 0
-28 -82 0
-28 -95 0
-28 -108 0
-28 -121 0
-42 -69 0
-42 -82 0
-42 -95 0
-42 -108 0
-42 -121 0
-69 -82 0
-69 -95 0
-69 -108 0
-69 -121 0
-82 -95 0
-82 -108 0
-82 -121 0
-95 -108 0
-95 -121 0
-108 -121 0
-3 -15 0
-3 -29 0
-3 -43 0
-3 -57 0
-3 -70 0
-3 -122 0
-15 -29 0
-15 -43 0
-15 -57 0
-15 -70 0
-15 -122 0
-29 -43 0
-29 -57 0
-29 -70 0
-29 -122 0
-43 -57 0
-43 -70 0
-43 -122 0
-57 -70 0
-57 -122 0
-70 -122 0
-4 -16 0
-4 -30 0
-4 -44 0
-4 -71 0
-4 -83 0
-4 -96 0
-4 -109 0
-16 -30 0
-16 -44 0
-16 -71 0
-16 -83 0
-16 -96 0
-16 -109 0
-30 -44 0
-30 -71 0
-30 -83 0
-30 -96 0
-30 -109 0
-44 -71 0
-44 -83 0
-44 -96 0
-44 -109 0
-71 -83 0
-71 -96 0
-71 -109 0
-83 -96 0
-83 -109 0
-96 -109 0
-17 -31 0
-17 -45 0
-17 -58 0
-17 -72 0
-17 -84 0
-17 -97 0
-17 -110 0
-17 -123 0
-31 -45 0
-31 -58 0
-31 -72 0
-31 -84 0
-31 -97 0
-31 -110 0
-31 -123 0
-45 -58 0
-45 -72 0
-45 -84 0
-45 -97 0
-45 -110 0
-45 -123 0
-58 -72 0
-58 -84 0
-58 -97 0
-58 -110 0
-58 -123 0
-72 -84 0
-72 -97 0
-72 -110 0
-72 -123 0
-84 -97 0
-84 -110 0
-84 -123 0
-97 -110 0
-97 -123 0
-110 -123 0
-18 -32 0
-18 -46 0
-18 -59 0
-18 -73 0
-18 -98 0
-18 -111 0
-18 -124 0
-32 -46 0
-32 -59 0
-32 -73 0
-32 -98 0
-32 -111 0
-32 -124 0
-46 -59 0
-46 -73 0
-46 -98 0
-46 -111 0
-46 -124 0
-59 -73 0
-59 -98 0
-59 -111 0
-59 -124 0
-73 -98 0
-73 -111 0
-73 -124 0
-98 -111 0
-98 -124 0
-111 -124 0
-5 -19 0
-5 -33 0
-5 -47 0
-5 -60 0
-5 -74 0
-5 -85 0
-5 -99 0
-5 -112 0
-5 -125 0
-19 -33 0
-19 -47 0
-19 -60 0
-19 -74 0
-19 -85 0
-19 -99 0
-19 -112 0
-19 -125 0
-33 -47 0
-33 -60 0
-33 -74 0
-33 -85 0
-33 -99 0
-33 -112 0
-33 -125 0
-47 -60 0
-47 -74 0
-47 -85 0
-47 -99 0
-47 -112 0
-47 -125 0
-60 -74 0
-60 -85 0
-60 -99 0
-60 -112 0
-60 -125 0
-74 -85 0
-74 -99 0
-74 -112 0
-74 -125 0
-85 -99 0
-85 -112 0
-85 -125 0
-99 -112 0
-99 -125 0
-112 -125 0
-6 -20 0
-6 -34 0
-6 -48 0
-6 -75 0
-6 -86 0
-6 -100 0
-6 -113 0
-6 -126 0
-20 -34 0
-20 -48 0
-20 -75 0
-20 -86 0
-20 -100 0
-20 -113 0
-20 -126 0
-34 -48 0
-34 -75 0
-34 -86 0
-34 -100 0
-34 -113 0
-34 -126 0
-48 -75 0
-48 -86 0
-48 -100 0
-48 -113 0
-48 -126 0
-75 -86 0
-75 -100 0
-75 -113 0
-75 -126 0
-86 -100 0
-86 -113 0
-86 -126 0
-100 -113 0
-100 -126 0
-113 -126 0
-7 -21 0
-7 -35 0
-7 -49 0
-7 -61 0
-7 -76 0
-7 -87 0
-7 -114 0
-7 -127 0
-21 -35 0
-21 -49 0
-21 -61 0
-21 -76 0
-21 -87 0
-21 -114 0
-21 -127 0
-35 -49 0
-35 -61 0
-35 -76 0
-35 -87 0
-35 -114 0
-35 -127 0
-49 -61 0
-49 -76 0
-49 -87 0
-49 -114 0
-49 -127 0
-61 -76 0
-61 -87 0
-61 -114 0
-61 -127 0
-76 -87 0
-76 -114 0
-76 -127 0
-87 -114 0
-87 -127 0
-114 -127 0
-8 -22 0
-8 -36 0
-8 -50 0
-8 -62 0
-8 -77 0
-8 -88 0
-8 -101 0
-8 -115 0
-22 -36 0
-22 -50 0
-22 -62 0
-22 -77 0
-22 -88 0
-22 -101 0
-22 -115 0
-36 -50 0
-36 -62 0
-36 -77 0
-36 -88 0
-36 -101 0
-36 -115 0
-50 -62 0
-50 -77 0
-50 -88 0
-50 -101 0
-50 -115 0
-62 -77 0
-62 -88 0
-62 -101 0
-62 -115 0
-77 -88 0
-77 -101 0
-77 -115 0
-88 -101 0
-88 -115 0
-101 -115 0
-9 -23 0
-9 -51 0
-9 -63 0
-9 -89 0
-9 -102 0
-9 -116 0
-9 -128 0
-23 -51 0
-23 -63 0
-23 -89 0
-23 -102 0
-23 -116 0
-23 -128 0
-51 -63 0
-51 -89 0
-51 -102 0
-51 -116 0
-51 -128 0
-63 -89 0
-63 -102 0
-63 -116 0
-63 -128 0
-89 -102 0
-89 -116 0
-89 -128 0
-102 -116 0
-102 -128 0
-116 -128 0
-37 -52 0
-37 -64 0
-37 -78 0
-37 -90 0
-37 -103 0
-37 -129 0
-52 -64 0
-52 -78 0
-52 -90 0
-52 -103 0
-52 -129 0
-64 -78 0
-64 -90 0
-64 -103 0
-64 -129 0
-78 -90 0
-78 -103 0
-78 -129 0
-90 -103 0
-90 -129 0
-103 -129 0
-10 -24 0
-10 -38 0
-10 -65 0
-10 -91 0
-10 -104 0
-10 -117 0
-10 -130 0
-24 -38 0
-24 -65 0
-24 -91 0
-24 -104 0
-24 -117 0
-24 -130 0
-38 -65 0
-38 -91 0
-38 -104 0
-38 -117 0
-38 -130 0
-65 -91 0
-65 -104 0
-65 -117 0
-65 -130 0
-91 -104 0
-91 -117 0
-91 -130 0
-104 -117 0
-104 -130 0
-117 -130 0
-11 -25 0
-11 -53 0
-11 -79 0
-11 -105 0
-11 -118 0
-11 -131 0
-25 -53 0
-25 -79 0
-25 -105 0
-25 -118 0
-25 -131 0
-53 -79 0
-53 -105 0
-53 -118 0
-53 -131 0
-79 -105 0
-79 -118 0
-79 -131 0
-105 -118 0
-105 -131 0
-118 -131 0
-39 -54 0
-39 -66 0
-39 -80 0
-39 -92 0
-39 -106 0
-39 -119 0
-39 -132 0
-54 -66 0
-54 -80 0
-54 -92 0
-54 -106 0
-54 -119 0
-54 -132 0
-66 -80 0
-66 -92 0
-66 -106 0
-66 -119 0
-66 -132 0
-80 -92 0
-80 -106 0
-80 -119 0
-80 -132 0
-92 -106 0
-92 -119 0
-92 -132 0
-106 -119 0
-106 -132 0
-119 -132 0
-12 -26 0
-12 -40 0
-12 -55 0
-12 -67 0
-12 -93 0
-12 -133 0
-26 -40 0
-26 -55 0
-26 -67 0
-26 -93 0
-26 -133 0
-40 -55 0
-40 -67 0
-40 -93 0
-40 -133 0
-55 -67 0
-55 -93 0
-55 -133 0
-67 -93 0
-67 -133 0
-93 -133 0
