p cnf 189 733
1 2 3 4 5 6 7 8 9 10 11 12 13 14 15 0
16 17 18 19 20 21 22 23 24 25 26 27 28 29 30 31 32 33 34 0
54 55 56 57 58 59 60 61 62 63 64 65 66 67 68 69 70 71 72 73 0
74 75 76 77 78 79 80 81 82 83 84 85 86 87 88 89 90 0
112 113 114 115 116 117 118 119 120 121 122 123 124 125 126 127 128 129 130 131 0
151 152 153 154 155 156 157 158 159 160 161 162 163 164 165 166 167 168 169 170 0
171 172 173 174 175 176 177 178 179 180 181 182 183 184 185 186 187 188 189 0
-1 -16 0
-1 -35 0
-1 -54 0
-1 -74 0
-1 -91 0
-1 -112 0
-1 -132 0
-1 -151 0
-1 -171 0
-16 -35 0
-16 -54 0
-16 -74 0
-16 -91 0
-16 -112 0
-16 -132 0
-16 -151 0
-16 -171 0
-35 -54 0
-35 -74 0
-35 -91 0
-35 -112 0
-35 -132 0
-35 -151 0
-35 -171 0
-54 -74 0
-54 -91 0
-54 -112 0
-54 -132 0
-54 -151 0
-54 -171 0
-74 -91 0
-74 -112 0
-74 -132 0
-74 -151 0
-74 -171 0
-91 -112 0
-91 -132 0
-91 -151 0
-91 -171 0
-112 -132 0
-112 -151 0
-112 -171 0
-132 -151 0
-132 -171 0
-151 -171 0
-2 -17 0
-2 -36 0
-2 -55 0
-2 -92 0
-2 -113 0
-2 -133 0
-2 -152 0
-2 -172 0
-17 -36 0
-17 -55 0
-17 -92 0
-17 -113 0
-17 -133 0
-17 -152 0
-17 -172 0
-36 -55 0
-36 -92 0
-36 -113 0
-36 -133 0
-36 -152 0
-36 -172 0
-55 -92 0
-55 -113 0
-55 -133 0
-55 -152 0
-55 -172 0
-92 -113 0
-92 -133 0
-92 -152 0
-92 -172 0
-113 -133 0
-113 -152 0
-113 -172 0
-133 -152 0
-133 -172 0
-152 -172 0
-3 -18 0
-3 -37 0
-3 -56 0
-3 -75 0
-3 -93 0
-3 -114 0
-3 -173 0
-18 -37 0
-18 -56 0
-18 -75 0
-18 -93 0
-18 -114 0
-18 -173 0
-37 -56 0
-37 -75 0
-37 -93 0
-37 -114 0
-37 -173 0
-56 -75 0
-56 -93 0
-56 -114 0
-56 -173 0
-75 -93 0
-75 -114 0
-75 -173 0
-93 -114 0
-93 -173 0
-114 -173 0
-19 -38 0
-19 -57 0
-19 -94 0
-19 -115 0
-19 -134 0
-19 -153 0
-19 -174 0
-38 -57 0
-38 -94 0
-38 -115 0
-38 -134 0
-38 -153 0
-38 -174 0
-57 -94 0
-57 -115 0
-57 -134 0
-57 -153 0
-57 -174 0
-94 -115 0
-94 -134 0
-94 -153 0
-94 -174 0
-115 -134 0
-115 -153 0
-115 -174 0
-134 -153 0
-134 -174 0
-153 -174 0
-4 -20 0
-4 -39 0
-4 -58 0
-4 -95 0
-4 -116 0
-4 -135 0
-4 -154 0
-20 -39 0
-20 -58 0
-20 -95 0
-20 -116 0
-20 -135 0
-20 -154 0
-39 -58 0
-39 -95 0
-39 -116 0
-39 -135 0
-39 -154 0
-58 -95 0
-58 -116 0
-58 -135 0
-58 -154 0
-95 -116 0
-95 -135 0
-95 -154 0
-116 -135 0
-116 -154 0
-135 -154 0
-21 -40 0
-21 -59 0
-21 -76 0
-21 -96 0
-21 -117 0
-21 -136 0
-21 -155 0
-21 -175 0
-40 -59 0
-40 -76 0
-40 -96 0
-40 -117 0
-40 -136 0
-40 -155 0
-40 -175 0
-59 -76 0
-59 -96 0
-59 -117 0
-59 -136 0
-59 -155 0
-59 -175 0
-76 -96 0
-76 -117 0
-76 -136 0
-76 -155 0
-76 -175 0
-96 -117 0
-96 -136 0
-96 -155 0
-96 -175 0
-117 -136 0
-117 -155 0
-117 -175 0
-136 -155 0
-136 -175 0
-155 -175 0
-5 -22 0
-5 -41 0
-5 -60 0
-5 -77 0
-5 -97 0
-5 -118 0
-5 -137 0
-5 -156 0
-22 -41 0
-22 -60 0
-22 -77 0
-22 -97 0
-22 -118 0
-22 -137 0
-22 -156 0
-41 -60 0
-41 -77 0
-41 -97 0
-41 -118 0
-41 -137 0
-41 -156 0
-60 -77 0
-60 -97 0
-60 -118 0
-60 -137 0
-60 -156 0
-77 -97 0
-77 -118 0
-77 -137 0
-77 -156 0
-97 -118 0
-97 -137 0
-97 -156 0
-118 -137 0
-118 -156 0
-137 -156 0
-23 -42 0
-23 -61 0
-23 -78 0
-23 -98 0
-23 -138 0
-23 -157 0
-23 -176 0
-42 -61 0
-42 -78 0
-42 -98 0
-42 -138 0
-42 -157 0
-42 -176 0
-61 -78 0
-61 -98 0
-61 -138 0
-61 -157 0
-61 -176 0
-78 -98 0
-78 -138 0
-78 -157 0
-78 -176 0
-98 -138 0
-98 -157 0
-98 -176 0
-138 -157 0
-138 -176 0
-157 -176 0
-6 -24 0
-6 -43 0
-6 -62 0
-6 -79 0
-6 -99 0
-6 -119 0
-6 -139 0
-6 -158 0
-6 -177 0
-24 -43 0
-24 -62 0
-24 -79 0
-24 -99 0
-24 -119 0
-24 -139 0
-24 -158 0
-24 -177 0
-43 -62 0
-43 -79 0
-43 -99 0
-43 -119 0
-43 -139 0
-43 -158 0
-43 -177 0
-62 -79 0
-62 -99 0
-62 -119 0
-62 -139 0
-62 -158 0
-62 -177 0
-79 -99 0
-79 -119 0
-79 -139 0
-79 -158 0
-79 -177 0
-99 -119 0
-99 -139 0
-99 -158 0
-99 -177 0
-119 -139 0
-119 -158 0
-119 -177 0
-139 -158 0
-139 -177 0
-158 -177 0
-7 -25 0
-7 -80 0
-7 -120 0
-7 -140 0
-7 -159 0
-7 -178 0
-25 -80 0
-25 -120 0
-25 -140 0
-25 -159 0
-25 -178 0
-80 -120 0
-80 -140 0
-80 -159 0
-80 -178 0
-120 -140 0
-120 -159 0
-120 -178 0
-140 -159 0
-140 -178 0
-159 -178 0
-8 -26 0
-8 -44 0
-8 -63 0
-8 -100 0
-8 -121 0
-8 -141 0
-8 -160 0
-8 -179 0
-26 -44 0
-26 -63 0
-26 -100 0
-26 -121 0
-26 -141 0
-26 -160 0
-26 -179 0
-44 -63 0
-44 -100 0
-44 -121 0
-44 -141 0
-44 -160 0
-44 -179 0
-63 -100 0
-63 -121 0
-63 -141 0
-63 -160 0
-63 -179 0
-100 -121 0
-100 -141 0
-100 -160 0
-100 -179 0
-121 -141 0
-121 -160 0
-121 -179 0
-141 -160 0
-141 -179 0
-160 -179 0
-9 -27 0
-9 -45 0
-9 -64 0
-9 -81 0
-9 -101 0
-9 -122 0
-9 -161 0
-9 -180 0
-27 -45 0
-27 -64 0
-27 -81 0
-27 -101 0
-27 -122 0
-27 -161 0
-27 -180 0
-45 -64 0
-45 -81 0
-45 -101 0
-45 -122 0
-45 -161 0
-45 -180 0
-64 -81 0
-64 -101 0
-64 -122 0
-64 -161 0
-64 -180 0
-81 -101 0
-81 -122 0
-81 -161 0
-81 -180 0
-101 -122 0
-101 -161 0
-101 -180 0
-122 -161 0
-122 -180 0
-161 -180 0
-10 -28 0
-10 -46 0
-10 -65 0
-10 -82 0
-10 -102 0
-10 -123 0
-10 -142 0
-10 -162 0
-28 -46 0
-28 -65 0
-28 -82 0
-28 -102 0
-28 -123 0
-28 -142 0
-28 -162 0
-46 -65 0
-46 -82 0
-46 -102 0
-46 -123 0
-46 -142 0
-46 -162 0
-65 -82 0
-65 -102 0
-65 -123 0
-65 -142 0
-65 -162 0
-82 -102 0
-82 -123 0
-82 -142 0
-82 -162 0
-102 -123 0
-102 -142 0
-102 -162 0
-123 -142 0
-123 -162 0
-142 -162 0
-11 -29 0
-11 -66 0
-11 -83 0
-11 -103 0
-11 -124 0
-11 -143 0
-11 -163 0
-11 -181 0
-29 -66 0
-29 -83 0
-29 -103 0
-29 -124 0
-29 -143 0
-29 -163 0
-29 -181 0
-66 -83 0
-66 -103 0
-66 -124 0
-66 -143 0
-66 -163 0
-66 -181 0
-83 -103 0
-83 -124 0
-83 -143 0
-83 -163 0
-83 -181 0
-103 -124 0
-103 -143 0
-103 -163 0
-103 -181 0
-124 -143 0
-124 -163 0
-124 -181 0
-143 -163 0
-143 -181 0
-163 -181 0
-47 -67 0
-47 -84 0
-47 -104 0
-47 -125 0
-47 -144 0
-47 -164 0
-47 -182 0
-67 -84 0
-67 -104 0
-67 -125 0
-67 -144 0
-67 -164 0
-67 -182 0
-84 -104 0
-84 -125 0
-84 -144 0
-84 -164 0
-84 -182 0
-104 -125 0
-104 -144 0
-104 -164 0
-104 -182 0
-125 -144 0
-125 -164 0
-125 -182 0
-144 -164 0
-144 -182 0
-164 -182 0
-48 -68 0
-48 -85 0
-48 -105 0
-48 -126 0
-48 -145 0
-48 -183 0
-68 -85 0
-68 -105 0
-68 -126 0
-68 -145 0
-68 -183 0
-85 -105 0
-85 -126 0
-85 -145 0
-85 -183 0
-105 -126 0
-105 -145 0
-105 -183 0
-126 -145 0
-126 -183 0
-145 -183 0
-12 -30 0
-12 -49 0
-12 -69 0
-12 -86 0
-12 -106 0
-12 -127 0
-12 -146 0
-12 -165 0
-12 -184 0
-30 -49 0
-30 -69 0
-30 -86 0
-30 -106 0
-30 -127 0
-30 -146 0
-30 -165 0
-30 -184 0
-49 -69 0
-49 -86 0
-49 -106 0
-49 -127 0
-49 -146 0
-49 -165 0
-49 -184 0
-69 -86 0
-69 -106 0
-69 -127 0
-69 -146 0
-69 -165 0
-69 -184 0
-86 -106 0
-86 -127 0
-86 -146 0
-86 -165 0
-86 -184 0
-106 -127 0
-106 -146 0
-106 -165 0
-106 -184 0
-127 -146 0
-127 -165 0
-127 -184 0
-146 -165 0
-146 -184 0
-165 -184 0
-13 -31 0
-13 -50 0
-13 -87 0
-13 -107 0
-13 -128 0
-13 -147 0
-13 -166 0
-13 -185 0
-31 -50 0
-31 -87 0
-31 -107 0
-31 -128 0
-31 -147 0
-31 -166 0
-31 -185 0
-50 -87 0
-50 -107 0
-50 -128 0
-50 -147 0
-50 -166 0
-50 -185 0
-87 -107 0
-87 -128 0
-87 -147 0
-87 -166 0
-87 -185 0
-107 -128 0
-107 -147 0
-107 -166 0
-107 -185 0
-128 -147 0
-128 -166 0
-128 -185 0
-147 -166 0
-147 -185 0
-166 -185 0
-14 -32 0
-14 -70 0
-14 -108 0
-14 -148 0
-14 -167 0
-14 -186 0
-32 -70 0
-32 -108 0
-32 -148 0
-32 -167 0
-32 -186 0
-70 -108 0
-70 -148 0
-70 -167 0
-70 -186 0
-108 -148 0
-108 -167 0
-108 -186 0
-148 -167 0
-148 -186 0
-167 -186 0
-51 -71 0
-51 -88 0
-51 -109 0
-51 -129 0
-51 -149 0
-51 -168 0
-51 -187 0
-71 -88 0
-71 -109 0
-71 -129 0
-71 -149 0
-71 -168 0
-71 -187 0
-88 -109 0
-88 -129 0
-88 -149 0
-88 -168 0
-88 -187 0
-109 -129 0
-109 -149 0
-109 -168 0
-109 -187 0
-129 -149 0
-129 -168 0
-129 -187 0
-149 -168 0
-149 -187 0
-168 -187 0
-15 -33 0
-15 -52 0
-15 -72 0
-15 -89 0
-15 -110 0
-15 -130 0
-15 -169 0
-15 -188 0
-33 -52 0
-33 -72 0
-33 -89 0
-33 -110 0
-33 -130 0
-33 -169 0
-33 -188 0
-52 -72 0
-52 -89 0
-52 -110 0
-52 -130 0
-52 -169 0
-52 -188 0
-72 -89 0
-72 -110 0
-72 -130 0
-72 -169 0
-72 -188 0
-89 -110 0
-89 -130 0
-89 -169 0
-89 -188 0
-110 -130 0
-110 -169 0
-110 -188 0
-130 -169 0
-130 -188 0
-169 -188 0
-34 -53 0
-34 -73 0
-34 -90 0
-34 -111 0
-34 -131 0
-34 -150 0
-34 -170 0
-34 -189 0
-53 -73 0
-53 -90 0
-53 -111 0
-53 -131 0
-53 -150 0
-53 -170 0
-53 -189 0
-73 -90 0
-73 -111 0
-73 -131 0
-73 -150 0
-73 -170 0
-73 -189 0
-90 -111 0
-90 -131 0
-90 -150 0
-90 -170 0
-90 -189 0
-111 -131 0
-111 -150 0
-111 -170 0
-111 -189 0
-131 -150 0
-131 -170 0
-131 -189 0
-150 -170 0
-150 -189 0
-170 -189 0
