p cnf 32 173
-10 -11 0
-10 -12 0
-11 -12 0
-13 -14 0
-13 -15 0
-14 -15 0
-16 -17 0
-18 -19 0
-18 -20 0
-18 -21 0
-18 -22 0
-18 -23 0
-18 -24 0
-18 -25 0
-19 -20 0
-19 -21 0
-19 -22 0
-19 -23 0
-19 -24 0
-19 -25 0
-20 -21 0
-20 -22 0
-20 -23 0
-20 -24 0
-20 -25 0
-21 -22 0
-21 -23 0
-21 -24 0
-21 -25 0
-22 -23 0
-22 -24 0
-22 -25 0
-23 -24 0
-23 -25 0
-24 -25 0
-26 -27 0
-26 -28 0
-26 -29 0
-26 -30 0
-26 -31 0
-26 -32 0
-27 -28 0
-27 -29 0
-27 -30 0
-27 -31 0
-27 -32 0
-28 -29 0
-28 -30 0
-28 -31 0
-28 -32 0
-29 -30 0
-29 -31 0
-29 -32 0
-30 -31 0
-30 -32 0
-31 -32 0
-11 -10 0
-12 -10 0
-12 -11 0
-11 -13 0
-12 -13 0
-12 -14 0
-11 -16 0
-12 -16 0
-14 -13 0
-15 -13 0
-15 -14 0
-14 -16 0
-15 -16 0
-17 -16 0
-19 -18 0
-20 -18 0
-21 -18 0
-22 -18 0
-23 -18 0
-24 -18 0
-25 -18 0
-20 -19 0
-21 -19 0
-22 -19 0
-23 -19 0
-24 -19 0
-25 -19 0
-21 -20 0
-22 -20 0
-23 -20 0
-24 -20 0
-25 -20 0
-22 -21 0
-23 -21 0
-24 -21 0
-25 -21 0
-23 -22 0
-24 -22 0
-25 -22 0
-24 -23 0
-25 -23 0
-25 -24 0
-20 -26 0
-21 -26 0
-22 -26 0
-23 -26 0
-24 -26 0
-25 -26 0
-21 -27 0
-22 -27 0
-23 -27 0
-24 -27 0
-25 -27 0
-22 -28 0
-23 -28 0
-24 -28 0
-25 -28 0
-23 -29 0
-24 -29 0
-25 -29 0
-24 -30 0
-25 -30 0
-25 -31 0
-27 -26 0
-28 -26 0
-29 -26 0
-30 -26 0
-31 -26 0
-32 -26 0
-28 -27 0
-29 -27 0
-30 -27 0
-31 -27 0
-32 -27 0
-29 -28 0
-30 -28 0
-31 -28 0
-32 -28 0
-30 -29 0
-31 -29 0
-32 -29 0
-31 -30 0
-32 -30 0
-32 -31 0
-10 1 0
-11 2 0
-13 1 0
-14 2 0
-16 1 0
-19 3 0
-20 4 0
-21 5 0
-22 6 0
-23 7 0
-24 8 0
-25 9 0
-26 3 0
-27 4 0
-28 5 0
-29 6 0
-30 7 0
-31 8 0
-32 9 0
-1 10 13 16 0
-2 11 14 0
-3 19 26 0
-4 20 27 0
-5 21 28 0
-6 22 29 0
-7 23 30 0
-8 24 31 0
-9 25 32 0
1 2 3 4 6 8 0
1 2 5 9 0
1 4 6 8 9 0
2 3 5 6 7 0
5 7 0
