p cnf 97 668
-1 -2 0
-1 -3 0
-1 -4 0
-1 -5 0
-1 -6 0
-2 -3 0
-2 -4 0
-2 -5 0
-2 -6 0
-3 -4 0
-3 -5 0
-3 -6 0
-4 -5 0
-4 -6 0
-5 -6 0
1 2 3 4 5 6 0
-7 -8 0
-7 -9 0
-7 -10 0
-7 -11 0
-7 -12 0
-8 -9 0
-8 -10 0
-8 -11 0
-8 -12 0
-9 -10 0
-9 -11 0
-9 -12 0
-10 -11 0
-10 -12 0
-11 -12 0
7 8 9 10 11 12 0
-1 -13 0
-1 -14 0
-1 -15 0
-1 -16 0
-1 -17 0
-1 -18 0
-1 -19 0
-1 -20 0
-1 -21 0
-13 -14 0
-13 -15 0
-13 -16 0
-13 -17 0
-13 -18 0
-13 -19 0
-13 -20 0
-13 -21 0
-14 -15 0
-14 -16 0
-14 -17 0
-14 -18 0
-14 -19 0
-14 -20 0
-14 -21 0
-15 -16 0
-15 -17 0
-15 -18 0
-15 -19 0
-15 -20 0
-15 -21 0
-16 -17 0
-16 -18 0
-16 -19 0
-16 -20 0
-16 -21 0
-17 -18 0
-17 -19 0
-17 -20 0
-17 -21 0
-18 -19 0
-18 -20 0
-18 -21 0
-19 -20 0
-19 -21 0
-20 -21 0
1 13 14 15 16 17 18 19 20 21 0
-13 -22 0
-13 -23 0
-13 -24 0
-13 -25 0
-22 -23 0
-22 -24 0
-22 -25 0
-23 -24 0
-23 -25 0
-24 -25 0
13 22 23 24 25 0
-14 -26 0
-14 -27 0
-14 -28 0
-14 -29 0
-14 -30 0
-14 -31 0
-14 -32 0
-26 -27 0
-26 -28 0
-26 -29 0
-26 -30 0
-26 -31 0
-26 -32 0
-27 -28 0
-27 -29 0
-27 -30 0
-27 -31 0
-27 -32 0
-28 -29 0
-28 -30 0
-28 -31 0
-28 -32 0
-29 -30 0
-29 -31 0
-29 -32 0
-30 -31 0
-30 -32 0
-31 -32 0
14 26 27 28 29 30 31 32 0
-7 -15 0
-7 -22 0
-7 -26 0
-7 -33 0
-7 -34 0
-7 -35 0
-7 -36 0
-7 -37 0
-7 -38 0
-7 -39 0
-15 -22 0
-15 -26 0
-15 -33 0
-15 -34 0
-15 -35 0
-15 -36 0
-15 -37 0
-15 -38 0
-15 -39 0
-22 -26 0
-22 -33 0
-22 -34 0
-22 -35 0
-22 -36 0
-22 -37 0
-22 -38 0
-22 -39 0
-26 -33 0
-26 -34 0
-26 -35 0
-26 -36 0
-26 -37 0
-26 -38 0
-26 -39 0
-33 -34 0
-33 -35 0
-33 -36 0
-33 -37 0
-33 -38 0
-33 -39 0
-34 -35 0
-34 -36 0
-34 -37 0
-34 -38 0
-34 -39 0
-35 -36 0
-35 -37 0
-35 -38 0
-35 -39 0
-36 -37 0
-36 -38 0
-36 -39 0
-37 -38 0
-37 -39 0
-38 -39 0
7 15 22 26 33 34 35 36 37 38 39 0
-40 -41 0
-40 -42 0
-41 -42 0
40 41 42 0
-8 -40 0
-8 -43 0
-8 -44 0
-8 -45 0
-8 -46 0
-8 -47 0
-8 -48 0
-8 -49 0
-8 -50 0
-40 -43 0
-40 -44 0
-40 -45 0
-40 -46 0
-40 -47 0
-40 -48 0
-40 -49 0
-40 -50 0
-43 -44 0
-43 -45 0
-43 -46 0
-43 -47 0
-43 -48 0
-43 -49 0
-43 -50 0
-44 -45 0
-44 -46 0
-44 -47 0
-44 -48 0
-44 -49 0
-44 -50 0
-45 -46 0
-45 -47 0
-45 -48 0
-45 -49 0
-45 -50 0
-46 -47 0
-46 -48 0
-46 -49 0
-46 -50 0
-47 -48 0
-47 -49 0
-47 -50 0
-48 -49 0
-48 -50 0
-49 -50 0
8 40 43 44 45 46 47 48 49 50 0
-51 -52 0
-51 -53 0
-51 -54 0
-52 -53 0
-52 -54 0
-53 -54 0
51 52 53 54 0
-27 -51 0
-27 -55 0
-27 -56 0
-27 -57 0
-27 -58 0
-27 -59 0
-27 -60 0
-51 -55 0
-51 -56 0
-51 -57 0
-51 -58 0
-51 -59 0
-51 -60 0
-55 -56 0
-55 -57 0
-55 -58 0
-55 -59 0
-55 -60 0
-56 -57 0
-56 -58 0
-56 -59 0
-56 -60 0
-57 -58 0
-57 -59 0
-57 -60 0
-58 -59 0
-58 -60 0
-59 -60 0
27 51 55 56 57 58 59 60 0
-2 -16 0
-2 -33 0
-2 -43 0
-2 -52 0
-2 -55 0
-2 -61 0
-2 -62 0
-2 -63 0
-2 -64 0
-2 -65 0
-16 -33 0
-16 -43 0
-16 -52 0
-16 -55 0
-16 -61 0
-16 -62 0
-16 -63 0
-16 -64 0
-16 -65 0
-33 -43 0
-33 -52 0
-33 -55 0
-33 -61 0
-33 -62 0
-33 -63 0
-33 -64 0
-33 -65 0
-43 -52 0
-43 -55 0
-43 -61 0
-43 -62 0
-43 -63 0
-43 -64 0
-43 -65 0
-52 -55 0
-52 -61 0
-52 -62 0
-52 -63 0
-52 -64 0
-52 -65 0
-55 -61 0
-55 -62 0
-55 -63 0
-55 -64 0
-55 -65 0
-61 -62 0
-61 -63 0
-61 -64 0
-61 -65 0
-62 -63 0
-62 -64 0
-62 -65 0
-63 -64 0
-63 -65 0
-64 -65 0
2 16 33 43 52 55 61 62 63 64 65 0
-3 -34 0
-3 -44 0
-3 -66 0
-3 -67 0
-3 -68 0
-34 -44 0
-34 -66 0
-34 -67 0
-34 -68 0
-44 -66 0
-44 -67 0
-44 -68 0
-66 -67 0
-66 -68 0
-67 -68 0
3 34 44 66 67 68 0
-4 -9 0
-4 -28 0
-4 -56 0
-4 -69 0
-4 -70 0
-4 -71 0
-9 -28 0
-9 -56 0
-9 -69 0
-9 -70 0
-9 -71 0
-28 -56 0
-28 -69 0
-28 -70 0
-28 -71 0
-56 -69 0
-56 -70 0
-56 -71 0
-69 -70 0
-69 -71 0
-70 -71 0
4 9 28 56 69 70 71 0
-29 -66 0
-29 -69 0
-29 -72 0
-29 -73 0
-66 -69 0
-66 -72 0
-66 -73 0
-69 -72 0
-69 -73 0
-72 -73 0
29 66 69 72 73 0
-57 -72 0
-57 -74 0
-57 -75 0
-72 -74 0
-72 -75 0
-74 -75 0
57 72 74 75 0
-35 -45 0
-35 -61 0
-35 -76 0
-45 -61 0
-45 -76 0
-61 -76 0
35 45 61 76 0
-36 -62 0
-36 -77 0
-36 -78 0
-36 -79 0
-36 -80 0
-36 -81 0
-62 -77 0
-62 -78 0
-62 -79 0
-62 -80 0
-62 -81 0
-77 -78 0
-77 -79 0
-77 -80 0
-77 -81 0
-78 -79 0
-78 -80 0
-78 -81 0
-79 -80 0
-79 -81 0
-80 -81 0
36 62 77 78 79 80 81 0
-5 -23 0
-5 -63 0
-5 -74 0
-5 -82 0
-5 -83 0
-23 -63 0
-23 -74 0
-23 -82 0
-23 -83 0
-63 -74 0
-63 -82 0
-63 -83 0
-74 -82 0
-74 -83 0
-82 -83 0
5 23 63 74 82 83 0
-17 -46 0
-17 -53 0
-17 -58 0
-17 -84 0
-17 -85 0
-46 -53 0
-46 -58 0
-46 -84 0
-46 -85 0
-53 -58 0
-53 -84 0
-53 -85 0
-58 -84 0
-58 -85 0
-84 -85 0
17 46 53 58 84 85 0
-18 -30 0
-18 -37 0
-18 -47 0
-18 -77 0
-18 -86 0
-18 -87 0
-18 -88 0
-30 -37 0
-30 -47 0
-30 -77 0
-30 -86 0
-30 -87 0
-30 -88 0
-37 -47 0
-37 -77 0
-37 -86 0
-37 -87 0
-37 -88 0
-47 -77 0
-47 -86 0
-47 -87 0
-47 -88 0
-77 -86 0
-77 -87 0
-77 -88 0
-86 -87 0
-86 -88 0
-87 -88 0
18 30 37 47 77 86 87 88 0
-10 -38 0
-10 -59 0
-10 -70 0
-10 -73 0
-10 -78 0
-10 -84 0
-10 -86 0
-10 -89 0
-10 -90 0
-38 -59 0
-38 -70 0
-38 -73 0
-38 -78 0
-38 -84 0
-38 -86 0
-38 -89 0
-38 -90 0
-59 -70 0
-59 -73 0
-59 -78 0
-59 -84 0
-59 -86 0
-59 -89 0
-59 -90 0
-70 -73 0
-70 -78 0
-70 -84 0
-70 -86 0
-70 -89 0
-70 -90 0
-73 -78 0
-73 -84 0
-73 -86 0
-73 -89 0
-73 -90 0
-78 -84 0
-78 -86 0
-78 -89 0
-78 -90 0
-84 -86 0
-84 -89 0
-84 -90 0
-86 -89 0
-86 -90 0
-89 -90 0
10 38 59 70 73 78 84 86 89 90 0
-11 -19 0
-11 -24 0
-11 -39 0
-11 -48 0
-11 -89 0
-11 -91 0
-11 -92 0
-11 -93 0
-19 -24 0
-19 -39 0
-19 -48 0
-19 -89 0
-19 -91 0
-19 -92 0
-19 -93 0
-24 -39 0
-24 -48 0
-24 -89 0
-24 -91 0
-24 -92 0
-24 -93 0
-39 -48 0
-39 -89 0
-39 -91 0
-39 -92 0
-39 -93 0
-48 -89 0
-48 -91 0
-48 -92 0
-48 -93 0
-89 -91 0
-89 -92 0
-89 -93 0
-91 -92 0
-91 -93 0
-92 -93 0
11 19 24 39 48 89 91 92 93 0
-25 -41 0
-25 -54 0
-25 -64 0
-25 -67 0
-25 -94 0
-25 -95 0
-41 -54 0
-41 -64 0
-41 -67 0
-41 -94 0
-41 -95 0
-54 -64 0
-54 -67 0
-54 -94 0
-54 -95 0
-64 -67 0
-64 -94 0
-64 -95 0
-67 -94 0
-67 -95 0
-94 -95 0
25 41 54 64 67 94 95 0
-31 -42 0
-31 -71 0
-31 -79 0
-31 -87 0
-42 -71 0
-42 -79 0
-42 -87 0
-71 -79 0
-71 -87 0
-79 -87 0
31 42 71 79 87 0
-6 -12 0
-6 -49 0
-6 -68 0
-6 -82 0
-6 -88 0
-6 -91 0
-6 -96 0
-12 -49 0
-12 -68 0
-12 -82 0
-12 -88 0
-12 -91 0
-12 -96 0
-49 -68 0
-49 -82 0
-49 -88 0
-49 -91 0
-49 -96 0
-68 -82 0
-68 -88 0
-68 -91 0
-68 -96 0
-82 -88 0
-82 -91 0
-82 -96 0
-88 -91 0
-88 -96 0
-91 -96 0
6 12 49 68 82 88 91 96 0
-20 -60 0
-20 -65 0
-20 -76 0
-20 -80 0
-20 -90 0
-20 -92 0
-20 -97 0
-60 -65 0
-60 -76 0
-60 -80 0
-60 -90 0
-60 -92 0
-60 -97 0
-65 -76 0
-65 -80 0
-65 -90 0
-65 -92 0
-65 -97 0
-76 -80 0
-76 -90 0
-76 -92 0
-76 -97 0
-80 -90 0
-80 -92 0
-80 -97 0
-90 -92 0
-90 -97 0
-92 -97 0
20 60 65 76 80 90 92 97 0
-21 -50 0
-21 -81 0
-21 -85 0
-21 -94 0
-21 -96 0
-50 -81 0
-50 -85 0
-50 -94 0
-50 -96 0
-81 -85 0
-81 -94 0
-81 -96 0
-85 -94 0
-85 -96 0
-94 -96 0
21 50 81 85 94 96 0
-32 -75 0
-32 -83 0
-32 -93 0
-32 -95 0
-32 -97 0
-75 -83 0
-75 -93 0
-75 -95 0
-75 -97 0
-83 -93 0
-83 -95 0
-83 -97 0
-93 -95 0
-93 -97 0
-95 -97 0
32 75 83 93 95 97 0
