p cnf 92 323
9 10 11 12 13 14 15 0
27 28 29 30 31 32 33 0
44 45 46 47 48 49 50 51 52 0
-1 -9 0
-1 -16 0
-1 -27 0
-1 -34 0
-1 -44 0
-1 -53 0
-1 -63 0
-1 -74 0
-1 -83 0
-9 -16 0
-9 -27 0
-9 -34 0
-9 -44 0
-9 -53 0
-9 -63 0
-9 -74 0
-9 -83 0
-16 -27 0
-16 -34 0
-16 -44 0
-16 -53 0
-16 -63 0
-16 -74 0
-16 -83 0
-27 -34 0
-27 -44 0
-27 -53 0
-27 -63 0
-27 -74 0
-27 -83 0
-34 -44 0
-34 -53 0
-34 -63 0
-34 -74 0
-34 -83 0
-44 -53 0
-44 -63 0
-44 -74 0
-44 -83 0
-53 -63 0
-53 -74 0
-53 -83 0
-63 -74 0
-63 -83 0
-74 -83 0
-10 -17 0
-10 -28 0
-10 -35 0
-10 -45 0
-10 -54 0
-10 -64 0
-10 -75 0
-10 -84 0
-17 -28 0
-17 -35 0
-17 -45 0
-17 -54 0
-17 -64 0
-17 -75 0
-17 -84 0
-28 -35 0
-28 -45 0
-28 -54 0
-28 -64 0
-28 -75 0
-28 -84 0
-35 -45 0
-35 -54 0
-35 -64 0
-35 -75 0
-35 -84 0
-45 -54 0
-45 -64 0
-45 -75 0
-45 -84 0
-54 -64 0
-54 -75 0
-54 -84 0
-64 -75 0
-64 -84 0
-75 -84 0
-2 -11 0
-2 -18 0
-2 -36 0
-2 -46 0
-2 -65 0
-2 -76 0
-2 -85 0
-11 -18 0
-11 -36 0
-11 -46 0
-11 -65 0
-11 -76 0
-11 -85 0
-18 -36 0
-18 -46 0
-18 -65 0
-18 -76 0
-18 -85 0
-36 -46 0
-36 -65 0
-36 -76 0
-36 -85 0
-46 -65 0
-46 -76 0
-46 -85 0
-65 -76 0
-65 -85 0
-76 -85 0
-12 -19 0
-12 -29 0
-12 -47 0
-12 -55 0
-12 -66 0
-12 -77 0
-12 -86 0
-19 -29 0
-19 -47 0
-19 -55 0
-19 -66 0
-19 -77 0
-19 -86 0
-29 -47 0
-29 -55 0
-29 -66 0
-29 -77 0
-29 -86 0
-47 -55 0
-47 -66 0
-47 -77 0
-47 -86 0
-55 -66 0
-55 -77 0
-55 -86 0
-66 -77 0
-66 -86 0
-77 -86 0
-3 -13 0
-3 -20 0
-3 -37 0
-3 -56 0
-3 -67 0
-3 -78 0
-3 -87 0
-13 -20 0
-13 -37 0
-13 -56 0
-13 -67 0
-13 -78 0
-13 -87 0
-20 -37 0
-20 -56 0
-20 -67 0
-20 -78 0
-20 -87 0
-37 -56 0
-37 -67 0
-37 -78 0
-37 -87 0
-56 -67 0
-56 -78 0
-56 -87 0
-67 -78 0
-67 -87 0
-78 -87 0
-4 -21 0
-4 -30 0
-4 -38 0
-4 -48 0
-4 -57 0
-4 -68 0
-4 -79 0
-21 -30 0
-21 -38 0
-21 -48 0
-21 -57 0
-21 -68 0
-21 -79 0
-30 -38 0
-30 -48 0
-30 -57 0
-30 -68 0
-30 -79 0
-38 -48 0
-38 -57 0
-38 -68 0
-38 -79 0
-48 -57 0
-48 -68 0
-48 -79 0
-57 -68 0
-57 -79 0
-68 -79 0
-22 -39 0
-22 -49 0
-22 -58 0
-22 -69 0
-22 -88 0
-39 -49 0
-39 -58 0
-39 -69 0
-39 -88 0
-49 -58 0
-49 -69 0
-49 -88 0
-58 -69 0
-58 -88 0
-69 -88 0
-5 -23 0
-5 -31 0
-5 -40 0
-5 -50 0
-5 -59 0
-5 -70 0
-5 -80 0
-5 -89 0
-23 -31 0
-23 -40 0
-23 -50 0
-23 -59 0
-23 -70 0
-23 -80 0
-23 -89 0
-31 -40 0
-31 -50 0
-31 -59 0
-31 -70 0
-31 -80 0
-31 -89 0
-40 -50 0
-40 -59 0
-40 -70 0
-40 -80 0
-40 -89 0
-50 -59 0
-50 -70 0
-50 -80 0
-50 -89 0
-59 -70 0
-59 -80 0
-59 -89 0
-70 -80 0
-70 -89 0
-80 -89 0
-14 -24 0
-14 -32 0
-14 -41 0
-14 -51 0
-14 -60 0
-14 -71 0
-24 -32 0
-24 -41 0
-24 -51 0
-24 -60 0
-24 -71 0
-32 -41 0
-32 -51 0
-32 -60 0
-32 -71 0
-41 -51 0
-41 -60 0
-41 -71 0
-51 -60 0
-51 -71 0
-60 -71 0
-6 -61 0
-6 -72 0
-6 -90 0
-61 -72 0
-61 -90 0
-72 -90 0
-7 -15 0
-7 -25 0
-7 -33 0
-7 -42 0
-7 -62 0
-7 -81 0
-7 -91 0
-15 -25 0
-15 -33 0
-15 -42 0
-15 -62 0
-15 -81 0
-15 -91 0
-25 -33 0
-25 -42 0
-25 -62 0
-25 -81 0
-25 -91 0
-33 -42 0
-33 -62 0
-33 -81 0
-33 -91 0
-42 -62 0
-42 -81 0
-42 -91 0
-62 -81 0
-62 -91 0
-81 -91 0
-8 -26 0
-8 -43 0
-8 -52 0
-8 -73 0
-8 -82 0
-8 -92 0
-26 -43 0
-26 -52 0
-26 -73 0
-26 -82 0
-26 -92 0
-43 -52 0
-43 -73 0
-43 -82 0
-43 -92 0
-52 -73 0
-52 -82 0
-52 -92 0
-73 -82 0
-73 -92 0
-82 -92 0
