p cnf 72 263
1 2 3 4 5 6 7 0
38 39 40 41 42 43 44 0
45 46 47 48 49 50 51 52 0
-1 -8 0
-1 -16 0
-1 -22 0
-1 -53 0
-1 -60 0
-8 -16 0
-8 -22 0
-8 -53 0
-8 -60 0
-16 -22 0
-16 -53 0
-16 -60 0
-22 -53 0
-22 -60 0
-53 -60 0
-2 -9 0
-2 -23 0
-2 -31 0
-2 -38 0
-2 -45 0
-2 -54 0
-2 -61 0
-2 -67 0
-9 -23 0
-9 -31 0
-9 -38 0
-9 -45 0
-9 -54 0
-9 -61 0
-9 -67 0
-23 -31 0
-23 -38 0
-23 -45 0
-23 -54 0
-23 -61 0
-23 -67 0
-31 -38 0
-31 -45 0
-31 -54 0
-31 -61 0
-31 -67 0
-38 -45 0
-38 -54 0
-38 -61 0
-38 -67 0
-45 -54 0
-45 -61 0
-45 -67 0
-54 -61 0
-54 -67 0
-61 -67 0
-3 -24 0
-3 -32 0
-3 -39 0
-3 -46 0
-3 -55 0
-3 -62 0
-3 -68 0
-24 -32 0
-24 -39 0
-24 -46 0
-24 -55 0
-24 -62 0
-24 -68 0
-32 -39 0
-32 -46 0
-32 -55 0
-32 -62 0
-32 -68 0
-39 -46 0
-39 -55 0
-39 -62 0
-39 -68 0
-46 -55 0
-46 -62 0
-46 -68 0
-55 -62 0
-55 -68 0
-62 -68 0
-4 -10 0
-4 -17 0
-4 -25 0
-4 -33 0
-4 -47 0
-10 -17 0
-10 -25 0
-10 -33 0
-10 -47 0
-17 -25 0
-17 -33 0
-17 -47 0
-25 -33 0
-25 -47 0
-33 -47 0
-11 -18 0
-11 -26 0
-11 -34 0
-11 -40 0
-11 -48 0
-11 -56 0
-11 -63 0
-11 -69 0
-18 -26 0
-18 -34 0
-18 -40 0
-18 -48 0
-18 -56 0
-18 -63 0
-18 -69 0
-26 -34 0
-26 -40 0
-26 -48 0
-26 -56 0
-26 -63 0
-26 -69 0
-34 -40 0
-34 -48 0
-34 -56 0
-34 -63 0
-34 -69 0
-40 -48 0
-40 -56 0
-40 -63 0
-40 -69 0
-48 -56 0
-48 -63 0
-48 -69 0
-56 -63 0
-56 -69 0
-63 -69 0
-5 -12 0
-5 -19 0
-5 -27 0
-5 -35 0
-5 -41 0
-5 -49 0
-5 -57 0
-5 -64 0
-5 -70 0
-12 -19 0
-12 -27 0
-12 -35 0
-12 -41 0
-12 -49 0
-12 -57 0
-12 -64 0
-12 -70 0
-19 -27 0
-19 -35 0
-19 -41 0
-19 -49 0
-19 -57 0
-19 -64 0
-19 -70 0
-27 -35 0
-27 -41 0
-27 -49 0
-27 -57 0
-27 -64 0
-27 -70 0
-35 -41 0
-35 -49 0
-35 -57 0
-35 -64 0
-35 -70 0
-41 -49 0
-41 -57 0
-41 -64 0
-41 -70 0
-49 -57 0
-49 -64 0
-49 -70 0
-57 -64 0
-57 -70 0
-64 -70 0
-6 -13 0
-6 -28 0
-6 -36 0
-6 -42 0
-6 -50 0
-6 -58 0
-6 -71 0
-13 -28 0
-13 -36 0
-13 -42 0
-13 -50 0
-13 -58 0
-13 -71 0
-28 -36 0
-28 -42 0
-28 -50 0
-28 -58 0
-28 -71 0
-36 -42 0
-36 -50 0
-36 -58 0
-36 -71 0
-42 -50 0
-42 -58 0
-42 -71 0
-50 -58 0
-50 -71 0
-58 -71 0
-7 -14 0
-7 -20 0
-7 -29 0
-7 -37 0
-7 -43 0
-7 -51 0
-7 -65 0
-7 -72 0
-14 -20 0
-14 -29 0
-14 -37 0
-14 -43 0
-14 -51 0
-14 -65 0
-14 -72 0
-20 -29 0
-20 -37 0
-20 -43 0
-20 -51 0
-20 -65 0
-20 -72 0
-29 -37 0
-29 -43 0
-29 -51 0
-29 -65 0
-29 -72 0
-37 -43 0
-37 -51 0
-37 -65 0
-37 -72 0
-43 -51 0
-43 -65 0
-43 -72 0
-51 -65 0
-51 -72 0
-65 -72 0
-15 -21 0
-15 -30 0
-15 -44 0
-15 -52 0
-15 -59 0
-15 -66 0
-21 -30 0
-21 -44 0
-21 -52 0
-21 -59 0
-21 -66 0
-30 -44 0
-30 -52 0
-30 -59 0
-30 -66 0
-44 -52 0
-44 -59 0
-44 -66 0
-52 -59 0
-52 -66 0
-59 -66 0
