p cnf 61 198
1 2 3 4 5 0
-1 -2 0
-1 -3 0
-1 -4 0
-1 -5 0
-2 -3 0
-2 -4 0
-2 -5 0
-3 -4 0
-3 -5 0
-4 -5 0
6 7 8 0
-6 -7 0
-6 -8 0
-7 -8 0
9 10 11 0
-9 -10 0
-9 -11 0
-10 -11 0
12 13 14 15 0
-12 -13 0
-12 -14 0
-12 -15 0
-13 -14 0
-13 -15 0
-14 -15 0
16 17 18 19 20 0
-16 -17 0
-16 -18 0
-16 -19 0
-16 -20 0
-17 -18 0
-17 -19 0
-17 -20 0
-18 -19 0
-18 -20 0
-19 -20 0
21 22 23 24 0
-21 -22 0
-21 -23 0
-21 -24 0
-22 -23 0
-22 -24 0
-23 -24 0
25 26 27 28 29 0
-25 -26 0
-25 -27 0
-25 -28 0
-25 -29 0
-26 -27 0
-26 -28 0
-26 -29 0
-27 -28 0
-27 -29 0
-28 -29 0
30 31 32 33 0
-30 -31 0
-30 -32 0
-30 -33 0
-31 -32 0
-31 -33 0
-32 -33 0
34 35 36 37 38 0
-34 -35 0
-34 -36 0
-34 -37 0
-34 -38 0
-35 -36 0
-35 -37 0
-35 -38 0
-36 -37 0
-36 -38 0
-37 -38 0
39 40 0
-39 -40 0
41 42 43 44 0
-41 -42 0
-41 -43 0
-41 -44 0
-42 -43 0
-42 -44 0
-43 -44 0
45 46 47 48 49 0
-45 -46 0
-45 -47 0
-45 -48 0
-45 -49 0
-46 -47 0
-46 -48 0
-46 -49 0
-47 -48 0
-47 -49 0
-48 -49 0
50 51 52 53 54 0
-50 -51 0
-50 -52 0
-50 -53 0
-50 -54 0
-51 -52 0
-51 -53 0
-51 -54 0
-52 -53 0
-52 -54 0
-53 -54 0
55 56 57 58 0
-55 -56 0
-55 -57 0
-55 -58 0
-56 -57 0
-56 -58 0
-57 -58 0
59 60 61 0
-59 -60 0
-59 -61 0
-60 -61 0
-1 -30 0
-2 -31 0
-3 -32 0
-5 -33 0
-1 -50 0
-2 -51 0
-3 -52 0
-4 -53 0
-5 -54 0
-2 -55 0
-3 -56 0
-4 -57 0
-5 -58 0
-7 -23 0
-8 -24 0
-6 -31 0
-8 -33 0
-6 -41 0
-7 -43 0
-8 -44 0
-9 -13 0
-10 -14 0
-11 -15 0
-9 -26 0
-10 -27 0
-11 -29 0
-9 -41 0
-10 -42 0
-11 -44 0
-9 -51 0
-10 -52 0
-11 -54 0
-13 -39 0
-14 -40 0
-16 -45 0
-17 -46 0
-18 -47 0
-19 -48 0
-20 -49 0
-21 -34 0
-22 -36 0
-23 -37 0
-24 -38 0
-22 -42 0
-23 -43 0
-24 -44 0
-22 -56 0
-23 -57 0
-24 -58 0
-22 -59 0
-23 -60 0
-24 -61 0
-26 -41 0
-27 -42 0
-28 -43 0
-29 -44 0
-25 -45 0
-26 -46 0
-27 -47 0
-28 -48 0
-29 -49 0
-34 -45 0
-35 -46 0
-36 -47 0
-37 -48 0
-38 -49 0
-39 -51 0
-40 -52 0
-41 -51 0
-42 -52 0
-43 -53 0
-44 -54 0
-46 -55 0
-47 -56 0
-48 -57 0
-49 -58 0
-47 -59 0
-48 -60 0
-49 -61 0
-51 -55 0
-52 -56 0
-53 -57 0
-54 -58 0
