p cnf 96 307
1 2 3 4 0
-1 -2 0
-1 -3 0
-1 -4 0
-2 -3 0
-2 -4 0
-3 -4 0
5 6 7 8 9 0
-5 -6 0
-5 -7 0
-5 -8 0
-5 -9 0
-6 -7 0
-6 -8 0
-6 -9 0
-7 -8 0
-7 -9 0
-8 -9 0
10 11 12 0
-10 -11 0
-10 -12 0
-11 -12 0
13 14 15 16 0
-13 -14 0
-13 -15 0
-13 -16 0
-14 -15 0
-14 -16 0
-15 -16 0
17 18 19 20 0
-17 -18 0
-17 -19 0
-17 -20 0
-18 -19 0
-18 -20 0
-19 -20 0
21 22 23 24 25 0
-21 -22 0
-21 -23 0
-21 -24 0
-21 -25 0
-22 -23 0
-22 -24 0
-22 -25 0
-23 -24 0
-23 -25 0
-24 -25 0
26 27 28 29 30 0
-26 -27 0
-26 -28 0
-26 -29 0
-26 -30 0
-27 -28 0
-27 -29 0
-27 -30 0
-28 -29 0
-28 -30 0
-29 -30 0
31 32 0
-31 -32 0
33 34 35 36 0
-33 -34 0
-33 -35 0
-33 -36 0
-34 -35 0
-34 -36 0
-35 -36 0
37 38 39 0
-37 -38 0
-37 -39 0
-38 -39 0
40 41 42 43 44 0
-40 -41 0
-40 -42 0
-40 -43 0
-40 -44 0
-41 -42 0
-41 -43 0
-41 -44 0
-42 -43 0
-42 -44 0
-43 -44 0
45 46 47 48 0
-45 -46 0
-45 -47 0
-45 -48 0
-46 -47 0
-46 -48 0
-47 -48 0
49 50 51 52 0
-49 -50 0
-49 -51 0
-49 -52 0
-50 -51 0
-50 -52 0
-51 -52 0
53 54 55 56 0
-53 -54 0
-53 -55 0
-53 -56 0
-54 -55 0
-54 -56 0
-55 -56 0
57 58 59 60 61 0
-57 -58 0
-57 -59 0
-57 -60 0
-57 -61 0
-58 -59 0
-58 -60 0
-58 -61 0
-59 -60 0
-59 -61 0
-60 -61 0
62 63 64 65 0
-62 -63 0
-62 -64 0
-62 -65 0
-63 -64 0
-63 -65 0
-64 -65 0
66 67 68 0
-66 -67 0
-66 -68 0
-67 -68 0
69 70 71 0
-69 -70 0
-69 -71 0
-70 -71 0
72 73 74 75 76 0
-72 -73 0
-72 -74 0
-72 -75 0
-72 -76 0
-73 -74 0
-73 -75 0
-73 -76 0
-74 -75 0
-74 -76 0
-75 -76 0
77 78 79 80 81 0
-77 -78 0
-77 -79 0
-77 -80 0
-77 -81 0
-78 -79 0
-78 -80 0
-78 -81 0
-79 -80 0
-79 -81 0
-80 -81 0
82 83 84 0
-82 -83 0
-82 -84 0
-83 -84 0
85 86 87 88 0
-85 -86 0
-85 -87 0
-85 -88 0
-86 -87 0
-86 -88 0
-87 -88 0
89 90 91 0
-89 -90 0
-89 -91 0
-90 -91 0
92 93 94 95 96 0
-92 -93 0
-92 -94 0
-92 -95 0
-92 -96 0
-93 -94 0
-93 -95 0
-93 -96 0
-94 -95 0
-94 -96 0
-95 -96 0
-1 -5 0
-2 -6 0
-3 -8 0
-4 -9 0
-1 -13 0
-3 -15 0
-4 -16 0
-2 -53 0
-3 -55 0
-4 -56 0
-2 -62 0
-3 -64 0
-4 -65 0
-2 -82 0
-4 -84 0
-5 -13 0
-7 -14 0
-8 -15 0
-9 -16 0
-10 -27 0
-11 -28 0
-12 -30 0
-10 -41 0
-11 -42 0
-12 -44 0
-10 -46 0
-11 -47 0
-10 -82 0
-11 -83 0
-12 -84 0
-10 -93 0
-11 -94 0
-12 -96 0
-14 -34 0
-15 -35 0
-16 -36 0
-14 -54 0
-15 -55 0
-16 -56 0
-13 -57 0
-14 -59 0
-15 -60 0
-16 -61 0
-13 -77 0
-14 -79 0
-15 -80 0
-16 -81 0
-17 -40 0
-18 -42 0
-19 -43 0
-20 -44 0
-21 -77 0
-22 -78 0
-23 -79 0
-24 -80 0
-25 -81 0
-27 -66 0
-28 -67 0
-29 -68 0
-26 -72 0
-27 -73 0
-28 -74 0
-29 -75 0
-30 -76 0
-26 -89 0
-29 -90 0
-30 -91 0
-31 -33 0
-32 -36 0
-31 -58 0
-32 -61 0
-31 -70 0
-32 -71 0
-31 -73 0
-32 -76 0
-31 -86 0
-33 -70 0
-36 -71 0
-33 -93 0
-34 -94 0
-35 -95 0
-36 -96 0
-41 -66 0
-42 -67 0
-43 -68 0
-46 -66 0
-47 -67 0
-48 -68 0
-50 -63 0
-51 -64 0
-52 -65 0
-49 -69 0
-52 -71 0
-49 -72 0
-50 -74 0
-51 -75 0
-52 -76 0
-53 -58 0
-54 -59 0
-55 -60 0
-56 -61 0
-53 -73 0
-54 -74 0
-55 -75 0
-56 -76 0
-57 -72 0
-58 -73 0
-59 -74 0
-60 -75 0
-61 -76 0
-57 -92 0
-58 -93 0
-59 -94 0
-60 -95 0
-61 -96 0
-62 -66 0
-63 -67 0
-64 -68 0
-62 -70 0
-65 -71 0
-62 -78 0
-63 -79 0
-64 -80 0
-65 -81 0
-73 -82 0
-74 -83 0
-76 -84 0
-78 -82 0
-79 -83 0
-81 -84 0
