p cnf 70 226
1 2 3 0
-1 -2 0
-1 -3 0
-2 -3 0
4 5 6 0
-4 -5 0
-4 -6 0
-5 -6 0
7 8 9 10 0
-7 -8 0
-7 -9 0
-7 -10 0
-8 -9 0
-8 -10 0
-9 -10 0
11 12 0
-11 -12 0
13 14 15 0
-13 -14 0
-13 -15 0
-14 -15 0
16 17 18 0
-16 -17 0
-16 -18 0
-17 -18 0
19 20 0
-19 -20 0
21 22 23 24 0
-21 -22 0
-21 -23 0
-21 -24 0
-22 -23 0
-22 -24 0
-23 -24 0
25 26 27 0
-25 -26 0
-25 -27 0
-26 -27 0
28 29 0
-28 -29 0
30 31 32 0
-30 -31 0
-30 -32 0
-31 -32 0
33 34 0
-33 -34 0
35 36 37 0
-35 -36 0
-35 -37 0
-36 -37 0
38 39 40 41 0
-38 -39 0
-38 -40 0
-38 -41 0
-39 -40 0
-39 -41 0
-40 -41 0
42 43 44 0
-42 -43 0
-42 -44 0
-43 -44 0
45 46 47 0
-45 -46 0
-45 -47 0
-46 -47 0
48 49 50 0
-48 -49 0
-48 -50 0
-49 -50 0
51 52 53 0
-51 -52 0
-51 -53 0
-52 -53 0
54 55 56 57 0
-54 -55 0
-54 -56 0
-54 -57 0
-55 -56 0
-55 -57 0
-56 -57 0
58 59 60 0
-58 -59 0
-58 -60 0
-59 -60 0
61 62 63 64 0
-61 -62 0
-61 -63 0
-61 -64 0
-62 -63 0
-62 -64 0
-63 -64 0
65 66 67 0
-65 -66 0
-65 -67 0
-66 -67 0
68 69 70 0
-68 -69 0
-68 -70 0
-69 -70 0
-1 -30 0
-3 -32 0
-1 -61 0
-2 -63 0
-3 -64 0
-4 -7 0
-5 -8 0
-6 -10 0
-4 -35 0
-5 -36 0
-4 -68 0
-5 -69 0
-7 -13 0
-8 -14 0
-10 -15 0
-8 -19 0
-9 -20 0
-7 -30 0
-8 -31 0
-10 -32 0
-7 -45 0
-8 -46 0
-10 -47 0
-7 -48 0
-8 -49 0
-10 -50 0
-7 -54 0
-8 -55 0
-9 -56 0
-10 -57 0
-7 -58 0
-8 -59 0
-9 -60 0
-11 -25 0
-12 -27 0
-11 -36 0
-11 -52 0
-11 -59 0
-11 -69 0
-13 -21 0
-14 -22 0
-15 -24 0
-14 -28 0
-14 -33 0
-13 -38 0
-14 -39 0
-15 -41 0
-13 -61 0
-14 -62 0
-15 -64 0
-13 -68 0
-14 -69 0
-16 -51 0
-17 -52 0
-18 -53 0
-16 -61 0
-17 -62 0
-18 -63 0
-16 -68 0
-17 -69 0
-18 -70 0
-19 -31 0
-19 -33 0
-20 -34 0
-19 -46 0
-19 -62 0
-20 -63 0
-22 -28 0
-23 -29 0
-21 -30 0
-22 -31 0
-24 -32 0
-21 -42 0
-22 -43 0
-23 -44 0
-21 -48 0
-22 -49 0
-24 -50 0
-21 -54 0
-22 -55 0
-23 -56 0
-24 -57 0
-25 -33 0
-26 -34 0
-25 -36 0
-26 -37 0
-25 -62 0
-26 -63 0
-27 -64 0
-28 -36 0
-29 -37 0
-28 -49 0
-28 -62 0
-29 -63 0
-28 -65 0
-29 -66 0
-30 -42 0
-31 -43 0
-30 -48 0
-31 -49 0
-32 -50 0
-30 -68 0
-31 -69 0
-33 -43 0
-34 -44 0
-33 -46 0
-33 -65 0
-34 -66 0
-35 -61 0
-36 -62 0
-37 -63 0
-38 -45 0
-39 -46 0
-41 -47 0
-42 -51 0
-43 -52 0
-44 -53 0
-42 -58 0
-43 -59 0
-44 -60 0
-45 -48 0
-46 -49 0
-47 -50 0
-49 -65 0
-50 -67 0
-59 -65 0
-60 -66 0
