p cnf 23 80
-1 -2 0
1 2 0
-1 -3 0
-1 -4 0
-1 -5 0
-1 -6 0
-1 -7 0
-3 -4 0
-3 -5 0
-3 -6 0
-3 -7 0
-4 -5 0
-4 -6 0
-4 -7 0
-5 -6 0
-5 -7 0
-6 -7 0
1 3 4 5 6 7 0
-8 -9 0
-8 -10 0
-9 -10 0
8 9 10 0
-3 -11 0
-3 -12 0
-11 -12 0
3 11 12 0
-4 -13 0
4 13 0
-2 -14 0
2 14 0
-5 -13 0
-5 -15 0
-5 -16 0
-5 -17 0
-13 -15 0
-13 -16 0
-13 -17 0
-15 -16 0
-15 -17 0
-16 -17 0
5 13 15 16 17 0
-8 -15 0
-8 -18 0
-8 -19 0
-15 -18 0
-15 -19 0
-18 -19 0
8 15 18 19 0
-6 -9 0
-6 -16 0
-6 -18 0
-6 -20 0
-9 -16 0
-9 -18 0
-9 -20 0
-16 -18 0
-16 -20 0
-18 -20 0
6 9 16 18 20 0
-14 -19 0
-14 -21 0
-19 -21 0
14 19 21 0
-11 -21 0
11 21 0
-7 -12 0
-7 -17 0
-7 -20 0
-7 -22 0
-12 -17 0
-12 -20 0
-12 -22 0
-17 -20 0
-17 -22 0
-20 -22 0
7 12 17 20 22 0
-22 -23 0
22 23 0
-10 -23 0
10 23 0
