p cnf 210 831
1 2 3 4 5 6 7 8 9 10 11 12 13 14 15 16 17 18 0
19 20 21 22 23 24 25 26 27 28 29 30 31 32 33 34 35 36 37 38 39 0
40 41 42 43 44 45 46 47 48 49 50 51 52 53 54 55 56 57 58 59 60 0
61 62 63 64 65 66 67 68 69 70 71 72 73 74 75 76 77 78 79 80 81 82 0
83 84 85 86 87 88 89 90 91 92 93 94 95 96 97 98 99 100 0
124 125 126 127 128 129 130 131 132 133 134 135 136 137 138 139 140 141 142 143 144 145 0
146 147 148 149 150 151 152 153 154 155 156 157 158 159 160 161 162 163 164 165 166 0
167 168 169 170 171 172 173 174 175 176 177 178 179 180 181 182 183 184 185 186 187 188 189 0
190 191 192 193 194 195 196 197 198 199 200 201 202 203 204 205 206 207 208 209 210 0
-1 -19 0
-1 -40 0
-1 -61 0
-1 -83 0
-1 -101 0
-1 -124 0
-1 -146 0
-1 -167 0
-1 -190 0
-19 -40 0
-19 -61 0
-19 -83 0
-19 -101 0
-19 -124 0
-19 -146 0
-19 -167 0
-19 -190 0
-40 -61 0
-40 -83 0
-40 -101 0
-40 -124 0
-40 -146 0
-40 -167 0
-40 -190 0
-61 -83 0
-61 -101 0
-61 -124 0
-61 -146 0
-61 -167 0
-61 -190 0
-83 -101 0
-83 -124 0
-83 -146 0
-83 -167 0
-83 -190 0
-101 -124 0
-101 -146 0
-101 -167 0
-101 -190 0
-124 -146 0
-124 -167 0
-124 -190 0
-146 -167 0
-146 -190 0
-167 -190 0
-2 -20 0
-2 -41 0
-2 -62 0
-2 -102 0
-2 -125 0
-2 -147 0
-2 -168 0
-2 -191 0
-20 -41 0
-20 -62 0
-20 -102 0
-20 -125 0
-20 -147 0
-20 -168 0
-20 -191 0
-41 -62 0
-41 -102 0
-41 -125 0
-41 -147 0
-41 -168 0
-41 -191 0
-62 -102 0
-62 -125 0
-62 -147 0
-62 -168 0
-62 -191 0
-102 -125 0
-102 -147 0
-102 -168 0
-102 -191 0
-125 -147 0
-125 -168 0
-125 -191 0
-147 -168 0
-147 -191 0
-168 -191 0
-3 -21 0
-3 -42 0
-3 -63 0
-3 -84 0
-3 -103 0
-3 -126 0
-3 -192 0
-21 -42 0
-21 -63 0
-21 -84 0
-21 -103 0
-21 -126 0
-21 -192 0
-42 -63 0
-42 -84 0
-42 -103 0
-42 -126 0
-42 -192 0
-63 -84 0
-63 -103 0
-63 -126 0
-63 -192 0
-84 -103 0
-84 -126 0
-84 -192 0
-103 -126 0
-103 -192 0
-126 -192 0
-4 -22 0
-4 -43 0
-4 -64 0
-4 -104 0
-4 -127 0
-4 -148 0
-4 -169 0
-4 -193 0
-22 -43 0
-22 -64 0
-22 -104 0
-22 -127 0
-22 -148 0
-22 -169 0
-22 -193 0
-43 -64 0
-43 -104 0
-43 -127 0
-43 -148 0
-43 -169 0
-43 -193 0
-64 -104 0
-64 -127 0
-64 -148 0
-64 -169 0
-64 -193 0
-104 -127 0
-104 -148 0
-104 -169 0
-104 -193 0
-127 -148 0
-127 -169 0
-127 -193 0
-148 -169 0
-148 -193 0
-169 -193 0
-5 -23 0
-5 -44 0
-5 -65 0
-5 -105 0
-5 -128 0
-5 -149 0
-5 -170 0
-23 -44 0
-23 -65 0
-23 -105 0
-23 -128 0
-23 -149 0
-23 -170 0
-44 -65 0
-44 -105 0
-44 -128 0
-44 -149 0
-44 -170 0
-65 -105 0
-65 -128 0
-65 -149 0
-65 -170 0
-105 -128 0
-105 -149 0
-105 -170 0
-128 -149 0
-128 -170 0
-149 -170 0
-24 -45 0
-24 -66 0
-24 -85 0
-24 -106 0
-24 -129 0
-24 -150 0
-24 -171 0
-24 -194 0
-45 -66 0
-45 -85 0
-45 -106 0
-45 -129 0
-45 -150 0
-45 -171 0
-45 -194 0
-66 -85 0
-66 -106 0
-66 -129 0
-66 -150 0
-66 -171 0
-66 -194 0
-85 -106 0
-85 -129 0
-85 -150 0
-85 -171 0
-85 -194 0
-106 -129 0
-106 -150 0
-106 -171 0
-106 -194 0
-129 -150 0
-129 -171 0
-129 -194 0
-150 -171 0
-150 -194 0
-171 -194 0
-6 -25 0
-6 -46 0
-6 -67 0
-6 -86 0
-6 -107 0
-6 -130 0
-6 -151 0
-6 -172 0
-25 -46 0
-25 -67 0
-25 -86 0
-25 -107 0
-25 -130 0
-25 -151 0
-25 -172 0
-46 -67 0
-46 -86 0
-46 -107 0
-46 -130 0
-46 -151 0
-46 -172 0
-67 -86 0
-67 -107 0
-67 -130 0
-67 -151 0
-67 -172 0
-86 -107 0
-86 -130 0
-86 -151 0
-86 -172 0
-107 -130 0
-107 -151 0
-107 -172 0
-130 -151 0
-130 -172 0
-151 -172 0
-26 -47 0
-26 -68 0
-26 -87 0
-26 -108 0
-26 -152 0
-26 -173 0
-26 -195 0
-47 -68 0
-47 -87 0
-47 -108 0
-47 -152 0
-47 -173 0
-47 -195 0
-68 -87 0
-68 -108 0
-68 -152 0
-68 -173 0
-68 -195 0
-87 -108 0
-87 -152 0
-87 -173 0
-87 -195 0
-108 -152 0
-108 -173 0
-108 -195 0
-152 -173 0
-152 -195 0
-173 -195 0
-27 -48 0
-27 -69 0
-27 -88 0
-27 -109 0
-27 -131 0
-27 -153 0
-27 -174 0
-27 -196 0
-48 -69 0
-48 -88 0
-48 -109 0
-48 -131 0
-48 -153 0
-48 -174 0
-48 -196 0
-69 -88 0
-69 -109 0
-69 -131 0
-69 -153 0
-69 -174 0
-69 -196 0
-88 -109 0
-88 -131 0
-88 -153 0
-88 -174 0
-88 -196 0
-109 -131 0
-109 -153 0
-109 -174 0
-109 -196 0
-131 -153 0
-131 -174 0
-131 -196 0
-153 -174 0
-153 -196 0
-174 -196 0
-7 -28 0
-7 -49 0
-7 -70 0
-7 -89 0
-7 -110 0
-7 -132 0
-7 -154 0
-7 -175 0
-7 -197 0
-28 -49 0
-28 -70 0
-28 -89 0
-28 -110 0
-28 -132 0
-28 -154 0
-28 -175 0
-28 -197 0
-49 -70 0
-49 -89 0
-49 -110 0
-49 -132 0
-49 -154 0
-49 -175 0
-49 -197 0
-70 -89 0
-70 -110 0
-70 -132 0
-70 -154 0
-70 -175 0
-70 -197 0
-89 -110 0
-89 -132 0
-89 -154 0
-89 -175 0
-89 -197 0
-110 -132 0
-110 -154 0
-110 -175 0
-110 -197 0
-132 -154 0
-132 -175 0
-132 -197 0
-154 -175 0
-154 -197 0
-175 -197 0
-8 -29 0
-8 -90 0
-8 -133 0
-8 -155 0
-8 -176 0
-8 -198 0
-29 -90 0
-29 -133 0
-29 -155 0
-29 -176 0
-29 -198 0
-90 -133 0
-90 -155 0
-90 -176 0
-90 -198 0
-133 -155 0
-133 -176 0
-133 -198 0
-155 -176 0
-155 -198 0
-176 -198 0
-9 -30 0
-9 -50 0
-9 -71 0
-9 -111 0
-9 -134 0
-9 -156 0
-9 -177 0
-9 -199 0
-30 -50 0
-30 -71 0
-30 -111 0
-30 -134 0
-30 -156 0
-30 -177 0
-30 -199 0
-50 -71 0
-50 -111 0
-50 -134 0
-50 -156 0
-50 -177 0
-50 -199 0
-71 -111 0
-71 -134 0
-71 -156 0
-71 -177 0
-71 -199 0
-111 -134 0
-111 -156 0
-111 -177 0
-111 -199 0
-134 -156 0
-134 -177 0
-134 -199 0
-156 -177 0
-156 -199 0
-177 -199 0
-10 -31 0
-10 -51 0
-10 -72 0
-10 -91 0
-10 -112 0
-10 -135 0
-10 -178 0
-10 -200 0
-31 -51 0
-31 -72 0
-31 -91 0
-31 -112 0
-31 -135 0
-31 -178 0
-31 -200 0
-51 -72 0
-51 -91 0
-51 -112 0
-51 -135 0
-51 -178 0
-51 -200 0
-72 -91 0
-72 -112 0
-72 -135 0
-72 -178 0
-72 -200 0
-91 -112 0
-91 -135 0
-91 -178 0
-91 -200 0
-112 -135 0
-112 -178 0
-112 -200 0
-135 -178 0
-135 -200 0
-178 -200 0
-11 -32 0
-11 -52 0
-11 -73 0
-11 -113 0
-11 -136 0
-11 -157 0
-11 -179 0
-32 -52 0
-32 -73 0
-32 -113 0
-32 -136 0
-32 -157 0
-32 -179 0
-52 -73 0
-52 -113 0
-52 -136 0
-52 -157 0
-52 -179 0
-73 -113 0
-73 -136 0
-73 -157 0
-73 -179 0
-113 -136 0
-113 -157 0
-113 -179 0
-136 -157 0
-136 -179 0
-157 -179 0
-12 -33 0
-12 -53 0
-12 -74 0
-12 -92 0
-12 -114 0
-12 -137 0
-12 -158 0
-12 -180 0
-12 -201 0
-33 -53 0
-33 -74 0
-33 -92 0
-33 -114 0
-33 -137 0
-33 -158 0
-33 -180 0
-33 -201 0
-53 -74 0
-53 -92 0
-53 -114 0
-53 -137 0
-53 -158 0
-53 -180 0
-53 -201 0
-74 -92 0
-74 -114 0
-74 -137 0
-74 -158 0
-74 -180 0
-74 -201 0
-92 -114 0
-92 -137 0
-92 -158 0
-92 -180 0
-92 -201 0
-114 -137 0
-114 -158 0
-114 -180 0
-114 -201 0
-137 -158 0
-137 -180 0
-137 -201 0
-158 -180 0
-158 -201 0
-180 -201 0
-13 -34 0
-13 -75 0
-13 -93 0
-13 -115 0
-13 -138 0
-13 -159 0
-13 -181 0
-13 -202 0
-34 -75 0
-34 -93 0
-34 -115 0
-34 -138 0
-34 -159 0
-34 -181 0
-34 -202 0
-75 -93 0
-75 -115 0
-75 -138 0
-75 -159 0
-75 -181 0
-75 -202 0
-93 -115 0
-93 -138 0
-93 -159 0
-93 -181 0
-93 -202 0
-115 -138 0
-115 -159 0
-115 -181 0
-115 -202 0
-138 -159 0
-138 -181 0
-138 -202 0
-159 -181 0
-159 -202 0
-181 -202 0
-14 -54 0
-14 -76 0
-14 -94 0
-14 -116 0
-14 -139 0
-14 -160 0
-14 -182 0
-14 -203 0
-54 -76 0
-54 -94 0
-54 -116 0
-54 -139 0
-54 -160 0
-54 -182 0
-54 -203 0
-76 -94 0
-76 -116 0
-76 -139 0
-76 -160 0
-76 -182 0
-76 -203 0
-94 -116 0
-94 -139 0
-94 -160 0
-94 -182 0
-94 -203 0
-116 -139 0
-116 -160 0
-116 -182 0
-116 -203 0
-139 -160 0
-139 -182 0
-139 -203 0
-160 -182 0
-160 -203 0
-182 -203 0
-55 -77 0
-55 -95 0
-55 -117 0
-55 -140 0
-55 -161 0
-55 -183 0
-55 -204 0
-77 -95 0
-77 -117 0
-77 -140 0
-77 -161 0
-77 -183 0
-77 -204 0
-95 -117 0
-95 -140 0
-95 -161 0
-95 -183 0
-95 -204 0
-117 -140 0
-117 -161 0
-117 -183 0
-117 -204 0
-140 -161 0
-140 -183 0
-140 -204 0
-161 -183 0
-161 -204 0
-183 -204 0
-15 -35 0
-15 -56 0
-15 -78 0
-15 -96 0
-15 -118 0
-15 -141 0
-15 -162 0
-15 -184 0
-15 -205 0
-35 -56 0
-35 -78 0
-35 -96 0
-35 -118 0
-35 -141 0
-35 -162 0
-35 -184 0
-35 -205 0
-56 -78 0
-56 -96 0
-56 -118 0
-56 -141 0
-56 -162 0
-56 -184 0
-56 -205 0
-78 -96 0
-78 -118 0
-78 -141 0
-78 -162 0
-78 -184 0
-78 -205 0
-96 -118 0
-96 -141 0
-96 -162 0
-96 -184 0
-96 -205 0
-118 -141 0
-118 -162 0
-118 -184 0
-118 -205 0
-141 -162 0
-141 -184 0
-141 -205 0
-162 -184 0
-162 -205 0
-184 -205 0
-16 -36 0
-16 -57 0
-16 -97 0
-16 -119 0
-16 -142 0
-16 -163 0
-16 -185 0
-16 -206 0
-36 -57 0
-36 -97 0
-36 -119 0
-36 -142 0
-36 -163 0
-36 -185 0
-36 -206 0
-57 -97 0
-57 -119 0
-57 -142 0
-57 -163 0
-57 -185 0
-57 -206 0
-97 -119 0
-97 -142 0
-97 -163 0
-97 -185 0
-97 -206 0
-119 -142 0
-119 -163 0
-119 -185 0
-119 -206 0
-142 -163 0
-142 -185 0
-142 -206 0
-163 -185 0
-163 -206 0
-185 -206 0
-17 -37 0
-17 -79 0
-17 -120 0
-17 -164 0
-17 -186 0
-17 -207 0
-37 -79 0
-37 -120 0
-37 -164 0
-37 -186 0
-37 -207 0
-79 -120 0
-79 -164 0
-79 -186 0
-79 -207 0
-120 -164 0
-120 -186 0
-120 -207 0
-164 -186 0
-164 -207 0
-186 -207 0
-58 -80 0
-58 -98 0
-58 -121 0
-58 -143 0
-58 -165 0
-58 -187 0
-58 -208 0
-80 -98 0
-80 -121 0
-80 -143 0
-80 -165 0
-80 -187 0
-80 -208 0
-98 -121 0
-98 -143 0
-98 -165 0
-98 -187 0
-98 -208 0
-121 -143 0
-121 -165 0
-121 -187 0
-121 -208 0
-143 -165 0
-143 -187 0
-143 -208 0
-165 -187 0
-165 -208 0
-187 -208 0
-18 -38 0
-18 -59 0
-18 -81 0
-18 -99 0
-18 -122 0
-18 -144 0
-18 -188 0
-18 -209 0
-38 -59 0
-38 -81 0
-38 -99 0
-38 -122 0
-38 -144 0
-38 -188 0
-38 -209 0
-59 -81 0
-59 -99 0
-59 -122 0
-59 -144 0
-59 -188 0
-59 -209 0
-81 -99 0
-81 -122 0
-81 -144 0
-81 -188 0
-81 -209 0
-99 -122 0
-99 -144 0
-99 -188 0
-99 -209 0
-122 -144 0
-122 -188 0
-122 -209 0
-144 -188 0
-144 -209 0
-188 -209 0
-39 -60 0
-39 -82 0
-39 -100 0
-39 -123 0
-39 -145 0
-39 -166 0
-39 -189 0
-39 -210 0
-60 -82 0
-60 -100 0
-60 -123 0
-60 -145 0
-60 -166 0
-60 -189 0
-60 -210 0
-82 -100 0
-82 -123 0
-82 -145 0
-82 -166 0
-82 -189 0
-82 -210 0
-100 -123 0
-100 -145 0
-100 -166 0
-100 -189 0
-100 -210 0
-123 -145 0
-123 -166 0
-123 -189 0
-123 -210 0
-145 -166 0
-145 -189 0
-145 -210 0
-166 -189 0
-166 -210 0
-189 -210 0
