p cnf 73 238
1 2 0
-1 -2 0
3 4 5 6 0
-3 -4 0
-3 -5 0
-3 -6 0
-4 -5 0
-4 -6 0
-5 -6 0
7 8 9 0
-7 -8 0
-7 -9 0
-8 -9 0
10 11 0
-10 -11 0
12 13 14 0
-12 -13 0
-12 -14 0
-13 -14 0
15 16 17 0
-15 -16 0
-15 -17 0
-16 -17 0
18 19 20 21 0
-18 -19 0
-18 -20 0
-18 -21 0
-19 -20 0
-19 -21 0
-20 -21 0
22 23 24 0
-22 -23 0
-22 -24 0
-23 -24 0
25 26 27 0
-25 -26 0
-25 -27 0
-26 -27 0
28 29 30 31 0
-28 -29 0
-28 -30 0
-28 -31 0
-29 -30 0
-29 -31 0
-30 -31 0
32 33 34 0
-32 -33 0
-32 -34 0
-33 -34 0
35 36 37 38 0
-35 -36 0
-35 -37 0
-35 -38 0
-36 -37 0
-36 -38 0
-37 -38 0
39 40 0
-39 -40 0
41 42 43 0
-41 -42 0
-41 -43 0
-42 -43 0
44 45 0
-44 -45 0
46 47 48 49 0
-46 -47 0
-46 -48 0
-46 -49 0
-47 -48 0
-47 -49 0
-48 -49 0
50 51 0
-50 -51 0
52 53 54 0
-52 -53 0
-52 -54 0
-53 -54 0
55 56 0
-55 -56 0
57 58 59 0
-57 -58 0
-57 -59 0
-58 -59 0
60 61 0
-60 -61 0
62 63 64 0
-62 -63 0
-62 -64 0
-63 -64 0
65 66 67 0
-65 -66 0
-65 -67 0
-66 -67 0
68 69 70 0
-68 -69 0
-68 -70 0
-69 -70 0
71 72 73 0
-71 -72 0
-71 -73 0
-72 -73 0
-1 -15 0
-1 -52 0
-1 -57 0
-1 -68 0
-2 -69 0
-3 -7 0
-4 -8 0
-5 -9 0
-3 -10 0
-4 -11 0
-3 -18 0
-4 -19 0
-5 -20 0
-6 -21 0
-3 -32 0
-4 -33 0
-6 -34 0
-3 -39 0
-6 -40 0
-3 -44 0
-6 -45 0
-3 -55 0
-5 -56 0
-3 -57 0
-5 -58 0
-6 -59 0
-7 -10 0
-8 -11 0
-7 -15 0
-9 -16 0
-7 -32 0
-8 -33 0
-7 -35 0
-8 -36 0
-9 -37 0
-7 -46 0
-8 -47 0
-9 -48 0
-7 -68 0
-8 -69 0
-7 -71 0
-8 -72 0
-10 -15 0
-12 -35 0
-13 -36 0
-14 -37 0
-12 -57 0
-14 -58 0
-14 -60 0
-15 -46 0
-16 -48 0
-17 -49 0
-15 -50 0
-15 -62 0
-17 -64 0
-15 -71 0
-17 -73 0
-18 -22 0
-19 -23 0
-21 -24 0
-18 -46 0
-19 -47 0
-20 -48 0
-21 -49 0
-18 -50 0
-19 -51 0
-18 -65 0
-19 -66 0
-21 -67 0
-22 -50 0
-23 -51 0
-22 -55 0
-22 -62 0
-23 -63 0
-24 -64 0
-25 -39 0
-27 -40 0
-25 -52 0
-26 -53 0
-27 -54 0
-25 -55 0
-26 -56 0
-26 -60 0
-27 -61 0
-28 -32 0
-29 -33 0
-31 -34 0
-28 -35 0
-29 -36 0
-30 -37 0
-31 -38 0
-28 -44 0
-31 -45 0
-28 -50 0
-29 -51 0
-32 -44 0
-34 -45 0
-32 -62 0
-33 -63 0
-34 -64 0
-39 -44 0
-40 -45 0
-39 -52 0
-40 -54 0
-39 -55 0
-39 -71 0
-40 -73 0
-41 -55 0
-42 -56 0
-42 -60 0
-43 -61 0
-41 -68 0
-43 -70 0
-44 -52 0
-45 -54 0
-46 -57 0
-48 -58 0
-49 -59 0
-46 -62 0
-47 -63 0
-49 -64 0
-50 -52 0
-52 -57 0
-53 -58 0
-54 -59 0
-52 -71 0
-54 -73 0
-55 -57 0
-56 -58 0
-57 -62 0
-59 -64 0
-57 -68 0
-59 -70 0
-61 -73 0
-68 -71 0
-69 -72 0
-70 -73 0
