p cnf 113 302
1 2 3 0
-1 -2 0
-1 -3 0
-2 -3 0
4 5 6 0
-4 -5 0
-4 -6 0
-5 -6 0
7 8 0
-7 -8 0
9 10 0
-9 -10 0
11 12 0
-11 -12 0
13 14 0
-13 -14 0
15 16 17 18 0
-15 -16 0
-15 -17 0
-15 -18 0
-16 -17 0
-16 -18 0
-17 -18 0
19 20 21 0
-19 -20 0
-19 -21 0
-20 -21 0
22 23 24 25 0
-22 -23 0
-22 -24 0
-22 -25 0
-23 -24 0
-23 -25 0
-24 -25 0
26 27 0
-26 -27 0
28 29 30 31 0
-28 -29 0
-28 -30 0
-28 -31 0
-29 -30 0
-29 -31 0
-30 -31 0
32 33 34 35 0
-32 -33 0
-32 -34 0
-32 -35 0
-33 -34 0
-33 -35 0
-34 -35 0
36 37 38 39 0
-36 -37 0
-36 -38 0
-36 -39 0
-37 -38 0
-37 -39 0
-38 -39 0
40 41 42 0
-40 -41 0
-40 -42 0
-41 -42 0
43 44 45 0
-43 -44 0
-43 -45 0
-44 -45 0
46 47 48 49 0
-46 -47 0
-46 -48 0
-46 -49 0
-47 -48 0
-47 -49 0
-48 -49 0
50 51 52 53 0
-50 -51 0
-50 -52 0
-50 -53 0
-51 -52 0
-51 -53 0
-52 -53 0
54 55 0
-54 -55 0
56 57 58 0
-56 -57 0
-56 -58 0
-57 -58 0
59 60 61 0
-59 -60 0
-59 -61 0
-60 -61 0
62 63 0
-62 -63 0
64 65 66 0
-64 -65 0
-64 -66 0
-65 -66 0
67 68 69 70 0
-67 -68 0
-67 -69 0
-67 -70 0
-68 -69 0
-68 -70 0
-69 -70 0
71 72 0
-71 -72 0
73 74 75 0
-73 -74 0
-73 -75 0
-74 -75 0
76 77 78 0
-76 -77 0
-76 -78 0
-77 -78 0
79 80 81 0
-79 -80 0
-79 -81 0
-80 -81 0
82 83 84 0
-82 -83 0
-82 -84 0
-83 -84 0
85 86 0
-85 -86 0
87 88 89 90 0
-87 -88 0
-87 -89 0
-87 -90 0
-88 -89 0
-88 -90 0
-89 -90 0
91 92 93 0
-91 -92 0
-91 -93 0
-92 -93 0
94 95 96 97 0
-94 -95 0
-94 -96 0
-94 -97 0
-95 -96 0
-95 -97 0
-96 -97 0
98 99 100 101 0
-98 -99 0
-98 -100 0
-98 -101 0
-99 -100 0
-99 -101 0
-100 -101 0
102 103 104 0
-102 -103 0
-102 -104 0
-103 -104 0
105 106 107 0
-105 -106 0
-105 -107 0
-106 -107 0
108 109 110 0
-108 -109 0
-108 -110 0
-109 -110 0
111 112 113 0
-111 -112 0
-111 -113 0
-112 -113 0
-1 -15 0
-2 -16 0
-3 -17 0
-1 -79 0
-2 -80 0
-1 -94 0
-2 -95 0
-3 -96 0
-4 -9 0
-6 -10 0
-4 -23 0
-5 -24 0
-6 -25 0
-4 -26 0
-6 -27 0
-4 -62 0
-6 -63 0
-5 -71 0
-6 -72 0
-4 -92 0
-6 -93 0
-9 -19 0
-10 -21 0
-9 -47 0
-10 -49 0
-9 -51 0
-10 -53 0
-10 -84 0
-10 -113 0
-11 -44 0
-12 -45 0
-11 -60 0
-12 -61 0
-12 -86 0
-13 -24 0
-14 -25 0
-13 -69 0
-14 -70 0
-15 -22 0
-16 -23 0
-17 -24 0
-18 -25 0
-15 -36 0
-16 -37 0
-17 -38 0
-18 -39 0
-15 -102 0
-17 -103 0
-18 -104 0
-19 -37 0
-20 -38 0
-21 -39 0
-19 -73 0
-20 -74 0
-21 -75 0
-20 -103 0
-21 -104 0
-22 -59 0
-24 -60 0
-25 -61 0
-22 -111 0
-24 -112 0
-25 -113 0
-26 -73 0
-27 -75 0
-26 -80 0
-27 -81 0
-26 -88 0
-27 -90 0
-32 -36 0
-33 -37 0
-34 -38 0
-35 -39 0
-33 -56 0
-34 -57 0
-35 -58 0
-37 -64 0
-38 -65 0
-39 -66 0
-36 -94 0
-37 -95 0
-38 -96 0
-39 -97 0
-41 -54 0
-41 -105 0
-42 -107 0
-40 -111 0
-42 -113 0
-43 -95 0
-44 -96 0
-45 -97 0
-46 -79 0
-47 -80 0
-49 -81 0
-46 -94 0
-47 -95 0
-48 -96 0
-49 -97 0
-47 -108 0
-48 -109 0
-49 -110 0
-50 -111 0
-52 -112 0
-53 -113 0
-55 -60 0
-54 -92 0
-55 -112 0
-57 -60 0
-58 -61 0
-56 -80 0
-58 -81 0
-56 -108 0
-57 -109 0
-58 -110 0
-60 -74 0
-61 -75 0
-59 -94 0
-60 -96 0
-61 -97 0
-64 -88 0
-65 -89 0
-66 -90 0
-67 -76 0
-68 -77 0
-70 -78 0
-67 -102 0
-69 -103 0
-70 -104 0
-72 -86 0
-76 -98 0
-77 -99 0
-78 -101 0
-82 -111 0
-83 -112 0
-84 -113 0
-106 -112 0
-107 -113 0
-109 -112 0
-110 -113 0
