p cnf 99 610
1 2 3 4 5 0
-1 -2 0
-1 -3 0
-1 -4 0
-1 -5 0
-2 -3 0
-2 -4 0
-2 -5 0
-3 -4 0
-3 -5 0
-4 -5 0
6 7 8 9 10 0
-6 -7 0
-6 -8 0
-6 -9 0
-6 -10 0
-7 -8 0
-7 -9 0
-7 -10 0
-8 -9 0
-8 -10 0
-9 -10 0
11 12 13 14 15 0
-11 -12 0
-11 -13 0
-11 -14 0
-11 -15 0
-12 -13 0
-12 -14 0
-12 -15 0
-13 -14 0
-13 -15 0
-14 -15 0
16 17 18 19 20 0
-16 -17 0
-16 -18 0
-16 -19 0
-16 -20 0
-17 -18 0
-17 -19 0
-17 -20 0
-18 -19 0
-18 -20 0
-19 -20 0
21 22 23 24 25 0
-21 -22 0
-21 -23 0
-21 -24 0
-21 -25 0
-22 -23 0
-22 -24 0
-22 -25 0
-23 -24 0
-23 -25 0
-24 -25 0
26 27 28 29 30 0
-26 -27 0
-26 -28 0
-26 -29 0
-26 -30 0
-27 -28 0
-27 -29 0
-27 -30 0
-28 -29 0
-28 -30 0
-29 -30 0
31 32 33 34 35 0
-31 -32 0
-31 -33 0
-31 -34 0
-31 -35 0
-32 -33 0
-32 -34 0
-32 -35 0
-33 -34 0
-33 -35 0
-34 -35 0
36 37 38 39 40 0
-36 -37 0
-36 -38 0
-36 -39 0
-36 -40 0
-37 -38 0
-37 -39 0
-37 -40 0
-38 -39 0
-38 -40 0
-39 -40 0
41 42 43 44 45 0
-41 -42 0
-41 -43 0
-41 -44 0
-41 -45 0
-42 -43 0
-42 -44 0
-42 -45 0
-43 -44 0
-43 -45 0
-44 -45 0
46 47 48 49 50 0
-46 -47 0
-46 -48 0
-46 -49 0
-46 -50 0
-47 -48 0
-47 -49 0
-47 -50 0
-48 -49 0
-48 -50 0
-49 -50 0
51 52 53 54 55 0
-51 -52 0
-51 -53 0
-51 -54 0
-51 -55 0
-52 -53 0
-52 -54 0
-52 -55 0
-53 -54 0
-53 -55 0
-54 -55 0
56 57 58 59 0
-56 -57 0
-56 -58 0
-56 -59 0
-57 -58 0
-57 -59 0
-58 -59 0
60 61 62 63 64 0
-60 -61 0
-60 -62 0
-60 -63 0
-60 -64 0
-61 -62 0
-61 -63 0
-61 -64 0
-62 -63 0
-62 -64 0
-63 -64 0
65 66 67 68 69 0
-65 -66 0
-65 -67 0
-65 -68 0
-65 -69 0
-66 -67 0
-66 -68 0
-66 -69 0
-67 -68 0
-67 -69 0
-68 -69 0
70 71 72 73 74 0
-70 -71 0
-70 -72 0
-70 -73 0
-70 -74 0
-71 -72 0
-71 -73 0
-71 -74 0
-72 -73 0
-72 -74 0
-73 -74 0
75 76 77 78 79 0
-75 -76 0
-75 -77 0
-75 -78 0
-75 -79 0
-76 -77 0
-76 -78 0
-76 -79 0
-77 -78 0
-77 -79 0
-78 -79 0
80 81 82 83 84 0
-80 -81 0
-80 -82 0
-80 -83 0
-80 -84 0
-81 -82 0
-81 -83 0
-81 -84 0
-82 -83 0
-82 -84 0
-83 -84 0
85 86 87 88 89 0
-85 -86 0
-85 -87 0
-85 -88 0
-85 -89 0
-86 -87 0
-86 -88 0
-86 -89 0
-87 -88 0
-87 -89 0
-88 -89 0
90 91 92 93 94 0
-90 -91 0
-90 -92 0
-90 -93 0
-90 -94 0
-91 -92 0
-91 -93 0
-91 -94 0
-92 -93 0
-92 -94 0
-93 -94 0
95 96 97 98 99 0
-95 -96 0
-95 -97 0
-95 -98 0
-95 -99 0
-96 -97 0
-96 -98 0
-96 -99 0
-97 -98 0
-97 -99 0
-98 -99 0
-1 -21 0
-2 -22 0
-3 -23 0
-4 -24 0
-5 -25 0
-1 -36 0
-2 -37 0
-3 -38 0
-4 -39 0
-5 -40 0
-1 -41 0
-2 -42 0
-3 -43 0
-4 -44 0
-5 -45 0
-1 -80 0
-2 -81 0
-3 -82 0
-4 -83 0
-5 -84 0
-1 -85 0
-2 -86 0
-3 -87 0
-4 -88 0
-5 -89 0
-1 -95 0
-2 -96 0
-3 -97 0
-4 -98 0
-5 -99 0
-6 -16 0
-7 -17 0
-8 -18 0
-9 -19 0
-10 -20 0
-6 -31 0
-7 -32 0
-8 -33 0
-9 -34 0
-10 -35 0
-6 -36 0
-7 -37 0
-8 -38 0
-9 -39 0
-10 -40 0
-6 -41 0
-7 -42 0
-8 -43 0
-9 -44 0
-10 -45 0
-6 -60 0
-7 -61 0
-8 -62 0
-9 -63 0
-10 -64 0
-6 -75 0
-7 -76 0
-8 -77 0
-9 -78 0
-10 -79 0
-11 -16 0
-12 -17 0
-13 -18 0
-14 -19 0
-15 -20 0
-11 -21 0
-12 -22 0
-13 -23 0
-14 -24 0
-15 -25 0
-11 -41 0
-12 -42 0
-13 -43 0
-14 -44 0
-15 -45 0
-11 -51 0
-12 -52 0
-13 -53 0
-14 -54 0
-15 -55 0
-12 -56 0
-13 -57 0
-14 -58 0
-15 -59 0
-11 -75 0
-12 -76 0
-13 -77 0
-14 -78 0
-15 -79 0
-11 -80 0
-12 -81 0
-13 -82 0
-14 -83 0
-15 -84 0
-11 -85 0
-12 -86 0
-13 -87 0
-14 -88 0
-15 -89 0
-11 -90 0
-12 -91 0
-13 -92 0
-14 -93 0
-15 -94 0
-16 -21 0
-17 -22 0
-18 -23 0
-19 -24 0
-20 -25 0
-16 -31 0
-17 -32 0
-18 -33 0
-19 -34 0
-20 -35 0
-17 -56 0
-18 -57 0
-19 -58 0
-20 -59 0
-16 -70 0
-17 -71 0
-18 -72 0
-19 -73 0
-20 -74 0
-16 -80 0
-17 -81 0
-18 -82 0
-19 -83 0
-20 -84 0
-21 -26 0
-22 -27 0
-23 -28 0
-24 -29 0
-25 -30 0
-21 -36 0
-22 -37 0
-23 -38 0
-24 -39 0
-25 -40 0
-21 -60 0
-22 -61 0
-23 -62 0
-24 -63 0
-25 -64 0
-21 -65 0
-22 -66 0
-23 -67 0
-24 -68 0
-25 -69 0
-21 -75 0
-22 -76 0
-23 -77 0
-24 -78 0
-25 -79 0
-21 -85 0
-22 -86 0
-23 -87 0
-24 -88 0
-25 -89 0
-21 -90 0
-22 -91 0
-23 -92 0
-24 -93 0
-25 -94 0
-26 -41 0
-27 -42 0
-28 -43 0
-29 -44 0
-30 -45 0
-27 -56 0
-28 -57 0
-29 -58 0
-30 -59 0
-26 -65 0
-27 -66 0
-28 -67 0
-29 -68 0
-30 -69 0
-26 -75 0
-27 -76 0
-28 -77 0
-29 -78 0
-30 -79 0
-26 -80 0
-27 -81 0
-28 -82 0
-29 -83 0
-30 -84 0
-26 -90 0
-27 -91 0
-28 -92 0
-29 -93 0
-30 -94 0
-26 -95 0
-27 -96 0
-28 -97 0
-29 -98 0
-30 -99 0
-31 -41 0
-32 -42 0
-33 -43 0
-34 -44 0
-35 -45 0
-31 -46 0
-32 -47 0
-33 -48 0
-34 -49 0
-35 -50 0
-31 -51 0
-32 -52 0
-33 -53 0
-34 -54 0
-35 -55 0
-32 -56 0
-33 -57 0
-34 -58 0
-35 -59 0
-31 -75 0
-32 -76 0
-33 -77 0
-34 -78 0
-35 -79 0
-31 -85 0
-32 -86 0
-33 -87 0
-34 -88 0
-35 -89 0
-31 -90 0
-32 -91 0
-33 -92 0
-34 -93 0
-35 -94 0
-36 -46 0
-37 -47 0
-38 -48 0
-39 -49 0
-40 -50 0
-36 -51 0
-37 -52 0
-38 -53 0
-39 -54 0
-40 -55 0
-37 -56 0
-38 -57 0
-39 -58 0
-40 -59 0
-36 -70 0
-37 -71 0
-38 -72 0
-39 -73 0
-40 -74 0
-36 -75 0
-37 -76 0
-38 -77 0
-39 -78 0
-40 -79 0
-36 -80 0
-37 -81 0
-38 -82 0
-39 -83 0
-40 -84 0
-36 -95 0
-37 -96 0
-38 -97 0
-39 -98 0
-40 -99 0
-41 -46 0
-42 -47 0
-43 -48 0
-44 -49 0
-45 -50 0
-41 -70 0
-42 -71 0
-43 -72 0
-44 -73 0
-45 -74 0
-41 -75 0
-42 -76 0
-43 -77 0
-44 -78 0
-45 -79 0
-41 -90 0
-42 -91 0
-43 -92 0
-44 -93 0
-45 -94 0
-41 -95 0
-42 -96 0
-43 -97 0
-44 -98 0
-45 -99 0
-46 -60 0
-47 -61 0
-48 -62 0
-49 -63 0
-50 -64 0
-46 -80 0
-47 -81 0
-48 -82 0
-49 -83 0
-50 -84 0
-46 -85 0
-47 -86 0
-48 -87 0
-49 -88 0
-50 -89 0
-51 -60 0
-52 -61 0
-53 -62 0
-54 -63 0
-55 -64 0
-51 -65 0
-52 -66 0
-53 -67 0
-54 -68 0
-55 -69 0
-51 -70 0
-52 -71 0
-53 -72 0
-54 -73 0
-55 -74 0
-51 -80 0
-52 -81 0
-53 -82 0
-54 -83 0
-55 -84 0
-51 -85 0
-52 -86 0
-53 -87 0
-54 -88 0
-55 -89 0
-51 -90 0
-52 -91 0
-53 -92 0
-54 -93 0
-55 -94 0
-56 -86 0
-57 -87 0
-58 -88 0
-59 -89 0
-60 -65 0
-61 -66 0
-62 -67 0
-63 -68 0
-64 -69 0
-60 -70 0
-61 -71 0
-62 -72 0
-63 -73 0
-64 -74 0
-60 -75 0
-61 -76 0
-62 -77 0
-63 -78 0
-64 -79 0
-65 -80 0
-66 -81 0
-67 -82 0
-68 -83 0
-69 -84 0
-70 -80 0
-71 -81 0
-72 -82 0
-73 -83 0
-74 -84 0
-70 -85 0
-71 -86 0
-72 -87 0
-73 -88 0
-74 -89 0
-70 -90 0
-71 -91 0
-72 -92 0
-73 -93 0
-74 -94 0
-70 -95 0
-71 -96 0
-72 -97 0
-73 -98 0
-74 -99 0
-75 -85 0
-76 -86 0
-77 -87 0
-78 -88 0
-79 -89 0
-80 -85 0
-81 -86 0
-82 -87 0
-83 -88 0
-84 -89 0
-80 -95 0
-81 -96 0
-82 -97 0
-83 -98 0
-84 -99 0
