p cnf 184 694
1 2 3 4 5 6 7 8 9 10 11 12 13 14 15 16 17 18 19 0
20 21 22 23 24 25 26 27 28 29 30 31 32 33 34 35 0
55 56 57 58 59 60 61 62 63 64 65 66 67 68 69 70 71 72 73 0
74 75 76 77 78 79 80 81 82 83 84 85 86 87 88 89 90 91 92 93 94 0
95 96 97 98 99 100 101 102 103 104 105 106 107 108 109 110 111 112 113 114 0
115 116 117 118 119 120 121 122 123 124 125 126 127 128 129 130 131 132 133 0
134 135 136 137 138 139 140 141 142 143 144 145 146 147 148 149 150 151 0
167 168 169 170 171 172 173 174 175 176 177 178 179 180 181 182 183 184 0
-1 -20 0
-1 -36 0
-1 -55 0
-1 -74 0
-1 -95 0
-1 -134 0
-1 -167 0
-20 -36 0
-20 -55 0
-20 -74 0
-20 -95 0
-20 -134 0
-20 -167 0
-36 -55 0
-36 -74 0
-36 -95 0
-36 -134 0
-36 -167 0
-55 -74 0
-55 -95 0
-55 -134 0
-55 -167 0
-74 -95 0
-74 -134 0
-74 -167 0
-95 -134 0
-95 -167 0
-134 -167 0
-21 -37 0
-21 -56 0
-21 -75 0
-21 -96 0
-21 -115 0
-21 -135 0
-21 -152 0
-37 -56 0
-37 -75 0
-37 -96 0
-37 -115 0
-37 -135 0
-37 -152 0
-56 -75 0
-56 -96 0
-56 -115 0
-56 -135 0
-56 -152 0
-75 -96 0
-75 -115 0
-75 -135 0
-75 -152 0
-96 -115 0
-96 -135 0
-96 -152 0
-115 -135 0
-115 -152 0
-135 -152 0
-2 -22 0
-2 -38 0
-2 -57 0
-2 -76 0
-2 -97 0
-2 -116 0
-2 -153 0
-2 -168 0
-22 -38 0
-22 -57 0
-22 -76 0
-22 -97 0
-22 -116 0
-22 -153 0
-22 -168 0
-38 -57 0
-38 -76 0
-38 -97 0
-38 -116 0
-38 -153 0
-38 -168 0
-57 -76 0
-57 -97 0
-57 -116 0
-57 -153 0
-57 -168 0
-76 -97 0
-76 -116 0
-76 -153 0
-76 -168 0
-97 -116 0
-97 -153 0
-97 -168 0
-116 -153 0
-116 -168 0
-153 -168 0
-3 -23 0
-3 -39 0
-3 -58 0
-3 -77 0
-3 -117 0
-3 -136 0
-3 -154 0
-3 -169 0
-23 -39 0
-23 -58 0
-23 -77 0
-23 -117 0
-23 -136 0
-23 -154 0
-23 -169 0
-39 -58 0
-39 -77 0
-39 -117 0
-39 -136 0
-39 -154 0
-39 -169 0
-58 -77 0
-58 -117 0
-58 -136 0
-58 -154 0
-58 -169 0
-77 -117 0
-77 -136 0
-77 -154 0
-77 -169 0
-117 -136 0
-117 -154 0
-117 -169 0
-136 -154 0
-136 -169 0
-154 -169 0
-4 -24 0
-4 -40 0
-4 -59 0
-4 -78 0
-4 -98 0
-4 -118 0
-4 -137 0
-24 -40 0
-24 -59 0
-24 -78 0
-24 -98 0
-24 -118 0
-24 -137 0
-40 -59 0
-40 -78 0
-40 -98 0
-40 -118 0
-40 -137 0
-59 -78 0
-59 -98 0
-59 -118 0
-59 -137 0
-78 -98 0
-78 -118 0
-78 -137 0
-98 -118 0
-98 -137 0
-118 -137 0
-5 -41 0
-5 -60 0
-5 -79 0
-5 -99 0
-5 -119 0
-5 -138 0
-5 -155 0
-5 -170 0
-41 -60 0
-41 -79 0
-41 -99 0
-41 -119 0
-41 -138 0
-41 -155 0
-41 -170 0
-60 -79 0
-60 -99 0
-60 -119 0
-60 -138 0
-60 -155 0
-60 -170 0
-79 -99 0
-79 -119 0
-79 -138 0
-79 -155 0
-79 -170 0
-99 -119 0
-99 -138 0
-99 -155 0
-99 -170 0
-119 -138 0
-119 -155 0
-119 -170 0
-138 -155 0
-138 -170 0
-155 -170 0
-6 -61 0
-6 -80 0
-6 -100 0
-6 -120 0
-6 -139 0
-6 -171 0
-61 -80 0
-61 -100 0
-61 -120 0
-61 -139 0
-61 -171 0
-80 -100 0
-80 -120 0
-80 -139 0
-80 -171 0
-100 -120 0
-100 -139 0
-100 -171 0
-120 -139 0
-120 -171 0
-139 -171 0
-7 -25 0
-7 -81 0
-7 -121 0
-7 -140 0
-7 -156 0
-7 -172 0
-25 -81 0
-25 -121 0
-25 -140 0
-25 -156 0
-25 -172 0
-81 -121 0
-81 -140 0
-81 -156 0
-81 -172 0
-121 -140 0
-121 -156 0
-121 -172 0
-140 -156 0
-140 -172 0
-156 -172 0
-8 -42 0
-8 -62 0
-8 -82 0
-8 -101 0
-8 -122 0
-8 -141 0
-8 -157 0
-42 -62 0
-42 -82 0
-42 -101 0
-42 -122 0
-42 -141 0
-42 -157 0
-62 -82 0
-62 -101 0
-62 -122 0
-62 -141 0
-62 -157 0
-82 -101 0
-82 -122 0
-82 -141 0
-82 -157 0
-101 -122 0
-101 -141 0
-101 -157 0
-122 -141 0
-122 -157 0
-141 -157 0
-9 -26 0
-9 -63 0
-9 -83 0
-9 -102 0
-9 -123 0
-9 -158 0
-9 -173 0
-26 -63 0
-26 -83 0
-26 -102 0
-26 -123 0
-26 -158 0
-26 -173 0
-63 -83 0
-63 -102 0
-63 -123 0
-63 -158 0
-63 -173 0
-83 -102 0
-83 -123 0
-83 -158 0
-83 -173 0
-102 -123 0
-102 -158 0
-102 -173 0
-123 -158 0
-123 -173 0
-158 -173 0
-10 -27 0
-10 -43 0
-10 -64 0
-10 -84 0
-10 -103 0
-10 -124 0
-10 -142 0
-10 -174 0
-27 -43 0
-27 -64 0
-27 -84 0
-27 -103 0
-27 -124 0
-27 -142 0
-27 -174 0
-43 -64 0
-43 -84 0
-43 -103 0
-43 -124 0
-43 -142 0
-43 -174 0
-64 -84 0
-64 -103 0
-64 -124 0
-64 -142 0
-64 -174 0
-84 -103 0
-84 -124 0
-84 -142 0
-84 -174 0
-103 -124 0
-103 -142 0
-103 -174 0
-124 -142 0
-124 -174 0
-142 -174 0
-11 -28 0
-11 -44 0
-11 -65 0
-11 -85 0
-11 -104 0
-11 -125 0
-11 -159 0
-11 -175 0
-28 -44 0
-28 -65 0
-28 -85 0
-28 -104 0
-28 -125 0
-28 -159 0
-28 -175 0
-44 -65 0
-44 -85 0
-44 -104 0
-44 -125 0
-44 -159 0
-44 -175 0
-65 -85 0
-65 -104 0
-65 -125 0
-65 -159 0
-65 -175 0
-85 -104 0
-85 -125 0
-85 -159 0
-85 -175 0
-104 -125 0
-104 -159 0
-104 -175 0
-125 -159 0
-125 -175 0
-159 -175 0
-12 -29 0
-12 -45 0
-12 -66 0
-12 -86 0
-12 -105 0
-12 -126 0
-12 -143 0
-12 -176 0
-29 -45 0
-29 -66 0
-29 -86 0
-29 -105 0
-29 -126 0
-29 -143 0
-29 -176 0
-45 -66 0
-45 -86 0
-45 -105 0
-45 -126 0
-45 -143 0
-45 -176 0
-66 -86 0
-66 -105 0
-66 -126 0
-66 -143 0
-66 -176 0
-86 -105 0
-86 -126 0
-86 -143 0
-86 -176 0
-105 -126 0
-105 -143 0
-105 -176 0
-126 -143 0
-126 -176 0
-143 -176 0
-30 -46 0
-30 -87 0
-30 -106 0
-30 -127 0
-30 -144 0
-30 -160 0
-30 -177 0
-46 -87 0
-46 -106 0
-46 -127 0
-46 -144 0
-46 -160 0
-46 -177 0
-87 -106 0
-87 -127 0
-87 -144 0
-87 -160 0
-87 -177 0
-106 -127 0
-106 -144 0
-106 -160 0
-106 -177 0
-127 -144 0
-127 -160 0
-127 -177 0
-144 -160 0
-144 -177 0
-160 -177 0
-13 -31 0
-13 -47 0
-13 -67 0
-13 -88 0
-13 -107 0
-13 -128 0
-13 -145 0
-13 -161 0
-13 -178 0
-31 -47 0
-31 -67 0
-31 -88 0
-31 -107 0
-31 -128 0
-31 -145 0
-31 -161 0
-31 -178 0
-47 -67 0
-47 -88 0
-47 -107 0
-47 -128 0
-47 -145 0
-47 -161 0
-47 -178 0
-67 -88 0
-67 -107 0
-67 -128 0
-67 -145 0
-67 -161 0
-67 -178 0
-88 -107 0
-88 -128 0
-88 -145 0
-88 -161 0
-88 -178 0
-107 -128 0
-107 -145 0
-107 -161 0
-107 -178 0
-128 -145 0
-128 -161 0
-128 -178 0
-145 -161 0
-145 -178 0
-161 -178 0
-14 -48 0
-14 -68 0
-14 -89 0
-14 -108 0
-14 -129 0
-14 -146 0
-14 -162 0
-14 -179 0
-48 -68 0
-48 -89 0
-48 -108 0
-48 -129 0
-48 -146 0
-48 -162 0
-48 -179 0
-68 -89 0
-68 -108 0
-68 -129 0
-68 -146 0
-68 -162 0
-68 -179 0
-89 -108 0
-89 -129 0
-89 -146 0
-89 -162 0
-89 -179 0
-108 -129 0
-108 -146 0
-108 -162 0
-108 -179 0
-129 -146 0
-129 -162 0
-129 -179 0
-146 -162 0
-146 -179 0
-162 -179 0
-15 -49 0
-15 -69 0
-15 -90 0
-15 -109 0
-15 -130 0
-15 -147 0
-15 -163 0
-15 -180 0
-49 -69 0
-49 -90 0
-49 -109 0
-49 -130 0
-49 -147 0
-49 -163 0
-49 -180 0
-69 -90 0
-69 -109 0
-69 -130 0
-69 -147 0
-69 -163 0
-69 -180 0
-90 -109 0
-90 -130 0
-90 -147 0
-90 -163 0
-90 -180 0
-109 -130 0
-109 -147 0
-109 -163 0
-109 -180 0
-130 -147 0
-130 -163 0
-130 -180 0
-147 -163 0
-147 -180 0
-163 -180 0
-16 -32 0
-16 -50 0
-16 -70 0
-16 -110 0
-16 -148 0
-16 -164 0
-16 -181 0
-32 -50 0
-32 -70 0
-32 -110 0
-32 -148 0
-32 -164 0
-32 -181 0
-50 -70 0
-50 -110 0
-50 -148 0
-50 -164 0
-50 -181 0
-70 -110 0
-70 -148 0
-70 -164 0
-70 -181 0
-110 -148 0
-110 -164 0
-110 -181 0
-148 -164 0
-148 -181 0
-164 -181 0
-33 -51 0
-33 -71 0
-33 -91 0
-33 -111 0
-33 -149 0
-33 -182 0
-51 -71 0
-51 -91 0
-51 -111 0
-51 -149 0
-51 -182 0
-71 -91 0
-71 -111 0
-71 -149 0
-71 -182 0
-91 -111 0
-91 -149 0
-91 -182 0
-111 -149 0
-111 -182 0
-149 -182 0
-17 -52 0
-17 -72 0
-17 -92 0
-17 -112 0
-17 -131 0
-17 -150 0
-17 -183 0
-52 -72 0
-52 -92 0
-52 -112 0
-52 -131 0
-52 -150 0
-52 -183 0
-72 -92 0
-72 -112 0
-72 -131 0
-72 -150 0
-72 -183 0
-92 -112 0
-92 -131 0
-92 -150 0
-92 -183 0
-112 -131 0
-112 -150 0
-112 -183 0
-131 -150 0
-131 -183 0
-150 -183 0
-18 -34 0
-18 -53 0
-18 -93 0
-18 -113 0
-18 -132 0
-18 -165 0
-34 -53 0
-34 -93 0
-34 -113 0
-34 -132 0
-34 -165 0
-53 -93 0
-53 -113 0
-53 -132 0
-53 -165 0
-93 -113 0
-93 -132 0
-93 -165 0
-113 -132 0
-113 -165 0
-132 -165 0
-19 -35 0
-19 -54 0
-19 -73 0
-19 -94 0
-19 -114 0
-19 -133 0
-19 -151 0
-19 -166 0
-19 -184 0
-35 -54 0
-35 -73 0
-35 -94 0
-35 -114 0
-35 -133 0
-35 -151 0
-35 -166 0
-35 -184 0
-54 -73 0
-54 -94 0
-54 -114 0
-54 -133 0
-54 -151 0
-54 -166 0
-54 -184 0
-73 -94 0
-73 -114 0
-73 -133 0
-73 -151 0
-73 -166 0
-73 -184 0
-94 -114 0
-94 -133 0
-94 -151 0
-94 -166 0
-94 -184 0
-114 -133 0
-114 -151 0
-114 -166 0
-114 -184 0
-133 -151 0
-133 -166 0
-133 -184 0
-151 -166 0
-151 -184 0
-166 -184 0
