p cnf 159 603
16 17 18 19 20 21 22 23 24 25 26 27 28 29 30 31 0
50 51 52 53 54 55 56 57 58 59 60 61 62 63 64 65 0
81 82 83 84 85 86 87 88 89 90 91 92 93 94 95 96 0
114 115 116 117 118 119 120 121 122 123 124 125 126 127 128 0
-1 -16 0
-1 -32 0
-1 -50 0
-1 -66 0
-1 -81 0
-1 -97 0
-1 -114 0
-1 -129 0
-1 -144 0
-16 -32 0
-16 -50 0
-16 -66 0
-16 -81 0
-16 -97 0
-16 -114 0
-16 -129 0
-16 -144 0
-32 -50 0
-32 -66 0
-32 -81 0
-32 -97 0
-32 -114 0
-32 -129 0
-32 -144 0
-50 -66 0
-50 -81 0
-50 -97 0
-50 -114 0
-50 -129 0
-50 -144 0
-66 -81 0
-66 -97 0
-66 -114 0
-66 -129 0
-66 -144 0
-81 -97 0
-81 -114 0
-81 -129 0
-81 -144 0
-97 -114 0
-97 -129 0
-97 -144 0
-114 -129 0
-114 -144 0
-129 -144 0
-2 -17 0
-2 -33 0
-2 -51 0
-2 -82 0
-2 -98 0
-2 -115 0
-2 -145 0
-17 -33 0
-17 -51 0
-17 -82 0
-17 -98 0
-17 -115 0
-17 -145 0
-33 -51 0
-33 -82 0
-33 -98 0
-33 -115 0
-33 -145 0
-51 -82 0
-51 -98 0
-51 -115 0
-51 -145 0
-82 -98 0
-82 -115 0
-82 -145 0
-98 -115 0
-98 -145 0
-115 -145 0
-18 -34 0
-18 -52 0
-18 -67 0
-18 -83 0
-18 -99 0
-18 -116 0
-18 -130 0
-18 -146 0
-34 -52 0
-34 -67 0
-34 -83 0
-34 -99 0
-34 -116 0
-34 -130 0
-34 -146 0
-52 -67 0
-52 -83 0
-52 -99 0
-52 -116 0
-52 -130 0
-52 -146 0
-67 -83 0
-67 -99 0
-67 -116 0
-67 -130 0
-67 -146 0
-83 -99 0
-83 -116 0
-83 -130 0
-83 -146 0
-99 -116 0
-99 -130 0
-99 -146 0
-116 -130 0
-116 -146 0
-130 -146 0
-3 -19 0
-3 -35 0
-3 -53 0
-3 -68 0
-3 -84 0
-3 -117 0
-3 -131 0
-3 -147 0
-19 -35 0
-19 -53 0
-19 -68 0
-19 -84 0
-19 -117 0
-19 -131 0
-19 -147 0
-35 -53 0
-35 -68 0
-35 -84 0
-35 -117 0
-35 -131 0
-35 -147 0
-53 -68 0
-53 -84 0
-53 -117 0
-53 -131 0
-53 -147 0
-68 -84 0
-68 -117 0
-68 -131 0
-68 -147 0
-84 -117 0
-84 -131 0
-84 -147 0
-117 -131 0
-117 -147 0
-131 -147 0
-20 -36 0
-20 -54 0
-20 -85 0
-20 -100 0
-20 -118 0
-20 -132 0
-20 -148 0
-36 -54 0
-36 -85 0
-36 -100 0
-36 -118 0
-36 -132 0
-36 -148 0
-54 -85 0
-54 -100 0
-54 -118 0
-54 -132 0
-54 -148 0
-85 -100 0
-85 -118 0
-85 -132 0
-85 -148 0
-100 -118 0
-100 -132 0
-100 -148 0
-118 -132 0
-118 -148 0
-132 -148 0
-4 -21 0
-4 -37 0
-4 -69 0
-4 -101 0
-4 -119 0
-4 -133 0
-4 -149 0
-21 -37 0
-21 -69 0
-21 -101 0
-21 -119 0
-21 -133 0
-21 -149 0
-37 -69 0
-37 -101 0
-37 -119 0
-37 -133 0
-37 -149 0
-69 -101 0
-69 -119 0
-69 -133 0
-69 -149 0
-101 -119 0
-101 -133 0
-101 -149 0
-119 -133 0
-119 -149 0
-133 -149 0
-5 -22 0
-5 -38 0
-5 -55 0
-5 -70 0
-5 -86 0
-5 -102 0
-22 -38 0
-22 -55 0
-22 -70 0
-22 -86 0
-22 -102 0
-38 -55 0
-38 -70 0
-38 -86 0
-38 -102 0
-55 -70 0
-55 -86 0
-55 -102 0
-70 -86 0
-70 -102 0
-86 -102 0
-6 -23 0
-6 -39 0
-6 -56 0
-6 -71 0
-6 -87 0
-6 -103 0
-6 -120 0
-6 -134 0
-23 -39 0
-23 -56 0
-23 -71 0
-23 -87 0
-23 -103 0
-23 -120 0
-23 -134 0
-39 -56 0
-39 -71 0
-39 -87 0
-39 -103 0
-39 -120 0
-39 -134 0
-56 -71 0
-56 -87 0
-56 -103 0
-56 -120 0
-56 -134 0
-71 -87 0
-71 -103 0
-71 -120 0
-71 -134 0
-87 -103 0
-87 -120 0
-87 -134 0
-103 -120 0
-103 -134 0
-120 -134 0
-7 -40 0
-7 -72 0
-7 -88 0
-7 -104 0
-7 -121 0
-7 -150 0
-40 -72 0
-40 -88 0
-40 -104 0
-40 -121 0
-40 -150 0
-72 -88 0
-72 -104 0
-72 -121 0
-72 -150 0
-88 -104 0
-88 -121 0
-88 -150 0
-104 -121 0
-104 -150 0
-121 -150 0
-8 -41 0
-8 -57 0
-8 -73 0
-8 -89 0
-8 -105 0
-8 -122 0
-8 -135 0
-8 -151 0
-41 -57 0
-41 -73 0
-41 -89 0
-41 -105 0
-41 -122 0
-41 -135 0
-41 -151 0
-57 -73 0
-57 -89 0
-57 -105 0
-57 -122 0
-57 -135 0
-57 -151 0
-73 -89 0
-73 -105 0
-73 -122 0
-73 -135 0
-73 -151 0
-89 -105 0
-89 -122 0
-89 -135 0
-89 -151 0
-105 -122 0
-105 -135 0
-105 -151 0
-122 -135 0
-122 -151 0
-135 -151 0
-24 -42 0
-24 -58 0
-24 -74 0
-24 -90 0
-24 -106 0
-24 -123 0
-24 -136 0
-24 -152 0
-42 -58 0
-42 -74 0
-42 -90 0
-42 -106 0
-42 -123 0
-42 -136 0
-42 -152 0
-58 -74 0
-58 -90 0
-58 -106 0
-58 -123 0
-58 -136 0
-58 -152 0
-74 -90 0
-74 -106 0
-74 -123 0
-74 -136 0
-74 -152 0
-90 -106 0
-90 -123 0
-90 -136 0
-90 -152 0
-106 -123 0
-106 -136 0
-106 -152 0
-123 -136 0
-123 -152 0
-136 -152 0
-9 -25 0
-9 -107 0
-9 -124 0
-9 -153 0
-25 -107 0
-25 -124 0
-25 -153 0
-107 -124 0
-107 -153 0
-124 -153 0
-10 -26 0
-10 -43 0
-10 -59 0
-10 -75 0
-10 -91 0
-10 -108 0
-10 -137 0
-10 -154 0
-26 -43 0
-26 -59 0
-26 -75 0
-26 -91 0
-26 -108 0
-26 -137 0
-26 -154 0
-43 -59 0
-43 -75 0
-43 -91 0
-43 -108 0
-43 -137 0
-43 -154 0
-59 -75 0
-59 -91 0
-59 -108 0
-59 -137 0
-59 -154 0
-75 -91 0
-75 -108 0
-75 -137 0
-75 -154 0
-91 -108 0
-91 -137 0
-91 -154 0
-108 -137 0
-108 -154 0
-137 -154 0
-11 -27 0
-11 -44 0
-11 -60 0
-11 -92 0
-11 -109 0
-11 -125 0
-11 -138 0
-11 -155 0
-27 -44 0
-27 -60 0
-27 -92 0
-27 -109 0
-27 -125 0
-27 -138 0
-27 -155 0
-44 -60 0
-44 -92 0
-44 -109 0
-44 -125 0
-44 -138 0
-44 -155 0
-60 -92 0
-60 -109 0
-60 -125 0
-60 -138 0
-60 -155 0
-92 -109 0
-92 -125 0
-92 -138 0
-92 -155 0
-109 -125 0
-109 -138 0
-109 -155 0
-125 -138 0
-125 -155 0
-138 -155 0
-12 -28 0
-12 -45 0
-12 -61 0
-12 -76 0
-12 -93 0
-12 -110 0
-12 -126 0
-12 -139 0
-12 -156 0
-28 -45 0
-28 -61 0
-28 -76 0
-28 -93 0
-28 -110 0
-28 -126 0
-28 -139 0
-28 -156 0
-45 -61 0
-45 -76 0
-45 -93 0
-45 -110 0
-45 -126 0
-45 -139 0
-45 -156 0
-61 -76 0
-61 -93 0
-61 -110 0
-61 -126 0
-61 -139 0
-61 -156 0
-76 -93 0
-76 -110 0
-76 -126 0
-76 -139 0
-76 -156 0
-93 -110 0
-93 -126 0
-93 -139 0
-93 -156 0
-110 -126 0
-110 -139 0
-110 -156 0
-126 -139 0
-126 -156 0
-139 -156 0
-13 -29 0
-13 -46 0
-13 -62 0
-13 -77 0
-13 -94 0
-13 -111 0
-13 -127 0
-13 -140 0
-29 -46 0
-29 -62 0
-29 -77 0
-29 -94 0
-29 -111 0
-29 -127 0
-29 -140 0
-46 -62 0
-46 -77 0
-46 -94 0
-46 -111 0
-46 -127 0
-46 -140 0
-62 -77 0
-62 -94 0
-62 -111 0
-62 -127 0
-62 -140 0
-77 -94 0
-77 -111 0
-77 -127 0
-77 -140 0
-94 -111 0
-94 -127 0
-94 -140 0
-111 -127 0
-111 -140 0
-127 -140 0
-14 -30 0
-14 -47 0
-14 -63 0
-14 -78 0
-14 -112 0
-14 -141 0
-14 -157 0
-30 -47 0
-30 -63 0
-30 -78 0
-30 -112 0
-30 -141 0
-30 -157 0
-47 -63 0
-47 -78 0
-47 -112 0
-47 -141 0
-47 -157 0
-63 -78 0
-63 -112 0
-63 -141 0
-63 -157 0
-78 -112 0
-78 -141 0
-78 -157 0
-112 -141 0
-112 -157 0
-141 -157 0
-15 -31 0
-15 -48 0
-15 -64 0
-15 -79 0
-15 -95 0
-15 -128 0
-15 -142 0
-15 -158 0
-31 -48 0
-31 -64 0
-31 -79 0
-31 -95 0
-31 -128 0
-31 -142 0
-31 -158 0
-48 -64 0
-48 -79 0
-48 -95 0
-48 -128 0
-48 -142 0
-48 -158 0
-64 -79 0
-64 -95 0
-64 -128 0
-64 -142 0
-64 -158 0
-79 -95 0
-79 -128 0
-79 -142 0
-79 -158 0
-95 -128 0
-95 -142 0
-95 -158 0
-128 -142 0
-128 -158 0
-142 -158 0
-49 -65 0
-49 -80 0
-49 -96 0
-49 -113 0
-49 -143 0
-49 -159 0
-65 -80 0
-65 -96 0
-65 -113 0
-65 -143 0
-65 -159 0
-80 -96 0
-80 -113 0
-80 -143 0
-80 -159 0
-96 -113 0
-96 -143 0
-96 -159 0
-113 -143 0
-113 -159 0
-143 -159 0
