p cnf 194 738
1 2 3 4 5 6 7 8 9 10 11 12 13 14 15 16 17 18 19 20 0
21 22 23 24 25 26 27 28 29 30 31 32 33 34 35 36 37 0
59 60 61 62 63 64 65 66 67 68 69 70 71 72 73 74 75 76 77 78 0
79 80 81 82 83 84 85 86 87 88 89 90 91 92 93 94 95 96 97 98 99 100 0
101 102 103 104 105 106 107 108 109 110 111 112 113 114 115 116 117 118 119 120 121 0
122 123 124 125 126 127 128 129 130 131 132 133 134 135 136 137 138 139 140 141 0
142 143 144 145 146 147 148 149 150 151 152 153 154 155 156 157 158 159 160 0
176 177 178 179 180 181 182 183 184 185 186 187 188 189 190 191 192 193 194 0
-1 -21 0
-1 -38 0
-1 -59 0
-1 -79 0
-1 -101 0
-1 -142 0
-1 -176 0
-21 -38 0
-21 -59 0
-21 -79 0
-21 -101 0
-21 -142 0
-21 -176 0
-38 -59 0
-38 -79 0
-38 -101 0
-38 -142 0
-38 -176 0
-59 -79 0
-59 -101 0
-59 -142 0
-59 -176 0
-79 -101 0
-79 -142 0
-79 -176 0
-101 -142 0
-101 -176 0
-142 -176 0
-22 -39 0
-22 -60 0
-22 -80 0
-22 -102 0
-22 -122 0
-22 -143 0
-22 -161 0
-39 -60 0
-39 -80 0
-39 -102 0
-39 -122 0
-39 -143 0
-39 -161 0
-60 -80 0
-60 -102 0
-60 -122 0
-60 -143 0
-60 -161 0
-80 -102 0
-80 -122 0
-80 -143 0
-80 -161 0
-102 -122 0
-102 -143 0
-102 -161 0
-122 -143 0
-122 -161 0
-143 -161 0
-2 -23 0
-2 -40 0
-2 -61 0
-2 -81 0
-2 -103 0
-2 -123 0
-2 -162 0
-2 -177 0
-23 -40 0
-23 -61 0
-23 -81 0
-23 -103 0
-23 -123 0
-23 -162 0
-23 -177 0
-40 -61 0
-40 -81 0
-40 -103 0
-40 -123 0
-40 -162 0
-40 -177 0
-61 -81 0
-61 -103 0
-61 -123 0
-61 -162 0
-61 -177 0
-81 -103 0
-81 -123 0
-81 -162 0
-81 -177 0
-103 -123 0
-103 -162 0
-103 -177 0
-123 -162 0
-123 -177 0
-162 -177 0
-3 -24 0
-3 -41 0
-3 -62 0
-3 -82 0
-3 -124 0
-3 -144 0
-3 -163 0
-3 -178 0
-24 -41 0
-24 -62 0
-24 -82 0
-24 -124 0
-24 -144 0
-24 -163 0
-24 -178 0
-41 -62 0
-41 -82 0
-41 -124 0
-41 -144 0
-41 -163 0
-41 -178 0
-62 -82 0
-62 -124 0
-62 -144 0
-62 -163 0
-62 -178 0
-82 -124 0
-82 -144 0
-82 -163 0
-82 -178 0
-124 -144 0
-124 -163 0
-124 -178 0
-144 -163 0
-144 -178 0
-163 -178 0
-4 -25 0
-4 -42 0
-4 -63 0
-4 -83 0
-4 -104 0
-4 -125 0
-4 -145 0
-4 -179 0
-25 -42 0
-25 -63 0
-25 -83 0
-25 -104 0
-25 -125 0
-25 -145 0
-25 -179 0
-42 -63 0
-42 -83 0
-42 -104 0
-42 -125 0
-42 -145 0
-42 -179 0
-63 -83 0
-63 -104 0
-63 -125 0
-63 -145 0
-63 -179 0
-83 -104 0
-83 -125 0
-83 -145 0
-83 -179 0
-104 -125 0
-104 -145 0
-104 -179 0
-125 -145 0
-125 -179 0
-145 -179 0
-5 -26 0
-5 -43 0
-5 -64 0
-5 -84 0
-5 -105 0
-5 -126 0
-5 -146 0
-26 -43 0
-26 -64 0
-26 -84 0
-26 -105 0
-26 -126 0
-26 -146 0
-43 -64 0
-43 -84 0
-43 -105 0
-43 -126 0
-43 -146 0
-64 -84 0
-64 -105 0
-64 -126 0
-64 -146 0
-84 -105 0
-84 -126 0
-84 -146 0
-105 -126 0
-105 -146 0
-126 -146 0
-6 -44 0
-6 -65 0
-6 -85 0
-6 -106 0
-6 -127 0
-6 -147 0
-6 -164 0
-6 -180 0
-44 -65 0
-44 -85 0
-44 -106 0
-44 -127 0
-44 -147 0
-44 -164 0
-44 -180 0
-65 -85 0
-65 -106 0
-65 -127 0
-65 -147 0
-65 -164 0
-65 -180 0
-85 -106 0
-85 -127 0
-85 -147 0
-85 -164 0
-85 -180 0
-106 -127 0
-106 -147 0
-106 -164 0
-106 -180 0
-127 -147 0
-127 -164 0
-127 -180 0
-147 -164 0
-147 -180 0
-164 -180 0
-7 -66 0
-7 -86 0
-7 -107 0
-7 -128 0
-7 -148 0
-7 -181 0
-66 -86 0
-66 -107 0
-66 -128 0
-66 -148 0
-66 -181 0
-86 -107 0
-86 -128 0
-86 -148 0
-86 -181 0
-107 -128 0
-107 -148 0
-107 -181 0
-128 -148 0
-128 -181 0
-148 -181 0
-8 -27 0
-8 -87 0
-8 -129 0
-8 -149 0
-8 -165 0
-8 -182 0
-27 -87 0
-27 -129 0
-27 -149 0
-27 -165 0
-27 -182 0
-87 -129 0
-87 -149 0
-87 -165 0
-87 -182 0
-129 -149 0
-129 -165 0
-129 -182 0
-149 -165 0
-149 -182 0
-165 -182 0
-9 -45 0
-9 -67 0
-9 -88 0
-9 -108 0
-9 -130 0
-9 -150 0
-9 -166 0
-45 -67 0
-45 -88 0
-45 -108 0
-45 -130 0
-45 -150 0
-45 -166 0
-67 -88 0
-67 -108 0
-67 -130 0
-67 -150 0
-67 -166 0
-88 -108 0
-88 -130 0
-88 -150 0
-88 -166 0
-108 -130 0
-108 -150 0
-108 -166 0
-130 -150 0
-130 -166 0
-150 -166 0
-10 -28 0
-10 -46 0
-10 -68 0
-10 -89 0
-10 -109 0
-10 -131 0
-10 -167 0
-10 -183 0
-28 -46 0
-28 -68 0
-28 -89 0
-28 -109 0
-28 -131 0
-28 -167 0
-28 -183 0
-46 -68 0
-46 -89 0
-46 -109 0
-46 -131 0
-46 -167 0
-46 -183 0
-68 -89 0
-68 -109 0
-68 -131 0
-68 -167 0
-68 -183 0
-89 -109 0
-89 -131 0
-89 -167 0
-89 -183 0
-109 -131 0
-109 -167 0
-109 -183 0
-131 -167 0
-131 -183 0
-167 -183 0
-11 -29 0
-11 -47 0
-11 -69 0
-11 -90 0
-11 -110 0
-11 -132 0
-11 -151 0
-11 -184 0
-29 -47 0
-29 -69 0
-29 -90 0
-29 -110 0
-29 -132 0
-29 -151 0
-29 -184 0
-47 -69 0
-47 -90 0
-47 -110 0
-47 -132 0
-47 -151 0
-47 -184 0
-69 -90 0
-69 -110 0
-69 -132 0
-69 -151 0
-69 -184 0
-90 -110 0
-90 -132 0
-90 -151 0
-90 -184 0
-110 -132 0
-110 -151 0
-110 -184 0
-132 -151 0
-132 -184 0
-151 -184 0
-12 -30 0
-12 -48 0
-12 -70 0
-12 -91 0
-12 -111 0
-12 -133 0
-12 -168 0
-12 -185 0
-30 -48 0
-30 -70 0
-30 -91 0
-30 -111 0
-30 -133 0
-30 -168 0
-30 -185 0
-48 -70 0
-48 -91 0
-48 -111 0
-48 -133 0
-48 -168 0
-48 -185 0
-70 -91 0
-70 -111 0
-70 -133 0
-70 -168 0
-70 -185 0
-91 -111 0
-91 -133 0
-91 -168 0
-91 -185 0
-111 -133 0
-111 -168 0
-111 -185 0
-133 -168 0
-133 -185 0
-168 -185 0
-13 -31 0
-13 -49 0
-13 -71 0
-13 -92 0
-13 -112 0
-13 -134 0
-13 -152 0
-13 -186 0
-31 -49 0
-31 -71 0
-31 -92 0
-31 -112 0
-31 -134 0
-31 -152 0
-31 -186 0
-49 -71 0
-49 -92 0
-49 -112 0
-49 -134 0
-49 -152 0
-49 -186 0
-71 -92 0
-71 -112 0
-71 -134 0
-71 -152 0
-71 -186 0
-92 -112 0
-92 -134 0
-92 -152 0
-92 -186 0
-112 -134 0
-112 -152 0
-112 -186 0
-134 -152 0
-134 -186 0
-152 -186 0
-32 -50 0
-32 -93 0
-32 -113 0
-32 -135 0
-32 -153 0
-32 -169 0
-32 -187 0
-50 -93 0
-50 -113 0
-50 -135 0
-50 -153 0
-50 -169 0
-50 -187 0
-93 -113 0
-93 -135 0
-93 -153 0
-93 -169 0
-93 -187 0
-113 -135 0
-113 -153 0
-113 -169 0
-113 -187 0
-135 -153 0
-135 -169 0
-135 -187 0
-153 -169 0
-153 -187 0
-169 -187 0
-14 -33 0
-14 -51 0
-14 -72 0
-14 -94 0
-14 -114 0
-14 -136 0
-14 -154 0
-14 -170 0
-14 -188 0
-33 -51 0
-33 -72 0
-33 -94 0
-33 -114 0
-33 -136 0
-33 -154 0
-33 -170 0
-33 -188 0
-51 -72 0
-51 -94 0
-51 -114 0
-51 -136 0
-51 -154 0
-51 -170 0
-51 -188 0
-72 -94 0
-72 -114 0
-72 -136 0
-72 -154 0
-72 -170 0
-72 -188 0
-94 -114 0
-94 -136 0
-94 -154 0
-94 -170 0
-94 -188 0
-114 -136 0
-114 -154 0
-114 -170 0
-114 -188 0
-136 -154 0
-136 -170 0
-136 -188 0
-154 -170 0
-154 -188 0
-170 -188 0
-15 -52 0
-15 -73 0
-15 -95 0
-15 -115 0
-15 -137 0
-15 -155 0
-15 -171 0
-15 -189 0
-52 -73 0
-52 -95 0
-52 -115 0
-52 -137 0
-52 -155 0
-52 -171 0
-52 -189 0
-73 -95 0
-73 -115 0
-73 -137 0
-73 -155 0
-73 -171 0
-73 -189 0
-95 -115 0
-95 -137 0
-95 -155 0
-95 -171 0
-95 -189 0
-115 -137 0
-115 -155 0
-115 -171 0
-115 -189 0
-137 -155 0
-137 -171 0
-137 -189 0
-155 -171 0
-155 -189 0
-171 -189 0
-16 -53 0
-16 -74 0
-16 -96 0
-16 -116 0
-16 -138 0
-16 -156 0
-16 -172 0
-16 -190 0
-53 -74 0
-53 -96 0
-53 -116 0
-53 -138 0
-53 -156 0
-53 -172 0
-53 -190 0
-74 -96 0
-74 -116 0
-74 -138 0
-74 -156 0
-74 -172 0
-74 -190 0
-96 -116 0
-96 -138 0
-96 -156 0
-96 -172 0
-96 -190 0
-116 -138 0
-116 -156 0
-116 -172 0
-116 -190 0
-138 -156 0
-138 -172 0
-138 -190 0
-156 -172 0
-156 -190 0
-172 -190 0
-17 -34 0
-17 -54 0
-17 -75 0
-17 -117 0
-17 -157 0
-17 -173 0
-17 -191 0
-34 -54 0
-34 -75 0
-34 -117 0
-34 -157 0
-34 -173 0
-34 -191 0
-54 -75 0
-54 -117 0
-54 -157 0
-54 -173 0
-54 -191 0
-75 -117 0
-75 -157 0
-75 -173 0
-75 -191 0
-117 -157 0
-117 -173 0
-117 -191 0
-157 -173 0
-157 -191 0
-173 -191 0
-35 -55 0
-35 -76 0
-35 -97 0
-35 -118 0
-35 -158 0
-35 -192 0
-55 -76 0
-55 -97 0
-55 -118 0
-55 -158 0
-55 -192 0
-76 -97 0
-76 -118 0
-76 -158 0
-76 -192 0
-97 -118 0
-97 -158 0
-97 -192 0
-118 -158 0
-118 -192 0
-158 -192 0
-18 -56 0
-18 -77 0
-18 -98 0
-18 -119 0
-18 -139 0
-18 -159 0
-18 -193 0
-56 -77 0
-56 -98 0
-56 -119 0
-56 -139 0
-56 -159 0
-56 -193 0
-77 -98 0
-77 -119 0
-77 -139 0
-77 -159 0
-77 -193 0
-98 -119 0
-98 -139 0
-98 -159 0
-98 -193 0
-119 -139 0
-119 -159 0
-119 -193 0
-139 -159 0
-139 -193 0
-159 -193 0
-19 -36 0
-19 -57 0
-19 -99 0
-19 -120 0
-19 -140 0
-19 -174 0
-36 -57 0
-36 -99 0
-36 -120 0
-36 -140 0
-36 -174 0
-57 -99 0
-57 -120 0
-57 -140 0
-57 -174 0
-99 -120 0
-99 -140 0
-99 -174 0
-120 -140 0
-120 -174 0
-140 -174 0
-20 -37 0
-20 -58 0
-20 -78 0
-20 -100 0
-20 -121 0
-20 -141 0
-20 -160 0
-20 -175 0
-20 -194 0
-37 -58 0
-37 -78 0
-37 -100 0
-37 -121 0
-37 -141 0
-37 -160 0
-37 -175 0
-37 -194 0
-58 -78 0
-58 -100 0
-58 -121 0
-58 -141 0
-58 -160 0
-58 -175 0
-58 -194 0
-78 -100 0
-78 -121 0
-78 -141 0
-78 -160 0
-78 -175 0
-78 -194 0
-100 -121 0
-100 -141 0
-100 -160 0
-100 -175 0
-100 -194 0
-121 -141 0
-121 -160 0
-121 -175 0
-121 -194 0
-141 -160 0
-141 -175 0
-141 -194 0
-160 -175 0
-160 -194 0
-175 -194 0
