p cnf 77 264
32 33 34 35 36 37 0
38 39 40 41 42 43 44 45 46 0
56 57 58 59 60 61 0
62 63 64 65 66 67 68 69 70 0
-1 -7 0
-1 -15 0
-1 -24 0
-1 -32 0
-1 -38 0
-1 -47 0
-1 -71 0
-7 -15 0
-7 -24 0
-7 -32 0
-7 -38 0
-7 -47 0
-7 -71 0
-15 -24 0
-15 -32 0
-15 -38 0
-15 -47 0
-15 -71 0
-24 -32 0
-24 -38 0
-24 -47 0
-24 -71 0
-32 -38 0
-32 -47 0
-32 -71 0
-38 -47 0
-38 -71 0
-47 -71 0
-2 -8 0
-2 -16 0
-2 -39 0
-2 -48 0
-2 -56 0
-2 -62 0
-8 -16 0
-8 -39 0
-8 -48 0
-8 -56 0
-8 -62 0
-16 -39 0
-16 -48 0
-16 -56 0
-16 -62 0
-39 -48 0
-39 -56 0
-39 -62 0
-48 -56 0
-48 -62 0
-56 -62 0
-9 -17 0
-9 -25 0
-9 -33 0
-9 -49 0
-9 -57 0
-9 -63 0
-9 -72 0
-17 -25 0
-17 -33 0
-17 -49 0
-17 -57 0
-17 -63 0
-17 -72 0
-25 -33 0
-25 -49 0
-25 -57 0
-25 -63 0
-25 -72 0
-33 -49 0
-33 -57 0
-33 -63 0
-33 -72 0
-49 -57 0
-49 -63 0
-49 -72 0
-57 -63 0
-57 -72 0
-63 -72 0
-3 -10 0
-3 -18 0
-3 -26 0
-3 -40 0
-3 -50 0
-3 -58 0
-3 -64 0
-10 -18 0
-10 -26 0
-10 -40 0
-10 -50 0
-10 -58 0
-10 -64 0
-18 -26 0
-18 -40 0
-18 -50 0
-18 -58 0
-18 -64 0
-26 -40 0
-26 -50 0
-26 -58 0
-26 -64 0
-40 -50 0
-40 -58 0
-40 -64 0
-50 -58 0
-50 -64 0
-58 -64 0
-11 -19 0
-11 -27 0
-11 -34 0
-11 -41 0
-11 -51 0
-11 -59 0
-11 -65 0
-11 -73 0
-19 -27 0
-19 -34 0
-19 -41 0
-19 -51 0
-19 -59 0
-19 -65 0
-19 -73 0
-27 -34 0
-27 -41 0
-27 -51 0
-27 -59 0
-27 -65 0
-27 -73 0
-34 -41 0
-34 -51 0
-34 -59 0
-34 -65 0
-34 -73 0
-41 -51 0
-41 -59 0
-41 -65 0
-41 -73 0
-51 -59 0
-51 -65 0
-51 -73 0
-59 -65 0
-59 -73 0
-65 -73 0
-20 -28 0
-20 -35 0
-20 -42 0
-20 -52 0
-20 -66 0
-20 -74 0
-28 -35 0
-28 -42 0
-28 -52 0
-28 -66 0
-28 -74 0
-35 -42 0
-35 -52 0
-35 -66 0
-35 -74 0
-42 -52 0
-42 -66 0
-42 -74 0
-52 -66 0
-52 -74 0
-66 -74 0
-4 -12 0
-4 -21 0
-4 -36 0
-4 -43 0
-4 -53 0
-4 -67 0
-4 -75 0
-12 -21 0
-12 -36 0
-12 -43 0
-12 -53 0
-12 -67 0
-12 -75 0
-21 -36 0
-21 -43 0
-21 -53 0
-21 -67 0
-21 -75 0
-36 -43 0
-36 -53 0
-36 -67 0
-36 -75 0
-43 -53 0
-43 -67 0
-43 -75 0
-53 -67 0
-53 -75 0
-67 -75 0
-5 -13 0
-5 -29 0
-5 -44 0
-5 -60 0
-5 -68 0
-5 -76 0
-13 -29 0
-13 -44 0
-13 -60 0
-13 -68 0
-13 -76 0
-29 -44 0
-29 -60 0
-29 -68 0
-29 -76 0
-44 -60 0
-44 -68 0
-44 -76 0
-60 -68 0
-60 -76 0
-68 -76 0
-22 -30 0
-22 -37 0
-22 -45 0
-22 -54 0
-22 -61 0
-22 -69 0
-22 -77 0
-30 -37 0
-30 -45 0
-30 -54 0
-30 -61 0
-30 -69 0
-30 -77 0
-37 -45 0
-37 -54 0
-37 -61 0
-37 -69 0
-37 -77 0
-45 -54 0
-45 -61 0
-45 -69 0
-45 -77 0
-54 -61 0
-54 -69 0
-54 -77 0
-61 -69 0
-61 -77 0
-69 -77 0
-6 -14 0
-6 -23 0
-6 -31 0
-6 -46 0
-6 -55 0
-6 -70 0
-14 -23 0
-14 -31 0
-14 -46 0
-14 -55 0
-14 -70 0
-23 -31 0
-23 -46 0
-23 -55 0
-23 -70 0
-31 -46 0
-31 -55 0
-31 -70 0
-46 -55 0
-46 -70 0
-55 -70 0
