p cnf 37 125
1 2 3 0
-4 -10 0
-4 -14 0
-4 -18 0
-4 -22 0
-4 -27 0
-4 -31 0
-4 -34 0
-10 -14 0
-10 -18 0
-10 -22 0
-10 -27 0
-10 -31 0
-10 -34 0
-14 -18 0
-14 -22 0
-14 -27 0
-14 -31 0
-14 -34 0
-18 -22 0
-18 -27 0
-18 -31 0
-18 -34 0
-22 -27 0
-22 -31 0
-22 -34 0
-27 -31 0
-27 -34 0
-31 -34 0
-1 -7 0
-1 -11 0
-1 -15 0
-1 -19 0
-1 -23 0
-1 -32 0
-7 -11 0
-7 -15 0
-7 -19 0
-7 -23 0
-7 -32 0
-11 -15 0
-11 -19 0
-11 -23 0
-11 -32 0
-15 -19 0
-15 -23 0
-15 -32 0
-19 -23 0
-19 -32 0
-23 -32 0
-2 -8 0
-2 -16 0
-2 -24 0
-2 -28 0
-2 -35 0
-8 -16 0
-8 -24 0
-8 -28 0
-8 -35 0
-16 -24 0
-16 -28 0
-16 -35 0
-24 -28 0
-24 -35 0
-28 -35 0
-5 -12 0
-5 -20 0
-5 -25 0
-5 -29 0
-5 -36 0
-12 -20 0
-12 -25 0
-12 -29 0
-12 -36 0
-20 -25 0
-20 -29 0
-20 -36 0
-25 -29 0
-25 -36 0
-29 -36 0
-3 -6 0
-3 -9 0
-3 -13 0
-3 -17 0
-3 -21 0
-3 -26 0
-3 -30 0
-3 -33 0
-3 -37 0
-6 -9 0
-6 -13 0
-6 -17 0
-6 -21 0
-6 -26 0
-6 -30 0
-6 -33 0
-6 -37 0
-9 -13 0
-9 -17 0
-9 -21 0
-9 -26 0
-9 -30 0
-9 -33 0
-9 -37 0
-13 -17 0
-13 -21 0
-13 -26 0
-13 -30 0
-13 -33 0
-13 -37 0
-17 -21 0
-17 -26 0
-17 -30 0
-17 -33 0
-17 -37 0
-21 -26 0
-21 -30 0
-21 -33 0
-21 -37 0
-26 -30 0
-26 -33 0
-26 -37 0
-30 -33 0
-30 -37 0
-33 -37 0
