p cnf 169 682
18 19 20 21 22 23 24 25 26 27 28 29 30 31 32 33 34 0
50 51 52 53 54 55 56 57 58 59 60 61 62 63 64 65 0
66 67 68 69 70 71 72 73 74 75 76 77 78 79 80 81 82 83 0
84 85 86 87 88 89 90 91 92 93 94 95 96 97 98 99 100 101 0
102 103 104 105 106 107 108 109 110 111 112 113 114 115 116 117 0
-1 -66 0
-1 -84 0
-1 -102 0
-1 -118 0
-1 -135 0
-1 -151 0
-66 -84 0
-66 -102 0
-66 -118 0
-66 -135 0
-66 -151 0
-84 -102 0
-84 -118 0
-84 -135 0
-84 -151 0
-102 -118 0
-102 -135 0
-102 -151 0
-118 -135 0
-118 -151 0
-135 -151 0
-2 -18 0
-2 -35 0
-2 -50 0
-2 -67 0
-2 -85 0
-2 -103 0
-2 -119 0
-2 -136 0
-2 -152 0
-18 -35 0
-18 -50 0
-18 -67 0
-18 -85 0
-18 -103 0
-18 -119 0
-18 -136 0
-18 -152 0
-35 -50 0
-35 -67 0
-35 -85 0
-35 -103 0
-35 -119 0
-35 -136 0
-35 -152 0
-50 -67 0
-50 -85 0
-50 -103 0
-50 -119 0
-50 -136 0
-50 -152 0
-67 -85 0
-67 -103 0
-67 -119 0
-67 -136 0
-67 -152 0
-85 -103 0
-85 -119 0
-85 -136 0
-85 -152 0
-103 -119 0
-103 -136 0
-103 -152 0
-119 -136 0
-119 -152 0
-136 -152 0
-3 -19 0
-3 -51 0
-3 -68 0
-3 -86 0
-3 -120 0
-3 -153 0
-19 -51 0
-19 -68 0
-19 -86 0
-19 -120 0
-19 -153 0
-51 -68 0
-51 -86 0
-51 -120 0
-51 -153 0
-68 -86 0
-68 -120 0
-68 -153 0
-86 -120 0
-86 -153 0
-120 -153 0
-4 -20 0
-4 -36 0
-4 -52 0
-4 -69 0
-4 -87 0
-4 -104 0
-4 -121 0
-4 -137 0
-4 -154 0
-20 -36 0
-20 -52 0
-20 -69 0
-20 -87 0
-20 -104 0
-20 -121 0
-20 -137 0
-20 -154 0
-36 -52 0
-36 -69 0
-36 -87 0
-36 -104 0
-36 -121 0
-36 -137 0
-36 -154 0
-52 -69 0
-52 -87 0
-52 -104 0
-52 -121 0
-52 -137 0
-52 -154 0
-69 -87 0
-69 -104 0
-69 -121 0
-69 -137 0
-69 -154 0
-87 -104 0
-87 -121 0
-87 -137 0
-87 -154 0
-104 -121 0
-104 -137 0
-104 -154 0
-121 -137 0
-121 -154 0
-137 -154 0
-21 -37 0
-21 -53 0
-21 -70 0
-21 -88 0
-21 -105 0
-21 -122 0
-21 -138 0
-21 -155 0
-37 -53 0
-37 -70 0
-37 -88 0
-37 -105 0
-37 -122 0
-37 -138 0
-37 -155 0
-53 -70 0
-53 -88 0
-53 -105 0
-53 -122 0
-53 -138 0
-53 -155 0
-70 -88 0
-70 -105 0
-70 -122 0
-70 -138 0
-70 -155 0
-88 -105 0
-88 -122 0
-88 -138 0
-88 -155 0
-105 -122 0
-105 -138 0
-105 -155 0
-122 -138 0
-122 -155 0
-138 -155 0
-5 -22 0
-5 -38 0
-5 -54 0
-5 -71 0
-5 -89 0
-5 -106 0
-5 -123 0
-5 -139 0
-5 -156 0
-22 -38 0
-22 -54 0
-22 -71 0
-22 -89 0
-22 -106 0
-22 -123 0
-22 -139 0
-22 -156 0
-38 -54 0
-38 -71 0
-38 -89 0
-38 -106 0
-38 -123 0
-38 -139 0
-38 -156 0
-54 -71 0
-54 -89 0
-54 -106 0
-54 -123 0
-54 -139 0
-54 -156 0
-71 -89 0
-71 -106 0
-71 -123 0
-71 -139 0
-71 -156 0
-89 -106 0
-89 -123 0
-89 -139 0
-89 -156 0
-106 -123 0
-106 -139 0
-106 -156 0
-123 -139 0
-123 -156 0
-139 -156 0
-6 -23 0
-6 -55 0
-6 -72 0
-6 -90 0
-6 -107 0
-6 -124 0
-6 -140 0
-6 -157 0
-23 -55 0
-23 -72 0
-23 -90 0
-23 -107 0
-23 -124 0
-23 -140 0
-23 -157 0
-55 -72 0
-55 -90 0
-55 -107 0
-55 -124 0
-55 -140 0
-55 -157 0
-72 -90 0
-72 -107 0
-72 -124 0
-72 -140 0
-72 -157 0
-90 -107 0
-90 -124 0
-90 -140 0
-90 -157 0
-107 -124 0
-107 -140 0
-107 -157 0
-124 -140 0
-124 -157 0
-140 -157 0
-7 -24 0
-7 -39 0
-7 -56 0
-7 -73 0
-7 -91 0
-7 -108 0
-7 -141 0
-7 -158 0
-24 -39 0
-24 -56 0
-24 -73 0
-24 -91 0
-24 -108 0
-24 -141 0
-24 -158 0
-39 -56 0
-39 -73 0
-39 -91 0
-39 -108 0
-39 -141 0
-39 -158 0
-56 -73 0
-56 -91 0
-56 -108 0
-56 -141 0
-56 -158 0
-73 -91 0
-73 -108 0
-73 -141 0
-73 -158 0
-91 -108 0
-91 -141 0
-91 -158 0
-108 -141 0
-108 -158 0
-141 -158 0
-8 -25 0
-8 -40 0
-8 -57 0
-8 -74 0
-8 -92 0
-8 -109 0
-8 -125 0
-8 -142 0
-8 -159 0
-25 -40 0
-25 -57 0
-25 -74 0
-25 -92 0
-25 -109 0
-25 -125 0
-25 -142 0
-25 -159 0
-40 -57 0
-40 -74 0
-40 -92 0
-40 -109 0
-40 -125 0
-40 -142 0
-40 -159 0
-57 -74 0
-57 -92 0
-57 -109 0
-57 -125 0
-57 -142 0
-57 -159 0
-74 -92 0
-74 -109 0
-74 -125 0
-74 -142 0
-74 -159 0
-92 -109 0
-92 -125 0
-92 -142 0
-92 -159 0
-109 -125 0
-109 -142 0
-109 -159 0
-125 -142 0
-125 -159 0
-142 -159 0
-9 -26 0
-9 -41 0
-9 -93 0
-9 -110 0
-9 -126 0
-9 -143 0
-9 -160 0
-26 -41 0
-26 -93 0
-26 -110 0
-26 -126 0
-26 -143 0
-26 -160 0
-41 -93 0
-41 -110 0
-41 -126 0
-41 -143 0
-41 -160 0
-93 -110 0
-93 -126 0
-93 -143 0
-93 -160 0
-110 -126 0
-110 -143 0
-110 -160 0
-126 -143 0
-126 -160 0
-143 -160 0
-27 -42 0
-27 -58 0
-27 -75 0
-27 -94 0
-27 -111 0
-27 -127 0
-27 -161 0
-42 -58 0
-42 -75 0
-42 -94 0
-42 -111 0
-42 -127 0
-42 -161 0
-58 -75 0
-58 -94 0
-58 -111 0
-58 -127 0
-58 -161 0
-75 -94 0
-75 -111 0
-75 -127 0
-75 -161 0
-94 -111 0
-94 -127 0
-94 -161 0
-111 -127 0
-111 -161 0
-127 -161 0
-10 -28 0
-10 -59 0
-10 -76 0
-10 -95 0
-10 -112 0
-10 -128 0
-10 -162 0
-28 -59 0
-28 -76 0
-28 -95 0
-28 -112 0
-28 -128 0
-28 -162 0
-59 -76 0
-59 -95 0
-59 -112 0
-59 -128 0
-59 -162 0
-76 -95 0
-76 -112 0
-76 -128 0
-76 -162 0
-95 -112 0
-95 -128 0
-95 -162 0
-112 -128 0
-112 -162 0
-128 -162 0
-11 -29 0
-11 -43 0
-11 -60 0
-11 -77 0
-11 -96 0
-11 -113 0
-11 -129 0
-11 -144 0
-11 -163 0
-29 -43 0
-29 -60 0
-29 -77 0
-29 -96 0
-29 -113 0
-29 -129 0
-29 -144 0
-29 -163 0
-43 -60 0
-43 -77 0
-43 -96 0
-43 -113 0
-43 -129 0
-43 -144 0
-43 -163 0
-60 -77 0
-60 -96 0
-60 -113 0
-60 -129 0
-60 -144 0
-60 -163 0
-77 -96 0
-77 -113 0
-77 -129 0
-77 -144 0
-77 -163 0
-96 -113 0
-96 -129 0
-96 -144 0
-96 -163 0
-113 -129 0
-113 -144 0
-113 -163 0
-129 -144 0
-129 -163 0
-144 -163 0
-12 -30 0
-12 -44 0
-12 -61 0
-12 -78 0
-12 -97 0
-12 -114 0
-12 -130 0
-12 -145 0
-12 -164 0
-30 -44 0
-30 -61 0
-30 -78 0
-30 -97 0
-30 -114 0
-30 -130 0
-30 -145 0
-30 -164 0
-44 -61 0
-44 -78 0
-44 -97 0
-44 -114 0
-44 -130 0
-44 -145 0
-44 -164 0
-61 -78 0
-61 -97 0
-61 -114 0
-61 -130 0
-61 -145 0
-61 -164 0
-78 -97 0
-78 -114 0
-78 -130 0
-78 -145 0
-78 -164 0
-97 -114 0
-97 -130 0
-97 -145 0
-97 -164 0
-114 -130 0
-114 -145 0
-114 -164 0
-130 -145 0
-130 -164 0
-145 -164 0
-13 -31 0
-13 -45 0
-13 -62 0
-13 -79 0
-13 -98 0
-13 -115 0
-13 -131 0
-13 -146 0
-13 -165 0
-31 -45 0
-31 -62 0
-31 -79 0
-31 -98 0
-31 -115 0
-31 -131 0
-31 -146 0
-31 -165 0
-45 -62 0
-45 -79 0
-45 -98 0
-45 -115 0
-45 -131 0
-45 -146 0
-45 -165 0
-62 -79 0
-62 -98 0
-62 -115 0
-62 -131 0
-62 -146 0
-62 -165 0
-79 -98 0
-79 -115 0
-79 -131 0
-79 -146 0
-79 -165 0
-98 -115 0
-98 -131 0
-98 -146 0
-98 -165 0
-115 -131 0
-115 -146 0
-115 -165 0
-131 -146 0
-131 -165 0
-146 -165 0
-14 -32 0
-14 -46 0
-14 -63 0
-14 -80 0
-14 -99 0
-14 -116 0
-14 -147 0
-14 -166 0
-32 -46 0
-32 -63 0
-32 -80 0
-32 -99 0
-32 -116 0
-32 -147 0
-32 -166 0
-46 -63 0
-46 -80 0
-46 -99 0
-46 -116 0
-46 -147 0
-46 -166 0
-63 -80 0
-63 -99 0
-63 -116 0
-63 -147 0
-63 -166 0
-80 -99 0
-80 -116 0
-80 -147 0
-80 -166 0
-99 -116 0
-99 -147 0
-99 -166 0
-116 -147 0
-116 -166 0
-147 -166 0
-15 -47 0
-15 -64 0
-15 -81 0
-15 -100 0
-15 -132 0
-15 -148 0
-15 -167 0
-47 -64 0
-47 -81 0
-47 -100 0
-47 -132 0
-47 -148 0
-47 -167 0
-64 -81 0
-64 -100 0
-64 -132 0
-64 -148 0
-64 -167 0
-81 -100 0
-81 -132 0
-81 -148 0
-81 -167 0
-100 -132 0
-100 -148 0
-100 -167 0
-132 -148 0
-132 -167 0
-148 -167 0
-16 -33 0
-16 -48 0
-16 -82 0
-16 -117 0
-16 -133 0
-16 -149 0
-16 -168 0
-33 -48 0
-33 -82 0
-33 -117 0
-33 -133 0
-33 -149 0
-33 -168 0
-48 -82 0
-48 -117 0
-48 -133 0
-48 -149 0
-48 -168 0
-82 -117 0
-82 -133 0
-82 -149 0
-82 -168 0
-117 -133 0
-117 -149 0
-117 -168 0
-133 -149 0
-133 -168 0
-149 -168 0
-17 -34 0
-17 -49 0
-17 -65 0
-17 -83 0
-17 -101 0
-17 -134 0
-17 -150 0
-17 -169 0
-34 -49 0
-34 -65 0
-34 -83 0
-34 -101 0
-34 -134 0
-34 -150 0
-34 -169 0
-49 -65 0
-49 -83 0
-49 -101 0
-49 -134 0
-49 -150 0
-49 -169 0
-65 -83 0
-65 -101 0
-65 -134 0
-65 -150 0
-65 -169 0
-83 -101 0
-83 -134 0
-83 -150 0
-83 -169 0
-101 -134 0
-101 -150 0
-101 -169 0
-134 -150 0
-134 -169 0
-150 -169 0
