p cnf 68 234
16 17 18 19 20 21 0
30 31 32 33 34 0
-1 -8 0
-1 -16 0
-1 -22 0
-1 -30 0
-1 -35 0
-1 -44 0
-1 -55 0
-1 -62 0
-8 -16 0
-8 -22 0
-8 -30 0
-8 -35 0
-8 -44 0
-8 -55 0
-8 -62 0
-16 -22 0
-16 -30 0
-16 -35 0
-16 -44 0
-16 -55 0
-16 -62 0
-22 -30 0
-22 -35 0
-22 -44 0
-22 -55 0
-22 -62 0
-30 -35 0
-30 -44 0
-30 -55 0
-30 -62 0
-35 -44 0
-35 -55 0
-35 -62 0
-44 -55 0
-44 -62 0
-55 -62 0
-2 -9 0
-2 -17 0
-2 -23 0
-2 -36 0
-2 -45 0
-2 -49 0
-2 -56 0
-2 -63 0
-9 -17 0
-9 -23 0
-9 -36 0
-9 -45 0
-9 -49 0
-9 -56 0
-9 -63 0
-17 -23 0
-17 -36 0
-17 -45 0
-17 -49 0
-17 -56 0
-17 -63 0
-23 -36 0
-23 -45 0
-23 -49 0
-23 -56 0
-23 -63 0
-36 -45 0
-36 -49 0
-36 -56 0
-36 -63 0
-45 -49 0
-45 -56 0
-45 -63 0
-49 -56 0
-49 -63 0
-56 -63 0
-3 -10 0
-3 -37 0
-3 -50 0
-3 -57 0
-10 -37 0
-10 -50 0
-10 -57 0
-37 -50 0
-37 -57 0
-50 -57 0
-4 -11 0
-4 -24 0
-4 -38 0
-4 -51 0
-4 -58 0
-4 -64 0
-11 -24 0
-11 -38 0
-11 -51 0
-11 -58 0
-11 -64 0
-24 -38 0
-24 -51 0
-24 -58 0
-24 -64 0
-38 -51 0
-38 -58 0
-38 -64 0
-51 -58 0
-51 -64 0
-58 -64 0
-12 -18 0
-12 -25 0
-12 -31 0
-12 -39 0
-12 -52 0
-12 -65 0
-18 -25 0
-18 -31 0
-18 -39 0
-18 -52 0
-18 -65 0
-25 -31 0
-25 -39 0
-25 -52 0
-25 -65 0
-31 -39 0
-31 -52 0
-31 -65 0
-39 -52 0
-39 -65 0
-52 -65 0
-19 -26 0
-19 -40 0
-19 -46 0
-19 -53 0
-19 -59 0
-19 -66 0
-26 -40 0
-26 -46 0
-26 -53 0
-26 -59 0
-26 -66 0
-40 -46 0
-40 -53 0
-40 -59 0
-40 -66 0
-46 -53 0
-46 -59 0
-46 -66 0
-53 -59 0
-53 -66 0
-59 -66 0
-5 -13 0
-5 -20 0
-5 -27 0
-5 -32 0
-5 -41 0
-5 -67 0
-13 -20 0
-13 -27 0
-13 -32 0
-13 -41 0
-13 -67 0
-20 -27 0
-20 -32 0
-20 -41 0
-20 -67 0
-27 -32 0
-27 -41 0
-27 -67 0
-32 -41 0
-32 -67 0
-41 -67 0
-6 -14 0
-6 -21 0
-6 -28 0
-6 -33 0
-6 -42 0
-6 -47 0
-6 -54 0
-6 -60 0
-6 -68 0
-14 -21 0
-14 -28 0
-14 -33 0
-14 -42 0
-14 -47 0
-14 -54 0
-14 -60 0
-14 -68 0
-21 -28 0
-21 -33 0
-21 -42 0
-21 -47 0
-21 -54 0
-21 -60 0
-21 -68 0
-28 -33 0
-28 -42 0
-28 -47 0
-28 -54 0
-28 -60 0
-28 -68 0
-33 -42 0
-33 -47 0
-33 -54 0
-33 -60 0
-33 -68 0
-42 -47 0
-42 -54 0
-42 -60 0
-42 -68 0
-47 -54 0
-47 -60 0
-47 -68 0
-54 -60 0
-54 -68 0
-60 -68 0
-7 -15 0
-7 -29 0
-7 -34 0
-7 -43 0
-7 -48 0
-7 -61 0
-15 -29 0
-15 -34 0
-15 -43 0
-15 -48 0
-15 -61 0
-29 -34 0
-29 -43 0
-29 -48 0
-29 -61 0
-34 -43 0
-34 -48 0
-34 -61 0
-43 -48 0
-43 -61 0
-48 -61 0
