p cnf 29 94
1 2 3 0
6 7 8 0
-1 -4 0
-1 -6 0
-1 -9 0
-1 -14 0
-1 -18 0
-1 -21 0
-1 -24 0
-4 -6 0
-4 -9 0
-4 -14 0
-4 -18 0
-4 -21 0
-4 -24 0
-6 -9 0
-6 -14 0
-6 -18 0
-6 -21 0
-6 -24 0
-9 -14 0
-9 -18 0
-9 -21 0
-9 -24 0
-14 -18 0
-14 -21 0
-14 -24 0
-18 -21 0
-18 -24 0
-21 -24 0
-2 -7 0
-2 -10 0
-2 -15 0
-2 -19 0
-2 -22 0
-2 -25 0
-2 -27 0
-7 -10 0
-7 -15 0
-7 -19 0
-7 -22 0
-7 -25 0
-7 -27 0
-10 -15 0
-10 -19 0
-10 -22 0
-10 -25 0
-10 -27 0
-15 -19 0
-15 -22 0
-15 -25 0
-15 -27 0
-19 -22 0
-19 -25 0
-19 -27 0
-22 -25 0
-22 -27 0
-25 -27 0
-3 -5 0
-3 -11 0
-3 -16 0
-3 -26 0
-3 -28 0
-5 -11 0
-5 -16 0
-5 -26 0
-5 -28 0
-11 -16 0
-11 -26 0
-11 -28 0
-16 -26 0
-16 -28 0
-26 -28 0
-8 -12 0
-8 -13 0
-8 -17 0
-8 -20 0
-8 -23 0
-8 -29 0
-12 -13 0
-12 -17 0
-12 -20 0
-12 -23 0
-12 -29 0
-13 -17 0
-13 -20 0
-13 -23 0
-13 -29 0
-17 -20 0
-17 -23 0
-17 -29 0
-20 -23 0
-20 -29 0
-23 -29 0
