p cnf 62 417
-1 -2 0
-1 -3 0
-1 -4 0
-1 -5 0
-1 -6 0
-1 -7 0
-1 -8 0
-2 -3 0
-2 -4 0
-2 -5 0
-2 -6 0
-2 -7 0
-2 -8 0
-3 -4 0
-3 -5 0
-3 -6 0
-3 -7 0
-3 -8 0
-4 -5 0
-4 -6 0
-4 -7 0
-4 -8 0
-5 -6 0
-5 -7 0
-5 -8 0
-6 -7 0
-6 -8 0
-7 -8 0
1 2 3 4 5 6 7 8 0
-1 -9 0
-1 -10 0
-1 -11 0
-1 -12 0
-1 -13 0
-1 -14 0
-1 -15 0
-9 -10 0
-9 -11 0
-9 -12 0
-9 -13 0
-9 -14 0
-9 -15 0
-10 -11 0
-10 -12 0
-10 -13 0
-10 -14 0
-10 -15 0
-11 -12 0
-11 -13 0
-11 -14 0
-11 -15 0
-12 -13 0
-12 -14 0
-12 -15 0
-13 -14 0
-13 -15 0
-14 -15 0
1 9 10 11 12 13 14 15 0
-16 -17 0
-16 -18 0
-16 -19 0
-16 -20 0
-16 -21 0
-16 -22 0
-16 -23 0
-17 -18 0
-17 -19 0
-17 -20 0
-17 -21 0
-17 -22 0
-17 -23 0
-18 -19 0
-18 -20 0
-18 -21 0
-18 -22 0
-18 -23 0
-19 -20 0
-19 -21 0
-19 -22 0
-19 -23 0
-20 -21 0
-20 -22 0
-20 -23 0
-21 -22 0
-21 -23 0
-22 -23 0
16 17 18 19 20 21 22 23 0
-2 -24 0
-2 -25 0
-2 -26 0
-2 -27 0
-2 -28 0
-24 -25 0
-24 -26 0
-24 -27 0
-24 -28 0
-25 -26 0
-25 -27 0
-25 -28 0
-26 -27 0
-26 -28 0
-27 -28 0
2 24 25 26 27 28 0
-3 -9 0
-3 -16 0
-3 -24 0
-3 -29 0
-3 -30 0
-3 -31 0
-9 -16 0
-9 -24 0
-9 -29 0
-9 -30 0
-9 -31 0
-16 -24 0
-16 -29 0
-16 -30 0
-16 -31 0
-24 -29 0
-24 -30 0
-24 -31 0
-29 -30 0
-29 -31 0
-30 -31 0
3 9 16 24 29 30 31 0
-29 -32 0
-29 -33 0
-29 -34 0
-29 -35 0
-32 -33 0
-32 -34 0
-32 -35 0
-33 -34 0
-33 -35 0
-34 -35 0
29 32 33 34 35 0
-4 -17 0
-4 -25 0
-4 -32 0
-4 -36 0
-4 -37 0
-17 -25 0
-17 -32 0
-17 -36 0
-17 -37 0
-25 -32 0
-25 -36 0
-25 -37 0
-32 -36 0
-32 -37 0
-36 -37 0
4 17 25 32 36 37 0
-10 -18 0
-10 -36 0
-10 -38 0
-10 -39 0
-10 -40 0
-10 -41 0
-10 -42 0
-18 -36 0
-18 -38 0
-18 -39 0
-18 -40 0
-18 -41 0
-18 -42 0
-36 -38 0
-36 -39 0
-36 -40 0
-36 -41 0
-36 -42 0
-38 -39 0
-38 -40 0
-38 -41 0
-38 -42 0
-39 -40 0
-39 -41 0
-39 -42 0
-40 -41 0
-40 -42 0
-41 -42 0
10 18 36 38 39 40 41 42 0
-19 -30 0
-19 -33 0
-19 -38 0
-19 -43 0
-19 -44 0
-19 -45 0
-19 -46 0
-19 -47 0
-30 -33 0
-30 -38 0
-30 -43 0
-30 -44 0
-30 -45 0
-30 -46 0
-30 -47 0
-33 -38 0
-33 -43 0
-33 -44 0
-33 -45 0
-33 -46 0
-33 -47 0
-38 -43 0
-38 -44 0
-38 -45 0
-38 -46 0
-38 -47 0
-43 -44 0
-43 -45 0
-43 -46 0
-43 -47 0
-44 -45 0
-44 -46 0
-44 -47 0
-45 -46 0
-45 -47 0
-46 -47 0
19 30 33 38 43 44 45 46 47 0
-20 -34 0
-20 -39 0
-20 -48 0
-20 -49 0
-20 -50 0
-20 -51 0
-20 -52 0
-20 -53 0
-34 -39 0
-34 -48 0
-34 -49 0
-34 -50 0
-34 -51 0
-34 -52 0
-34 -53 0
-39 -48 0
-39 -49 0
-39 -50 0
-39 -51 0
-39 -52 0
-39 -53 0
-48 -49 0
-48 -50 0
-48 -51 0
-48 -52 0
-48 -53 0
-49 -50 0
-49 -51 0
-49 -52 0
-49 -53 0
-50 -51 0
-50 -52 0
-50 -53 0
-51 -52 0
-51 -53 0
-52 -53 0
20 34 39 48 49 50 51 52 53 0
-5 -11 0
-5 -21 0
-5 -26 0
-5 -35 0
-5 -43 0
-5 -54 0
-5 -55 0
-11 -21 0
-11 -26 0
-11 -35 0
-11 -43 0
-11 -54 0
-11 -55 0
-21 -26 0
-21 -35 0
-21 -43 0
-21 -54 0
-21 -55 0
-26 -35 0
-26 -43 0
-26 -54 0
-26 -55 0
-35 -43 0
-35 -54 0
-35 -55 0
-43 -54 0
-43 -55 0
-54 -55 0
5 11 21 26 35 43 54 55 0
-27 -31 0
-27 -44 0
-27 -48 0
-27 -56 0
-27 -57 0
-27 -58 0
-31 -44 0
-31 -48 0
-31 -56 0
-31 -57 0
-31 -58 0
-44 -48 0
-44 -56 0
-44 -57 0
-44 -58 0
-48 -56 0
-48 -57 0
-48 -58 0
-56 -57 0
-56 -58 0
-57 -58 0
27 31 44 48 56 57 58 0
-6 -22 0
-6 -40 0
-6 -45 0
-6 -49 0
-6 -54 0
-6 -56 0
-6 -59 0
-6 -60 0
-22 -40 0
-22 -45 0
-22 -49 0
-22 -54 0
-22 -56 0
-22 -59 0
-22 -60 0
-40 -45 0
-40 -49 0
-40 -54 0
-40 -56 0
-40 -59 0
-40 -60 0
-45 -49 0
-45 -54 0
-45 -56 0
-45 -59 0
-45 -60 0
-49 -54 0
-49 -56 0
-49 -59 0
-49 -60 0
-54 -56 0
-54 -59 0
-54 -60 0
-56 -59 0
-56 -60 0
-59 -60 0
6 22 40 45 49 54 56 59 60 0
-41 -50 0
-41 -57 0
-41 -61 0
-50 -57 0
-50 -61 0
-57 -61 0
41 50 57 61 0
-7 -12 0
-7 -46 0
-7 -51 0
-7 -58 0
-7 -59 0
-7 -62 0
-12 -46 0
-12 -51 0
-12 -58 0
-12 -59 0
-12 -62 0
-46 -51 0
-46 -58 0
-46 -59 0
-46 -62 0
-51 -58 0
-51 -59 0
-51 -62 0
-58 -59 0
-58 -62 0
-59 -62 0
7 12 46 51 58 59 62 0
-8 -13 0
-8 -37 0
-13 -37 0
8 13 37 0
-14 -52 0
-14 -55 0
-52 -55 0
14 52 55 0
-15 -23 0
-15 -28 0
-15 -42 0
-15 -47 0
-15 -53 0
-15 -60 0
-15 -61 0
-15 -62 0
-23 -28 0
-23 -42 0
-23 -47 0
-23 -53 0
-23 -60 0
-23 -61 0
-23 -62 0
-28 -42 0
-28 -47 0
-28 -53 0
-28 -60 0
-28 -61 0
-28 -62 0
-42 -47 0
-42 -53 0
-42 -60 0
-42 -61 0
-42 -62 0
-47 -53 0
-47 -60 0
-47 -61 0
-47 -62 0
-53 -60 0
-53 -61 0
-53 -62 0
-60 -61 0
-60 -62 0
-61 -62 0
15 23 28 42 47 53 60 61 62 0
