p cnf 18 86
1 2 3 4 -5 0
1 2 3 -4 5 0
1 2 -3 4 5 0
1 2 -3 -4 -5 0
1 -2 3 4 5 0
1 -2 3 -4 -5 0
1 -2 -3 4 -5 0
1 -2 -3 -4 5 0
-1 2 3 4 5 0
-1 2 3 -4 -5 0
-1 2 -3 4 -5 0
-1 2 -3 -4 5 0
-1 -2 3 4 -5 0
-1 -2 3 -4 5 0
-1 -2 -3 4 5 0
-1 -2 -3 -4 -5 0
1 6 7 -8 0
1 6 -7 8 0
1 -6 7 8 0
1 -6 -7 -8 0
-1 6 7 8 0
-1 6 -7 -8 0
-1 -6 7 -8 0
-1 -6 -7 8 0
9 10 0
-9 -10 0
6 11 12 13 0
6 11 -12 -13 0
6 -11 12 -13 0
6 -11 -12 13 0
-6 11 12 -13 0
-6 11 -12 13 0
-6 -11 12 13 0
-6 -11 -12 -13 0
2 7 9 11 0
2 7 -9 -11 0
2 -7 9 -11 0
2 -7 -9 11 0
-2 7 9 -11 0
-2 7 -9 11 0
-2 -7 9 11 0
-2 -7 -9 -11 0
3 10 14 -15 0
3 10 -14 15 0
3 -10 14 15 0
3 -10 -14 -15 0
-3 10 14 15 0
-3 10 -14 -15 0
-3 -10 14 -15 0
-3 -10 -14 15 0
4 8 14 16 -17 0
4 8 14 -16 17 0
4 8 -14 16 17 0
4 8 -14 -16 -17 0
4 -8 14 16 17 0
4 -8 14 -16 -17 0
4 -8 -14 16 -17 0
4 -8 -14 -16 17 0
-4 8 14 16 17 0
-4 8 14 -16 -17 0
-4 8 -14 16 -17 0
-4 8 -14 -16 17 0
-4 -8 14 16 -17 0
-4 -8 14 -16 17 0
-4 -8 -14 16 17 0
-4 -8 -14 -16 -17 0
12 16 18 0
12 -16 -18 0
-12 16 -18 0
-12 -16 18 0
5 13 15 17 -18 0
5 13 15 -17 18 0
5 13 -15 17 18 0
5 13 -15 -17 -18 0
5 -13 15 17 18 0
5 -13 15 -17 -18 0
5 -13 -15 17 -18 0
5 -13 -15 -17 18 0
-5 13 15 17 18 0
-5 13 15 -17 -18 0
-5 13 -15 17 -18 0
-5 13 -15 -17 18 0
-5 -13 15 17 -18 0
-5 -13 15 -17 18 0
-5 -13 -15 17 18 0
-5 -13 -15 -17 -18 0
