p cnf 83 312
1 2 3 4 5 6 7 8 0
18 19 20 21 22 23 24 25 26 0
75 76 77 78 79 80 81 82 83 0
-1 -9 0
-1 -18 0
-1 -27 0
-1 -42 0
-1 -50 0
-1 -59 0
-1 -66 0
-1 -75 0
-9 -18 0
-9 -27 0
-9 -42 0
-9 -50 0
-9 -59 0
-9 -66 0
-9 -75 0
-18 -27 0
-18 -42 0
-18 -50 0
-18 -59 0
-18 -66 0
-18 -75 0
-27 -42 0
-27 -50 0
-27 -59 0
-27 -66 0
-27 -75 0
-42 -50 0
-42 -59 0
-42 -66 0
-42 -75 0
-50 -59 0
-50 -66 0
-50 -75 0
-59 -66 0
-59 -75 0
-66 -75 0
-2 -10 0
-2 -19 0
-2 -28 0
-2 -43 0
-2 -51 0
-2 -60 0
-2 -67 0
-10 -19 0
-10 -28 0
-10 -43 0
-10 -51 0
-10 -60 0
-10 -67 0
-19 -28 0
-19 -43 0
-19 -51 0
-19 -60 0
-19 -67 0
-28 -43 0
-28 -51 0
-28 -60 0
-28 -67 0
-43 -51 0
-43 -60 0
-43 -67 0
-51 -60 0
-51 -67 0
-60 -67 0
-11 -20 0
-11 -29 0
-11 -36 0
-11 -44 0
-11 -52 0
-11 -61 0
-11 -68 0
-11 -76 0
-20 -29 0
-20 -36 0
-20 -44 0
-20 -52 0
-20 -61 0
-20 -68 0
-20 -76 0
-29 -36 0
-29 -44 0
-29 -52 0
-29 -61 0
-29 -68 0
-29 -76 0
-36 -44 0
-36 -52 0
-36 -61 0
-36 -68 0
-36 -76 0
-44 -52 0
-44 -61 0
-44 -68 0
-44 -76 0
-52 -61 0
-52 -68 0
-52 -76 0
-61 -68 0
-61 -76 0
-68 -76 0
-3 -12 0
-3 -21 0
-3 -30 0
-3 -37 0
-3 -45 0
-3 -53 0
-3 -62 0
-3 -69 0
-3 -77 0
-12 -21 0
-12 -30 0
-12 -37 0
-12 -45 0
-12 -53 0
-12 -62 0
-12 -69 0
-12 -77 0
-21 -30 0
-21 -37 0
-21 -45 0
-21 -53 0
-21 -62 0
-21 -69 0
-21 -77 0
-30 -37 0
-30 -45 0
-30 -53 0
-30 -62 0
-30 -69 0
-30 -77 0
-37 -45 0
-37 -53 0
-37 -62 0
-37 -69 0
-37 -77 0
-45 -53 0
-45 -62 0
-45 -69 0
-45 -77 0
-53 -62 0
-53 -69 0
-53 -77 0
-62 -69 0
-62 -77 0
-69 -77 0
-4 -13 0
-4 -22 0
-4 -31 0
-4 -46 0
-4 -54 0
-4 -63 0
-4 -70 0
-4 -78 0
-13 -22 0
-13 -31 0
-13 -46 0
-13 -54 0
-13 -63 0
-13 -70 0
-13 -78 0
-22 -31 0
-22 -46 0
-22 -54 0
-22 -63 0
-22 -70 0
-22 -78 0
-31 -46 0
-31 -54 0
-31 -63 0
-31 -70 0
-31 -78 0
-46 -54 0
-46 -63 0
-46 -70 0
-46 -78 0
-54 -63 0
-54 -70 0
-54 -78 0
-63 -70 0
-63 -78 0
-70 -78 0
-5 -14 0
-5 -23 0
-5 -32 0
-5 -38 0
-5 -47 0
-5 -55 0
-5 -71 0
-5 -79 0
-14 -23 0
-14 -32 0
-14 -38 0
-14 -47 0
-14 -55 0
-14 -71 0
-14 -79 0
-23 -32 0
-23 -38 0
-23 -47 0
-23 -55 0
-23 -71 0
-23 -79 0
-32 -38 0
-32 -47 0
-32 -55 0
-32 -71 0
-32 -79 0
-38 -47 0
-38 -55 0
-38 -71 0
-38 -79 0
-47 -55 0
-47 -71 0
-47 -79 0
-55 -71 0
-55 -79 0
-71 -79 0
-6 -15 0
-6 -24 0
-6 -39 0
-6 -56 0
-6 -64 0
-6 -72 0
-6 -80 0
-15 -24 0
-15 -39 0
-15 -56 0
-15 -64 0
-15 -72 0
-15 -80 0
-24 -39 0
-24 -56 0
-24 -64 0
-24 -72 0
-24 -80 0
-39 -56 0
-39 -64 0
-39 -72 0
-39 -80 0
-56 -64 0
-56 -72 0
-56 -80 0
-64 -72 0
-64 -80 0
-72 -80 0
-7 -16 0
-7 -33 0
-7 -48 0
-7 -73 0
-7 -81 0
-16 -33 0
-16 -48 0
-16 -73 0
-16 -81 0
-33 -48 0
-33 -73 0
-33 -81 0
-48 -73 0
-48 -81 0
-73 -81 0
-25 -34 0
-25 -40 0
-25 -49 0
-25 -57 0
-25 -65 0
-25 -74 0
-25 -82 0
-34 -40 0
-34 -49 0
-34 -57 0
-34 -65 0
-34 -74 0
-34 -82 0
-40 -49 0
-40 -57 0
-40 -65 0
-40 -74 0
-40 -82 0
-49 -57 0
-49 -65 0
-49 -74 0
-49 -82 0
-57 -65 0
-57 -74 0
-57 -82 0
-65 -74 0
-65 -82 0
-74 -82 0
-8 -17 0
-8 -26 0
-8 -35 0
-8 -41 0
-8 -58 0
-8 -83 0
-17 -26 0
-17 -35 0
-17 -41 0
-17 -58 0
-17 -83 0
-26 -35 0
-26 -41 0
-26 -58 0
-26 -83 0
-35 -41 0
-35 -58 0
-35 -83 0
-41 -58 0
-41 -83 0
-58 -83 0
