p cnf 37 97
-12 -13 0
-12 -14 0
-12 -15 0
-12 -16 0
-12 -17 0
-13 -14 0
-13 -15 0
-13 -16 0
-13 -17 0
-14 -15 0
-14 -16 0
-14 -17 0
-15 -16 0
-15 -17 0
-16 -17 0
12 13 14 15 16 17 0
-18 -19 0
-18 -20 0
-18 -21 0
-18 -22 0
-19 -20 0
-19 -21 0
-19 -22 0
-20 -21 0
-20 -22 0
-21 -22 0
18 19 20 21 22 0
-12 -18 0
-14 -19 0
-15 -20 0
-16 -21 0
-17 -22 0
1 -18 -13 0
2 -12 -20 0
2 -18 -15 0
3 -12 -21 0
3 -18 -16 0
4 -12 -22 0
4 -18 -17 0
5 -13 -19 0
6 -13 -20 0
7 -13 -22 0
8 -14 -21 0
8 -19 -16 0
9 -14 -22 0
9 -19 -17 0
10 -15 -21 0
10 -20 -16 0
-15 -22 0
-20 -17 0
11 -16 -22 0
11 -21 -17 0
-23 -24 0
-23 -25 0
-23 -26 0
-24 -25 0
-24 -26 0
-25 -26 0
23 24 25 26 0
-27 -28 0
-27 -29 0
-28 -29 0
27 28 29 0
-30 -31 0
-30 -32 0
-31 -32 0
30 31 32 0
-33 -34 0
-33 -35 0
-33 -36 0
-33 -37 0
-34 -35 0
-34 -36 0
-34 -37 0
-35 -36 0
-35 -37 0
-36 -37 0
33 34 35 36 37 0
-1 -24 -27 0
-1 -25 -28 0
-1 -26 -29 0
-2 -23 -30 0
-2 -25 -31 0
-2 -26 -32 0
-3 -23 0
-4 -23 -33 0
-4 -24 -34 0
-4 -25 -35 0
-4 -26 -36 0
-6 -28 -31 0
-6 -29 -32 0
-7 -27 -34 0
-7 -28 -35 0
-7 -29 -36 0
-9 -37 0
-10 -30 0
-11 -33 0
