p cnf 19 96
1 2 -3 0
1 -2 3 0
-1 2 3 0
-1 -2 -3 0
4 5 6 7 8 0
4 5 6 -7 -8 0
4 5 -6 7 -8 0
4 5 -6 -7 8 0
4 -5 6 7 -8 0
4 -5 6 -7 8 0
4 -5 -6 7 8 0
4 -5 -6 -7 -8 0
-4 5 6 7 -8 0
-4 5 6 -7 8 0
-4 5 -6 7 8 0
-4 5 -6 -7 -8 0
-4 -5 6 7 8 0
-4 -5 6 -7 -8 0
-4 -5 -6 7 -8 0
-4 -5 -6 -7 8 0
1 9 10 0
1 -9 -10 0
-1 9 -10 0
-1 -9 10 0
4 11 12 -13 0
4 11 -12 13 0
4 -11 12 13 0
4 -11 -12 -13 0
-4 11 12 13 0
-4 11 -12 -13 0
-4 -11 12 -13 0
-4 -11 -12 13 0
2 14 15 16 -17 0
2 14 15 -16 17 0
2 14 -15 16 17 0
2 14 -15 -16 -17 0
2 -14 15 16 17 0
2 -14 15 -16 -17 0
2 -14 -15 16 -17 0
2 -14 -15 -16 17 0
-2 14 15 16 17 0
-2 14 15 -16 -17 0
-2 14 -15 16 -17 0
-2 14 -15 -16 17 0
-2 -14 15 16 -17 0
-2 -14 15 -16 17 0
-2 -14 -15 16 17 0
-2 -14 -15 -16 -17 0
5 9 11 14 -18 0
5 9 11 -14 18 0
5 9 -11 14 18 0
5 9 -11 -14 -18 0
5 -9 11 14 18 0
5 -9 11 -14 -18 0
5 -9 -11 14 -18 0
5 -9 -11 -14 18 0
-5 9 11 14 18 0
-5 9 11 -14 -18 0
-5 9 -11 14 -18 0
-5 9 -11 -14 18 0
-5 -9 11 14 -18 0
-5 -9 11 -14 18 0
-5 -9 -11 14 18 0
-5 -9 -11 -14 -18 0
6 10 15 19 0
6 10 -15 -19 0
6 -10 15 -19 0
6 -10 -15 19 0
-6 10 15 -19 0
-6 10 -15 19 0
-6 -10 15 19 0
-6 -10 -15 -19 0
7 12 16 -19 0
7 12 -16 19 0
7 -12 16 19 0
7 -12 -16 -19 0
-7 12 16 19 0
-7 12 -16 -19 0
-7 -12 16 -19 0
-7 -12 -16 19 0
3 8 13 17 18 0
3 8 13 -17 -18 0
3 8 -13 17 -18 0
3 8 -13 -17 18 0
3 -8 13 17 -18 0
3 -8 13 -17 18 0
3 -8 -13 17 18 0
3 -8 -13 -17 -18 0
-3 8 13 17 -18 0
-3 8 13 -17 18 0
-3 8 -13 17 18 0
-3 8 -13 -17 -18 0
-3 -8 13 17 18 0
-3 -8 13 -17 -18 0
-3 -8 -13 17 -18 0
-3 -8 -13 -17 18 0
