p cnf 84 288
18 19 20 21 22 23 24 25 0
34 35 36 37 38 39 40 41 42 0
-1 -9 0
-1 -18 0
-1 -26 0
-1 -34 0
-1 -43 0
-1 -53 0
-1 -68 0
-1 -77 0
-9 -18 0
-9 -26 0
-9 -34 0
-9 -43 0
-9 -53 0
-9 -68 0
-9 -77 0
-18 -26 0
-18 -34 0
-18 -43 0
-18 -53 0
-18 -68 0
-18 -77 0
-26 -34 0
-26 -43 0
-26 -53 0
-26 -68 0
-26 -77 0
-34 -43 0
-34 -53 0
-34 -68 0
-34 -77 0
-43 -53 0
-43 -68 0
-43 -77 0
-53 -68 0
-53 -77 0
-68 -77 0
-19 -35 0
-19 -44 0
-19 -54 0
-19 -60 0
-19 -69 0
-19 -78 0
-35 -44 0
-35 -54 0
-35 -60 0
-35 -69 0
-35 -78 0
-44 -54 0
-44 -60 0
-44 -69 0
-44 -78 0
-54 -60 0
-54 -69 0
-54 -78 0
-60 -69 0
-60 -78 0
-69 -78 0
-2 -10 0
-2 -20 0
-2 -36 0
-2 -55 0
-2 -61 0
-2 -70 0
-10 -20 0
-10 -36 0
-10 -55 0
-10 -61 0
-10 -70 0
-20 -36 0
-20 -55 0
-20 -61 0
-20 -70 0
-36 -55 0
-36 -61 0
-36 -70 0
-55 -61 0
-55 -70 0
-61 -70 0
-3 -11 0
-3 -21 0
-3 -27 0
-3 -45 0
-3 -56 0
-3 -62 0
-3 -71 0
-3 -79 0
-11 -21 0
-11 -27 0
-11 -45 0
-11 -56 0
-11 -62 0
-11 -71 0
-11 -79 0
-21 -27 0
-21 -45 0
-21 -56 0
-21 -62 0
-21 -71 0
-21 -79 0
-27 -45 0
-27 -56 0
-27 -62 0
-27 -71 0
-27 -79 0
-45 -56 0
-45 -62 0
-45 -71 0
-45 -79 0
-56 -62 0
-56 -71 0
-56 -79 0
-62 -71 0
-62 -79 0
-71 -79 0
-4 -12 0
-4 -37 0
-4 -46 0
-4 -63 0
-4 -72 0
-12 -37 0
-12 -46 0
-12 -63 0
-12 -72 0
-37 -46 0
-37 -63 0
-37 -72 0
-46 -63 0
-46 -72 0
-63 -72 0
-5 -13 0
-5 -28 0
-5 -38 0
-5 -47 0
-5 -64 0
-5 -73 0
-5 -80 0
-13 -28 0
-13 -38 0
-13 -47 0
-13 -64 0
-13 -73 0
-13 -80 0
-28 -38 0
-28 -47 0
-28 -64 0
-28 -73 0
-28 -80 0
-38 -47 0
-38 -64 0
-38 -73 0
-38 -80 0
-47 -64 0
-47 -73 0
-47 -80 0
-64 -73 0
-64 -80 0
-73 -80 0
-14 -22 0
-14 -29 0
-14 -39 0
-14 -48 0
-14 -65 0
-14 -81 0
-22 -29 0
-22 -39 0
-22 -48 0
-22 -65 0
-22 -81 0
-29 -39 0
-29 -48 0
-29 -65 0
-29 -81 0
-39 -48 0
-39 -65 0
-39 -81 0
-48 -65 0
-48 -81 0
-65 -81 0
-23 -30 0
-23 -49 0
-23 -57 0
-23 -66 0
-23 -74 0
-23 -82 0
-30 -49 0
-30 -57 0
-30 -66 0
-30 -74 0
-30 -82 0
-49 -57 0
-49 -66 0
-49 -74 0
-49 -82 0
-57 -66 0
-57 -74 0
-57 -82 0
-66 -74 0
-66 -82 0
-74 -82 0
-6 -15 0
-6 -24 0
-6 -31 0
-6 -40 0
-6 -50 0
-6 -83 0
-15 -24 0
-15 -31 0
-15 -40 0
-15 -50 0
-15 -83 0
-24 -31 0
-24 -40 0
-24 -50 0
-24 -83 0
-31 -40 0
-31 -50 0
-31 -83 0
-40 -50 0
-40 -83 0
-50 -83 0
-7 -16 0
-7 -25 0
-7 -32 0
-7 -41 0
-7 -51 0
-7 -58 0
-7 -67 0
-7 -75 0
-7 -84 0
-16 -25 0
-16 -32 0
-16 -41 0
-16 -51 0
-16 -58 0
-16 -67 0
-16 -75 0
-16 -84 0
-25 -32 0
-25 -41 0
-25 -51 0
-25 -58 0
-25 -67 0
-25 -75 0
-25 -84 0
-32 -41 0
-32 -51 0
-32 -58 0
-32 -67 0
-32 -75 0
-32 -84 0
-41 -51 0
-41 -58 0
-41 -67 0
-41 -75 0
-41 -84 0
-51 -58 0
-51 -67 0
-51 -75 0
-51 -84 0
-58 -67 0
-58 -75 0
-58 -84 0
-67 -75 0
-67 -84 0
-75 -84 0
-8 -17 0
-8 -33 0
-8 -42 0
-8 -52 0
-8 -59 0
-8 -76 0
-17 -33 0
-17 -42 0
-17 -52 0
-17 -59 0
-17 -76 0
-33 -42 0
-33 -52 0
-33 -59 0
-33 -76 0
-42 -52 0
-42 -59 0
-42 -76 0
-52 -59 0
-52 -76 0
-59 -76 0
