p cnf 102 270
1 2 3 0
-1 -2 0
-1 -3 0
-2 -3 0
4 5 6 0
-4 -5 0
-4 -6 0
-5 -6 0
7 8 0
-7 -8 0
9 10 0
-9 -10 0
11 12 0
-11 -12 0
13 14 15 16 0
-13 -14 0
-13 -15 0
-13 -16 0
-14 -15 0
-14 -16 0
-15 -16 0
17 18 19 0
-17 -18 0
-17 -19 0
-18 -19 0
20 21 22 23 0
-20 -21 0
-20 -22 0
-20 -23 0
-21 -22 0
-21 -23 0
-22 -23 0
24 25 0
-24 -25 0
26 27 28 29 0
-26 -27 0
-26 -28 0
-26 -29 0
-27 -28 0
-27 -29 0
-28 -29 0
30 31 32 33 0
-30 -31 0
-30 -32 0
-30 -33 0
-31 -32 0
-31 -33 0
-32 -33 0
34 35 36 37 0
-34 -35 0
-34 -36 0
-34 -37 0
-35 -36 0
-35 -37 0
-36 -37 0
38 39 0
-38 -39 0
40 41 42 0
-40 -41 0
-40 -42 0
-41 -42 0
43 44 45 46 0
-43 -44 0
-43 -45 0
-43 -46 0
-44 -45 0
-44 -46 0
-45 -46 0
47 48 49 0
-47 -48 0
-47 -49 0
-48 -49 0
50 51 0
-50 -51 0
52 53 54 0
-52 -53 0
-52 -54 0
-53 -54 0
55 56 0
-55 -56 0
57 58 0
-57 -58 0
59 60 61 0
-59 -60 0
-59 -61 0
-60 -61 0
62 63 64 65 0
-62 -63 0
-62 -64 0
-62 -65 0
-63 -64 0
-63 -65 0
-64 -65 0
66 67 0
-66 -67 0
68 69 70 0
-68 -69 0
-68 -70 0
-69 -70 0
71 72 73 0
-71 -72 0
-71 -73 0
-72 -73 0
74 75 76 0
-74 -75 0
-74 -76 0
-75 -76 0
77 78 79 80 0
-77 -78 0
-77 -79 0
-77 -80 0
-78 -79 0
-78 -80 0
-79 -80 0
81 82 83 0
-81 -82 0
-81 -83 0
-82 -83 0
84 85 86 87 0
-84 -85 0
-84 -86 0
-84 -87 0
-85 -86 0
-85 -87 0
-86 -87 0
88 89 90 91 0
-88 -89 0
-88 -90 0
-88 -91 0
-89 -90 0
-89 -91 0
-90 -91 0
92 93 94 0
-92 -93 0
-92 -94 0
-93 -94 0
95 96 0
-95 -96 0
97 98 99 0
-97 -98 0
-97 -99 0
-98 -99 0
100 101 102 0
-100 -101 0
-100 -102 0
-101 -102 0
-1 -13 0
-2 -14 0
-3 -15 0
-1 -71 0
-2 -72 0
-1 -84 0
-2 -85 0
-3 -86 0
-4 -7 0
-6 -8 0
-4 -21 0
-5 -22 0
-6 -23 0
-4 -24 0
-6 -25 0
-4 -57 0
-6 -58 0
-5 -66 0
-6 -67 0
-4 -82 0
-6 -83 0
-7 -17 0
-8 -19 0
-7 -44 0
-8 -46 0
-8 -49 0
-8 -76 0
-8 -102 0
-9 -41 0
-10 -42 0
-9 -55 0
-10 -56 0
-11 -22 0
-12 -23 0
-11 -64 0
-12 -65 0
-13 -20 0
-14 -21 0
-15 -22 0
-16 -23 0
-13 -34 0
-14 -35 0
-15 -36 0
-16 -37 0
-13 -92 0
-15 -93 0
-16 -94 0
-17 -35 0
-18 -36 0
-19 -37 0
-18 -93 0
-19 -94 0
-22 -55 0
-23 -56 0
-20 -100 0
-22 -101 0
-23 -102 0
-24 -72 0
-25 -73 0
-24 -78 0
-25 -80 0
-30 -34 0
-31 -35 0
-32 -36 0
-33 -37 0
-31 -52 0
-32 -53 0
-33 -54 0
-35 -59 0
-36 -60 0
-37 -61 0
-34 -84 0
-35 -85 0
-36 -86 0
-37 -87 0
-38 -50 0
-38 -95 0
-39 -102 0
-40 -85 0
-41 -86 0
-42 -87 0
-43 -71 0
-44 -72 0
-46 -73 0
-43 -84 0
-44 -85 0
-45 -86 0
-46 -87 0
-44 -97 0
-45 -98 0
-46 -99 0
-47 -100 0
-48 -101 0
-49 -102 0
-51 -55 0
-50 -82 0
-51 -101 0
-53 -55 0
-54 -56 0
-52 -72 0
-54 -73 0
-52 -97 0
-53 -98 0
-54 -99 0
-55 -86 0
-56 -87 0
-59 -78 0
-60 -79 0
-61 -80 0
-62 -68 0
-63 -69 0
-65 -70 0
-62 -92 0
-64 -93 0
-65 -94 0
-68 -88 0
-69 -89 0
-70 -91 0
-74 -100 0
-75 -101 0
-76 -102 0
-96 -101 0
-98 -101 0
-99 -102 0
