p cnf 47 452
-10 -11 0
-10 -12 0
-10 -13 0
-10 -14 0
-10 -15 0
-10 -16 0
-10 -17 0
-11 -12 0
-11 -13 0
-11 -14 0
-11 -15 0
-11 -16 0
-11 -17 0
-12 -13 0
-12 -14 0
-12 -15 0
-12 -16 0
-12 -17 0
-13 -14 0
-13 -15 0
-13 -16 0
-13 -17 0
-14 -15 0
-14 -16 0
-14 -17 0
-15 -16 0
-15 -17 0
-16 -17 0
-18 -19 0
-18 -20 0
-18 -21 0
-18 -22 0
-18 -23 0
-18 -24 0
-18 -25 0
-19 -20 0
-19 -21 0
-19 -22 0
-19 -23 0
-19 -24 0
-19 -25 0
-20 -21 0
-20 -22 0
-20 -23 0
-20 -24 0
-20 -25 0
-21 -22 0
-21 -23 0
-21 -24 0
-21 -25 0
-22 -23 0
-22 -24 0
-22 -25 0
-23 -24 0
-23 -25 0
-24 -25 0
-26 -27 0
-26 -28 0
-26 -29 0
-26 -30 0
-26 -31 0
-26 -32 0
-26 -33 0
-27 -28 0
-27 -29 0
-27 -30 0
-27 -31 0
-27 -32 0
-27 -33 0
-28 -29 0
-28 -30 0
-28 -31 0
-28 -32 0
-28 -33 0
-29 -30 0
-29 -31 0
-29 -32 0
-29 -33 0
-30 -31 0
-30 -32 0
-30 -33 0
-31 -32 0
-31 -33 0
-32 -33 0
-34 -35 0
-34 -36 0
-34 -37 0
-34 -38 0
-34 -39 0
-34 -40 0
-34 -41 0
-35 -36 0
-35 -37 0
-35 -38 0
-35 -39 0
-35 -40 0
-35 -41 0
-36 -37 0
-36 -38 0
-36 -39 0
-36 -40 0
-36 -41 0
-37 -38 0
-37 -39 0
-37 -40 0
-37 -41 0
-38 -39 0
-38 -40 0
-38 -41 0
-39 -40 0
-39 -41 0
-40 -41 0
-42 -43 0
-42 -44 0
-43 -44 0
-45 -46 0
-45 -47 0
-46 -47 0
-11 -10 0
-12 -10 0
-13 -10 0
-14 -10 0
-15 -10 0
-16 -10 0
-17 -10 0
-12 -11 0
-13 -11 0
-14 -11 0
-15 -11 0
-16 -11 0
-17 -11 0
-13 -12 0
-14 -12 0
-15 -12 0
-16 -12 0
-17 -12 0
-14 -13 0
-15 -13 0
-16 -13 0
-17 -13 0
-15 -14 0
-16 -14 0
-17 -14 0
-16 -15 0
-17 -15 0
-17 -16 0
-11 -18 0
-12 -18 0
-13 -18 0
-14 -18 0
-15 -18 0
-16 -18 0
-17 -18 0
-12 -19 0
-13 -19 0
-14 -19 0
-15 -19 0
-16 -19 0
-17 -19 0
-13 -20 0
-14 -20 0
-15 -20 0
-16 -20 0
-17 -20 0
-14 -21 0
-15 -21 0
-16 -21 0
-17 -21 0
-15 -22 0
-16 -22 0
-17 -22 0
-16 -23 0
-17 -23 0
-17 -24 0
-11 -26 0
-12 -26 0
-13 -26 0
-14 -26 0
-15 -26 0
-16 -26 0
-17 -26 0
-12 -27 0
-13 -27 0
-14 -27 0
-15 -27 0
-16 -27 0
-17 -27 0
-13 -28 0
-14 -28 0
-15 -28 0
-16 -28 0
-17 -28 0
-14 -29 0
-15 -29 0
-16 -29 0
-17 -29 0
-15 -30 0
-16 -30 0
-17 -30 0
-16 -31 0
-17 -31 0
-17 -32 0
-11 -34 0
-12 -34 0
-13 -34 0
-14 -34 0
-15 -34 0
-16 -34 0
-17 -34 0
-12 -35 0
-13 -35 0
-14 -35 0
-15 -35 0
-16 -35 0
-17 -35 0
-13 -36 0
-14 -36 0
-15 -36 0
-16 -36 0
-17 -36 0
-14 -37 0
-15 -37 0
-16 -37 0
-17 -37 0
-15 -38 0
-16 -38 0
-17 -38 0
-16 -39 0
-17 -39 0
-17 -40 0
-19 -18 0
-20 -18 0
-21 -18 0
-22 -18 0
-23 -18 0
-24 -18 0
-25 -18 0
-20 -19 0
-21 -19 0
-22 -19 0
-23 -19 0
-24 -19 0
-25 -19 0
-21 -20 0
-22 -20 0
-23 -20 0
-24 -20 0
-25 -20 0
-22 -21 0
-23 -21 0
-24 -21 0
-25 -21 0
-23 -22 0
-24 -22 0
-25 -22 0
-24 -23 0
-25 -23 0
-25 -24 0
-19 -26 0
-20 -26 0
-21 -26 0
-22 -26 0
-23 -26 0
-24 -26 0
-25 -26 0
-20 -27 0
-21 -27 0
-22 -27 0
-23 -27 0
-24 -27 0
-25 -27 0
-21 -28 0
-22 -28 0
-23 -28 0
-24 -28 0
-25 -28 0
-22 -29 0
-23 -29 0
-24 -29 0
-25 -29 0
-23 -30 0
-24 -30 0
-25 -30 0
-24 -31 0
-25 -31 0
-25 -32 0
-19 -34 0
-20 -34 0
-21 -34 0
-22 -34 0
-23 -34 0
-24 -34 0
-25 -34 0
-20 -35 0
-21 -35 0
-22 -35 0
-23 -35 0
-24 -35 0
-25 -35 0
-21 -36 0
-22 -36 0
-23 -36 0
-24 -36 0
-25 -36 0
-22 -37 0
-23 -37 0
-24 -37 0
-25 -37 0
-23 -38 0
-24 -38 0
-25 -38 0
-24 -39 0
-25 -39 0
-25 -40 0
-27 -26 0
-28 -26 0
-29 -26 0
-30 -26 0
-31 -26 0
-32 -26 0
-33 -26 0
-28 -27 0
-29 -27 0
-30 -27 0
-31 -27 0
-32 -27 0
-33 -27 0
-29 -28 0
-30 -28 0
-31 -28 0
-32 -28 0
-33 -28 0
-30 -29 0
-31 -29 0
-32 -29 0
-33 -29 0
-31 -30 0
-32 -30 0
-33 -30 0
-32 -31 0
-33 -31 0
-33 -32 0
-27 -34 0
-28 -34 0
-29 -34 0
-30 -34 0
-31 -34 0
-32 -34 0
-33 -34 0
-28 -35 0
-29 -35 0
-30 -35 0
-31 -35 0
-32 -35 0
-33 -35 0
-29 -36 0
-30 -36 0
-31 -36 0
-32 -36 0
-33 -36 0
-30 -37 0
-31 -37 0
-32 -37 0
-33 -37 0
-31 -38 0
-32 -38 0
-33 -38 0
-32 -39 0
-33 -39 0
-33 -40 0
-35 -34 0
-36 -34 0
-37 -34 0
-38 -34 0
-39 -34 0
-40 -34 0
-41 -34 0
-36 -35 0
-37 -35 0
-38 -35 0
-39 -35 0
-40 -35 0
-41 -35 0
-37 -36 0
-38 -36 0
-39 -36 0
-40 -36 0
-41 -36 0
-38 -37 0
-39 -37 0
-40 -37 0
-41 -37 0
-39 -38 0
-40 -38 0
-41 -38 0
-40 -39 0
-41 -39 0
-41 -40 0
-43 -42 0
-44 -42 0
-44 -43 0
-43 -45 0
-44 -45 0
-44 -46 0
-46 -45 0
-47 -45 0
-47 -46 0
-10 1 0
-11 2 0
-12 3 0
-13 4 0
-14 5 0
-15 6 0
-16 7 0
-18 1 0
-19 2 0
-20 3 0
-21 4 0
-22 5 0
-23 6 0
-24 7 0
-26 1 0
-27 2 0
-28 3 0
-29 4 0
-30 5 0
-31 6 0
-32 7 0
-34 1 0
-35 2 0
-36 3 0
-37 4 0
-38 5 0
-39 6 0
-40 7 0
-43 8 0
-44 9 0
-46 8 0
-47 9 0
-1 10 18 26 34 0
-2 11 19 27 35 0
-3 12 20 28 36 0
-4 13 21 29 37 0
-5 14 22 30 38 0
-6 15 23 31 39 0
-7 16 24 32 40 0
-8 43 46 0
-9 44 47 0
1 2 4 8 9 0
1 2 5 8 9 0
1 2 6 8 9 0
7 8 0
