p cnf 112 458
1 2 3 4 0
-1 -2 0
-1 -3 0
-1 -4 0
-2 -3 0
-2 -4 0
-3 -4 0
5 6 7 8 0
-5 -6 0
-5 -7 0
-5 -8 0
-6 -7 0
-6 -8 0
-7 -8 0
9 10 11 0
-9 -10 0
-9 -11 0
-10 -11 0
12 13 14 15 0
-12 -13 0
-12 -14 0
-12 -15 0
-13 -14 0
-13 -15 0
-14 -15 0
16 17 18 19 20 0
-16 -17 0
-16 -18 0
-16 -19 0
-16 -20 0
-17 -18 0
-17 -19 0
-17 -20 0
-18 -19 0
-18 -20 0
-19 -20 0
21 22 23 24 0
-21 -22 0
-21 -23 0
-21 -24 0
-22 -23 0
-22 -24 0
-23 -24 0
25 26 27 0
-25 -26 0
-25 -27 0
-26 -27 0
28 29 30 31 32 0
-28 -29 0
-28 -30 0
-28 -31 0
-28 -32 0
-29 -30 0
-29 -31 0
-29 -32 0
-30 -31 0
-30 -32 0
-31 -32 0
33 34 35 0
-33 -34 0
-33 -35 0
-34 -35 0
36 37 38 39 40 0
-36 -37 0
-36 -38 0
-36 -39 0
-36 -40 0
-37 -38 0
-37 -39 0
-37 -40 0
-38 -39 0
-38 -40 0
-39 -40 0
41 42 43 44 45 0
-41 -42 0
-41 -43 0
-41 -44 0
-41 -45 0
-42 -43 0
-42 -44 0
-42 -45 0
-43 -44 0
-43 -45 0
-44 -45 0
46 47 48 49 50 0
-46 -47 0
-46 -48 0
-46 -49 0
-46 -50 0
-47 -48 0
-47 -49 0
-47 -50 0
-48 -49 0
-48 -50 0
-49 -50 0
51 52 53 54 55 0
-51 -52 0
-51 -53 0
-51 -54 0
-51 -55 0
-52 -53 0
-52 -54 0
-52 -55 0
-53 -54 0
-53 -55 0
-54 -55 0
56 57 58 59 0
-56 -57 0
-56 -58 0
-56 -59 0
-57 -58 0
-57 -59 0
-58 -59 0
60 61 62 63 64 0
-60 -61 0
-60 -62 0
-60 -63 0
-60 -64 0
-61 -62 0
-61 -63 0
-61 -64 0
-62 -63 0
-62 -64 0
-63 -64 0
65 66 67 68 69 0
-65 -66 0
-65 -67 0
-65 -68 0
-65 -69 0
-66 -67 0
-66 -68 0
-66 -69 0
-67 -68 0
-67 -69 0
-68 -69 0
70 71 72 0
-70 -71 0
-70 -72 0
-71 -72 0
73 74 75 76 77 0
-73 -74 0
-73 -75 0
-73 -76 0
-73 -77 0
-74 -75 0
-74 -76 0
-74 -77 0
-75 -76 0
-75 -77 0
-76 -77 0
78 79 80 81 0
-78 -79 0
-78 -80 0
-78 -81 0
-79 -80 0
-79 -81 0
-80 -81 0
82 83 84 85 0
-82 -83 0
-82 -84 0
-82 -85 0
-83 -84 0
-83 -85 0
-84 -85 0
86 87 88 89 0
-86 -87 0
-86 -88 0
-86 -89 0
-87 -88 0
-87 -89 0
-88 -89 0
90 91 92 0
-90 -91 0
-90 -92 0
-91 -92 0
93 94 95 96 0
-93 -94 0
-93 -95 0
-93 -96 0
-94 -95 0
-94 -96 0
-95 -96 0
97 98 99 100 0
-97 -98 0
-97 -99 0
-97 -100 0
-98 -99 0
-98 -100 0
-99 -100 0
101 102 103 104 0
-101 -102 0
-101 -103 0
-101 -104 0
-102 -103 0
-102 -104 0
-103 -104 0
105 106 107 108 0
-105 -106 0
-105 -107 0
-105 -108 0
-106 -107 0
-106 -108 0
-107 -108 0
109 110 111 112 0
-109 -110 0
-109 -111 0
-109 -112 0
-110 -111 0
-110 -112 0
-111 -112 0
-1 -21 0
-2 -22 0
-3 -23 0
-4 -24 0
-1 -51 0
-2 -52 0
-3 -53 0
-4 -55 0
-1 -65 0
-2 -66 0
-3 -67 0
-4 -69 0
-5 -9 0
-6 -10 0
-8 -11 0
-5 -34 0
-8 -35 0
-5 -52 0
-6 -53 0
-7 -54 0
-8 -55 0
-5 -61 0
-6 -62 0
-7 -63 0
-8 -64 0
-5 -66 0
-6 -67 0
-7 -68 0
-8 -69 0
-5 -70 0
-6 -71 0
-8 -72 0
-5 -102 0
-6 -103 0
-8 -104 0
-5 -106 0
-7 -107 0
-8 -108 0
-9 -22 0
-10 -23 0
-11 -24 0
-9 -29 0
-10 -30 0
-11 -32 0
-9 -61 0
-10 -62 0
-11 -64 0
-9 -66 0
-10 -67 0
-11 -69 0
-9 -74 0
-10 -75 0
-11 -77 0
-9 -82 0
-10 -83 0
-11 -85 0
-9 -91 0
-10 -92 0
-9 -109 0
-10 -110 0
-11 -112 0
-12 -17 0
-13 -18 0
-14 -19 0
-15 -20 0
-12 -47 0
-13 -48 0
-14 -49 0
-15 -50 0
-12 -79 0
-13 -80 0
-15 -81 0
-12 -93 0
-13 -94 0
-14 -95 0
-15 -96 0
-16 -28 0
-17 -29 0
-18 -30 0
-19 -31 0
-20 -32 0
-16 -97 0
-17 -98 0
-19 -99 0
-20 -100 0
-17 -109 0
-18 -110 0
-19 -111 0
-20 -112 0
-21 -73 0
-22 -74 0
-23 -75 0
-24 -77 0
-22 -82 0
-23 -83 0
-24 -85 0
-21 -97 0
-22 -98 0
-24 -100 0
-21 -101 0
-22 -102 0
-23 -103 0
-24 -104 0
-21 -105 0
-22 -106 0
-24 -108 0
-25 -47 0
-26 -48 0
-27 -50 0
-25 -52 0
-26 -53 0
-27 -55 0
-25 -61 0
-26 -62 0
-27 -64 0
-25 -66 0
-26 -67 0
-27 -69 0
-25 -79 0
-26 -80 0
-27 -81 0
-25 -87 0
-27 -89 0
-25 -98 0
-27 -100 0
-28 -86 0
-29 -87 0
-31 -88 0
-32 -89 0
-28 -97 0
-29 -98 0
-31 -99 0
-32 -100 0
-33 -36 0
-34 -37 0
-35 -40 0
-33 -86 0
-34 -87 0
-35 -89 0
-37 -70 0
-38 -71 0
-40 -72 0
-42 -109 0
-43 -110 0
-44 -111 0
-45 -112 0
-46 -60 0
-47 -61 0
-48 -62 0
-49 -63 0
-50 -64 0
-46 -65 0
-47 -66 0
-48 -67 0
-49 -68 0
-50 -69 0
-46 -86 0
-47 -87 0
-49 -88 0
-50 -89 0
-51 -73 0
-52 -74 0
-53 -75 0
-54 -76 0
-55 -77 0
-51 -78 0
-52 -79 0
-53 -80 0
-55 -81 0
-51 -97 0
-52 -98 0
-54 -99 0
-55 -100 0
-52 -109 0
-53 -110 0
-54 -111 0
-55 -112 0
-57 -70 0
-59 -72 0
-56 -73 0
-57 -74 0
-58 -76 0
-59 -77 0
-56 -90 0
-57 -91 0
-57 -109 0
-58 -111 0
-59 -112 0
-60 -78 0
-61 -79 0
-62 -80 0
-64 -81 0
-60 -105 0
-61 -106 0
-63 -107 0
-64 -108 0
-66 -70 0
-67 -71 0
-69 -72 0
-70 -82 0
-71 -83 0
-72 -85 0
-70 -93 0
-71 -94 0
-72 -96 0
-73 -86 0
-74 -87 0
-76 -88 0
-77 -89 0
-73 -90 0
-74 -91 0
-75 -92 0
-74 -93 0
-75 -94 0
-76 -95 0
-77 -96 0
-73 -101 0
-74 -102 0
-75 -103 0
-77 -104 0
-74 -109 0
-75 -110 0
-76 -111 0
-77 -112 0
-79 -109 0
-80 -110 0
-81 -112 0
-82 -93 0
-83 -94 0
-84 -95 0
-85 -96 0
-82 -98 0
-84 -99 0
-85 -100 0
-86 -90 0
-87 -91 0
-93 -98 0
-95 -99 0
-96 -100 0
-93 -106 0
-95 -107 0
-96 -108 0
-101 -105 0
-102 -106 0
-104 -108 0
-106 -109 0
-107 -111 0
-108 -112 0
