p cnf 82 296
1 2 3 4 0
-1 -2 0
-1 -3 0
-1 -4 0
-2 -3 0
-2 -4 0
-3 -4 0
5 6 0
-5 -6 0
7 8 0
-7 -8 0
9 10 11 12 0
-9 -10 0
-9 -11 0
-9 -12 0
-10 -11 0
-10 -12 0
-11 -12 0
13 14 15 0
-13 -14 0
-13 -15 0
-14 -15 0
16 17 18 19 0
-16 -17 0
-16 -18 0
-16 -19 0
-17 -18 0
-17 -19 0
-18 -19 0
20 21 22 0
-20 -21 0
-20 -22 0
-21 -22 0
23 24 25 0
-23 -24 0
-23 -25 0
-24 -25 0
26 27 28 0
-26 -27 0
-26 -28 0
-27 -28 0
29 30 31 0
-29 -30 0
-29 -31 0
-30 -31 0
32 33 0
-32 -33 0
34 35 0
-34 -35 0
36 37 38 0
-36 -37 0
-36 -38 0
-37 -38 0
39 40 0
-39 -40 0
41 42 43 44 0
-41 -42 0
-41 -43 0
-41 -44 0
-42 -43 0
-42 -44 0
-43 -44 0
45 46 0
-45 -46 0
47 48 49 50 0
-47 -48 0
-47 -49 0
-47 -50 0
-48 -49 0
-48 -50 0
-49 -50 0
51 52 53 0
-51 -52 0
-51 -53 0
-52 -53 0
54 55 56 0
-54 -55 0
-54 -56 0
-55 -56 0
57 58 59 60 0
-57 -58 0
-57 -59 0
-57 -60 0
-58 -59 0
-58 -60 0
-59 -60 0
61 62 63 64 0
-61 -62 0
-61 -63 0
-61 -64 0
-62 -63 0
-62 -64 0
-63 -64 0
65 66 67 0
-65 -66 0
-65 -67 0
-66 -67 0
68 69 70 0
-68 -69 0
-68 -70 0
-69 -70 0
71 72 73 74 0
-71 -72 0
-71 -73 0
-71 -74 0
-72 -73 0
-72 -74 0
-73 -74 0
75 76 77 78 0
-75 -76 0
-75 -77 0
-75 -78 0
-76 -77 0
-76 -78 0
-77 -78 0
79 80 81 82 0
-79 -80 0
-79 -81 0
-79 -82 0
-80 -81 0
-80 -82 0
-81 -82 0
-1 -13 0
-2 -14 0
-4 -15 0
-1 -29 0
-2 -30 0
-4 -31 0
-1 -47 0
-2 -48 0
-3 -49 0
-4 -50 0
-1 -51 0
-2 -52 0
-4 -53 0
-1 -54 0
-3 -55 0
-4 -56 0
-1 -65 0
-2 -66 0
-4 -67 0
-1 -75 0
-2 -76 0
-3 -77 0
-4 -78 0
-5 -7 0
-6 -8 0
-5 -16 0
-6 -19 0
-5 -34 0
-5 -39 0
-5 -51 0
-6 -53 0
-7 -13 0
-8 -15 0
-7 -26 0
-7 -41 0
-8 -44 0
-7 -65 0
-8 -67 0
-7 -75 0
-8 -78 0
-7 -79 0
-8 -82 0
-9 -26 0
-10 -27 0
-11 -28 0
-9 -51 0
-10 -52 0
-12 -53 0
-9 -57 0
-10 -58 0
-11 -59 0
-12 -60 0
-9 -65 0
-10 -66 0
-12 -67 0
-13 -41 0
-14 -42 0
-15 -44 0
-13 -45 0
-14 -46 0
-13 -61 0
-14 -62 0
-15 -64 0
-13 -68 0
-15 -70 0
-13 -79 0
-14 -80 0
-15 -82 0
-16 -20 0
-17 -21 0
-19 -22 0
-16 -41 0
-17 -42 0
-18 -43 0
-19 -44 0
-16 -45 0
-17 -46 0
-16 -71 0
-17 -72 0
-18 -73 0
-19 -74 0
-20 -29 0
-21 -30 0
-22 -31 0
-20 -45 0
-21 -46 0
-20 -68 0
-22 -70 0
-23 -34 0
-24 -35 0
-23 -47 0
-24 -48 0
-25 -50 0
-23 -57 0
-24 -58 0
-25 -60 0
-23 -61 0
-24 -62 0
-25 -64 0
-29 -68 0
-31 -70 0
-29 -79 0
-30 -80 0
-31 -82 0
-32 -63 0
-33 -64 0
-33 -67 0
-32 -73 0
-33 -74 0
-34 -39 0
-34 -47 0
-35 -48 0
-34 -54 0
-34 -61 0
-35 -62 0
-34 -79 0
-35 -80 0
-36 -57 0
-37 -58 0
-38 -60 0
-36 -61 0
-37 -62 0
-38 -64 0
-36 -75 0
-37 -76 0
-38 -78 0
-39 -47 0
-40 -49 0
-39 -54 0
-40 -55 0
-39 -61 0
-40 -63 0
-41 -51 0
-42 -52 0
-44 -53 0
-41 -68 0
-43 -69 0
-44 -70 0
-45 -47 0
-46 -48 0
-45 -54 0
-45 -65 0
-46 -66 0
-47 -51 0
-48 -52 0
-50 -53 0
-47 -61 0
-48 -62 0
-49 -63 0
-50 -64 0
-47 -79 0
-48 -80 0
-49 -81 0
-50 -82 0
-51 -61 0
-52 -62 0
-53 -64 0
-51 -68 0
-53 -70 0
-51 -75 0
-52 -76 0
-53 -78 0
-57 -61 0
-58 -62 0
-59 -63 0
-60 -64 0
-57 -79 0
-58 -80 0
-59 -81 0
-60 -82 0
-75 -79 0
-76 -80 0
-77 -81 0
-78 -82 0
