p cnf 107 821
-1 -2 0
-1 -3 0
-1 -4 0
-1 -5 0
-1 -6 0
-1 -7 0
-1 -8 0
-1 -9 0
-2 -3 0
-2 -4 0
-2 -5 0
-2 -6 0
-2 -7 0
-2 -8 0
-2 -9 0
-3 -4 0
-3 -5 0
-3 -6 0
-3 -7 0
-3 -8 0
-3 -9 0
-4 -5 0
-4 -6 0
-4 -7 0
-4 -8 0
-4 -9 0
-5 -6 0
-5 -7 0
-5 -8 0
-5 -9 0
-6 -7 0
-6 -8 0
-6 -9 0
-7 -8 0
-7 -9 0
-8 -9 0
1 2 3 4 5 6 7 8 9 0
-1 -10 0
-1 -11 0
-1 -12 0
-1 -13 0
-1 -14 0
-1 -15 0
-1 -16 0
-1 -17 0
-10 -11 0
-10 -12 0
-10 -13 0
-10 -14 0
-10 -15 0
-10 -16 0
-10 -17 0
-11 -12 0
-11 -13 0
-11 -14 0
-11 -15 0
-11 -16 0
-11 -17 0
-12 -13 0
-12 -14 0
-12 -15 0
-12 -16 0
-12 -17 0
-13 -14 0
-13 -15 0
-13 -16 0
-13 -17 0
-14 -15 0
-14 -16 0
-14 -17 0
-15 -16 0
-15 -17 0
-16 -17 0
1 10 11 12 13 14 15 16 17 0
-10 -18 0
-10 -19 0
-10 -20 0
-10 -21 0
-10 -22 0
-10 -23 0
-10 -24 0
-10 -25 0
-10 -26 0
-18 -19 0
-18 -20 0
-18 -21 0
-18 -22 0
-18 -23 0
-18 -24 0
-18 -25 0
-18 -26 0
-19 -20 0
-19 -21 0
-19 -22 0
-19 -23 0
-19 -24 0
-19 -25 0
-19 -26 0
-20 -21 0
-20 -22 0
-20 -23 0
-20 -24 0
-20 -25 0
-20 -26 0
-21 -22 0
-21 -23 0
-21 -24 0
-21 -25 0
-21 -26 0
-22 -23 0
-22 -24 0
-22 -25 0
-22 -26 0
-23 -24 0
-23 -25 0
-23 -26 0
-24 -25 0
-24 -26 0
-25 -26 0
10 18 19 20 21 22 23 24 25 26 0
-11 -27 0
-11 -28 0
-11 -29 0
-11 -30 0
-11 -31 0
-11 -32 0
-11 -33 0
-11 -34 0
-27 -28 0
-27 -29 0
-27 -30 0
-27 -31 0
-27 -32 0
-27 -33 0
-27 -34 0
-28 -29 0
-28 -30 0
-28 -31 0
-28 -32 0
-28 -33 0
-28 -34 0
-29 -30 0
-29 -31 0
-29 -32 0
-29 -33 0
-29 -34 0
-30 -31 0
-30 -32 0
-30 -33 0
-30 -34 0
-31 -32 0
-31 -33 0
-31 -34 0
-32 -33 0
-32 -34 0
-33 -34 0
11 27 28 29 30 31 32 33 34 0
-35 -36 0
-35 -37 0
-35 -38 0
-35 -39 0
-35 -40 0
-36 -37 0
-36 -38 0
-36 -39 0
-36 -40 0
-37 -38 0
-37 -39 0
-37 -40 0
-38 -39 0
-38 -40 0
-39 -40 0
35 36 37 38 39 40 0
-12 -41 0
-12 -42 0
-12 -43 0
-12 -44 0
-12 -45 0
-41 -42 0
-41 -43 0
-41 -44 0
-41 -45 0
-42 -43 0
-42 -44 0
-42 -45 0
-43 -44 0
-43 -45 0
-44 -45 0
12 41 42 43 44 45 0
-18 -35 0
-18 -46 0
-18 -47 0
-18 -48 0
-35 -46 0
-35 -47 0
-35 -48 0
-46 -47 0
-46 -48 0
-47 -48 0
18 35 46 47 48 0
-2 -13 0
-2 -19 0
-2 -27 0
-2 -36 0
-2 -49 0
-2 -50 0
-2 -51 0
-2 -52 0
-2 -53 0
-13 -19 0
-13 -27 0
-13 -36 0
-13 -49 0
-13 -50 0
-13 -51 0
-13 -52 0
-13 -53 0
-19 -27 0
-19 -36 0
-19 -49 0
-19 -50 0
-19 -51 0
-19 -52 0
-19 -53 0
-27 -36 0
-27 -49 0
-27 -50 0
-27 -51 0
-27 -52 0
-27 -53 0
-36 -49 0
-36 -50 0
-36 -51 0
-36 -52 0
-36 -53 0
-49 -50 0
-49 -51 0
-49 -52 0
-49 -53 0
-50 -51 0
-50 -52 0
-50 -53 0
-51 -52 0
-51 -53 0
-52 -53 0
2 13 19 27 36 49 50 51 52 53 0
-14 -28 0
-14 -49 0
-14 -54 0
-14 -55 0
-14 -56 0
-14 -57 0
-14 -58 0
-14 -59 0
-28 -49 0
-28 -54 0
-28 -55 0
-28 -56 0
-28 -57 0
-28 -58 0
-28 -59 0
-49 -54 0
-49 -55 0
-49 -56 0
-49 -57 0
-49 -58 0
-49 -59 0
-54 -55 0
-54 -56 0
-54 -57 0
-54 -58 0
-54 -59 0
-55 -56 0
-55 -57 0
-55 -58 0
-55 -59 0
-56 -57 0
-56 -58 0
-56 -59 0
-57 -58 0
-57 -59 0
-58 -59 0
14 28 49 54 55 56 57 58 59 0
-20 -54 0
-20 -60 0
-20 -61 0
-20 -62 0
-20 -63 0
-20 -64 0
-20 -65 0
-20 -66 0
-54 -60 0
-54 -61 0
-54 -62 0
-54 -63 0
-54 -64 0
-54 -65 0
-54 -66 0
-60 -61 0
-60 -62 0
-60 -63 0
-60 -64 0
-60 -65 0
-60 -66 0
-61 -62 0
-61 -63 0
-61 -64 0
-61 -65 0
-61 -66 0
-62 -63 0
-62 -64 0
-62 -65 0
-62 -66 0
-63 -64 0
-63 -65 0
-63 -66 0
-64 -65 0
-64 -66 0
-65 -66 0
20 54 60 61 62 63 64 65 66 0
-37 -46 0
-37 -67 0
-37 -68 0
-37 -69 0
-37 -70 0
-37 -71 0
-37 -72 0
-46 -67 0
-46 -68 0
-46 -69 0
-46 -70 0
-46 -71 0
-46 -72 0
-67 -68 0
-67 -69 0
-67 -70 0
-67 -71 0
-67 -72 0
-68 -69 0
-68 -70 0
-68 -71 0
-68 -72 0
-69 -70 0
-69 -71 0
-69 -72 0
-70 -71 0
-70 -72 0
-71 -72 0
37 46 67 68 69 70 71 72 0
-50 -73 0
-50 -74 0
-50 -75 0
-50 -76 0
-73 -74 0
-73 -75 0
-73 -76 0
-74 -75 0
-74 -76 0
-75 -76 0
50 73 74 75 76 0
-77 -78 0
-77 -79 0
-78 -79 0
77 78 79 0
-3 -29 0
-3 -41 0
-3 -47 0
-3 -55 0
-29 -41 0
-29 -47 0
-29 -55 0
-41 -47 0
-41 -55 0
-47 -55 0
3 29 41 47 55 0
-21 -30 0
-21 -42 0
-21 -80 0
-30 -42 0
-30 -80 0
-42 -80 0
21 30 42 80 0
-4 -60 0
-4 -67 0
-4 -81 0
-4 -82 0
-4 -83 0
-4 -84 0
-4 -85 0
-60 -67 0
-60 -81 0
-60 -82 0
-60 -83 0
-60 -84 0
-60 -85 0
-67 -81 0
-67 -82 0
-67 -83 0
-67 -84 0
-67 -85 0
-81 -82 0
-81 -83 0
-81 -84 0
-81 -85 0
-82 -83 0
-82 -84 0
-82 -85 0
-83 -84 0
-83 -85 0
-84 -85 0
4 60 67 81 82 83 84 85 0
-5 -15 0
-5 -43 0
-5 -51 0
-5 -56 0
-5 -73 0
-5 -77 0
-5 -81 0
-5 -86 0
-5 -87 0
-5 -88 0
-5 -89 0
-15 -43 0
-15 -51 0
-15 -56 0
-15 -73 0
-15 -77 0
-15 -81 0
-15 -86 0
-15 -87 0
-15 -88 0
-15 -89 0
-43 -51 0
-43 -56 0
-43 -73 0
-43 -77 0
-43 -81 0
-43 -86 0
-43 -87 0
-43 -88 0
-43 -89 0
-51 -56 0
-51 -73 0
-51 -77 0
-51 -81 0
-51 -86 0
-51 -87 0
-51 -88 0
-51 -89 0
-56 -73 0
-56 -77 0
-56 -81 0
-56 -86 0
-56 -87 0
-56 -88 0
-56 -89 0
-73 -77 0
-73 -81 0
-73 -86 0
-73 -87 0
-73 -88 0
-73 -89 0
-77 -81 0
-77 -86 0
-77 -87 0
-77 -88 0
-77 -89 0
-81 -86 0
-81 -87 0
-81 -88 0
-81 -89 0
-86 -87 0
-86 -88 0
-86 -89 0
-87 -88 0
-87 -89 0
-88 -89 0
5 15 43 51 56 73 77 81 86 87 88 89 0
-61 -82 0
-61 -90 0
-61 -91 0
-61 -92 0
-82 -90 0
-82 -91 0
-82 -92 0
-90 -91 0
-90 -92 0
-91 -92 0
61 82 90 91 92 0
-62 -80 0
-62 -93 0
-62 -94 0
-62 -95 0
-80 -93 0
-80 -94 0
-80 -95 0
-93 -94 0
-93 -95 0
-94 -95 0
62 80 93 94 95 0
-31 -38 0
-31 -44 0
-31 -78 0
-31 -96 0
-31 -97 0
-31 -98 0
-38 -44 0
-38 -78 0
-38 -96 0
-38 -97 0
-38 -98 0
-44 -78 0
-44 -96 0
-44 -97 0
-44 -98 0
-78 -96 0
-78 -97 0
-78 -98 0
-96 -97 0
-96 -98 0
-97 -98 0
31 38 44 78 96 97 98 0
-22 -57 0
-22 -63 0
-22 -68 0
-22 -90 0
-22 -93 0
-22 -96 0
-22 -99 0
-22 -100 0
-22 -101 0
-57 -63 0
-57 -68 0
-57 -90 0
-57 -93 0
-57 -96 0
-57 -99 0
-57 -100 0
-57 -101 0
-63 -68 0
-63 -90 0
-63 -93 0
-63 -96 0
-63 -99 0
-63 -100 0
-63 -101 0
-68 -90 0
-68 -93 0
-68 -96 0
-68 -99 0
-68 -100 0
-68 -101 0
-90 -93 0
-90 -96 0
-90 -99 0
-90 -100 0
-90 -101 0
-93 -96 0
-93 -99 0
-93 -100 0
-93 -101 0
-96 -99 0
-96 -100 0
-96 -101 0
-99 -100 0
-99 -101 0
-100 -101 0
22 57 63 68 90 93 96 99 100 101 0
-23 -58 0
-23 -64 0
-23 -69 0
-23 -86 0
-23 -102 0
-23 -103 0
-23 -104 0
-58 -64 0
-58 -69 0
-58 -86 0
-58 -102 0
-58 -103 0
-58 -104 0
-64 -69 0
-64 -86 0
-64 -102 0
-64 -103 0
-64 -104 0
-69 -86 0
-69 -102 0
-69 -103 0
-69 -104 0
-86 -102 0
-86 -103 0
-86 -104 0
-102 -103 0
-102 -104 0
-103 -104 0
23 58 64 69 86 102 103 104 0
-6 -16 0
-6 -39 0
-6 -52 0
-6 -65 0
-6 -70 0
-6 -79 0
-6 -87 0
-6 -91 0
-6 -94 0
-6 -105 0
-16 -39 0
-16 -52 0
-16 -65 0
-16 -70 0
-16 -79 0
-16 -87 0
-16 -91 0
-16 -94 0
-16 -105 0
-39 -52 0
-39 -65 0
-39 -70 0
-39 -79 0
-39 -87 0
-39 -91 0
-39 -94 0
-39 -105 0
-52 -65 0
-52 -70 0
-52 -79 0
-52 -87 0
-52 -91 0
-52 -94 0
-52 -105 0
-65 -70 0
-65 -79 0
-65 -87 0
-65 -91 0
-65 -94 0
-65 -105 0
-70 -79 0
-70 -87 0
-70 -91 0
-70 -94 0
-70 -105 0
-79 -87 0
-79 -91 0
-79 -94 0
-79 -105 0
-87 -91 0
-87 -94 0
-87 -105 0
-91 -94 0
-91 -105 0
-94 -105 0
6 16 39 52 65 70 79 87 91 94 105 0
-7 -17 0
-7 -32 0
-7 -40 0
-7 -74 0
-7 -92 0
-7 -99 0
-7 -102 0
-7 -106 0
-17 -32 0
-17 -40 0
-17 -74 0
-17 -92 0
-17 -99 0
-17 -102 0
-17 -106 0
-32 -40 0
-32 -74 0
-32 -92 0
-32 -99 0
-32 -102 0
-32 -106 0
-40 -74 0
-40 -92 0
-40 -99 0
-40 -102 0
-40 -106 0
-74 -92 0
-74 -99 0
-74 -102 0
-74 -106 0
-92 -99 0
-92 -102 0
-92 -106 0
-99 -102 0
-99 -106 0
-102 -106 0
7 17 32 40 74 92 99 102 106 0
-8 -24 0
-8 -33 0
-8 -53 0
-8 -71 0
-8 -75 0
-8 -83 0
-8 -105 0
-8 -107 0
-24 -33 0
-24 -53 0
-24 -71 0
-24 -75 0
-24 -83 0
-24 -105 0
-24 -107 0
-33 -53 0
-33 -71 0
-33 -75 0
-33 -83 0
-33 -105 0
-33 -107 0
-53 -71 0
-53 -75 0
-53 -83 0
-53 -105 0
-53 -107 0
-71 -75 0
-71 -83 0
-71 -105 0
-71 -107 0
-75 -83 0
-75 -105 0
-75 -107 0
-83 -105 0
-83 -107 0
-105 -107 0
8 24 33 53 71 75 83 105 107 0
-25 -84 0
-25 -97 0
-25 -100 0
-25 -107 0
-84 -97 0
-84 -100 0
-84 -107 0
-97 -100 0
-97 -107 0
-100 -107 0
25 84 97 100 107 0
-59 -72 0
-59 -88 0
-59 -98 0
-59 -101 0
-59 -103 0
-72 -88 0
-72 -98 0
-72 -101 0
-72 -103 0
-88 -98 0
-88 -101 0
-88 -103 0
-98 -101 0
-98 -103 0
-101 -103 0
59 72 88 98 101 103 0
-9 -26 0
-9 -34 0
-9 -45 0
-9 -48 0
-9 -66 0
-9 -76 0
-9 -85 0
-9 -89 0
-9 -95 0
-9 -104 0
-9 -106 0
-26 -34 0
-26 -45 0
-26 -48 0
-26 -66 0
-26 -76 0
-26 -85 0
-26 -89 0
-26 -95 0
-26 -104 0
-26 -106 0
-34 -45 0
-34 -48 0
-34 -66 0
-34 -76 0
-34 -85 0
-34 -89 0
-34 -95 0
-34 -104 0
-34 -106 0
-45 -48 0
-45 -66 0
-45 -76 0
-45 -85 0
-45 -89 0
-45 -95 0
-45 -104 0
-45 -106 0
-48 -66 0
-48 -76 0
-48 -85 0
-48 -89 0
-48 -95 0
-48 -104 0
-48 -106 0
-66 -76 0
-66 -85 0
-66 -89 0
-66 -95 0
-66 -104 0
-66 -106 0
-76 -85 0
-76 -89 0
-76 -95 0
-76 -104 0
-76 -106 0
-85 -89 0
-85 -95 0
-85 -104 0
-85 -106 0
-89 -95 0
-89 -104 0
-89 -106 0
-95 -104 0
-95 -106 0
-104 -106 0
9 26 34 45 48 66 76 85 89 95 104 106 0
