p cnf 38 270
1 2 3 4 0
1 2 3 4 5 0
1 2 3 5 0
1 2 4 5 0
1 3 4 5 0
2 3 4 5 0
6 7 8 9 10 0
6 7 8 9 11 0
6 7 8 9 12 0
6 7 8 10 11 0
6 7 8 10 12 0
6 7 8 11 12 0
6 7 9 10 11 0
6 7 9 10 12 0
6 7 9 11 12 0
6 7 10 11 12 0
6 8 9 10 11 0
6 8 9 10 12 0
6 8 9 11 12 0
6 8 10 11 12 0
6 9 10 11 12 0
7 8 9 10 11 0
7 8 9 10 12 0
7 8 9 11 12 0
7 8 10 11 12 0
7 9 10 11 12 0
8 9 10 11 12 0
13 14 15 16 0
13 14 15 0
13 14 16 0
13 15 16 0
14 15 16 0
13 14 15 16 0
17 18 19 20 21 0
22 23 24 25 0
30 31 32 0
30 31 33 0
30 31 34 0
30 32 33 0
30 32 34 0
30 33 34 0
30 31 32 33 0
30 31 32 34 0
30 31 33 34 0
30 32 33 34 0
30 31 32 33 0
30 31 32 34 0
30 31 33 34 0
30 32 33 34 0
30 31 32 33 34 0
31 32 33 0
31 32 34 0
31 33 34 0
32 33 34 0
31 32 33 34 0
31 32 33 34 0
35 36 0
35 36 37 0
35 36 38 0
35 36 37 0
35 36 38 0
35 36 37 38 0
35 36 37 0
35 36 38 0
35 36 37 38 0
35 36 37 38 0
35 37 0
35 38 0
35 37 38 0
35 37 38 0
35 37 38 0
36 37 0
36 38 0
36 37 38 0
36 37 38 0
36 37 38 0
37 38 0
-17 -26 0
-17 -26 -35 0
-17 -35 0
-26 -35 0
-17 -26 -35 0
-17 -26 -35 0
-6 -18 0
-6 -18 -27 0
-6 -18 -30 0
-6 -18 -36 0
-6 -27 0
-6 -30 0
-6 -36 0
-6 -27 -30 0
-6 -27 -36 0
-6 -30 -36 0
-6 -18 -27 0
-6 -18 -30 0
-6 -18 -36 0
-6 -18 -27 -30 0
-6 -18 -27 -36 0
-6 -18 -30 -36 0
-6 -27 -30 0
-6 -27 -36 0
-6 -30 -36 0
-6 -27 -30 -36 0
-18 -27 0
-18 -30 0
-18 -36 0
-18 -27 -30 0
-18 -27 -36 0
-18 -30 -36 0
-27 -30 0
-27 -36 0
-30 -36 0
-27 -30 -36 0
-18 -27 -30 0
-18 -27 -36 0
-18 -30 -36 0
-18 -27 -30 -36 0
-27 -30 -36 0
-6 -18 -27 0
-6 -18 -30 0
-6 -18 -36 0
-6 -18 -27 -30 0
-6 -18 -27 -36 0
-6 -18 -30 -36 0
-6 -27 -30 0
-6 -27 -36 0
-6 -30 -36 0
-6 -27 -30 -36 0
-6 -18 -27 -30 0
-6 -18 -27 -36 0
-6 -18 -30 -36 0
-6 -18 -27 -30 -36 0
-6 -27 -30 -36 0
-18 -27 -30 0
-18 -27 -36 0
-18 -30 -36 0
-18 -27 -30 -36 0
-27 -30 -36 0
-18 -27 -30 -36 0
-1 -7 -13 0
-1 -7 -13 0
-1 -7 -13 0
-1 -7 0
-1 -13 0
-7 -13 0
-2 -8 -14 -19 -22 0
-2 -8 -14 -19 -28 0
-2 -8 -14 -22 -28 0
-2 -8 -19 -22 -28 0
-2 -14 -19 -22 -28 0
-8 -14 -19 -22 -28 0
-3 -9 -15 -23 0
-3 -9 -15 0
-3 -9 -15 -31 0
-3 -9 -15 -23 0
-3 -9 -15 -23 -31 0
-3 -9 -15 -31 0
-3 -9 -23 0
-3 -9 -23 -31 0
-3 -9 -31 0
-3 -9 -23 -31 0
-3 -15 -23 0
-3 -15 -23 -31 0
-3 -15 -31 0
-3 -15 -23 -31 0
-3 -23 -31 0
-9 -15 -23 0
-9 -15 -23 -31 0
-9 -15 -31 0
-9 -15 -23 -31 0
-9 -23 -31 0
-15 -23 -31 0
-4 -10 -24 0
-4 -10 0
-4 -10 -32 0
-4 -10 -37 0
-4 -10 -24 0
-4 -10 -24 -32 0
-4 -10 -24 -37 0
-4 -10 -32 0
-4 -10 -37 0
-4 -10 -32 -37 0
-4 -10 -24 0
-4 -10 -24 -32 0
-4 -10 -24 -37 0
-4 -10 -32 0
-4 -10 -37 0
-4 -10 -32 -37 0
-4 -10 -24 -32 0
-4 -10 -24 -37 0
-4 -10 -24 -32 -37 0
-4 -10 -32 -37 0
-4 -24 0
-4 -24 -32 0
-4 -24 -37 0
-4 -32 0
-4 -37 0
-4 -32 -37 0
-4 -24 -32 0
-4 -24 -37 0
-4 -24 -32 -37 0
-4 -32 -37 0
-4 -24 -32 0
-4 -24 -37 0
-4 -24 -32 -37 0
-4 -32 -37 0
-4 -24 -32 -37 0
-10 -24 0
-10 -24 -32 0
-10 -24 -37 0
-10 -32 0
-10 -37 0
-10 -32 -37 0
-10 -24 -32 0
-10 -24 -37 0
-10 -24 -32 -37 0
-10 -32 -37 0
-10 -24 -32 0
-10 -24 -37 0
-10 -24 -32 -37 0
-10 -32 -37 0
-10 -24 -32 -37 0
-24 -32 0
-24 -37 0
-24 -32 -37 0
-32 -37 0
-24 -32 -37 0
-24 -32 -37 0
-11 -16 -20 -29 0
-11 -16 -20 -33 0
-11 -16 -20 0
-11 -16 -20 -29 -33 0
-11 -16 -20 -29 0
-11 -16 -20 -33 0
-11 -16 -29 -33 0
-11 -16 -29 0
-11 -16 -33 0
-11 -16 -29 -33 0
-11 -20 -29 -33 0
-11 -20 -29 0
-11 -20 -33 0
-11 -20 -29 -33 0
-11 -29 -33 0
-16 -20 -29 -33 0
-16 -20 -29 0
-16 -20 -33 0
-16 -20 -29 -33 0
-16 -29 -33 0
-20 -29 -33 0
-5 -12 -21 -25 0
-5 -12 -21 -25 -34 0
-5 -12 -21 -25 -38 0
-5 -12 -21 -34 0
-5 -12 -21 -38 0
-5 -12 -21 -34 -38 0
-5 -12 -25 -34 0
-5 -12 -25 -38 0
-5 -12 -25 -34 -38 0
-5 -12 -34 -38 0
-5 -21 -25 -34 0
-5 -21 -25 -38 0
-5 -21 -25 -34 -38 0
-5 -21 -34 -38 0
-5 -25 -34 -38 0
-12 -21 -25 -34 0
-12 -21 -25 -38 0
-12 -21 -25 -34 -38 0
-12 -21 -34 -38 0
-12 -25 -34 -38 0
-21 -25 -34 -38 0
