p cnf 60 181
1 2 3 0
-1 -2 0
-1 -3 0
-2 -3 0
4 5 6 7 0
-4 -5 0
-4 -6 0
-4 -7 0
-5 -6 0
-5 -7 0
-6 -7 0
8 9 10 0
-8 -9 0
-8 -10 0
-9 -10 0
11 12 13 0
-11 -12 0
-11 -13 0
-12 -13 0
14 15 16 0
-14 -15 0
-14 -16 0
-15 -16 0
17 18 19 20 0
-17 -18 0
-17 -19 0
-17 -20 0
-18 -19 0
-18 -20 0
-19 -20 0
21 22 23 0
-21 -22 0
-21 -23 0
-22 -23 0
24 25 0
-24 -25 0
26 27 0
-26 -27 0
28 29 30 31 0
-28 -29 0
-28 -30 0
-28 -31 0
-29 -30 0
-29 -31 0
-30 -31 0
32 33 0
-32 -33 0
34 35 0
-34 -35 0
36 37 38 0
-36 -37 0
-36 -38 0
-37 -38 0
39 40 0
-39 -40 0
41 42 43 0
-41 -42 0
-41 -43 0
-42 -43 0
44 45 0
-44 -45 0
46 47 48 49 0
-46 -47 0
-46 -48 0
-46 -49 0
-47 -48 0
-47 -49 0
-48 -49 0
50 51 52 0
-50 -51 0
-50 -52 0
-51 -52 0
53 54 0
-53 -54 0
55 56 57 0
-55 -56 0
-55 -57 0
-56 -57 0
58 59 60 0
-58 -59 0
-58 -60 0
-59 -60 0
-1 -11 0
-3 -13 0
-1 -17 0
-2 -18 0
-3 -20 0
-1 -24 0
-2 -25 0
-1 -26 0
-3 -27 0
-1 -28 0
-2 -29 0
-3 -31 0
-2 -34 0
-3 -35 0
-1 -41 0
-3 -43 0
-4 -17 0
-5 -18 0
-6 -19 0
-7 -20 0
-4 -32 0
-6 -33 0
-5 -53 0
-7 -54 0
-8 -26 0
-8 -36 0
-9 -37 0
-9 -55 0
-10 -56 0
-11 -26 0
-13 -27 0
-11 -28 0
-12 -30 0
-13 -31 0
-11 -36 0
-13 -38 0
-11 -46 0
-12 -48 0
-13 -49 0
-12 -56 0
-13 -57 0
-15 -39 0
-16 -40 0
-14 -46 0
-15 -47 0
-16 -49 0
-15 -55 0
-16 -57 0
-18 -39 0
-20 -40 0
-17 -41 0
-19 -42 0
-20 -43 0
-17 -58 0
-18 -59 0
-20 -60 0
-21 -41 0
-23 -42 0
-21 -46 0
-22 -47 0
-23 -48 0
-22 -53 0
-22 -55 0
-23 -56 0
-24 -32 0
-25 -34 0
-25 -53 0
-24 -58 0
-25 -59 0
-26 -32 0
-27 -40 0
-26 -41 0
-27 -43 0
-26 -58 0
-27 -60 0
-29 -34 0
-31 -35 0
-28 -36 0
-29 -37 0
-31 -38 0
-29 -53 0
-31 -54 0
-32 -44 0
-33 -45 0
-33 -56 0
-35 -43 0
-36 -41 0
-38 -43 0
-37 -53 0
-38 -54 0
-40 -43 0
-39 -59 0
-40 -60 0
-41 -44 0
-42 -45 0
-42 -56 0
-43 -57 0
-44 -46 0
-45 -48 0
