p cnf 85 566
-1 -2 0
-1 -3 0
-1 -4 0
-1 -5 0
-1 -6 0
-2 -3 0
-2 -4 0
-2 -5 0
-2 -6 0
-3 -4 0
-3 -5 0
-3 -6 0
-4 -5 0
-4 -6 0
-5 -6 0
1 2 3 4 5 6 0
-7 -8 0
-7 -9 0
-7 -10 0
-7 -11 0
-8 -9 0
-8 -10 0
-8 -11 0
-9 -10 0
-9 -11 0
-10 -11 0
7 8 9 10 11 0
-12 -13 0
-12 -14 0
-12 -15 0
-13 -14 0
-13 -15 0
-14 -15 0
12 13 14 15 0
-7 -12 0
-7 -16 0
-7 -17 0
-7 -18 0
-7 -19 0
-7 -20 0
-7 -21 0
-7 -22 0
-7 -23 0
-12 -16 0
-12 -17 0
-12 -18 0
-12 -19 0
-12 -20 0
-12 -21 0
-12 -22 0
-12 -23 0
-16 -17 0
-16 -18 0
-16 -19 0
-16 -20 0
-16 -21 0
-16 -22 0
-16 -23 0
-17 -18 0
-17 -19 0
-17 -20 0
-17 -21 0
-17 -22 0
-17 -23 0
-18 -19 0
-18 -20 0
-18 -21 0
-18 -22 0
-18 -23 0
-19 -20 0
-19 -21 0
-19 -22 0
-19 -23 0
-20 -21 0
-20 -22 0
-20 -23 0
-21 -22 0
-21 -23 0
-22 -23 0
7 12 16 17 18 19 20 21 22 23 0
-24 -25 0
-24 -26 0
-24 -27 0
-25 -26 0
-25 -27 0
-26 -27 0
24 25 26 27 0
-28 -29 0
-28 -30 0
-29 -30 0
28 29 30 0
-28 -31 0
-28 -32 0
-28 -33 0
-28 -34 0
-28 -35 0
-28 -36 0
-31 -32 0
-31 -33 0
-31 -34 0
-31 -35 0
-31 -36 0
-32 -33 0
-32 -34 0
-32 -35 0
-32 -36 0
-33 -34 0
-33 -35 0
-33 -36 0
-34 -35 0
-34 -36 0
-35 -36 0
28 31 32 33 34 35 36 0
-1 -24 0
-1 -37 0
-1 -38 0
-1 -39 0
-1 -40 0
-1 -41 0
-1 -42 0
-1 -43 0
-1 -44 0
-1 -45 0
-1 -46 0
-24 -37 0
-24 -38 0
-24 -39 0
-24 -40 0
-24 -41 0
-24 -42 0
-24 -43 0
-24 -44 0
-24 -45 0
-24 -46 0
-37 -38 0
-37 -39 0
-37 -40 0
-37 -41 0
-37 -42 0
-37 -43 0
-37 -44 0
-37 -45 0
-37 -46 0
-38 -39 0
-38 -40 0
-38 -41 0
-38 -42 0
-38 -43 0
-38 -44 0
-38 -45 0
-38 -46 0
-39 -40 0
-39 -41 0
-39 -42 0
-39 -43 0
-39 -44 0
-39 -45 0
-39 -46 0
-40 -41 0
-40 -42 0
-40 -43 0
-40 -44 0
-40 -45 0
-40 -46 0
-41 -42 0
-41 -43 0
-41 -44 0
-41 -45 0
-41 -46 0
-42 -43 0
-42 -44 0
-42 -45 0
-42 -46 0
-43 -44 0
-43 -45 0
-43 -46 0
-44 -45 0
-44 -46 0
-45 -46 0
1 24 37 38 39 40 41 42 43 44 45 46 0
-2 -16 0
-2 -29 0
-2 -31 0
-2 -47 0
-2 -48 0
-2 -49 0
-2 -50 0
-2 -51 0
-16 -29 0
-16 -31 0
-16 -47 0
-16 -48 0
-16 -49 0
-16 -50 0
-16 -51 0
-29 -31 0
-29 -47 0
-29 -48 0
-29 -49 0
-29 -50 0
-29 -51 0
-31 -47 0
-31 -48 0
-31 -49 0
-31 -50 0
-31 -51 0
-47 -48 0
-47 -49 0
-47 -50 0
-47 -51 0
-48 -49 0
-48 -50 0
-48 -51 0
-49 -50 0
-49 -51 0
-50 -51 0
2 16 29 31 47 48 49 50 51 0
-3 -17 0
-3 -52 0
-3 -53 0
-3 -54 0
-3 -55 0
-17 -52 0
-17 -53 0
-17 -54 0
-17 -55 0
-52 -53 0
-52 -54 0
-52 -55 0
-53 -54 0
-53 -55 0
-54 -55 0
3 17 52 53 54 55 0
-4 -8 0
-4 -25 0
-4 -32 0
-4 -37 0
-4 -56 0
-4 -57 0
-4 -58 0
-8 -25 0
-8 -32 0
-8 -37 0
-8 -56 0
-8 -57 0
-8 -58 0
-25 -32 0
-25 -37 0
-25 -56 0
-25 -57 0
-25 -58 0
-32 -37 0
-32 -56 0
-32 -57 0
-32 -58 0
-37 -56 0
-37 -57 0
-37 -58 0
-56 -57 0
-56 -58 0
-57 -58 0
4 8 25 32 37 56 57 58 0
-52 -56 0
-52 -59 0
-52 -60 0
-56 -59 0
-56 -60 0
-59 -60 0
52 56 59 60 0
-33 -59 0
-33 -61 0
-33 -62 0
-33 -63 0
-59 -61 0
-59 -62 0
-59 -63 0
-61 -62 0
-61 -63 0
-62 -63 0
33 59 61 62 63 0
-18 -38 0
-18 -47 0
-18 -64 0
-18 -65 0
-38 -47 0
-38 -64 0
-38 -65 0
-47 -64 0
-47 -65 0
-64 -65 0
18 38 47 64 65 0
-19 -39 0
-19 -48 0
-19 -66 0
-19 -67 0
-19 -68 0
-19 -69 0
-19 -70 0
-39 -48 0
-39 -66 0
-39 -67 0
-39 -68 0
-39 -69 0
-39 -70 0
-48 -66 0
-48 -67 0
-48 -68 0
-48 -69 0
-48 -70 0
-66 -67 0
-66 -68 0
-66 -69 0
-66 -70 0
-67 -68 0
-67 -69 0
-67 -70 0
-68 -69 0
-68 -70 0
-69 -70 0
19 39 48 66 67 68 69 70 0
-5 -13 0
-5 -40 0
-5 -49 0
-5 -61 0
-5 -71 0
-13 -40 0
-13 -49 0
-13 -61 0
-13 -71 0
-40 -49 0
-40 -61 0
-40 -71 0
-49 -61 0
-49 -71 0
-61 -71 0
5 13 40 49 61 71 0
-20 -66 0
-20 -72 0
-20 -73 0
-20 -74 0
-66 -72 0
-66 -73 0
-66 -74 0
-72 -73 0
-72 -74 0
-73 -74 0
20 66 72 73 74 0
-9 -21 0
-9 -34 0
-9 -57 0
-9 -60 0
-9 -67 0
-9 -72 0
-9 -75 0
-9 -76 0
-21 -34 0
-21 -57 0
-21 -60 0
-21 -67 0
-21 -72 0
-21 -75 0
-21 -76 0
-34 -57 0
-34 -60 0
-34 -67 0
-34 -72 0
-34 -75 0
-34 -76 0
-57 -60 0
-57 -67 0
-57 -72 0
-57 -75 0
-57 -76 0
-60 -67 0
-60 -72 0
-60 -75 0
-60 -76 0
-67 -72 0
-67 -75 0
-67 -76 0
-72 -75 0
-72 -76 0
-75 -76 0
9 21 34 57 60 67 72 75 76 0
-10 -14 0
-10 -22 0
-10 -41 0
-10 -75 0
-10 -77 0
-10 -78 0
-10 -79 0
-14 -22 0
-14 -41 0
-14 -75 0
-14 -77 0
-14 -78 0
-14 -79 0
-22 -41 0
-22 -75 0
-22 -77 0
-22 -78 0
-22 -79 0
-41 -75 0
-41 -77 0
-41 -78 0
-41 -79 0
-75 -77 0
-75 -78 0
-75 -79 0
-77 -78 0
-77 -79 0
-78 -79 0
10 14 22 41 75 77 78 79 0
-15 -23 0
-15 -26 0
-15 -30 0
-15 -42 0
-15 -50 0
-15 -53 0
-15 -80 0
-15 -81 0
-15 -82 0
-23 -26 0
-23 -30 0
-23 -42 0
-23 -50 0
-23 -53 0
-23 -80 0
-23 -81 0
-23 -82 0
-26 -30 0
-26 -42 0
-26 -50 0
-26 -53 0
-26 -80 0
-26 -81 0
-26 -82 0
-30 -42 0
-30 -50 0
-30 -53 0
-30 -80 0
-30 -81 0
-30 -82 0
-42 -50 0
-42 -53 0
-42 -80 0
-42 -81 0
-42 -82 0
-50 -53 0
-50 -80 0
-50 -81 0
-50 -82 0
-53 -80 0
-53 -81 0
-53 -82 0
-80 -81 0
-80 -82 0
-81 -82 0
15 23 26 30 42 50 53 80 81 82 0
-27 -58 0
-27 -68 0
-27 -73 0
-27 -83 0
-58 -68 0
-58 -73 0
-58 -83 0
-68 -73 0
-68 -83 0
-73 -83 0
27 58 68 73 83 0
-6 -11 0
-6 -43 0
-6 -54 0
-6 -71 0
-6 -74 0
-6 -77 0
-6 -84 0
-11 -43 0
-11 -54 0
-11 -71 0
-11 -74 0
-11 -77 0
-11 -84 0
-43 -54 0
-43 -71 0
-43 -74 0
-43 -77 0
-43 -84 0
-54 -71 0
-54 -74 0
-54 -77 0
-54 -84 0
-71 -74 0
-71 -77 0
-71 -84 0
-74 -77 0
-74 -84 0
-77 -84 0
6 11 43 54 71 74 77 84 0
-35 -44 0
-35 -51 0
-35 -64 0
-35 -69 0
-35 -76 0
-35 -78 0
-35 -80 0
-35 -85 0
-44 -51 0
-44 -64 0
-44 -69 0
-44 -76 0
-44 -78 0
-44 -80 0
-44 -85 0
-51 -64 0
-51 -69 0
-51 -76 0
-51 -78 0
-51 -80 0
-51 -85 0
-64 -69 0
-64 -76 0
-64 -78 0
-64 -80 0
-64 -85 0
-69 -76 0
-69 -78 0
-69 -80 0
-69 -85 0
-76 -78 0
-76 -80 0
-76 -85 0
-78 -80 0
-78 -85 0
-80 -85 0
35 44 51 64 69 76 78 80 85 0
-45 -70 0
-45 -81 0
-45 -84 0
-70 -81 0
-70 -84 0
-81 -84 0
45 70 81 84 0
-36 -46 0
-36 -55 0
-36 -62 0
-36 -65 0
-36 -83 0
-46 -55 0
-46 -62 0
-46 -65 0
-46 -83 0
-55 -62 0
-55 -65 0
-55 -83 0
-62 -65 0
-62 -83 0
-65 -83 0
36 46 55 62 65 83 0
-63 -79 0
-63 -82 0
-63 -85 0
-79 -82 0
-79 -85 0
-82 -85 0
63 79 82 85 0
