p cnf 121 473
1 2 3 4 5 6 7 8 9 10 11 12 13 0
27 28 29 30 31 32 33 34 35 36 0
61 62 63 64 65 66 67 68 69 70 71 72 0
73 74 75 76 77 78 79 80 81 82 83 84 0
98 99 100 101 102 103 104 105 106 107 108 109 110 0
-1 -14 0
-1 -27 0
-1 -37 0
-1 -50 0
-1 -85 0
-1 -98 0
-1 -111 0
-14 -27 0
-14 -37 0
-14 -50 0
-14 -85 0
-14 -98 0
-14 -111 0
-27 -37 0
-27 -50 0
-27 -85 0
-27 -98 0
-27 -111 0
-37 -50 0
-37 -85 0
-37 -98 0
-37 -111 0
-50 -85 0
-50 -98 0
-50 -111 0
-85 -98 0
-85 -111 0
-98 -111 0
-2 -15 0
-2 -28 0
-2 -38 0
-2 -61 0
-2 -86 0
-2 -99 0
-15 -28 0
-15 -38 0
-15 -61 0
-15 -86 0
-15 -99 0
-28 -38 0
-28 -61 0
-28 -86 0
-28 -99 0
-38 -61 0
-38 -86 0
-38 -99 0
-61 -86 0
-61 -99 0
-86 -99 0
-3 -16 0
-3 -39 0
-3 -51 0
-3 -62 0
-3 -73 0
-3 -87 0
-3 -100 0
-3 -112 0
-16 -39 0
-16 -51 0
-16 -62 0
-16 -73 0
-16 -87 0
-16 -100 0
-16 -112 0
-39 -51 0
-39 -62 0
-39 -73 0
-39 -87 0
-39 -100 0
-39 -112 0
-51 -62 0
-51 -73 0
-51 -87 0
-51 -100 0
-51 -112 0
-62 -73 0
-62 -87 0
-62 -100 0
-62 -112 0
-73 -87 0
-73 -100 0
-73 -112 0
-87 -100 0
-87 -112 0
-100 -112 0
-17 -29 0
-17 -40 0
-17 -52 0
-17 -63 0
-17 -74 0
-17 -88 0
-17 -101 0
-29 -40 0
-29 -52 0
-29 -63 0
-29 -74 0
-29 -88 0
-29 -101 0
-40 -52 0
-40 -63 0
-40 -74 0
-40 -88 0
-40 -101 0
-52 -63 0
-52 -74 0
-52 -88 0
-52 -101 0
-63 -74 0
-63 -88 0
-63 -101 0
-74 -88 0
-74 -101 0
-88 -101 0
-4 -41 0
-4 -53 0
-4 -64 0
-4 -75 0
-4 -89 0
-4 -102 0
-4 -113 0
-41 -53 0
-41 -64 0
-41 -75 0
-41 -89 0
-41 -102 0
-41 -113 0
-53 -64 0
-53 -75 0
-53 -89 0
-53 -102 0
-53 -113 0
-64 -75 0
-64 -89 0
-64 -102 0
-64 -113 0
-75 -89 0
-75 -102 0
-75 -113 0
-89 -102 0
-89 -113 0
-102 -113 0
-5 -18 0
-5 -30 0
-5 -42 0
-5 -54 0
-5 -76 0
-5 -90 0
-5 -103 0
-5 -114 0
-18 -30 0
-18 -42 0
-18 -54 0
-18 -76 0
-18 -90 0
-18 -103 0
-18 -114 0
-30 -42 0
-30 -54 0
-30 -76 0
-30 -90 0
-30 -103 0
-30 -114 0
-42 -54 0
-42 -76 0
-42 -90 0
-42 -103 0
-42 -114 0
-54 -76 0
-54 -90 0
-54 -103 0
-54 -114 0
-76 -90 0
-76 -103 0
-76 -114 0
-90 -103 0
-90 -114 0
-103 -114 0
-6 -19 0
-6 -55 0
-6 -65 0
-6 -77 0
-6 -91 0
-6 -104 0
-6 -115 0
-19 -55 0
-19 -65 0
-19 -77 0
-19 -91 0
-19 -104 0
-19 -115 0
-55 -65 0
-55 -77 0
-55 -91 0
-55 -104 0
-55 -115 0
-65 -77 0
-65 -91 0
-65 -104 0
-65 -115 0
-77 -91 0
-77 -104 0
-77 -115 0
-91 -104 0
-91 -115 0
-104 -115 0
-7 -20 0
-7 -31 0
-7 -43 0
-7 -56 0
-7 -66 0
-7 -78 0
-7 -92 0
-7 -105 0
-7 -116 0
-20 -31 0
-20 -43 0
-20 -56 0
-20 -66 0
-20 -78 0
-20 -92 0
-20 -105 0
-20 -116 0
-31 -43 0
-31 -56 0
-31 -66 0
-31 -78 0
-31 -92 0
-31 -105 0
-31 -116 0
-43 -56 0
-43 -66 0
-43 -78 0
-43 -92 0
-43 -105 0
-43 -116 0
-56 -66 0
-56 -78 0
-56 -92 0
-56 -105 0
-56 -116 0
-66 -78 0
-66 -92 0
-66 -105 0
-66 -116 0
-78 -92 0
-78 -105 0
-78 -116 0
-92 -105 0
-92 -116 0
-105 -116 0
-8 -21 0
-8 -32 0
-8 -44 0
-8 -57 0
-8 -67 0
-8 -79 0
-8 -93 0
-8 -106 0
-8 -117 0
-21 -32 0
-21 -44 0
-21 -57 0
-21 -67 0
-21 -79 0
-21 -93 0
-21 -106 0
-21 -117 0
-32 -44 0
-32 -57 0
-32 -67 0
-32 -79 0
-32 -93 0
-32 -106 0
-32 -117 0
-44 -57 0
-44 -67 0
-44 -79 0
-44 -93 0
-44 -106 0
-44 -117 0
-57 -67 0
-57 -79 0
-57 -93 0
-57 -106 0
-57 -117 0
-67 -79 0
-67 -93 0
-67 -106 0
-67 -117 0
-79 -93 0
-79 -106 0
-79 -117 0
-93 -106 0
-93 -117 0
-106 -117 0
-9 -22 0
-9 -45 0
-9 -58 0
-9 -68 0
-9 -80 0
-9 -94 0
-9 -118 0
-22 -45 0
-22 -58 0
-22 -68 0
-22 -80 0
-22 -94 0
-22 -118 0
-45 -58 0
-45 -68 0
-45 -80 0
-45 -94 0
-45 -118 0
-58 -68 0
-58 -80 0
-58 -94 0
-58 -118 0
-68 -80 0
-68 -94 0
-68 -118 0
-80 -94 0
-80 -118 0
-94 -118 0
-10 -23 0
-10 -33 0
-10 -46 0
-10 -59 0
-10 -69 0
-10 -81 0
-10 -107 0
-10 -119 0
-23 -33 0
-23 -46 0
-23 -59 0
-23 -69 0
-23 -81 0
-23 -107 0
-23 -119 0
-33 -46 0
-33 -59 0
-33 -69 0
-33 -81 0
-33 -107 0
-33 -119 0
-46 -59 0
-46 -69 0
-46 -81 0
-46 -107 0
-46 -119 0
-59 -69 0
-59 -81 0
-59 -107 0
-59 -119 0
-69 -81 0
-69 -107 0
-69 -119 0
-81 -107 0
-81 -119 0
-107 -119 0
-11 -24 0
-11 -34 0
-11 -47 0
-11 -70 0
-11 -82 0
-11 -95 0
-11 -108 0
-24 -34 0
-24 -47 0
-24 -70 0
-24 -82 0
-24 -95 0
-24 -108 0
-34 -47 0
-34 -70 0
-34 -82 0
-34 -95 0
-34 -108 0
-47 -70 0
-47 -82 0
-47 -95 0
-47 -108 0
-70 -82 0
-70 -95 0
-70 -108 0
-82 -95 0
-82 -108 0
-95 -108 0
-12 -25 0
-12 -35 0
-12 -48 0
-12 -60 0
-12 -71 0
-12 -83 0
-12 -96 0
-12 -109 0
-12 -120 0
-25 -35 0
-25 -48 0
-25 -60 0
-25 -71 0
-25 -83 0
-25 -96 0
-25 -109 0
-25 -120 0
-35 -48 0
-35 -60 0
-35 -71 0
-35 -83 0
-35 -96 0
-35 -109 0
-35 -120 0
-48 -60 0
-48 -71 0
-48 -83 0
-48 -96 0
-48 -109 0
-48 -120 0
-60 -71 0
-60 -83 0
-60 -96 0
-60 -109 0
-60 -120 0
-71 -83 0
-71 -96 0
-71 -109 0
-71 -120 0
-83 -96 0
-83 -109 0
-83 -120 0
-96 -109 0
-96 -120 0
-109 -120 0
-13 -26 0
-13 -36 0
-13 -49 0
-13 -72 0
-13 -84 0
-13 -97 0
-13 -110 0
-13 -121 0
-26 -36 0
-26 -49 0
-26 -72 0
-26 -84 0
-26 -97 0
-26 -110 0
-26 -121 0
-36 -49 0
-36 -72 0
-36 -84 0
-36 -97 0
-36 -110 0
-36 -121 0
-49 -72 0
-49 -84 0
-49 -97 0
-49 -110 0
-49 -121 0
-72 -84 0
-72 -97 0
-72 -110 0
-72 -121 0
-84 -97 0
-84 -110 0
-84 -121 0
-97 -110 0
-97 -121 0
-110 -121 0
