p cnf 166 655
1 2 3 4 5 6 7 8 9 10 11 12 13 14 15 16 17 18 0
70 71 72 73 74 75 76 77 78 79 80 81 82 83 84 85 0
100 101 102 103 104 105 106 107 108 109 110 111 112 113 114 115 116 0
117 118 119 120 121 122 123 124 125 126 127 128 129 130 131 132 133 0
-1 -19 0
-1 -36 0
-1 -52 0
-1 -70 0
-1 -86 0
-1 -100 0
-1 -117 0
-1 -150 0
-19 -36 0
-19 -52 0
-19 -70 0
-19 -86 0
-19 -100 0
-19 -117 0
-19 -150 0
-36 -52 0
-36 -70 0
-36 -86 0
-36 -100 0
-36 -117 0
-36 -150 0
-52 -70 0
-52 -86 0
-52 -100 0
-52 -117 0
-52 -150 0
-70 -86 0
-70 -100 0
-70 -117 0
-70 -150 0
-86 -100 0
-86 -117 0
-86 -150 0
-100 -117 0
-100 -150 0
-117 -150 0
-2 -37 0
-2 -53 0
-2 -71 0
-2 -87 0
-2 -101 0
-2 -118 0
-2 -134 0
-2 -151 0
-37 -53 0
-37 -71 0
-37 -87 0
-37 -101 0
-37 -118 0
-37 -134 0
-37 -151 0
-53 -71 0
-53 -87 0
-53 -101 0
-53 -118 0
-53 -134 0
-53 -151 0
-71 -87 0
-71 -101 0
-71 -118 0
-71 -134 0
-71 -151 0
-87 -101 0
-87 -118 0
-87 -134 0
-87 -151 0
-101 -118 0
-101 -134 0
-101 -151 0
-118 -134 0
-118 -151 0
-134 -151 0
-3 -20 0
-3 -38 0
-3 -54 0
-3 -72 0
-3 -88 0
-3 -102 0
-3 -119 0
-3 -135 0
-3 -152 0
-20 -38 0
-20 -54 0
-20 -72 0
-20 -88 0
-20 -102 0
-20 -119 0
-20 -135 0
-20 -152 0
-38 -54 0
-38 -72 0
-38 -88 0
-38 -102 0
-38 -119 0
-38 -135 0
-38 -152 0
-54 -72 0
-54 -88 0
-54 -102 0
-54 -119 0
-54 -135 0
-54 -152 0
-72 -88 0
-72 -102 0
-72 -119 0
-72 -135 0
-72 -152 0
-88 -102 0
-88 -119 0
-88 -135 0
-88 -152 0
-102 -119 0
-102 -135 0
-102 -152 0
-119 -135 0
-119 -152 0
-135 -152 0
-55 -73 0
-55 -103 0
-55 -120 0
-55 -136 0
-55 -153 0
-73 -103 0
-73 -120 0
-73 -136 0
-73 -153 0
-103 -120 0
-103 -136 0
-103 -153 0
-120 -136 0
-120 -153 0
-136 -153 0
-4 -21 0
-4 -39 0
-4 -56 0
-4 -74 0
-4 -89 0
-4 -104 0
-4 -137 0
-4 -154 0
-21 -39 0
-21 -56 0
-21 -74 0
-21 -89 0
-21 -104 0
-21 -137 0
-21 -154 0
-39 -56 0
-39 -74 0
-39 -89 0
-39 -104 0
-39 -137 0
-39 -154 0
-56 -74 0
-56 -89 0
-56 -104 0
-56 -137 0
-56 -154 0
-74 -89 0
-74 -104 0
-74 -137 0
-74 -154 0
-89 -104 0
-89 -137 0
-89 -154 0
-104 -137 0
-104 -154 0
-137 -154 0
-5 -22 0
-5 -40 0
-5 -75 0
-5 -90 0
-5 -105 0
-5 -121 0
-5 -138 0
-5 -155 0
-22 -40 0
-22 -75 0
-22 -90 0
-22 -105 0
-22 -121 0
-22 -138 0
-22 -155 0
-40 -75 0
-40 -90 0
-40 -105 0
-40 -121 0
-40 -138 0
-40 -155 0
-75 -90 0
-75 -105 0
-75 -121 0
-75 -138 0
-75 -155 0
-90 -105 0
-90 -121 0
-90 -138 0
-90 -155 0
-105 -121 0
-105 -138 0
-105 -155 0
-121 -138 0
-121 -155 0
-138 -155 0
-6 -23 0
-6 -41 0
-6 -57 0
-6 -76 0
-6 -91 0
-6 -106 0
-6 -122 0
-6 -139 0
-6 -156 0
-23 -41 0
-23 -57 0
-23 -76 0
-23 -91 0
-23 -106 0
-23 -122 0
-23 -139 0
-23 -156 0
-41 -57 0
-41 -76 0
-41 -91 0
-41 -106 0
-41 -122 0
-41 -139 0
-41 -156 0
-57 -76 0
-57 -91 0
-57 -106 0
-57 -122 0
-57 -139 0
-57 -156 0
-76 -91 0
-76 -106 0
-76 -122 0
-76 -139 0
-76 -156 0
-91 -106 0
-91 -122 0
-91 -139 0
-91 -156 0
-106 -122 0
-106 -139 0
-106 -156 0
-122 -139 0
-122 -156 0
-139 -156 0
-7 -24 0
-7 -42 0
-7 -58 0
-7 -77 0
-7 -92 0
-7 -123 0
-7 -140 0
-7 -157 0
-24 -42 0
-24 -58 0
-24 -77 0
-24 -92 0
-24 -123 0
-24 -140 0
-24 -157 0
-42 -58 0
-42 -77 0
-42 -92 0
-42 -123 0
-42 -140 0
-42 -157 0
-58 -77 0
-58 -92 0
-58 -123 0
-58 -140 0
-58 -157 0
-77 -92 0
-77 -123 0
-77 -140 0
-77 -157 0
-92 -123 0
-92 -140 0
-92 -157 0
-123 -140 0
-123 -157 0
-140 -157 0
-8 -25 0
-8 -43 0
-8 -59 0
-8 -78 0
-8 -124 0
-8 -141 0
-8 -158 0
-25 -43 0
-25 -59 0
-25 -78 0
-25 -124 0
-25 -141 0
-25 -158 0
-43 -59 0
-43 -78 0
-43 -124 0
-43 -141 0
-43 -158 0
-59 -78 0
-59 -124 0
-59 -141 0
-59 -158 0
-78 -124 0
-78 -141 0
-78 -158 0
-124 -141 0
-124 -158 0
-141 -158 0
-9 -26 0
-9 -44 0
-9 -60 0
-9 -79 0
-9 -107 0
-9 -125 0
-26 -44 0
-26 -60 0
-26 -79 0
-26 -107 0
-26 -125 0
-44 -60 0
-44 -79 0
-44 -107 0
-44 -125 0
-60 -79 0
-60 -107 0
-60 -125 0
-79 -107 0
-79 -125 0
-107 -125 0
-10 -27 0
-10 -61 0
-10 -80 0
-10 -93 0
-10 -108 0
-10 -126 0
-10 -142 0
-10 -159 0
-27 -61 0
-27 -80 0
-27 -93 0
-27 -108 0
-27 -126 0
-27 -142 0
-27 -159 0
-61 -80 0
-61 -93 0
-61 -108 0
-61 -126 0
-61 -142 0
-61 -159 0
-80 -93 0
-80 -108 0
-80 -126 0
-80 -142 0
-80 -159 0
-93 -108 0
-93 -126 0
-93 -142 0
-93 -159 0
-108 -126 0
-108 -142 0
-108 -159 0
-126 -142 0
-126 -159 0
-142 -159 0
-11 -28 0
-11 -45 0
-11 -62 0
-11 -81 0
-11 -109 0
-11 -127 0
-11 -160 0
-28 -45 0
-28 -62 0
-28 -81 0
-28 -109 0
-28 -127 0
-28 -160 0
-45 -62 0
-45 -81 0
-45 -109 0
-45 -127 0
-45 -160 0
-62 -81 0
-62 -109 0
-62 -127 0
-62 -160 0
-81 -109 0
-81 -127 0
-81 -160 0
-109 -127 0
-109 -160 0
-127 -160 0
-12 -29 0
-12 -46 0
-12 -63 0
-12 -94 0
-12 -110 0
-12 -128 0
-12 -143 0
-12 -161 0
-29 -46 0
-29 -63 0
-29 -94 0
-29 -110 0
-29 -128 0
-29 -143 0
-29 -161 0
-46 -63 0
-46 -94 0
-46 -110 0
-46 -128 0
-46 -143 0
-46 -161 0
-63 -94 0
-63 -110 0
-63 -128 0
-63 -143 0
-63 -161 0
-94 -110 0
-94 -128 0
-94 -143 0
-94 -161 0
-110 -128 0
-110 -143 0
-110 -161 0
-128 -143 0
-128 -161 0
-143 -161 0
-13 -30 0
-13 -47 0
-13 -64 0
-13 -82 0
-13 -111 0
-13 -129 0
-13 -144 0
-30 -47 0
-30 -64 0
-30 -82 0
-30 -111 0
-30 -129 0
-30 -144 0
-47 -64 0
-47 -82 0
-47 -111 0
-47 -129 0
-47 -144 0
-64 -82 0
-64 -111 0
-64 -129 0
-64 -144 0
-82 -111 0
-82 -129 0
-82 -144 0
-111 -129 0
-111 -144 0
-129 -144 0
-14 -31 0
-14 -48 0
-14 -65 0
-14 -95 0
-14 -112 0
-14 -130 0
-14 -145 0
-14 -162 0
-31 -48 0
-31 -65 0
-31 -95 0
-31 -112 0
-31 -130 0
-31 -145 0
-31 -162 0
-48 -65 0
-48 -95 0
-48 -112 0
-48 -130 0
-48 -145 0
-48 -162 0
-65 -95 0
-65 -112 0
-65 -130 0
-65 -145 0
-65 -162 0
-95 -112 0
-95 -130 0
-95 -145 0
-95 -162 0
-112 -130 0
-112 -145 0
-112 -162 0
-130 -145 0
-130 -162 0
-145 -162 0
-15 -32 0
-15 -49 0
-15 -66 0
-15 -83 0
-15 -96 0
-15 -113 0
-15 -131 0
-15 -146 0
-15 -163 0
-32 -49 0
-32 -66 0
-32 -83 0
-32 -96 0
-32 -113 0
-32 -131 0
-32 -146 0
-32 -163 0
-49 -66 0
-49 -83 0
-49 -96 0
-49 -113 0
-49 -131 0
-49 -146 0
-49 -163 0
-66 -83 0
-66 -96 0
-66 -113 0
-66 -131 0
-66 -146 0
-66 -163 0
-83 -96 0
-83 -113 0
-83 -131 0
-83 -146 0
-83 -163 0
-96 -113 0
-96 -131 0
-96 -146 0
-96 -163 0
-113 -131 0
-113 -146 0
-113 -163 0
-131 -146 0
-131 -163 0
-146 -163 0
-16 -33 0
-16 -50 0
-16 -67 0
-16 -97 0
-16 -114 0
-16 -132 0
-16 -147 0
-16 -164 0
-33 -50 0
-33 -67 0
-33 -97 0
-33 -114 0
-33 -132 0
-33 -147 0
-33 -164 0
-50 -67 0
-50 -97 0
-50 -114 0
-50 -132 0
-50 -147 0
-50 -164 0
-67 -97 0
-67 -114 0
-67 -132 0
-67 -147 0
-67 -164 0
-97 -114 0
-97 -132 0
-97 -147 0
-97 -164 0
-114 -132 0
-114 -147 0
-114 -164 0
-132 -147 0
-132 -164 0
-147 -164 0
-17 -34 0
-17 -68 0
-17 -84 0
-17 -98 0
-17 -115 0
-17 -133 0
-17 -148 0
-17 -165 0
-34 -68 0
-34 -84 0
-34 -98 0
-34 -115 0
-34 -133 0
-34 -148 0
-34 -165 0
-68 -84 0
-68 -98 0
-68 -115 0
-68 -133 0
-68 -148 0
-68 -165 0
-84 -98 0
-84 -115 0
-84 -133 0
-84 -148 0
-84 -165 0
-98 -115 0
-98 -133 0
-98 -148 0
-98 -165 0
-115 -133 0
-115 -148 0
-115 -165 0
-133 -148 0
-133 -165 0
-148 -165 0
-18 -35 0
-18 -51 0
-18 -69 0
-18 -85 0
-18 -99 0
-18 -116 0
-18 -149 0
-18 -166 0
-35 -51 0
-35 -69 0
-35 -85 0
-35 -99 0
-35 -116 0
-35 -149 0
-35 -166 0
-51 -69 0
-51 -85 0
-51 -99 0
-51 -116 0
-51 -149 0
-51 -166 0
-69 -85 0
-69 -99 0
-69 -116 0
-69 -149 0
-69 -166 0
-85 -99 0
-85 -116 0
-85 -149 0
-85 -166 0
-99 -116 0
-99 -149 0
-99 -166 0
-116 -149 0
-116 -166 0
-149 -166 0
