p cnf 106 391
32 33 34 35 36 37 38 39 40 41 42 0
43 44 45 46 47 48 49 50 51 0
52 53 54 55 56 57 58 59 60 61 62 63 0
76 77 78 79 80 81 82 83 84 85 0
86 87 88 89 90 91 92 93 94 95 96 97 0
-1 -10 0
-1 -20 0
-1 -32 0
-1 -43 0
-1 -52 0
-1 -64 0
-1 -98 0
-10 -20 0
-10 -32 0
-10 -43 0
-10 -52 0
-10 -64 0
-10 -98 0
-20 -32 0
-20 -43 0
-20 -52 0
-20 -64 0
-20 -98 0
-32 -43 0
-32 -52 0
-32 -64 0
-32 -98 0
-43 -52 0
-43 -64 0
-43 -98 0
-52 -64 0
-52 -98 0
-64 -98 0
-2 -11 0
-2 -21 0
-2 -53 0
-2 -65 0
-2 -76 0
-2 -86 0
-11 -21 0
-11 -53 0
-11 -65 0
-11 -76 0
-11 -86 0
-21 -53 0
-21 -65 0
-21 -76 0
-21 -86 0
-53 -65 0
-53 -76 0
-53 -86 0
-65 -76 0
-65 -86 0
-76 -86 0
-12 -22 0
-12 -33 0
-12 -44 0
-12 -54 0
-12 -66 0
-12 -77 0
-12 -87 0
-12 -99 0
-22 -33 0
-22 -44 0
-22 -54 0
-22 -66 0
-22 -77 0
-22 -87 0
-22 -99 0
-33 -44 0
-33 -54 0
-33 -66 0
-33 -77 0
-33 -87 0
-33 -99 0
-44 -54 0
-44 -66 0
-44 -77 0
-44 -87 0
-44 -99 0
-54 -66 0
-54 -77 0
-54 -87 0
-54 -99 0
-66 -77 0
-66 -87 0
-66 -99 0
-77 -87 0
-77 -99 0
-87 -99 0
-3 -23 0
-3 -34 0
-3 -45 0
-3 -55 0
-3 -67 0
-3 -78 0
-3 -88 0
-23 -34 0
-23 -45 0
-23 -55 0
-23 -67 0
-23 -78 0
-23 -88 0
-34 -45 0
-34 -55 0
-34 -67 0
-34 -78 0
-34 -88 0
-45 -55 0
-45 -67 0
-45 -78 0
-45 -88 0
-55 -67 0
-55 -78 0
-55 -88 0
-67 -78 0
-67 -88 0
-78 -88 0
-13 -24 0
-13 -35 0
-13 -46 0
-13 -68 0
-13 -79 0
-13 -89 0
-13 -100 0
-24 -35 0
-24 -46 0
-24 -68 0
-24 -79 0
-24 -89 0
-24 -100 0
-35 -46 0
-35 -68 0
-35 -79 0
-35 -89 0
-35 -100 0
-46 -68 0
-46 -79 0
-46 -89 0
-46 -100 0
-68 -79 0
-68 -89 0
-68 -100 0
-79 -89 0
-79 -100 0
-89 -100 0
-4 -14 0
-4 -25 0
-4 -36 0
-4 -56 0
-4 -69 0
-4 -80 0
-4 -90 0
-14 -25 0
-14 -36 0
-14 -56 0
-14 -69 0
-14 -80 0
-14 -90 0
-25 -36 0
-25 -56 0
-25 -69 0
-25 -80 0
-25 -90 0
-36 -56 0
-36 -69 0
-36 -80 0
-36 -90 0
-56 -69 0
-56 -80 0
-56 -90 0
-69 -80 0
-69 -90 0
-80 -90 0
-5 -15 0
-5 -26 0
-5 -37 0
-5 -47 0
-5 -57 0
-5 -70 0
-5 -81 0
-5 -91 0
-5 -101 0
-15 -26 0
-15 -37 0
-15 -47 0
-15 -57 0
-15 -70 0
-15 -81 0
-15 -91 0
-15 -101 0
-26 -37 0
-26 -47 0
-26 -57 0
-26 -70 0
-26 -81 0
-26 -91 0
-26 -101 0
-37 -47 0
-37 -57 0
-37 -70 0
-37 -81 0
-37 -91 0
-37 -101 0
-47 -57 0
-47 -70 0
-47 -81 0
-47 -91 0
-47 -101 0
-57 -70 0
-57 -81 0
-57 -91 0
-57 -101 0
-70 -81 0
-70 -91 0
-70 -101 0
-81 -91 0
-81 -101 0
-91 -101 0
-27 -38 0
-27 -48 0
-27 -58 0
-27 -71 0
-27 -92 0
-27 -102 0
-38 -48 0
-38 -58 0
-38 -71 0
-38 -92 0
-38 -102 0
-48 -58 0
-48 -71 0
-48 -92 0
-48 -102 0
-58 -71 0
-58 -92 0
-58 -102 0
-71 -92 0
-71 -102 0
-92 -102 0
-6 -16 0
-6 -28 0
-6 -39 0
-6 -49 0
-6 -59 0
-6 -72 0
-6 -82 0
-6 -93 0
-6 -103 0
-16 -28 0
-16 -39 0
-16 -49 0
-16 -59 0
-16 -72 0
-16 -82 0
-16 -93 0
-16 -103 0
-28 -39 0
-28 -49 0
-28 -59 0
-28 -72 0
-28 -82 0
-28 -93 0
-28 -103 0
-39 -49 0
-39 -59 0
-39 -72 0
-39 -82 0
-39 -93 0
-39 -103 0
-49 -59 0
-49 -72 0
-49 -82 0
-49 -93 0
-49 -103 0
-59 -72 0
-59 -82 0
-59 -93 0
-59 -103 0
-72 -82 0
-72 -93 0
-72 -103 0
-82 -93 0
-82 -103 0
-93 -103 0
-7 -17 0
-7 -29 0
-7 -50 0
-7 -60 0
-7 -73 0
-7 -83 0
-7 -94 0
-7 -104 0
-17 -29 0
-17 -50 0
-17 -60 0
-17 -73 0
-17 -83 0
-17 -94 0
-17 -104 0
-29 -50 0
-29 -60 0
-29 -73 0
-29 -83 0
-29 -94 0
-29 -104 0
-50 -60 0
-50 -73 0
-50 -83 0
-50 -94 0
-50 -104 0
-60 -73 0
-60 -83 0
-60 -94 0
-60 -104 0
-73 -83 0
-73 -94 0
-73 -104 0
-83 -94 0
-83 -104 0
-94 -104 0
-8 -18 0
-8 -40 0
-8 -61 0
-8 -84 0
-8 -95 0
-8 -105 0
-18 -40 0
-18 -61 0
-18 -84 0
-18 -95 0
-18 -105 0
-40 -61 0
-40 -84 0
-40 -95 0
-40 -105 0
-61 -84 0
-61 -95 0
-61 -105 0
-84 -95 0
-84 -105 0
-95 -105 0
-30 -41 0
-30 -51 0
-30 -62 0
-30 -74 0
-30 -85 0
-30 -96 0
-30 -106 0
-41 -51 0
-41 -62 0
-41 -74 0
-41 -85 0
-41 -96 0
-41 -106 0
-51 -62 0
-51 -74 0
-51 -85 0
-51 -96 0
-51 -106 0
-62 -74 0
-62 -85 0
-62 -96 0
-62 -106 0
-74 -85 0
-74 -96 0
-74 -106 0
-85 -96 0
-85 -106 0
-96 -106 0
-9 -19 0
-9 -31 0
-9 -42 0
-9 -63 0
-9 -75 0
-9 -97 0
-19 -31 0
-19 -42 0
-19 -63 0
-19 -75 0
-19 -97 0
-31 -42 0
-31 -63 0
-31 -75 0
-31 -97 0
-42 -63 0
-42 -75 0
-42 -97 0
-63 -75 0
-63 -97 0
-75 -97 0
