p cnf 137 568
15 16 17 18 19 20 21 22 23 24 25 26 27 28 0
29 30 31 32 33 34 35 36 37 38 39 40 41 0
42 43 44 45 46 47 48 49 50 51 52 53 54 0
55 56 57 58 59 60 61 62 63 64 65 66 67 68 0
96 97 98 99 100 101 102 103 104 105 106 107 108 0
109 110 111 112 113 114 115 116 117 118 119 120 121 122 123 0
-1 -15 0
-1 -42 0
-1 -55 0
-1 -69 0
-1 -83 0
-1 -96 0
-1 -109 0
-1 -124 0
-15 -42 0
-15 -55 0
-15 -69 0
-15 -83 0
-15 -96 0
-15 -109 0
-15 -124 0
-42 -55 0
-42 -69 0
-42 -83 0
-42 -96 0
-42 -109 0
-42 -124 0
-55 -69 0
-55 -83 0
-55 -96 0
-55 -109 0
-55 -124 0
-69 -83 0
-69 -96 0
-69 -109 0
-69 -124 0
-83 -96 0
-83 -109 0
-83 -124 0
-96 -109 0
-96 -124 0
-109 -124 0
-2 -16 0
-2 -29 0
-2 -43 0
-2 -56 0
-2 -70 0
-2 -84 0
-2 -110 0
-2 -125 0
-16 -29 0
-16 -43 0
-16 -56 0
-16 -70 0
-16 -84 0
-16 -110 0
-16 -125 0
-29 -43 0
-29 -56 0
-29 -70 0
-29 -84 0
-29 -110 0
-29 -125 0
-43 -56 0
-43 -70 0
-43 -84 0
-43 -110 0
-43 -125 0
-56 -70 0
-56 -84 0
-56 -110 0
-56 -125 0
-70 -84 0
-70 -110 0
-70 -125 0
-84 -110 0
-84 -125 0
-110 -125 0
-3 -17 0
-3 -30 0
-3 -44 0
-3 -57 0
-3 -71 0
-3 -85 0
-3 -97 0
-3 -111 0
-3 -126 0
-17 -30 0
-17 -44 0
-17 -57 0
-17 -71 0
-17 -85 0
-17 -97 0
-17 -111 0
-17 -126 0
-30 -44 0
-30 -57 0
-30 -71 0
-30 -85 0
-30 -97 0
-30 -111 0
-30 -126 0
-44 -57 0
-44 -71 0
-44 -85 0
-44 -97 0
-44 -111 0
-44 -126 0
-57 -71 0
-57 -85 0
-57 -97 0
-57 -111 0
-57 -126 0
-71 -85 0
-71 -97 0
-71 -111 0
-71 -126 0
-85 -97 0
-85 -111 0
-85 -126 0
-97 -111 0
-97 -126 0
-111 -126 0
-18 -31 0
-18 -58 0
-18 -72 0
-18 -86 0
-18 -98 0
-18 -112 0
-18 -127 0
-31 -58 0
-31 -72 0
-31 -86 0
-31 -98 0
-31 -112 0
-31 -127 0
-58 -72 0
-58 -86 0
-58 -98 0
-58 -112 0
-58 -127 0
-72 -86 0
-72 -98 0
-72 -112 0
-72 -127 0
-86 -98 0
-86 -112 0
-86 -127 0
-98 -112 0
-98 -127 0
-112 -127 0
-4 -19 0
-4 -32 0
-4 -59 0
-4 -87 0
-4 -99 0
-4 -113 0
-19 -32 0
-19 -59 0
-19 -87 0
-19 -99 0
-19 -113 0
-32 -59 0
-32 -87 0
-32 -99 0
-32 -113 0
-59 -87 0
-59 -99 0
-59 -113 0
-87 -99 0
-87 -113 0
-99 -113 0
-5 -20 0
-5 -33 0
-5 -45 0
-5 -60 0
-5 -73 0
-5 -88 0
-5 -100 0
-5 -114 0
-5 -128 0
-20 -33 0
-20 -45 0
-20 -60 0
-20 -73 0
-20 -88 0
-20 -100 0
-20 -114 0
-20 -128 0
-33 -45 0
-33 -60 0
-33 -73 0
-33 -88 0
-33 -100 0
-33 -114 0
-33 -128 0
-45 -60 0
-45 -73 0
-45 -88 0
-45 -100 0
-45 -114 0
-45 -128 0
-60 -73 0
-60 -88 0
-60 -100 0
-60 -114 0
-60 -128 0
-73 -88 0
-73 -100 0
-73 -114 0
-73 -128 0
-88 -100 0
-88 -114 0
-88 -128 0
-100 -114 0
-100 -128 0
-114 -128 0
-6 -21 0
-6 -34 0
-6 -46 0
-6 -61 0
-6 -74 0
-6 -89 0
-6 -101 0
-6 -115 0
-6 -129 0
-21 -34 0
-21 -46 0
-21 -61 0
-21 -74 0
-21 -89 0
-21 -101 0
-21 -115 0
-21 -129 0
-34 -46 0
-34 -61 0
-34 -74 0
-34 -89 0
-34 -101 0
-34 -115 0
-34 -129 0
-46 -61 0
-46 -74 0
-46 -89 0
-46 -101 0
-46 -115 0
-46 -129 0
-61 -74 0
-61 -89 0
-61 -101 0
-61 -115 0
-61 -129 0
-74 -89 0
-74 -101 0
-74 -115 0
-74 -129 0
-89 -101 0
-89 -115 0
-89 -129 0
-101 -115 0
-101 -129 0
-115 -129 0
-7 -22 0
-7 -35 0
-7 -47 0
-7 -75 0
-7 -90 0
-7 -102 0
-7 -116 0
-7 -130 0
-22 -35 0
-22 -47 0
-22 -75 0
-22 -90 0
-22 -102 0
-22 -116 0
-22 -130 0
-35 -47 0
-35 -75 0
-35 -90 0
-35 -102 0
-35 -116 0
-35 -130 0
-47 -75 0
-47 -90 0
-47 -102 0
-47 -116 0
-47 -130 0
-75 -90 0
-75 -102 0
-75 -116 0
-75 -130 0
-90 -102 0
-90 -116 0
-90 -130 0
-102 -116 0
-102 -130 0
-116 -130 0
-8 -23 0
-8 -36 0
-8 -48 0
-8 -62 0
-8 -76 0
-8 -103 0
-8 -117 0
-8 -131 0
-23 -36 0
-23 -48 0
-23 -62 0
-23 -76 0
-23 -103 0
-23 -117 0
-23 -131 0
-36 -48 0
-36 -62 0
-36 -76 0
-36 -103 0
-36 -117 0
-36 -131 0
-48 -62 0
-48 -76 0
-48 -103 0
-48 -117 0
-48 -131 0
-62 -76 0
-62 -103 0
-62 -117 0
-62 -131 0
-76 -103 0
-76 -117 0
-76 -131 0
-103 -117 0
-103 -131 0
-117 -131 0
-9 -37 0
-9 -49 0
-9 -63 0
-9 -77 0
-9 -91 0
-9 -104 0
-9 -118 0
-9 -132 0
-37 -49 0
-37 -63 0
-37 -77 0
-37 -91 0
-37 -104 0
-37 -118 0
-37 -132 0
-49 -63 0
-49 -77 0
-49 -91 0
-49 -104 0
-49 -118 0
-49 -132 0
-63 -77 0
-63 -91 0
-63 -104 0
-63 -118 0
-63 -132 0
-77 -91 0
-77 -104 0
-77 -118 0
-77 -132 0
-91 -104 0
-91 -118 0
-91 -132 0
-104 -118 0
-104 -132 0
-118 -132 0
-10 -24 0
-10 -50 0
-10 -64 0
-10 -78 0
-10 -92 0
-10 -105 0
-10 -119 0
-10 -133 0
-24 -50 0
-24 -64 0
-24 -78 0
-24 -92 0
-24 -105 0
-24 -119 0
-24 -133 0
-50 -64 0
-50 -78 0
-50 -92 0
-50 -105 0
-50 -119 0
-50 -133 0
-64 -78 0
-64 -92 0
-64 -105 0
-64 -119 0
-64 -133 0
-78 -92 0
-78 -105 0
-78 -119 0
-78 -133 0
-92 -105 0
-92 -119 0
-92 -133 0
-105 -119 0
-105 -133 0
-119 -133 0
-11 -25 0
-11 -38 0
-11 -51 0
-11 -65 0
-11 -79 0
-11 -93 0
-11 -106 0
-11 -120 0
-11 -134 0
-25 -38 0
-25 -51 0
-25 -65 0
-25 -79 0
-25 -93 0
-25 -106 0
-25 -120 0
-25 -134 0
-38 -51 0
-38 -65 0
-38 -79 0
-38 -93 0
-38 -106 0
-38 -120 0
-38 -134 0
-51 -65 0
-51 -79 0
-51 -93 0
-51 -106 0
-51 -120 0
-51 -134 0
-65 -79 0
-65 -93 0
-65 -106 0
-65 -120 0
-65 -134 0
-79 -93 0
-79 -106 0
-79 -120 0
-79 -134 0
-93 -106 0
-93 -120 0
-93 -134 0
-106 -120 0
-106 -134 0
-120 -134 0
-12 -26 0
-12 -39 0
-12 -52 0
-12 -66 0
-12 -80 0
-12 -107 0
-12 -121 0
-12 -135 0
-26 -39 0
-26 -52 0
-26 -66 0
-26 -80 0
-26 -107 0
-26 -121 0
-26 -135 0
-39 -52 0
-39 -66 0
-39 -80 0
-39 -107 0
-39 -121 0
-39 -135 0
-52 -66 0
-52 -80 0
-52 -107 0
-52 -121 0
-52 -135 0
-66 -80 0
-66 -107 0
-66 -121 0
-66 -135 0
-80 -107 0
-80 -121 0
-80 -135 0
-107 -121 0
-107 -135 0
-121 -135 0
-13 -27 0
-13 -40 0
-13 -53 0
-13 -67 0
-13 -81 0
-13 -94 0
-13 -108 0
-13 -122 0
-13 -136 0
-27 -40 0
-27 -53 0
-27 -67 0
-27 -81 0
-27 -94 0
-27 -108 0
-27 -122 0
-27 -136 0
-40 -53 0
-40 -67 0
-40 -81 0
-40 -94 0
-40 -108 0
-40 -122 0
-40 -136 0
-53 -67 0
-53 -81 0
-53 -94 0
-53 -108 0
-53 -122 0
-53 -136 0
-67 -81 0
-67 -94 0
-67 -108 0
-67 -122 0
-67 -136 0
-81 -94 0
-81 -108 0
-81 -122 0
-81 -136 0
-94 -108 0
-94 -122 0
-94 -136 0
-108 -122 0
-108 -136 0
-122 -136 0
-14 -28 0
-14 -41 0
-14 -54 0
-14 -68 0
-14 -82 0
-14 -95 0
-14 -123 0
-14 -137 0
-28 -41 0
-28 -54 0
-28 -68 0
-28 -82 0
-28 -95 0
-28 -123 0
-28 -137 0
-41 -54 0
-41 -68 0
-41 -82 0
-41 -95 0
-41 -123 0
-41 -137 0
-54 -68 0
-54 -82 0
-54 -95 0
-54 -123 0
-54 -137 0
-68 -82 0
-68 -95 0
-68 -123 0
-68 -137 0
-82 -95 0
-82 -123 0
-82 -137 0
-95 -123 0
-95 -137 0
-123 -137 0
