p cnf 149 565
1 2 3 4 0
-1 -2 0
-1 -3 0
-1 -4 0
-2 -3 0
-2 -4 0
-3 -4 0
5 6 7 0
-5 -6 0
-5 -7 0
-6 -7 0
8 9 0
-8 -9 0
10 11 12 13 0
-10 -11 0
-10 -12 0
-10 -13 0
-11 -12 0
-11 -13 0
-12 -13 0
14 15 0
-14 -15 0
16 17 18 0
-16 -17 0
-16 -18 0
-17 -18 0
19 20 21 22 0
-19 -20 0
-19 -21 0
-19 -22 0
-20 -21 0
-20 -22 0
-21 -22 0
23 24 25 26 0
-23 -24 0
-23 -25 0
-23 -26 0
-24 -25 0
-24 -26 0
-25 -26 0
27 28 29 0
-27 -28 0
-27 -29 0
-28 -29 0
30 31 32 0
-30 -31 0
-30 -32 0
-31 -32 0
33 34 35 0
-33 -34 0
-33 -35 0
-34 -35 0
36 37 38 0
-36 -37 0
-36 -38 0
-37 -38 0
39 40 41 42 0
-39 -40 0
-39 -41 0
-39 -42 0
-40 -41 0
-40 -42 0
-41 -42 0
43 44 45 0
-43 -44 0
-43 -45 0
-44 -45 0
46 47 48 0
-46 -47 0
-46 -48 0
-47 -48 0
49 50 51 0
-49 -50 0
-49 -51 0
-50 -51 0
52 53 54 0
-52 -53 0
-52 -54 0
-53 -54 0
55 56 57 0
-55 -56 0
-55 -57 0
-56 -57 0
58 59 60 0
-58 -59 0
-58 -60 0
-59 -60 0
61 62 63 64 0
-61 -62 0
-61 -63 0
-61 -64 0
-62 -63 0
-62 -64 0
-63 -64 0
65 66 67 0
-65 -66 0
-65 -67 0
-66 -67 0
68 69 70 71 0
-68 -69 0
-68 -70 0
-68 -71 0
-69 -70 0
-69 -71 0
-70 -71 0
72 73 74 0
-72 -73 0
-72 -74 0
-73 -74 0
75 76 77 78 0
-75 -76 0
-75 -77 0
-75 -78 0
-76 -77 0
-76 -78 0
-77 -78 0
79 80 81 0
-79 -80 0
-79 -81 0
-80 -81 0
82 83 84 85 0
-82 -83 0
-82 -84 0
-82 -85 0
-83 -84 0
-83 -85 0
-84 -85 0
86 87 88 0
-86 -87 0
-86 -88 0
-87 -88 0
89 90 91 0
-89 -90 0
-89 -91 0
-90 -91 0
92 93 94 0
-92 -93 0
-92 -94 0
-93 -94 0
95 96 97 98 0
-95 -96 0
-95 -97 0
-95 -98 0
-96 -97 0
-96 -98 0
-97 -98 0
99 100 101 0
-99 -100 0
-99 -101 0
-100 -101 0
102 103 104 105 0
-102 -103 0
-102 -104 0
-102 -105 0
-103 -104 0
-103 -105 0
-104 -105 0
106 107 0
-106 -107 0
108 109 110 0
-108 -109 0
-108 -110 0
-109 -110 0
111 112 113 114 0
-111 -112 0
-111 -113 0
-111 -114 0
-112 -113 0
-112 -114 0
-113 -114 0
115 116 117 0
-115 -116 0
-115 -117 0
-116 -117 0
118 119 120 121 0
-118 -119 0
-118 -120 0
-118 -121 0
-119 -120 0
-119 -121 0
-120 -121 0
122 123 124 125 0
-122 -123 0
-122 -124 0
-122 -125 0
-123 -124 0
-123 -125 0
-124 -125 0
126 127 128 0
-126 -127 0
-126 -128 0
-127 -128 0
129 130 131 132 0
-129 -130 0
-129 -131 0
-129 -132 0
-130 -131 0
-130 -132 0
-131 -132 0
133 134 135 136 0
-133 -134 0
-133 -135 0
-133 -136 0
-134 -135 0
-134 -136 0
-135 -136 0
137 138 139 0
-137 -138 0
-137 -139 0
-138 -139 0
140 141 142 143 0
-140 -141 0
-140 -142 0
-140 -143 0
-141 -142 0
-141 -143 0
-142 -143 0
144 145 146 0
-144 -145 0
-144 -146 0
-145 -146 0
147 148 149 0
-147 -148 0
-147 -149 0
-148 -149 0
-1 -39 0
-2 -40 0
-3 -41 0
-4 -42 0
-1 -58 0
-2 -59 0
-4 -60 0
-1 -79 0
-2 -80 0
-3 -81 0
-1 -89 0
-3 -90 0
-4 -91 0
-2 -106 0
-4 -107 0
-5 -10 0
-6 -11 0
-7 -13 0
-5 -14 0
-7 -15 0
-5 -39 0
-6 -40 0
-7 -42 0
-5 -58 0
-6 -59 0
-7 -60 0
-5 -61 0
-6 -62 0
-7 -64 0
-5 -95 0
-6 -96 0
-7 -98 0
-5 -122 0
-6 -123 0
-7 -125 0
-5 -129 0
-6 -130 0
-7 -132 0
-6 -137 0
-7 -139 0
-8 -27 0
-9 -29 0
-8 -30 0
-9 -32 0
-9 -45 0
-8 -118 0
-9 -121 0
-8 -144 0
-9 -146 0
-10 -33 0
-11 -34 0
-13 -35 0
-10 -126 0
-12 -127 0
-13 -128 0
-10 -144 0
-11 -145 0
-13 -146 0
-14 -36 0
-15 -38 0
-14 -49 0
-15 -51 0
-14 -82 0
-15 -85 0
-15 -107 0
-14 -140 0
-15 -143 0
-14 -144 0
-15 -146 0
-16 -34 0
-18 -35 0
-16 -40 0
-17 -41 0
-18 -42 0
-17 -90 0
-18 -91 0
-16 -103 0
-17 -104 0
-18 -105 0
-16 -123 0
-17 -124 0
-18 -125 0
-19 -30 0
-21 -31 0
-22 -32 0
-19 -46 0
-20 -47 0
-22 -48 0
-19 -58 0
-20 -59 0
-22 -60 0
-19 -75 0
-20 -76 0
-21 -77 0
-22 -78 0
-19 -140 0
-20 -141 0
-21 -142 0
-22 -143 0
-19 -144 0
-20 -145 0
-22 -146 0
-23 -30 0
-25 -31 0
-26 -32 0
-23 -68 0
-24 -69 0
-25 -70 0
-26 -71 0
-27 -33 0
-28 -34 0
-29 -35 0
-27 -39 0
-28 -40 0
-29 -42 0
-27 -65 0
-29 -67 0
-28 -72 0
-29 -74 0
-27 -79 0
-28 -80 0
-27 -122 0
-28 -123 0
-29 -125 0
-27 -126 0
-29 -128 0
-27 -129 0
-28 -130 0
-29 -132 0
-27 -147 0
-29 -149 0
-30 -33 0
-32 -35 0
-31 -53 0
-32 -54 0
-30 -79 0
-31 -81 0
-30 -95 0
-31 -97 0
-32 -98 0
-30 -99 0
-32 -101 0
-32 -107 0
-31 -116 0
-32 -117 0
-34 -43 0
-35 -45 0
-33 -49 0
-34 -50 0
-35 -51 0
-33 -55 0
-34 -56 0
-33 -58 0
-34 -59 0
-35 -60 0
-33 -102 0
-34 -103 0
-35 -105 0
-34 -106 0
-35 -107 0
-34 -137 0
-35 -139 0
-36 -58 0
-37 -59 0
-38 -60 0
-36 -140 0
-37 -141 0
-38 -143 0
-40 -52 0
-41 -53 0
-42 -54 0
-39 -82 0
-40 -83 0
-41 -84 0
-42 -85 0
-39 -129 0
-40 -130 0
-41 -131 0
-42 -132 0
-39 -147 0
-41 -148 0
-42 -149 0
-43 -50 0
-45 -51 0
-47 -52 0
-48 -54 0
-46 -95 0
-47 -96 0
-48 -98 0
-46 -118 0
-47 -119 0
-48 -121 0
-49 -61 0
-50 -62 0
-51 -64 0
-49 -79 0
-50 -80 0
-49 -108 0
-50 -109 0
-51 -110 0
-49 -129 0
-50 -130 0
-51 -132 0
-52 -83 0
-53 -84 0
-54 -85 0
-52 -100 0
-54 -101 0
-52 -112 0
-53 -113 0
-54 -114 0
-52 -141 0
-53 -142 0
-54 -143 0
-53 -148 0
-54 -149 0
-56 -72 0
-57 -73 0
-55 -75 0
-56 -76 0
-57 -77 0
-58 -102 0
-59 -103 0
-60 -105 0
-58 -108 0
-59 -109 0
-60 -110 0
-58 -147 0
-60 -149 0
-61 -92 0
-62 -93 0
-64 -94 0
-61 -122 0
-62 -123 0
-63 -124 0
-64 -125 0
-65 -133 0
-66 -135 0
-67 -136 0
-65 -144 0
-67 -146 0
-68 -75 0
-69 -76 0
-70 -77 0
-71 -78 0
-68 -147 0
-70 -148 0
-71 -149 0
-72 -76 0
-73 -77 0
-74 -78 0
-72 -87 0
-74 -88 0
-72 -100 0
-74 -101 0
-73 -127 0
-74 -128 0
-79 -99 0
-80 -100 0
-79 -111 0
-80 -112 0
-81 -113 0
-86 -95 0
-87 -96 0
-88 -98 0
-86 -144 0
-87 -145 0
-88 -146 0
-91 -107 0
-89 -118 0
-90 -120 0
-91 -121 0
-92 -95 0
-93 -96 0
-94 -98 0
-92 -108 0
-93 -109 0
-94 -110 0
-92 -111 0
-93 -112 0
-94 -114 0
-92 -122 0
-93 -123 0
-94 -125 0
-95 -99 0
-96 -100 0
-98 -101 0
-95 -129 0
-96 -130 0
-97 -131 0
-98 -132 0
-95 -144 0
-96 -145 0
-98 -146 0
-99 -118 0
-100 -119 0
-101 -121 0
-102 -108 0
-103 -109 0
-105 -110 0
-102 -144 0
-103 -145 0
-105 -146 0
-106 -141 0
-107 -143 0
-108 -144 0
-109 -145 0
-110 -146 0
-111 -133 0
-112 -134 0
-113 -135 0
-114 -136 0
-111 -144 0
-112 -145 0
-114 -146 0
-115 -119 0
-116 -120 0
-117 -121 0
-115 -134 0
-116 -135 0
-117 -136 0
-118 -133 0
-119 -134 0
-120 -135 0
-121 -136 0
-126 -144 0
-128 -146 0
-126 -147 0
-127 -148 0
-128 -149 0
-133 -140 0
-134 -141 0
-135 -142 0
-136 -143 0
-133 -144 0
-134 -145 0
-136 -146 0
-137 -141 0
-138 -142 0
-139 -143 0
