p cnf 18 74
1 2 0
-1 -2 0
1 3 4 5 -6 0
1 3 4 -5 6 0
1 3 -4 5 6 0
1 3 -4 -5 -6 0
1 -3 4 5 6 0
1 -3 4 -5 -6 0
1 -3 -4 5 -6 0
1 -3 -4 -5 6 0
-1 3 4 5 6 0
-1 3 4 -5 -6 0
-1 3 -4 5 -6 0
-1 3 -4 -5 6 0
-1 -3 4 5 -6 0
-1 -3 4 -5 6 0
-1 -3 -4 5 6 0
-1 -3 -4 -5 -6 0
7 8 9 -10 0
7 8 -9 10 0
7 -8 9 10 0
7 -8 -9 -10 0
-7 8 9 10 0
-7 8 -9 -10 0
-7 -8 9 -10 0
-7 -8 -9 10 0
3 11 12 0
3 -11 -12 0
-3 11 -12 0
-3 -11 12 0
2 4 13 0
2 -4 -13 0
-2 4 -13 0
-2 -4 13 0
14 15 16 0
14 -15 -16 0
-14 15 -16 0
-14 -15 16 0
7 11 17 0
7 -11 -17 0
-7 11 -17 0
-7 -11 17 0
5 8 12 14 0
5 8 -12 -14 0
5 -8 12 -14 0
5 -8 -12 14 0
-5 8 12 -14 0
-5 8 -12 14 0
-5 -8 12 14 0
-5 -8 -12 -14 0
9 15 17 -18 0
9 15 -17 18 0
9 -15 17 18 0
9 -15 -17 -18 0
-9 15 17 18 0
-9 15 -17 -18 0
-9 -15 17 -18 0
-9 -15 -17 18 0
6 10 13 16 -18 0
6 10 13 -16 18 0
6 10 -13 16 18 0
6 10 -13 -16 -18 0
6 -10 13 16 18 0
6 -10 13 -16 -18 0
6 -10 -13 16 -18 0
6 -10 -13 -16 18 0
-6 10 13 16 18 0
-6 10 13 -16 -18 0
-6 10 -13 16 -18 0
-6 10 -13 -16 18 0
-6 -10 13 16 -18 0
-6 -10 13 -16 18 0
-6 -10 -13 16 18 0
-6 -10 -13 -16 -18 0
