p cnf 27 118
1 2 -3 0
1 -2 3 0
-1 2 3 0
-1 -2 -3 0
4 -5 0
-4 5 0
6 -7 0
-6 7 0
8 9 -10 0
8 -9 10 0
-8 9 10 0
-8 -9 -10 0
6 11 12 13 -14 0
6 11 12 -13 14 0
6 11 -12 13 14 0
6 11 -12 -13 -14 0
6 -11 12 13 14 0
6 -11 12 -13 -14 0
6 -11 -12 13 -14 0
6 -11 -12 -13 14 0
-6 11 12 13 14 0
-6 11 12 -13 -14 0
-6 11 -12 13 -14 0
-6 11 -12 -13 14 0
-6 -11 12 13 -14 0
-6 -11 12 -13 14 0
-6 -11 -12 13 14 0
-6 -11 -12 -13 -14 0
1 -15 0
-1 15 0
7 11 16 17 18 -19 0
7 11 16 17 -18 19 0
7 11 16 -17 18 19 0
7 11 16 -17 -18 -19 0
7 11 -16 17 18 19 0
7 11 -16 17 -18 -19 0
7 11 -16 -17 18 -19 0
7 11 -16 -17 -18 19 0
7 -11 16 17 18 19 0
7 -11 16 17 -18 -19 0
7 -11 16 -17 18 -19 0
7 -11 16 -17 -18 19 0
7 -11 -16 17 18 -19 0
7 -11 -16 17 -18 19 0
7 -11 -16 -17 18 19 0
7 -11 -16 -17 -18 -19 0
-7 11 16 17 18 19 0
-7 11 16 17 -18 -19 0
-7 11 16 -17 18 -19 0
-7 11 16 -17 -18 19 0
-7 11 -16 17 18 -19 0
-7 11 -16 17 -18 19 0
-7 11 -16 -17 18 19 0
-7 11 -16 -17 -18 -19 0
-7 -11 16 17 18 -19 0
-7 -11 16 17 -18 19 0
-7 -11 16 -17 18 19 0
-7 -11 16 -17 -18 -19 0
-7 -11 -16 17 18 19 0
-7 -11 -16 17 -18 -19 0
-7 -11 -16 -17 18 -19 0
-7 -11 -16 -17 -18 19 0
20 21 0
-20 -21 0
22 -23 0
-22 23 0
4 12 16 -24 0
4 12 -16 24 0
4 -12 16 24 0
4 -12 -16 -24 0
-4 12 16 24 0
-4 12 -16 -24 0
-4 -12 16 -24 0
-4 -12 -16 24 0
22 -25 0
-22 25 0
8 20 -24 0
8 -20 24 0
-8 20 24 0
-8 -20 -24 0
17 21 -26 0
17 -21 26 0
-17 21 26 0
-17 -21 -26 0
9 -25 0
-9 25 0
2 10 13 26 -27 0
2 10 13 -26 27 0
2 10 -13 26 27 0
2 10 -13 -26 -27 0
2 -10 13 26 27 0
2 -10 13 -26 -27 0
2 -10 -13 26 -27 0
2 -10 -13 -26 27 0
-2 10 13 26 27 0
-2 10 13 -26 -27 0
-2 10 -13 26 -27 0
-2 10 -13 -26 27 0
-2 -10 13 26 -27 0
-2 -10 13 -26 27 0
-2 -10 -13 26 27 0
-2 -10 -13 -26 -27 0
3 5 18 23 0
3 5 -18 -23 0
3 -5 18 -23 0
3 -5 -18 23 0
-3 5 18 -23 0
-3 5 -18 23 0
-3 -5 18 23 0
-3 -5 -18 -23 0
14 15 19 -27 0
14 15 -19 27 0
14 -15 19 27 0
14 -15 -19 -27 0
-14 15 19 27 0
-14 15 -19 -27 0
-14 -15 19 -27 0
-14 -15 -19 27 0
