p cnf 182 713
1 2 3 4 5 6 7 8 9 10 11 12 13 14 15 16 17 18 19 0
20 21 22 23 24 25 26 27 28 29 30 31 32 33 34 35 36 37 38 39 0
40 41 42 43 44 45 46 47 48 49 50 51 52 53 54 55 56 57 0
58 59 60 61 62 63 64 65 66 67 68 69 70 71 72 73 74 75 76 0
77 78 79 80 81 82 83 84 85 86 87 88 89 90 91 92 93 94 0
95 96 97 98 99 100 101 102 103 104 105 106 107 108 109 110 111 0
130 131 132 133 134 135 136 137 138 139 140 141 142 143 144 145 146 0
147 148 149 150 151 152 153 154 155 156 157 158 159 160 161 162 163 164 165 166 0
-1 -20 0
-1 -40 0
-1 -58 0
-1 -95 0
-1 -112 0
-1 -147 0
-1 -167 0
-20 -40 0
-20 -58 0
-20 -95 0
-20 -112 0
-20 -147 0
-20 -167 0
-40 -58 0
-40 -95 0
-40 -112 0
-40 -147 0
-40 -167 0
-58 -95 0
-58 -112 0
-58 -147 0
-58 -167 0
-95 -112 0
-95 -147 0
-95 -167 0
-112 -147 0
-112 -167 0
-147 -167 0
-2 -21 0
-2 -41 0
-2 -59 0
-2 -77 0
-2 -113 0
-2 -130 0
-2 -148 0
-2 -168 0
-21 -41 0
-21 -59 0
-21 -77 0
-21 -113 0
-21 -130 0
-21 -148 0
-21 -168 0
-41 -59 0
-41 -77 0
-41 -113 0
-41 -130 0
-41 -148 0
-41 -168 0
-59 -77 0
-59 -113 0
-59 -130 0
-59 -148 0
-59 -168 0
-77 -113 0
-77 -130 0
-77 -148 0
-77 -168 0
-113 -130 0
-113 -148 0
-113 -168 0
-130 -148 0
-130 -168 0
-148 -168 0
-3 -22 0
-3 -42 0
-3 -78 0
-3 -96 0
-3 -114 0
-3 -149 0
-3 -169 0
-22 -42 0
-22 -78 0
-22 -96 0
-22 -114 0
-22 -149 0
-22 -169 0
-42 -78 0
-42 -96 0
-42 -114 0
-42 -149 0
-42 -169 0
-78 -96 0
-78 -114 0
-78 -149 0
-78 -169 0
-96 -114 0
-96 -149 0
-96 -169 0
-114 -149 0
-114 -169 0
-149 -169 0
-4 -23 0
-4 -43 0
-4 -60 0
-4 -79 0
-4 -97 0
-4 -115 0
-4 -150 0
-4 -170 0
-23 -43 0
-23 -60 0
-23 -79 0
-23 -97 0
-23 -115 0
-23 -150 0
-23 -170 0
-43 -60 0
-43 -79 0
-43 -97 0
-43 -115 0
-43 -150 0
-43 -170 0
-60 -79 0
-60 -97 0
-60 -115 0
-60 -150 0
-60 -170 0
-79 -97 0
-79 -115 0
-79 -150 0
-79 -170 0
-97 -115 0
-97 -150 0
-97 -170 0
-115 -150 0
-115 -170 0
-150 -170 0
-5 -24 0
-5 -44 0
-5 -61 0
-5 -80 0
-5 -98 0
-5 -116 0
-5 -131 0
-5 -151 0
-5 -171 0
-24 -44 0
-24 -61 0
-24 -80 0
-24 -98 0
-24 -116 0
-24 -131 0
-24 -151 0
-24 -171 0
-44 -61 0
-44 -80 0
-44 -98 0
-44 -116 0
-44 -131 0
-44 -151 0
-44 -171 0
-61 -80 0
-61 -98 0
-61 -116 0
-61 -131 0
-61 -151 0
-61 -171 0
-80 -98 0
-80 -116 0
-80 -131 0
-80 -151 0
-80 -171 0
-98 -116 0
-98 -131 0
-98 -151 0
-98 -171 0
-116 -131 0
-116 -151 0
-116 -171 0
-131 -151 0
-131 -171 0
-151 -171 0
-6 -25 0
-6 -45 0
-6 -62 0
-6 -81 0
-6 -99 0
-6 -132 0
-6 -152 0
-6 -172 0
-25 -45 0
-25 -62 0
-25 -81 0
-25 -99 0
-25 -132 0
-25 -152 0
-25 -172 0
-45 -62 0
-45 -81 0
-45 -99 0
-45 -132 0
-45 -152 0
-45 -172 0
-62 -81 0
-62 -99 0
-62 -132 0
-62 -152 0
-62 -172 0
-81 -99 0
-81 -132 0
-81 -152 0
-81 -172 0
-99 -132 0
-99 -152 0
-99 -172 0
-132 -152 0
-132 -172 0
-152 -172 0
-7 -26 0
-7 -46 0
-7 -63 0
-7 -82 0
-7 -100 0
-7 -117 0
-7 -133 0
-7 -153 0
-7 -173 0
-26 -46 0
-26 -63 0
-26 -82 0
-26 -100 0
-26 -117 0
-26 -133 0
-26 -153 0
-26 -173 0
-46 -63 0
-46 -82 0
-46 -100 0
-46 -117 0
-46 -133 0
-46 -153 0
-46 -173 0
-63 -82 0
-63 -100 0
-63 -117 0
-63 -133 0
-63 -153 0
-63 -173 0
-82 -100 0
-82 -117 0
-82 -133 0
-82 -153 0
-82 -173 0
-100 -117 0
-100 -133 0
-100 -153 0
-100 -173 0
-117 -133 0
-117 -153 0
-117 -173 0
-133 -153 0
-133 -173 0
-153 -173 0
-8 -47 0
-8 -64 0
-8 -83 0
-8 -118 0
-8 -134 0
-8 -154 0
-47 -64 0
-47 -83 0
-47 -118 0
-47 -134 0
-47 -154 0
-64 -83 0
-64 -118 0
-64 -134 0
-64 -154 0
-83 -118 0
-83 -134 0
-83 -154 0
-118 -134 0
-118 -154 0
-134 -154 0
-9 -27 0
-9 -48 0
-9 -65 0
-9 -84 0
-9 -101 0
-9 -119 0
-9 -135 0
-9 -155 0
-27 -48 0
-27 -65 0
-27 -84 0
-27 -101 0
-27 -119 0
-27 -135 0
-27 -155 0
-48 -65 0
-48 -84 0
-48 -101 0
-48 -119 0
-48 -135 0
-48 -155 0
-65 -84 0
-65 -101 0
-65 -119 0
-65 -135 0
-65 -155 0
-84 -101 0
-84 -119 0
-84 -135 0
-84 -155 0
-101 -119 0
-101 -135 0
-101 -155 0
-119 -135 0
-119 -155 0
-135 -155 0
-10 -28 0
-10 -49 0
-10 -66 0
-10 -85 0
-10 -120 0
-10 -136 0
-10 -156 0
-28 -49 0
-28 -66 0
-28 -85 0
-28 -120 0
-28 -136 0
-28 -156 0
-49 -66 0
-49 -85 0
-49 -120 0
-49 -136 0
-49 -156 0
-66 -85 0
-66 -120 0
-66 -136 0
-66 -156 0
-85 -120 0
-85 -136 0
-85 -156 0
-120 -136 0
-120 -156 0
-136 -156 0
-11 -29 0
-11 -50 0
-11 -67 0
-11 -86 0
-11 -102 0
-11 -121 0
-11 -174 0
-29 -50 0
-29 -67 0
-29 -86 0
-29 -102 0
-29 -121 0
-29 -174 0
-50 -67 0
-50 -86 0
-50 -102 0
-50 -121 0
-50 -174 0
-67 -86 0
-67 -102 0
-67 -121 0
-67 -174 0
-86 -102 0
-86 -121 0
-86 -174 0
-102 -121 0
-102 -174 0
-121 -174 0
-12 -30 0
-12 -51 0
-12 -68 0
-12 -87 0
-12 -103 0
-12 -122 0
-12 -137 0
-12 -157 0
-12 -175 0
-30 -51 0
-30 -68 0
-30 -87 0
-30 -103 0
-30 -122 0
-30 -137 0
-30 -157 0
-30 -175 0
-51 -68 0
-51 -87 0
-51 -103 0
-51 -122 0
-51 -137 0
-51 -157 0
-51 -175 0
-68 -87 0
-68 -103 0
-68 -122 0
-68 -137 0
-68 -157 0
-68 -175 0
-87 -103 0
-87 -122 0
-87 -137 0
-87 -157 0
-87 -175 0
-103 -122 0
-103 -137 0
-103 -157 0
-103 -175 0
-122 -137 0
-122 -157 0
-122 -175 0
-137 -157 0
-137 -175 0
-157 -175 0
-13 -31 0
-13 -52 0
-13 -69 0
-13 -88 0
-13 -104 0
-13 -138 0
-13 -158 0
-13 -176 0
-31 -52 0
-31 -69 0
-31 -88 0
-31 -104 0
-31 -138 0
-31 -158 0
-31 -176 0
-52 -69 0
-52 -88 0
-52 -104 0
-52 -138 0
-52 -158 0
-52 -176 0
-69 -88 0
-69 -104 0
-69 -138 0
-69 -158 0
-69 -176 0
-88 -104 0
-88 -138 0
-88 -158 0
-88 -176 0
-104 -138 0
-104 -158 0
-104 -176 0
-138 -158 0
-138 -176 0
-158 -176 0
-14 -32 0
-14 -70 0
-14 -105 0
-14 -123 0
-14 -139 0
-14 -159 0
-14 -177 0
-32 -70 0
-32 -105 0
-32 -123 0
-32 -139 0
-32 -159 0
-32 -177 0
-70 -105 0
-70 -123 0
-70 -139 0
-70 -159 0
-70 -177 0
-105 -123 0
-105 -139 0
-105 -159 0
-105 -177 0
-123 -139 0
-123 -159 0
-123 -177 0
-139 -159 0
-139 -177 0
-159 -177 0
-33 -53 0
-33 -71 0
-33 -89 0
-33 -124 0
-33 -140 0
-33 -160 0
-33 -178 0
-53 -71 0
-53 -89 0
-53 -124 0
-53 -140 0
-53 -160 0
-53 -178 0
-71 -89 0
-71 -124 0
-71 -140 0
-71 -160 0
-71 -178 0
-89 -124 0
-89 -140 0
-89 -160 0
-89 -178 0
-124 -140 0
-124 -160 0
-124 -178 0
-140 -160 0
-140 -178 0
-160 -178 0
-15 -34 0
-15 -54 0
-15 -90 0
-15 -106 0
-15 -125 0
-15 -141 0
-15 -161 0
-34 -54 0
-34 -90 0
-34 -106 0
-34 -125 0
-34 -141 0
-34 -161 0
-54 -90 0
-54 -106 0
-54 -125 0
-54 -141 0
-54 -161 0
-90 -106 0
-90 -125 0
-90 -141 0
-90 -161 0
-106 -125 0
-106 -141 0
-106 -161 0
-125 -141 0
-125 -161 0
-141 -161 0
-16 -35 0
-16 -72 0
-16 -91 0
-16 -107 0
-16 -126 0
-16 -142 0
-16 -162 0
-16 -179 0
-35 -72 0
-35 -91 0
-35 -107 0
-35 -126 0
-35 -142 0
-35 -162 0
-35 -179 0
-72 -91 0
-72 -107 0
-72 -126 0
-72 -142 0
-72 -162 0
-72 -179 0
-91 -107 0
-91 -126 0
-91 -142 0
-91 -162 0
-91 -179 0
-107 -126 0
-107 -142 0
-107 -162 0
-107 -179 0
-126 -142 0
-126 -162 0
-126 -179 0
-142 -162 0
-142 -179 0
-162 -179 0
-17 -36 0
-17 -55 0
-17 -73 0
-17 -92 0
-17 -108 0
-17 -143 0
-17 -163 0
-17 -180 0
-36 -55 0
-36 -73 0
-36 -92 0
-36 -108 0
-36 -143 0
-36 -163 0
-36 -180 0
-55 -73 0
-55 -92 0
-55 -108 0
-55 -143 0
-55 -163 0
-55 -180 0
-73 -92 0
-73 -108 0
-73 -143 0
-73 -163 0
-73 -180 0
-92 -108 0
-92 -143 0
-92 -163 0
-92 -180 0
-108 -143 0
-108 -163 0
-108 -180 0
-143 -163 0
-143 -180 0
-163 -180 0
-37 -74 0
-37 -93 0
-37 -109 0
-37 -127 0
-37 -144 0
-37 -164 0
-37 -181 0
-74 -93 0
-74 -109 0
-74 -127 0
-74 -144 0
-74 -164 0
-74 -181 0
-93 -109 0
-93 -127 0
-93 -144 0
-93 -164 0
-93 -181 0
-109 -127 0
-109 -144 0
-109 -164 0
-109 -181 0
-127 -144 0
-127 -164 0
-127 -181 0
-144 -164 0
-144 -181 0
-164 -181 0
-18 -38 0
-18 -56 0
-18 -75 0
-18 -110 0
-18 -128 0
-18 -145 0
-18 -165 0
-38 -56 0
-38 -75 0
-38 -110 0
-38 -128 0
-38 -145 0
-38 -165 0
-56 -75 0
-56 -110 0
-56 -128 0
-56 -145 0
-56 -165 0
-75 -110 0
-75 -128 0
-75 -145 0
-75 -165 0
-110 -128 0
-110 -145 0
-110 -165 0
-128 -145 0
-128 -165 0
-145 -165 0
-19 -39 0
-19 -57 0
-19 -76 0
-19 -94 0
-19 -111 0
-19 -129 0
-19 -146 0
-19 -166 0
-19 -182 0
-39 -57 0
-39 -76 0
-39 -94 0
-39 -111 0
-39 -129 0
-39 -146 0
-39 -166 0
-39 -182 0
-57 -76 0
-57 -94 0
-57 -111 0
-57 -129 0
-57 -146 0
-57 -166 0
-57 -182 0
-76 -94 0
-76 -111 0
-76 -129 0
-76 -146 0
-76 -166 0
-76 -182 0
-94 -111 0
-94 -129 0
-94 -146 0
-94 -166 0
-94 -182 0
-111 -129 0
-111 -146 0
-111 -166 0
-111 -182 0
-129 -146 0
-129 -166 0
-129 -182 0
-146 -166 0
-146 -182 0
-166 -182 0
