p cnf 31 55
1 2 0
-1 -2 0
3 4 0
-3 -4 0
5 6 7 0
-5 -6 0
-5 -7 0
-6 -7 0
8 9 10 0
-8 -9 0
-8 -10 0
-9 -10 0
11 12 13 0
-11 -12 0
-11 -13 0
-12 -13 0
14 15 0
-14 -15 0
16 17 18 0
-16 -17 0
-16 -18 0
-17 -18 0
19 20 0
-19 -20 0
21 22 23 0
-21 -22 0
-21 -23 0
-22 -23 0
24 25 0
-24 -25 0
26 27 0
-26 -27 0
28 29 0
-28 -29 0
30 31 0
-30 -31 0
-2 -3 0
-4 -20 0
-3 -22 0
-4 -23 0
-3 -27 0
-5 -16 0
-6 -17 0
-7 -18 0
-11 -16 0
-12 -17 0
-13 -18 0
-11 -21 0
-12 -22 0
-13 -23 0
-12 -30 0
-13 -31 0
-14 -19 0
-15 -21 0
-20 -23 0
