p cnf 147 575
43 44 45 46 47 48 49 50 51 52 53 54 55 56 0
73 74 75 76 77 78 79 80 81 82 83 84 85 86 87 0
88 89 90 91 92 93 94 95 96 97 98 99 100 101 0
-1 -57 0
-1 -73 0
-1 -88 0
-1 -102 0
-1 -117 0
-1 -131 0
-57 -73 0
-57 -88 0
-57 -102 0
-57 -117 0
-57 -131 0
-73 -88 0
-73 -102 0
-73 -117 0
-73 -131 0
-88 -102 0
-88 -117 0
-88 -131 0
-102 -117 0
-102 -131 0
-117 -131 0
-2 -16 0
-2 -30 0
-2 -43 0
-2 -58 0
-2 -74 0
-2 -89 0
-2 -103 0
-2 -118 0
-2 -132 0
-16 -30 0
-16 -43 0
-16 -58 0
-16 -74 0
-16 -89 0
-16 -103 0
-16 -118 0
-16 -132 0
-30 -43 0
-30 -58 0
-30 -74 0
-30 -89 0
-30 -103 0
-30 -118 0
-30 -132 0
-43 -58 0
-43 -74 0
-43 -89 0
-43 -103 0
-43 -118 0
-43 -132 0
-58 -74 0
-58 -89 0
-58 -103 0
-58 -118 0
-58 -132 0
-74 -89 0
-74 -103 0
-74 -118 0
-74 -132 0
-89 -103 0
-89 -118 0
-89 -132 0
-103 -118 0
-103 -132 0
-118 -132 0
-3 -17 0
-3 -44 0
-3 -59 0
-3 -75 0
-3 -104 0
-3 -133 0
-17 -44 0
-17 -59 0
-17 -75 0
-17 -104 0
-17 -133 0
-44 -59 0
-44 -75 0
-44 -104 0
-44 -133 0
-59 -75 0
-59 -104 0
-59 -133 0
-75 -104 0
-75 -133 0
-104 -133 0
-18 -31 0
-18 -45 0
-18 -60 0
-18 -76 0
-18 -90 0
-18 -105 0
-18 -119 0
-18 -134 0
-31 -45 0
-31 -60 0
-31 -76 0
-31 -90 0
-31 -105 0
-31 -119 0
-31 -134 0
-45 -60 0
-45 -76 0
-45 -90 0
-45 -105 0
-45 -119 0
-45 -134 0
-60 -76 0
-60 -90 0
-60 -105 0
-60 -119 0
-60 -134 0
-76 -90 0
-76 -105 0
-76 -119 0
-76 -134 0
-90 -105 0
-90 -119 0
-90 -134 0
-105 -119 0
-105 -134 0
-119 -134 0
-4 -19 0
-4 -32 0
-4 -46 0
-4 -61 0
-4 -77 0
-4 -91 0
-4 -106 0
-4 -120 0
-4 -135 0
-19 -32 0
-19 -46 0
-19 -61 0
-19 -77 0
-19 -91 0
-19 -106 0
-19 -120 0
-19 -135 0
-32 -46 0
-32 -61 0
-32 -77 0
-32 -91 0
-32 -106 0
-32 -120 0
-32 -135 0
-46 -61 0
-46 -77 0
-46 -91 0
-46 -106 0
-46 -120 0
-46 -135 0
-61 -77 0
-61 -91 0
-61 -106 0
-61 -120 0
-61 -135 0
-77 -91 0
-77 -106 0
-77 -120 0
-77 -135 0
-91 -106 0
-91 -120 0
-91 -135 0
-106 -120 0
-106 -135 0
-120 -135 0
-5 -20 0
-5 -47 0
-5 -62 0
-5 -78 0
-5 -92 0
-5 -107 0
-5 -121 0
-5 -136 0
-20 -47 0
-20 -62 0
-20 -78 0
-20 -92 0
-20 -107 0
-20 -121 0
-20 -136 0
-47 -62 0
-47 -78 0
-47 -92 0
-47 -107 0
-47 -121 0
-47 -136 0
-62 -78 0
-62 -92 0
-62 -107 0
-62 -121 0
-62 -136 0
-78 -92 0
-78 -107 0
-78 -121 0
-78 -136 0
-92 -107 0
-92 -121 0
-92 -136 0
-107 -121 0
-107 -136 0
-121 -136 0
-6 -21 0
-6 -33 0
-6 -48 0
-6 -63 0
-6 -79 0
-6 -93 0
-6 -122 0
-6 -137 0
-21 -33 0
-21 -48 0
-21 -63 0
-21 -79 0
-21 -93 0
-21 -122 0
-21 -137 0
-33 -48 0
-33 -63 0
-33 -79 0
-33 -93 0
-33 -122 0
-33 -137 0
-48 -63 0
-48 -79 0
-48 -93 0
-48 -122 0
-48 -137 0
-63 -79 0
-63 -93 0
-63 -122 0
-63 -137 0
-79 -93 0
-79 -122 0
-79 -137 0
-93 -122 0
-93 -137 0
-122 -137 0
-7 -22 0
-7 -34 0
-7 -80 0
-7 -94 0
-7 -108 0
-7 -123 0
-7 -138 0
-22 -34 0
-22 -80 0
-22 -94 0
-22 -108 0
-22 -123 0
-22 -138 0
-34 -80 0
-34 -94 0
-34 -108 0
-34 -123 0
-34 -138 0
-80 -94 0
-80 -108 0
-80 -123 0
-80 -138 0
-94 -108 0
-94 -123 0
-94 -138 0
-108 -123 0
-108 -138 0
-123 -138 0
-23 -35 0
-23 -49 0
-23 -64 0
-23 -81 0
-23 -95 0
-23 -109 0
-23 -139 0
-35 -49 0
-35 -64 0
-35 -81 0
-35 -95 0
-35 -109 0
-35 -139 0
-49 -64 0
-49 -81 0
-49 -95 0
-49 -109 0
-49 -139 0
-64 -81 0
-64 -95 0
-64 -109 0
-64 -139 0
-81 -95 0
-81 -109 0
-81 -139 0
-95 -109 0
-95 -139 0
-109 -139 0
-8 -24 0
-8 -50 0
-8 -65 0
-8 -82 0
-8 -96 0
-8 -110 0
-8 -140 0
-24 -50 0
-24 -65 0
-24 -82 0
-24 -96 0
-24 -110 0
-24 -140 0
-50 -65 0
-50 -82 0
-50 -96 0
-50 -110 0
-50 -140 0
-65 -82 0
-65 -96 0
-65 -110 0
-65 -140 0
-82 -96 0
-82 -110 0
-82 -140 0
-96 -110 0
-96 -140 0
-110 -140 0
-9 -25 0
-9 -36 0
-9 -51 0
-9 -66 0
-9 -83 0
-9 -97 0
-9 -111 0
-9 -124 0
-9 -141 0
-25 -36 0
-25 -51 0
-25 -66 0
-25 -83 0
-25 -97 0
-25 -111 0
-25 -124 0
-25 -141 0
-36 -51 0
-36 -66 0
-36 -83 0
-36 -97 0
-36 -111 0
-36 -124 0
-36 -141 0
-51 -66 0
-51 -83 0
-51 -97 0
-51 -111 0
-51 -124 0
-51 -141 0
-66 -83 0
-66 -97 0
-66 -111 0
-66 -124 0
-66 -141 0
-83 -97 0
-83 -111 0
-83 -124 0
-83 -141 0
-97 -111 0
-97 -124 0
-97 -141 0
-111 -124 0
-111 -141 0
-124 -141 0
-10 -26 0
-10 -37 0
-10 -52 0
-10 -67 0
-10 -84 0
-10 -98 0
-10 -112 0
-10 -125 0
-10 -142 0
-26 -37 0
-26 -52 0
-26 -67 0
-26 -84 0
-26 -98 0
-26 -112 0
-26 -125 0
-26 -142 0
-37 -52 0
-37 -67 0
-37 -84 0
-37 -98 0
-37 -112 0
-37 -125 0
-37 -142 0
-52 -67 0
-52 -84 0
-52 -98 0
-52 -112 0
-52 -125 0
-52 -142 0
-67 -84 0
-67 -98 0
-67 -112 0
-67 -125 0
-67 -142 0
-84 -98 0
-84 -112 0
-84 -125 0
-84 -142 0
-98 -112 0
-98 -125 0
-98 -142 0
-112 -125 0
-112 -142 0
-125 -142 0
-11 -27 0
-11 -38 0
-11 -53 0
-11 -68 0
-11 -85 0
-11 -99 0
-11 -113 0
-11 -126 0
-11 -143 0
-27 -38 0
-27 -53 0
-27 -68 0
-27 -85 0
-27 -99 0
-27 -113 0
-27 -126 0
-27 -143 0
-38 -53 0
-38 -68 0
-38 -85 0
-38 -99 0
-38 -113 0
-38 -126 0
-38 -143 0
-53 -68 0
-53 -85 0
-53 -99 0
-53 -113 0
-53 -126 0
-53 -143 0
-68 -85 0
-68 -99 0
-68 -113 0
-68 -126 0
-68 -143 0
-85 -99 0
-85 -113 0
-85 -126 0
-85 -143 0
-99 -113 0
-99 -126 0
-99 -143 0
-113 -126 0
-113 -143 0
-126 -143 0
-12 -28 0
-12 -39 0
-12 -54 0
-12 -69 0
-12 -86 0
-12 -100 0
-12 -127 0
-12 -144 0
-28 -39 0
-28 -54 0
-28 -69 0
-28 -86 0
-28 -100 0
-28 -127 0
-28 -144 0
-39 -54 0
-39 -69 0
-39 -86 0
-39 -100 0
-39 -127 0
-39 -144 0
-54 -69 0
-54 -86 0
-54 -100 0
-54 -127 0
-54 -144 0
-69 -86 0
-69 -100 0
-69 -127 0
-69 -144 0
-86 -100 0
-86 -127 0
-86 -144 0
-100 -127 0
-100 -144 0
-127 -144 0
-13 -40 0
-13 -55 0
-13 -70 0
-13 -87 0
-13 -114 0
-13 -128 0
-13 -145 0
-40 -55 0
-40 -70 0
-40 -87 0
-40 -114 0
-40 -128 0
-40 -145 0
-55 -70 0
-55 -87 0
-55 -114 0
-55 -128 0
-55 -145 0
-70 -87 0
-70 -114 0
-70 -128 0
-70 -145 0
-87 -114 0
-87 -128 0
-87 -145 0
-114 -128 0
-114 -145 0
-128 -145 0
-14 -41 0
-14 -71 0
-14 -101 0
-14 -115 0
-14 -129 0
-14 -146 0
-41 -71 0
-41 -101 0
-41 -115 0
-41 -129 0
-41 -146 0
-71 -101 0
-71 -115 0
-71 -129 0
-71 -146 0
-101 -115 0
-101 -129 0
-101 -146 0
-115 -129 0
-115 -146 0
-129 -146 0
-15 -29 0
-15 -42 0
-15 -56 0
-15 -72 0
-15 -116 0
-15 -130 0
-15 -147 0
-29 -42 0
-29 -56 0
-29 -72 0
-29 -116 0
-29 -130 0
-29 -147 0
-42 -56 0
-42 -72 0
-42 -116 0
-42 -130 0
-42 -147 0
-56 -72 0
-56 -116 0
-56 -130 0
-56 -147 0
-72 -116 0
-72 -130 0
-72 -147 0
-116 -130 0
-116 -147 0
-130 -147 0
