p cnf 30 100
-1 -4 0
-1 -8 0
-1 -13 0
-1 -16 0
-1 -27 0
-4 -8 0
-4 -13 0
-4 -16 0
-4 -27 0
-8 -13 0
-8 -16 0
-8 -27 0
-13 -16 0
-13 -27 0
-16 -27 0
-2 -5 0
-2 -11 0
-2 -14 0
-2 -17 0
-2 -22 0
-2 -28 0
-5 -11 0
-5 -14 0
-5 -17 0
-5 -22 0
-5 -28 0
-11 -14 0
-11 -17 0
-11 -22 0
-11 -28 0
-14 -17 0
-14 -22 0
-14 -28 0
-17 -22 0
-17 -28 0
-22 -28 0
-6 -9 0
-6 -15 0
-6 -18 0
-6 -20 0
-6 -23 0
-6 -25 0
-6 -29 0
-9 -15 0
-9 -18 0
-9 -20 0
-9 -23 0
-9 -25 0
-9 -29 0
-15 -18 0
-15 -20 0
-15 -23 0
-15 -25 0
-15 -29 0
-18 -20 0
-18 -23 0
-18 -25 0
-18 -29 0
-20 -23 0
-20 -25 0
-20 -29 0
-23 -25 0
-23 -29 0
-25 -29 0
-3 -7 0
-3 -10 0
-3 -12 0
-3 -19 0
-3 -21 0
-3 -24 0
-3 -26 0
-3 -30 0
-7 -10 0
-7 -12 0
-7 -19 0
-7 -21 0
-7 -24 0
-7 -26 0
-7 -30 0
-10 -12 0
-10 -19 0
-10 -21 0
-10 -24 0
-10 -26 0
-10 -30 0
-12 -19 0
-12 -21 0
-12 -24 0
-12 -26 0
-12 -30 0
-19 -21 0
-19 -24 0
-19 -26 0
-19 -30 0
-21 -24 0
-21 -26 0
-21 -30 0
-24 -26 0
-24 -30 0
-26 -30 0
