p cnf 37 109
16 17 18 0
19 20 21 22 23 0
27 28 0
-1 -24 0
-1 -29 0
-1 -34 0
-24 -29 0
-24 -34 0
-29 -34 0
-2 -5 0
-2 -12 0
-2 -19 0
-2 -25 0
-2 -30 0
-5 -12 0
-5 -19 0
-5 -25 0
-5 -30 0
-12 -19 0
-12 -25 0
-12 -30 0
-19 -25 0
-19 -30 0
-25 -30 0
-3 -6 0
-3 -9 0
-3 -13 0
-3 -16 0
-3 -20 0
-3 -27 0
-3 -31 0
-3 -35 0
-6 -9 0
-6 -13 0
-6 -16 0
-6 -20 0
-6 -27 0
-6 -31 0
-6 -35 0
-9 -13 0
-9 -16 0
-9 -20 0
-9 -27 0
-9 -31 0
-9 -35 0
-13 -16 0
-13 -20 0
-13 -27 0
-13 -31 0
-13 -35 0
-16 -20 0
-16 -27 0
-16 -31 0
-16 -35 0
-20 -27 0
-20 -31 0
-20 -35 0
-27 -31 0
-27 -35 0
-31 -35 0
-4 -10 0
-4 -17 0
-4 -21 0
-4 -26 0
-4 -32 0
-10 -17 0
-10 -21 0
-10 -26 0
-10 -32 0
-17 -21 0
-17 -26 0
-17 -32 0
-21 -26 0
-21 -32 0
-26 -32 0
-7 -14 0
-7 -22 0
-7 -36 0
-14 -22 0
-14 -36 0
-22 -36 0
-8 -11 0
-8 -15 0
-8 -18 0
-8 -23 0
-8 -28 0
-8 -33 0
-8 -37 0
-11 -15 0
-11 -18 0
-11 -23 0
-11 -28 0
-11 -33 0
-11 -37 0
-15 -18 0
-15 -23 0
-15 -28 0
-15 -33 0
-15 -37 0
-18 -23 0
-18 -28 0
-18 -33 0
-18 -37 0
-23 -28 0
-23 -33 0
-23 -37 0
-28 -33 0
-28 -37 0
-33 -37 0
