p cnf 130 960
-1 -2 0
-1 -3 0
-1 -4 0
-1 -5 0
-1 -6 0
-1 -7 0
-1 -8 0
-1 -9 0
-1 -10 0
-2 -3 0
-2 -4 0
-2 -5 0
-2 -6 0
-2 -7 0
-2 -8 0
-2 -9 0
-2 -10 0
-3 -4 0
-3 -5 0
-3 -6 0
-3 -7 0
-3 -8 0
-3 -9 0
-3 -10 0
-4 -5 0
-4 -6 0
-4 -7 0
-4 -8 0
-4 -9 0
-4 -10 0
-5 -6 0
-5 -7 0
-5 -8 0
-5 -9 0
-5 -10 0
-6 -7 0
-6 -8 0
-6 -9 0
-6 -10 0
-7 -8 0
-7 -9 0
-7 -10 0
-8 -9 0
-8 -10 0
-9 -10 0
1 2 3 4 5 6 7 8 9 10 0
-11 -12 0
-11 -13 0
-11 -14 0
-11 -15 0
-11 -16 0
-12 -13 0
-12 -14 0
-12 -15 0
-12 -16 0
-13 -14 0
-13 -15 0
-13 -16 0
-14 -15 0
-14 -16 0
-15 -16 0
11 12 13 14 15 16 0
-17 -18 0
-17 -19 0
-17 -20 0
-17 -21 0
-17 -22 0
-17 -23 0
-17 -24 0
-17 -25 0
-18 -19 0
-18 -20 0
-18 -21 0
-18 -22 0
-18 -23 0
-18 -24 0
-18 -25 0
-19 -20 0
-19 -21 0
-19 -22 0
-19 -23 0
-19 -24 0
-19 -25 0
-20 -21 0
-20 -22 0
-20 -23 0
-20 -24 0
-20 -25 0
-21 -22 0
-21 -23 0
-21 -24 0
-21 -25 0
-22 -23 0
-22 -24 0
-22 -25 0
-23 -24 0
-23 -25 0
-24 -25 0
17 18 19 20 21 22 23 24 25 0
-26 -27 0
-26 -28 0
-26 -29 0
-26 -30 0
-26 -31 0
-26 -32 0
-26 -33 0
-27 -28 0
-27 -29 0
-27 -30 0
-27 -31 0
-27 -32 0
-27 -33 0
-28 -29 0
-28 -30 0
-28 -31 0
-28 -32 0
-28 -33 0
-29 -30 0
-29 -31 0
-29 -32 0
-29 -33 0
-30 -31 0
-30 -32 0
-30 -33 0
-31 -32 0
-31 -33 0
-32 -33 0
26 27 28 29 30 31 32 33 0
-34 -35 0
-34 -36 0
-34 -37 0
-34 -38 0
-35 -36 0
-35 -37 0
-35 -38 0
-36 -37 0
-36 -38 0
-37 -38 0
34 35 36 37 38 0
-39 -40 0
-39 -41 0
-39 -42 0
-39 -43 0
-40 -41 0
-40 -42 0
-40 -43 0
-41 -42 0
-41 -43 0
-42 -43 0
39 40 41 42 43 0
-34 -44 0
-34 -45 0
-34 -46 0
-34 -47 0
-34 -48 0
-34 -49 0
-34 -50 0
-34 -51 0
-44 -45 0
-44 -46 0
-44 -47 0
-44 -48 0
-44 -49 0
-44 -50 0
-44 -51 0
-45 -46 0
-45 -47 0
-45 -48 0
-45 -49 0
-45 -50 0
-45 -51 0
-46 -47 0
-46 -48 0
-46 -49 0
-46 -50 0
-46 -51 0
-47 -48 0
-47 -49 0
-47 -50 0
-47 -51 0
-48 -49 0
-48 -50 0
-48 -51 0
-49 -50 0
-49 -51 0
-50 -51 0
34 44 45 46 47 48 49 50 51 0
-52 -53 0
-52 -54 0
-52 -55 0
-52 -56 0
-52 -57 0
-52 -58 0
-53 -54 0
-53 -55 0
-53 -56 0
-53 -57 0
-53 -58 0
-54 -55 0
-54 -56 0
-54 -57 0
-54 -58 0
-55 -56 0
-55 -57 0
-55 -58 0
-56 -57 0
-56 -58 0
-57 -58 0
52 53 54 55 56 57 58 0
-11 -26 0
-11 -44 0
-11 -52 0
-11 -59 0
-11 -60 0
-11 -61 0
-11 -62 0
-11 -63 0
-26 -44 0
-26 -52 0
-26 -59 0
-26 -60 0
-26 -61 0
-26 -62 0
-26 -63 0
-44 -52 0
-44 -59 0
-44 -60 0
-44 -61 0
-44 -62 0
-44 -63 0
-52 -59 0
-52 -60 0
-52 -61 0
-52 -62 0
-52 -63 0
-59 -60 0
-59 -61 0
-59 -62 0
-59 -63 0
-60 -61 0
-60 -62 0
-60 -63 0
-61 -62 0
-61 -63 0
-62 -63 0
11 26 44 52 59 60 61 62 63 0
-1 -17 0
-1 -27 0
-1 -39 0
-1 -59 0
-1 -64 0
-1 -65 0
-1 -66 0
-1 -67 0
-1 -68 0
-1 -69 0
-1 -70 0
-1 -71 0
-1 -72 0
-17 -27 0
-17 -39 0
-17 -59 0
-17 -64 0
-17 -65 0
-17 -66 0
-17 -67 0
-17 -68 0
-17 -69 0
-17 -70 0
-17 -71 0
-17 -72 0
-27 -39 0
-27 -59 0
-27 -64 0
-27 -65 0
-27 -66 0
-27 -67 0
-27 -68 0
-27 -69 0
-27 -70 0
-27 -71 0
-27 -72 0
-39 -59 0
-39 -64 0
-39 -65 0
-39 -66 0
-39 -67 0
-39 -68 0
-39 -69 0
-39 -70 0
-39 -71 0
-39 -72 0
-59 -64 0
-59 -65 0
-59 -66 0
-59 -67 0
-59 -68 0
-59 -69 0
-59 -70 0
-59 -71 0
-59 -72 0
-64 -65 0
-64 -66 0
-64 -67 0
-64 -68 0
-64 -69 0
-64 -70 0
-64 -71 0
-64 -72 0
-65 -66 0
-65 -67 0
-65 -68 0
-65 -69 0
-65 -70 0
-65 -71 0
-65 -72 0
-66 -67 0
-66 -68 0
-66 -69 0
-66 -70 0
-66 -71 0
-66 -72 0
-67 -68 0
-67 -69 0
-67 -70 0
-67 -71 0
-67 -72 0
-68 -69 0
-68 -70 0
-68 -71 0
-68 -72 0
-69 -70 0
-69 -71 0
-69 -72 0
-70 -71 0
-70 -72 0
-71 -72 0
1 17 27 39 59 64 65 66 67 68 69 70 71 72 0
-18 -45 0
-18 -64 0
-18 -73 0
-18 -74 0
-18 -75 0
-18 -76 0
-18 -77 0
-45 -64 0
-45 -73 0
-45 -74 0
-45 -75 0
-45 -76 0
-45 -77 0
-64 -73 0
-64 -74 0
-64 -75 0
-64 -76 0
-64 -77 0
-73 -74 0
-73 -75 0
-73 -76 0
-73 -77 0
-74 -75 0
-74 -76 0
-74 -77 0
-75 -76 0
-75 -77 0
-76 -77 0
18 45 64 73 74 75 76 77 0
-53 -78 0
-53 -79 0
-53 -80 0
-53 -81 0
-78 -79 0
-78 -80 0
-78 -81 0
-79 -80 0
-79 -81 0
-80 -81 0
53 78 79 80 81 0
-78 -82 0
-78 -83 0
-78 -84 0
-78 -85 0
-78 -86 0
-78 -87 0
-82 -83 0
-82 -84 0
-82 -85 0
-82 -86 0
-82 -87 0
-83 -84 0
-83 -85 0
-83 -86 0
-83 -87 0
-84 -85 0
-84 -86 0
-84 -87 0
-85 -86 0
-85 -87 0
-86 -87 0
78 82 83 84 85 86 87 0
-2 -46 0
-2 -65 0
-2 -88 0
-2 -89 0
-2 -90 0
-2 -91 0
-46 -65 0
-46 -88 0
-46 -89 0
-46 -90 0
-46 -91 0
-65 -88 0
-65 -89 0
-65 -90 0
-65 -91 0
-88 -89 0
-88 -90 0
-88 -91 0
-89 -90 0
-89 -91 0
-90 -91 0
2 46 65 88 89 90 91 0
-19 -47 0
-19 -54 0
-19 -79 0
-19 -82 0
-19 -92 0
-19 -93 0
-19 -94 0
-19 -95 0
-19 -96 0
-19 -97 0
-47 -54 0
-47 -79 0
-47 -82 0
-47 -92 0
-47 -93 0
-47 -94 0
-47 -95 0
-47 -96 0
-47 -97 0
-54 -79 0
-54 -82 0
-54 -92 0
-54 -93 0
-54 -94 0
-54 -95 0
-54 -96 0
-54 -97 0
-79 -82 0
-79 -92 0
-79 -93 0
-79 -94 0
-79 -95 0
-79 -96 0
-79 -97 0
-82 -92 0
-82 -93 0
-82 -94 0
-82 -95 0
-82 -96 0
-82 -97 0
-92 -93 0
-92 -94 0
-92 -95 0
-92 -96 0
-92 -97 0
-93 -94 0
-93 -95 0
-93 -96 0
-93 -97 0
-94 -95 0
-94 -96 0
-94 -97 0
-95 -96 0
-95 -97 0
-96 -97 0
19 47 54 79 82 92 93 94 95 96 97 0
-3 -40 0
-3 -55 0
-3 -73 0
-3 -88 0
-3 -92 0
-3 -98 0
-3 -99 0
-3 -100 0
-3 -101 0
-3 -102 0
-3 -103 0
-40 -55 0
-40 -73 0
-40 -88 0
-40 -92 0
-40 -98 0
-40 -99 0
-40 -100 0
-40 -101 0
-40 -102 0
-40 -103 0
-55 -73 0
-55 -88 0
-55 -92 0
-55 -98 0
-55 -99 0
-55 -100 0
-55 -101 0
-55 -102 0
-55 -103 0
-73 -88 0
-73 -92 0
-73 -98 0
-73 -99 0
-73 -100 0
-73 -101 0
-73 -102 0
-73 -103 0
-88 -92 0
-88 -98 0
-88 -99 0
-88 -100 0
-88 -101 0
-88 -102 0
-88 -103 0
-92 -98 0
-92 -99 0
-92 -100 0
-92 -101 0
-92 -102 0
-92 -103 0
-98 -99 0
-98 -100 0
-98 -101 0
-98 -102 0
-98 -103 0
-99 -100 0
-99 -101 0
-99 -102 0
-99 -103 0
-100 -101 0
-100 -102 0
-100 -103 0
-101 -102 0
-101 -103 0
-102 -103 0
3 40 55 73 88 92 98 99 100 101 102 103 0
-28 -66 0
-28 -93 0
-28 -104 0
-28 -105 0
-28 -106 0
-66 -93 0
-66 -104 0
-66 -105 0
-66 -106 0
-93 -104 0
-93 -105 0
-93 -106 0
-104 -105 0
-104 -106 0
-105 -106 0
28 66 93 104 105 106 0
-35 -80 0
-35 -83 0
-35 -107 0
-80 -83 0
-80 -107 0
-83 -107 0
35 80 83 107 0
-94 -98 0
-94 -104 0
-94 -108 0
-94 -109 0
-94 -110 0
-98 -104 0
-98 -108 0
-98 -109 0
-98 -110 0
-104 -108 0
-104 -109 0
-104 -110 0
-108 -109 0
-108 -110 0
-109 -110 0
94 98 104 108 109 110 0
-12 -60 0
-12 -67 0
-12 -74 0
-12 -89 0
-12 -95 0
-12 -111 0
-12 -112 0
-12 -113 0
-60 -67 0
-60 -74 0
-60 -89 0
-60 -95 0
-60 -111 0
-60 -112 0
-60 -113 0
-67 -74 0
-67 -89 0
-67 -95 0
-67 -111 0
-67 -112 0
-67 -113 0
-74 -89 0
-74 -95 0
-74 -111 0
-74 -112 0
-74 -113 0
-89 -95 0
-89 -111 0
-89 -112 0
-89 -113 0
-95 -111 0
-95 -112 0
-95 -113 0
-111 -112 0
-111 -113 0
-112 -113 0
12 60 67 74 89 95 111 112 113 0
-4 -20 0
-4 -111 0
-4 -114 0
-4 -115 0
-4 -116 0
-20 -111 0
-20 -114 0
-20 -115 0
-20 -116 0
-111 -114 0
-111 -115 0
-111 -116 0
-114 -115 0
-114 -116 0
-115 -116 0
4 20 111 114 115 116 0
-5 -29 0
-5 -36 0
-5 -41 0
-5 -81 0
-5 -96 0
-5 -114 0
-5 -117 0
-5 -118 0
-5 -119 0
-29 -36 0
-29 -41 0
-29 -81 0
-29 -96 0
-29 -114 0
-29 -117 0
-29 -118 0
-29 -119 0
-36 -41 0
-36 -81 0
-36 -96 0
-36 -114 0
-36 -117 0
-36 -118 0
-36 -119 0
-41 -81 0
-41 -96 0
-41 -114 0
-41 -117 0
-41 -118 0
-41 -119 0
-81 -96 0
-81 -114 0
-81 -117 0
-81 -118 0
-81 -119 0
-96 -114 0
-96 -117 0
-96 -118 0
-96 -119 0
-114 -117 0
-114 -118 0
-114 -119 0
-117 -118 0
-117 -119 0
-118 -119 0
5 29 36 41 81 96 114 117 118 119 0
-6 -21 0
-6 -48 0
-6 -97 0
-6 -115 0
-21 -48 0
-21 -97 0
-21 -115 0
-48 -97 0
-48 -115 0
-97 -115 0
6 21 48 97 115 0
-22 -42 0
-22 -49 0
-22 -68 0
-22 -75 0
-22 -84 0
-22 -99 0
-22 -105 0
-22 -116 0
-22 -120 0
-22 -121 0
-22 -122 0
-42 -49 0
-42 -68 0
-42 -75 0
-42 -84 0
-42 -99 0
-42 -105 0
-42 -116 0
-42 -120 0
-42 -121 0
-42 -122 0
-49 -68 0
-49 -75 0
-49 -84 0
-49 -99 0
-49 -105 0
-49 -116 0
-49 -120 0
-49 -121 0
-49 -122 0
-68 -75 0
-68 -84 0
-68 -99 0
-68 -105 0
-68 -116 0
-68 -120 0
-68 -121 0
-68 -122 0
-75 -84 0
-75 -99 0
-75 -105 0
-75 -116 0
-75 -120 0
-75 -121 0
-75 -122 0
-84 -99 0
-84 -105 0
-84 -116 0
-84 -120 0
-84 -121 0
-84 -122 0
-99 -105 0
-99 -116 0
-99 -120 0
-99 -121 0
-99 -122 0
-105 -116 0
-105 -120 0
-105 -121 0
-105 -122 0
-116 -120 0
-116 -121 0
-116 -122 0
-120 -121 0
-120 -122 0
-121 -122 0
22 42 49 68 75 84 99 105 116 120 121 122 0
-7 -30 0
-7 -50 0
-7 -61 0
-7 -100 0
-7 -108 0
-7 -117 0
-7 -123 0
-7 -124 0
-30 -50 0
-30 -61 0
-30 -100 0
-30 -108 0
-30 -117 0
-30 -123 0
-30 -124 0
-50 -61 0
-50 -100 0
-50 -108 0
-50 -117 0
-50 -123 0
-50 -124 0
-61 -100 0
-61 -108 0
-61 -117 0
-61 -123 0
-61 -124 0
-100 -108 0
-100 -117 0
-100 -123 0
-100 -124 0
-108 -117 0
-108 -123 0
-108 -124 0
-117 -123 0
-117 -124 0
-123 -124 0
7 30 50 61 100 108 117 123 124 0
-8 -13 0
-8 -51 0
-8 -101 0
-8 -125 0
-8 -126 0
-8 -127 0
-13 -51 0
-13 -101 0
-13 -125 0
-13 -126 0
-13 -127 0
-51 -101 0
-51 -125 0
-51 -126 0
-51 -127 0
-101 -125 0
-101 -126 0
-101 -127 0
-125 -126 0
-125 -127 0
-126 -127 0
8 13 51 101 125 126 127 0
-14 -56 0
-14 -69 0
-14 -85 0
-14 -90 0
-14 -128 0
-56 -69 0
-56 -85 0
-56 -90 0
-56 -128 0
-69 -85 0
-69 -90 0
-69 -128 0
-85 -90 0
-85 -128 0
-90 -128 0
14 56 69 85 90 128 0
-9 -23 0
-9 -57 0
-9 -125 0
-23 -57 0
-23 -125 0
-57 -125 0
9 23 57 125 0
-43 -76 0
-43 -86 0
-43 -91 0
-76 -86 0
-76 -91 0
-86 -91 0
43 76 86 91 0
-15 -58 0
-15 -62 0
-15 -112 0
-15 -123 0
-15 -129 0
-58 -62 0
-58 -112 0
-58 -123 0
-58 -129 0
-62 -112 0
-62 -123 0
-62 -129 0
-112 -123 0
-112 -129 0
-123 -129 0
15 58 62 112 123 129 0
-31 -87 0
-31 -106 0
-31 -129 0
-87 -106 0
-87 -129 0
-106 -129 0
31 87 106 129 0
-24 -37 0
-24 -107 0
-24 -113 0
-24 -118 0
-24 -120 0
-24 -126 0
-24 -128 0
-24 -130 0
-37 -107 0
-37 -113 0
-37 -118 0
-37 -120 0
-37 -126 0
-37 -128 0
-37 -130 0
-107 -113 0
-107 -118 0
-107 -120 0
-107 -126 0
-107 -128 0
-107 -130 0
-113 -118 0
-113 -120 0
-113 -126 0
-113 -128 0
-113 -130 0
-118 -120 0
-118 -126 0
-118 -128 0
-118 -130 0
-120 -126 0
-120 -128 0
-120 -130 0
-126 -128 0
-126 -130 0
-128 -130 0
24 37 107 113 118 120 126 128 130 0
-10 -25 0
-10 -63 0
-10 -77 0
-10 -119 0
-10 -124 0
-25 -63 0
-25 -77 0
-25 -119 0
-25 -124 0
-63 -77 0
-63 -119 0
-63 -124 0
-77 -119 0
-77 -124 0
-119 -124 0
10 25 63 77 119 124 0
-32 -70 0
-32 -102 0
-32 -109 0
-32 -121 0
-70 -102 0
-70 -109 0
-70 -121 0
-102 -109 0
-102 -121 0
-109 -121 0
32 70 102 109 121 0
-33 -38 0
-33 -71 0
-33 -103 0
-33 -110 0
-33 -130 0
-38 -71 0
-38 -103 0
-38 -110 0
-38 -130 0
-71 -103 0
-71 -110 0
-71 -130 0
-103 -110 0
-103 -130 0
-110 -130 0
33 38 71 103 110 130 0
-16 -72 0
-16 -122 0
-16 -127 0
-72 -122 0
-72 -127 0
-122 -127 0
16 72 122 127 0
