p cnf 60 323
-1 -2 0
-1 -3 0
-1 -4 0
-1 -5 0
-1 -6 0
-2 -3 0
-2 -4 0
-2 -5 0
-2 -6 0
-3 -4 0
-3 -5 0
-3 -6 0
-4 -5 0
-4 -6 0
-5 -6 0
1 2 3 4 5 6 0
-1 -7 0
-1 -8 0
-1 -9 0
-1 -10 0
-1 -11 0
-7 -8 0
-7 -9 0
-7 -10 0
-7 -11 0
-8 -9 0
-8 -10 0
-8 -11 0
-9 -10 0
-9 -11 0
-10 -11 0
1 7 8 9 10 11 0
-7 -12 0
-7 -13 0
-7 -14 0
-7 -15 0
-7 -16 0
-7 -17 0
-12 -13 0
-12 -14 0
-12 -15 0
-12 -16 0
-12 -17 0
-13 -14 0
-13 -15 0
-13 -16 0
-13 -17 0
-14 -15 0
-14 -16 0
-14 -17 0
-15 -16 0
-15 -17 0
-16 -17 0
7 12 13 14 15 16 17 0
-18 -19 0
18 19 0
-8 -20 0
-8 -21 0
-8 -22 0
-8 -23 0
-8 -24 0
-8 -25 0
-20 -21 0
-20 -22 0
-20 -23 0
-20 -24 0
-20 -25 0
-21 -22 0
-21 -23 0
-21 -24 0
-21 -25 0
-22 -23 0
-22 -24 0
-22 -25 0
-23 -24 0
-23 -25 0
-24 -25 0
8 20 21 22 23 24 25 0
-9 -26 0
-9 -27 0
-9 -28 0
-9 -29 0
-26 -27 0
-26 -28 0
-26 -29 0
-27 -28 0
-27 -29 0
-28 -29 0
9 26 27 28 29 0
-18 -20 0
-18 -30 0
-18 -31 0
-18 -32 0
-18 -33 0
-20 -30 0
-20 -31 0
-20 -32 0
-20 -33 0
-30 -31 0
-30 -32 0
-30 -33 0
-31 -32 0
-31 -33 0
-32 -33 0
18 20 30 31 32 33 0
-34 -35 0
-34 -36 0
-35 -36 0
34 35 36 0
-12 -21 0
-12 -26 0
-21 -26 0
12 21 26 0
-2 -27 0
-2 -30 0
-2 -34 0
-2 -37 0
-2 -38 0
-2 -39 0
-2 -40 0
-27 -30 0
-27 -34 0
-27 -37 0
-27 -38 0
-27 -39 0
-27 -40 0
-30 -34 0
-30 -37 0
-30 -38 0
-30 -39 0
-30 -40 0
-34 -37 0
-34 -38 0
-34 -39 0
-34 -40 0
-37 -38 0
-37 -39 0
-37 -40 0
-38 -39 0
-38 -40 0
-39 -40 0
2 27 30 34 37 38 39 40 0
-41 -42 0
-41 -43 0
-41 -44 0
-42 -43 0
-42 -44 0
-43 -44 0
41 42 43 44 0
-45 -46 0
-45 -47 0
-46 -47 0
45 46 47 0
-22 -28 0
-22 -35 0
-22 -48 0
-22 -49 0
-22 -50 0
-28 -35 0
-28 -48 0
-28 -49 0
-28 -50 0
-35 -48 0
-35 -49 0
-35 -50 0
-48 -49 0
-48 -50 0
-49 -50 0
22 28 35 48 49 50 0
-13 -31 0
-13 -41 0
-13 -45 0
-13 -51 0
-13 -52 0
-13 -53 0
-13 -54 0
-31 -41 0
-31 -45 0
-31 -51 0
-31 -52 0
-31 -53 0
-31 -54 0
-41 -45 0
-41 -51 0
-41 -52 0
-41 -53 0
-41 -54 0
-45 -51 0
-45 -52 0
-45 -53 0
-45 -54 0
-51 -52 0
-51 -53 0
-51 -54 0
-52 -53 0
-52 -54 0
-53 -54 0
13 31 41 45 51 52 53 54 0
-14 -32 0
-14 -37 0
-14 -55 0
-14 -56 0
-14 -57 0
-32 -37 0
-32 -55 0
-32 -56 0
-32 -57 0
-37 -55 0
-37 -56 0
-37 -57 0
-55 -56 0
-55 -57 0
-56 -57 0
14 32 37 55 56 57 0
-3 -10 0
-3 -36 0
-3 -38 0
-3 -42 0
-3 -46 0
-10 -36 0
-10 -38 0
-10 -42 0
-10 -46 0
-36 -38 0
-36 -42 0
-36 -46 0
-38 -42 0
-38 -46 0
-42 -46 0
3 10 36 38 42 46 0
-4 -11 0
-4 -23 0
-4 -43 0
-4 -51 0
-4 -55 0
-4 -58 0
-11 -23 0
-11 -43 0
-11 -51 0
-11 -55 0
-11 -58 0
-23 -43 0
-23 -51 0
-23 -55 0
-23 -58 0
-43 -51 0
-43 -55 0
-43 -58 0
-51 -55 0
-51 -58 0
-55 -58 0
4 11 23 43 51 55 58 0
-5 -15 0
-5 -24 0
-5 -59 0
-5 -60 0
-15 -24 0
-15 -59 0
-15 -60 0
-24 -59 0
-24 -60 0
-59 -60 0
5 15 24 59 60 0
-48 -52 0
-48 -59 0
-52 -59 0
48 52 59 0
-33 -39 0
-33 -49 0
-33 -53 0
-33 -56 0
-39 -49 0
-39 -53 0
-39 -56 0
-49 -53 0
-49 -56 0
-53 -56 0
33 39 49 53 56 0
-16 -19 0
-16 -44 0
-16 -50 0
-16 -54 0
-16 -60 0
-19 -44 0
-19 -50 0
-19 -54 0
-19 -60 0
-44 -50 0
-44 -54 0
-44 -60 0
-50 -54 0
-50 -60 0
-54 -60 0
16 19 44 50 54 60 0
-6 -17 0
-6 -25 0
-6 -29 0
-6 -40 0
-6 -47 0
-6 -57 0
-6 -58 0
-17 -25 0
-17 -29 0
-17 -40 0
-17 -47 0
-17 -57 0
-17 -58 0
-25 -29 0
-25 -40 0
-25 -47 0
-25 -57 0
-25 -58 0
-29 -40 0
-29 -47 0
-29 -57 0
-29 -58 0
-40 -47 0
-40 -57 0
-40 -58 0
-47 -57 0
-47 -58 0
-57 -58 0
6 17 25 29 40 47 57 58 0
