p cnf 41 130
1 2 3 4 5 0
22 23 24 25 0
26 27 28 29 30 0
-1 -6 0
-1 -12 0
-1 -17 0
-1 -22 0
-1 -31 0
-1 -34 0
-1 -39 0
-6 -12 0
-6 -17 0
-6 -22 0
-6 -31 0
-6 -34 0
-6 -39 0
-12 -17 0
-12 -22 0
-12 -31 0
-12 -34 0
-12 -39 0
-17 -22 0
-17 -31 0
-17 -34 0
-17 -39 0
-22 -31 0
-22 -34 0
-22 -39 0
-31 -34 0
-31 -39 0
-34 -39 0
-2 -13 0
-2 -18 0
-2 -23 0
-2 -26 0
-2 -35 0
-2 -40 0
-13 -18 0
-13 -23 0
-13 -26 0
-13 -35 0
-13 -40 0
-18 -23 0
-18 -26 0
-18 -35 0
-18 -40 0
-23 -26 0
-23 -35 0
-23 -40 0
-26 -35 0
-26 -40 0
-35 -40 0
-3 -8 0
-3 -19 0
-3 -27 0
-8 -19 0
-8 -27 0
-19 -27 0
-4 -7 0
-4 -9 0
-4 -14 0
-4 -20 0
-4 -24 0
-4 -28 0
-4 -32 0
-4 -36 0
-7 -9 0
-7 -14 0
-7 -20 0
-7 -24 0
-7 -28 0
-7 -32 0
-7 -36 0
-9 -14 0
-9 -20 0
-9 -24 0
-9 -28 0
-9 -32 0
-9 -36 0
-14 -20 0
-14 -24 0
-14 -28 0
-14 -32 0
-14 -36 0
-20 -24 0
-20 -28 0
-20 -32 0
-20 -36 0
-24 -28 0
-24 -32 0
-24 -36 0
-28 -32 0
-28 -36 0
-32 -36 0
-5 -10 0
-5 -15 0
-5 -21 0
-5 -29 0
-5 -37 0
-5 -41 0
-10 -15 0
-10 -21 0
-10 -29 0
-10 -37 0
-10 -41 0
-15 -21 0
-15 -29 0
-15 -37 0
-15 -41 0
-21 -29 0
-21 -37 0
-21 -41 0
-29 -37 0
-29 -41 0
-37 -41 0
-11 -16 0
-11 -25 0
-11 -30 0
-11 -33 0
-11 -38 0
-16 -25 0
-16 -30 0
-16 -33 0
-16 -38 0
-25 -30 0
-25 -33 0
-25 -38 0
-30 -33 0
-30 -38 0
-33 -38 0
