p cnf 15 72
1 2 3 -4 0
1 2 -3 4 0
1 -2 3 4 0
1 -2 -3 -4 0
-1 2 3 4 0
-1 2 -3 -4 0
-1 -2 3 -4 0
-1 -2 -3 4 0
1 5 0
-1 -5 0
6 -7 0
-6 7 0
6 8 9 10 0
6 8 -9 -10 0
6 -8 9 -10 0
6 -8 -9 10 0
-6 8 9 -10 0
-6 8 -9 10 0
-6 -8 9 10 0
-6 -8 -9 -10 0
8 11 12 0
8 -11 -12 0
-8 11 -12 0
-8 -11 12 0
2 7 9 13 -14 0
2 7 9 -13 14 0
2 7 -9 13 14 0
2 7 -9 -13 -14 0
2 -7 9 13 14 0
2 -7 9 -13 -14 0
2 -7 -9 13 -14 0
2 -7 -9 -13 14 0
-2 7 9 13 14 0
-2 7 9 -13 -14 0
-2 7 -9 13 -14 0
-2 7 -9 -13 14 0
-2 -7 9 13 -14 0
-2 -7 9 -13 14 0
-2 -7 -9 13 14 0
-2 -7 -9 -13 -14 0
3 5 11 13 15 0
3 5 11 -13 -15 0
3 5 -11 13 -15 0
3 5 -11 -13 15 0
3 -5 11 13 -15 0
3 -5 11 -13 15 0
3 -5 -11 13 15 0
3 -5 -11 -13 -15 0
-3 5 11 13 -15 0
-3 5 11 -13 15 0
-3 5 -11 13 15 0
-3 5 -11 -13 -15 0
-3 -5 11 13 15 0
-3 -5 11 -13 -15 0
-3 -5 -11 13 -15 0
-3 -5 -11 -13 15 0
4 10 12 14 -15 0
4 10 12 -14 15 0
4 10 -12 14 15 0
4 10 -12 -14 -15 0
4 -10 12 14 15 0
4 -10 12 -14 -15 0
4 -10 -12 14 -15 0
4 -10 -12 -14 15 0
-4 10 12 14 15 0
-4 10 12 -14 -15 0
-4 10 -12 14 -15 0
-4 10 -12 -14 15 0
-4 -10 12 14 -15 0
-4 -10 12 -14 15 0
-4 -10 -12 14 15 0
-4 -10 -12 -14 -15 0
