p cnf 188 726
1 2 3 4 5 6 7 8 9 10 11 12 13 14 15 16 17 18 19 0
20 21 22 23 24 25 26 27 28 29 30 31 32 33 34 35 36 0
58 59 60 61 62 63 64 65 66 67 68 69 70 71 72 73 74 75 76 0
77 78 79 80 81 82 83 84 85 86 87 88 89 90 91 92 93 94 95 96 97 0
98 99 100 101 102 103 104 105 106 107 108 109 110 111 112 113 114 115 116 117 0
118 119 120 121 122 123 124 125 126 127 128 129 130 131 132 133 134 135 136 0
137 138 139 140 141 142 143 144 145 146 147 148 149 150 151 152 153 154 0
171 172 173 174 175 176 177 178 179 180 181 182 183 184 185 186 187 188 0
-1 -20 0
-1 -37 0
-1 -58 0
-1 -77 0
-1 -98 0
-1 -137 0
-1 -171 0
-20 -37 0
-20 -58 0
-20 -77 0
-20 -98 0
-20 -137 0
-20 -171 0
-37 -58 0
-37 -77 0
-37 -98 0
-37 -137 0
-37 -171 0
-58 -77 0
-58 -98 0
-58 -137 0
-58 -171 0
-77 -98 0
-77 -137 0
-77 -171 0
-98 -137 0
-98 -171 0
-137 -171 0
-21 -38 0
-21 -59 0
-21 -78 0
-21 -99 0
-21 -118 0
-21 -138 0
-21 -155 0
-38 -59 0
-38 -78 0
-38 -99 0
-38 -118 0
-38 -138 0
-38 -155 0
-59 -78 0
-59 -99 0
-59 -118 0
-59 -138 0
-59 -155 0
-78 -99 0
-78 -118 0
-78 -138 0
-78 -155 0
-99 -118 0
-99 -138 0
-99 -155 0
-118 -138 0
-118 -155 0
-138 -155 0
-2 -22 0
-2 -39 0
-2 -60 0
-2 -79 0
-2 -100 0
-2 -119 0
-2 -156 0
-2 -172 0
-22 -39 0
-22 -60 0
-22 -79 0
-22 -100 0
-22 -119 0
-22 -156 0
-22 -172 0
-39 -60 0
-39 -79 0
-39 -100 0
-39 -119 0
-39 -156 0
-39 -172 0
-60 -79 0
-60 -100 0
-60 -119 0
-60 -156 0
-60 -172 0
-79 -100 0
-79 -119 0
-79 -156 0
-79 -172 0
-100 -119 0
-100 -156 0
-100 -172 0
-119 -156 0
-119 -172 0
-156 -172 0
-3 -23 0
-3 -40 0
-3 -61 0
-3 -80 0
-3 -120 0
-3 -139 0
-3 -157 0
-3 -173 0
-23 -40 0
-23 -61 0
-23 -80 0
-23 -120 0
-23 -139 0
-23 -157 0
-23 -173 0
-40 -61 0
-40 -80 0
-40 -120 0
-40 -139 0
-40 -157 0
-40 -173 0
-61 -80 0
-61 -120 0
-61 -139 0
-61 -157 0
-61 -173 0
-80 -120 0
-80 -139 0
-80 -157 0
-80 -173 0
-120 -139 0
-120 -157 0
-120 -173 0
-139 -157 0
-139 -173 0
-157 -173 0
-4 -24 0
-4 -41 0
-4 -62 0
-4 -81 0
-4 -101 0
-4 -121 0
-4 -140 0
-4 -158 0
-4 -174 0
-24 -41 0
-24 -62 0
-24 -81 0
-24 -101 0
-24 -121 0
-24 -140 0
-24 -158 0
-24 -174 0
-41 -62 0
-41 -81 0
-41 -101 0
-41 -121 0
-41 -140 0
-41 -158 0
-41 -174 0
-62 -81 0
-62 -101 0
-62 -121 0
-62 -140 0
-62 -158 0
-62 -174 0
-81 -101 0
-81 -121 0
-81 -140 0
-81 -158 0
-81 -174 0
-101 -121 0
-101 -140 0
-101 -158 0
-101 -174 0
-121 -140 0
-121 -158 0
-121 -174 0
-140 -158 0
-140 -174 0
-158 -174 0
-5 -25 0
-5 -42 0
-5 -63 0
-5 -82 0
-5 -102 0
-5 -122 0
-5 -141 0
-25 -42 0
-25 -63 0
-25 -82 0
-25 -102 0
-25 -122 0
-25 -141 0
-42 -63 0
-42 -82 0
-42 -102 0
-42 -122 0
-42 -141 0
-63 -82 0
-63 -102 0
-63 -122 0
-63 -141 0
-82 -102 0
-82 -122 0
-82 -141 0
-102 -122 0
-102 -141 0
-122 -141 0
-6 -43 0
-6 -64 0
-6 -83 0
-6 -103 0
-6 -123 0
-6 -142 0
-6 -159 0
-6 -175 0
-43 -64 0
-43 -83 0
-43 -103 0
-43 -123 0
-43 -142 0
-43 -159 0
-43 -175 0
-64 -83 0
-64 -103 0
-64 -123 0
-64 -142 0
-64 -159 0
-64 -175 0
-83 -103 0
-83 -123 0
-83 -142 0
-83 -159 0
-83 -175 0
-103 -123 0
-103 -142 0
-103 -159 0
-103 -175 0
-123 -142 0
-123 -159 0
-123 -175 0
-142 -159 0
-142 -175 0
-159 -175 0
-7 -26 0
-7 -84 0
-7 -124 0
-7 -143 0
-7 -160 0
-7 -176 0
-26 -84 0
-26 -124 0
-26 -143 0
-26 -160 0
-26 -176 0
-84 -124 0
-84 -143 0
-84 -160 0
-84 -176 0
-124 -143 0
-124 -160 0
-124 -176 0
-143 -160 0
-143 -176 0
-160 -176 0
-8 -44 0
-8 -65 0
-8 -85 0
-8 -104 0
-8 -125 0
-8 -144 0
-8 -161 0
-44 -65 0
-44 -85 0
-44 -104 0
-44 -125 0
-44 -144 0
-44 -161 0
-65 -85 0
-65 -104 0
-65 -125 0
-65 -144 0
-65 -161 0
-85 -104 0
-85 -125 0
-85 -144 0
-85 -161 0
-104 -125 0
-104 -144 0
-104 -161 0
-125 -144 0
-125 -161 0
-144 -161 0
-9 -27 0
-9 -45 0
-9 -66 0
-9 -86 0
-9 -105 0
-9 -126 0
-9 -162 0
-9 -177 0
-27 -45 0
-27 -66 0
-27 -86 0
-27 -105 0
-27 -126 0
-27 -162 0
-27 -177 0
-45 -66 0
-45 -86 0
-45 -105 0
-45 -126 0
-45 -162 0
-45 -177 0
-66 -86 0
-66 -105 0
-66 -126 0
-66 -162 0
-66 -177 0
-86 -105 0
-86 -126 0
-86 -162 0
-86 -177 0
-105 -126 0
-105 -162 0
-105 -177 0
-126 -162 0
-126 -177 0
-162 -177 0
-10 -28 0
-10 -46 0
-10 -67 0
-10 -87 0
-10 -106 0
-10 -127 0
-10 -145 0
-10 -178 0
-28 -46 0
-28 -67 0
-28 -87 0
-28 -106 0
-28 -127 0
-28 -145 0
-28 -178 0
-46 -67 0
-46 -87 0
-46 -106 0
-46 -127 0
-46 -145 0
-46 -178 0
-67 -87 0
-67 -106 0
-67 -127 0
-67 -145 0
-67 -178 0
-87 -106 0
-87 -127 0
-87 -145 0
-87 -178 0
-106 -127 0
-106 -145 0
-106 -178 0
-127 -145 0
-127 -178 0
-145 -178 0
-11 -29 0
-11 -47 0
-11 -68 0
-11 -88 0
-11 -107 0
-11 -128 0
-11 -163 0
-11 -179 0
-29 -47 0
-29 -68 0
-29 -88 0
-29 -107 0
-29 -128 0
-29 -163 0
-29 -179 0
-47 -68 0
-47 -88 0
-47 -107 0
-47 -128 0
-47 -163 0
-47 -179 0
-68 -88 0
-68 -107 0
-68 -128 0
-68 -163 0
-68 -179 0
-88 -107 0
-88 -128 0
-88 -163 0
-88 -179 0
-107 -128 0
-107 -163 0
-107 -179 0
-128 -163 0
-128 -179 0
-163 -179 0
-12 -30 0
-12 -48 0
-12 -69 0
-12 -89 0
-12 -108 0
-12 -129 0
-12 -146 0
-12 -180 0
-30 -48 0
-30 -69 0
-30 -89 0
-30 -108 0
-30 -129 0
-30 -146 0
-30 -180 0
-48 -69 0
-48 -89 0
-48 -108 0
-48 -129 0
-48 -146 0
-48 -180 0
-69 -89 0
-69 -108 0
-69 -129 0
-69 -146 0
-69 -180 0
-89 -108 0
-89 -129 0
-89 -146 0
-89 -180 0
-108 -129 0
-108 -146 0
-108 -180 0
-129 -146 0
-129 -180 0
-146 -180 0
-31 -49 0
-31 -90 0
-31 -109 0
-31 -130 0
-31 -147 0
-31 -164 0
-31 -181 0
-49 -90 0
-49 -109 0
-49 -130 0
-49 -147 0
-49 -164 0
-49 -181 0
-90 -109 0
-90 -130 0
-90 -147 0
-90 -164 0
-90 -181 0
-109 -130 0
-109 -147 0
-109 -164 0
-109 -181 0
-130 -147 0
-130 -164 0
-130 -181 0
-147 -164 0
-147 -181 0
-164 -181 0
-13 -32 0
-13 -50 0
-13 -70 0
-13 -91 0
-13 -110 0
-13 -131 0
-13 -148 0
-13 -165 0
-13 -182 0
-32 -50 0
-32 -70 0
-32 -91 0
-32 -110 0
-32 -131 0
-32 -148 0
-32 -165 0
-32 -182 0
-50 -70 0
-50 -91 0
-50 -110 0
-50 -131 0
-50 -148 0
-50 -165 0
-50 -182 0
-70 -91 0
-70 -110 0
-70 -131 0
-70 -148 0
-70 -165 0
-70 -182 0
-91 -110 0
-91 -131 0
-91 -148 0
-91 -165 0
-91 -182 0
-110 -131 0
-110 -148 0
-110 -165 0
-110 -182 0
-131 -148 0
-131 -165 0
-131 -182 0
-148 -165 0
-148 -182 0
-165 -182 0
-14 -51 0
-14 -71 0
-14 -92 0
-14 -111 0
-14 -132 0
-14 -149 0
-14 -166 0
-14 -183 0
-51 -71 0
-51 -92 0
-51 -111 0
-51 -132 0
-51 -149 0
-51 -166 0
-51 -183 0
-71 -92 0
-71 -111 0
-71 -132 0
-71 -149 0
-71 -166 0
-71 -183 0
-92 -111 0
-92 -132 0
-92 -149 0
-92 -166 0
-92 -183 0
-111 -132 0
-111 -149 0
-111 -166 0
-111 -183 0
-132 -149 0
-132 -166 0
-132 -183 0
-149 -166 0
-149 -183 0
-166 -183 0
-15 -52 0
-15 -72 0
-15 -93 0
-15 -112 0
-15 -133 0
-15 -150 0
-15 -167 0
-15 -184 0
-52 -72 0
-52 -93 0
-52 -112 0
-52 -133 0
-52 -150 0
-52 -167 0
-52 -184 0
-72 -93 0
-72 -112 0
-72 -133 0
-72 -150 0
-72 -167 0
-72 -184 0
-93 -112 0
-93 -133 0
-93 -150 0
-93 -167 0
-93 -184 0
-112 -133 0
-112 -150 0
-112 -167 0
-112 -184 0
-133 -150 0
-133 -167 0
-133 -184 0
-150 -167 0
-150 -184 0
-167 -184 0
-16 -33 0
-16 -53 0
-16 -73 0
-16 -113 0
-16 -151 0
-16 -168 0
-16 -185 0
-33 -53 0
-33 -73 0
-33 -113 0
-33 -151 0
-33 -168 0
-33 -185 0
-53 -73 0
-53 -113 0
-53 -151 0
-53 -168 0
-53 -185 0
-73 -113 0
-73 -151 0
-73 -168 0
-73 -185 0
-113 -151 0
-113 -168 0
-113 -185 0
-151 -168 0
-151 -185 0
-168 -185 0
-34 -54 0
-34 -74 0
-34 -94 0
-34 -114 0
-34 -152 0
-34 -186 0
-54 -74 0
-54 -94 0
-54 -114 0
-54 -152 0
-54 -186 0
-74 -94 0
-74 -114 0
-74 -152 0
-74 -186 0
-94 -114 0
-94 -152 0
-94 -186 0
-114 -152 0
-114 -186 0
-152 -186 0
-17 -55 0
-17 -75 0
-17 -95 0
-17 -115 0
-17 -134 0
-17 -153 0
-17 -187 0
-55 -75 0
-55 -95 0
-55 -115 0
-55 -134 0
-55 -153 0
-55 -187 0
-75 -95 0
-75 -115 0
-75 -134 0
-75 -153 0
-75 -187 0
-95 -115 0
-95 -134 0
-95 -153 0
-95 -187 0
-115 -134 0
-115 -153 0
-115 -187 0
-134 -153 0
-134 -187 0
-153 -187 0
-18 -35 0
-18 -56 0
-18 -96 0
-18 -116 0
-18 -135 0
-18 -169 0
-35 -56 0
-35 -96 0
-35 -116 0
-35 -135 0
-35 -169 0
-56 -96 0
-56 -116 0
-56 -135 0
-56 -169 0
-96 -116 0
-96 -135 0
-96 -169 0
-116 -135 0
-116 -169 0
-135 -169 0
-19 -36 0
-19 -57 0
-19 -76 0
-19 -97 0
-19 -117 0
-19 -136 0
-19 -154 0
-19 -170 0
-19 -188 0
-36 -57 0
-36 -76 0
-36 -97 0
-36 -117 0
-36 -136 0
-36 -154 0
-36 -170 0
-36 -188 0
-57 -76 0
-57 -97 0
-57 -117 0
-57 -136 0
-57 -154 0
-57 -170 0
-57 -188 0
-76 -97 0
-76 -117 0
-76 -136 0
-76 -154 0
-76 -170 0
-76 -188 0
-97 -117 0
-97 -136 0
-97 -154 0
-97 -170 0
-97 -188 0
-117 -136 0
-117 -154 0
-117 -170 0
-117 -188 0
-136 -154 0
-136 -170 0
-136 -188 0
-154 -170 0
-154 -188 0
-170 -188 0
