p cnf 67 492
-1 -2 0
-1 -3 0
-1 -4 0
-1 -5 0
-1 -6 0
-1 -7 0
-2 -3 0
-2 -4 0
-2 -5 0
-2 -6 0
-2 -7 0
-3 -4 0
-3 -5 0
-3 -6 0
-3 -7 0
-4 -5 0
-4 -6 0
-4 -7 0
-5 -6 0
-5 -7 0
-6 -7 0
1 2 3 4 5 6 7 0
-8 -9 0
-8 -10 0
-8 -11 0
-8 -12 0
-8 -13 0
-9 -10 0
-9 -11 0
-9 -12 0
-9 -13 0
-10 -11 0
-10 -12 0
-10 -13 0
-11 -12 0
-11 -13 0
-12 -13 0
8 9 10 11 12 13 0
-14 -15 0
-14 -16 0
-14 -17 0
-14 -18 0
-14 -19 0
-14 -20 0
-15 -16 0
-15 -17 0
-15 -18 0
-15 -19 0
-15 -20 0
-16 -17 0
-16 -18 0
-16 -19 0
-16 -20 0
-17 -18 0
-17 -19 0
-17 -20 0
-18 -19 0
-18 -20 0
-19 -20 0
14 15 16 17 18 19 20 0
-1 -21 0
-1 -22 0
-1 -23 0
-1 -24 0
-1 -25 0
-1 -26 0
-1 -27 0
-1 -28 0
-1 -29 0
-1 -30 0
-1 -31 0
-21 -22 0
-21 -23 0
-21 -24 0
-21 -25 0
-21 -26 0
-21 -27 0
-21 -28 0
-21 -29 0
-21 -30 0
-21 -31 0
-22 -23 0
-22 -24 0
-22 -25 0
-22 -26 0
-22 -27 0
-22 -28 0
-22 -29 0
-22 -30 0
-22 -31 0
-23 -24 0
-23 -25 0
-23 -26 0
-23 -27 0
-23 -28 0
-23 -29 0
-23 -30 0
-23 -31 0
-24 -25 0
-24 -26 0
-24 -27 0
-24 -28 0
-24 -29 0
-24 -30 0
-24 -31 0
-25 -26 0
-25 -27 0
-25 -28 0
-25 -29 0
-25 -30 0
-25 -31 0
-26 -27 0
-26 -28 0
-26 -29 0
-26 -30 0
-26 -31 0
-27 -28 0
-27 -29 0
-27 -30 0
-27 -31 0
-28 -29 0
-28 -30 0
-28 -31 0
-29 -30 0
-29 -31 0
-30 -31 0
1 21 22 23 24 25 26 27 28 29 30 31 0
-21 -32 0
-21 -33 0
-21 -34 0
-21 -35 0
-32 -33 0
-32 -34 0
-32 -35 0
-33 -34 0
-33 -35 0
-34 -35 0
21 32 33 34 35 0
-14 -36 0
-14 -37 0
-14 -38 0
-36 -37 0
-36 -38 0
-37 -38 0
14 36 37 38 0
-2 -8 0
-2 -15 0
-2 -32 0
-2 -39 0
-2 -40 0
-2 -41 0
-2 -42 0
-8 -15 0
-8 -32 0
-8 -39 0
-8 -40 0
-8 -41 0
-8 -42 0
-15 -32 0
-15 -39 0
-15 -40 0
-15 -41 0
-15 -42 0
-32 -39 0
-32 -40 0
-32 -41 0
-32 -42 0
-39 -40 0
-39 -41 0
-39 -42 0
-40 -41 0
-40 -42 0
-41 -42 0
2 8 15 32 39 40 41 42 0
-3 -22 0
-3 -33 0
-3 -43 0
-3 -44 0
-3 -45 0
-3 -46 0
-3 -47 0
-3 -48 0
-3 -49 0
-22 -33 0
-22 -43 0
-22 -44 0
-22 -45 0
-22 -46 0
-22 -47 0
-22 -48 0
-22 -49 0
-33 -43 0
-33 -44 0
-33 -45 0
-33 -46 0
-33 -47 0
-33 -48 0
-33 -49 0
-43 -44 0
-43 -45 0
-43 -46 0
-43 -47 0
-43 -48 0
-43 -49 0
-44 -45 0
-44 -46 0
-44 -47 0
-44 -48 0
-44 -49 0
-45 -46 0
-45 -47 0
-45 -48 0
-45 -49 0
-46 -47 0
-46 -48 0
-46 -49 0
-47 -48 0
-47 -49 0
-48 -49 0
3 22 33 43 44 45 46 47 48 49 0
-4 -9 0
-4 -23 0
-4 -36 0
-4 -43 0
-4 -50 0
-4 -51 0
-9 -23 0
-9 -36 0
-9 -43 0
-9 -50 0
-9 -51 0
-23 -36 0
-23 -43 0
-23 -50 0
-23 -51 0
-36 -43 0
-36 -50 0
-36 -51 0
-43 -50 0
-43 -51 0
-50 -51 0
4 9 23 36 43 50 51 0
-10 -24 0
-10 -52 0
-10 -53 0
-10 -54 0
-10 -55 0
-24 -52 0
-24 -53 0
-24 -54 0
-24 -55 0
-52 -53 0
-52 -54 0
-52 -55 0
-53 -54 0
-53 -55 0
-54 -55 0
10 24 52 53 54 55 0
-5 -11 0
-5 -16 0
-5 -25 0
-5 -34 0
-5 -44 0
-5 -50 0
-5 -56 0
-11 -16 0
-11 -25 0
-11 -34 0
-11 -44 0
-11 -50 0
-11 -56 0
-16 -25 0
-16 -34 0
-16 -44 0
-16 -50 0
-16 -56 0
-25 -34 0
-25 -44 0
-25 -50 0
-25 -56 0
-34 -44 0
-34 -50 0
-34 -56 0
-44 -50 0
-44 -56 0
-50 -56 0
5 11 16 25 34 44 50 56 0
-12 -17 0
-12 -26 0
-12 -37 0
-12 -39 0
-12 -45 0
-12 -57 0
-12 -58 0
-12 -59 0
-17 -26 0
-17 -37 0
-17 -39 0
-17 -45 0
-17 -57 0
-17 -58 0
-17 -59 0
-26 -37 0
-26 -39 0
-26 -45 0
-26 -57 0
-26 -58 0
-26 -59 0
-37 -39 0
-37 -45 0
-37 -57 0
-37 -58 0
-37 -59 0
-39 -45 0
-39 -57 0
-39 -58 0
-39 -59 0
-45 -57 0
-45 -58 0
-45 -59 0
-57 -58 0
-57 -59 0
-58 -59 0
12 17 26 37 39 45 57 58 59 0
-40 -52 0
-40 -60 0
-40 -61 0
-52 -60 0
-52 -61 0
-60 -61 0
40 52 60 61 0
-18 -27 0
-18 -41 0
-18 -62 0
-18 -63 0
-27 -41 0
-27 -62 0
-27 -63 0
-41 -62 0
-41 -63 0
-62 -63 0
18 27 41 62 63 0
-19 -28 0
-19 -35 0
-19 -46 0
-19 -51 0
-19 -53 0
-19 -56 0
-19 -62 0
-19 -64 0
-19 -65 0
-28 -35 0
-28 -46 0
-28 -51 0
-28 -53 0
-28 -56 0
-28 -62 0
-28 -64 0
-28 -65 0
-35 -46 0
-35 -51 0
-35 -53 0
-35 -56 0
-35 -62 0
-35 -64 0
-35 -65 0
-46 -51 0
-46 -53 0
-46 -56 0
-46 -62 0
-46 -64 0
-46 -65 0
-51 -53 0
-51 -56 0
-51 -62 0
-51 -64 0
-51 -65 0
-53 -56 0
-53 -62 0
-53 -64 0
-53 -65 0
-56 -62 0
-56 -64 0
-56 -65 0
-62 -64 0
-62 -65 0
-64 -65 0
19 28 35 46 51 53 56 62 64 65 0
-13 -29 0
-13 -38 0
-13 -47 0
-13 -57 0
-13 -60 0
-13 -64 0
-13 -66 0
-29 -38 0
-29 -47 0
-29 -57 0
-29 -60 0
-29 -64 0
-29 -66 0
-38 -47 0
-38 -57 0
-38 -60 0
-38 -64 0
-38 -66 0
-47 -57 0
-47 -60 0
-47 -64 0
-47 -66 0
-57 -60 0
-57 -64 0
-57 -66 0
-60 -64 0
-60 -66 0
-64 -66 0
13 29 38 47 57 60 64 66 0
-6 -30 0
-6 -48 0
-6 -54 0
-6 -58 0
-6 -63 0
-6 -66 0
-6 -67 0
-30 -48 0
-30 -54 0
-30 -58 0
-30 -63 0
-30 -66 0
-30 -67 0
-48 -54 0
-48 -58 0
-48 -63 0
-48 -66 0
-48 -67 0
-54 -58 0
-54 -63 0
-54 -66 0
-54 -67 0
-58 -63 0
-58 -66 0
-58 -67 0
-63 -66 0
-63 -67 0
-66 -67 0
6 30 48 54 58 63 66 67 0
-7 -20 0
-7 -31 0
-7 -42 0
-7 -49 0
-7 -55 0
-7 -59 0
-7 -61 0
-7 -65 0
-7 -67 0
-20 -31 0
-20 -42 0
-20 -49 0
-20 -55 0
-20 -59 0
-20 -61 0
-20 -65 0
-20 -67 0
-31 -42 0
-31 -49 0
-31 -55 0
-31 -59 0
-31 -61 0
-31 -65 0
-31 -67 0
-42 -49 0
-42 -55 0
-42 -59 0
-42 -61 0
-42 -65 0
-42 -67 0
-49 -55 0
-49 -59 0
-49 -61 0
-49 -65 0
-49 -67 0
-55 -59 0
-55 -61 0
-55 -65 0
-55 -67 0
-59 -61 0
-59 -65 0
-59 -67 0
-61 -65 0
-61 -67 0
-65 -67 0
7 20 31 42 49 55 59 61 65 67 0
