p cnf 53 156
1 2 3 4 5 0
-1 -2 0
-1 -3 0
-1 -4 0
-1 -5 0
-2 -3 0
-2 -4 0
-2 -5 0
-3 -4 0
-3 -5 0
-4 -5 0
6 7 8 0
-6 -7 0
-6 -8 0
-7 -8 0
9 10 11 0
-9 -10 0
-9 -11 0
-10 -11 0
12 13 14 15 0
-12 -13 0
-12 -14 0
-12 -15 0
-13 -14 0
-13 -15 0
-14 -15 0
16 17 18 19 20 0
-16 -17 0
-16 -18 0
-16 -19 0
-16 -20 0
-17 -18 0
-17 -19 0
-17 -20 0
-18 -19 0
-18 -20 0
-19 -20 0
21 22 23 0
-21 -22 0
-21 -23 0
-22 -23 0
24 25 26 27 28 0
-24 -25 0
-24 -26 0
-24 -27 0
-24 -28 0
-25 -26 0
-25 -27 0
-25 -28 0
-26 -27 0
-26 -28 0
-27 -28 0
29 30 31 32 0
-29 -30 0
-29 -31 0
-29 -32 0
-30 -31 0
-30 -32 0
-31 -32 0
33 34 0
-33 -34 0
35 36 37 38 0
-35 -36 0
-35 -37 0
-35 -38 0
-36 -37 0
-36 -38 0
-37 -38 0
39 40 41 42 0
-39 -40 0
-39 -41 0
-39 -42 0
-40 -41 0
-40 -42 0
-41 -42 0
43 44 45 46 0
-43 -44 0
-43 -45 0
-43 -46 0
-44 -45 0
-44 -46 0
-45 -46 0
47 48 49 50 0
-47 -48 0
-47 -49 0
-47 -50 0
-48 -49 0
-48 -50 0
-49 -50 0
51 52 53 0
-51 -52 0
-51 -53 0
-52 -53 0
-1 -29 0
-2 -30 0
-3 -31 0
-5 -32 0
-1 -43 0
-2 -44 0
-3 -45 0
-5 -46 0
-2 -47 0
-3 -48 0
-4 -49 0
-5 -50 0
-8 -23 0
-6 -30 0
-8 -32 0
-6 -35 0
-7 -37 0
-8 -38 0
-9 -13 0
-10 -14 0
-11 -15 0
-9 -25 0
-10 -26 0
-11 -28 0
-9 -35 0
-10 -36 0
-11 -38 0
-9 -44 0
-10 -45 0
-11 -46 0
-13 -33 0
-14 -34 0
-16 -39 0
-17 -40 0
-18 -41 0
-20 -42 0
-22 -36 0
-23 -38 0
-22 -48 0
-23 -50 0
-22 -51 0
-23 -53 0
-25 -35 0
-26 -36 0
-27 -37 0
-28 -38 0
-24 -39 0
-25 -40 0
-26 -41 0
-28 -42 0
-33 -44 0
-34 -45 0
-35 -44 0
-36 -45 0
-38 -46 0
-40 -47 0
-41 -48 0
-42 -50 0
-41 -51 0
-42 -53 0
-44 -47 0
-45 -48 0
-46 -50 0
