p cnf 58 304
-14 -15 0
-14 -16 0
-14 -17 0
-14 -18 0
-15 -16 0
-15 -17 0
-15 -18 0
-16 -17 0
-16 -18 0
-17 -18 0
14 15 16 17 18 0
-19 -20 0
-19 -21 0
-19 -22 0
-19 -23 0
-20 -21 0
-20 -22 0
-20 -23 0
-21 -22 0
-21 -23 0
-22 -23 0
19 20 21 22 23 0
-24 -25 0
-24 -26 0
-24 -27 0
-24 -28 0
-25 -26 0
-25 -27 0
-25 -28 0
-26 -27 0
-26 -28 0
-27 -28 0
24 25 26 27 28 0
-29 -30 0
-29 -31 0
-30 -31 0
29 30 31 0
-14 -19 0
-14 -24 0
-14 -29 0
-19 -24 0
-19 -29 0
-24 -29 0
-15 -20 0
-15 -25 0
-15 -30 0
-20 -25 0
-20 -30 0
-25 -30 0
-16 -21 0
-16 -26 0
-21 -26 0
-17 -22 0
-17 -27 0
-22 -27 0
-18 -23 0
-18 -28 0
-18 -31 0
-23 -28 0
-23 -31 0
-28 -31 0
1 -14 0
1 -19 0
1 -24 0
1 -29 0
2 -15 0
2 -20 0
2 -25 0
2 -30 0
3 -16 0
3 -21 0
3 -26 0
4 -17 0
4 -22 0
4 -27 0
5 -18 0
5 -23 0
5 -28 0
5 -31 0
-14 -20 0
-14 -25 0
-14 -30 0
-19 -15 0
-19 -25 0
-19 -30 0
-24 -15 0
-24 -20 0
-24 -30 0
-29 -15 0
-29 -20 0
-29 -25 0
6 -14 -22 0
6 -14 -27 0
6 -19 -17 0
6 -19 -27 0
6 -24 -17 0
6 -24 -22 0
6 -29 -17 0
6 -29 -22 0
6 -29 -27 0
7 -14 -23 0
7 -14 -28 0
7 -14 -31 0
7 -19 -18 0
7 -19 -28 0
7 -19 -31 0
7 -24 -18 0
7 -24 -23 0
7 -24 -31 0
7 -29 -18 0
7 -29 -23 0
7 -29 -28 0
8 -15 -21 0
8 -15 -26 0
8 -20 -16 0
8 -20 -26 0
8 -25 -16 0
8 -25 -21 0
8 -30 -16 0
8 -30 -21 0
8 -30 -26 0
9 -15 -22 0
9 -15 -27 0
9 -20 -17 0
9 -20 -27 0
9 -25 -17 0
9 -25 -22 0
9 -30 -17 0
9 -30 -22 0
9 -30 -27 0
10 -15 -23 0
10 -15 -28 0
10 -15 -31 0
10 -20 -18 0
10 -20 -28 0
10 -20 -31 0
10 -25 -18 0
10 -25 -23 0
10 -25 -31 0
10 -30 -18 0
10 -30 -23 0
10 -30 -28 0
11 -16 -22 0
11 -16 -27 0
11 -21 -17 0
11 -21 -27 0
11 -26 -17 0
11 -26 -22 0
12 -16 -23 0
12 -16 -28 0
12 -16 -31 0
12 -21 -18 0
12 -21 -28 0
12 -21 -31 0
12 -26 -18 0
12 -26 -23 0
12 -26 -31 0
13 -17 -23 0
13 -17 -28 0
13 -17 -31 0
13 -22 -18 0
13 -22 -28 0
13 -22 -31 0
13 -27 -18 0
13 -27 -23 0
13 -27 -31 0
-32 -33 0
-32 -34 0
-32 -35 0
-32 -36 0
-32 -37 0
-32 -38 0
-32 -39 0
-32 -40 0
-33 -34 0
-33 -35 0
-33 -36 0
-33 -37 0
-33 -38 0
-33 -39 0
-33 -40 0
-34 -35 0
-34 -36 0
-34 -37 0
-34 -38 0
-34 -39 0
-34 -40 0
-35 -36 0
-35 -37 0
-35 -38 0
-35 -39 0
-35 -40 0
-36 -37 0
-36 -38 0
-36 -39 0
-36 -40 0
-37 -38 0
-37 -39 0
-37 -40 0
-38 -39 0
-38 -40 0
-39 -40 0
32 33 34 35 36 37 38 39 40 0
-41 -42 0
-41 -43 0
-41 -44 0
-41 -45 0
-41 -46 0
-41 -47 0
-41 -48 0
-41 -49 0
-42 -43 0
-42 -44 0
-42 -45 0
-42 -46 0
-42 -47 0
-42 -48 0
-42 -49 0
-43 -44 0
-43 -45 0
-43 -46 0
-43 -47 0
-43 -48 0
-43 -49 0
-44 -45 0
-44 -46 0
-44 -47 0
-44 -48 0
-44 -49 0
-45 -46 0
-45 -47 0
-45 -48 0
-45 -49 0
-46 -47 0
-46 -48 0
-46 -49 0
-47 -48 0
-47 -49 0
-48 -49 0
41 42 43 44 45 46 47 48 49 0
-50 -51 0
-50 -52 0
-50 -53 0
-50 -54 0
-50 -55 0
-50 -56 0
-50 -57 0
-50 -58 0
-51 -52 0
-51 -53 0
-51 -54 0
-51 -55 0
-51 -56 0
-51 -57 0
-51 -58 0
-52 -53 0
-52 -54 0
-52 -55 0
-52 -56 0
-52 -57 0
-52 -58 0
-53 -54 0
-53 -55 0
-53 -56 0
-53 -57 0
-53 -58 0
-54 -55 0
-54 -56 0
-54 -57 0
-54 -58 0
-55 -56 0
-55 -57 0
-55 -58 0
-56 -57 0
-56 -58 0
-57 -58 0
50 51 52 53 54 55 56 57 58 0
-1 -36 0
-2 -45 0
-3 -54 0
-32 -50 0
-33 -51 0
-34 -52 0
-35 -53 0
-36 -54 0
-37 -55 0
-38 -56 0
-39 -57 0
-40 -58 0
-6 -32 0
-7 -40 0
-8 -41 -50 0
-8 -42 -51 0
-8 -43 -52 0
-8 -44 -53 0
-8 -45 -54 0
-8 -46 -55 0
-8 -47 -56 0
-8 -48 -57 0
-8 -49 -58 0
-9 -41 0
-10 -49 0
-11 -50 0
-12 -58 0
