p cnf 201 801
1 2 3 4 5 6 7 8 9 10 11 12 13 14 15 16 17 18 19 20 21 22 0
23 24 25 26 27 28 29 30 31 32 33 34 35 36 37 38 39 40 41 42 0
43 44 45 46 47 48 49 50 51 52 53 54 55 56 57 58 59 60 61 62 0
63 64 65 66 67 68 69 70 71 72 73 74 75 76 77 78 79 80 81 0
82 83 84 85 86 87 88 89 90 91 92 93 94 95 96 97 98 99 100 0
122 123 124 125 126 127 128 129 130 131 132 133 134 135 136 137 138 139 140 141 142 143 0
144 145 146 147 148 149 150 151 152 153 154 155 156 157 158 159 160 0
161 162 163 164 165 166 167 168 169 170 171 172 173 174 175 176 177 178 179 180 181 0
-1 -43 0
-1 -63 0
-1 -82 0
-1 -101 0
-1 -122 0
-1 -144 0
-1 -161 0
-1 -182 0
-43 -63 0
-43 -82 0
-43 -101 0
-43 -122 0
-43 -144 0
-43 -161 0
-43 -182 0
-63 -82 0
-63 -101 0
-63 -122 0
-63 -144 0
-63 -161 0
-63 -182 0
-82 -101 0
-82 -122 0
-82 -144 0
-82 -161 0
-82 -182 0
-101 -122 0
-101 -144 0
-101 -161 0
-101 -182 0
-122 -144 0
-122 -161 0
-122 -182 0
-144 -161 0
-144 -182 0
-161 -182 0
-2 -23 0
-2 -44 0
-2 -83 0
-2 -102 0
-2 -123 0
-2 -145 0
-2 -162 0
-2 -183 0
-23 -44 0
-23 -83 0
-23 -102 0
-23 -123 0
-23 -145 0
-23 -162 0
-23 -183 0
-44 -83 0
-44 -102 0
-44 -123 0
-44 -145 0
-44 -162 0
-44 -183 0
-83 -102 0
-83 -123 0
-83 -145 0
-83 -162 0
-83 -183 0
-102 -123 0
-102 -145 0
-102 -162 0
-102 -183 0
-123 -145 0
-123 -162 0
-123 -183 0
-145 -162 0
-145 -183 0
-162 -183 0
-3 -24 0
-3 -45 0
-3 -84 0
-3 -103 0
-3 -124 0
-3 -146 0
-3 -163 0
-3 -184 0
-24 -45 0
-24 -84 0
-24 -103 0
-24 -124 0
-24 -146 0
-24 -163 0
-24 -184 0
-45 -84 0
-45 -103 0
-45 -124 0
-45 -146 0
-45 -163 0
-45 -184 0
-84 -103 0
-84 -124 0
-84 -146 0
-84 -163 0
-84 -184 0
-103 -124 0
-103 -146 0
-103 -163 0
-103 -184 0
-124 -146 0
-124 -163 0
-124 -184 0
-146 -163 0
-146 -184 0
-163 -184 0
-4 -25 0
-4 -46 0
-4 -64 0
-4 -85 0
-4 -104 0
-4 -125 0
-4 -147 0
-4 -164 0
-4 -185 0
-25 -46 0
-25 -64 0
-25 -85 0
-25 -104 0
-25 -125 0
-25 -147 0
-25 -164 0
-25 -185 0
-46 -64 0
-46 -85 0
-46 -104 0
-46 -125 0
-46 -147 0
-46 -164 0
-46 -185 0
-64 -85 0
-64 -104 0
-64 -125 0
-64 -147 0
-64 -164 0
-64 -185 0
-85 -104 0
-85 -125 0
-85 -147 0
-85 -164 0
-85 -185 0
-104 -125 0
-104 -147 0
-104 -164 0
-104 -185 0
-125 -147 0
-125 -164 0
-125 -185 0
-147 -164 0
-147 -185 0
-164 -185 0
-5 -26 0
-5 -47 0
-5 -86 0
-5 -126 0
-5 -148 0
-5 -165 0
-5 -186 0
-26 -47 0
-26 -86 0
-26 -126 0
-26 -148 0
-26 -165 0
-26 -186 0
-47 -86 0
-47 -126 0
-47 -148 0
-47 -165 0
-47 -186 0
-86 -126 0
-86 -148 0
-86 -165 0
-86 -186 0
-126 -148 0
-126 -165 0
-126 -186 0
-148 -165 0
-148 -186 0
-165 -186 0
-6 -48 0
-6 -65 0
-6 -105 0
-6 -127 0
-6 -166 0
-48 -65 0
-48 -105 0
-48 -127 0
-48 -166 0
-65 -105 0
-65 -127 0
-65 -166 0
-105 -127 0
-105 -166 0
-127 -166 0
-7 -27 0
-7 -49 0
-7 -66 0
-7 -87 0
-7 -106 0
-7 -128 0
-7 -149 0
-7 -167 0
-7 -187 0
-27 -49 0
-27 -66 0
-27 -87 0
-27 -106 0
-27 -128 0
-27 -149 0
-27 -167 0
-27 -187 0
-49 -66 0
-49 -87 0
-49 -106 0
-49 -128 0
-49 -149 0
-49 -167 0
-49 -187 0
-66 -87 0
-66 -106 0
-66 -128 0
-66 -149 0
-66 -167 0
-66 -187 0
-87 -106 0
-87 -128 0
-87 -149 0
-87 -167 0
-87 -187 0
-106 -128 0
-106 -149 0
-106 -167 0
-106 -187 0
-128 -149 0
-128 -167 0
-128 -187 0
-149 -167 0
-149 -187 0
-167 -187 0
-8 -28 0
-8 -50 0
-8 -67 0
-8 -88 0
-8 -107 0
-8 -129 0
-8 -168 0
-8 -188 0
-28 -50 0
-28 -67 0
-28 -88 0
-28 -107 0
-28 -129 0
-28 -168 0
-28 -188 0
-50 -67 0
-50 -88 0
-50 -107 0
-50 -129 0
-50 -168 0
-50 -188 0
-67 -88 0
-67 -107 0
-67 -129 0
-67 -168 0
-67 -188 0
-88 -107 0
-88 -129 0
-88 -168 0
-88 -188 0
-107 -129 0
-107 -168 0
-107 -188 0
-129 -168 0
-129 -188 0
-168 -188 0
-9 -29 0
-9 -51 0
-9 -68 0
-9 -108 0
-9 -130 0
-9 -169 0
-9 -189 0
-29 -51 0
-29 -68 0
-29 -108 0
-29 -130 0
-29 -169 0
-29 -189 0
-51 -68 0
-51 -108 0
-51 -130 0
-51 -169 0
-51 -189 0
-68 -108 0
-68 -130 0
-68 -169 0
-68 -189 0
-108 -130 0
-108 -169 0
-108 -189 0
-130 -169 0
-130 -189 0
-169 -189 0
-10 -52 0
-10 -69 0
-10 -109 0
-10 -131 0
-10 -150 0
-10 -170 0
-10 -190 0
-52 -69 0
-52 -109 0
-52 -131 0
-52 -150 0
-52 -170 0
-52 -190 0
-69 -109 0
-69 -131 0
-69 -150 0
-69 -170 0
-69 -190 0
-109 -131 0
-109 -150 0
-109 -170 0
-109 -190 0
-131 -150 0
-131 -170 0
-131 -190 0
-150 -170 0
-150 -190 0
-170 -190 0
-11 -30 0
-11 -89 0
-11 -110 0
-11 -132 0
-11 -151 0
-11 -171 0
-30 -89 0
-30 -110 0
-30 -132 0
-30 -151 0
-30 -171 0
-89 -110 0
-89 -132 0
-89 -151 0
-89 -171 0
-110 -132 0
-110 -151 0
-110 -171 0
-132 -151 0
-132 -171 0
-151 -171 0
-12 -31 0
-12 -53 0
-12 -70 0
-12 -90 0
-12 -111 0
-12 -133 0
-12 -172 0
-12 -191 0
-31 -53 0
-31 -70 0
-31 -90 0
-31 -111 0
-31 -133 0
-31 -172 0
-31 -191 0
-53 -70 0
-53 -90 0
-53 -111 0
-53 -133 0
-53 -172 0
-53 -191 0
-70 -90 0
-70 -111 0
-70 -133 0
-70 -172 0
-70 -191 0
-90 -111 0
-90 -133 0
-90 -172 0
-90 -191 0
-111 -133 0
-111 -172 0
-111 -191 0
-133 -172 0
-133 -191 0
-172 -191 0
-13 -32 0
-13 -54 0
-13 -71 0
-13 -91 0
-13 -112 0
-13 -134 0
-13 -173 0
-13 -192 0
-32 -54 0
-32 -71 0
-32 -91 0
-32 -112 0
-32 -134 0
-32 -173 0
-32 -192 0
-54 -71 0
-54 -91 0
-54 -112 0
-54 -134 0
-54 -173 0
-54 -192 0
-71 -91 0
-71 -112 0
-71 -134 0
-71 -173 0
-71 -192 0
-91 -112 0
-91 -134 0
-91 -173 0
-91 -192 0
-112 -134 0
-112 -173 0
-112 -192 0
-134 -173 0
-134 -192 0
-173 -192 0
-14 -33 0
-14 -55 0
-14 -72 0
-14 -92 0
-14 -113 0
-14 -135 0
-14 -152 0
-14 -174 0
-14 -193 0
-33 -55 0
-33 -72 0
-33 -92 0
-33 -113 0
-33 -135 0
-33 -152 0
-33 -174 0
-33 -193 0
-55 -72 0
-55 -92 0
-55 -113 0
-55 -135 0
-55 -152 0
-55 -174 0
-55 -193 0
-72 -92 0
-72 -113 0
-72 -135 0
-72 -152 0
-72 -174 0
-72 -193 0
-92 -113 0
-92 -135 0
-92 -152 0
-92 -174 0
-92 -193 0
-113 -135 0
-113 -152 0
-113 -174 0
-113 -193 0
-135 -152 0
-135 -174 0
-135 -193 0
-152 -174 0
-152 -193 0
-174 -193 0
-15 -34 0
-15 -73 0
-15 -93 0
-15 -114 0
-15 -136 0
-15 -153 0
-15 -175 0
-15 -194 0
-34 -73 0
-34 -93 0
-34 -114 0
-34 -136 0
-34 -153 0
-34 -175 0
-34 -194 0
-73 -93 0
-73 -114 0
-73 -136 0
-73 -153 0
-73 -175 0
-73 -194 0
-93 -114 0
-93 -136 0
-93 -153 0
-93 -175 0
-93 -194 0
-114 -136 0
-114 -153 0
-114 -175 0
-114 -194 0
-136 -153 0
-136 -175 0
-136 -194 0
-153 -175 0
-153 -194 0
-175 -194 0
-16 -35 0
-16 -56 0
-16 -74 0
-16 -94 0
-16 -115 0
-16 -137 0
-16 -154 0
-16 -195 0
-35 -56 0
-35 -74 0
-35 -94 0
-35 -115 0
-35 -137 0
-35 -154 0
-35 -195 0
-56 -74 0
-56 -94 0
-56 -115 0
-56 -137 0
-56 -154 0
-56 -195 0
-74 -94 0
-74 -115 0
-74 -137 0
-74 -154 0
-74 -195 0
-94 -115 0
-94 -137 0
-94 -154 0
-94 -195 0
-115 -137 0
-115 -154 0
-115 -195 0
-137 -154 0
-137 -195 0
-154 -195 0
-17 -36 0
-17 -75 0
-17 -95 0
-17 -116 0
-17 -138 0
-36 -75 0
-36 -95 0
-36 -116 0
-36 -138 0
-75 -95 0
-75 -116 0
-75 -138 0
-95 -116 0
-95 -138 0
-116 -138 0
-18 -37 0
-18 -57 0
-18 -76 0
-18 -117 0
-18 -139 0
-18 -155 0
-18 -176 0
-18 -196 0
-37 -57 0
-37 -76 0
-37 -117 0
-37 -139 0
-37 -155 0
-37 -176 0
-37 -196 0
-57 -76 0
-57 -117 0
-57 -139 0
-57 -155 0
-57 -176 0
-57 -196 0
-76 -117 0
-76 -139 0
-76 -155 0
-76 -176 0
-76 -196 0
-117 -139 0
-117 -155 0
-117 -176 0
-117 -196 0
-139 -155 0
-139 -176 0
-139 -196 0
-155 -176 0
-155 -196 0
-176 -196 0
-19 -38 0
-19 -58 0
-19 -77 0
-19 -96 0
-19 -118 0
-19 -140 0
-19 -156 0
-19 -177 0
-19 -197 0
-38 -58 0
-38 -77 0
-38 -96 0
-38 -118 0
-38 -140 0
-38 -156 0
-38 -177 0
-38 -197 0
-58 -77 0
-58 -96 0
-58 -118 0
-58 -140 0
-58 -156 0
-58 -177 0
-58 -197 0
-77 -96 0
-77 -118 0
-77 -140 0
-77 -156 0
-77 -177 0
-77 -197 0
-96 -118 0
-96 -140 0
-96 -156 0
-96 -177 0
-96 -197 0
-118 -140 0
-118 -156 0
-118 -177 0
-118 -197 0
-140 -156 0
-140 -177 0
-140 -197 0
-156 -177 0
-156 -197 0
-177 -197 0
-39 -59 0
-39 -78 0
-39 -97 0
-39 -141 0
-39 -157 0
-39 -178 0
-39 -198 0
-59 -78 0
-59 -97 0
-59 -141 0
-59 -157 0
-59 -178 0
-59 -198 0
-78 -97 0
-78 -141 0
-78 -157 0
-78 -178 0
-78 -198 0
-97 -141 0
-97 -157 0
-97 -178 0
-97 -198 0
-141 -157 0
-141 -178 0
-141 -198 0
-157 -178 0
-157 -198 0
-178 -198 0
-20 -40 0
-20 -60 0
-20 -79 0
-20 -98 0
-20 -119 0
-20 -142 0
-20 -158 0
-20 -179 0
-20 -199 0
-40 -60 0
-40 -79 0
-40 -98 0
-40 -119 0
-40 -142 0
-40 -158 0
-40 -179 0
-40 -199 0
-60 -79 0
-60 -98 0
-60 -119 0
-60 -142 0
-60 -158 0
-60 -179 0
-60 -199 0
-79 -98 0
-79 -119 0
-79 -142 0
-79 -158 0
-79 -179 0
-79 -199 0
-98 -119 0
-98 -142 0
-98 -158 0
-98 -179 0
-98 -199 0
-119 -142 0
-119 -158 0
-119 -179 0
-119 -199 0
-142 -158 0
-142 -179 0
-142 -199 0
-158 -179 0
-158 -199 0
-179 -199 0
-21 -41 0
-21 -61 0
-21 -80 0
-21 -99 0
-21 -120 0
-21 -159 0
-21 -180 0
-21 -200 0
-41 -61 0
-41 -80 0
-41 -99 0
-41 -120 0
-41 -159 0
-41 -180 0
-41 -200 0
-61 -80 0
-61 -99 0
-61 -120 0
-61 -159 0
-61 -180 0
-61 -200 0
-80 -99 0
-80 -120 0
-80 -159 0
-80 -180 0
-80 -200 0
-99 -120 0
-99 -159 0
-99 -180 0
-99 -200 0
-120 -159 0
-120 -180 0
-120 -200 0
-159 -180 0
-159 -200 0
-180 -200 0
-22 -42 0
-22 -62 0
-22 -81 0
-22 -100 0
-22 -121 0
-22 -143 0
-22 -160 0
-22 -181 0
-22 -201 0
-42 -62 0
-42 -81 0
-42 -100 0
-42 -121 0
-42 -143 0
-42 -160 0
-42 -181 0
-42 -201 0
-62 -81 0
-62 -100 0
-62 -121 0
-62 -143 0
-62 -160 0
-62 -181 0
-62 -201 0
-81 -100 0
-81 -121 0
-81 -143 0
-81 -160 0
-81 -181 0
-81 -201 0
-100 -121 0
-100 -143 0
-100 -160 0
-100 -181 0
-100 -201 0
-121 -143 0
-121 -160 0
-121 -181 0
-121 -201 0
-143 -160 0
-143 -181 0
-143 -201 0
-160 -181 0
-160 -201 0
-181 -201 0
