p cnf 91 363
1 2 3 4 0
-1 -2 0
-1 -3 0
-1 -4 0
-2 -3 0
-2 -4 0
-3 -4 0
5 6 7 8 9 0
-5 -6 0
-5 -7 0
-5 -8 0
-5 -9 0
-6 -7 0
-6 -8 0
-6 -9 0
-7 -8 0
-7 -9 0
-8 -9 0
10 11 12 13 14 0
-10 -11 0
-10 -12 0
-10 -13 0
-10 -14 0
-11 -12 0
-11 -13 0
-11 -14 0
-12 -13 0
-12 -14 0
-13 -14 0
15 16 17 18 19 0
-15 -16 0
-15 -17 0
-15 -18 0
-15 -19 0
-16 -17 0
-16 -18 0
-16 -19 0
-17 -18 0
-17 -19 0
-18 -19 0
20 21 22 23 24 0
-20 -21 0
-20 -22 0
-20 -23 0
-20 -24 0
-21 -22 0
-21 -23 0
-21 -24 0
-22 -23 0
-22 -24 0
-23 -24 0
25 26 27 28 29 0
-25 -26 0
-25 -27 0
-25 -28 0
-25 -29 0
-26 -27 0
-26 -28 0
-26 -29 0
-27 -28 0
-27 -29 0
-28 -29 0
30 31 32 33 34 0
-30 -31 0
-30 -32 0
-30 -33 0
-30 -34 0
-31 -32 0
-31 -33 0
-31 -34 0
-32 -33 0
-32 -34 0
-33 -34 0
35 36 37 38 0
-35 -36 0
-35 -37 0
-35 -38 0
-36 -37 0
-36 -38 0
-37 -38 0
39 40 41 42 43 0
-39 -40 0
-39 -41 0
-39 -42 0
-39 -43 0
-40 -41 0
-40 -42 0
-40 -43 0
-41 -42 0
-41 -43 0
-42 -43 0
44 45 46 47 0
-44 -45 0
-44 -46 0
-44 -47 0
-45 -46 0
-45 -47 0
-46 -47 0
48 49 50 51 52 0
-48 -49 0
-48 -50 0
-48 -51 0
-48 -52 0
-49 -50 0
-49 -51 0
-49 -52 0
-50 -51 0
-50 -52 0
-51 -52 0
53 54 55 56 57 0
-53 -54 0
-53 -55 0
-53 -56 0
-53 -57 0
-54 -55 0
-54 -56 0
-54 -57 0
-55 -56 0
-55 -57 0
-56 -57 0
58 59 60 61 62 0
-58 -59 0
-58 -60 0
-58 -61 0
-58 -62 0
-59 -60 0
-59 -61 0
-59 -62 0
-60 -61 0
-60 -62 0
-61 -62 0
63 64 65 66 67 0
-63 -64 0
-63 -65 0
-63 -66 0
-63 -67 0
-64 -65 0
-64 -66 0
-64 -67 0
-65 -66 0
-65 -67 0
-66 -67 0
68 69 70 71 72 0
-68 -69 0
-68 -70 0
-68 -71 0
-68 -72 0
-69 -70 0
-69 -71 0
-69 -72 0
-70 -71 0
-70 -72 0
-71 -72 0
73 74 75 76 77 0
-73 -74 0
-73 -75 0
-73 -76 0
-73 -77 0
-74 -75 0
-74 -76 0
-74 -77 0
-75 -76 0
-75 -77 0
-76 -77 0
78 79 80 81 82 0
-78 -79 0
-78 -80 0
-78 -81 0
-78 -82 0
-79 -80 0
-79 -81 0
-79 -82 0
-80 -81 0
-80 -82 0
-81 -82 0
83 84 85 86 87 0
-83 -84 0
-83 -85 0
-83 -86 0
-83 -87 0
-84 -85 0
-84 -86 0
-84 -87 0
-85 -86 0
-85 -87 0
-86 -87 0
88 89 90 91 0
-88 -89 0
-88 -90 0
-88 -91 0
-89 -90 0
-89 -91 0
-90 -91 0
-1 -20 0
-2 -22 0
-3 -23 0
-4 -24 0
-1 -25 0
-2 -27 0
-3 -28 0
-4 -29 0
-1 -63 0
-2 -65 0
-3 -66 0
-4 -67 0
-1 -83 0
-2 -85 0
-3 -86 0
-4 -87 0
-5 -53 0
-6 -54 0
-7 -55 0
-8 -56 0
-9 -57 0
-5 -78 0
-6 -79 0
-7 -80 0
-8 -81 0
-9 -82 0
-5 -83 0
-6 -84 0
-7 -85 0
-8 -86 0
-9 -87 0
-10 -25 0
-11 -26 0
-12 -27 0
-13 -28 0
-14 -29 0
-11 -35 0
-12 -36 0
-13 -37 0
-14 -38 0
-10 -63 0
-11 -64 0
-12 -65 0
-13 -66 0
-14 -67 0
-10 -68 0
-11 -69 0
-12 -70 0
-13 -71 0
-14 -72 0
-11 -88 0
-12 -89 0
-13 -90 0
-14 -91 0
-15 -30 0
-16 -31 0
-17 -32 0
-18 -33 0
-19 -34 0
-21 -44 0
-22 -45 0
-23 -46 0
-24 -47 0
-20 -53 0
-21 -54 0
-22 -55 0
-23 -56 0
-24 -57 0
-20 -68 0
-21 -69 0
-22 -70 0
-23 -71 0
-24 -72 0
-25 -30 0
-26 -31 0
-27 -32 0
-28 -33 0
-29 -34 0
-26 -35 0
-27 -36 0
-28 -37 0
-29 -38 0
-25 -48 0
-26 -49 0
-27 -50 0
-28 -51 0
-29 -52 0
-25 -68 0
-26 -69 0
-27 -70 0
-28 -71 0
-29 -72 0
-25 -78 0
-26 -79 0
-27 -80 0
-28 -81 0
-29 -82 0
-30 -63 0
-31 -64 0
-32 -65 0
-33 -66 0
-34 -67 0
-35 -54 0
-36 -55 0
-37 -56 0
-38 -57 0
-35 -64 0
-36 -65 0
-37 -66 0
-38 -67 0
-39 -73 0
-40 -74 0
-41 -75 0
-42 -76 0
-43 -77 0
-44 -59 0
-45 -60 0
-46 -61 0
-47 -62 0
-44 -69 0
-45 -70 0
-46 -71 0
-47 -72 0
-44 -84 0
-45 -85 0
-46 -86 0
-47 -87 0
-44 -88 0
-45 -89 0
-46 -90 0
-47 -91 0
-48 -68 0
-49 -69 0
-50 -70 0
-51 -71 0
-52 -72 0
-48 -73 0
-49 -74 0
-50 -75 0
-51 -76 0
-52 -77 0
-58 -73 0
-59 -74 0
-60 -75 0
-61 -76 0
-62 -77 0
-63 -78 0
-64 -79 0
-65 -80 0
-66 -81 0
-67 -82 0
-68 -78 0
-69 -79 0
-70 -80 0
-71 -81 0
-72 -82 0
-73 -83 0
-74 -84 0
-75 -85 0
-76 -86 0
-77 -87 0
-74 -88 0
-75 -89 0
-76 -90 0
-77 -91 0
-78 -83 0
-79 -84 0
-80 -85 0
-81 -86 0
-82 -87 0
