p cnf 61 358
-1 -2 0
-1 -3 0
-1 -4 0
-2 -3 0
-2 -4 0
-3 -4 0
1 2 3 4 0
-1 -5 0
-1 -6 0
-1 -7 0
-1 -8 0
-1 -9 0
-1 -10 0
-5 -6 0
-5 -7 0
-5 -8 0
-5 -9 0
-5 -10 0
-6 -7 0
-6 -8 0
-6 -9 0
-6 -10 0
-7 -8 0
-7 -9 0
-7 -10 0
-8 -9 0
-8 -10 0
-9 -10 0
1 5 6 7 8 9 10 0
-5 -11 0
-5 -12 0
-5 -13 0
-5 -14 0
-5 -15 0
-5 -16 0
-11 -12 0
-11 -13 0
-11 -14 0
-11 -15 0
-11 -16 0
-12 -13 0
-12 -14 0
-12 -15 0
-12 -16 0
-13 -14 0
-13 -15 0
-13 -16 0
-14 -15 0
-14 -16 0
-15 -16 0
5 11 12 13 14 15 16 0
-17 -18 0
17 18 0
-6 -19 0
-6 -20 0
-6 -21 0
-6 -22 0
-6 -23 0
-19 -20 0
-19 -21 0
-19 -22 0
-19 -23 0
-20 -21 0
-20 -22 0
-20 -23 0
-21 -22 0
-21 -23 0
-22 -23 0
6 19 20 21 22 23 0
-24 -25 0
-24 -26 0
-25 -26 0
24 25 26 0
-7 -27 0
-7 -28 0
-7 -29 0
-7 -30 0
-27 -28 0
-27 -29 0
-27 -30 0
-28 -29 0
-28 -30 0
-29 -30 0
7 27 28 29 30 0
-8 -17 0
-8 -19 0
-8 -31 0
-8 -32 0
-8 -33 0
-8 -34 0
-17 -19 0
-17 -31 0
-17 -32 0
-17 -33 0
-17 -34 0
-19 -31 0
-19 -32 0
-19 -33 0
-19 -34 0
-31 -32 0
-31 -33 0
-31 -34 0
-32 -33 0
-32 -34 0
-33 -34 0
8 17 19 31 32 33 34 0
-24 -35 0
-24 -36 0
-24 -37 0
-35 -36 0
-35 -37 0
-36 -37 0
24 35 36 37 0
-38 -39 0
38 39 0
-11 -20 0
-11 -27 0
-11 -40 0
-20 -27 0
-20 -40 0
-27 -40 0
11 20 27 40 0
-2 -9 0
-2 -28 0
-2 -31 0
-2 -38 0
-2 -41 0
-2 -42 0
-2 -43 0
-9 -28 0
-9 -31 0
-9 -38 0
-9 -41 0
-9 -42 0
-9 -43 0
-28 -31 0
-28 -38 0
-28 -41 0
-28 -42 0
-28 -43 0
-31 -38 0
-31 -41 0
-31 -42 0
-31 -43 0
-38 -41 0
-38 -42 0
-38 -43 0
-41 -42 0
-41 -43 0
-42 -43 0
2 9 28 31 38 41 42 43 0
-44 -45 0
-44 -46 0
-45 -46 0
44 45 46 0
-40 -47 0
-40 -48 0
-47 -48 0
40 47 48 0
-21 -25 0
-21 -29 0
-21 -39 0
-21 -49 0
-21 -50 0
-21 -51 0
-21 -52 0
-25 -29 0
-25 -39 0
-25 -49 0
-25 -50 0
-25 -51 0
-25 -52 0
-29 -39 0
-29 -49 0
-29 -50 0
-29 -51 0
-29 -52 0
-39 -49 0
-39 -50 0
-39 -51 0
-39 -52 0
-49 -50 0
-49 -51 0
-49 -52 0
-50 -51 0
-50 -52 0
-51 -52 0
21 25 29 39 49 50 51 52 0
-12 -32 0
-12 -35 0
-12 -44 0
-12 -47 0
-12 -49 0
-12 -53 0
-12 -54 0
-12 -55 0
-12 -56 0
-32 -35 0
-32 -44 0
-32 -47 0
-32 -49 0
-32 -53 0
-32 -54 0
-32 -55 0
-32 -56 0
-35 -44 0
-35 -47 0
-35 -49 0
-35 -53 0
-35 -54 0
-35 -55 0
-35 -56 0
-44 -47 0
-44 -49 0
-44 -53 0
-44 -54 0
-44 -55 0
-44 -56 0
-47 -49 0
-47 -53 0
-47 -54 0
-47 -55 0
-47 -56 0
-49 -53 0
-49 -54 0
-49 -55 0
-49 -56 0
-53 -54 0
-53 -55 0
-53 -56 0
-54 -55 0
-54 -56 0
-55 -56 0
12 32 35 44 47 49 53 54 55 56 0
-13 -33 0
-13 -36 0
-13 -41 0
-13 -57 0
-13 -58 0
-13 -59 0
-33 -36 0
-33 -41 0
-33 -57 0
-33 -58 0
-33 -59 0
-36 -41 0
-36 -57 0
-36 -58 0
-36 -59 0
-41 -57 0
-41 -58 0
-41 -59 0
-57 -58 0
-57 -59 0
-58 -59 0
13 33 36 41 57 58 59 0
-3 -10 0
-3 -22 0
-3 -26 0
-3 -45 0
-3 -53 0
-3 -57 0
-3 -60 0
-10 -22 0
-10 -26 0
-10 -45 0
-10 -53 0
-10 -57 0
-10 -60 0
-22 -26 0
-22 -45 0
-22 -53 0
-22 -57 0
-22 -60 0
-26 -45 0
-26 -53 0
-26 -57 0
-26 -60 0
-45 -53 0
-45 -57 0
-45 -60 0
-53 -57 0
-53 -60 0
-57 -60 0
3 10 22 26 45 53 57 60 0
-14 -50 0
-14 -54 0
-50 -54 0
14 50 54 0
-34 -37 0
-34 -42 0
-34 -51 0
-34 -55 0
-34 -58 0
-37 -42 0
-37 -51 0
-37 -55 0
-37 -58 0
-42 -51 0
-42 -55 0
-42 -58 0
-51 -55 0
-51 -58 0
-55 -58 0
34 37 42 51 55 58 0
-15 -18 0
-15 -46 0
-15 -52 0
-15 -56 0
-15 -61 0
-18 -46 0
-18 -52 0
-18 -56 0
-18 -61 0
-46 -52 0
-46 -56 0
-46 -61 0
-52 -56 0
-52 -61 0
-56 -61 0
15 18 46 52 56 61 0
-4 -16 0
-4 -23 0
-4 -30 0
-4 -43 0
-4 -48 0
-4 -59 0
-4 -60 0
-4 -61 0
-16 -23 0
-16 -30 0
-16 -43 0
-16 -48 0
-16 -59 0
-16 -60 0
-16 -61 0
-23 -30 0
-23 -43 0
-23 -48 0
-23 -59 0
-23 -60 0
-23 -61 0
-30 -43 0
-30 -48 0
-30 -59 0
-30 -60 0
-30 -61 0
-43 -48 0
-43 -59 0
-43 -60 0
-43 -61 0
-48 -59 0
-48 -60 0
-48 -61 0
-59 -60 0
-59 -61 0
-60 -61 0
4 16 23 30 43 48 59 60 61 0
