p cnf 38 194
-1 -2 -3 -4 -9 0
2 -15 -17 -19 -20 -21 0
3 15 -24 -25 0
4 11 -26 -27 -28 -29 -30 0
17 26 -31 -32 0
13 19 24 28 32 -36 -37 0
1 10 -2 0
-1 -10 2 0
1 -3 0
1 11 -4 0
-1 -11 4 0
1 -5 0
1 12 -6 0
-1 -12 6 0
1 13 -7 0
-1 -13 7 0
1 -8 0
1 14 -9 0
-1 -14 9 0
2 15 -3 0
-2 -15 3 0
2 16 -4 0
-2 -16 4 0
2 17 -5 0
-2 -17 5 0
2 18 -6 0
-2 -18 6 0
2 19 -7 0
-2 -19 7 0
2 20 -8 0
-2 -20 8 0
2 21 -9 0
-2 -21 9 0
3 22 -4 0
-3 -22 4 0
3 -5 0
3 23 -6 0
-3 -23 6 0
3 24 -7 0
-3 -24 7 0
3 -8 0
3 25 -9 0
-3 -25 9 0
4 26 -5 0
-4 -26 5 0
4 27 -6 0
-4 -27 6 0
4 28 -7 0
-4 -28 7 0
4 29 -8 0
-4 -29 8 0
4 30 -9 0
-4 -30 9 0
5 31 -6 0
-5 -31 6 0
5 32 -7 0
-5 -32 7 0
-5 8 0
5 33 -9 0
-5 -33 9 0
6 -7 0
6 34 -8 0
-6 -34 8 0
6 35 -9 0
-6 -35 9 0
7 36 -8 0
-7 -36 8 0
7 37 -9 0
-7 -37 9 0
8 38 -9 0
-8 -38 9 0
-10 -15 0
10 16 -11 0
-10 -16 11 0
-10 -17 0
10 18 -12 0
-10 -18 12 0
10 19 -13 0
-10 -19 13 0
-10 -20 0
10 21 -14 0
-10 -21 14 0
22 -11 0
23 -12 0
24 -13 0
25 -14 0
-11 -26 0
11 27 -12 0
-11 -27 12 0
11 28 -13 0
-11 -28 13 0
-11 -29 0
11 30 -14 0
-11 -30 14 0
31 -12 0
32 -13 0
33 -14 0
12 -13 0
-12 -34 0
12 35 -14 0
-12 -35 14 0
-13 -36 0
13 37 -14 0
-13 -37 14 0
38 -14 0
15 22 -16 0
-15 -22 16 0
15 -17 0
15 23 -18 0
-15 -23 18 0
15 24 -19 0
-15 -24 19 0
15 -20 0
15 25 -21 0
-15 -25 21 0
16 26 -17 0
-16 -26 17 0
16 27 -18 0
-16 -27 18 0
16 28 -19 0
-16 -28 19 0
16 29 -20 0
-16 -29 20 0
16 30 -21 0
-16 -30 21 0
17 31 -18 0
-17 -31 18 0
17 32 -19 0
-17 -32 19 0
-17 20 0
17 33 -21 0
-17 -33 21 0
18 -19 0
18 34 -20 0
-18 -34 20 0
18 35 -21 0
-18 -35 21 0
19 36 -20 0
-19 -36 20 0
19 37 -21 0
-19 -37 21 0
20 38 -21 0
-20 -38 21 0
-22 -26 0
22 27 -23 0
-22 -27 23 0
22 28 -24 0
-22 -28 24 0
-22 -29 0
22 30 -25 0
-22 -30 25 0
31 -23 0
32 -24 0
33 -25 0
23 -24 0
-23 -34 0
23 35 -25 0
-23 -35 25 0
-24 -36 0
24 37 -25 0
-24 -37 25 0
38 -25 0
26 31 -27 0
-26 -31 27 0
26 32 -28 0
-26 -32 28 0
-26 29 0
26 33 -30 0
-26 -33 30 0
27 -28 0
27 34 -29 0
-27 -34 29 0
27 35 -30 0
-27 -35 30 0
28 36 -29 0
-28 -36 29 0
28 37 -30 0
-28 -37 30 0
29 38 -30 0
-29 -38 30 0
31 -32 0
31 34 0
31 35 -33 0
-31 -35 33 0
32 36 0
32 37 -33 0
-32 -37 33 0
-38 33 0
36 -34 0
37 -35 0
34 38 -35 0
-34 -38 35 0
36 38 -37 0
-36 -38 37 0
