p cnf 201 802
22 23 24 25 26 27 28 29 30 31 32 33 34 35 36 37 38 39 40 41 42 43 0
44 45 46 47 48 49 50 51 52 53 54 55 56 57 58 59 60 61 62 63 64 0
65 66 67 68 69 70 71 72 73 74 75 76 77 78 79 80 81 82 83 84 0
85 86 87 88 89 90 91 92 93 94 95 96 97 98 99 100 101 102 103 104 0
105 106 107 108 109 110 111 112 113 114 115 116 117 118 119 120 121 122 123 124 0
125 126 127 128 129 130 131 132 133 134 135 136 137 138 139 140 141 142 143 144 0
145 146 147 148 149 150 151 152 153 154 155 156 157 158 159 160 161 162 163 0
164 165 166 167 168 169 170 171 172 173 174 175 176 177 178 179 180 181 182 0
183 184 185 186 187 188 189 190 191 192 193 194 195 196 197 198 199 200 201 0
-1 -22 0
-1 -44 0
-1 -65 0
-1 -85 0
-1 -105 0
-1 -125 0
-1 -145 0
-1 -164 0
-1 -183 0
-22 -44 0
-22 -65 0
-22 -85 0
-22 -105 0
-22 -125 0
-22 -145 0
-22 -164 0
-22 -183 0
-44 -65 0
-44 -85 0
-44 -105 0
-44 -125 0
-44 -145 0
-44 -164 0
-44 -183 0
-65 -85 0
-65 -105 0
-65 -125 0
-65 -145 0
-65 -164 0
-65 -183 0
-85 -105 0
-85 -125 0
-85 -145 0
-85 -164 0
-85 -183 0
-105 -125 0
-105 -145 0
-105 -164 0
-105 -183 0
-125 -145 0
-125 -164 0
-125 -183 0
-145 -164 0
-145 -183 0
-164 -183 0
-2 -23 0
-2 -45 0
-2 -66 0
-2 -86 0
-2 -106 0
-2 -126 0
-2 -146 0
-2 -165 0
-2 -184 0
-23 -45 0
-23 -66 0
-23 -86 0
-23 -106 0
-23 -126 0
-23 -146 0
-23 -165 0
-23 -184 0
-45 -66 0
-45 -86 0
-45 -106 0
-45 -126 0
-45 -146 0
-45 -165 0
-45 -184 0
-66 -86 0
-66 -106 0
-66 -126 0
-66 -146 0
-66 -165 0
-66 -184 0
-86 -106 0
-86 -126 0
-86 -146 0
-86 -165 0
-86 -184 0
-106 -126 0
-106 -146 0
-106 -165 0
-106 -184 0
-126 -146 0
-126 -165 0
-126 -184 0
-146 -165 0
-146 -184 0
-165 -184 0
-3 -24 0
-3 -46 0
-3 -67 0
-3 -107 0
-3 -127 0
-3 -147 0
-3 -185 0
-24 -46 0
-24 -67 0
-24 -107 0
-24 -127 0
-24 -147 0
-24 -185 0
-46 -67 0
-46 -107 0
-46 -127 0
-46 -147 0
-46 -185 0
-67 -107 0
-67 -127 0
-67 -147 0
-67 -185 0
-107 -127 0
-107 -147 0
-107 -185 0
-127 -147 0
-127 -185 0
-147 -185 0
-4 -25 0
-4 -47 0
-4 -68 0
-4 -87 0
-4 -108 0
-4 -148 0
-4 -166 0
-4 -186 0
-25 -47 0
-25 -68 0
-25 -87 0
-25 -108 0
-25 -148 0
-25 -166 0
-25 -186 0
-47 -68 0
-47 -87 0
-47 -108 0
-47 -148 0
-47 -166 0
-47 -186 0
-68 -87 0
-68 -108 0
-68 -148 0
-68 -166 0
-68 -186 0
-87 -108 0
-87 -148 0
-87 -166 0
-87 -186 0
-108 -148 0
-108 -166 0
-108 -186 0
-148 -166 0
-148 -186 0
-166 -186 0
-5 -26 0
-5 -48 0
-5 -69 0
-5 -88 0
-5 -109 0
-5 -128 0
-5 -149 0
-5 -167 0
-5 -187 0
-26 -48 0
-26 -69 0
-26 -88 0
-26 -109 0
-26 -128 0
-26 -149 0
-26 -167 0
-26 -187 0
-48 -69 0
-48 -88 0
-48 -109 0
-48 -128 0
-48 -149 0
-48 -167 0
-48 -187 0
-69 -88 0
-69 -109 0
-69 -128 0
-69 -149 0
-69 -167 0
-69 -187 0
-88 -109 0
-88 -128 0
-88 -149 0
-88 -167 0
-88 -187 0
-109 -128 0
-109 -149 0
-109 -167 0
-109 -187 0
-128 -149 0
-128 -167 0
-128 -187 0
-149 -167 0
-149 -187 0
-167 -187 0
-27 -49 0
-27 -70 0
-27 -89 0
-27 -110 0
-27 -129 0
-27 -150 0
-27 -168 0
-27 -188 0
-49 -70 0
-49 -89 0
-49 -110 0
-49 -129 0
-49 -150 0
-49 -168 0
-49 -188 0
-70 -89 0
-70 -110 0
-70 -129 0
-70 -150 0
-70 -168 0
-70 -188 0
-89 -110 0
-89 -129 0
-89 -150 0
-89 -168 0
-89 -188 0
-110 -129 0
-110 -150 0
-110 -168 0
-110 -188 0
-129 -150 0
-129 -168 0
-129 -188 0
-150 -168 0
-150 -188 0
-168 -188 0
-6 -28 0
-6 -50 0
-6 -71 0
-6 -90 0
-6 -111 0
-6 -151 0
-6 -169 0
-6 -189 0
-28 -50 0
-28 -71 0
-28 -90 0
-28 -111 0
-28 -151 0
-28 -169 0
-28 -189 0
-50 -71 0
-50 -90 0
-50 -111 0
-50 -151 0
-50 -169 0
-50 -189 0
-71 -90 0
-71 -111 0
-71 -151 0
-71 -169 0
-71 -189 0
-90 -111 0
-90 -151 0
-90 -169 0
-90 -189 0
-111 -151 0
-111 -169 0
-111 -189 0
-151 -169 0
-151 -189 0
-169 -189 0
-7 -29 0
-7 -51 0
-7 -72 0
-7 -91 0
-7 -112 0
-7 -130 0
-7 -152 0
-7 -170 0
-29 -51 0
-29 -72 0
-29 -91 0
-29 -112 0
-29 -130 0
-29 -152 0
-29 -170 0
-51 -72 0
-51 -91 0
-51 -112 0
-51 -130 0
-51 -152 0
-51 -170 0
-72 -91 0
-72 -112 0
-72 -130 0
-72 -152 0
-72 -170 0
-91 -112 0
-91 -130 0
-91 -152 0
-91 -170 0
-112 -130 0
-112 -152 0
-112 -170 0
-130 -152 0
-130 -170 0
-152 -170 0
-30 -52 0
-30 -73 0
-30 -92 0
-30 -113 0
-30 -131 0
-30 -153 0
-30 -171 0
-30 -190 0
-52 -73 0
-52 -92 0
-52 -113 0
-52 -131 0
-52 -153 0
-52 -171 0
-52 -190 0
-73 -92 0
-73 -113 0
-73 -131 0
-73 -153 0
-73 -171 0
-73 -190 0
-92 -113 0
-92 -131 0
-92 -153 0
-92 -171 0
-92 -190 0
-113 -131 0
-113 -153 0
-113 -171 0
-113 -190 0
-131 -153 0
-131 -171 0
-131 -190 0
-153 -171 0
-153 -190 0
-171 -190 0
-8 -31 0
-8 -53 0
-8 -93 0
-8 -132 0
-8 -154 0
-8 -172 0
-8 -191 0
-31 -53 0
-31 -93 0
-31 -132 0
-31 -154 0
-31 -172 0
-31 -191 0
-53 -93 0
-53 -132 0
-53 -154 0
-53 -172 0
-53 -191 0
-93 -132 0
-93 -154 0
-93 -172 0
-93 -191 0
-132 -154 0
-132 -172 0
-132 -191 0
-154 -172 0
-154 -191 0
-172 -191 0
-9 -32 0
-9 -54 0
-9 -74 0
-9 -94 0
-9 -114 0
-9 -133 0
-32 -54 0
-32 -74 0
-32 -94 0
-32 -114 0
-32 -133 0
-54 -74 0
-54 -94 0
-54 -114 0
-54 -133 0
-74 -94 0
-74 -114 0
-74 -133 0
-94 -114 0
-94 -133 0
-114 -133 0
-10 -33 0
-10 -55 0
-10 -75 0
-10 -95 0
-10 -115 0
-10 -134 0
-10 -155 0
-10 -173 0
-33 -55 0
-33 -75 0
-33 -95 0
-33 -115 0
-33 -134 0
-33 -155 0
-33 -173 0
-55 -75 0
-55 -95 0
-55 -115 0
-55 -134 0
-55 -155 0
-55 -173 0
-75 -95 0
-75 -115 0
-75 -134 0
-75 -155 0
-75 -173 0
-95 -115 0
-95 -134 0
-95 -155 0
-95 -173 0
-115 -134 0
-115 -155 0
-115 -173 0
-134 -155 0
-134 -173 0
-155 -173 0
-11 -34 0
-11 -56 0
-11 -96 0
-11 -116 0
-11 -135 0
-11 -156 0
-11 -192 0
-34 -56 0
-34 -96 0
-34 -116 0
-34 -135 0
-34 -156 0
-34 -192 0
-56 -96 0
-56 -116 0
-56 -135 0
-56 -156 0
-56 -192 0
-96 -116 0
-96 -135 0
-96 -156 0
-96 -192 0
-116 -135 0
-116 -156 0
-116 -192 0
-135 -156 0
-135 -192 0
-156 -192 0
-12 -35 0
-12 -57 0
-12 -76 0
-12 -97 0
-12 -117 0
-12 -136 0
-12 -157 0
-12 -174 0
-12 -193 0
-35 -57 0
-35 -76 0
-35 -97 0
-35 -117 0
-35 -136 0
-35 -157 0
-35 -174 0
-35 -193 0
-57 -76 0
-57 -97 0
-57 -117 0
-57 -136 0
-57 -157 0
-57 -174 0
-57 -193 0
-76 -97 0
-76 -117 0
-76 -136 0
-76 -157 0
-76 -174 0
-76 -193 0
-97 -117 0
-97 -136 0
-97 -157 0
-97 -174 0
-97 -193 0
-117 -136 0
-117 -157 0
-117 -174 0
-117 -193 0
-136 -157 0
-136 -174 0
-136 -193 0
-157 -174 0
-157 -193 0
-174 -193 0
-13 -36 0
-13 -137 0
-13 -158 0
-13 -194 0
-36 -137 0
-36 -158 0
-36 -194 0
-137 -158 0
-137 -194 0
-158 -194 0
-14 -37 0
-14 -58 0
-14 -77 0
-14 -98 0
-14 -118 0
-14 -138 0
-14 -175 0
-14 -195 0
-37 -58 0
-37 -77 0
-37 -98 0
-37 -118 0
-37 -138 0
-37 -175 0
-37 -195 0
-58 -77 0
-58 -98 0
-58 -118 0
-58 -138 0
-58 -175 0
-58 -195 0
-77 -98 0
-77 -118 0
-77 -138 0
-77 -175 0
-77 -195 0
-98 -118 0
-98 -138 0
-98 -175 0
-98 -195 0
-118 -138 0
-118 -175 0
-118 -195 0
-138 -175 0
-138 -195 0
-175 -195 0
-15 -38 0
-15 -78 0
-15 -119 0
-15 -139 0
-15 -159 0
-15 -176 0
-15 -196 0
-38 -78 0
-38 -119 0
-38 -139 0
-38 -159 0
-38 -176 0
-38 -196 0
-78 -119 0
-78 -139 0
-78 -159 0
-78 -176 0
-78 -196 0
-119 -139 0
-119 -159 0
-119 -176 0
-119 -196 0
-139 -159 0
-139 -176 0
-139 -196 0
-159 -176 0
-159 -196 0
-176 -196 0
-16 -39 0
-16 -59 0
-16 -79 0
-16 -99 0
-16 -120 0
-16 -140 0
-16 -160 0
-16 -177 0
-16 -197 0
-39 -59 0
-39 -79 0
-39 -99 0
-39 -120 0
-39 -140 0
-39 -160 0
-39 -177 0
-39 -197 0
-59 -79 0
-59 -99 0
-59 -120 0
-59 -140 0
-59 -160 0
-59 -177 0
-59 -197 0
-79 -99 0
-79 -120 0
-79 -140 0
-79 -160 0
-79 -177 0
-79 -197 0
-99 -120 0
-99 -140 0
-99 -160 0
-99 -177 0
-99 -197 0
-120 -140 0
-120 -160 0
-120 -177 0
-120 -197 0
-140 -160 0
-140 -177 0
-140 -197 0
-160 -177 0
-160 -197 0
-177 -197 0
-17 -40 0
-17 -60 0
-17 -80 0
-17 -100 0
-17 -121 0
-17 -141 0
-17 -161 0
-17 -178 0
-17 -198 0
-40 -60 0
-40 -80 0
-40 -100 0
-40 -121 0
-40 -141 0
-40 -161 0
-40 -178 0
-40 -198 0
-60 -80 0
-60 -100 0
-60 -121 0
-60 -141 0
-60 -161 0
-60 -178 0
-60 -198 0
-80 -100 0
-80 -121 0
-80 -141 0
-80 -161 0
-80 -178 0
-80 -198 0
-100 -121 0
-100 -141 0
-100 -161 0
-100 -178 0
-100 -198 0
-121 -141 0
-121 -161 0
-121 -178 0
-121 -198 0
-141 -161 0
-141 -178 0
-141 -198 0
-161 -178 0
-161 -198 0
-178 -198 0
-18 -41 0
-18 -61 0
-18 -81 0
-18 -101 0
-18 -122 0
-18 -142 0
-18 -162 0
-18 -179 0
-41 -61 0
-41 -81 0
-41 -101 0
-41 -122 0
-41 -142 0
-41 -162 0
-41 -179 0
-61 -81 0
-61 -101 0
-61 -122 0
-61 -142 0
-61 -162 0
-61 -179 0
-81 -101 0
-81 -122 0
-81 -142 0
-81 -162 0
-81 -179 0
-101 -122 0
-101 -142 0
-101 -162 0
-101 -179 0
-122 -142 0
-122 -162 0
-122 -179 0
-142 -162 0
-142 -179 0
-162 -179 0
-19 -42 0
-19 -62 0
-19 -82 0
-19 -102 0
-19 -143 0
-19 -180 0
-19 -199 0
-42 -62 0
-42 -82 0
-42 -102 0
-42 -143 0
-42 -180 0
-42 -199 0
-62 -82 0
-62 -102 0
-62 -143 0
-62 -180 0
-62 -199 0
-82 -102 0
-82 -143 0
-82 -180 0
-82 -199 0
-102 -143 0
-102 -180 0
-102 -199 0
-143 -180 0
-143 -199 0
-180 -199 0
-20 -43 0
-20 -63 0
-20 -83 0
-20 -103 0
-20 -123 0
-20 -163 0
-20 -181 0
-20 -200 0
-43 -63 0
-43 -83 0
-43 -103 0
-43 -123 0
-43 -163 0
-43 -181 0
-43 -200 0
-63 -83 0
-63 -103 0
-63 -123 0
-63 -163 0
-63 -181 0
-63 -200 0
-83 -103 0
-83 -123 0
-83 -163 0
-83 -181 0
-83 -200 0
-103 -123 0
-103 -163 0
-103 -181 0
-103 -200 0
-123 -163 0
-123 -181 0
-123 -200 0
-163 -181 0
-163 -200 0
-181 -200 0
-21 -64 0
-21 -84 0
-21 -104 0
-21 -124 0
-21 -144 0
-21 -182 0
-21 -201 0
-64 -84 0
-64 -104 0
-64 -124 0
-64 -144 0
-64 -182 0
-64 -201 0
-84 -104 0
-84 -124 0
-84 -144 0
-84 -182 0
-84 -201 0
-104 -124 0
-104 -144 0
-104 -182 0
-104 -201 0
-124 -144 0
-124 -182 0
-124 -201 0
-144 -182 0
-144 -201 0
-182 -201 0
