p cnf 150 475
1 2 3 4 0
-1 -2 0
-1 -3 0
-1 -4 0
-2 -3 0
-2 -4 0
-3 -4 0
5 6 7 8 0
-5 -6 0
-5 -7 0
-5 -8 0
-6 -7 0
-6 -8 0
-7 -8 0
9 10 11 0
-9 -10 0
-9 -11 0
-10 -11 0
12 13 14 0
-12 -13 0
-12 -14 0
-13 -14 0
15 16 0
-15 -16 0
17 18 19 20 0
-17 -18 0
-17 -19 0
-17 -20 0
-18 -19 0
-18 -20 0
-19 -20 0
21 22 23 0
-21 -22 0
-21 -23 0
-22 -23 0
24 25 26 0
-24 -25 0
-24 -26 0
-25 -26 0
27 28 29 0
-27 -28 0
-27 -29 0
-28 -29 0
30 31 32 33 0
-30 -31 0
-30 -32 0
-30 -33 0
-31 -32 0
-31 -33 0
-32 -33 0
34 35 36 37 0
-34 -35 0
-34 -36 0
-34 -37 0
-35 -36 0
-35 -37 0
-36 -37 0
38 39 40 41 0
-38 -39 0
-38 -40 0
-38 -41 0
-39 -40 0
-39 -41 0
-40 -41 0
42 43 0
-42 -43 0
44 45 46 0
-44 -45 0
-44 -46 0
-45 -46 0
47 48 49 50 0
-47 -48 0
-47 -49 0
-47 -50 0
-48 -49 0
-48 -50 0
-49 -50 0
51 52 53 54 0
-51 -52 0
-51 -53 0
-51 -54 0
-52 -53 0
-52 -54 0
-53 -54 0
55 56 57 58 0
-55 -56 0
-55 -57 0
-55 -58 0
-56 -57 0
-56 -58 0
-57 -58 0
59 60 61 0
-59 -60 0
-59 -61 0
-60 -61 0
62 63 64 0
-62 -63 0
-62 -64 0
-63 -64 0
65 66 67 68 0
-65 -66 0
-65 -67 0
-65 -68 0
-66 -67 0
-66 -68 0
-67 -68 0
69 70 71 72 0
-69 -70 0
-69 -71 0
-69 -72 0
-70 -71 0
-70 -72 0
-71 -72 0
73 74 75 0
-73 -74 0
-73 -75 0
-74 -75 0
76 77 78 79 0
-76 -77 0
-76 -78 0
-76 -79 0
-77 -78 0
-77 -79 0
-78 -79 0
80 81 82 83 0
-80 -81 0
-80 -82 0
-80 -83 0
-81 -82 0
-81 -83 0
-82 -83 0
84 85 0
-84 -85 0
86 87 88 89 0
-86 -87 0
-86 -88 0
-86 -89 0
-87 -88 0
-87 -89 0
-88 -89 0
90 91 92 93 0
-90 -91 0
-90 -92 0
-90 -93 0
-91 -92 0
-91 -93 0
-92 -93 0
94 95 96 0
-94 -95 0
-94 -96 0
-95 -96 0
97 98 99 100 0
-97 -98 0
-97 -99 0
-97 -100 0
-98 -99 0
-98 -100 0
-99 -100 0
101 102 103 0
-101 -102 0
-101 -103 0
-102 -103 0
104 105 106 0
-104 -105 0
-104 -106 0
-105 -106 0
107 108 109 110 0
-107 -108 0
-107 -109 0
-107 -110 0
-108 -109 0
-108 -110 0
-109 -110 0
111 112 113 114 0
-111 -112 0
-111 -113 0
-111 -114 0
-112 -113 0
-112 -114 0
-113 -114 0
115 116 117 118 0
-115 -116 0
-115 -117 0
-115 -118 0
-116 -117 0
-116 -118 0
-117 -118 0
119 120 121 122 0
-119 -120 0
-119 -121 0
-119 -122 0
-120 -121 0
-120 -122 0
-121 -122 0
123 124 125 126 0
-123 -124 0
-123 -125 0
-123 -126 0
-124 -125 0
-124 -126 0
-125 -126 0
127 128 129 130 0
-127 -128 0
-127 -129 0
-127 -130 0
-128 -129 0
-128 -130 0
-129 -130 0
131 132 133 134 0
-131 -132 0
-131 -133 0
-131 -134 0
-132 -133 0
-132 -134 0
-133 -134 0
135 136 137 0
-135 -136 0
-135 -137 0
-136 -137 0
138 139 0
-138 -139 0
140 141 142 143 0
-140 -141 0
-140 -142 0
-140 -143 0
-141 -142 0
-141 -143 0
-142 -143 0
144 145 146 147 0
-144 -145 0
-144 -146 0
-144 -147 0
-145 -146 0
-145 -147 0
-146 -147 0
148 149 150 0
-148 -149 0
-148 -150 0
-149 -150 0
-1 -30 0
-2 -31 0
-3 -32 0
-4 -33 0
-2 -42 0
-4 -43 0
-1 -104 0
-2 -105 0
-4 -106 0
-1 -127 0
-2 -128 0
-3 -129 0
-4 -130 0
-6 -15 0
-8 -16 0
-5 -17 0
-6 -18 0
-7 -19 0
-8 -20 0
-5 -38 0
-6 -39 0
-7 -40 0
-8 -41 0
-6 -44 0
-7 -45 0
-8 -46 0
-6 -84 0
-8 -85 0
-6 -94 0
-7 -95 0
-8 -96 0
-5 -123 0
-6 -124 0
-7 -125 0
-8 -126 0
-9 -116 0
-10 -117 0
-11 -118 0
-12 -27 0
-13 -28 0
-14 -29 0
-12 -81 0
-13 -82 0
-14 -83 0
-12 -94 0
-13 -95 0
-14 -96 0
-12 -108 0
-13 -109 0
-14 -110 0
-12 -112 0
-13 -113 0
-14 -114 0
-15 -35 0
-16 -37 0
-15 -66 0
-16 -68 0
-15 -70 0
-16 -72 0
-15 -108 0
-16 -110 0
-16 -150 0
-18 -138 0
-20 -139 0
-17 -140 0
-18 -141 0
-19 -142 0
-20 -143 0
-21 -24 0
-22 -25 0
-23 -26 0
-22 -63 0
-23 -64 0
-21 -80 0
-22 -82 0
-23 -83 0
-21 -111 0
-22 -113 0
-23 -114 0
-21 -115 0
-22 -117 0
-23 -118 0
-25 -74 0
-26 -75 0
-24 -144 0
-25 -146 0
-26 -147 0
-27 -39 0
-28 -40 0
-29 -41 0
-27 -91 0
-28 -92 0
-29 -93 0
-30 -38 0
-31 -39 0
-32 -40 0
-33 -41 0
-30 -55 0
-31 -56 0
-32 -57 0
-33 -58 0
-30 -135 0
-32 -136 0
-33 -137 0
-34 -55 0
-35 -56 0
-36 -57 0
-37 -58 0
-34 -97 0
-35 -98 0
-36 -99 0
-37 -100 0
-34 -135 0
-36 -136 0
-37 -137 0
-38 -80 0
-39 -81 0
-40 -82 0
-41 -83 0
-38 -148 0
-40 -149 0
-41 -150 0
-42 -73 0
-43 -75 0
-44 -98 0
-45 -99 0
-46 -100 0
-44 -105 0
-46 -106 0
-44 -120 0
-45 -121 0
-46 -122 0
-51 -55 0
-52 -56 0
-53 -57 0
-54 -58 0
-51 -76 0
-52 -77 0
-53 -78 0
-54 -79 0
-55 -86 0
-56 -87 0
-57 -88 0
-58 -89 0
-55 -127 0
-56 -128 0
-57 -129 0
-58 -130 0
-60 -73 0
-61 -75 0
-59 -140 0
-60 -141 0
-61 -143 0
-59 -148 0
-61 -150 0
-62 -128 0
-63 -129 0
-64 -130 0
-65 -104 0
-66 -105 0
-68 -106 0
-65 -127 0
-66 -128 0
-67 -129 0
-68 -130 0
-65 -144 0
-66 -145 0
-67 -146 0
-68 -147 0
-69 -148 0
-71 -149 0
-72 -150 0
-73 -81 0
-74 -82 0
-75 -83 0
-73 -112 0
-74 -113 0
-75 -114 0
-73 -124 0
-74 -125 0
-75 -126 0
-74 -149 0
-75 -150 0
-76 -80 0
-77 -81 0
-78 -82 0
-79 -83 0
-76 -104 0
-77 -105 0
-79 -106 0
-76 -144 0
-77 -145 0
-78 -146 0
-79 -147 0
-80 -97 0
-81 -98 0
-82 -99 0
-83 -100 0
-80 -127 0
-81 -128 0
-82 -129 0
-83 -130 0
-84 -138 0
-85 -139 0
-86 -119 0
-87 -120 0
-88 -121 0
-89 -122 0
-90 -101 0
-91 -102 0
-93 -103 0
-90 -135 0
-92 -136 0
-93 -137 0
-94 -112 0
-95 -113 0
-96 -114 0
-101 -131 0
-102 -132 0
-103 -134 0
-107 -148 0
-109 -149 0
-110 -150 0
-112 -138 0
-114 -139 0
-115 -135 0
-117 -136 0
-118 -137 0
-124 -138 0
-126 -139 0
-140 -148 0
-142 -149 0
-143 -150 0
-144 -148 0
-146 -149 0
-147 -150 0
