p cnf 55 156
1 2 3 0
-1 -2 0
-1 -3 0
-2 -3 0
4 5 6 7 0
-4 -5 0
-4 -6 0
-4 -7 0
-5 -6 0
-5 -7 0
-6 -7 0
8 9 10 0
-8 -9 0
-8 -10 0
-9 -10 0
11 12 13 0
-11 -12 0
-11 -13 0
-12 -13 0
14 15 16 0
-14 -15 0
-14 -16 0
-15 -16 0
17 18 19 20 0
-17 -18 0
-17 -19 0
-17 -20 0
-18 -19 0
-18 -20 0
-19 -20 0
21 22 0
-21 -22 0
23 24 0
-23 -24 0
25 26 27 28 0
-25 -26 0
-25 -27 0
-25 -28 0
-26 -27 0
-26 -28 0
-27 -28 0
29 30 0
-29 -30 0
31 32 0
-31 -32 0
33 34 35 0
-33 -34 0
-33 -35 0
-34 -35 0
36 37 0
-36 -37 0
38 39 0
-38 -39 0
40 41 0
-40 -41 0
42 43 44 0
-42 -43 0
-42 -44 0
-43 -44 0
45 46 47 0
-45 -46 0
-45 -47 0
-46 -47 0
48 49 0
-48 -49 0
50 51 52 0
-50 -51 0
-50 -52 0
-51 -52 0
53 54 55 0
-53 -54 0
-53 -55 0
-54 -55 0
-1 -11 0
-3 -13 0
-1 -17 0
-2 -18 0
-3 -20 0
-1 -21 0
-2 -22 0
-1 -23 0
-3 -24 0
-1 -25 0
-2 -26 0
-3 -28 0
-2 -31 0
-3 -32 0
-3 -39 0
-4 -17 0
-5 -18 0
-6 -19 0
-7 -20 0
-4 -29 0
-6 -30 0
-5 -48 0
-7 -49 0
-8 -23 0
-8 -33 0
-9 -34 0
-9 -50 0
-10 -51 0
-11 -23 0
-13 -24 0
-11 -25 0
-12 -27 0
-13 -28 0
-11 -33 0
-13 -35 0
-12 -43 0
-13 -44 0
-12 -51 0
-13 -52 0
-15 -36 0
-16 -37 0
-15 -42 0
-16 -44 0
-15 -50 0
-16 -52 0
-18 -36 0
-20 -37 0
-19 -38 0
-20 -39 0
-17 -53 0
-18 -54 0
-20 -55 0
-21 -29 0
-22 -31 0
-22 -48 0
-21 -53 0
-22 -54 0
-23 -29 0
-24 -37 0
-24 -39 0
-23 -53 0
-24 -55 0
-26 -31 0
-28 -32 0
-25 -33 0
-26 -34 0
-28 -35 0
-26 -48 0
-28 -49 0
-29 -40 0
-30 -41 0
-30 -51 0
-32 -39 0
-35 -39 0
-34 -48 0
-35 -49 0
-37 -39 0
-36 -54 0
-37 -55 0
-38 -41 0
-38 -51 0
-39 -52 0
-41 -43 0
