p cnf 36 380
1 -2 0
-1 2 0
1 3 4 5 6 7 0
1 3 4 5 -6 -7 0
1 3 4 -5 6 -7 0
1 3 4 -5 -6 7 0
1 3 -4 5 6 -7 0
1 3 -4 5 -6 7 0
1 3 -4 -5 6 7 0
1 3 -4 -5 -6 -7 0
1 -3 4 5 6 -7 0
1 -3 4 5 -6 7 0
1 -3 4 -5 6 7 0
1 -3 4 -5 -6 -7 0
1 -3 -4 5 6 7 0
1 -3 -4 5 -6 -7 0
1 -3 -4 -5 6 -7 0
1 -3 -4 -5 -6 7 0
-1 3 4 5 6 -7 0
-1 3 4 5 -6 7 0
-1 3 4 -5 6 7 0
-1 3 4 -5 -6 -7 0
-1 3 -4 5 6 7 0
-1 3 -4 5 -6 -7 0
-1 3 -4 -5 6 -7 0
-1 3 -4 -5 -6 7 0
-1 -3 4 5 6 7 0
-1 -3 4 5 -6 -7 0
-1 -3 4 -5 6 -7 0
-1 -3 4 -5 -6 7 0
-1 -3 -4 5 6 -7 0
-1 -3 -4 5 -6 7 0
-1 -3 -4 -5 6 7 0
-1 -3 -4 -5 -6 -7 0
8 9 10 11 12 13 0
8 9 10 11 -12 -13 0
8 9 10 -11 12 -13 0
8 9 10 -11 -12 13 0
8 9 -10 11 12 -13 0
8 9 -10 11 -12 13 0
8 9 -10 -11 12 13 0
8 9 -10 -11 -12 -13 0
8 -9 10 11 12 -13 0
8 -9 10 11 -12 13 0
8 -9 10 -11 12 13 0
8 -9 10 -11 -12 -13 0
8 -9 -10 11 12 13 0
8 -9 -10 11 -12 -13 0
8 -9 -10 -11 12 -13 0
8 -9 -10 -11 -12 13 0
-8 9 10 11 12 -13 0
-8 9 10 11 -12 13 0
-8 9 10 -11 12 13 0
-8 9 10 -11 -12 -13 0
-8 9 -10 11 12 13 0
-8 9 -10 11 -12 -13 0
-8 9 -10 -11 12 -13 0
-8 9 -10 -11 -12 13 0
-8 -9 10 11 12 13 0
-8 -9 10 11 -12 -13 0
-8 -9 10 -11 12 -13 0
-8 -9 10 -11 -12 13 0
-8 -9 -10 11 12 -13 0
-8 -9 -10 11 -12 13 0
-8 -9 -10 -11 12 13 0
-8 -9 -10 -11 -12 -13 0
14 -15 0
-14 15 0
16 17 18 19 20 -21 0
16 17 18 19 -20 21 0
16 17 18 -19 20 21 0
16 17 18 -19 -20 -21 0
16 17 -18 19 20 21 0
16 17 -18 19 -20 -21 0
16 17 -18 -19 20 -21 0
16 17 -18 -19 -20 21 0
16 -17 18 19 20 21 0
16 -17 18 19 -20 -21 0
16 -17 18 -19 20 -21 0
16 -17 18 -19 -20 21 0
16 -17 -18 19 20 -21 0
16 -17 -18 19 -20 21 0
16 -17 -18 -19 20 21 0
16 -17 -18 -19 -20 -21 0
-16 17 18 19 20 21 0
-16 17 18 19 -20 -21 0
-16 17 18 -19 20 -21 0
-16 17 18 -19 -20 21 0
-16 17 -18 19 20 -21 0
-16 17 -18 19 -20 21 0
-16 17 -18 -19 20 21 0
-16 17 -18 -19 -20 -21 0
-16 -17 18 19 20 -21 0
-16 -17 18 19 -20 21 0
-16 -17 18 -19 20 21 0
-16 -17 18 -19 -20 -21 0
-16 -17 -18 19 20 21 0
-16 -17 -18 19 -20 -21 0
-16 -17 -18 -19 20 -21 0
-16 -17 -18 -19 -20 21 0
16 -22 0
-16 22 0
23 24 -25 0
23 -24 25 0
-23 24 25 0
-23 -24 -25 0
17 26 27 28 -29 0
17 26 27 -28 29 0
17 26 -27 28 29 0
17 26 -27 -28 -29 0
17 -26 27 28 29 0
17 -26 27 -28 -29 0
17 -26 -27 28 -29 0
17 -26 -27 -28 29 0
-17 26 27 28 29 0
-17 26 27 -28 -29 0
-17 26 -27 28 -29 0
-17 26 -27 -28 29 0
-17 -26 27 28 -29 0
-17 -26 27 -28 29 0
-17 -26 -27 28 29 0
-17 -26 -27 -28 -29 0
8 -30 0
-8 30 0
3 26 -31 0
3 -26 31 0
-3 26 31 0
-3 -26 -31 0
9 18 23 27 30 32 -33 0
9 18 23 27 30 -32 33 0
9 18 23 27 -30 32 33 0
9 18 23 27 -30 -32 -33 0
9 18 23 -27 30 32 33 0
9 18 23 -27 30 -32 -33 0
9 18 23 -27 -30 32 -33 0
9 18 23 -27 -30 -32 33 0
9 18 -23 27 30 32 33 0
9 18 -23 27 30 -32 -33 0
9 18 -23 27 -30 32 -33 0
9 18 -23 27 -30 -32 33 0
9 18 -23 -27 30 32 -33 0
9 18 -23 -27 30 -32 33 0
9 18 -23 -27 -30 32 33 0
9 18 -23 -27 -30 -32 -33 0
9 -18 23 27 30 32 33 0
9 -18 23 27 30 -32 -33 0
9 -18 23 27 -30 32 -33 0
9 -18 23 27 -30 -32 33 0
9 -18 23 -27 30 32 -33 0
9 -18 23 -27 30 -32 33 0
9 -18 23 -27 -30 32 33 0
9 -18 23 -27 -30 -32 -33 0
9 -18 -23 27 30 32 -33 0
9 -18 -23 27 30 -32 33 0
9 -18 -23 27 -30 32 33 0
9 -18 -23 27 -30 -32 -33 0
9 -18 -23 -27 30 32 33 0
9 -18 -23 -27 30 -32 -33 0
9 -18 -23 -27 -30 32 -33 0
9 -18 -23 -27 -30 -32 33 0
-9 18 23 27 30 32 33 0
-9 18 23 27 30 -32 -33 0
-9 18 23 27 -30 32 -33 0
-9 18 23 27 -30 -32 33 0
-9 18 23 -27 30 32 -33 0
-9 18 23 -27 30 -32 33 0
-9 18 23 -27 -30 32 33 0
-9 18 23 -27 -30 -32 -33 0
-9 18 -23 27 30 32 -33 0
-9 18 -23 27 30 -32 33 0
-9 18 -23 27 -30 32 33 0
-9 18 -23 27 -30 -32 -33 0
-9 18 -23 -27 30 32 33 0
-9 18 -23 -27 30 -32 -33 0
-9 18 -23 -27 -30 32 -33 0
-9 18 -23 -27 -30 -32 33 0
-9 -18 23 27 30 32 -33 0
-9 -18 23 27 30 -32 33 0
-9 -18 23 27 -30 32 33 0
-9 -18 23 27 -30 -32 -33 0
-9 -18 23 -27 30 32 33 0
-9 -18 23 -27 30 -32 -33 0
-9 -18 23 -27 -30 32 -33 0
-9 -18 23 -27 -30 -32 33 0
-9 -18 -23 27 30 32 33 0
-9 -18 -23 27 30 -32 -33 0
-9 -18 -23 27 -30 32 -33 0
-9 -18 -23 27 -30 -32 33 0
-9 -18 -23 -27 30 32 -33 0
-9 -18 -23 -27 30 -32 33 0
-9 -18 -23 -27 -30 32 33 0
-9 -18 -23 -27 -30 -32 -33 0
2 4 10 19 24 28 32 -34 0
2 4 10 19 24 28 -32 34 0
2 4 10 19 24 -28 32 34 0
2 4 10 19 24 -28 -32 -34 0
2 4 10 19 -24 28 32 34 0
2 4 10 19 -24 28 -32 -34 0
2 4 10 19 -24 -28 32 -34 0
2 4 10 19 -24 -28 -32 34 0
2 4 10 -19 24 28 32 34 0
2 4 10 -19 24 28 -32 -34 0
2 4 10 -19 24 -28 32 -34 0
2 4 10 -19 24 -28 -32 34 0
2 4 10 -19 -24 28 32 -34 0
2 4 10 -19 -24 28 -32 34 0
2 4 10 -19 -24 -28 32 34 0
2 4 10 -19 -24 -28 -32 -34 0
2 4 -10 19 24 28 32 34 0
2 4 -10 19 24 28 -32 -34 0
2 4 -10 19 24 -28 32 -34 0
2 4 -10 19 24 -28 -32 34 0
2 4 -10 19 -24 28 32 -34 0
2 4 -10 19 -24 28 -32 34 0
2 4 -10 19 -24 -28 32 34 0
2 4 -10 19 -24 -28 -32 -34 0
2 4 -10 -19 24 28 32 -34 0
2 4 -10 -19 24 28 -32 34 0
2 4 -10 -19 24 -28 32 34 0
2 4 -10 -19 24 -28 -32 -34 0
2 4 -10 -19 -24 28 32 34 0
2 4 -10 -19 -24 28 -32 -34 0
2 4 -10 -19 -24 -28 32 -34 0
2 4 -10 -19 -24 -28 -32 34 0
2 -4 10 19 24 28 32 34 0
2 -4 10 19 24 28 -32 -34 0
2 -4 10 19 24 -28 32 -34 0
2 -4 10 19 24 -28 -32 34 0
2 -4 10 19 -24 28 32 -34 0
2 -4 10 19 -24 28 -32 34 0
2 -4 10 19 -24 -28 32 34 0
2 -4 10 19 -24 -28 -32 -34 0
2 -4 10 -19 24 28 32 -34 0
2 -4 10 -19 24 28 -32 34 0
2 -4 10 -19 24 -28 32 34 0
2 -4 10 -19 24 -28 -32 -34 0
2 -4 10 -19 -24 28 32 34 0
2 -4 10 -19 -24 28 -32 -34 0
2 -4 10 -19 -24 -28 32 -34 0
2 -4 10 -19 -24 -28 -32 34 0
2 -4 -10 19 24 28 32 -34 0
2 -4 -10 19 24 28 -32 34 0
2 -4 -10 19 24 -28 32 34 0
2 -4 -10 19 24 -28 -32 -34 0
2 -4 -10 19 -24 28 32 34 0
2 -4 -10 19 -24 28 -32 -34 0
2 -4 -10 19 -24 -28 32 -34 0
2 -4 -10 19 -24 -28 -32 34 0
2 -4 -10 -19 24 28 32 34 0
2 -4 -10 -19 24 28 -32 -34 0
2 -4 -10 -19 24 -28 32 -34 0
2 -4 -10 -19 24 -28 -32 34 0
2 -4 -10 -19 -24 28 32 -34 0
2 -4 -10 -19 -24 28 -32 34 0
2 -4 -10 -19 -24 -28 32 34 0
2 -4 -10 -19 -24 -28 -32 -34 0
-2 4 10 19 24 28 32 34 0
-2 4 10 19 24 28 -32 -34 0
-2 4 10 19 24 -28 32 -34 0
-2 4 10 19 24 -28 -32 34 0
-2 4 10 19 -24 28 32 -34 0
-2 4 10 19 -24 28 -32 34 0
-2 4 10 19 -24 -28 32 34 0
-2 4 10 19 -24 -28 -32 -34 0
-2 4 10 -19 24 28 32 -34 0
-2 4 10 -19 24 28 -32 34 0
-2 4 10 -19 24 -28 32 34 0
-2 4 10 -19 24 -28 -32 -34 0
-2 4 10 -19 -24 28 32 34 0
-2 4 10 -19 -24 28 -32 -34 0
-2 4 10 -19 -24 -28 32 -34 0
-2 4 10 -19 -24 -28 -32 34 0
-2 4 -10 19 24 28 32 -34 0
-2 4 -10 19 24 28 -32 34 0
-2 4 -10 19 24 -28 32 34 0
-2 4 -10 19 24 -28 -32 -34 0
-2 4 -10 19 -24 28 32 34 0
-2 4 -10 19 -24 28 -32 -34 0
-2 4 -10 19 -24 -28 32 -34 0
-2 4 -10 19 -24 -28 -32 34 0
-2 4 -10 -19 24 28 32 34 0
-2 4 -10 -19 24 28 -32 -34 0
-2 4 -10 -19 24 -28 32 -34 0
-2 4 -10 -19 24 -28 -32 34 0
-2 4 -10 -19 -24 28 32 -34 0
-2 4 -10 -19 -24 28 -32 34 0
-2 4 -10 -19 -24 -28 32 34 0
-2 4 -10 -19 -24 -28 -32 -34 0
-2 -4 10 19 24 28 32 -34 0
-2 -4 10 19 24 28 -32 34 0
-2 -4 10 19 24 -28 32 34 0
-2 -4 10 19 24 -28 -32 -34 0
-2 -4 10 19 -24 28 32 34 0
-2 -4 10 19 -24 28 -32 -34 0
-2 -4 10 19 -24 -28 32 -34 0
-2 -4 10 19 -24 -28 -32 34 0
-2 -4 10 -19 24 28 32 34 0
-2 -4 10 -19 24 28 -32 -34 0
-2 -4 10 -19 24 -28 32 -34 0
-2 -4 10 -19 24 -28 -32 34 0
-2 -4 10 -19 -24 28 32 -34 0
-2 -4 10 -19 -24 28 -32 34 0
-2 -4 10 -19 -24 -28 32 34 0
-2 -4 10 -19 -24 -28 -32 -34 0
-2 -4 -10 19 24 28 32 34 0
-2 -4 -10 19 24 28 -32 -34 0
-2 -4 -10 19 24 -28 32 -34 0
-2 -4 -10 19 24 -28 -32 34 0
-2 -4 -10 19 -24 28 32 -34 0
-2 -4 -10 19 -24 28 -32 34 0
-2 -4 -10 19 -24 -28 32 34 0
-2 -4 -10 19 -24 -28 -32 -34 0
-2 -4 -10 -19 24 28 32 -34 0
-2 -4 -10 -19 24 28 -32 34 0
-2 -4 -10 -19 24 -28 32 34 0
-2 -4 -10 -19 24 -28 -32 -34 0
-2 -4 -10 -19 -24 28 32 34 0
-2 -4 -10 -19 -24 28 -32 -34 0
-2 -4 -10 -19 -24 -28 32 -34 0
-2 -4 -10 -19 -24 -28 -32 34 0
5 14 22 31 33 -35 0
5 14 22 31 -33 35 0
5 14 22 -31 33 35 0
5 14 22 -31 -33 -35 0
5 14 -22 31 33 35 0
5 14 -22 31 -33 -35 0
5 14 -22 -31 33 -35 0
5 14 -22 -31 -33 35 0
5 -14 22 31 33 35 0
5 -14 22 31 -33 -35 0
5 -14 22 -31 33 -35 0
5 -14 22 -31 -33 35 0
5 -14 -22 31 33 -35 0
5 -14 -22 31 -33 35 0
5 -14 -22 -31 33 35 0
5 -14 -22 -31 -33 -35 0
-5 14 22 31 33 35 0
-5 14 22 31 -33 -35 0
-5 14 22 -31 33 -35 0
-5 14 22 -31 -33 35 0
-5 14 -22 31 33 -35 0
-5 14 -22 31 -33 35 0
-5 14 -22 -31 33 35 0
-5 14 -22 -31 -33 -35 0
-5 -14 22 31 33 -35 0
-5 -14 22 31 -33 35 0
-5 -14 22 -31 33 35 0
-5 -14 22 -31 -33 -35 0
-5 -14 -22 31 33 35 0
-5 -14 -22 31 -33 -35 0
-5 -14 -22 -31 33 -35 0
-5 -14 -22 -31 -33 35 0
6 11 -36 0
6 -11 36 0
-6 11 36 0
-6 -11 -36 0
15 20 -36 0
15 -20 36 0
-15 20 36 0
-15 -20 -36 0
12 25 -34 0
12 -25 34 0
-12 25 34 0
-12 -25 -34 0
7 13 21 29 -35 0
7 13 21 -29 35 0
7 13 -21 29 35 0
7 13 -21 -29 -35 0
7 -13 21 29 35 0
7 -13 21 -29 -35 0
7 -13 -21 29 -35 0
7 -13 -21 -29 35 0
-7 13 21 29 35 0
-7 13 21 -29 -35 0
-7 13 -21 29 -35 0
-7 13 -21 -29 35 0
-7 -13 21 29 -35 0
-7 -13 21 -29 35 0
-7 -13 -21 29 35 0
-7 -13 -21 -29 -35 0
