p cnf 120 333
1 2 3 0
-1 -2 0
-1 -3 0
-2 -3 0
4 5 6 0
-4 -5 0
-4 -6 0
-5 -6 0
7 8 0
-7 -8 0
9 10 0
-9 -10 0
11 12 13 0
-11 -12 0
-11 -13 0
-12 -13 0
14 15 16 0
-14 -15 0
-14 -16 0
-15 -16 0
17 18 0
-17 -18 0
19 20 21 22 0
-19 -20 0
-19 -21 0
-19 -22 0
-20 -21 0
-20 -22 0
-21 -22 0
23 24 25 0
-23 -24 0
-23 -25 0
-24 -25 0
26 27 28 29 0
-26 -27 0
-26 -28 0
-26 -29 0
-27 -28 0
-27 -29 0
-28 -29 0
30 31 0
-30 -31 0
32 33 34 35 0
-32 -33 0
-32 -34 0
-32 -35 0
-33 -34 0
-33 -35 0
-34 -35 0
36 37 38 39 0
-36 -37 0
-36 -38 0
-36 -39 0
-37 -38 0
-37 -39 0
-38 -39 0
40 41 42 43 0
-40 -41 0
-40 -42 0
-40 -43 0
-41 -42 0
-41 -43 0
-42 -43 0
44 45 46 0
-44 -45 0
-44 -46 0
-45 -46 0
47 48 49 0
-47 -48 0
-47 -49 0
-48 -49 0
50 51 52 53 0
-50 -51 0
-50 -52 0
-50 -53 0
-51 -52 0
-51 -53 0
-52 -53 0
54 55 56 57 0
-54 -55 0
-54 -56 0
-54 -57 0
-55 -56 0
-55 -57 0
-56 -57 0
58 59 0
-58 -59 0
60 61 62 63 0
-60 -61 0
-60 -62 0
-60 -63 0
-61 -62 0
-61 -63 0
-62 -63 0
64 65 66 0
-64 -65 0
-64 -66 0
-65 -66 0
67 68 0
-67 -68 0
69 70 71 0
-69 -70 0
-69 -71 0
-70 -71 0
72 73 74 75 0
-72 -73 0
-72 -74 0
-72 -75 0
-73 -74 0
-73 -75 0
-74 -75 0
76 77 0
-76 -77 0
78 79 80 81 0
-78 -79 0
-78 -80 0
-78 -81 0
-79 -80 0
-79 -81 0
-80 -81 0
82 83 84 0
-82 -83 0
-82 -84 0
-83 -84 0
85 86 87 0
-85 -86 0
-85 -87 0
-86 -87 0
88 89 90 0
-88 -89 0
-88 -90 0
-89 -90 0
91 92 0
-91 -92 0
93 94 95 96 0
-93 -94 0
-93 -95 0
-93 -96 0
-94 -95 0
-94 -96 0
-95 -96 0
97 98 99 0
-97 -98 0
-97 -99 0
-98 -99 0
100 101 102 103 0
-100 -101 0
-100 -102 0
-100 -103 0
-101 -102 0
-101 -103 0
-102 -103 0
104 105 106 107 0
-104 -105 0
-104 -106 0
-104 -107 0
-105 -106 0
-105 -107 0
-106 -107 0
108 109 110 0
-108 -109 0
-108 -110 0
-109 -110 0
111 112 113 0
-111 -112 0
-111 -113 0
-112 -113 0
114 115 116 117 0
-114 -115 0
-114 -116 0
-114 -117 0
-115 -116 0
-115 -117 0
-116 -117 0
118 119 120 0
-118 -119 0
-118 -120 0
-119 -120 0
-1 -19 0
-2 -20 0
-3 -21 0
-1 -85 0
-2 -86 0
-1 -100 0
-2 -101 0
-3 -102 0
-4 -9 0
-6 -10 0
-4 -27 0
-5 -28 0
-6 -29 0
-4 -30 0
-6 -31 0
-4 -67 0
-6 -68 0
-5 -76 0
-6 -77 0
-4 -98 0
-6 -99 0
-9 -23 0
-10 -25 0
-9 -51 0
-10 -53 0
-9 -55 0
-10 -57 0
-10 -90 0
-10 -120 0
-11 -14 0
-12 -15 0
-13 -16 0
-12 -48 0
-13 -49 0
-11 -64 0
-12 -65 0
-13 -66 0
-11 -91 0
-13 -92 0
-15 -59 0
-14 -114 0
-15 -116 0
-16 -117 0
-17 -28 0
-18 -29 0
-17 -74 0
-18 -75 0
-19 -26 0
-20 -27 0
-21 -28 0
-22 -29 0
-19 -40 0
-20 -41 0
-21 -42 0
-22 -43 0
-19 -108 0
-21 -109 0
-22 -110 0
-23 -41 0
-24 -42 0
-25 -43 0
-23 -79 0
-24 -80 0
-25 -81 0
-24 -109 0
-25 -110 0
-26 -64 0
-28 -65 0
-29 -66 0
-26 -118 0
-28 -119 0
-29 -120 0
-30 -79 0
-31 -81 0
-30 -86 0
-31 -87 0
-30 -94 0
-31 -96 0
-36 -40 0
-37 -41 0
-38 -42 0
-39 -43 0
-36 -60 0
-37 -61 0
-38 -62 0
-39 -63 0
-41 -69 0
-42 -70 0
-43 -71 0
-40 -100 0
-41 -101 0
-42 -102 0
-43 -103 0
-45 -58 0
-45 -111 0
-46 -113 0
-44 -118 0
-46 -120 0
-47 -101 0
-48 -102 0
-49 -103 0
-50 -85 0
-51 -86 0
-53 -87 0
-50 -100 0
-51 -101 0
-52 -102 0
-53 -103 0
-50 -114 0
-51 -115 0
-52 -116 0
-53 -117 0
-54 -118 0
-56 -119 0
-57 -120 0
-59 -65 0
-58 -98 0
-59 -119 0
-60 -64 0
-62 -65 0
-63 -66 0
-60 -85 0
-61 -86 0
-63 -87 0
-60 -114 0
-61 -115 0
-62 -116 0
-63 -117 0
-64 -78 0
-65 -80 0
-66 -81 0
-64 -100 0
-65 -102 0
-66 -103 0
-69 -94 0
-70 -95 0
-71 -96 0
-72 -82 0
-73 -83 0
-75 -84 0
-72 -108 0
-74 -109 0
-75 -110 0
-77 -92 0
-82 -104 0
-83 -105 0
-84 -107 0
-88 -118 0
-89 -119 0
-90 -120 0
-112 -119 0
-113 -120 0
-114 -118 0
-116 -119 0
-117 -120 0
