p cnf 24 101
-8 -9 0
-8 -10 0
-8 -11 0
-8 -12 0
-9 -10 0
-9 -11 0
-9 -12 0
-10 -11 0
-10 -12 0
-11 -12 0
-13 -14 0
-13 -15 0
-13 -16 0
-13 -17 0
-13 -18 0
-14 -15 0
-14 -16 0
-14 -17 0
-14 -18 0
-15 -16 0
-15 -17 0
-15 -18 0
-16 -17 0
-16 -18 0
-17 -18 0
-19 -20 0
-19 -21 0
-20 -21 0
-22 -23 0
-22 -24 0
-23 -24 0
-9 -8 0
-10 -8 0
-11 -8 0
-12 -8 0
-10 -9 0
-11 -9 0
-12 -9 0
-11 -10 0
-12 -10 0
-12 -11 0
-9 -13 0
-10 -13 0
-11 -13 0
-12 -13 0
-9 -14 0
-10 -14 0
-11 -14 0
-12 -14 0
-10 -15 0
-11 -15 0
-12 -15 0
-11 -16 0
-12 -16 0
-12 -17 0
-14 -13 0
-15 -13 0
-16 -13 0
-17 -13 0
-18 -13 0
-15 -14 0
-16 -14 0
-17 -14 0
-18 -14 0
-16 -15 0
-17 -15 0
-18 -15 0
-17 -16 0
-18 -16 0
-18 -17 0
-20 -19 0
-21 -19 0
-21 -20 0
-20 -22 0
-21 -22 0
-21 -23 0
-23 -22 0
-24 -22 0
-24 -23 0
-8 1 0
-9 3 0
-11 4 0
-13 1 0
-14 2 0
-15 3 0
-17 4 0
-20 5 0
-21 6 0
-23 5 0
-24 7 0
-1 8 13 0
-2 14 0
-3 9 15 0
10 16 0
-4 11 17 0
-5 20 23 0
-6 21 0
-7 24 0
1 2 3 5 6 0
1 3 5 6 0
1 3 5 6 0
