p cnf 26 82
1 2 -3 0
1 -2 3 0
-1 2 3 0
-1 -2 -3 0
1 4 5 -6 0
1 4 -5 6 0
1 -4 5 6 0
1 -4 -5 -6 0
-1 4 5 6 0
-1 4 -5 -6 0
-1 -4 5 -6 0
-1 -4 -5 6 0
4 7 8 9 -10 0
4 7 8 -9 10 0
4 7 -8 9 10 0
4 7 -8 -9 -10 0
4 -7 8 9 10 0
4 -7 8 -9 -10 0
4 -7 -8 9 -10 0
4 -7 -8 -9 10 0
-4 7 8 9 10 0
-4 7 8 -9 -10 0
-4 7 -8 9 -10 0
-4 7 -8 -9 10 0
-4 -7 8 9 -10 0
-4 -7 8 -9 10 0
-4 -7 -8 9 10 0
-4 -7 -8 -9 -10 0
11 12 -13 0
11 -12 13 0
-11 12 13 0
-11 -12 -13 0
7 14 15 -16 0
7 14 -15 16 0
7 -14 15 16 0
7 -14 -15 -16 0
-7 14 15 16 0
-7 14 -15 -16 0
-7 -14 15 -16 0
-7 -14 -15 16 0
14 17 -18 0
14 -17 18 0
-14 17 18 0
-14 -17 -18 0
11 17 0
-11 -17 0
19 20 0
-19 -20 0
2 19 -21 0
2 -19 21 0
-2 19 21 0
-2 -19 -21 0
18 22 0
-18 -22 0
8 21 23 0
8 -21 -23 0
-8 21 -23 0
-8 -21 23 0
12 -23 0
-12 23 0
24 -25 0
-24 25 0
3 5 15 26 0
3 5 -15 -26 0
3 -5 15 -26 0
3 -5 -15 26 0
-3 5 15 -26 0
-3 5 -15 26 0
-3 -5 15 26 0
-3 -5 -15 -26 0
16 -24 0
-16 24 0
13 -20 0
-13 20 0
9 22 -26 0
9 -22 26 0
-9 22 26 0
-9 -22 -26 0
6 10 25 0
6 -10 -25 0
-6 10 -25 0
-6 -10 25 0
