p cnf 38 129
28 29 30 31 32 0
-1 -5 0
-1 -8 0
-1 -14 0
-1 -19 0
-1 -23 0
-1 -28 0
-1 -36 0
-5 -8 0
-5 -14 0
-5 -19 0
-5 -23 0
-5 -28 0
-5 -36 0
-8 -14 0
-8 -19 0
-8 -23 0
-8 -28 0
-8 -36 0
-14 -19 0
-14 -23 0
-14 -28 0
-14 -36 0
-19 -23 0
-19 -28 0
-19 -36 0
-23 -28 0
-23 -36 0
-28 -36 0
-9 -11 0
-9 -15 0
-9 -20 0
-9 -24 0
-9 -29 0
-9 -33 0
-11 -15 0
-11 -20 0
-11 -24 0
-11 -29 0
-11 -33 0
-15 -20 0
-15 -24 0
-15 -29 0
-15 -33 0
-20 -24 0
-20 -29 0
-20 -33 0
-24 -29 0
-24 -33 0
-29 -33 0
-2 -6 0
-2 -16 0
-2 -21 0
-2 -25 0
-2 -30 0
-2 -34 0
-2 -37 0
-6 -16 0
-6 -21 0
-6 -25 0
-6 -30 0
-6 -34 0
-6 -37 0
-16 -21 0
-16 -25 0
-16 -30 0
-16 -34 0
-16 -37 0
-21 -25 0
-21 -30 0
-21 -34 0
-21 -37 0
-25 -30 0
-25 -34 0
-25 -37 0
-30 -34 0
-30 -37 0
-34 -37 0
-3 -10 0
-3 -12 0
-3 -17 0
-3 -26 0
-3 -31 0
-10 -12 0
-10 -17 0
-10 -26 0
-10 -31 0
-12 -17 0
-12 -26 0
-12 -31 0
-17 -26 0
-17 -31 0
-26 -31 0
-4 -7 0
-4 -13 0
-4 -18 0
-4 -22 0
-4 -27 0
-4 -32 0
-4 -35 0
-4 -38 0
-7 -13 0
-7 -18 0
-7 -22 0
-7 -27 0
-7 -32 0
-7 -35 0
-7 -38 0
-13 -18 0
-13 -22 0
-13 -27 0
-13 -32 0
-13 -35 0
-13 -38 0
-18 -22 0
-18 -27 0
-18 -32 0
-18 -35 0
-18 -38 0
-22 -27 0
-22 -32 0
-22 -35 0
-22 -38 0
-27 -32 0
-27 -35 0
-27 -38 0
-32 -35 0
-32 -38 0
-35 -38 0
