p cnf 21 65
4 5 0
-1 -3 0
-1 -4 0
-1 -9 0
-1 -12 0
-1 -15 0
-1 -18 0
-3 -4 0
-3 -9 0
-3 -12 0
-3 -15 0
-3 -18 0
-4 -9 0
-4 -12 0
-4 -15 0
-4 -18 0
-9 -12 0
-9 -15 0
-9 -18 0
-12 -15 0
-12 -18 0
-15 -18 0
-2 -5 0
-2 -6 0
-2 -10 0
-2 -13 0
-2 -16 0
-2 -19 0
-2 -20 0
-5 -6 0
-5 -10 0
-5 -13 0
-5 -16 0
-5 -19 0
-5 -20 0
-6 -10 0
-6 -13 0
-6 -16 0
-6 -19 0
-6 -20 0
-10 -13 0
-10 -16 0
-10 -19 0
-10 -20 0
-13 -16 0
-13 -19 0
-13 -20 0
-16 -19 0
-16 -20 0
-19 -20 0
-7 -8 0
-7 -11 0
-7 -14 0
-7 -17 0
-7 -21 0
-8 -11 0
-8 -14 0
-8 -17 0
-8 -21 0
-11 -14 0
-11 -17 0
-11 -21 0
-14 -17 0
-14 -21 0
-17 -21 0
