p cnf 89 323
38 39 40 41 42 43 44 0
-1 -22 0
-1 -45 0
-1 -54 0
-1 -62 0
-1 -72 0
-1 -81 0
-22 -45 0
-22 -54 0
-22 -62 0
-22 -72 0
-22 -81 0
-45 -54 0
-45 -62 0
-45 -72 0
-45 -81 0
-54 -62 0
-54 -72 0
-54 -81 0
-62 -72 0
-62 -81 0
-72 -81 0
-2 -12 0
-2 -23 0
-2 -32 0
-2 -38 0
-2 -46 0
-2 -63 0
-2 -73 0
-2 -82 0
-12 -23 0
-12 -32 0
-12 -38 0
-12 -46 0
-12 -63 0
-12 -73 0
-12 -82 0
-23 -32 0
-23 -38 0
-23 -46 0
-23 -63 0
-23 -73 0
-23 -82 0
-32 -38 0
-32 -46 0
-32 -63 0
-32 -73 0
-32 -82 0
-38 -46 0
-38 -63 0
-38 -73 0
-38 -82 0
-46 -63 0
-46 -73 0
-46 -82 0
-63 -73 0
-63 -82 0
-73 -82 0
-3 -13 0
-3 -24 0
-3 -33 0
-3 -39 0
-3 -47 0
-3 -55 0
-3 -74 0
-3 -83 0
-13 -24 0
-13 -33 0
-13 -39 0
-13 -47 0
-13 -55 0
-13 -74 0
-13 -83 0
-24 -33 0
-24 -39 0
-24 -47 0
-24 -55 0
-24 -74 0
-24 -83 0
-33 -39 0
-33 -47 0
-33 -55 0
-33 -74 0
-33 -83 0
-39 -47 0
-39 -55 0
-39 -74 0
-39 -83 0
-47 -55 0
-47 -74 0
-47 -83 0
-55 -74 0
-55 -83 0
-74 -83 0
-4 -14 0
-4 -25 0
-4 -40 0
-4 -48 0
-4 -64 0
-4 -75 0
-4 -84 0
-14 -25 0
-14 -40 0
-14 -48 0
-14 -64 0
-14 -75 0
-14 -84 0
-25 -40 0
-25 -48 0
-25 -64 0
-25 -75 0
-25 -84 0
-40 -48 0
-40 -64 0
-40 -75 0
-40 -84 0
-48 -64 0
-48 -75 0
-48 -84 0
-64 -75 0
-64 -84 0
-75 -84 0
-5 -15 0
-5 -26 0
-5 -49 0
-5 -56 0
-5 -65 0
-5 -76 0
-5 -85 0
-15 -26 0
-15 -49 0
-15 -56 0
-15 -65 0
-15 -76 0
-15 -85 0
-26 -49 0
-26 -56 0
-26 -65 0
-26 -76 0
-26 -85 0
-49 -56 0
-49 -65 0
-49 -76 0
-49 -85 0
-56 -65 0
-56 -76 0
-56 -85 0
-65 -76 0
-65 -85 0
-76 -85 0
-6 -16 0
-6 -27 0
-6 -34 0
-6 -41 0
-6 -50 0
-6 -57 0
-6 -66 0
-6 -77 0
-6 -86 0
-16 -27 0
-16 -34 0
-16 -41 0
-16 -50 0
-16 -57 0
-16 -66 0
-16 -77 0
-16 -86 0
-27 -34 0
-27 -41 0
-27 -50 0
-27 -57 0
-27 -66 0
-27 -77 0
-27 -86 0
-34 -41 0
-34 -50 0
-34 -57 0
-34 -66 0
-34 -77 0
-34 -86 0
-41 -50 0
-41 -57 0
-41 -66 0
-41 -77 0
-41 -86 0
-50 -57 0
-50 -66 0
-50 -77 0
-50 -86 0
-57 -66 0
-57 -77 0
-57 -86 0
-66 -77 0
-66 -86 0
-77 -86 0
-7 -17 0
-7 -28 0
-7 -35 0
-7 -42 0
-7 -58 0
-7 -67 0
-7 -78 0
-7 -87 0
-17 -28 0
-17 -35 0
-17 -42 0
-17 -58 0
-17 -67 0
-17 -78 0
-17 -87 0
-28 -35 0
-28 -42 0
-28 -58 0
-28 -67 0
-28 -78 0
-28 -87 0
-35 -42 0
-35 -58 0
-35 -67 0
-35 -78 0
-35 -87 0
-42 -58 0
-42 -67 0
-42 -78 0
-42 -87 0
-58 -67 0
-58 -78 0
-58 -87 0
-67 -78 0
-67 -87 0
-78 -87 0
-8 -18 0
-8 -29 0
-8 -43 0
-8 -51 0
-8 -68 0
-8 -79 0
-8 -88 0
-18 -29 0
-18 -43 0
-18 -51 0
-18 -68 0
-18 -79 0
-18 -88 0
-29 -43 0
-29 -51 0
-29 -68 0
-29 -79 0
-29 -88 0
-43 -51 0
-43 -68 0
-43 -79 0
-43 -88 0
-51 -68 0
-51 -79 0
-51 -88 0
-68 -79 0
-68 -88 0
-79 -88 0
-9 -19 0
-9 -30 0
-9 -59 0
-9 -69 0
-9 -89 0
-19 -30 0
-19 -59 0
-19 -69 0
-19 -89 0
-30 -59 0
-30 -69 0
-30 -89 0
-59 -69 0
-59 -89 0
-69 -89 0
-10 -20 0
-10 -36 0
-10 -52 0
-10 -60 0
-10 -70 0
-10 -80 0
-20 -36 0
-20 -52 0
-20 -60 0
-20 -70 0
-20 -80 0
-36 -52 0
-36 -60 0
-36 -70 0
-36 -80 0
-52 -60 0
-52 -70 0
-52 -80 0
-60 -70 0
-60 -80 0
-70 -80 0
-11 -21 0
-11 -31 0
-11 -37 0
-11 -44 0
-11 -53 0
-11 -61 0
-11 -71 0
-21 -31 0
-21 -37 0
-21 -44 0
-21 -53 0
-21 -61 0
-21 -71 0
-31 -37 0
-31 -44 0
-31 -53 0
-31 -61 0
-31 -71 0
-37 -44 0
-37 -53 0
-37 -61 0
-37 -71 0
-44 -53 0
-44 -61 0
-44 -71 0
-53 -61 0
-53 -71 0
-61 -71 0
