p cnf 56 182
29 30 31 32 33 34 0
42 43 44 45 46 0
47 48 49 50 51 52 0
-1 -5 0
-1 -11 0
-1 -18 0
-1 -25 0
-1 -29 0
-1 -35 0
-1 -53 0
-5 -11 0
-5 -18 0
-5 -25 0
-5 -29 0
-5 -35 0
-5 -53 0
-11 -18 0
-11 -25 0
-11 -29 0
-11 -35 0
-11 -53 0
-18 -25 0
-18 -29 0
-18 -35 0
-18 -53 0
-25 -29 0
-25 -35 0
-25 -53 0
-29 -35 0
-29 -53 0
-35 -53 0
-2 -6 0
-2 -12 0
-2 -30 0
-2 -36 0
-2 -42 0
-2 -47 0
-6 -12 0
-6 -30 0
-6 -36 0
-6 -42 0
-6 -47 0
-12 -30 0
-12 -36 0
-12 -42 0
-12 -47 0
-30 -36 0
-30 -42 0
-30 -47 0
-36 -42 0
-36 -47 0
-42 -47 0
-7 -13 0
-7 -19 0
-7 -26 0
-7 -37 0
-7 -43 0
-7 -48 0
-13 -19 0
-13 -26 0
-13 -37 0
-13 -43 0
-13 -48 0
-19 -26 0
-19 -37 0
-19 -43 0
-19 -48 0
-26 -37 0
-26 -43 0
-26 -48 0
-37 -43 0
-37 -48 0
-43 -48 0
-3 -8 0
-3 -14 0
-3 -20 0
-3 -31 0
-3 -38 0
-3 -44 0
-3 -49 0
-8 -14 0
-8 -20 0
-8 -31 0
-8 -38 0
-8 -44 0
-8 -49 0
-14 -20 0
-14 -31 0
-14 -38 0
-14 -44 0
-14 -49 0
-20 -31 0
-20 -38 0
-20 -44 0
-20 -49 0
-31 -38 0
-31 -44 0
-31 -49 0
-38 -44 0
-38 -49 0
-44 -49 0
-9 -15 0
-9 -21 0
-9 -27 0
-9 -32 0
-9 -39 0
-9 -45 0
-9 -50 0
-9 -54 0
-15 -21 0
-15 -27 0
-15 -32 0
-15 -39 0
-15 -45 0
-15 -50 0
-15 -54 0
-21 -27 0
-21 -32 0
-21 -39 0
-21 -45 0
-21 -50 0
-21 -54 0
-27 -32 0
-27 -39 0
-27 -45 0
-27 -50 0
-27 -54 0
-32 -39 0
-32 -45 0
-32 -50 0
-32 -54 0
-39 -45 0
-39 -50 0
-39 -54 0
-45 -50 0
-45 -54 0
-50 -54 0
-16 -22 0
-16 -28 0
-16 -33 0
-16 -40 0
-16 -51 0
-16 -55 0
-22 -28 0
-22 -33 0
-22 -40 0
-22 -51 0
-22 -55 0
-28 -33 0
-28 -40 0
-28 -51 0
-28 -55 0
-33 -40 0
-33 -51 0
-33 -55 0
-40 -51 0
-40 -55 0
-51 -55 0
-23 -46 0
-23 -56 0
-46 -56 0
-4 -10 0
-4 -17 0
-4 -24 0
-4 -34 0
-4 -41 0
-4 -52 0
-10 -17 0
-10 -24 0
-10 -34 0
-10 -41 0
-10 -52 0
-17 -24 0
-17 -34 0
-17 -41 0
-17 -52 0
-24 -34 0
-24 -41 0
-24 -52 0
-34 -41 0
-34 -52 0
-41 -52 0
