p cnf 21 71
-1 -2 0
-1 -3 0
-1 -4 0
-1 -5 0
-2 -3 0
-2 -4 0
-2 -5 0
-3 -4 0
-3 -5 0
-4 -5 0
1 2 3 4 5 0
-6 -7 0
-6 -8 0
-6 -9 0
-7 -8 0
-7 -9 0
-8 -9 0
6 7 8 9 0
-1 -10 0
-1 -11 0
-1 -12 0
-10 -11 0
-10 -12 0
-11 -12 0
1 10 11 12 0
-13 -14 0
-13 -15 0
-14 -15 0
13 14 15 0
-2 -10 0
-2 -13 0
-2 -16 0
-10 -13 0
-10 -16 0
-13 -16 0
2 10 13 16 0
-6 -16 0
-6 -17 0
-6 -18 0
-16 -17 0
-16 -18 0
-17 -18 0
6 16 17 18 0
-14 -17 0
-14 -19 0
-14 -20 0
-17 -19 0
-17 -20 0
-19 -20 0
14 17 19 20 0
-3 -11 0
-3 -21 0
-11 -21 0
3 11 21 0
-4 -7 0
4 7 0
-5 -8 0
5 8 0
-12 -15 0
-12 -18 0
-12 -19 0
-12 -21 0
-15 -18 0
-15 -19 0
-15 -21 0
-18 -19 0
-18 -21 0
-19 -21 0
12 15 18 19 21 0
-9 -20 0
9 20 0
