p cnf 36 121
11 12 13 0
18 19 20 0
-4 -7 0
-4 -11 0
-4 -14 0
-4 -18 0
-4 -21 0
-4 -26 0
-4 -31 0
-4 -33 0
-7 -11 0
-7 -14 0
-7 -18 0
-7 -21 0
-7 -26 0
-7 -31 0
-7 -33 0
-11 -14 0
-11 -18 0
-11 -21 0
-11 -26 0
-11 -31 0
-11 -33 0
-14 -18 0
-14 -21 0
-14 -26 0
-14 -31 0
-14 -33 0
-18 -21 0
-18 -26 0
-18 -31 0
-18 -33 0
-21 -26 0
-21 -31 0
-21 -33 0
-26 -31 0
-26 -33 0
-31 -33 0
-1 -5 0
-1 -8 0
-1 -15 0
-1 -22 0
-1 -27 0
-1 -32 0
-1 -34 0
-5 -8 0
-5 -15 0
-5 -22 0
-5 -27 0
-5 -32 0
-5 -34 0
-8 -15 0
-8 -22 0
-8 -27 0
-8 -32 0
-8 -34 0
-15 -22 0
-15 -27 0
-15 -32 0
-15 -34 0
-22 -27 0
-22 -32 0
-22 -34 0
-27 -32 0
-27 -34 0
-32 -34 0
-2 -9 0
-2 -12 0
-2 -16 0
-2 -19 0
-2 -23 0
-2 -28 0
-2 -35 0
-9 -12 0
-9 -16 0
-9 -19 0
-9 -23 0
-9 -28 0
-9 -35 0
-12 -16 0
-12 -19 0
-12 -23 0
-12 -28 0
-12 -35 0
-16 -19 0
-16 -23 0
-16 -28 0
-16 -35 0
-19 -23 0
-19 -28 0
-19 -35 0
-23 -28 0
-23 -35 0
-28 -35 0
-6 -10 0
-6 -13 0
-6 -17 0
-6 -20 0
-6 -24 0
-6 -29 0
-10 -13 0
-10 -17 0
-10 -20 0
-10 -24 0
-10 -29 0
-13 -17 0
-13 -20 0
-13 -24 0
-13 -29 0
-17 -20 0
-17 -24 0
-17 -29 0
-20 -24 0
-20 -29 0
-24 -29 0
-3 -25 0
-3 -30 0
-3 -36 0
-25 -30 0
-25 -36 0
-30 -36 0
