p cnf 152 577
1 2 3 4 5 6 7 8 9 10 11 12 0
29 30 31 32 33 34 35 36 37 38 39 40 41 42 0
59 60 61 62 63 64 65 66 67 68 69 70 71 72 0
137 138 139 140 141 142 143 144 145 146 147 148 149 150 151 152 0
-1 -13 0
-1 -29 0
-1 -43 0
-1 -59 0
-1 -73 0
-1 -89 0
-1 -105 0
-1 -121 0
-1 -137 0
-13 -29 0
-13 -43 0
-13 -59 0
-13 -73 0
-13 -89 0
-13 -105 0
-13 -121 0
-13 -137 0
-29 -43 0
-29 -59 0
-29 -73 0
-29 -89 0
-29 -105 0
-29 -121 0
-29 -137 0
-43 -59 0
-43 -73 0
-43 -89 0
-43 -105 0
-43 -121 0
-43 -137 0
-59 -73 0
-59 -89 0
-59 -105 0
-59 -121 0
-59 -137 0
-73 -89 0
-73 -105 0
-73 -121 0
-73 -137 0
-89 -105 0
-89 -121 0
-89 -137 0
-105 -121 0
-105 -137 0
-121 -137 0
-2 -14 0
-2 -30 0
-2 -44 0
-2 -74 0
-2 -90 0
-2 -106 0
-2 -122 0
-2 -138 0
-14 -30 0
-14 -44 0
-14 -74 0
-14 -90 0
-14 -106 0
-14 -122 0
-14 -138 0
-30 -44 0
-30 -74 0
-30 -90 0
-30 -106 0
-30 -122 0
-30 -138 0
-44 -74 0
-44 -90 0
-44 -106 0
-44 -122 0
-44 -138 0
-74 -90 0
-74 -106 0
-74 -122 0
-74 -138 0
-90 -106 0
-90 -122 0
-90 -138 0
-106 -122 0
-106 -138 0
-122 -138 0
-3 -15 0
-3 -31 0
-3 -45 0
-3 -60 0
-3 -75 0
-3 -91 0
-3 -139 0
-15 -31 0
-15 -45 0
-15 -60 0
-15 -75 0
-15 -91 0
-15 -139 0
-31 -45 0
-31 -60 0
-31 -75 0
-31 -91 0
-31 -139 0
-45 -60 0
-45 -75 0
-45 -91 0
-45 -139 0
-60 -75 0
-60 -91 0
-60 -139 0
-75 -91 0
-75 -139 0
-91 -139 0
-4 -16 0
-4 -32 0
-4 -46 0
-4 -76 0
-4 -92 0
-4 -107 0
-4 -123 0
-16 -32 0
-16 -46 0
-16 -76 0
-16 -92 0
-16 -107 0
-16 -123 0
-32 -46 0
-32 -76 0
-32 -92 0
-32 -107 0
-32 -123 0
-46 -76 0
-46 -92 0
-46 -107 0
-46 -123 0
-76 -92 0
-76 -107 0
-76 -123 0
-92 -107 0
-92 -123 0
-107 -123 0
-17 -33 0
-17 -47 0
-17 -61 0
-17 -77 0
-17 -93 0
-17 -108 0
-17 -124 0
-17 -140 0
-33 -47 0
-33 -61 0
-33 -77 0
-33 -93 0
-33 -108 0
-33 -124 0
-33 -140 0
-47 -61 0
-47 -77 0
-47 -93 0
-47 -108 0
-47 -124 0
-47 -140 0
-61 -77 0
-61 -93 0
-61 -108 0
-61 -124 0
-61 -140 0
-77 -93 0
-77 -108 0
-77 -124 0
-77 -140 0
-93 -108 0
-93 -124 0
-93 -140 0
-108 -124 0
-108 -140 0
-124 -140 0
-18 -34 0
-18 -48 0
-18 -62 0
-18 -78 0
-18 -109 0
-18 -125 0
-18 -141 0
-34 -48 0
-34 -62 0
-34 -78 0
-34 -109 0
-34 -125 0
-34 -141 0
-48 -62 0
-48 -78 0
-48 -109 0
-48 -125 0
-48 -141 0
-62 -78 0
-62 -109 0
-62 -125 0
-62 -141 0
-78 -109 0
-78 -125 0
-78 -141 0
-109 -125 0
-109 -141 0
-125 -141 0
-19 -49 0
-19 -63 0
-19 -79 0
-19 -94 0
-19 -110 0
-19 -126 0
-19 -142 0
-49 -63 0
-49 -79 0
-49 -94 0
-49 -110 0
-49 -126 0
-49 -142 0
-63 -79 0
-63 -94 0
-63 -110 0
-63 -126 0
-63 -142 0
-79 -94 0
-79 -110 0
-79 -126 0
-79 -142 0
-94 -110 0
-94 -126 0
-94 -142 0
-110 -126 0
-110 -142 0
-126 -142 0
-5 -20 0
-5 -35 0
-5 -50 0
-5 -64 0
-5 -80 0
-5 -95 0
-5 -111 0
-5 -127 0
-5 -143 0
-20 -35 0
-20 -50 0
-20 -64 0
-20 -80 0
-20 -95 0
-20 -111 0
-20 -127 0
-20 -143 0
-35 -50 0
-35 -64 0
-35 -80 0
-35 -95 0
-35 -111 0
-35 -127 0
-35 -143 0
-50 -64 0
-50 -80 0
-50 -95 0
-50 -111 0
-50 -127 0
-50 -143 0
-64 -80 0
-64 -95 0
-64 -111 0
-64 -127 0
-64 -143 0
-80 -95 0
-80 -111 0
-80 -127 0
-80 -143 0
-95 -111 0
-95 -127 0
-95 -143 0
-111 -127 0
-111 -143 0
-127 -143 0
-6 -21 0
-6 -65 0
-6 -96 0
-6 -112 0
-6 -128 0
-6 -144 0
-21 -65 0
-21 -96 0
-21 -112 0
-21 -128 0
-21 -144 0
-65 -96 0
-65 -112 0
-65 -128 0
-65 -144 0
-96 -112 0
-96 -128 0
-96 -144 0
-112 -128 0
-112 -144 0
-128 -144 0
-7 -22 0
-7 -36 0
-7 -51 0
-7 -81 0
-7 -97 0
-7 -113 0
-7 -129 0
-7 -145 0
-22 -36 0
-22 -51 0
-22 -81 0
-22 -97 0
-22 -113 0
-22 -129 0
-22 -145 0
-36 -51 0
-36 -81 0
-36 -97 0
-36 -113 0
-36 -129 0
-36 -145 0
-51 -81 0
-51 -97 0
-51 -113 0
-51 -129 0
-51 -145 0
-81 -97 0
-81 -113 0
-81 -129 0
-81 -145 0
-97 -113 0
-97 -129 0
-97 -145 0
-113 -129 0
-113 -145 0
-129 -145 0
-8 -23 0
-8 -37 0
-8 -52 0
-8 -66 0
-8 -82 0
-8 -98 0
-8 -130 0
-8 -146 0
-23 -37 0
-23 -52 0
-23 -66 0
-23 -82 0
-23 -98 0
-23 -130 0
-23 -146 0
-37 -52 0
-37 -66 0
-37 -82 0
-37 -98 0
-37 -130 0
-37 -146 0
-52 -66 0
-52 -82 0
-52 -98 0
-52 -130 0
-52 -146 0
-66 -82 0
-66 -98 0
-66 -130 0
-66 -146 0
-82 -98 0
-82 -130 0
-82 -146 0
-98 -130 0
-98 -146 0
-130 -146 0
-9 -24 0
-9 -38 0
-9 -53 0
-9 -67 0
-9 -83 0
-9 -99 0
-9 -114 0
-9 -131 0
-24 -38 0
-24 -53 0
-24 -67 0
-24 -83 0
-24 -99 0
-24 -114 0
-24 -131 0
-38 -53 0
-38 -67 0
-38 -83 0
-38 -99 0
-38 -114 0
-38 -131 0
-53 -67 0
-53 -83 0
-53 -99 0
-53 -114 0
-53 -131 0
-67 -83 0
-67 -99 0
-67 -114 0
-67 -131 0
-83 -99 0
-83 -114 0
-83 -131 0
-99 -114 0
-99 -131 0
-114 -131 0
-10 -25 0
-10 -54 0
-10 -68 0
-10 -100 0
-10 -115 0
-10 -132 0
-10 -147 0
-25 -54 0
-25 -68 0
-25 -100 0
-25 -115 0
-25 -132 0
-25 -147 0
-54 -68 0
-54 -100 0
-54 -115 0
-54 -132 0
-54 -147 0
-68 -100 0
-68 -115 0
-68 -132 0
-68 -147 0
-100 -115 0
-100 -132 0
-100 -147 0
-115 -132 0
-115 -147 0
-132 -147 0
-39 -55 0
-39 -69 0
-39 -84 0
-39 -101 0
-39 -116 0
-39 -148 0
-55 -69 0
-55 -84 0
-55 -101 0
-55 -116 0
-55 -148 0
-69 -84 0
-69 -101 0
-69 -116 0
-69 -148 0
-84 -101 0
-84 -116 0
-84 -148 0
-101 -116 0
-101 -148 0
-116 -148 0
-11 -26 0
-11 -40 0
-11 -70 0
-11 -85 0
-11 -102 0
-11 -117 0
-11 -133 0
-11 -149 0
-26 -40 0
-26 -70 0
-26 -85 0
-26 -102 0
-26 -117 0
-26 -133 0
-26 -149 0
-40 -70 0
-40 -85 0
-40 -102 0
-40 -117 0
-40 -133 0
-40 -149 0
-70 -85 0
-70 -102 0
-70 -117 0
-70 -133 0
-70 -149 0
-85 -102 0
-85 -117 0
-85 -133 0
-85 -149 0
-102 -117 0
-102 -133 0
-102 -149 0
-117 -133 0
-117 -149 0
-133 -149 0
-12 -27 0
-12 -56 0
-12 -86 0
-12 -118 0
-12 -134 0
-12 -150 0
-27 -56 0
-27 -86 0
-27 -118 0
-27 -134 0
-27 -150 0
-56 -86 0
-56 -118 0
-56 -134 0
-56 -150 0
-86 -118 0
-86 -134 0
-86 -150 0
-118 -134 0
-118 -150 0
-134 -150 0
-41 -57 0
-41 -71 0
-41 -87 0
-41 -103 0
-41 -119 0
-41 -135 0
-41 -151 0
-57 -71 0
-57 -87 0
-57 -103 0
-57 -119 0
-57 -135 0
-57 -151 0
-71 -87 0
-71 -103 0
-71 -119 0
-71 -135 0
-71 -151 0
-87 -103 0
-87 -119 0
-87 -135 0
-87 -151 0
-103 -119 0
-103 -135 0
-103 -151 0
-119 -135 0
-119 -151 0
-135 -151 0
-28 -42 0
-28 -58 0
-28 -72 0
-28 -88 0
-28 -104 0
-28 -120 0
-28 -136 0
-28 -152 0
-42 -58 0
-42 -72 0
-42 -88 0
-42 -104 0
-42 -120 0
-42 -136 0
-42 -152 0
-58 -72 0
-58 -88 0
-58 -104 0
-58 -120 0
-58 -136 0
-58 -152 0
-72 -88 0
-72 -104 0
-72 -120 0
-72 -136 0
-72 -152 0
-88 -104 0
-88 -120 0
-88 -136 0
-88 -152 0
-104 -120 0
-104 -136 0
-104 -152 0
-120 -136 0
-120 -152 0
-136 -152 0
