p cnf 28 432
1 2 3 4 5 6 -7 0
1 2 3 4 5 -6 7 0
1 2 3 4 -5 6 7 0
1 2 3 4 -5 -6 -7 0
1 2 3 -4 5 6 7 0
1 2 3 -4 5 -6 -7 0
1 2 3 -4 -5 6 -7 0
1 2 3 -4 -5 -6 7 0
1 2 -3 4 5 6 7 0
1 2 -3 4 5 -6 -7 0
1 2 -3 4 -5 6 -7 0
1 2 -3 4 -5 -6 7 0
1 2 -3 -4 5 6 -7 0
1 2 -3 -4 5 -6 7 0
1 2 -3 -4 -5 6 7 0
1 2 -3 -4 -5 -6 -7 0
1 -2 3 4 5 6 7 0
1 -2 3 4 5 -6 -7 0
1 -2 3 4 -5 6 -7 0
1 -2 3 4 -5 -6 7 0
1 -2 3 -4 5 6 -7 0
1 -2 3 -4 5 -6 7 0
1 -2 3 -4 -5 6 7 0
1 -2 3 -4 -5 -6 -7 0
1 -2 -3 4 5 6 -7 0
1 -2 -3 4 5 -6 7 0
1 -2 -3 4 -5 6 7 0
1 -2 -3 4 -5 -6 -7 0
1 -2 -3 -4 5 6 7 0
1 -2 -3 -4 5 -6 -7 0
1 -2 -3 -4 -5 6 -7 0
1 -2 -3 -4 -5 -6 7 0
-1 2 3 4 5 6 7 0
-1 2 3 4 5 -6 -7 0
-1 2 3 4 -5 6 -7 0
-1 2 3 4 -5 -6 7 0
-1 2 3 -4 5 6 -7 0
-1 2 3 -4 5 -6 7 0
-1 2 3 -4 -5 6 7 0
-1 2 3 -4 -5 -6 -7 0
-1 2 -3 4 5 6 -7 0
-1 2 -3 4 5 -6 7 0
-1 2 -3 4 -5 6 7 0
-1 2 -3 4 -5 -6 -7 0
-1 2 -3 -4 5 6 7 0
-1 2 -3 -4 5 -6 -7 0
-1 2 -3 -4 -5 6 -7 0
-1 2 -3 -4 -5 -6 7 0
-1 -2 3 4 5 6 -7 0
-1 -2 3 4 5 -6 7 0
-1 -2 3 4 -5 6 7 0
-1 -2 3 4 -5 -6 -7 0
-1 -2 3 -4 5 6 7 0
-1 -2 3 -4 5 -6 -7 0
-1 -2 3 -4 -5 6 -7 0
-1 -2 3 -4 -5 -6 7 0
-1 -2 -3 4 5 6 7 0
-1 -2 -3 4 5 -6 -7 0
-1 -2 -3 4 -5 6 -7 0
-1 -2 -3 4 -5 -6 7 0
-1 -2 -3 -4 5 6 -7 0
-1 -2 -3 -4 5 -6 7 0
-1 -2 -3 -4 -5 6 7 0
-1 -2 -3 -4 -5 -6 -7 0
1 8 9 10 -11 0
1 8 9 -10 11 0
1 8 -9 10 11 0
1 8 -9 -10 -11 0
1 -8 9 10 11 0
1 -8 9 -10 -11 0
1 -8 -9 10 -11 0
1 -8 -9 -10 11 0
-1 8 9 10 11 0
-1 8 9 -10 -11 0
-1 8 -9 10 -11 0
-1 8 -9 -10 11 0
-1 -8 9 10 -11 0
-1 -8 9 -10 11 0
-1 -8 -9 10 11 0
-1 -8 -9 -10 -11 0
12 13 14 0
12 -13 -14 0
-12 13 -14 0
-12 -13 14 0
15 16 17 0
15 -16 -17 0
-15 16 -17 0
-15 -16 17 0
2 8 15 18 19 20 -21 0
2 8 15 18 19 -20 21 0
2 8 15 18 -19 20 21 0
2 8 15 18 -19 -20 -21 0
2 8 15 -18 19 20 21 0
2 8 15 -18 19 -20 -21 0
2 8 15 -18 -19 20 -21 0
2 8 15 -18 -19 -20 21 0
2 8 -15 18 19 20 21 0
2 8 -15 18 19 -20 -21 0
2 8 -15 18 -19 20 -21 0
2 8 -15 18 -19 -20 21 0
2 8 -15 -18 19 20 -21 0
2 8 -15 -18 19 -20 21 0
2 8 -15 -18 -19 20 21 0
2 8 -15 -18 -19 -20 -21 0
2 -8 15 18 19 20 21 0
2 -8 15 18 19 -20 -21 0
2 -8 15 18 -19 20 -21 0
2 -8 15 18 -19 -20 21 0
2 -8 15 -18 19 20 -21 0
2 -8 15 -18 19 -20 21 0
2 -8 15 -18 -19 20 21 0
2 -8 15 -18 -19 -20 -21 0
2 -8 -15 18 19 20 -21 0
2 -8 -15 18 19 -20 21 0
2 -8 -15 18 -19 20 21 0
2 -8 -15 18 -19 -20 -21 0
2 -8 -15 -18 19 20 21 0
2 -8 -15 -18 19 -20 -21 0
2 -8 -15 -18 -19 20 -21 0
2 -8 -15 -18 -19 -20 21 0
-2 8 15 18 19 20 21 0
-2 8 15 18 19 -20 -21 0
-2 8 15 18 -19 20 -21 0
-2 8 15 18 -19 -20 21 0
-2 8 15 -18 19 20 -21 0
-2 8 15 -18 19 -20 21 0
-2 8 15 -18 -19 20 21 0
-2 8 15 -18 -19 -20 -21 0
-2 8 -15 18 19 20 -21 0
-2 8 -15 18 19 -20 21 0
-2 8 -15 18 -19 20 21 0
-2 8 -15 18 -19 -20 -21 0
-2 8 -15 -18 19 20 21 0
-2 8 -15 -18 19 -20 -21 0
-2 8 -15 -18 -19 20 -21 0
-2 8 -15 -18 -19 -20 21 0
-2 -8 15 18 19 20 -21 0
-2 -8 15 18 19 -20 21 0
-2 -8 15 18 -19 20 21 0
-2 -8 15 18 -19 -20 -21 0
-2 -8 15 -18 19 20 21 0
-2 -8 15 -18 19 -20 -21 0
-2 -8 15 -18 -19 20 -21 0
-2 -8 15 -18 -19 -20 21 0
-2 -8 -15 18 19 20 21 0
-2 -8 -15 18 19 -20 -21 0
-2 -8 -15 18 -19 20 -21 0
-2 -8 -15 18 -19 -20 21 0
-2 -8 -15 -18 19 20 -21 0
-2 -8 -15 -18 19 -20 21 0
-2 -8 -15 -18 -19 20 21 0
-2 -8 -15 -18 -19 -20 -21 0
3 9 12 16 18 22 -23 0
3 9 12 16 18 -22 23 0
3 9 12 16 -18 22 23 0
3 9 12 16 -18 -22 -23 0
3 9 12 -16 18 22 23 0
3 9 12 -16 18 -22 -23 0
3 9 12 -16 -18 22 -23 0
3 9 12 -16 -18 -22 23 0
3 9 -12 16 18 22 23 0
3 9 -12 16 18 -22 -23 0
3 9 -12 16 -18 22 -23 0
3 9 -12 16 -18 -22 23 0
3 9 -12 -16 18 22 -23 0
3 9 -12 -16 18 -22 23 0
3 9 -12 -16 -18 22 23 0
3 9 -12 -16 -18 -22 -23 0
3 -9 12 16 18 22 23 0
3 -9 12 16 18 -22 -23 0
3 -9 12 16 -18 22 -23 0
3 -9 12 16 -18 -22 23 0
3 -9 12 -16 18 22 -23 0
3 -9 12 -16 18 -22 23 0
3 -9 12 -16 -18 22 23 0
3 -9 12 -16 -18 -22 -23 0
3 -9 -12 16 18 22 -23 0
3 -9 -12 16 18 -22 23 0
3 -9 -12 16 -18 22 23 0
3 -9 -12 16 -18 -22 -23 0
3 -9 -12 -16 18 22 23 0
3 -9 -12 -16 18 -22 -23 0
3 -9 -12 -16 -18 22 -23 0
3 -9 -12 -16 -18 -22 23 0
-3 9 12 16 18 22 23 0
-3 9 12 16 18 -22 -23 0
-3 9 12 16 -18 22 -23 0
-3 9 12 16 -18 -22 23 0
-3 9 12 -16 18 22 -23 0
-3 9 12 -16 18 -22 23 0
-3 9 12 -16 -18 22 23 0
-3 9 12 -16 -18 -22 -23 0
-3 9 -12 16 18 22 -23 0
-3 9 -12 16 18 -22 23 0
-3 9 -12 16 -18 22 23 0
-3 9 -12 16 -18 -22 -23 0
-3 9 -12 -16 18 22 23 0
-3 9 -12 -16 18 -22 -23 0
-3 9 -12 -16 -18 22 -23 0
-3 9 -12 -16 -18 -22 23 0
-3 -9 12 16 18 22 -23 0
-3 -9 12 16 18 -22 23 0
-3 -9 12 16 -18 22 23 0
-3 -9 12 16 -18 -22 -23 0
-3 -9 12 -16 18 22 23 0
-3 -9 12 -16 18 -22 -23 0
-3 -9 12 -16 -18 22 -23 0
-3 -9 12 -16 -18 -22 23 0
-3 -9 -12 16 18 22 23 0
-3 -9 -12 16 18 -22 -23 0
-3 -9 -12 16 -18 22 -23 0
-3 -9 -12 16 -18 -22 23 0
-3 -9 -12 -16 18 22 -23 0
-3 -9 -12 -16 18 -22 23 0
-3 -9 -12 -16 -18 22 23 0
-3 -9 -12 -16 -18 -22 -23 0
4 13 19 24 -25 0
4 13 19 -24 25 0
4 13 -19 24 25 0
4 13 -19 -24 -25 0
4 -13 19 24 25 0
4 -13 19 -24 -25 0
4 -13 -19 24 -25 0
4 -13 -19 -24 25 0
-4 13 19 24 25 0
-4 13 19 -24 -25 0
-4 13 -19 24 -25 0
-4 13 -19 -24 25 0
-4 -13 19 24 -25 0
-4 -13 19 -24 25 0
-4 -13 -19 24 25 0
-4 -13 -19 -24 -25 0
5 10 14 22 24 26 -27 0
5 10 14 22 24 -26 27 0
5 10 14 22 -24 26 27 0
5 10 14 22 -24 -26 -27 0
5 10 14 -22 24 26 27 0
5 10 14 -22 24 -26 -27 0
5 10 14 -22 -24 26 -27 0
5 10 14 -22 -24 -26 27 0
5 10 -14 22 24 26 27 0
5 10 -14 22 24 -26 -27 0
5 10 -14 22 -24 26 -27 0
5 10 -14 22 -24 -26 27 0
5 10 -14 -22 24 26 -27 0
5 10 -14 -22 24 -26 27 0
5 10 -14 -22 -24 26 27 0
5 10 -14 -22 -24 -26 -27 0
5 -10 14 22 24 26 27 0
5 -10 14 22 24 -26 -27 0
5 -10 14 22 -24 26 -27 0
5 -10 14 22 -24 -26 27 0
5 -10 14 -22 24 26 -27 0
5 -10 14 -22 24 -26 27 0
5 -10 14 -22 -24 26 27 0
5 -10 14 -22 -24 -26 -27 0
5 -10 -14 22 24 26 -27 0
5 -10 -14 22 24 -26 27 0
5 -10 -14 22 -24 26 27 0
5 -10 -14 22 -24 -26 -27 0
5 -10 -14 -22 24 26 27 0
5 -10 -14 -22 24 -26 -27 0
5 -10 -14 -22 -24 26 -27 0
5 -10 -14 -22 -24 -26 27 0
-5 10 14 22 24 26 27 0
-5 10 14 22 24 -26 -27 0
-5 10 14 22 -24 26 -27 0
-5 10 14 22 -24 -26 27 0
-5 10 14 -22 24 26 -27 0
-5 10 14 -22 24 -26 27 0
-5 10 14 -22 -24 26 27 0
-5 10 14 -22 -24 -26 -27 0
-5 10 -14 22 24 26 -27 0
-5 10 -14 22 24 -26 27 0
-5 10 -14 22 -24 26 27 0
-5 10 -14 22 -24 -26 -27 0
-5 10 -14 -22 24 26 27 0
-5 10 -14 -22 24 -26 -27 0
-5 10 -14 -22 -24 26 -27 0
-5 10 -14 -22 -24 -26 27 0
-5 -10 14 22 24 26 -27 0
-5 -10 14 22 24 -26 27 0
-5 -10 14 22 -24 26 27 0
-5 -10 14 22 -24 -26 -27 0
-5 -10 14 -22 24 26 27 0
-5 -10 14 -22 24 -26 -27 0
-5 -10 14 -22 -24 26 -27 0
-5 -10 14 -22 -24 -26 27 0
-5 -10 -14 22 24 26 27 0
-5 -10 -14 22 24 -26 -27 0
-5 -10 -14 22 -24 26 -27 0
-5 -10 -14 22 -24 -26 27 0
-5 -10 -14 -22 24 26 -27 0
-5 -10 -14 -22 24 -26 27 0
-5 -10 -14 -22 -24 26 27 0
-5 -10 -14 -22 -24 -26 -27 0
6 20 26 -28 0
6 20 -26 28 0
6 -20 26 28 0
6 -20 -26 -28 0
-6 20 26 28 0
-6 20 -26 -28 0
-6 -20 26 -28 0
-6 -20 -26 28 0
7 11 17 21 23 25 27 -28 0
7 11 17 21 23 25 -27 28 0
7 11 17 21 23 -25 27 28 0
7 11 17 21 23 -25 -27 -28 0
7 11 17 21 -23 25 27 28 0
7 11 17 21 -23 25 -27 -28 0
7 11 17 21 -23 -25 27 -28 0
7 11 17 21 -23 -25 -27 28 0
7 11 17 -21 23 25 27 28 0
7 11 17 -21 23 25 -27 -28 0
7 11 17 -21 23 -25 27 -28 0
7 11 17 -21 23 -25 -27 28 0
7 11 17 -21 -23 25 27 -28 0
7 11 17 -21 -23 25 -27 28 0
7 11 17 -21 -23 -25 27 28 0
7 11 17 -21 -23 -25 -27 -28 0
7 11 -17 21 23 25 27 28 0
7 11 -17 21 23 25 -27 -28 0
7 11 -17 21 23 -25 27 -28 0
7 11 -17 21 23 -25 -27 28 0
7 11 -17 21 -23 25 27 -28 0
7 11 -17 21 -23 25 -27 28 0
7 11 -17 21 -23 -25 27 28 0
7 11 -17 21 -23 -25 -27 -28 0
7 11 -17 -21 23 25 27 -28 0
7 11 -17 -21 23 25 -27 28 0
7 11 -17 -21 23 -25 27 28 0
7 11 -17 -21 23 -25 -27 -28 0
7 11 -17 -21 -23 25 27 28 0
7 11 -17 -21 -23 25 -27 -28 0
7 11 -17 -21 -23 -25 27 -28 0
7 11 -17 -21 -23 -25 -27 28 0
7 -11 17 21 23 25 27 28 0
7 -11 17 21 23 25 -27 -28 0
7 -11 17 21 23 -25 27 -28 0
7 -11 17 21 23 -25 -27 28 0
7 -11 17 21 -23 25 27 -28 0
7 -11 17 21 -23 25 -27 28 0
7 -11 17 21 -23 -25 27 28 0
7 -11 17 21 -23 -25 -27 -28 0
7 -11 17 -21 23 25 27 -28 0
7 -11 17 -21 23 25 -27 28 0
7 -11 17 -21 23 -25 27 28 0
7 -11 17 -21 23 -25 -27 -28 0
7 -11 17 -21 -23 25 27 28 0
7 -11 17 -21 -23 25 -27 -28 0
7 -11 17 -21 -23 -25 27 -28 0
7 -11 17 -21 -23 -25 -27 28 0
7 -11 -17 21 23 25 27 -28 0
7 -11 -17 21 23 25 -27 28 0
7 -11 -17 21 23 -25 27 28 0
7 -11 -17 21 23 -25 -27 -28 0
7 -11 -17 21 -23 25 27 28 0
7 -11 -17 21 -23 25 -27 -28 0
7 -11 -17 21 -23 -25 27 -28 0
7 -11 -17 21 -23 -25 -27 28 0
7 -11 -17 -21 23 25 27 28 0
7 -11 -17 -21 23 25 -27 -28 0
7 -11 -17 -21 23 -25 27 -28 0
7 -11 -17 -21 23 -25 -27 28 0
7 -11 -17 -21 -23 25 27 -28 0
7 -11 -17 -21 -23 25 -27 28 0
7 -11 -17 -21 -23 -25 27 28 0
7 -11 -17 -21 -23 -25 -27 -28 0
-7 11 17 21 23 25 27 28 0
-7 11 17 21 23 25 -27 -28 0
-7 11 17 21 23 -25 27 -28 0
-7 11 17 21 23 -25 -27 28 0
-7 11 17 21 -23 25 27 -28 0
-7 11 17 21 -23 25 -27 28 0
-7 11 17 21 -23 -25 27 28 0
-7 11 17 21 -23 -25 -27 -28 0
-7 11 17 -21 23 25 27 -28 0
-7 11 17 -21 23 25 -27 28 0
-7 11 17 -21 23 -25 27 28 0
-7 11 17 -21 23 -25 -27 -28 0
-7 11 17 -21 -23 25 27 28 0
-7 11 17 -21 -23 25 -27 -28 0
-7 11 17 -21 -23 -25 27 -28 0
-7 11 17 -21 -23 -25 -27 28 0
-7 11 -17 21 23 25 27 -28 0
-7 11 -17 21 23 25 -27 28 0
-7 11 -17 21 23 -25 27 28 0
-7 11 -17 21 23 -25 -27 -28 0
-7 11 -17 21 -23 25 27 28 0
-7 11 -17 21 -23 25 -27 -28 0
-7 11 -17 21 -23 -25 27 -28 0
-7 11 -17 21 -23 -25 -27 28 0
-7 11 -17 -21 23 25 27 28 0
-7 11 -17 -21 23 25 -27 -28 0
-7 11 -17 -21 23 -25 27 -28 0
-7 11 -17 -21 23 -25 -27 28 0
-7 11 -17 -21 -23 25 27 -28 0
-7 11 -17 -21 -23 25 -27 28 0
-7 11 -17 -21 -23 -25 27 28 0
-7 11 -17 -21 -23 -25 -27 -28 0
-7 -11 17 21 23 25 27 -28 0
-7 -11 17 21 23 25 -27 28 0
-7 -11 17 21 23 -25 27 28 0
-7 -11 17 21 23 -25 -27 -28 0
-7 -11 17 21 -23 25 27 28 0
-7 -11 17 21 -23 25 -27 -28 0
-7 -11 17 21 -23 -25 27 -28 0
-7 -11 17 21 -23 -25 -27 28 0
-7 -11 17 -21 23 25 27 28 0
-7 -11 17 -21 23 25 -27 -28 0
-7 -11 17 -21 23 -25 27 -28 0
-7 -11 17 -21 23 -25 -27 28 0
-7 -11 17 -21 -23 25 27 -28 0
-7 -11 17 -21 -23 25 -27 28 0
-7 -11 17 -21 -23 -25 27 28 0
-7 -11 17 -21 -23 -25 -27 -28 0
-7 -11 -17 21 23 25 27 28 0
-7 -11 -17 21 23 25 -27 -28 0
-7 -11 -17 21 23 -25 27 -28 0
-7 -11 -17 21 23 -25 -27 28 0
-7 -11 -17 21 -23 25 27 -28 0
-7 -11 -17 21 -23 25 -27 28 0
-7 -11 -17 21 -23 -25 27 28 0
-7 -11 -17 21 -23 -25 -27 -28 0
-7 -11 -17 -21 23 25 27 -28 0
-7 -11 -17 -21 23 25 -27 28 0
-7 -11 -17 -21 23 -25 27 28 0
-7 -11 -17 -21 23 -25 -27 -28 0
-7 -11 -17 -21 -23 25 27 28 0
-7 -11 -17 -21 -23 25 -27 -28 0
-7 -11 -17 -21 -23 -25 27 -28 0
-7 -11 -17 -21 -23 -25 -27 28 0
