p cnf 162 622
20 21 22 23 24 25 26 27 28 29 30 31 32 33 34 35 0
67 68 69 70 71 72 73 74 75 76 77 78 79 80 81 0
82 83 84 85 86 87 88 89 90 91 92 93 94 95 96 97 0
98 99 100 101 102 103 104 105 106 107 108 109 110 111 112 0
113 114 115 116 117 118 119 120 121 122 123 124 125 126 127 128 0
-1 -52 0
-1 -67 0
-1 -82 0
-1 -98 0
-1 -129 0
-1 -147 0
-52 -67 0
-52 -82 0
-52 -98 0
-52 -129 0
-52 -147 0
-67 -82 0
-67 -98 0
-67 -129 0
-67 -147 0
-82 -98 0
-82 -129 0
-82 -147 0
-98 -129 0
-98 -147 0
-129 -147 0
-2 -36 0
-2 -83 0
-2 -99 0
-2 -113 0
-2 -130 0
-2 -148 0
-36 -83 0
-36 -99 0
-36 -113 0
-36 -130 0
-36 -148 0
-83 -99 0
-83 -113 0
-83 -130 0
-83 -148 0
-99 -113 0
-99 -130 0
-99 -148 0
-113 -130 0
-113 -148 0
-130 -148 0
-3 -20 0
-3 -37 0
-3 -53 0
-3 -68 0
-3 -84 0
-3 -114 0
-3 -131 0
-3 -149 0
-20 -37 0
-20 -53 0
-20 -68 0
-20 -84 0
-20 -114 0
-20 -131 0
-20 -149 0
-37 -53 0
-37 -68 0
-37 -84 0
-37 -114 0
-37 -131 0
-37 -149 0
-53 -68 0
-53 -84 0
-53 -114 0
-53 -131 0
-53 -149 0
-68 -84 0
-68 -114 0
-68 -131 0
-68 -149 0
-84 -114 0
-84 -131 0
-84 -149 0
-114 -131 0
-114 -149 0
-131 -149 0
-4 -21 0
-4 -38 0
-4 -54 0
-4 -69 0
-4 -85 0
-4 -100 0
-4 -132 0
-4 -150 0
-21 -38 0
-21 -54 0
-21 -69 0
-21 -85 0
-21 -100 0
-21 -132 0
-21 -150 0
-38 -54 0
-38 -69 0
-38 -85 0
-38 -100 0
-38 -132 0
-38 -150 0
-54 -69 0
-54 -85 0
-54 -100 0
-54 -132 0
-54 -150 0
-69 -85 0
-69 -100 0
-69 -132 0
-69 -150 0
-85 -100 0
-85 -132 0
-85 -150 0
-100 -132 0
-100 -150 0
-132 -150 0
-5 -22 0
-5 -39 0
-5 -70 0
-5 -86 0
-5 -115 0
-5 -133 0
-5 -151 0
-22 -39 0
-22 -70 0
-22 -86 0
-22 -115 0
-22 -133 0
-22 -151 0
-39 -70 0
-39 -86 0
-39 -115 0
-39 -133 0
-39 -151 0
-70 -86 0
-70 -115 0
-70 -133 0
-70 -151 0
-86 -115 0
-86 -133 0
-86 -151 0
-115 -133 0
-115 -151 0
-133 -151 0
-6 -23 0
-6 -40 0
-6 -87 0
-6 -101 0
-6 -116 0
-6 -134 0
-6 -152 0
-23 -40 0
-23 -87 0
-23 -101 0
-23 -116 0
-23 -134 0
-23 -152 0
-40 -87 0
-40 -101 0
-40 -116 0
-40 -134 0
-40 -152 0
-87 -101 0
-87 -116 0
-87 -134 0
-87 -152 0
-101 -116 0
-101 -134 0
-101 -152 0
-116 -134 0
-116 -152 0
-134 -152 0
-7 -24 0
-7 -41 0
-7 -55 0
-7 -71 0
-7 -88 0
-7 -117 0
-7 -135 0
-24 -41 0
-24 -55 0
-24 -71 0
-24 -88 0
-24 -117 0
-24 -135 0
-41 -55 0
-41 -71 0
-41 -88 0
-41 -117 0
-41 -135 0
-55 -71 0
-55 -88 0
-55 -117 0
-55 -135 0
-71 -88 0
-71 -117 0
-71 -135 0
-88 -117 0
-88 -135 0
-117 -135 0
-8 -25 0
-8 -42 0
-8 -56 0
-8 -72 0
-8 -89 0
-8 -102 0
-8 -118 0
-8 -136 0
-8 -153 0
-25 -42 0
-25 -56 0
-25 -72 0
-25 -89 0
-25 -102 0
-25 -118 0
-25 -136 0
-25 -153 0
-42 -56 0
-42 -72 0
-42 -89 0
-42 -102 0
-42 -118 0
-42 -136 0
-42 -153 0
-56 -72 0
-56 -89 0
-56 -102 0
-56 -118 0
-56 -136 0
-56 -153 0
-72 -89 0
-72 -102 0
-72 -118 0
-72 -136 0
-72 -153 0
-89 -102 0
-89 -118 0
-89 -136 0
-89 -153 0
-102 -118 0
-102 -136 0
-102 -153 0
-118 -136 0
-118 -153 0
-136 -153 0
-9 -26 0
-9 -57 0
-9 -73 0
-9 -90 0
-9 -103 0
-9 -137 0
-9 -154 0
-26 -57 0
-26 -73 0
-26 -90 0
-26 -103 0
-26 -137 0
-26 -154 0
-57 -73 0
-57 -90 0
-57 -103 0
-57 -137 0
-57 -154 0
-73 -90 0
-73 -103 0
-73 -137 0
-73 -154 0
-90 -103 0
-90 -137 0
-90 -154 0
-103 -137 0
-103 -154 0
-137 -154 0
-10 -27 0
-10 -43 0
-10 -58 0
-10 -74 0
-10 -104 0
-10 -119 0
-10 -138 0
-10 -155 0
-27 -43 0
-27 -58 0
-27 -74 0
-27 -104 0
-27 -119 0
-27 -138 0
-27 -155 0
-43 -58 0
-43 -74 0
-43 -104 0
-43 -119 0
-43 -138 0
-43 -155 0
-58 -74 0
-58 -104 0
-58 -119 0
-58 -138 0
-58 -155 0
-74 -104 0
-74 -119 0
-74 -138 0
-74 -155 0
-104 -119 0
-104 -138 0
-104 -155 0
-119 -138 0
-119 -155 0
-138 -155 0
-11 -28 0
-11 -44 0
-11 -59 0
-11 -75 0
-11 -91 0
-11 -120 0
-11 -139 0
-11 -156 0
-28 -44 0
-28 -59 0
-28 -75 0
-28 -91 0
-28 -120 0
-28 -139 0
-28 -156 0
-44 -59 0
-44 -75 0
-44 -91 0
-44 -120 0
-44 -139 0
-44 -156 0
-59 -75 0
-59 -91 0
-59 -120 0
-59 -139 0
-59 -156 0
-75 -91 0
-75 -120 0
-75 -139 0
-75 -156 0
-91 -120 0
-91 -139 0
-91 -156 0
-120 -139 0
-120 -156 0
-139 -156 0
-12 -29 0
-12 -45 0
-12 -60 0
-12 -76 0
-12 -92 0
-12 -105 0
-12 -121 0
-12 -140 0
-12 -157 0
-29 -45 0
-29 -60 0
-29 -76 0
-29 -92 0
-29 -105 0
-29 -121 0
-29 -140 0
-29 -157 0
-45 -60 0
-45 -76 0
-45 -92 0
-45 -105 0
-45 -121 0
-45 -140 0
-45 -157 0
-60 -76 0
-60 -92 0
-60 -105 0
-60 -121 0
-60 -140 0
-60 -157 0
-76 -92 0
-76 -105 0
-76 -121 0
-76 -140 0
-76 -157 0
-92 -105 0
-92 -121 0
-92 -140 0
-92 -157 0
-105 -121 0
-105 -140 0
-105 -157 0
-121 -140 0
-121 -157 0
-140 -157 0
-13 -30 0
-13 -46 0
-13 -61 0
-13 -77 0
-13 -106 0
-13 -122 0
-13 -141 0
-13 -158 0
-30 -46 0
-30 -61 0
-30 -77 0
-30 -106 0
-30 -122 0
-30 -141 0
-30 -158 0
-46 -61 0
-46 -77 0
-46 -106 0
-46 -122 0
-46 -141 0
-46 -158 0
-61 -77 0
-61 -106 0
-61 -122 0
-61 -141 0
-61 -158 0
-77 -106 0
-77 -122 0
-77 -141 0
-77 -158 0
-106 -122 0
-106 -141 0
-106 -158 0
-122 -141 0
-122 -158 0
-141 -158 0
-14 -47 0
-14 -62 0
-14 -93 0
-14 -107 0
-14 -123 0
-14 -142 0
-14 -159 0
-47 -62 0
-47 -93 0
-47 -107 0
-47 -123 0
-47 -142 0
-47 -159 0
-62 -93 0
-62 -107 0
-62 -123 0
-62 -142 0
-62 -159 0
-93 -107 0
-93 -123 0
-93 -142 0
-93 -159 0
-107 -123 0
-107 -142 0
-107 -159 0
-123 -142 0
-123 -159 0
-142 -159 0
-15 -31 0
-15 -48 0
-15 -78 0
-15 -108 0
-15 -124 0
-15 -143 0
-15 -160 0
-31 -48 0
-31 -78 0
-31 -108 0
-31 -124 0
-31 -143 0
-31 -160 0
-48 -78 0
-48 -108 0
-48 -124 0
-48 -143 0
-48 -160 0
-78 -108 0
-78 -124 0
-78 -143 0
-78 -160 0
-108 -124 0
-108 -143 0
-108 -160 0
-124 -143 0
-124 -160 0
-143 -160 0
-16 -32 0
-16 -49 0
-16 -63 0
-16 -79 0
-16 -94 0
-16 -109 0
-16 -125 0
-16 -144 0
-16 -161 0
-32 -49 0
-32 -63 0
-32 -79 0
-32 -94 0
-32 -109 0
-32 -125 0
-32 -144 0
-32 -161 0
-49 -63 0
-49 -79 0
-49 -94 0
-49 -109 0
-49 -125 0
-49 -144 0
-49 -161 0
-63 -79 0
-63 -94 0
-63 -109 0
-63 -125 0
-63 -144 0
-63 -161 0
-79 -94 0
-79 -109 0
-79 -125 0
-79 -144 0
-79 -161 0
-94 -109 0
-94 -125 0
-94 -144 0
-94 -161 0
-109 -125 0
-109 -144 0
-109 -161 0
-125 -144 0
-125 -161 0
-144 -161 0
-17 -33 0
-17 -50 0
-17 -64 0
-17 -95 0
-17 -110 0
-17 -126 0
-17 -145 0
-33 -50 0
-33 -64 0
-33 -95 0
-33 -110 0
-33 -126 0
-33 -145 0
-50 -64 0
-50 -95 0
-50 -110 0
-50 -126 0
-50 -145 0
-64 -95 0
-64 -110 0
-64 -126 0
-64 -145 0
-95 -110 0
-95 -126 0
-95 -145 0
-110 -126 0
-110 -145 0
-126 -145 0
-18 -34 0
-18 -65 0
-18 -80 0
-18 -96 0
-18 -111 0
-18 -127 0
-18 -146 0
-18 -162 0
-34 -65 0
-34 -80 0
-34 -96 0
-34 -111 0
-34 -127 0
-34 -146 0
-34 -162 0
-65 -80 0
-65 -96 0
-65 -111 0
-65 -127 0
-65 -146 0
-65 -162 0
-80 -96 0
-80 -111 0
-80 -127 0
-80 -146 0
-80 -162 0
-96 -111 0
-96 -127 0
-96 -146 0
-96 -162 0
-111 -127 0
-111 -146 0
-111 -162 0
-127 -146 0
-127 -162 0
-146 -162 0
-19 -35 0
-19 -51 0
-19 -66 0
-19 -81 0
-19 -97 0
-19 -112 0
-19 -128 0
-35 -51 0
-35 -66 0
-35 -81 0
-35 -97 0
-35 -112 0
-35 -128 0
-51 -66 0
-51 -81 0
-51 -97 0
-51 -112 0
-51 -128 0
-66 -81 0
-66 -97 0
-66 -112 0
-66 -128 0
-81 -97 0
-81 -112 0
-81 -128 0
-97 -112 0
-97 -128 0
-112 -128 0
