p cnf 121 445
15 16 17 18 19 20 21 22 23 24 25 26 27 0
62 63 64 65 66 67 68 69 70 71 72 0
73 74 75 76 77 78 79 80 81 82 83 84 0
97 98 99 100 101 102 103 104 105 106 107 108 109 0
-1 -15 0
-1 -28 0
-1 -50 0
-1 -62 0
-1 -85 0
-1 -97 0
-1 -110 0
-15 -28 0
-15 -50 0
-15 -62 0
-15 -85 0
-15 -97 0
-15 -110 0
-28 -50 0
-28 -62 0
-28 -85 0
-28 -97 0
-28 -110 0
-50 -62 0
-50 -85 0
-50 -97 0
-50 -110 0
-62 -85 0
-62 -97 0
-62 -110 0
-85 -97 0
-85 -110 0
-97 -110 0
-2 -16 0
-2 -29 0
-2 -51 0
-2 -63 0
-2 -73 0
-2 -86 0
-2 -98 0
-2 -111 0
-16 -29 0
-16 -51 0
-16 -63 0
-16 -73 0
-16 -86 0
-16 -98 0
-16 -111 0
-29 -51 0
-29 -63 0
-29 -73 0
-29 -86 0
-29 -98 0
-29 -111 0
-51 -63 0
-51 -73 0
-51 -86 0
-51 -98 0
-51 -111 0
-63 -73 0
-63 -86 0
-63 -98 0
-63 -111 0
-73 -86 0
-73 -98 0
-73 -111 0
-86 -98 0
-86 -111 0
-98 -111 0
-3 -17 0
-3 -30 0
-3 -40 0
-3 -52 0
-3 -64 0
-3 -74 0
-3 -87 0
-3 -99 0
-3 -112 0
-17 -30 0
-17 -40 0
-17 -52 0
-17 -64 0
-17 -74 0
-17 -87 0
-17 -99 0
-17 -112 0
-30 -40 0
-30 -52 0
-30 -64 0
-30 -74 0
-30 -87 0
-30 -99 0
-30 -112 0
-40 -52 0
-40 -64 0
-40 -74 0
-40 -87 0
-40 -99 0
-40 -112 0
-52 -64 0
-52 -74 0
-52 -87 0
-52 -99 0
-52 -112 0
-64 -74 0
-64 -87 0
-64 -99 0
-64 -112 0
-74 -87 0
-74 -99 0
-74 -112 0
-87 -99 0
-87 -112 0
-99 -112 0
-4 -18 0
-4 -31 0
-4 -53 0
-4 -75 0
-4 -88 0
-4 -100 0
-4 -113 0
-18 -31 0
-18 -53 0
-18 -75 0
-18 -88 0
-18 -100 0
-18 -113 0
-31 -53 0
-31 -75 0
-31 -88 0
-31 -100 0
-31 -113 0
-53 -75 0
-53 -88 0
-53 -100 0
-53 -113 0
-75 -88 0
-75 -100 0
-75 -113 0
-88 -100 0
-88 -113 0
-100 -113 0
-5 -32 0
-5 -41 0
-5 -65 0
-5 -76 0
-5 -101 0
-32 -41 0
-32 -65 0
-32 -76 0
-32 -101 0
-41 -65 0
-41 -76 0
-41 -101 0
-65 -76 0
-65 -101 0
-76 -101 0
-6 -19 0
-6 -33 0
-6 -54 0
-6 -66 0
-6 -77 0
-6 -102 0
-6 -114 0
-19 -33 0
-19 -54 0
-19 -66 0
-19 -77 0
-19 -102 0
-19 -114 0
-33 -54 0
-33 -66 0
-33 -77 0
-33 -102 0
-33 -114 0
-54 -66 0
-54 -77 0
-54 -102 0
-54 -114 0
-66 -77 0
-66 -102 0
-66 -114 0
-77 -102 0
-77 -114 0
-102 -114 0
-7 -34 0
-7 -42 0
-7 -67 0
-7 -78 0
-7 -89 0
-7 -103 0
-7 -115 0
-34 -42 0
-34 -67 0
-34 -78 0
-34 -89 0
-34 -103 0
-34 -115 0
-42 -67 0
-42 -78 0
-42 -89 0
-42 -103 0
-42 -115 0
-67 -78 0
-67 -89 0
-67 -103 0
-67 -115 0
-78 -89 0
-78 -103 0
-78 -115 0
-89 -103 0
-89 -115 0
-103 -115 0
-8 -20 0
-8 -55 0
-8 -68 0
-8 -79 0
-8 -90 0
-8 -104 0
-20 -55 0
-20 -68 0
-20 -79 0
-20 -90 0
-20 -104 0
-55 -68 0
-55 -79 0
-55 -90 0
-55 -104 0
-68 -79 0
-68 -90 0
-68 -104 0
-79 -90 0
-79 -104 0
-90 -104 0
-9 -21 0
-9 -43 0
-9 -56 0
-9 -69 0
-9 -80 0
-9 -91 0
-9 -105 0
-9 -116 0
-21 -43 0
-21 -56 0
-21 -69 0
-21 -80 0
-21 -91 0
-21 -105 0
-21 -116 0
-43 -56 0
-43 -69 0
-43 -80 0
-43 -91 0
-43 -105 0
-43 -116 0
-56 -69 0
-56 -80 0
-56 -91 0
-56 -105 0
-56 -116 0
-69 -80 0
-69 -91 0
-69 -105 0
-69 -116 0
-80 -91 0
-80 -105 0
-80 -116 0
-91 -105 0
-91 -116 0
-105 -116 0
-10 -22 0
-10 -35 0
-10 -44 0
-10 -57 0
-10 -70 0
-10 -92 0
-10 -117 0
-22 -35 0
-22 -44 0
-22 -57 0
-22 -70 0
-22 -92 0
-22 -117 0
-35 -44 0
-35 -57 0
-35 -70 0
-35 -92 0
-35 -117 0
-44 -57 0
-44 -70 0
-44 -92 0
-44 -117 0
-57 -70 0
-57 -92 0
-57 -117 0
-70 -92 0
-70 -117 0
-92 -117 0
-11 -23 0
-11 -45 0
-11 -58 0
-11 -81 0
-23 -45 0
-23 -58 0
-23 -81 0
-45 -58 0
-45 -81 0
-58 -81 0
-12 -24 0
-12 -36 0
-12 -46 0
-12 -71 0
-12 -82 0
-12 -93 0
-12 -106 0
-12 -118 0
-24 -36 0
-24 -46 0
-24 -71 0
-24 -82 0
-24 -93 0
-24 -106 0
-24 -118 0
-36 -46 0
-36 -71 0
-36 -82 0
-36 -93 0
-36 -106 0
-36 -118 0
-46 -71 0
-46 -82 0
-46 -93 0
-46 -106 0
-46 -118 0
-71 -82 0
-71 -93 0
-71 -106 0
-71 -118 0
-82 -93 0
-82 -106 0
-82 -118 0
-93 -106 0
-93 -118 0
-106 -118 0
-13 -25 0
-13 -37 0
-13 -47 0
-13 -59 0
-13 -72 0
-13 -83 0
-13 -94 0
-13 -107 0
-13 -119 0
-25 -37 0
-25 -47 0
-25 -59 0
-25 -72 0
-25 -83 0
-25 -94 0
-25 -107 0
-25 -119 0
-37 -47 0
-37 -59 0
-37 -72 0
-37 -83 0
-37 -94 0
-37 -107 0
-37 -119 0
-47 -59 0
-47 -72 0
-47 -83 0
-47 -94 0
-47 -107 0
-47 -119 0
-59 -72 0
-59 -83 0
-59 -94 0
-59 -107 0
-59 -119 0
-72 -83 0
-72 -94 0
-72 -107 0
-72 -119 0
-83 -94 0
-83 -107 0
-83 -119 0
-94 -107 0
-94 -119 0
-107 -119 0
-26 -38 0
-26 -48 0
-26 -60 0
-26 -95 0
-26 -108 0
-26 -120 0
-38 -48 0
-38 -60 0
-38 -95 0
-38 -108 0
-38 -120 0
-48 -60 0
-48 -95 0
-48 -108 0
-48 -120 0
-60 -95 0
-60 -108 0
-60 -120 0
-95 -108 0
-95 -120 0
-108 -120 0
-14 -27 0
-14 -39 0
-14 -49 0
-14 -61 0
-14 -84 0
-14 -96 0
-14 -109 0
-14 -121 0
-27 -39 0
-27 -49 0
-27 -61 0
-27 -84 0
-27 -96 0
-27 -109 0
-27 -121 0
-39 -49 0
-39 -61 0
-39 -84 0
-39 -96 0
-39 -109 0
-39 -121 0
-49 -61 0
-49 -84 0
-49 -96 0
-49 -109 0
-49 -121 0
-61 -84 0
-61 -96 0
-61 -109 0
-61 -121 0
-84 -96 0
-84 -109 0
-84 -121 0
-96 -109 0
-96 -121 0
-109 -121 0
