p cnf 28 101
-1 -2 0
1 2 0
-3 -4 0
-3 -5 0
-4 -5 0
3 4 5 0
-6 -7 0
-6 -8 0
-7 -8 0
6 7 8 0
-3 -6 0
-3 -9 0
-3 -10 0
-3 -11 0
-3 -12 0
-6 -9 0
-6 -10 0
-6 -11 0
-6 -12 0
-9 -10 0
-9 -11 0
-9 -12 0
-10 -11 0
-10 -12 0
-11 -12 0
3 6 9 10 11 12 0
-13 -14 0
13 14 0
-13 -15 0
-13 -16 0
-13 -17 0
-13 -18 0
-15 -16 0
-15 -17 0
-15 -18 0
-16 -17 0
-16 -18 0
-17 -18 0
13 15 16 17 18 0
-1 -9 0
-1 -14 0
-1 -15 0
-1 -19 0
-9 -14 0
-9 -15 0
-9 -19 0
-14 -15 0
-14 -19 0
-15 -19 0
1 9 14 15 19 0
-2 -10 0
-2 -20 0
-10 -20 0
2 10 20 0
-21 -22 0
21 22 0
-16 -21 0
-16 -23 0
-16 -24 0
-16 -25 0
-21 -23 0
-21 -24 0
-21 -25 0
-23 -24 0
-23 -25 0
-24 -25 0
16 21 23 24 25 0
-7 -19 0
-7 -23 0
-19 -23 0
7 19 23 0
-11 -26 0
11 26 0
-4 -17 0
-4 -22 0
-4 -26 0
-4 -27 0
-17 -22 0
-17 -26 0
-17 -27 0
-22 -26 0
-22 -27 0
-26 -27 0
4 17 22 26 27 0
-5 -8 0
-5 -12 0
-5 -27 0
-5 -28 0
-8 -12 0
-8 -27 0
-8 -28 0
-12 -27 0
-12 -28 0
-27 -28 0
5 8 12 27 28 0
-18 -20 0
-18 -24 0
-20 -24 0
18 20 24 0
-25 -28 0
25 28 0
