p cnf 24 93
-1 -2 -5 -6 -8 -9 0
5 -23 0
6 -24 0
8 16 0
1 10 -2 0
-1 -10 2 0
1 -3 0
1 11 -4 0
-1 -11 4 0
1 -5 0
1 -6 0
1 12 -7 0
-1 -12 7 0
1 13 -8 0
-1 -13 8 0
1 14 -9 0
-1 -14 9 0
2 -3 0
2 15 -4 0
-2 -15 4 0
2 -5 0
2 -6 0
2 -7 0
2 16 -8 0
-2 -16 8 0
2 -9 0
3 17 -4 0
-3 -17 4 0
3 -5 0
3 -6 0
-3 7 0
-3 8 0
3 18 -9 0
-3 -18 9 0
4 19 -5 0
-4 -19 5 0
4 20 -6 0
-4 -20 6 0
4 21 -7 0
-4 -21 7 0
-4 8 0
4 -9 0
5 22 -6 0
-5 -22 6 0
-5 7 0
-5 8 0
5 23 -9 0
-5 -23 9 0
-6 7 0
-6 8 0
6 24 -9 0
-6 -24 9 0
-7 8 0
7 -9 0
8 -9 0
10 15 -11 0
-10 -15 11 0
10 -12 0
10 16 -13 0
-10 -16 13 0
10 -14 0
17 -11 0
18 -14 0
-11 -19 0
-11 -20 0
11 21 -12 0
-11 -21 12 0
-11 13 0
11 -14 0
23 -14 0
24 -14 0
-12 13 0
12 -14 0
13 -14 0
17 -15 0
-15 -19 0
-15 -20 0
-15 -21 0
-15 16 0
-17 -19 0
-17 -20 0
17 21 0
17 -18 0
23 -18 0
24 -18 0
19 22 -20 0
-19 -22 20 0
-19 21 0
-19 -23 0
-20 21 0
-20 -24 0
22 24 -23 0
-22 -24 23 0
