p cnf 79 286
1 2 3 4 5 6 7 0
30 31 32 33 34 35 36 0
-1 -8 0
-1 -15 0
-1 -30 0
-1 -37 0
-1 -46 0
-1 -56 0
-1 -65 0
-1 -72 0
-8 -15 0
-8 -30 0
-8 -37 0
-8 -46 0
-8 -56 0
-8 -65 0
-8 -72 0
-15 -30 0
-15 -37 0
-15 -46 0
-15 -56 0
-15 -65 0
-15 -72 0
-30 -37 0
-30 -46 0
-30 -56 0
-30 -65 0
-30 -72 0
-37 -46 0
-37 -56 0
-37 -65 0
-37 -72 0
-46 -56 0
-46 -65 0
-46 -72 0
-56 -65 0
-56 -72 0
-65 -72 0
-9 -23 0
-9 -31 0
-9 -38 0
-9 -47 0
-9 -57 0
-9 -66 0
-9 -73 0
-23 -31 0
-23 -38 0
-23 -47 0
-23 -57 0
-23 -66 0
-23 -73 0
-31 -38 0
-31 -47 0
-31 -57 0
-31 -66 0
-31 -73 0
-38 -47 0
-38 -57 0
-38 -66 0
-38 -73 0
-47 -57 0
-47 -66 0
-47 -73 0
-57 -66 0
-57 -73 0
-66 -73 0
-2 -16 0
-2 -24 0
-2 -32 0
-2 -39 0
-2 -48 0
-2 -58 0
-2 -67 0
-16 -24 0
-16 -32 0
-16 -39 0
-16 -48 0
-16 -58 0
-16 -67 0
-24 -32 0
-24 -39 0
-24 -48 0
-24 -58 0
-24 -67 0
-32 -39 0
-32 -48 0
-32 -58 0
-32 -67 0
-39 -48 0
-39 -58 0
-39 -67 0
-48 -58 0
-48 -67 0
-58 -67 0
-3 -17 0
-3 -33 0
-3 -49 0
-3 -59 0
-3 -74 0
-17 -33 0
-17 -49 0
-17 -59 0
-17 -74 0
-33 -49 0
-33 -59 0
-33 -74 0
-49 -59 0
-49 -74 0
-59 -74 0
-10 -18 0
-10 -25 0
-10 -40 0
-10 -50 0
-10 -60 0
-10 -75 0
-18 -25 0
-18 -40 0
-18 -50 0
-18 -60 0
-18 -75 0
-25 -40 0
-25 -50 0
-25 -60 0
-25 -75 0
-40 -50 0
-40 -60 0
-40 -75 0
-50 -60 0
-50 -75 0
-60 -75 0
-4 -11 0
-4 -19 0
-4 -26 0
-4 -34 0
-4 -41 0
-4 -51 0
-4 -61 0
-4 -68 0
-4 -76 0
-11 -19 0
-11 -26 0
-11 -34 0
-11 -41 0
-11 -51 0
-11 -61 0
-11 -68 0
-11 -76 0
-19 -26 0
-19 -34 0
-19 -41 0
-19 -51 0
-19 -61 0
-19 -68 0
-19 -76 0
-26 -34 0
-26 -41 0
-26 -51 0
-26 -61 0
-26 -68 0
-26 -76 0
-34 -41 0
-34 -51 0
-34 -61 0
-34 -68 0
-34 -76 0
-41 -51 0
-41 -61 0
-41 -68 0
-41 -76 0
-51 -61 0
-51 -68 0
-51 -76 0
-61 -68 0
-61 -76 0
-68 -76 0
-5 -20 0
-5 -27 0
-5 -42 0
-5 -52 0
-5 -69 0
-20 -27 0
-20 -42 0
-20 -52 0
-20 -69 0
-27 -42 0
-27 -52 0
-27 -69 0
-42 -52 0
-42 -69 0
-52 -69 0
-6 -12 0
-6 -43 0
-6 -53 0
-6 -62 0
-6 -77 0
-12 -43 0
-12 -53 0
-12 -62 0
-12 -77 0
-43 -53 0
-43 -62 0
-43 -77 0
-53 -62 0
-53 -77 0
-62 -77 0
-13 -21 0
-13 -28 0
-13 -35 0
-13 -44 0
-13 -54 0
-13 -63 0
-13 -70 0
-13 -78 0
-21 -28 0
-21 -35 0
-21 -44 0
-21 -54 0
-21 -63 0
-21 -70 0
-21 -78 0
-28 -35 0
-28 -44 0
-28 -54 0
-28 -63 0
-28 -70 0
-28 -78 0
-35 -44 0
-35 -54 0
-35 -63 0
-35 -70 0
-35 -78 0
-44 -54 0
-44 -63 0
-44 -70 0
-44 -78 0
-54 -63 0
-54 -70 0
-54 -78 0
-63 -70 0
-63 -78 0
-70 -78 0
-7 -14 0
-7 -22 0
-7 -29 0
-7 -36 0
-7 -45 0
-7 -55 0
-7 -64 0
-7 -71 0
-7 -79 0
-14 -22 0
-14 -29 0
-14 -36 0
-14 -45 0
-14 -55 0
-14 -64 0
-14 -71 0
-14 -79 0
-22 -29 0
-22 -36 0
-22 -45 0
-22 -55 0
-22 -64 0
-22 -71 0
-22 -79 0
-29 -36 0
-29 -45 0
-29 -55 0
-29 -64 0
-29 -71 0
-29 -79 0
-36 -45 0
-36 -55 0
-36 -64 0
-36 -71 0
-36 -79 0
-45 -55 0
-45 -64 0
-45 -71 0
-45 -79 0
-55 -64 0
-55 -71 0
-55 -79 0
-64 -71 0
-64 -79 0
-71 -79 0
