p cnf 129 949
-1 -2 0
-1 -3 0
-1 -4 0
-1 -5 0
-1 -6 0
-1 -7 0
-2 -3 0
-2 -4 0
-2 -5 0
-2 -6 0
-2 -7 0
-3 -4 0
-3 -5 0
-3 -6 0
-3 -7 0
-4 -5 0
-4 -6 0
-4 -7 0
-5 -6 0
-5 -7 0
-6 -7 0
1 2 3 4 5 6 7 0
-8 -9 0
-8 -10 0
-8 -11 0
-8 -12 0
-8 -13 0
-8 -14 0
-8 -15 0
-8 -16 0
-9 -10 0
-9 -11 0
-9 -12 0
-9 -13 0
-9 -14 0
-9 -15 0
-9 -16 0
-10 -11 0
-10 -12 0
-10 -13 0
-10 -14 0
-10 -15 0
-10 -16 0
-11 -12 0
-11 -13 0
-11 -14 0
-11 -15 0
-11 -16 0
-12 -13 0
-12 -14 0
-12 -15 0
-12 -16 0
-13 -14 0
-13 -15 0
-13 -16 0
-14 -15 0
-14 -16 0
-15 -16 0
8 9 10 11 12 13 14 15 16 0
-17 -18 0
-17 -19 0
-17 -20 0
-17 -21 0
-17 -22 0
-17 -23 0
-18 -19 0
-18 -20 0
-18 -21 0
-18 -22 0
-18 -23 0
-19 -20 0
-19 -21 0
-19 -22 0
-19 -23 0
-20 -21 0
-20 -22 0
-20 -23 0
-21 -22 0
-21 -23 0
-22 -23 0
17 18 19 20 21 22 23 0
-24 -25 0
-24 -26 0
-24 -27 0
-24 -28 0
-25 -26 0
-25 -27 0
-25 -28 0
-26 -27 0
-26 -28 0
-27 -28 0
24 25 26 27 28 0
-8 -29 0
-8 -30 0
-8 -31 0
-8 -32 0
-29 -30 0
-29 -31 0
-29 -32 0
-30 -31 0
-30 -32 0
-31 -32 0
8 29 30 31 32 0
-9 -24 0
-9 -33 0
-9 -34 0
-9 -35 0
-9 -36 0
-9 -37 0
-9 -38 0
-9 -39 0
-9 -40 0
-24 -33 0
-24 -34 0
-24 -35 0
-24 -36 0
-24 -37 0
-24 -38 0
-24 -39 0
-24 -40 0
-33 -34 0
-33 -35 0
-33 -36 0
-33 -37 0
-33 -38 0
-33 -39 0
-33 -40 0
-34 -35 0
-34 -36 0
-34 -37 0
-34 -38 0
-34 -39 0
-34 -40 0
-35 -36 0
-35 -37 0
-35 -38 0
-35 -39 0
-35 -40 0
-36 -37 0
-36 -38 0
-36 -39 0
-36 -40 0
-37 -38 0
-37 -39 0
-37 -40 0
-38 -39 0
-38 -40 0
-39 -40 0
9 24 33 34 35 36 37 38 39 40 0
-10 -41 0
-10 -42 0
-10 -43 0
-10 -44 0
-10 -45 0
-10 -46 0
-10 -47 0
-41 -42 0
-41 -43 0
-41 -44 0
-41 -45 0
-41 -46 0
-41 -47 0
-42 -43 0
-42 -44 0
-42 -45 0
-42 -46 0
-42 -47 0
-43 -44 0
-43 -45 0
-43 -46 0
-43 -47 0
-44 -45 0
-44 -46 0
-44 -47 0
-45 -46 0
-45 -47 0
-46 -47 0
10 41 42 43 44 45 46 47 0
-11 -48 0
-11 -49 0
-11 -50 0
-11 -51 0
-11 -52 0
-11 -53 0
-48 -49 0
-48 -50 0
-48 -51 0
-48 -52 0
-48 -53 0
-49 -50 0
-49 -51 0
-49 -52 0
-49 -53 0
-50 -51 0
-50 -52 0
-50 -53 0
-51 -52 0
-51 -53 0
-52 -53 0
11 48 49 50 51 52 53 0
-1 -54 0
-1 -55 0
-1 -56 0
-1 -57 0
-1 -58 0
-1 -59 0
-1 -60 0
-1 -61 0
-54 -55 0
-54 -56 0
-54 -57 0
-54 -58 0
-54 -59 0
-54 -60 0
-54 -61 0
-55 -56 0
-55 -57 0
-55 -58 0
-55 -59 0
-55 -60 0
-55 -61 0
-56 -57 0
-56 -58 0
-56 -59 0
-56 -60 0
-56 -61 0
-57 -58 0
-57 -59 0
-57 -60 0
-57 -61 0
-58 -59 0
-58 -60 0
-58 -61 0
-59 -60 0
-59 -61 0
-60 -61 0
1 54 55 56 57 58 59 60 61 0
-17 -48 0
-17 -62 0
-17 -63 0
-17 -64 0
-17 -65 0
-17 -66 0
-17 -67 0
-48 -62 0
-48 -63 0
-48 -64 0
-48 -65 0
-48 -66 0
-48 -67 0
-62 -63 0
-62 -64 0
-62 -65 0
-62 -66 0
-62 -67 0
-63 -64 0
-63 -65 0
-63 -66 0
-63 -67 0
-64 -65 0
-64 -66 0
-64 -67 0
-65 -66 0
-65 -67 0
-66 -67 0
17 48 62 63 64 65 66 67 0
-41 -68 0
-41 -69 0
-41 -70 0
-68 -69 0
-68 -70 0
-69 -70 0
41 68 69 70 0
-12 -71 0
-12 -72 0
-12 -73 0
-12 -74 0
-71 -72 0
-71 -73 0
-71 -74 0
-72 -73 0
-72 -74 0
-73 -74 0
12 71 72 73 74 0
-18 -25 0
-18 -33 0
-18 -54 0
-18 -75 0
-18 -76 0
-18 -77 0
-18 -78 0
-18 -79 0
-18 -80 0
-25 -33 0
-25 -54 0
-25 -75 0
-25 -76 0
-25 -77 0
-25 -78 0
-25 -79 0
-25 -80 0
-33 -54 0
-33 -75 0
-33 -76 0
-33 -77 0
-33 -78 0
-33 -79 0
-33 -80 0
-54 -75 0
-54 -76 0
-54 -77 0
-54 -78 0
-54 -79 0
-54 -80 0
-75 -76 0
-75 -77 0
-75 -78 0
-75 -79 0
-75 -80 0
-76 -77 0
-76 -78 0
-76 -79 0
-76 -80 0
-77 -78 0
-77 -79 0
-77 -80 0
-78 -79 0
-78 -80 0
-79 -80 0
18 25 33 54 75 76 77 78 79 80 0
-19 -34 0
-19 -81 0
-19 -82 0
-19 -83 0
-19 -84 0
-34 -81 0
-34 -82 0
-34 -83 0
-34 -84 0
-81 -82 0
-81 -83 0
-81 -84 0
-82 -83 0
-82 -84 0
-83 -84 0
19 34 81 82 83 84 0
-13 -20 0
-13 -42 0
-13 -85 0
-13 -86 0
-13 -87 0
-20 -42 0
-20 -85 0
-20 -86 0
-20 -87 0
-42 -85 0
-42 -86 0
-42 -87 0
-85 -86 0
-85 -87 0
-86 -87 0
13 20 42 85 86 87 0
-35 -55 0
-35 -81 0
-35 -88 0
-35 -89 0
-35 -90 0
-35 -91 0
-35 -92 0
-35 -93 0
-55 -81 0
-55 -88 0
-55 -89 0
-55 -90 0
-55 -91 0
-55 -92 0
-55 -93 0
-81 -88 0
-81 -89 0
-81 -90 0
-81 -91 0
-81 -92 0
-81 -93 0
-88 -89 0
-88 -90 0
-88 -91 0
-88 -92 0
-88 -93 0
-89 -90 0
-89 -91 0
-89 -92 0
-89 -93 0
-90 -91 0
-90 -92 0
-90 -93 0
-91 -92 0
-91 -93 0
-92 -93 0
35 55 81 88 89 90 91 92 93 0
-2 -36 0
-2 -49 0
-2 -56 0
-2 -62 0
-2 -75 0
-2 -94 0
-2 -95 0
-2 -96 0
-2 -97 0
-36 -49 0
-36 -56 0
-36 -62 0
-36 -75 0
-36 -94 0
-36 -95 0
-36 -96 0
-36 -97 0
-49 -56 0
-49 -62 0
-49 -75 0
-49 -94 0
-49 -95 0
-49 -96 0
-49 -97 0
-56 -62 0
-56 -75 0
-56 -94 0
-56 -95 0
-56 -96 0
-56 -97 0
-62 -75 0
-62 -94 0
-62 -95 0
-62 -96 0
-62 -97 0
-75 -94 0
-75 -95 0
-75 -96 0
-75 -97 0
-94 -95 0
-94 -96 0
-94 -97 0
-95 -96 0
-95 -97 0
-96 -97 0
2 36 49 56 62 75 94 95 96 97 0
-21 -88 0
-21 -94 0
-21 -98 0
-21 -99 0
-21 -100 0
-21 -101 0
-21 -102 0
-21 -103 0
-21 -104 0
-88 -94 0
-88 -98 0
-88 -99 0
-88 -100 0
-88 -101 0
-88 -102 0
-88 -103 0
-88 -104 0
-94 -98 0
-94 -99 0
-94 -100 0
-94 -101 0
-94 -102 0
-94 -103 0
-94 -104 0
-98 -99 0
-98 -100 0
-98 -101 0
-98 -102 0
-98 -103 0
-98 -104 0
-99 -100 0
-99 -101 0
-99 -102 0
-99 -103 0
-99 -104 0
-100 -101 0
-100 -102 0
-100 -103 0
-100 -104 0
-101 -102 0
-101 -103 0
-101 -104 0
-102 -103 0
-102 -104 0
-103 -104 0
21 88 94 98 99 100 101 102 103 104 0
-3 -71 0
-3 -76 0
-3 -105 0
-71 -76 0
-71 -105 0
-76 -105 0
3 71 76 105 0
-26 -43 0
-26 -57 0
-26 -63 0
-26 -68 0
-26 -72 0
-26 -77 0
-26 -89 0
-26 -98 0
-26 -106 0
-43 -57 0
-43 -63 0
-43 -68 0
-43 -72 0
-43 -77 0
-43 -89 0
-43 -98 0
-43 -106 0
-57 -63 0
-57 -68 0
-57 -72 0
-57 -77 0
-57 -89 0
-57 -98 0
-57 -106 0
-63 -68 0
-63 -72 0
-63 -77 0
-63 -89 0
-63 -98 0
-63 -106 0
-68 -72 0
-68 -77 0
-68 -89 0
-68 -98 0
-68 -106 0
-72 -77 0
-72 -89 0
-72 -98 0
-72 -106 0
-77 -89 0
-77 -98 0
-77 -106 0
-89 -98 0
-89 -106 0
-98 -106 0
26 43 57 63 68 72 77 89 98 106 0
-37 -50 0
-37 -78 0
-37 -99 0
-37 -107 0
-37 -108 0
-37 -109 0
-50 -78 0
-50 -99 0
-50 -107 0
-50 -108 0
-50 -109 0
-78 -99 0
-78 -107 0
-78 -108 0
-78 -109 0
-99 -107 0
-99 -108 0
-99 -109 0
-107 -108 0
-107 -109 0
-108 -109 0
37 50 78 99 107 108 109 0
-4 -51 0
-4 -64 0
-4 -90 0
-4 -100 0
-4 -107 0
-4 -110 0
-4 -111 0
-4 -112 0
-51 -64 0
-51 -90 0
-51 -100 0
-51 -107 0
-51 -110 0
-51 -111 0
-51 -112 0
-64 -90 0
-64 -100 0
-64 -107 0
-64 -110 0
-64 -111 0
-64 -112 0
-90 -100 0
-90 -107 0
-90 -110 0
-90 -111 0
-90 -112 0
-100 -107 0
-100 -110 0
-100 -111 0
-100 -112 0
-107 -110 0
-107 -111 0
-107 -112 0
-110 -111 0
-110 -112 0
-111 -112 0
4 51 64 90 100 107 110 111 112 0
-5 -14 0
-5 -44 0
-5 -82 0
-5 -85 0
-5 -113 0
-5 -114 0
-5 -115 0
-5 -116 0
-14 -44 0
-14 -82 0
-14 -85 0
-14 -113 0
-14 -114 0
-14 -115 0
-14 -116 0
-44 -82 0
-44 -85 0
-44 -113 0
-44 -114 0
-44 -115 0
-44 -116 0
-82 -85 0
-82 -113 0
-82 -114 0
-82 -115 0
-82 -116 0
-85 -113 0
-85 -114 0
-85 -115 0
-85 -116 0
-113 -114 0
-113 -115 0
-113 -116 0
-114 -115 0
-114 -116 0
-115 -116 0
5 14 44 82 85 113 114 115 116 0
-29 -83 0
-29 -95 0
-29 -110 0
-29 -113 0
-29 -117 0
-29 -118 0
-29 -119 0
-29 -120 0
-83 -95 0
-83 -110 0
-83 -113 0
-83 -117 0
-83 -118 0
-83 -119 0
-83 -120 0
-95 -110 0
-95 -113 0
-95 -117 0
-95 -118 0
-95 -119 0
-95 -120 0
-110 -113 0
-110 -117 0
-110 -118 0
-110 -119 0
-110 -120 0
-113 -117 0
-113 -118 0
-113 -119 0
-113 -120 0
-117 -118 0
-117 -119 0
-117 -120 0
-118 -119 0
-118 -120 0
-119 -120 0
29 83 95 110 113 117 118 119 120 0
-45 -111 0
-45 -114 0
-45 -121 0
-45 -122 0
-111 -114 0
-111 -121 0
-111 -122 0
-114 -121 0
-114 -122 0
-121 -122 0
45 111 114 121 122 0
-22 -27 0
-22 -30 0
-22 -65 0
-22 -91 0
-22 -96 0
-22 -115 0
-22 -123 0
-22 -124 0
-27 -30 0
-27 -65 0
-27 -91 0
-27 -96 0
-27 -115 0
-27 -123 0
-27 -124 0
-30 -65 0
-30 -91 0
-30 -96 0
-30 -115 0
-30 -123 0
-30 -124 0
-65 -91 0
-65 -96 0
-65 -115 0
-65 -123 0
-65 -124 0
-91 -96 0
-91 -115 0
-91 -123 0
-91 -124 0
-96 -115 0
-96 -123 0
-96 -124 0
-115 -123 0
-115 -124 0
-123 -124 0
22 27 30 65 91 96 115 123 124 0
-38 -66 0
-38 -79 0
-38 -92 0
-38 -121 0
-38 -125 0
-66 -79 0
-66 -92 0
-66 -121 0
-66 -125 0
-79 -92 0
-79 -121 0
-79 -125 0
-92 -121 0
-92 -125 0
-121 -125 0
38 66 79 92 121 125 0
-58 -86 0
-58 -93 0
-58 -126 0
-86 -93 0
-86 -126 0
-93 -126 0
58 86 93 126 0
-15 -23 0
-15 -31 0
-15 -46 0
-15 -52 0
-15 -59 0
-15 -101 0
-15 -112 0
-15 -116 0
-15 -117 0
-15 -127 0
-15 -128 0
-23 -31 0
-23 -46 0
-23 -52 0
-23 -59 0
-23 -101 0
-23 -112 0
-23 -116 0
-23 -117 0
-23 -127 0
-23 -128 0
-31 -46 0
-31 -52 0
-31 -59 0
-31 -101 0
-31 -112 0
-31 -116 0
-31 -117 0
-31 -127 0
-31 -128 0
-46 -52 0
-46 -59 0
-46 -101 0
-46 -112 0
-46 -116 0
-46 -117 0
-46 -127 0
-46 -128 0
-52 -59 0
-52 -101 0
-52 -112 0
-52 -116 0
-52 -117 0
-52 -127 0
-52 -128 0
-59 -101 0
-59 -112 0
-59 -116 0
-59 -117 0
-59 -127 0
-59 -128 0
-101 -112 0
-101 -116 0
-101 -117 0
-101 -127 0
-101 -128 0
-112 -116 0
-112 -117 0
-112 -127 0
-112 -128 0
-116 -117 0
-116 -127 0
-116 -128 0
-117 -127 0
-117 -128 0
-127 -128 0
15 23 31 46 52 59 101 112 116 117 127 128 0
-47 -60 0
47 60 0
-6 -28 0
-6 -67 0
-6 -73 0
-6 -102 0
-6 -105 0
-6 -118 0
-6 -126 0
-6 -129 0
-28 -67 0
-28 -73 0
-28 -102 0
-28 -105 0
-28 -118 0
-28 -126 0
-28 -129 0
-67 -73 0
-67 -102 0
-67 -105 0
-67 -118 0
-67 -126 0
-67 -129 0
-73 -102 0
-73 -105 0
-73 -118 0
-73 -126 0
-73 -129 0
-102 -105 0
-102 -118 0
-102 -126 0
-102 -129 0
-105 -118 0
-105 -126 0
-105 -129 0
-118 -126 0
-118 -129 0
-126 -129 0
6 28 67 73 102 105 118 126 129 0
-39 -69 0
-39 -103 0
-69 -103 0
39 69 103 0
-84 -125 0
-84 -127 0
-125 -127 0
84 125 127 0
-7 -16 0
-7 -40 0
-7 -53 0
-7 -80 0
-7 -104 0
-7 -108 0
-7 -119 0
-7 -129 0
-16 -40 0
-16 -53 0
-16 -80 0
-16 -104 0
-16 -108 0
-16 -119 0
-16 -129 0
-40 -53 0
-40 -80 0
-40 -104 0
-40 -108 0
-40 -119 0
-40 -129 0
-53 -80 0
-53 -104 0
-53 -108 0
-53 -119 0
-53 -129 0
-80 -104 0
-80 -108 0
-80 -119 0
-80 -129 0
-104 -108 0
-104 -119 0
-104 -129 0
-108 -119 0
-108 -129 0
-119 -129 0
7 16 40 53 80 104 108 119 129 0
-109 -123 0
-109 -128 0
-123 -128 0
109 123 128 0
-32 -61 0
-32 -70 0
-32 -74 0
-32 -87 0
-32 -97 0
-32 -106 0
-32 -120 0
-32 -122 0
-32 -124 0
-61 -70 0
-61 -74 0
-61 -87 0
-61 -97 0
-61 -106 0
-61 -120 0
-61 -122 0
-61 -124 0
-70 -74 0
-70 -87 0
-70 -97 0
-70 -106 0
-70 -120 0
-70 -122 0
-70 -124 0
-74 -87 0
-74 -97 0
-74 -106 0
-74 -120 0
-74 -122 0
-74 -124 0
-87 -97 0
-87 -106 0
-87 -120 0
-87 -122 0
-87 -124 0
-97 -106 0
-97 -120 0
-97 -122 0
-97 -124 0
-106 -120 0
-106 -122 0
-106 -124 0
-120 -122 0
-120 -124 0
-122 -124 0
32 61 70 74 87 97 106 120 122 124 0
