p cnf 154 635
16 17 18 19 20 21 22 23 24 25 26 27 28 29 30 0
31 32 33 34 35 36 37 38 39 40 41 42 43 44 45 46 47 0
77 78 79 80 81 82 83 84 85 86 87 88 89 90 91 92 0
93 94 95 96 97 98 99 100 101 102 103 104 105 106 0
107 108 109 110 111 112 113 114 115 116 117 118 119 120 121 122 123 0
-1 -16 0
-1 -31 0
-1 -62 0
-1 -77 0
-1 -93 0
-1 -107 0
-1 -138 0
-16 -31 0
-16 -62 0
-16 -77 0
-16 -93 0
-16 -107 0
-16 -138 0
-31 -62 0
-31 -77 0
-31 -93 0
-31 -107 0
-31 -138 0
-62 -77 0
-62 -93 0
-62 -107 0
-62 -138 0
-77 -93 0
-77 -107 0
-77 -138 0
-93 -107 0
-93 -138 0
-107 -138 0
-2 -17 0
-2 -32 0
-2 -48 0
-2 -63 0
-2 -78 0
-2 -94 0
-2 -108 0
-2 -124 0
-2 -139 0
-17 -32 0
-17 -48 0
-17 -63 0
-17 -78 0
-17 -94 0
-17 -108 0
-17 -124 0
-17 -139 0
-32 -48 0
-32 -63 0
-32 -78 0
-32 -94 0
-32 -108 0
-32 -124 0
-32 -139 0
-48 -63 0
-48 -78 0
-48 -94 0
-48 -108 0
-48 -124 0
-48 -139 0
-63 -78 0
-63 -94 0
-63 -108 0
-63 -124 0
-63 -139 0
-78 -94 0
-78 -108 0
-78 -124 0
-78 -139 0
-94 -108 0
-94 -124 0
-94 -139 0
-108 -124 0
-108 -139 0
-124 -139 0
-3 -33 0
-3 -49 0
-3 -95 0
-3 -109 0
-3 -140 0
-33 -49 0
-33 -95 0
-33 -109 0
-33 -140 0
-49 -95 0
-49 -109 0
-49 -140 0
-95 -109 0
-95 -140 0
-109 -140 0
-18 -34 0
-18 -50 0
-18 -64 0
-18 -79 0
-18 -96 0
-18 -110 0
-18 -125 0
-18 -141 0
-34 -50 0
-34 -64 0
-34 -79 0
-34 -96 0
-34 -110 0
-34 -125 0
-34 -141 0
-50 -64 0
-50 -79 0
-50 -96 0
-50 -110 0
-50 -125 0
-50 -141 0
-64 -79 0
-64 -96 0
-64 -110 0
-64 -125 0
-64 -141 0
-79 -96 0
-79 -110 0
-79 -125 0
-79 -141 0
-96 -110 0
-96 -125 0
-96 -141 0
-110 -125 0
-110 -141 0
-125 -141 0
-4 -19 0
-4 -35 0
-4 -51 0
-4 -65 0
-4 -80 0
-4 -111 0
-4 -126 0
-4 -142 0
-19 -35 0
-19 -51 0
-19 -65 0
-19 -80 0
-19 -111 0
-19 -126 0
-19 -142 0
-35 -51 0
-35 -65 0
-35 -80 0
-35 -111 0
-35 -126 0
-35 -142 0
-51 -65 0
-51 -80 0
-51 -111 0
-51 -126 0
-51 -142 0
-65 -80 0
-65 -111 0
-65 -126 0
-65 -142 0
-80 -111 0
-80 -126 0
-80 -142 0
-111 -126 0
-111 -142 0
-126 -142 0
-5 -20 0
-5 -36 0
-5 -52 0
-5 -66 0
-5 -81 0
-5 -112 0
-5 -127 0
-5 -143 0
-20 -36 0
-20 -52 0
-20 -66 0
-20 -81 0
-20 -112 0
-20 -127 0
-20 -143 0
-36 -52 0
-36 -66 0
-36 -81 0
-36 -112 0
-36 -127 0
-36 -143 0
-52 -66 0
-52 -81 0
-52 -112 0
-52 -127 0
-52 -143 0
-66 -81 0
-66 -112 0
-66 -127 0
-66 -143 0
-81 -112 0
-81 -127 0
-81 -143 0
-112 -127 0
-112 -143 0
-127 -143 0
-21 -37 0
-21 -67 0
-21 -82 0
-21 -97 0
-21 -113 0
-21 -128 0
-21 -144 0
-37 -67 0
-37 -82 0
-37 -97 0
-37 -113 0
-37 -128 0
-37 -144 0
-67 -82 0
-67 -97 0
-67 -113 0
-67 -128 0
-67 -144 0
-82 -97 0
-82 -113 0
-82 -128 0
-82 -144 0
-97 -113 0
-97 -128 0
-97 -144 0
-113 -128 0
-113 -144 0
-128 -144 0
-6 -22 0
-6 -38 0
-6 -53 0
-6 -68 0
-6 -83 0
-6 -98 0
-6 -114 0
-6 -129 0
-6 -145 0
-22 -38 0
-22 -53 0
-22 -68 0
-22 -83 0
-22 -98 0
-22 -114 0
-22 -129 0
-22 -145 0
-38 -53 0
-38 -68 0
-38 -83 0
-38 -98 0
-38 -114 0
-38 -129 0
-38 -145 0
-53 -68 0
-53 -83 0
-53 -98 0
-53 -114 0
-53 -129 0
-53 -145 0
-68 -83 0
-68 -98 0
-68 -114 0
-68 -129 0
-68 -145 0
-83 -98 0
-83 -114 0
-83 -129 0
-83 -145 0
-98 -114 0
-98 -129 0
-98 -145 0
-114 -129 0
-114 -145 0
-129 -145 0
-7 -39 0
-7 -54 0
-7 -84 0
-7 -99 0
-7 -115 0
-7 -130 0
-7 -146 0
-39 -54 0
-39 -84 0
-39 -99 0
-39 -115 0
-39 -130 0
-39 -146 0
-54 -84 0
-54 -99 0
-54 -115 0
-54 -130 0
-54 -146 0
-84 -99 0
-84 -115 0
-84 -130 0
-84 -146 0
-99 -115 0
-99 -130 0
-99 -146 0
-115 -130 0
-115 -146 0
-130 -146 0
-8 -23 0
-8 -40 0
-8 -55 0
-8 -69 0
-8 -85 0
-8 -100 0
-8 -116 0
-8 -147 0
-23 -40 0
-23 -55 0
-23 -69 0
-23 -85 0
-23 -100 0
-23 -116 0
-23 -147 0
-40 -55 0
-40 -69 0
-40 -85 0
-40 -100 0
-40 -116 0
-40 -147 0
-55 -69 0
-55 -85 0
-55 -100 0
-55 -116 0
-55 -147 0
-69 -85 0
-69 -100 0
-69 -116 0
-69 -147 0
-85 -100 0
-85 -116 0
-85 -147 0
-100 -116 0
-100 -147 0
-116 -147 0
-9 -24 0
-9 -41 0
-9 -56 0
-9 -70 0
-9 -86 0
-9 -101 0
-9 -117 0
-9 -131 0
-9 -148 0
-24 -41 0
-24 -56 0
-24 -70 0
-24 -86 0
-24 -101 0
-24 -117 0
-24 -131 0
-24 -148 0
-41 -56 0
-41 -70 0
-41 -86 0
-41 -101 0
-41 -117 0
-41 -131 0
-41 -148 0
-56 -70 0
-56 -86 0
-56 -101 0
-56 -117 0
-56 -131 0
-56 -148 0
-70 -86 0
-70 -101 0
-70 -117 0
-70 -131 0
-70 -148 0
-86 -101 0
-86 -117 0
-86 -131 0
-86 -148 0
-101 -117 0
-101 -131 0
-101 -148 0
-117 -131 0
-117 -148 0
-131 -148 0
-10 -25 0
-10 -42 0
-10 -57 0
-10 -71 0
-10 -87 0
-10 -102 0
-10 -118 0
-10 -132 0
-10 -149 0
-25 -42 0
-25 -57 0
-25 -71 0
-25 -87 0
-25 -102 0
-25 -118 0
-25 -132 0
-25 -149 0
-42 -57 0
-42 -71 0
-42 -87 0
-42 -102 0
-42 -118 0
-42 -132 0
-42 -149 0
-57 -71 0
-57 -87 0
-57 -102 0
-57 -118 0
-57 -132 0
-57 -149 0
-71 -87 0
-71 -102 0
-71 -118 0
-71 -132 0
-71 -149 0
-87 -102 0
-87 -118 0
-87 -132 0
-87 -149 0
-102 -118 0
-102 -132 0
-102 -149 0
-118 -132 0
-118 -149 0
-132 -149 0
-11 -26 0
-11 -43 0
-11 -58 0
-11 -72 0
-11 -88 0
-11 -103 0
-11 -119 0
-11 -133 0
-11 -150 0
-26 -43 0
-26 -58 0
-26 -72 0
-26 -88 0
-26 -103 0
-26 -119 0
-26 -133 0
-26 -150 0
-43 -58 0
-43 -72 0
-43 -88 0
-43 -103 0
-43 -119 0
-43 -133 0
-43 -150 0
-58 -72 0
-58 -88 0
-58 -103 0
-58 -119 0
-58 -133 0
-58 -150 0
-72 -88 0
-72 -103 0
-72 -119 0
-72 -133 0
-72 -150 0
-88 -103 0
-88 -119 0
-88 -133 0
-88 -150 0
-103 -119 0
-103 -133 0
-103 -150 0
-119 -133 0
-119 -150 0
-133 -150 0
-12 -27 0
-12 -44 0
-12 -59 0
-12 -73 0
-12 -89 0
-12 -120 0
-12 -134 0
-12 -151 0
-27 -44 0
-27 -59 0
-27 -73 0
-27 -89 0
-27 -120 0
-27 -134 0
-27 -151 0
-44 -59 0
-44 -73 0
-44 -89 0
-44 -120 0
-44 -134 0
-44 -151 0
-59 -73 0
-59 -89 0
-59 -120 0
-59 -134 0
-59 -151 0
-73 -89 0
-73 -120 0
-73 -134 0
-73 -151 0
-89 -120 0
-89 -134 0
-89 -151 0
-120 -134 0
-120 -151 0
-134 -151 0
-13 -28 0
-13 -45 0
-13 -60 0
-13 -74 0
-13 -90 0
-13 -104 0
-13 -121 0
-13 -135 0
-13 -152 0
-28 -45 0
-28 -60 0
-28 -74 0
-28 -90 0
-28 -104 0
-28 -121 0
-28 -135 0
-28 -152 0
-45 -60 0
-45 -74 0
-45 -90 0
-45 -104 0
-45 -121 0
-45 -135 0
-45 -152 0
-60 -74 0
-60 -90 0
-60 -104 0
-60 -121 0
-60 -135 0
-60 -152 0
-74 -90 0
-74 -104 0
-74 -121 0
-74 -135 0
-74 -152 0
-90 -104 0
-90 -121 0
-90 -135 0
-90 -152 0
-104 -121 0
-104 -135 0
-104 -152 0
-121 -135 0
-121 -152 0
-135 -152 0
-14 -29 0
-14 -46 0
-14 -61 0
-14 -75 0
-14 -91 0
-14 -105 0
-14 -122 0
-14 -136 0
-14 -153 0
-29 -46 0
-29 -61 0
-29 -75 0
-29 -91 0
-29 -105 0
-29 -122 0
-29 -136 0
-29 -153 0
-46 -61 0
-46 -75 0
-46 -91 0
-46 -105 0
-46 -122 0
-46 -136 0
-46 -153 0
-61 -75 0
-61 -91 0
-61 -105 0
-61 -122 0
-61 -136 0
-61 -153 0
-75 -91 0
-75 -105 0
-75 -122 0
-75 -136 0
-75 -153 0
-91 -105 0
-91 -122 0
-91 -136 0
-91 -153 0
-105 -122 0
-105 -136 0
-105 -153 0
-122 -136 0
-122 -153 0
-136 -153 0
-15 -30 0
-15 -47 0
-15 -76 0
-15 -92 0
-15 -106 0
-15 -123 0
-15 -137 0
-15 -154 0
-30 -47 0
-30 -76 0
-30 -92 0
-30 -106 0
-30 -123 0
-30 -137 0
-30 -154 0
-47 -76 0
-47 -92 0
-47 -106 0
-47 -123 0
-47 -137 0
-47 -154 0
-76 -92 0
-76 -106 0
-76 -123 0
-76 -137 0
-76 -154 0
-92 -106 0
-92 -123 0
-92 -137 0
-92 -154 0
-106 -123 0
-106 -137 0
-106 -154 0
-123 -137 0
-123 -154 0
-137 -154 0
