p cnf 42 224
-8 -9 -11 -14 -15 0
8 -16 -18 -19 -20 -21 -22 0
3 9 16 -24 -25 -26 -27 -28 0
-29 -30 -32 0
5 11 18 24 29 -35 -37 0
6 19 25 30 -38 0
20 26 35 38 -41 0
1 8 -2 0
-1 -8 2 0
1 9 -3 0
-1 -9 3 0
1 10 -4 0
-1 -10 4 0
1 11 -5 0
-1 -11 5 0
1 12 -6 0
-1 -12 6 0
-1 -13 0
-1 -14 0
1 15 -7 0
-1 -15 7 0
2 16 -3 0
-2 -16 3 0
2 17 -4 0
-2 -17 4 0
2 18 -5 0
-2 -18 5 0
2 19 -6 0
-2 -19 6 0
-2 -20 0
-2 -21 0
2 22 -7 0
-2 -22 7 0
3 23 -4 0
-3 -23 4 0
3 24 -5 0
-3 -24 5 0
3 25 -6 0
-3 -25 6 0
-3 -26 0
-3 -27 0
3 28 -7 0
-3 -28 7 0
4 29 -5 0
-4 -29 5 0
4 30 -6 0
-4 -30 6 0
-4 -31 0
-4 -32 0
4 33 -7 0
-4 -33 7 0
5 34 -6 0
-5 -34 6 0
-5 -35 0
-5 -36 0
5 37 -7 0
-5 -37 7 0
-6 -38 0
-6 -39 0
6 40 -7 0
-6 -40 7 0
41 -7 0
42 -7 0
8 16 -9 0
-8 -16 9 0
8 17 -10 0
-8 -17 10 0
8 18 -11 0
-8 -18 11 0
8 19 -12 0
-8 -19 12 0
8 20 -13 0
-8 -20 13 0
8 21 -14 0
-8 -21 14 0
8 22 -15 0
-8 -22 15 0
9 23 -10 0
-9 -23 10 0
9 24 -11 0
-9 -24 11 0
9 25 -12 0
-9 -25 12 0
9 26 -13 0
-9 -26 13 0
9 27 -14 0
-9 -27 14 0
9 28 -15 0
-9 -28 15 0
10 29 -11 0
-10 -29 11 0
10 30 -12 0
-10 -30 12 0
10 31 -13 0
-10 -31 13 0
10 32 -14 0
-10 -32 14 0
10 33 -15 0
-10 -33 15 0
11 34 -12 0
-11 -34 12 0
11 35 -13 0
-11 -35 13 0
11 36 -14 0
-11 -36 14 0
11 37 -15 0
-11 -37 15 0
12 38 -13 0
-12 -38 13 0
12 39 -14 0
-12 -39 14 0
12 40 -15 0
-12 -40 15 0
-13 14 0
13 41 -15 0
-13 -41 15 0
14 42 -15 0
-14 -42 15 0
16 23 -17 0
-16 -23 17 0
16 24 -18 0
-16 -24 18 0
16 25 -19 0
-16 -25 19 0
16 26 -20 0
-16 -26 20 0
16 27 -21 0
-16 -27 21 0
16 28 -22 0
-16 -28 22 0
17 29 -18 0
-17 -29 18 0
17 30 -19 0
-17 -30 19 0
17 31 -20 0
-17 -31 20 0
17 32 -21 0
-17 -32 21 0
17 33 -22 0
-17 -33 22 0
18 34 -19 0
-18 -34 19 0
18 35 -20 0
-18 -35 20 0
18 36 -21 0
-18 -36 21 0
18 37 -22 0
-18 -37 22 0
19 38 -20 0
-19 -38 20 0
19 39 -21 0
-19 -39 21 0
19 40 -22 0
-19 -40 22 0
-20 21 0
20 41 -22 0
-20 -41 22 0
21 42 -22 0
-21 -42 22 0
23 29 -24 0
-23 -29 24 0
23 30 -25 0
-23 -30 25 0
23 31 -26 0
-23 -31 26 0
23 32 -27 0
-23 -32 27 0
23 33 -28 0
-23 -33 28 0
24 34 -25 0
-24 -34 25 0
24 35 -26 0
-24 -35 26 0
24 36 -27 0
-24 -36 27 0
24 37 -28 0
-24 -37 28 0
25 38 -26 0
-25 -38 26 0
25 39 -27 0
-25 -39 27 0
25 40 -28 0
-25 -40 28 0
-26 27 0
26 41 -28 0
-26 -41 28 0
27 42 -28 0
-27 -42 28 0
29 34 -30 0
-29 -34 30 0
29 35 -31 0
-29 -35 31 0
29 36 -32 0
-29 -36 32 0
29 37 -33 0
-29 -37 33 0
30 38 -31 0
-30 -38 31 0
30 39 -32 0
-30 -39 32 0
30 40 -33 0
-30 -40 33 0
-31 32 0
31 41 -33 0
-31 -41 33 0
32 42 -33 0
-32 -42 33 0
34 38 -35 0
-34 -38 35 0
34 39 -36 0
-34 -39 36 0
34 40 -37 0
-34 -40 37 0
-35 36 0
35 41 -37 0
-35 -41 37 0
36 42 -37 0
-36 -42 37 0
-38 39 0
38 41 -40 0
-38 -41 40 0
39 42 -40 0
-39 -42 40 0
-42 41 0
