p cnf 187 758
1 2 3 4 5 6 7 8 9 10 11 12 13 14 15 16 0
73 74 75 76 77 78 79 80 81 82 83 84 85 86 87 88 89 90 0
91 92 93 94 95 96 97 98 99 100 101 102 103 104 105 106 107 108 109 0
110 111 112 113 114 115 116 117 118 119 120 121 122 123 124 125 126 127 128 129 130 0
131 132 133 134 135 136 137 138 139 140 141 142 143 144 145 146 147 148 149 150 151 0
170 171 172 173 174 175 176 177 178 179 180 181 182 183 184 185 186 187 0
-1 -17 0
-1 -34 0
-1 -53 0
-1 -73 0
-1 -91 0
-1 -110 0
-1 -131 0
-1 -152 0
-1 -170 0
-17 -34 0
-17 -53 0
-17 -73 0
-17 -91 0
-17 -110 0
-17 -131 0
-17 -152 0
-17 -170 0
-34 -53 0
-34 -73 0
-34 -91 0
-34 -110 0
-34 -131 0
-34 -152 0
-34 -170 0
-53 -73 0
-53 -91 0
-53 -110 0
-53 -131 0
-53 -152 0
-53 -170 0
-73 -91 0
-73 -110 0
-73 -131 0
-73 -152 0
-73 -170 0
-91 -110 0
-91 -131 0
-91 -152 0
-91 -170 0
-110 -131 0
-110 -152 0
-110 -170 0
-131 -152 0
-131 -170 0
-152 -170 0
-18 -35 0
-18 -54 0
-18 -74 0
-18 -92 0
-18 -111 0
-18 -132 0
-18 -153 0
-18 -171 0
-35 -54 0
-35 -74 0
-35 -92 0
-35 -111 0
-35 -132 0
-35 -153 0
-35 -171 0
-54 -74 0
-54 -92 0
-54 -111 0
-54 -132 0
-54 -153 0
-54 -171 0
-74 -92 0
-74 -111 0
-74 -132 0
-74 -153 0
-74 -171 0
-92 -111 0
-92 -132 0
-92 -153 0
-92 -171 0
-111 -132 0
-111 -153 0
-111 -171 0
-132 -153 0
-132 -171 0
-153 -171 0
-2 -19 0
-2 -36 0
-2 -55 0
-2 -75 0
-2 -93 0
-2 -112 0
-2 -133 0
-2 -154 0
-2 -172 0
-19 -36 0
-19 -55 0
-19 -75 0
-19 -93 0
-19 -112 0
-19 -133 0
-19 -154 0
-19 -172 0
-36 -55 0
-36 -75 0
-36 -93 0
-36 -112 0
-36 -133 0
-36 -154 0
-36 -172 0
-55 -75 0
-55 -93 0
-55 -112 0
-55 -133 0
-55 -154 0
-55 -172 0
-75 -93 0
-75 -112 0
-75 -133 0
-75 -154 0
-75 -172 0
-93 -112 0
-93 -133 0
-93 -154 0
-93 -172 0
-112 -133 0
-112 -154 0
-112 -172 0
-133 -154 0
-133 -172 0
-154 -172 0
-3 -20 0
-3 -37 0
-3 -56 0
-3 -94 0
-3 -113 0
-3 -134 0
-3 -155 0
-3 -173 0
-20 -37 0
-20 -56 0
-20 -94 0
-20 -113 0
-20 -134 0
-20 -155 0
-20 -173 0
-37 -56 0
-37 -94 0
-37 -113 0
-37 -134 0
-37 -155 0
-37 -173 0
-56 -94 0
-56 -113 0
-56 -134 0
-56 -155 0
-56 -173 0
-94 -113 0
-94 -134 0
-94 -155 0
-94 -173 0
-113 -134 0
-113 -155 0
-113 -173 0
-134 -155 0
-134 -173 0
-155 -173 0
-21 -38 0
-21 -57 0
-21 -76 0
-21 -95 0
-21 -114 0
-21 -135 0
-21 -156 0
-21 -174 0
-38 -57 0
-38 -76 0
-38 -95 0
-38 -114 0
-38 -135 0
-38 -156 0
-38 -174 0
-57 -76 0
-57 -95 0
-57 -114 0
-57 -135 0
-57 -156 0
-57 -174 0
-76 -95 0
-76 -114 0
-76 -135 0
-76 -156 0
-76 -174 0
-95 -114 0
-95 -135 0
-95 -156 0
-95 -174 0
-114 -135 0
-114 -156 0
-114 -174 0
-135 -156 0
-135 -174 0
-156 -174 0
-4 -22 0
-4 -39 0
-4 -58 0
-4 -77 0
-4 -96 0
-4 -115 0
-4 -136 0
-4 -157 0
-4 -175 0
-22 -39 0
-22 -58 0
-22 -77 0
-22 -96 0
-22 -115 0
-22 -136 0
-22 -157 0
-22 -175 0
-39 -58 0
-39 -77 0
-39 -96 0
-39 -115 0
-39 -136 0
-39 -157 0
-39 -175 0
-58 -77 0
-58 -96 0
-58 -115 0
-58 -136 0
-58 -157 0
-58 -175 0
-77 -96 0
-77 -115 0
-77 -136 0
-77 -157 0
-77 -175 0
-96 -115 0
-96 -136 0
-96 -157 0
-96 -175 0
-115 -136 0
-115 -157 0
-115 -175 0
-136 -157 0
-136 -175 0
-157 -175 0
-5 -40 0
-5 -59 0
-5 -78 0
-5 -97 0
-5 -116 0
-5 -137 0
-5 -158 0
-40 -59 0
-40 -78 0
-40 -97 0
-40 -116 0
-40 -137 0
-40 -158 0
-59 -78 0
-59 -97 0
-59 -116 0
-59 -137 0
-59 -158 0
-78 -97 0
-78 -116 0
-78 -137 0
-78 -158 0
-97 -116 0
-97 -137 0
-97 -158 0
-116 -137 0
-116 -158 0
-137 -158 0
-6 -41 0
-6 -60 0
-6 -79 0
-6 -117 0
-6 -138 0
-6 -159 0
-6 -176 0
-41 -60 0
-41 -79 0
-41 -117 0
-41 -138 0
-41 -159 0
-41 -176 0
-60 -79 0
-60 -117 0
-60 -138 0
-60 -159 0
-60 -176 0
-79 -117 0
-79 -138 0
-79 -159 0
-79 -176 0
-117 -138 0
-117 -159 0
-117 -176 0
-138 -159 0
-138 -176 0
-159 -176 0
-7 -42 0
-7 -61 0
-7 -80 0
-7 -98 0
-7 -118 0
-7 -139 0
-42 -61 0
-42 -80 0
-42 -98 0
-42 -118 0
-42 -139 0
-61 -80 0
-61 -98 0
-61 -118 0
-61 -139 0
-80 -98 0
-80 -118 0
-80 -139 0
-98 -118 0
-98 -139 0
-118 -139 0
-8 -23 0
-8 -43 0
-8 -62 0
-8 -81 0
-8 -99 0
-8 -119 0
-8 -140 0
-8 -160 0
-8 -177 0
-23 -43 0
-23 -62 0
-23 -81 0
-23 -99 0
-23 -119 0
-23 -140 0
-23 -160 0
-23 -177 0
-43 -62 0
-43 -81 0
-43 -99 0
-43 -119 0
-43 -140 0
-43 -160 0
-43 -177 0
-62 -81 0
-62 -99 0
-62 -119 0
-62 -140 0
-62 -160 0
-62 -177 0
-81 -99 0
-81 -119 0
-81 -140 0
-81 -160 0
-81 -177 0
-99 -119 0
-99 -140 0
-99 -160 0
-99 -177 0
-119 -140 0
-119 -160 0
-119 -177 0
-140 -160 0
-140 -177 0
-160 -177 0
-24 -44 0
-24 -63 0
-24 -100 0
-24 -120 0
-24 -141 0
-24 -161 0
-24 -178 0
-44 -63 0
-44 -100 0
-44 -120 0
-44 -141 0
-44 -161 0
-44 -178 0
-63 -100 0
-63 -120 0
-63 -141 0
-63 -161 0
-63 -178 0
-100 -120 0
-100 -141 0
-100 -161 0
-100 -178 0
-120 -141 0
-120 -161 0
-120 -178 0
-141 -161 0
-141 -178 0
-161 -178 0
-25 -45 0
-25 -64 0
-25 -101 0
-25 -121 0
-25 -142 0
-25 -179 0
-45 -64 0
-45 -101 0
-45 -121 0
-45 -142 0
-45 -179 0
-64 -101 0
-64 -121 0
-64 -142 0
-64 -179 0
-101 -121 0
-101 -142 0
-101 -179 0
-121 -142 0
-121 -179 0
-142 -179 0
-9 -26 0
-9 -46 0
-9 -65 0
-9 -82 0
-9 -102 0
-9 -122 0
-9 -143 0
-9 -162 0
-9 -180 0
-26 -46 0
-26 -65 0
-26 -82 0
-26 -102 0
-26 -122 0
-26 -143 0
-26 -162 0
-26 -180 0
-46 -65 0
-46 -82 0
-46 -102 0
-46 -122 0
-46 -143 0
-46 -162 0
-46 -180 0
-65 -82 0
-65 -102 0
-65 -122 0
-65 -143 0
-65 -162 0
-65 -180 0
-82 -102 0
-82 -122 0
-82 -143 0
-82 -162 0
-82 -180 0
-102 -122 0
-102 -143 0
-102 -162 0
-102 -180 0
-122 -143 0
-122 -162 0
-122 -180 0
-143 -162 0
-143 -180 0
-162 -180 0
-10 -27 0
-10 -66 0
-10 -83 0
-10 -123 0
-10 -144 0
-10 -163 0
-10 -181 0
-27 -66 0
-27 -83 0
-27 -123 0
-27 -144 0
-27 -163 0
-27 -181 0
-66 -83 0
-66 -123 0
-66 -144 0
-66 -163 0
-66 -181 0
-83 -123 0
-83 -144 0
-83 -163 0
-83 -181 0
-123 -144 0
-123 -163 0
-123 -181 0
-144 -163 0
-144 -181 0
-163 -181 0
-11 -28 0
-11 -47 0
-11 -67 0
-11 -84 0
-11 -103 0
-11 -124 0
-11 -145 0
-11 -164 0
-11 -182 0
-28 -47 0
-28 -67 0
-28 -84 0
-28 -103 0
-28 -124 0
-28 -145 0
-28 -164 0
-28 -182 0
-47 -67 0
-47 -84 0
-47 -103 0
-47 -124 0
-47 -145 0
-47 -164 0
-47 -182 0
-67 -84 0
-67 -103 0
-67 -124 0
-67 -145 0
-67 -164 0
-67 -182 0
-84 -103 0
-84 -124 0
-84 -145 0
-84 -164 0
-84 -182 0
-103 -124 0
-103 -145 0
-103 -164 0
-103 -182 0
-124 -145 0
-124 -164 0
-124 -182 0
-145 -164 0
-145 -182 0
-164 -182 0
-12 -48 0
-12 -68 0
-12 -85 0
-12 -104 0
-12 -125 0
-12 -146 0
-12 -165 0
-48 -68 0
-48 -85 0
-48 -104 0
-48 -125 0
-48 -146 0
-48 -165 0
-68 -85 0
-68 -104 0
-68 -125 0
-68 -146 0
-68 -165 0
-85 -104 0
-85 -125 0
-85 -146 0
-85 -165 0
-104 -125 0
-104 -146 0
-104 -165 0
-125 -146 0
-125 -165 0
-146 -165 0
-13 -29 0
-13 -86 0
-13 -105 0
-13 -126 0
-13 -147 0
-13 -183 0
-29 -86 0
-29 -105 0
-29 -126 0
-29 -147 0
-29 -183 0
-86 -105 0
-86 -126 0
-86 -147 0
-86 -183 0
-105 -126 0
-105 -147 0
-105 -183 0
-126 -147 0
-126 -183 0
-147 -183 0
-30 -49 0
-30 -69 0
-30 -87 0
-30 -106 0
-30 -127 0
-30 -148 0
-30 -166 0
-30 -184 0
-49 -69 0
-49 -87 0
-49 -106 0
-49 -127 0
-49 -148 0
-49 -166 0
-49 -184 0
-69 -87 0
-69 -106 0
-69 -127 0
-69 -148 0
-69 -166 0
-69 -184 0
-87 -106 0
-87 -127 0
-87 -148 0
-87 -166 0
-87 -184 0
-106 -127 0
-106 -148 0
-106 -166 0
-106 -184 0
-127 -148 0
-127 -166 0
-127 -184 0
-148 -166 0
-148 -184 0
-166 -184 0
-14 -31 0
-14 -50 0
-14 -70 0
-14 -88 0
-14 -107 0
-14 -128 0
-14 -149 0
-14 -167 0
-14 -185 0
-31 -50 0
-31 -70 0
-31 -88 0
-31 -107 0
-31 -128 0
-31 -149 0
-31 -167 0
-31 -185 0
-50 -70 0
-50 -88 0
-50 -107 0
-50 -128 0
-50 -149 0
-50 -167 0
-50 -185 0
-70 -88 0
-70 -107 0
-70 -128 0
-70 -149 0
-70 -167 0
-70 -185 0
-88 -107 0
-88 -128 0
-88 -149 0
-88 -167 0
-88 -185 0
-107 -128 0
-107 -149 0
-107 -167 0
-107 -185 0
-128 -149 0
-128 -167 0
-128 -185 0
-149 -167 0
-149 -185 0
-167 -185 0
-15 -32 0
-15 -51 0
-15 -71 0
-15 -89 0
-15 -108 0
-15 -129 0
-15 -150 0
-15 -168 0
-15 -186 0
-32 -51 0
-32 -71 0
-32 -89 0
-32 -108 0
-32 -129 0
-32 -150 0
-32 -168 0
-32 -186 0
-51 -71 0
-51 -89 0
-51 -108 0
-51 -129 0
-51 -150 0
-51 -168 0
-51 -186 0
-71 -89 0
-71 -108 0
-71 -129 0
-71 -150 0
-71 -168 0
-71 -186 0
-89 -108 0
-89 -129 0
-89 -150 0
-89 -168 0
-89 -186 0
-108 -129 0
-108 -150 0
-108 -168 0
-108 -186 0
-129 -150 0
-129 -168 0
-129 -186 0
-150 -168 0
-150 -186 0
-168 -186 0
-16 -33 0
-16 -52 0
-16 -72 0
-16 -90 0
-16 -109 0
-16 -130 0
-16 -151 0
-16 -169 0
-16 -187 0
-33 -52 0
-33 -72 0
-33 -90 0
-33 -109 0
-33 -130 0
-33 -151 0
-33 -169 0
-33 -187 0
-52 -72 0
-52 -90 0
-52 -109 0
-52 -130 0
-52 -151 0
-52 -169 0
-52 -187 0
-72 -90 0
-72 -109 0
-72 -130 0
-72 -151 0
-72 -169 0
-72 -187 0
-90 -109 0
-90 -130 0
-90 -151 0
-90 -169 0
-90 -187 0
-109 -130 0
-109 -151 0
-109 -169 0
-109 -187 0
-130 -151 0
-130 -169 0
-130 -187 0
-151 -169 0
-151 -187 0
-169 -187 0
