p cnf 19 68
2 -11 -12 -13 -14 0
9 13 17 -19 0
1 4 0
1 5 0
1 -2 0
1 6 0
1 7 0
1 8 -3 0
-1 -8 3 0
-1 -9 0
-1 -10 0
2 11 0
2 12 0
-2 3 0
-2 -13 0
-2 -14 0
-15 3 0
-16 3 0
-3 -17 0
-3 -18 0
-4 5 0
4 -6 0
4 -7 0
4 -8 0
4 -9 0
4 -10 0
5 -6 0
5 -7 0
5 -8 0
5 -9 0
5 -10 0
11 -6 0
12 -7 0
13 -9 0
14 -10 0
-6 7 0
6 15 -8 0
-6 -15 8 0
6 -9 0
6 -10 0
7 16 -8 0
-7 -16 8 0
7 -9 0
7 -10 0
8 17 -9 0
-8 -17 9 0
8 18 -10 0
-8 -18 10 0
9 19 -10 0
-9 -19 10 0
-11 12 0
11 15 0
11 -13 0
11 -14 0
12 16 0
12 -13 0
12 -14 0
-17 13 0
-18 14 0
13 19 -14 0
-13 -19 14 0
-16 15 0
-15 -17 0
-15 -18 0
-16 -17 0
-16 -18 0
17 19 -18 0
-17 -19 18 0
