p cnf 32 93
24 25 26 0
27 28 29 30 0
-3 -9 0
-3 -14 0
-3 -19 0
-3 -24 0
-3 -27 0
-9 -14 0
-9 -19 0
-9 -24 0
-9 -27 0
-14 -19 0
-14 -24 0
-14 -27 0
-19 -24 0
-19 -27 0
-24 -27 0
-1 -4 0
-1 -7 0
-1 -10 0
-1 -16 0
-1 -20 0
-1 -25 0
-1 -28 0
-4 -7 0
-4 -10 0
-4 -16 0
-4 -20 0
-4 -25 0
-4 -28 0
-7 -10 0
-7 -16 0
-7 -20 0
-7 -25 0
-7 -28 0
-10 -16 0
-10 -20 0
-10 -25 0
-10 -28 0
-16 -20 0
-16 -25 0
-16 -28 0
-20 -25 0
-20 -28 0
-25 -28 0
-5 -11 0
-5 -15 0
-5 -17 0
-5 -21 0
-5 -26 0
-5 -29 0
-5 -31 0
-11 -15 0
-11 -17 0
-11 -21 0
-11 -26 0
-11 -29 0
-11 -31 0
-15 -17 0
-15 -21 0
-15 -26 0
-15 -29 0
-15 -31 0
-17 -21 0
-17 -26 0
-17 -29 0
-17 -31 0
-21 -26 0
-21 -29 0
-21 -31 0
-26 -29 0
-26 -31 0
-29 -31 0
-12 -18 0
-12 -22 0
-12 -30 0
-12 -32 0
-18 -22 0
-18 -30 0
-18 -32 0
-22 -30 0
-22 -32 0
-30 -32 0
-2 -6 0
-2 -8 0
-2 -13 0
-2 -23 0
-6 -8 0
-6 -13 0
-6 -23 0
-8 -13 0
-8 -23 0
-13 -23 0
