p cnf 146 1133
-1 -2 0
-1 -3 0
-1 -4 0
-1 -5 0
-1 -6 0
-1 -7 0
-1 -8 0
-1 -9 0
-1 -10 0
-2 -3 0
-2 -4 0
-2 -5 0
-2 -6 0
-2 -7 0
-2 -8 0
-2 -9 0
-2 -10 0
-3 -4 0
-3 -5 0
-3 -6 0
-3 -7 0
-3 -8 0
-3 -9 0
-3 -10 0
-4 -5 0
-4 -6 0
-4 -7 0
-4 -8 0
-4 -9 0
-4 -10 0
-5 -6 0
-5 -7 0
-5 -8 0
-5 -9 0
-5 -10 0
-6 -7 0
-6 -8 0
-6 -9 0
-6 -10 0
-7 -8 0
-7 -9 0
-7 -10 0
-8 -9 0
-8 -10 0
-9 -10 0
1 2 3 4 5 6 7 8 9 10 0
-11 -12 0
-11 -13 0
-11 -14 0
-11 -15 0
-11 -16 0
-11 -17 0
-12 -13 0
-12 -14 0
-12 -15 0
-12 -16 0
-12 -17 0
-13 -14 0
-13 -15 0
-13 -16 0
-13 -17 0
-14 -15 0
-14 -16 0
-14 -17 0
-15 -16 0
-15 -17 0
-16 -17 0
11 12 13 14 15 16 17 0
-18 -19 0
-18 -20 0
-18 -21 0
-18 -22 0
-18 -23 0
-18 -24 0
-18 -25 0
-18 -26 0
-19 -20 0
-19 -21 0
-19 -22 0
-19 -23 0
-19 -24 0
-19 -25 0
-19 -26 0
-20 -21 0
-20 -22 0
-20 -23 0
-20 -24 0
-20 -25 0
-20 -26 0
-21 -22 0
-21 -23 0
-21 -24 0
-21 -25 0
-21 -26 0
-22 -23 0
-22 -24 0
-22 -25 0
-22 -26 0
-23 -24 0
-23 -25 0
-23 -26 0
-24 -25 0
-24 -26 0
-25 -26 0
18 19 20 21 22 23 24 25 26 0
-27 -28 0
-27 -29 0
-27 -30 0
-27 -31 0
-27 -32 0
-27 -33 0
-27 -34 0
-27 -35 0
-28 -29 0
-28 -30 0
-28 -31 0
-28 -32 0
-28 -33 0
-28 -34 0
-28 -35 0
-29 -30 0
-29 -31 0
-29 -32 0
-29 -33 0
-29 -34 0
-29 -35 0
-30 -31 0
-30 -32 0
-30 -33 0
-30 -34 0
-30 -35 0
-31 -32 0
-31 -33 0
-31 -34 0
-31 -35 0
-32 -33 0
-32 -34 0
-32 -35 0
-33 -34 0
-33 -35 0
-34 -35 0
27 28 29 30 31 32 33 34 35 0
-36 -37 0
-36 -38 0
-36 -39 0
-36 -40 0
-36 -41 0
-36 -42 0
-36 -43 0
-37 -38 0
-37 -39 0
-37 -40 0
-37 -41 0
-37 -42 0
-37 -43 0
-38 -39 0
-38 -40 0
-38 -41 0
-38 -42 0
-38 -43 0
-39 -40 0
-39 -41 0
-39 -42 0
-39 -43 0
-40 -41 0
-40 -42 0
-40 -43 0
-41 -42 0
-41 -43 0
-42 -43 0
36 37 38 39 40 41 42 43 0
-44 -45 0
-44 -46 0
-44 -47 0
-44 -48 0
-45 -46 0
-45 -47 0
-45 -48 0
-46 -47 0
-46 -48 0
-47 -48 0
44 45 46 47 48 0
-49 -50 0
-49 -51 0
-49 -52 0
-49 -53 0
-50 -51 0
-50 -52 0
-50 -53 0
-51 -52 0
-51 -53 0
-52 -53 0
49 50 51 52 53 0
-44 -54 0
-44 -55 0
-44 -56 0
-44 -57 0
-44 -58 0
-44 -59 0
-44 -60 0
-44 -61 0
-54 -55 0
-54 -56 0
-54 -57 0
-54 -58 0
-54 -59 0
-54 -60 0
-54 -61 0
-55 -56 0
-55 -57 0
-55 -58 0
-55 -59 0
-55 -60 0
-55 -61 0
-56 -57 0
-56 -58 0
-56 -59 0
-56 -60 0
-56 -61 0
-57 -58 0
-57 -59 0
-57 -60 0
-57 -61 0
-58 -59 0
-58 -60 0
-58 -61 0
-59 -60 0
-59 -61 0
-60 -61 0
44 54 55 56 57 58 59 60 61 0
-62 -63 0
-62 -64 0
-62 -65 0
-62 -66 0
-62 -67 0
-62 -68 0
-62 -69 0
-63 -64 0
-63 -65 0
-63 -66 0
-63 -67 0
-63 -68 0
-63 -69 0
-64 -65 0
-64 -66 0
-64 -67 0
-64 -68 0
-64 -69 0
-65 -66 0
-65 -67 0
-65 -68 0
-65 -69 0
-66 -67 0
-66 -68 0
-66 -69 0
-67 -68 0
-67 -69 0
-68 -69 0
62 63 64 65 66 67 68 69 0
-11 -36 0
-11 -54 0
-11 -62 0
-11 -70 0
-11 -71 0
-11 -72 0
-11 -73 0
-11 -74 0
-36 -54 0
-36 -62 0
-36 -70 0
-36 -71 0
-36 -72 0
-36 -73 0
-36 -74 0
-54 -62 0
-54 -70 0
-54 -71 0
-54 -72 0
-54 -73 0
-54 -74 0
-62 -70 0
-62 -71 0
-62 -72 0
-62 -73 0
-62 -74 0
-70 -71 0
-70 -72 0
-70 -73 0
-70 -74 0
-71 -72 0
-71 -73 0
-71 -74 0
-72 -73 0
-72 -74 0
-73 -74 0
11 36 54 62 70 71 72 73 74 0
-1 -18 0
-1 -27 0
-1 -37 0
-1 -49 0
-1 -70 0
-1 -75 0
-1 -76 0
-1 -77 0
-1 -78 0
-1 -79 0
-1 -80 0
-1 -81 0
-1 -82 0
-1 -83 0
-18 -27 0
-18 -37 0
-18 -49 0
-18 -70 0
-18 -75 0
-18 -76 0
-18 -77 0
-18 -78 0
-18 -79 0
-18 -80 0
-18 -81 0
-18 -82 0
-18 -83 0
-27 -37 0
-27 -49 0
-27 -70 0
-27 -75 0
-27 -76 0
-27 -77 0
-27 -78 0
-27 -79 0
-27 -80 0
-27 -81 0
-27 -82 0
-27 -83 0
-37 -49 0
-37 -70 0
-37 -75 0
-37 -76 0
-37 -77 0
-37 -78 0
-37 -79 0
-37 -80 0
-37 -81 0
-37 -82 0
-37 -83 0
-49 -70 0
-49 -75 0
-49 -76 0
-49 -77 0
-49 -78 0
-49 -79 0
-49 -80 0
-49 -81 0
-49 -82 0
-49 -83 0
-70 -75 0
-70 -76 0
-70 -77 0
-70 -78 0
-70 -79 0
-70 -80 0
-70 -81 0
-70 -82 0
-70 -83 0
-75 -76 0
-75 -77 0
-75 -78 0
-75 -79 0
-75 -80 0
-75 -81 0
-75 -82 0
-75 -83 0
-76 -77 0
-76 -78 0
-76 -79 0
-76 -80 0
-76 -81 0
-76 -82 0
-76 -83 0
-77 -78 0
-77 -79 0
-77 -80 0
-77 -81 0
-77 -82 0
-77 -83 0
-78 -79 0
-78 -80 0
-78 -81 0
-78 -82 0
-78 -83 0
-79 -80 0
-79 -81 0
-79 -82 0
-79 -83 0
-80 -81 0
-80 -82 0
-80 -83 0
-81 -82 0
-81 -83 0
-82 -83 0
1 18 27 37 49 70 75 76 77 78 79 80 81 82 83 0
-19 -55 0
-19 -75 0
-19 -84 0
-19 -85 0
-19 -86 0
-19 -87 0
-19 -88 0
-19 -89 0
-55 -75 0
-55 -84 0
-55 -85 0
-55 -86 0
-55 -87 0
-55 -88 0
-55 -89 0
-75 -84 0
-75 -85 0
-75 -86 0
-75 -87 0
-75 -88 0
-75 -89 0
-84 -85 0
-84 -86 0
-84 -87 0
-84 -88 0
-84 -89 0
-85 -86 0
-85 -87 0
-85 -88 0
-85 -89 0
-86 -87 0
-86 -88 0
-86 -89 0
-87 -88 0
-87 -89 0
-88 -89 0
19 55 75 84 85 86 87 88 89 0
-63 -90 0
-63 -91 0
-63 -92 0
-63 -93 0
-90 -91 0
-90 -92 0
-90 -93 0
-91 -92 0
-91 -93 0
-92 -93 0
63 90 91 92 93 0
-90 -94 0
-90 -95 0
-90 -96 0
-90 -97 0
-90 -98 0
-94 -95 0
-94 -96 0
-94 -97 0
-94 -98 0
-95 -96 0
-95 -97 0
-95 -98 0
-96 -97 0
-96 -98 0
-97 -98 0
90 94 95 96 97 98 0
-56 -76 0
-56 -99 0
-56 -100 0
-56 -101 0
-56 -102 0
-76 -99 0
-76 -100 0
-76 -101 0
-76 -102 0
-99 -100 0
-99 -101 0
-99 -102 0
-100 -101 0
-100 -102 0
-101 -102 0
56 76 99 100 101 102 0
-20 -57 0
-20 -64 0
-20 -91 0
-20 -94 0
-20 -103 0
-20 -104 0
-20 -105 0
-20 -106 0
-20 -107 0
-20 -108 0
-57 -64 0
-57 -91 0
-57 -94 0
-57 -103 0
-57 -104 0
-57 -105 0
-57 -106 0
-57 -107 0
-57 -108 0
-64 -91 0
-64 -94 0
-64 -103 0
-64 -104 0
-64 -105 0
-64 -106 0
-64 -107 0
-64 -108 0
-91 -94 0
-91 -103 0
-91 -104 0
-91 -105 0
-91 -106 0
-91 -107 0
-91 -108 0
-94 -103 0
-94 -104 0
-94 -105 0
-94 -106 0
-94 -107 0
-94 -108 0
-103 -104 0
-103 -105 0
-103 -106 0
-103 -107 0
-103 -108 0
-104 -105 0
-104 -106 0
-104 -107 0
-104 -108 0
-105 -106 0
-105 -107 0
-105 -108 0
-106 -107 0
-106 -108 0
-107 -108 0
20 57 64 91 94 103 104 105 106 107 108 0
-2 -28 0
-2 -50 0
-2 -65 0
-2 -84 0
-2 -99 0
-2 -103 0
-2 -109 0
-2 -110 0
-2 -111 0
-2 -112 0
-2 -113 0
-2 -114 0
-28 -50 0
-28 -65 0
-28 -84 0
-28 -99 0
-28 -103 0
-28 -109 0
-28 -110 0
-28 -111 0
-28 -112 0
-28 -113 0
-28 -114 0
-50 -65 0
-50 -84 0
-50 -99 0
-50 -103 0
-50 -109 0
-50 -110 0
-50 -111 0
-50 -112 0
-50 -113 0
-50 -114 0
-65 -84 0
-65 -99 0
-65 -103 0
-65 -109 0
-65 -110 0
-65 -111 0
-65 -112 0
-65 -113 0
-65 -114 0
-84 -99 0
-84 -103 0
-84 -109 0
-84 -110 0
-84 -111 0
-84 -112 0
-84 -113 0
-84 -114 0
-99 -103 0
-99 -109 0
-99 -110 0
-99 -111 0
-99 -112 0
-99 -113 0
-99 -114 0
-103 -109 0
-103 -110 0
-103 -111 0
-103 -112 0
-103 -113 0
-103 -114 0
-109 -110 0
-109 -111 0
-109 -112 0
-109 -113 0
-109 -114 0
-110 -111 0
-110 -112 0
-110 -113 0
-110 -114 0
-111 -112 0
-111 -113 0
-111 -114 0
-112 -113 0
-112 -114 0
-113 -114 0
2 28 50 65 84 99 103 109 110 111 112 113 114 0
-38 -77 0
-38 -104 0
-38 -115 0
-38 -116 0
-77 -104 0
-77 -115 0
-77 -116 0
-104 -115 0
-104 -116 0
-115 -116 0
38 77 104 115 116 0
-45 -92 0
-45 -95 0
-45 -117 0
-92 -95 0
-92 -117 0
-95 -117 0
45 92 95 117 0
-105 -109 0
-105 -115 0
-105 -118 0
-105 -119 0
-105 -120 0
-109 -115 0
-109 -118 0
-109 -119 0
-109 -120 0
-115 -118 0
-115 -119 0
-115 -120 0
-118 -119 0
-118 -120 0
-119 -120 0
105 109 115 118 119 120 0
-29 -66 0
-29 -85 0
-29 -121 0
-29 -122 0
-29 -123 0
-66 -85 0
-66 -121 0
-66 -122 0
-66 -123 0
-85 -121 0
-85 -122 0
-85 -123 0
-121 -122 0
-121 -123 0
-122 -123 0
29 66 85 121 122 123 0
-12 -71 0
-12 -78 0
-12 -86 0
-12 -100 0
-12 -106 0
-12 -124 0
-12 -125 0
-12 -126 0
-12 -127 0
-71 -78 0
-71 -86 0
-71 -100 0
-71 -106 0
-71 -124 0
-71 -125 0
-71 -126 0
-71 -127 0
-78 -86 0
-78 -100 0
-78 -106 0
-78 -124 0
-78 -125 0
-78 -126 0
-78 -127 0
-86 -100 0
-86 -106 0
-86 -124 0
-86 -125 0
-86 -126 0
-86 -127 0
-100 -106 0
-100 -124 0
-100 -125 0
-100 -126 0
-100 -127 0
-106 -124 0
-106 -125 0
-106 -126 0
-106 -127 0
-124 -125 0
-124 -126 0
-124 -127 0
-125 -126 0
-125 -127 0
-126 -127 0
12 71 78 86 100 106 124 125 126 127 0
-3 -21 0
-3 -30 0
-3 -124 0
-3 -128 0
-3 -129 0
-3 -130 0
-21 -30 0
-21 -124 0
-21 -128 0
-21 -129 0
-21 -130 0
-30 -124 0
-30 -128 0
-30 -129 0
-30 -130 0
-124 -128 0
-124 -129 0
-124 -130 0
-128 -129 0
-128 -130 0
-129 -130 0
3 21 30 124 128 129 130 0
-4 -39 0
-4 -46 0
-4 -51 0
-4 -93 0
-4 -107 0
-4 -128 0
-4 -131 0
-4 -132 0
-4 -133 0
-39 -46 0
-39 -51 0
-39 -93 0
-39 -107 0
-39 -128 0
-39 -131 0
-39 -132 0
-39 -133 0
-46 -51 0
-46 -93 0
-46 -107 0
-46 -128 0
-46 -131 0
-46 -132 0
-46 -133 0
-51 -93 0
-51 -107 0
-51 -128 0
-51 -131 0
-51 -132 0
-51 -133 0
-93 -107 0
-93 -128 0
-93 -131 0
-93 -132 0
-93 -133 0
-107 -128 0
-107 -131 0
-107 -132 0
-107 -133 0
-128 -131 0
-128 -132 0
-128 -133 0
-131 -132 0
-131 -133 0
-132 -133 0
4 39 46 51 93 107 128 131 132 133 0
-5 -22 0
-5 -58 0
-5 -108 0
-5 -129 0
-22 -58 0
-22 -108 0
-22 -129 0
-58 -108 0
-58 -129 0
-108 -129 0
5 22 58 108 129 0
-23 -52 0
-23 -59 0
-23 -79 0
-23 -87 0
-23 -96 0
-23 -110 0
-23 -116 0
-23 -130 0
-23 -134 0
-23 -135 0
-23 -136 0
-52 -59 0
-52 -79 0
-52 -87 0
-52 -96 0
-52 -110 0
-52 -116 0
-52 -130 0
-52 -134 0
-52 -135 0
-52 -136 0
-59 -79 0
-59 -87 0
-59 -96 0
-59 -110 0
-59 -116 0
-59 -130 0
-59 -134 0
-59 -135 0
-59 -136 0
-79 -87 0
-79 -96 0
-79 -110 0
-79 -116 0
-79 -130 0
-79 -134 0
-79 -135 0
-79 -136 0
-87 -96 0
-87 -110 0
-87 -116 0
-87 -130 0
-87 -134 0
-87 -135 0
-87 -136 0
-96 -110 0
-96 -116 0
-96 -130 0
-96 -134 0
-96 -135 0
-96 -136 0
-110 -116 0
-110 -130 0
-110 -134 0
-110 -135 0
-110 -136 0
-116 -130 0
-116 -134 0
-116 -135 0
-116 -136 0
-130 -134 0
-130 -135 0
-130 -136 0
-134 -135 0
-134 -136 0
-135 -136 0
23 52 59 79 87 96 110 116 130 134 135 136 0
-6 -31 0
-6 -40 0
-6 -60 0
-6 -72 0
-6 -111 0
-6 -118 0
-6 -131 0
-6 -137 0
-6 -138 0
-31 -40 0
-31 -60 0
-31 -72 0
-31 -111 0
-31 -118 0
-31 -131 0
-31 -137 0
-31 -138 0
-40 -60 0
-40 -72 0
-40 -111 0
-40 -118 0
-40 -131 0
-40 -137 0
-40 -138 0
-60 -72 0
-60 -111 0
-60 -118 0
-60 -131 0
-60 -137 0
-60 -138 0
-72 -111 0
-72 -118 0
-72 -131 0
-72 -137 0
-72 -138 0
-111 -118 0
-111 -131 0
-111 -137 0
-111 -138 0
-118 -131 0
-118 -137 0
-118 -138 0
-131 -137 0
-131 -138 0
-137 -138 0
6 31 40 60 72 111 118 131 137 138 0
-7 -13 0
-7 -61 0
-7 -112 0
-7 -139 0
-7 -140 0
-7 -141 0
-13 -61 0
-13 -112 0
-13 -139 0
-13 -140 0
-13 -141 0
-61 -112 0
-61 -139 0
-61 -140 0
-61 -141 0
-112 -139 0
-112 -140 0
-112 -141 0
-139 -140 0
-139 -141 0
-140 -141 0
7 13 61 112 139 140 141 0
-14 -67 0
-14 -80 0
-14 -97 0
-14 -101 0
-14 -142 0
-67 -80 0
-67 -97 0
-67 -101 0
-67 -142 0
-80 -97 0
-80 -101 0
-80 -142 0
-97 -101 0
-97 -142 0
-101 -142 0
14 67 80 97 101 142 0
-8 -24 0
-8 -32 0
-8 -68 0
-8 -139 0
-8 -143 0
-24 -32 0
-24 -68 0
-24 -139 0
-24 -143 0
-32 -68 0
-32 -139 0
-32 -143 0
-68 -139 0
-68 -143 0
-139 -143 0
8 24 32 68 139 143 0
-53 -88 0
-53 -98 0
-53 -102 0
-88 -98 0
-88 -102 0
-98 -102 0
53 88 98 102 0
-15 -33 0
-15 -69 0
-15 -73 0
-15 -125 0
-15 -137 0
-33 -69 0
-33 -73 0
-33 -125 0
-33 -137 0
-69 -73 0
-69 -125 0
-69 -137 0
-73 -125 0
-73 -137 0
-125 -137 0
15 33 69 73 125 137 0
-25 -47 0
-25 -117 0
-25 -126 0
-25 -132 0
-25 -134 0
-25 -140 0
-25 -142 0
-25 -144 0
-25 -145 0
-47 -117 0
-47 -126 0
-47 -132 0
-47 -134 0
-47 -140 0
-47 -142 0
-47 -144 0
-47 -145 0
-117 -126 0
-117 -132 0
-117 -134 0
-117 -140 0
-117 -142 0
-117 -144 0
-117 -145 0
-126 -132 0
-126 -134 0
-126 -140 0
-126 -142 0
-126 -144 0
-126 -145 0
-132 -134 0
-132 -140 0
-132 -142 0
-132 -144 0
-132 -145 0
-134 -140 0
-134 -142 0
-134 -144 0
-134 -145 0
-140 -142 0
-140 -144 0
-140 -145 0
-142 -144 0
-142 -145 0
-144 -145 0
25 47 117 126 132 134 140 142 144 145 0
-9 -26 0
-9 -74 0
-9 -89 0
-9 -133 0
-9 -138 0
-9 -146 0
-26 -74 0
-26 -89 0
-26 -133 0
-26 -138 0
-26 -146 0
-74 -89 0
-74 -133 0
-74 -138 0
-74 -146 0
-89 -133 0
-89 -138 0
-89 -146 0
-133 -138 0
-133 -146 0
-138 -146 0
9 26 74 89 133 138 146 0
-41 -81 0
-41 -113 0
-41 -119 0
-41 -121 0
-41 -135 0
-81 -113 0
-81 -119 0
-81 -121 0
-81 -135 0
-113 -119 0
-113 -121 0
-113 -135 0
-119 -121 0
-119 -135 0
-121 -135 0
41 81 113 119 121 135 0
-42 -48 0
-42 -82 0
-42 -114 0
-42 -120 0
-42 -122 0
-42 -144 0
-48 -82 0
-48 -114 0
-48 -120 0
-48 -122 0
-48 -144 0
-82 -114 0
-82 -120 0
-82 -122 0
-82 -144 0
-114 -120 0
-114 -122 0
-114 -144 0
-120 -122 0
-120 -144 0
-122 -144 0
42 48 82 114 120 122 144 0
-16 -34 0
-16 -83 0
-16 -123 0
-16 -136 0
-16 -141 0
-34 -83 0
-34 -123 0
-34 -136 0
-34 -141 0
-83 -123 0
-83 -136 0
-83 -141 0
-123 -136 0
-123 -141 0
-136 -141 0
16 34 83 123 136 141 0
-10 -17 0
-10 -35 0
-10 -43 0
-10 -127 0
-10 -143 0
-10 -145 0
-10 -146 0
-17 -35 0
-17 -43 0
-17 -127 0
-17 -143 0
-17 -145 0
-17 -146 0
-35 -43 0
-35 -127 0
-35 -143 0
-35 -145 0
-35 -146 0
-43 -127 0
-43 -143 0
-43 -145 0
-43 -146 0
-127 -143 0
-127 -145 0
-127 -146 0
-143 -145 0
-143 -146 0
-145 -146 0
10 17 35 43 127 143 145 146 0
