p cnf 80 292
1 2 3 4 5 6 7 0
30 31 32 33 34 35 36 0
-1 -8 0
-1 -15 0
-1 -30 0
-1 -37 0
-1 -46 0
-1 -56 0
-1 -66 0
-1 -73 0
-8 -15 0
-8 -30 0
-8 -37 0
-8 -46 0
-8 -56 0
-8 -66 0
-8 -73 0
-15 -30 0
-15 -37 0
-15 -46 0
-15 -56 0
-15 -66 0
-15 -73 0
-30 -37 0
-30 -46 0
-30 -56 0
-30 -66 0
-30 -73 0
-37 -46 0
-37 -56 0
-37 -66 0
-37 -73 0
-46 -56 0
-46 -66 0
-46 -73 0
-56 -66 0
-56 -73 0
-66 -73 0
-9 -23 0
-9 -31 0
-9 -38 0
-9 -47 0
-9 -57 0
-9 -67 0
-9 -74 0
-23 -31 0
-23 -38 0
-23 -47 0
-23 -57 0
-23 -67 0
-23 -74 0
-31 -38 0
-31 -47 0
-31 -57 0
-31 -67 0
-31 -74 0
-38 -47 0
-38 -57 0
-38 -67 0
-38 -74 0
-47 -57 0
-47 -67 0
-47 -74 0
-57 -67 0
-57 -74 0
-67 -74 0
-2 -16 0
-2 -24 0
-2 -32 0
-2 -39 0
-2 -48 0
-2 -58 0
-2 -68 0
-16 -24 0
-16 -32 0
-16 -39 0
-16 -48 0
-16 -58 0
-16 -68 0
-24 -32 0
-24 -39 0
-24 -48 0
-24 -58 0
-24 -68 0
-32 -39 0
-32 -48 0
-32 -58 0
-32 -68 0
-39 -48 0
-39 -58 0
-39 -68 0
-48 -58 0
-48 -68 0
-58 -68 0
-3 -17 0
-3 -33 0
-3 -49 0
-3 -59 0
-3 -75 0
-17 -33 0
-17 -49 0
-17 -59 0
-17 -75 0
-33 -49 0
-33 -59 0
-33 -75 0
-49 -59 0
-49 -75 0
-59 -75 0
-10 -18 0
-10 -25 0
-10 -40 0
-10 -50 0
-10 -60 0
-10 -76 0
-18 -25 0
-18 -40 0
-18 -50 0
-18 -60 0
-18 -76 0
-25 -40 0
-25 -50 0
-25 -60 0
-25 -76 0
-40 -50 0
-40 -60 0
-40 -76 0
-50 -60 0
-50 -76 0
-60 -76 0
-4 -11 0
-4 -19 0
-4 -26 0
-4 -34 0
-4 -41 0
-4 -51 0
-4 -61 0
-4 -69 0
-4 -77 0
-11 -19 0
-11 -26 0
-11 -34 0
-11 -41 0
-11 -51 0
-11 -61 0
-11 -69 0
-11 -77 0
-19 -26 0
-19 -34 0
-19 -41 0
-19 -51 0
-19 -61 0
-19 -69 0
-19 -77 0
-26 -34 0
-26 -41 0
-26 -51 0
-26 -61 0
-26 -69 0
-26 -77 0
-34 -41 0
-34 -51 0
-34 -61 0
-34 -69 0
-34 -77 0
-41 -51 0
-41 -61 0
-41 -69 0
-41 -77 0
-51 -61 0
-51 -69 0
-51 -77 0
-61 -69 0
-61 -77 0
-69 -77 0
-5 -20 0
-5 -27 0
-5 -42 0
-5 -52 0
-5 -62 0
-5 -70 0
-20 -27 0
-20 -42 0
-20 -52 0
-20 -62 0
-20 -70 0
-27 -42 0
-27 -52 0
-27 -62 0
-27 -70 0
-42 -52 0
-42 -62 0
-42 -70 0
-52 -62 0
-52 -70 0
-62 -70 0
-6 -12 0
-6 -43 0
-6 -53 0
-6 -63 0
-6 -78 0
-12 -43 0
-12 -53 0
-12 -63 0
-12 -78 0
-43 -53 0
-43 -63 0
-43 -78 0
-53 -63 0
-53 -78 0
-63 -78 0
-13 -21 0
-13 -28 0
-13 -35 0
-13 -44 0
-13 -54 0
-13 -64 0
-13 -71 0
-13 -79 0
-21 -28 0
-21 -35 0
-21 -44 0
-21 -54 0
-21 -64 0
-21 -71 0
-21 -79 0
-28 -35 0
-28 -44 0
-28 -54 0
-28 -64 0
-28 -71 0
-28 -79 0
-35 -44 0
-35 -54 0
-35 -64 0
-35 -71 0
-35 -79 0
-44 -54 0
-44 -64 0
-44 -71 0
-44 -79 0
-54 -64 0
-54 -71 0
-54 -79 0
-64 -71 0
-64 -79 0
-71 -79 0
-7 -14 0
-7 -22 0
-7 -29 0
-7 -36 0
-7 -45 0
-7 -55 0
-7 -65 0
-7 -72 0
-7 -80 0
-14 -22 0
-14 -29 0
-14 -36 0
-14 -45 0
-14 -55 0
-14 -65 0
-14 -72 0
-14 -80 0
-22 -29 0
-22 -36 0
-22 -45 0
-22 -55 0
-22 -65 0
-22 -72 0
-22 -80 0
-29 -36 0
-29 -45 0
-29 -55 0
-29 -65 0
-29 -72 0
-29 -80 0
-36 -45 0
-36 -55 0
-36 -65 0
-36 -72 0
-36 -80 0
-45 -55 0
-45 -65 0
-45 -72 0
-45 -80 0
-55 -65 0
-55 -72 0
-55 -80 0
-65 -72 0
-65 -80 0
-72 -80 0
