p cnf 194 816
1 2 3 4 5 6 7 8 9 10 11 12 13 14 15 16 17 18 19 20 0
21 22 23 24 25 26 27 28 29 30 31 32 33 34 35 36 37 38 39 0
40 41 42 43 44 45 46 47 48 49 50 51 52 53 54 55 56 57 58 59 0
60 61 62 63 64 65 66 67 68 69 70 71 72 73 74 75 76 77 78 0
97 98 99 100 101 102 103 104 105 106 107 108 109 110 111 112 113 114 115 116 0
117 118 119 120 121 122 123 124 125 126 127 128 129 130 131 132 133 134 0
135 136 137 138 139 140 141 142 143 144 145 146 147 148 149 150 151 152 153 154 155 0
-1 -21 0
-1 -60 0
-1 -79 0
-1 -97 0
-1 -117 0
-1 -135 0
-1 -156 0
-1 -174 0
-21 -60 0
-21 -79 0
-21 -97 0
-21 -117 0
-21 -135 0
-21 -156 0
-21 -174 0
-60 -79 0
-60 -97 0
-60 -117 0
-60 -135 0
-60 -156 0
-60 -174 0
-79 -97 0
-79 -117 0
-79 -135 0
-79 -156 0
-79 -174 0
-97 -117 0
-97 -135 0
-97 -156 0
-97 -174 0
-117 -135 0
-117 -156 0
-117 -174 0
-135 -156 0
-135 -174 0
-156 -174 0
-2 -22 0
-2 -40 0
-2 -61 0
-2 -80 0
-2 -98 0
-2 -118 0
-2 -136 0
-2 -175 0
-22 -40 0
-22 -61 0
-22 -80 0
-22 -98 0
-22 -118 0
-22 -136 0
-22 -175 0
-40 -61 0
-40 -80 0
-40 -98 0
-40 -118 0
-40 -136 0
-40 -175 0
-61 -80 0
-61 -98 0
-61 -118 0
-61 -136 0
-61 -175 0
-80 -98 0
-80 -118 0
-80 -136 0
-80 -175 0
-98 -118 0
-98 -136 0
-98 -175 0
-118 -136 0
-118 -175 0
-136 -175 0
-3 -23 0
-3 -41 0
-3 -62 0
-3 -81 0
-3 -99 0
-3 -119 0
-3 -137 0
-3 -157 0
-3 -176 0
-23 -41 0
-23 -62 0
-23 -81 0
-23 -99 0
-23 -119 0
-23 -137 0
-23 -157 0
-23 -176 0
-41 -62 0
-41 -81 0
-41 -99 0
-41 -119 0
-41 -137 0
-41 -157 0
-41 -176 0
-62 -81 0
-62 -99 0
-62 -119 0
-62 -137 0
-62 -157 0
-62 -176 0
-81 -99 0
-81 -119 0
-81 -137 0
-81 -157 0
-81 -176 0
-99 -119 0
-99 -137 0
-99 -157 0
-99 -176 0
-119 -137 0
-119 -157 0
-119 -176 0
-137 -157 0
-137 -176 0
-157 -176 0
-4 -42 0
-4 -63 0
-4 -120 0
-4 -138 0
-4 -177 0
-42 -63 0
-42 -120 0
-42 -138 0
-42 -177 0
-63 -120 0
-63 -138 0
-63 -177 0
-120 -138 0
-120 -177 0
-138 -177 0
-5 -24 0
-5 -43 0
-5 -64 0
-5 -82 0
-5 -100 0
-5 -121 0
-5 -139 0
-5 -158 0
-5 -178 0
-24 -43 0
-24 -64 0
-24 -82 0
-24 -100 0
-24 -121 0
-24 -139 0
-24 -158 0
-24 -178 0
-43 -64 0
-43 -82 0
-43 -100 0
-43 -121 0
-43 -139 0
-43 -158 0
-43 -178 0
-64 -82 0
-64 -100 0
-64 -121 0
-64 -139 0
-64 -158 0
-64 -178 0
-82 -100 0
-82 -121 0
-82 -139 0
-82 -158 0
-82 -178 0
-100 -121 0
-100 -139 0
-100 -158 0
-100 -178 0
-121 -139 0
-121 -158 0
-121 -178 0
-139 -158 0
-139 -178 0
-158 -178 0
-6 -25 0
-6 -44 0
-6 -65 0
-6 -83 0
-6 -101 0
-6 -140 0
-6 -159 0
-6 -179 0
-25 -44 0
-25 -65 0
-25 -83 0
-25 -101 0
-25 -140 0
-25 -159 0
-25 -179 0
-44 -65 0
-44 -83 0
-44 -101 0
-44 -140 0
-44 -159 0
-44 -179 0
-65 -83 0
-65 -101 0
-65 -140 0
-65 -159 0
-65 -179 0
-83 -101 0
-83 -140 0
-83 -159 0
-83 -179 0
-101 -140 0
-101 -159 0
-101 -179 0
-140 -159 0
-140 -179 0
-159 -179 0
-7 -26 0
-7 -45 0
-7 -66 0
-7 -84 0
-7 -102 0
-7 -141 0
-7 -160 0
-7 -180 0
-26 -45 0
-26 -66 0
-26 -84 0
-26 -102 0
-26 -141 0
-26 -160 0
-26 -180 0
-45 -66 0
-45 -84 0
-45 -102 0
-45 -141 0
-45 -160 0
-45 -180 0
-66 -84 0
-66 -102 0
-66 -141 0
-66 -160 0
-66 -180 0
-84 -102 0
-84 -141 0
-84 -160 0
-84 -180 0
-102 -141 0
-102 -160 0
-102 -180 0
-141 -160 0
-141 -180 0
-160 -180 0
-27 -46 0
-27 -85 0
-27 -103 0
-27 -122 0
-27 -142 0
-27 -161 0
-27 -181 0
-46 -85 0
-46 -103 0
-46 -122 0
-46 -142 0
-46 -161 0
-46 -181 0
-85 -103 0
-85 -122 0
-85 -142 0
-85 -161 0
-85 -181 0
-103 -122 0
-103 -142 0
-103 -161 0
-103 -181 0
-122 -142 0
-122 -161 0
-122 -181 0
-142 -161 0
-142 -181 0
-161 -181 0
-8 -28 0
-8 -47 0
-8 -67 0
-8 -86 0
-8 -104 0
-8 -123 0
-8 -143 0
-8 -162 0
-8 -182 0
-28 -47 0
-28 -67 0
-28 -86 0
-28 -104 0
-28 -123 0
-28 -143 0
-28 -162 0
-28 -182 0
-47 -67 0
-47 -86 0
-47 -104 0
-47 -123 0
-47 -143 0
-47 -162 0
-47 -182 0
-67 -86 0
-67 -104 0
-67 -123 0
-67 -143 0
-67 -162 0
-67 -182 0
-86 -104 0
-86 -123 0
-86 -143 0
-86 -162 0
-86 -182 0
-104 -123 0
-104 -143 0
-104 -162 0
-104 -182 0
-123 -143 0
-123 -162 0
-123 -182 0
-143 -162 0
-143 -182 0
-162 -182 0
-9 -48 0
-9 -68 0
-9 -105 0
-9 -124 0
-9 -144 0
-9 -163 0
-9 -183 0
-48 -68 0
-48 -105 0
-48 -124 0
-48 -144 0
-48 -163 0
-48 -183 0
-68 -105 0
-68 -124 0
-68 -144 0
-68 -163 0
-68 -183 0
-105 -124 0
-105 -144 0
-105 -163 0
-105 -183 0
-124 -144 0
-124 -163 0
-124 -183 0
-144 -163 0
-144 -183 0
-163 -183 0
-10 -29 0
-10 -49 0
-10 -69 0
-10 -87 0
-10 -106 0
-10 -125 0
-10 -145 0
-10 -164 0
-10 -184 0
-29 -49 0
-29 -69 0
-29 -87 0
-29 -106 0
-29 -125 0
-29 -145 0
-29 -164 0
-29 -184 0
-49 -69 0
-49 -87 0
-49 -106 0
-49 -125 0
-49 -145 0
-49 -164 0
-49 -184 0
-69 -87 0
-69 -106 0
-69 -125 0
-69 -145 0
-69 -164 0
-69 -184 0
-87 -106 0
-87 -125 0
-87 -145 0
-87 -164 0
-87 -184 0
-106 -125 0
-106 -145 0
-106 -164 0
-106 -184 0
-125 -145 0
-125 -164 0
-125 -184 0
-145 -164 0
-145 -184 0
-164 -184 0
-11 -30 0
-11 -50 0
-11 -70 0
-11 -88 0
-11 -107 0
-11 -146 0
-11 -165 0
-11 -185 0
-30 -50 0
-30 -70 0
-30 -88 0
-30 -107 0
-30 -146 0
-30 -165 0
-30 -185 0
-50 -70 0
-50 -88 0
-50 -107 0
-50 -146 0
-50 -165 0
-50 -185 0
-70 -88 0
-70 -107 0
-70 -146 0
-70 -165 0
-70 -185 0
-88 -107 0
-88 -146 0
-88 -165 0
-88 -185 0
-107 -146 0
-107 -165 0
-107 -185 0
-146 -165 0
-146 -185 0
-165 -185 0
-12 -31 0
-12 -51 0
-12 -71 0
-12 -89 0
-12 -108 0
-12 -126 0
-12 -147 0
-12 -186 0
-31 -51 0
-31 -71 0
-31 -89 0
-31 -108 0
-31 -126 0
-31 -147 0
-31 -186 0
-51 -71 0
-51 -89 0
-51 -108 0
-51 -126 0
-51 -147 0
-51 -186 0
-71 -89 0
-71 -108 0
-71 -126 0
-71 -147 0
-71 -186 0
-89 -108 0
-89 -126 0
-89 -147 0
-89 -186 0
-108 -126 0
-108 -147 0
-108 -186 0
-126 -147 0
-126 -186 0
-147 -186 0
-13 -32 0
-13 -52 0
-13 -72 0
-13 -90 0
-13 -109 0
-13 -127 0
-13 -148 0
-13 -166 0
-13 -187 0
-32 -52 0
-32 -72 0
-32 -90 0
-32 -109 0
-32 -127 0
-32 -148 0
-32 -166 0
-32 -187 0
-52 -72 0
-52 -90 0
-52 -109 0
-52 -127 0
-52 -148 0
-52 -166 0
-52 -187 0
-72 -90 0
-72 -109 0
-72 -127 0
-72 -148 0
-72 -166 0
-72 -187 0
-90 -109 0
-90 -127 0
-90 -148 0
-90 -166 0
-90 -187 0
-109 -127 0
-109 -148 0
-109 -166 0
-109 -187 0
-127 -148 0
-127 -166 0
-127 -187 0
-148 -166 0
-148 -187 0
-166 -187 0
-14 -33 0
-14 -53 0
-14 -73 0
-14 -91 0
-14 -110 0
-14 -128 0
-14 -149 0
-14 -167 0
-14 -188 0
-33 -53 0
-33 -73 0
-33 -91 0
-33 -110 0
-33 -128 0
-33 -149 0
-33 -167 0
-33 -188 0
-53 -73 0
-53 -91 0
-53 -110 0
-53 -128 0
-53 -149 0
-53 -167 0
-53 -188 0
-73 -91 0
-73 -110 0
-73 -128 0
-73 -149 0
-73 -167 0
-73 -188 0
-91 -110 0
-91 -128 0
-91 -149 0
-91 -167 0
-91 -188 0
-110 -128 0
-110 -149 0
-110 -167 0
-110 -188 0
-128 -149 0
-128 -167 0
-128 -188 0
-149 -167 0
-149 -188 0
-167 -188 0
-15 -34 0
-15 -54 0
-15 -74 0
-15 -92 0
-15 -111 0
-15 -129 0
-15 -150 0
-15 -168 0
-15 -189 0
-34 -54 0
-34 -74 0
-34 -92 0
-34 -111 0
-34 -129 0
-34 -150 0
-34 -168 0
-34 -189 0
-54 -74 0
-54 -92 0
-54 -111 0
-54 -129 0
-54 -150 0
-54 -168 0
-54 -189 0
-74 -92 0
-74 -111 0
-74 -129 0
-74 -150 0
-74 -168 0
-74 -189 0
-92 -111 0
-92 -129 0
-92 -150 0
-92 -168 0
-92 -189 0
-111 -129 0
-111 -150 0
-111 -168 0
-111 -189 0
-129 -150 0
-129 -168 0
-129 -189 0
-150 -168 0
-150 -189 0
-168 -189 0
-16 -35 0
-16 -55 0
-16 -75 0
-16 -93 0
-16 -112 0
-16 -130 0
-16 -151 0
-16 -169 0
-16 -190 0
-35 -55 0
-35 -75 0
-35 -93 0
-35 -112 0
-35 -130 0
-35 -151 0
-35 -169 0
-35 -190 0
-55 -75 0
-55 -93 0
-55 -112 0
-55 -130 0
-55 -151 0
-55 -169 0
-55 -190 0
-75 -93 0
-75 -112 0
-75 -130 0
-75 -151 0
-75 -169 0
-75 -190 0
-93 -112 0
-93 -130 0
-93 -151 0
-93 -169 0
-93 -190 0
-112 -130 0
-112 -151 0
-112 -169 0
-112 -190 0
-130 -151 0
-130 -169 0
-130 -190 0
-151 -169 0
-151 -190 0
-169 -190 0
-17 -36 0
-17 -56 0
-17 -76 0
-17 -94 0
-17 -113 0
-17 -131 0
-17 -152 0
-17 -170 0
-17 -191 0
-36 -56 0
-36 -76 0
-36 -94 0
-36 -113 0
-36 -131 0
-36 -152 0
-36 -170 0
-36 -191 0
-56 -76 0
-56 -94 0
-56 -113 0
-56 -131 0
-56 -152 0
-56 -170 0
-56 -191 0
-76 -94 0
-76 -113 0
-76 -131 0
-76 -152 0
-76 -170 0
-76 -191 0
-94 -113 0
-94 -131 0
-94 -152 0
-94 -170 0
-94 -191 0
-113 -131 0
-113 -152 0
-113 -170 0
-113 -191 0
-131 -152 0
-131 -170 0
-131 -191 0
-152 -170 0
-152 -191 0
-170 -191 0
-18 -37 0
-18 -57 0
-18 -77 0
-18 -95 0
-18 -114 0
-18 -132 0
-18 -153 0
-18 -171 0
-18 -192 0
-37 -57 0
-37 -77 0
-37 -95 0
-37 -114 0
-37 -132 0
-37 -153 0
-37 -171 0
-37 -192 0
-57 -77 0
-57 -95 0
-57 -114 0
-57 -132 0
-57 -153 0
-57 -171 0
-57 -192 0
-77 -95 0
-77 -114 0
-77 -132 0
-77 -153 0
-77 -171 0
-77 -192 0
-95 -114 0
-95 -132 0
-95 -153 0
-95 -171 0
-95 -192 0
-114 -132 0
-114 -153 0
-114 -171 0
-114 -192 0
-132 -153 0
-132 -171 0
-132 -192 0
-153 -171 0
-153 -192 0
-171 -192 0
-19 -38 0
-19 -58 0
-19 -96 0
-19 -115 0
-19 -133 0
-19 -154 0
-19 -172 0
-19 -193 0
-38 -58 0
-38 -96 0
-38 -115 0
-38 -133 0
-38 -154 0
-38 -172 0
-38 -193 0
-58 -96 0
-58 -115 0
-58 -133 0
-58 -154 0
-58 -172 0
-58 -193 0
-96 -115 0
-96 -133 0
-96 -154 0
-96 -172 0
-96 -193 0
-115 -133 0
-115 -154 0
-115 -172 0
-115 -193 0
-133 -154 0
-133 -172 0
-133 -193 0
-154 -172 0
-154 -193 0
-172 -193 0
-20 -39 0
-20 -59 0
-20 -78 0
-20 -116 0
-20 -134 0
-20 -155 0
-20 -173 0
-20 -194 0
-39 -59 0
-39 -78 0
-39 -116 0
-39 -134 0
-39 -155 0
-39 -173 0
-39 -194 0
-59 -78 0
-59 -116 0
-59 -134 0
-59 -155 0
-59 -173 0
-59 -194 0
-78 -116 0
-78 -134 0
-78 -155 0
-78 -173 0
-78 -194 0
-116 -134 0
-116 -155 0
-116 -173 0
-116 -194 0
-134 -155 0
-134 -173 0
-134 -194 0
-155 -173 0
-155 -194 0
-173 -194 0
