p cnf 81 301
1 2 3 4 0
-1 -2 0
-1 -3 0
-1 -4 0
-2 -3 0
-2 -4 0
-3 -4 0
5 6 7 8 9 0
-5 -6 0
-5 -7 0
-5 -8 0
-5 -9 0
-6 -7 0
-6 -8 0
-6 -9 0
-7 -8 0
-7 -9 0
-8 -9 0
10 11 12 13 0
-10 -11 0
-10 -12 0
-10 -13 0
-11 -12 0
-11 -13 0
-12 -13 0
14 15 16 17 18 0
-14 -15 0
-14 -16 0
-14 -17 0
-14 -18 0
-15 -16 0
-15 -17 0
-15 -18 0
-16 -17 0
-16 -18 0
-17 -18 0
19 20 21 22 0
-19 -20 0
-19 -21 0
-19 -22 0
-20 -21 0
-20 -22 0
-21 -22 0
23 24 25 26 27 0
-23 -24 0
-23 -25 0
-23 -26 0
-23 -27 0
-24 -25 0
-24 -26 0
-24 -27 0
-25 -26 0
-25 -27 0
-26 -27 0
28 29 30 31 32 0
-28 -29 0
-28 -30 0
-28 -31 0
-28 -32 0
-29 -30 0
-29 -31 0
-29 -32 0
-30 -31 0
-30 -32 0
-31 -32 0
33 34 35 36 0
-33 -34 0
-33 -35 0
-33 -36 0
-34 -35 0
-34 -36 0
-35 -36 0
37 38 39 40 41 0
-37 -38 0
-37 -39 0
-37 -40 0
-37 -41 0
-38 -39 0
-38 -40 0
-38 -41 0
-39 -40 0
-39 -41 0
-40 -41 0
42 43 44 45 46 0
-42 -43 0
-42 -44 0
-42 -45 0
-42 -46 0
-43 -44 0
-43 -45 0
-43 -46 0
-44 -45 0
-44 -46 0
-45 -46 0
47 48 49 50 51 0
-47 -48 0
-47 -49 0
-47 -50 0
-47 -51 0
-48 -49 0
-48 -50 0
-48 -51 0
-49 -50 0
-49 -51 0
-50 -51 0
52 53 54 55 56 0
-52 -53 0
-52 -54 0
-52 -55 0
-52 -56 0
-53 -54 0
-53 -55 0
-53 -56 0
-54 -55 0
-54 -56 0
-55 -56 0
57 58 59 60 0
-57 -58 0
-57 -59 0
-57 -60 0
-58 -59 0
-58 -60 0
-59 -60 0
61 62 63 64 65 0
-61 -62 0
-61 -63 0
-61 -64 0
-61 -65 0
-62 -63 0
-62 -64 0
-62 -65 0
-63 -64 0
-63 -65 0
-64 -65 0
66 67 68 69 0
-66 -67 0
-66 -68 0
-66 -69 0
-67 -68 0
-67 -69 0
-68 -69 0
70 71 72 73 0
-70 -71 0
-70 -72 0
-70 -73 0
-71 -72 0
-71 -73 0
-72 -73 0
74 75 76 77 0
-74 -75 0
-74 -76 0
-74 -77 0
-75 -76 0
-75 -77 0
-76 -77 0
78 79 80 81 0
-78 -79 0
-78 -80 0
-78 -81 0
-79 -80 0
-79 -81 0
-80 -81 0
-1 -14 0
-2 -15 0
-3 -16 0
-4 -18 0
-1 -37 0
-2 -38 0
-3 -39 0
-4 -41 0
-1 -61 0
-2 -62 0
-3 -63 0
-4 -65 0
-5 -19 0
-6 -20 0
-7 -21 0
-9 -22 0
-10 -19 0
-11 -20 0
-12 -21 0
-10 -23 0
-11 -24 0
-12 -25 0
-13 -26 0
-10 -33 0
-11 -34 0
-12 -35 0
-10 -66 0
-11 -67 0
-12 -68 0
-14 -19 0
-15 -20 0
-16 -21 0
-18 -22 0
-14 -28 0
-15 -29 0
-16 -30 0
-17 -31 0
-18 -32 0
-14 -42 0
-15 -43 0
-16 -44 0
-17 -45 0
-18 -46 0
-14 -47 0
-15 -48 0
-16 -49 0
-17 -50 0
-18 -51 0
-14 -57 0
-15 -58 0
-16 -59 0
-18 -60 0
-14 -70 0
-15 -71 0
-16 -72 0
-17 -73 0
-19 -23 0
-20 -24 0
-21 -25 0
-22 -27 0
-19 -37 0
-20 -38 0
-21 -39 0
-22 -41 0
-19 -42 0
-20 -43 0
-21 -44 0
-22 -46 0
-19 -57 0
-20 -58 0
-21 -59 0
-22 -60 0
-23 -37 0
-24 -38 0
-25 -39 0
-26 -40 0
-27 -41 0
-23 -42 0
-24 -43 0
-25 -44 0
-26 -45 0
-27 -46 0
-23 -61 0
-24 -62 0
-25 -63 0
-26 -64 0
-27 -65 0
-23 -66 0
-24 -67 0
-25 -68 0
-27 -69 0
-23 -78 0
-24 -79 0
-25 -80 0
-27 -81 0
-28 -42 0
-29 -43 0
-30 -44 0
-31 -45 0
-32 -46 0
-28 -61 0
-29 -62 0
-30 -63 0
-31 -64 0
-32 -65 0
-33 -52 0
-34 -53 0
-35 -54 0
-36 -56 0
-33 -61 0
-34 -62 0
-35 -63 0
-36 -65 0
-33 -70 0
-34 -71 0
-35 -72 0
-37 -66 0
-38 -67 0
-39 -68 0
-41 -69 0
-42 -47 0
-43 -48 0
-44 -49 0
-45 -50 0
-46 -51 0
-57 -66 0
-58 -67 0
-59 -68 0
-60 -69 0
-67 -74 0
-68 -75 0
-69 -77 0
-66 -78 0
-67 -79 0
-68 -80 0
-69 -81 0
-71 -74 0
-72 -75 0
-73 -76 0
