p cnf 23 278
-1 -2 -3 -4 0
-1 -2 -3 0
-1 -2 -3 0
-1 -2 -4 0
-1 -2 -4 0
-1 -2 0
-1 -3 -4 0
-1 -3 -4 0
-1 -3 0
-1 -4 0
-2 -3 -4 0
-2 -3 -4 0
-2 -3 0
-2 -4 0
-3 -4 0
1 2 3 4 0
-5 -6 -7 0
5 6 0
5 6 7 0
5 7 0
6 7 0
5 6 7 0
-8 -9 -10 0
-8 -9 0
-8 -9 -11 0
-8 -10 0
-8 -10 -11 0
-8 -11 0
-8 -9 -10 0
-8 -9 -10 -11 0
-8 -9 -11 0
-8 -10 -11 0
-9 -10 0
-9 -10 -11 0
-9 -11 0
-10 -11 0
-9 -10 -11 0
8 9 10 11 0
-12 -13 -14 0
12 13 0
12 13 14 0
12 14 0
13 14 0
12 13 14 0
-15 -16 -17 -18 0
-15 -16 -17 0
-15 -16 -17 0
-15 -16 -18 0
-15 -16 -18 0
-15 -16 0
-15 -17 -18 0
-15 -17 -18 0
-15 -17 0
-15 -18 0
-16 -17 -18 0
-16 -17 -18 0
-16 -17 0
-16 -18 0
-17 -18 0
15 16 17 18 0
-19 -20 -21 -22 0
-19 -20 -21 -23 0
-19 -20 -22 -23 0
-19 -21 -22 -23 0
-20 -21 -22 -23 0
19 20 21 22 0
19 20 21 0
19 20 21 23 0
19 20 22 0
19 20 22 23 0
19 20 23 0
19 21 22 0
19 21 22 23 0
19 21 23 0
19 22 23 0
20 21 22 0
20 21 22 23 0
20 21 23 0
20 22 23 0
21 22 23 0
-1 -8 -15 0
-1 -8 -15 -19 0
-1 -8 -15 -19 0
-1 -8 -19 0
-1 -8 -15 -19 0
-1 -15 -19 0
-8 -15 -19 0
1 8 15 0
1 8 15 19 0
1 8 19 0
1 15 19 0
1 8 15 19 0
1 8 15 19 0
8 15 19 0
-2 -5 -16 -20 0
2 5 16 0
2 5 16 0
2 5 16 20 0
2 5 0
2 5 20 0
2 5 20 0
2 5 16 0
2 5 16 20 0
2 5 16 20 0
2 5 20 0
2 16 0
2 16 20 0
2 16 20 0
2 20 0
2 16 20 0
2 5 16 0
2 5 16 20 0
2 5 16 20 0
2 5 20 0
2 5 16 20 0
2 16 20 0
5 16 0
5 16 20 0
5 16 20 0
5 20 0
5 16 20 0
16 20 0
5 16 20 0
-3 -9 -12 -17 0
-3 -9 -12 0
-3 -9 -12 -21 0
-3 -9 -17 0
-3 -9 -17 -21 0
-3 -9 -21 0
-3 -12 -17 0
-3 -12 -17 -21 0
-3 -12 -21 0
-3 -17 -21 0
-3 -9 -12 -17 0
-3 -9 -12 -17 -21 0
-3 -9 -12 -21 0
-3 -9 -17 -21 0
-3 -12 -17 -21 0
-3 -9 -12 -17 0
-3 -9 -12 -17 -21 0
-3 -9 -12 -21 0
-3 -9 -17 -21 0
-3 -12 -17 -21 0
-3 -9 -12 -17 -21 0
-9 -12 -17 0
-9 -12 -17 -21 0
-9 -12 -21 0
-9 -17 -21 0
-12 -17 -21 0
-9 -12 -17 -21 0
-9 -12 -17 -21 0
3 9 12 17 0
3 9 12 17 21 0
3 9 12 17 21 0
3 9 12 21 0
3 9 17 21 0
3 12 17 21 0
9 12 17 21 0
-4 -6 -10 -13 -18 0
-4 -6 -10 -13 -18 0
-4 -6 -10 -13 -18 0
-4 -6 -10 -13 -18 -22 0
-4 -6 -10 -13 0
-4 -6 -10 -13 0
-4 -6 -10 -13 -22 0
-4 -6 -10 -13 0
-4 -6 -10 -13 -22 0
-4 -6 -10 -13 -22 0
-4 -6 -10 -18 0
-4 -6 -10 -18 0
-4 -6 -10 -18 -22 0
-4 -6 -10 -18 0
-4 -6 -10 -18 -22 0
-4 -6 -10 -18 -22 0
-4 -6 -10 0
-4 -6 -10 -22 0
-4 -6 -10 -22 0
-4 -6 -10 -22 0
-4 -6 -13 -18 0
-4 -6 -13 -18 0
-4 -6 -13 -18 -22 0
-4 -6 -13 -18 0
-4 -6 -13 -18 -22 0
-4 -6 -13 -18 -22 0
-4 -6 -13 0
-4 -6 -13 -22 0
-4 -6 -13 -22 0
-4 -6 -13 -22 0
-4 -6 -18 0
-4 -6 -18 -22 0
-4 -6 -18 -22 0
-4 -6 -18 -22 0
-4 -6 -22 0
-4 -10 -13 -18 0
-4 -10 -13 -18 0
-4 -10 -13 -18 -22 0
-4 -10 -13 -18 0
-4 -10 -13 -18 -22 0
-4 -10 -13 -18 -22 0
-4 -10 -13 0
-4 -10 -13 -22 0
-4 -10 -13 -22 0
-4 -10 -13 -22 0
-4 -10 -18 0
-4 -10 -18 -22 0
-4 -10 -18 -22 0
-4 -10 -18 -22 0
-4 -10 -22 0
-4 -13 -18 0
-4 -13 -18 -22 0
-4 -13 -18 -22 0
-4 -13 -18 -22 0
-4 -13 -22 0
-4 -18 -22 0
-6 -10 -13 -18 0
-6 -10 -13 -18 0
-6 -10 -13 -18 -22 0
-6 -10 -13 -18 0
-6 -10 -13 -18 -22 0
-6 -10 -13 -18 -22 0
-6 -10 -13 0
-6 -10 -13 -22 0
-6 -10 -13 -22 0
-6 -10 -13 -22 0
-6 -10 -18 0
-6 -10 -18 -22 0
-6 -10 -18 -22 0
-6 -10 -18 -22 0
-6 -10 -22 0
-6 -13 -18 0
-6 -13 -18 -22 0
-6 -13 -18 -22 0
-6 -13 -18 -22 0
-6 -13 -22 0
-6 -18 -22 0
-10 -13 -18 0
-10 -13 -18 -22 0
-10 -13 -18 -22 0
-10 -13 -18 -22 0
-10 -13 -22 0
-10 -18 -22 0
-13 -18 -22 0
4 6 10 13 18 0
4 6 10 13 22 0
4 6 10 18 22 0
4 6 13 18 22 0
4 10 13 18 22 0
4 6 10 13 18 22 0
6 10 13 18 22 0
-7 -11 -14 0
-7 -11 -14 0
-7 -11 -14 -23 0
-7 -11 0
-7 -11 -23 0
-7 -11 -23 0
-7 -14 0
-7 -14 -23 0
-7 -14 -23 0
-7 -23 0
-11 -14 0
-11 -14 -23 0
-11 -14 -23 0
-11 -23 0
-14 -23 0
-7 -11 -14 0
-7 -11 -14 -23 0
-7 -11 -14 -23 0
-7 -11 -23 0
-7 -14 -23 0
-11 -14 -23 0
-7 -11 -14 0
-7 -11 -14 -23 0
-7 -11 -14 -23 0
-7 -11 -23 0
-7 -14 -23 0
-11 -14 -23 0
-7 -11 -14 -23 0
7 11 14 23 0
