p cnf 15 59
-1 -6 0
-1 -12 0
-6 -12 0
1 6 12 0
-1 -3 0
-1 -8 0
-3 -8 0
1 3 8 0
-1 -3 0
-1 -12 0
-3 -12 0
1 3 12 0
-7 -10 0
-7 -11 0
-7 -14 0
-10 -11 0
-10 -14 0
-11 -14 0
7 10 11 14 0
-12 -14 0
-12 -15 0
-14 -15 0
12 14 15 0
-13 -15 0
13 15 0
-2 -5 0
2 5 0
-3 -8 0
-3 -9 0
-8 -9 0
3 8 9 0
-4 -7 0
4 7 0
-4 -11 0
4 11 0
-4 -7 0
-4 -11 0
-4 -14 0
-7 -11 0
-7 -14 0
-11 -14 0
4 7 11 14 0
-6 -12 0
6 12 0
-7 -11 0
-7 -13 0
-7 -14 0
-11 -13 0
-11 -14 0
-13 -14 0
7 11 13 14 0
-7 -13 0
-7 -15 0
-13 -15 0
7 13 15 0
-8 -9 0
8 9 0
-10 -14 0
10 14 0
