p cnf 93 324
1 2 3 4 5 6 7 8 9 0
21 22 23 24 25 26 27 28 29 0
39 40 41 42 43 44 45 46 47 0
-1 -10 0
-1 -21 0
-1 -30 0
-1 -39 0
-1 -48 0
-1 -59 0
-1 -75 0
-1 -85 0
-10 -21 0
-10 -30 0
-10 -39 0
-10 -48 0
-10 -59 0
-10 -75 0
-10 -85 0
-21 -30 0
-21 -39 0
-21 -48 0
-21 -59 0
-21 -75 0
-21 -85 0
-30 -39 0
-30 -48 0
-30 -59 0
-30 -75 0
-30 -85 0
-39 -48 0
-39 -59 0
-39 -75 0
-39 -85 0
-48 -59 0
-48 -75 0
-48 -85 0
-59 -75 0
-59 -85 0
-75 -85 0
-2 -11 0
-2 -22 0
-2 -31 0
-2 -49 0
-2 -66 0
-2 -76 0
-2 -86 0
-11 -22 0
-11 -31 0
-11 -49 0
-11 -66 0
-11 -76 0
-11 -86 0
-22 -31 0
-22 -49 0
-22 -66 0
-22 -76 0
-22 -86 0
-31 -49 0
-31 -66 0
-31 -76 0
-31 -86 0
-49 -66 0
-49 -76 0
-49 -86 0
-66 -76 0
-66 -86 0
-76 -86 0
-12 -23 0
-12 -40 0
-12 -50 0
-12 -60 0
-12 -67 0
-12 -77 0
-12 -87 0
-23 -40 0
-23 -50 0
-23 -60 0
-23 -67 0
-23 -77 0
-23 -87 0
-40 -50 0
-40 -60 0
-40 -67 0
-40 -77 0
-40 -87 0
-50 -60 0
-50 -67 0
-50 -77 0
-50 -87 0
-60 -67 0
-60 -77 0
-60 -87 0
-67 -77 0
-67 -87 0
-77 -87 0
-3 -13 0
-3 -24 0
-3 -41 0
-3 -61 0
-3 -68 0
-3 -78 0
-13 -24 0
-13 -41 0
-13 -61 0
-13 -68 0
-13 -78 0
-24 -41 0
-24 -61 0
-24 -68 0
-24 -78 0
-41 -61 0
-41 -68 0
-41 -78 0
-61 -68 0
-61 -78 0
-68 -78 0
-4 -14 0
-4 -25 0
-4 -32 0
-4 -51 0
-4 -62 0
-4 -69 0
-4 -79 0
-4 -88 0
-14 -25 0
-14 -32 0
-14 -51 0
-14 -62 0
-14 -69 0
-14 -79 0
-14 -88 0
-25 -32 0
-25 -51 0
-25 -62 0
-25 -69 0
-25 -79 0
-25 -88 0
-32 -51 0
-32 -62 0
-32 -69 0
-32 -79 0
-32 -88 0
-51 -62 0
-51 -69 0
-51 -79 0
-51 -88 0
-62 -69 0
-62 -79 0
-62 -88 0
-69 -79 0
-69 -88 0
-79 -88 0
-5 -15 0
-5 -42 0
-5 -52 0
-5 -70 0
-5 -80 0
-15 -42 0
-15 -52 0
-15 -70 0
-15 -80 0
-42 -52 0
-42 -70 0
-42 -80 0
-52 -70 0
-52 -80 0
-70 -80 0
-6 -16 0
-6 -33 0
-6 -43 0
-6 -53 0
-6 -71 0
-6 -81 0
-6 -89 0
-16 -33 0
-16 -43 0
-16 -53 0
-16 -71 0
-16 -81 0
-16 -89 0
-33 -43 0
-33 -53 0
-33 -71 0
-33 -81 0
-33 -89 0
-43 -53 0
-43 -71 0
-43 -81 0
-43 -89 0
-53 -71 0
-53 -81 0
-53 -89 0
-71 -81 0
-71 -89 0
-81 -89 0
-17 -26 0
-17 -34 0
-17 -44 0
-17 -54 0
-17 -72 0
-17 -90 0
-26 -34 0
-26 -44 0
-26 -54 0
-26 -72 0
-26 -90 0
-34 -44 0
-34 -54 0
-34 -72 0
-34 -90 0
-44 -54 0
-44 -72 0
-44 -90 0
-54 -72 0
-54 -90 0
-72 -90 0
-27 -35 0
-27 -55 0
-27 -63 0
-27 -73 0
-27 -82 0
-27 -91 0
-35 -55 0
-35 -63 0
-35 -73 0
-35 -82 0
-35 -91 0
-55 -63 0
-55 -73 0
-55 -82 0
-55 -91 0
-63 -73 0
-63 -82 0
-63 -91 0
-73 -82 0
-73 -91 0
-82 -91 0
-7 -18 0
-7 -28 0
-7 -36 0
-7 -45 0
-7 -56 0
-7 -92 0
-18 -28 0
-18 -36 0
-18 -45 0
-18 -56 0
-18 -92 0
-28 -36 0
-28 -45 0
-28 -56 0
-28 -92 0
-36 -45 0
-36 -56 0
-36 -92 0
-45 -56 0
-45 -92 0
-56 -92 0
-8 -19 0
-8 -29 0
-8 -37 0
-8 -46 0
-8 -57 0
-8 -64 0
-8 -74 0
-8 -83 0
-8 -93 0
-19 -29 0
-19 -37 0
-19 -46 0
-19 -57 0
-19 -64 0
-19 -74 0
-19 -83 0
-19 -93 0
-29 -37 0
-29 -46 0
-29 -57 0
-29 -64 0
-29 -74 0
-29 -83 0
-29 -93 0
-37 -46 0
-37 -57 0
-37 -64 0
-37 -74 0
-37 -83 0
-37 -93 0
-46 -57 0
-46 -64 0
-46 -74 0
-46 -83 0
-46 -93 0
-57 -64 0
-57 -74 0
-57 -83 0
-57 -93 0
-64 -74 0
-64 -83 0
-64 -93 0
-74 -83 0
-74 -93 0
-83 -93 0
-9 -20 0
-9 -38 0
-9 -47 0
-9 -58 0
-9 -65 0
-9 -84 0
-20 -38 0
-20 -47 0
-20 -58 0
-20 -65 0
-20 -84 0
-38 -47 0
-38 -58 0
-38 -65 0
-38 -84 0
-47 -58 0
-47 -65 0
-47 -84 0
-58 -65 0
-58 -84 0
-65 -84 0
