p cnf 43 302
-10 -11 0
-10 -12 0
-10 -13 0
-10 -14 0
-11 -12 0
-11 -13 0
-11 -14 0
-12 -13 0
-12 -14 0
-13 -14 0
-15 -16 0
-15 -17 0
-15 -18 0
-15 -19 0
-16 -17 0
-16 -18 0
-16 -19 0
-17 -18 0
-17 -19 0
-18 -19 0
-20 -21 0
-20 -22 0
-20 -23 0
-20 -24 0
-20 -25 0
-21 -22 0
-21 -23 0
-21 -24 0
-21 -25 0
-22 -23 0
-22 -24 0
-22 -25 0
-23 -24 0
-23 -25 0
-24 -25 0
-26 -27 0
-26 -28 0
-26 -29 0
-26 -30 0
-26 -31 0
-27 -28 0
-27 -29 0
-27 -30 0
-27 -31 0
-28 -29 0
-28 -30 0
-28 -31 0
-29 -30 0
-29 -31 0
-30 -31 0
-32 -33 0
-32 -34 0
-32 -35 0
-32 -36 0
-32 -37 0
-33 -34 0
-33 -35 0
-33 -36 0
-33 -37 0
-34 -35 0
-34 -36 0
-34 -37 0
-35 -36 0
-35 -37 0
-36 -37 0
-38 -39 0
-38 -40 0
-38 -41 0
-38 -42 0
-38 -43 0
-39 -40 0
-39 -41 0
-39 -42 0
-39 -43 0
-40 -41 0
-40 -42 0
-40 -43 0
-41 -42 0
-41 -43 0
-42 -43 0
-11 -10 0
-12 -10 0
-13 -10 0
-14 -10 0
-12 -11 0
-13 -11 0
-14 -11 0
-13 -12 0
-14 -12 0
-14 -13 0
-11 -15 0
-12 -15 0
-13 -15 0
-14 -15 0
-12 -16 0
-13 -16 0
-14 -16 0
-13 -17 0
-14 -17 0
-14 -18 0
-16 -15 0
-17 -15 0
-18 -15 0
-19 -15 0
-17 -16 0
-18 -16 0
-19 -16 0
-18 -17 0
-19 -17 0
-19 -18 0
-21 -20 0
-22 -20 0
-23 -20 0
-24 -20 0
-25 -20 0
-22 -21 0
-23 -21 0
-24 -21 0
-25 -21 0
-23 -22 0
-24 -22 0
-25 -22 0
-24 -23 0
-25 -23 0
-25 -24 0
-21 -26 0
-22 -26 0
-23 -26 0
-24 -26 0
-25 -26 0
-22 -27 0
-23 -27 0
-24 -27 0
-25 -27 0
-23 -28 0
-24 -28 0
-25 -28 0
-24 -29 0
-25 -29 0
-25 -30 0
-21 -32 0
-22 -32 0
-23 -32 0
-24 -32 0
-25 -32 0
-22 -33 0
-23 -33 0
-24 -33 0
-25 -33 0
-23 -34 0
-24 -34 0
-25 -34 0
-24 -35 0
-25 -35 0
-25 -36 0
-21 -38 0
-22 -38 0
-23 -38 0
-24 -38 0
-25 -38 0
-22 -39 0
-23 -39 0
-24 -39 0
-25 -39 0
-23 -40 0
-24 -40 0
-25 -40 0
-24 -41 0
-25 -41 0
-25 -42 0
-27 -26 0
-28 -26 0
-29 -26 0
-30 -26 0
-31 -26 0
-28 -27 0
-29 -27 0
-30 -27 0
-31 -27 0
-29 -28 0
-30 -28 0
-31 -28 0
-30 -29 0
-31 -29 0
-31 -30 0
-27 -32 0
-28 -32 0
-29 -32 0
-30 -32 0
-31 -32 0
-28 -33 0
-29 -33 0
-30 -33 0
-31 -33 0
-29 -34 0
-30 -34 0
-31 -34 0
-30 -35 0
-31 -35 0
-31 -36 0
-27 -38 0
-28 -38 0
-29 -38 0
-30 -38 0
-31 -38 0
-28 -39 0
-29 -39 0
-30 -39 0
-31 -39 0
-29 -40 0
-30 -40 0
-31 -40 0
-30 -41 0
-31 -41 0
-31 -42 0
-33 -32 0
-34 -32 0
-35 -32 0
-36 -32 0
-37 -32 0
-34 -33 0
-35 -33 0
-36 -33 0
-37 -33 0
-35 -34 0
-36 -34 0
-37 -34 0
-36 -35 0
-37 -35 0
-37 -36 0
-33 -38 0
-34 -38 0
-35 -38 0
-36 -38 0
-37 -38 0
-34 -39 0
-35 -39 0
-36 -39 0
-37 -39 0
-35 -40 0
-36 -40 0
-37 -40 0
-36 -41 0
-37 -41 0
-37 -42 0
-39 -38 0
-40 -38 0
-41 -38 0
-42 -38 0
-43 -38 0
-40 -39 0
-41 -39 0
-42 -39 0
-43 -39 0
-41 -40 0
-42 -40 0
-43 -40 0
-42 -41 0
-43 -41 0
-43 -42 0
-10 1 0
-11 2 0
-12 3 0
-13 4 0
-15 1 0
-16 2 0
-17 3 0
-18 4 0
-21 5 0
-22 6 0
-23 7 0
-24 8 0
-25 9 0
-27 5 0
-28 6 0
-29 7 0
-30 8 0
-31 9 0
-33 5 0
-34 6 0
-35 7 0
-36 8 0
-37 9 0
-39 5 0
-40 6 0
-41 7 0
-42 8 0
-43 9 0
-1 10 15 0
-2 11 16 0
-3 12 17 0
-4 13 18 0
-5 21 27 33 39 0
-6 22 28 34 40 0
-7 23 29 35 41 0
-8 24 30 36 42 0
-9 25 31 37 43 0
1 2 3 4 5 6 9 0
1 5 0
2 4 7 8 0
3 4 5 6 7 8 0
3 4 7 8 0
