p cnf 125 476
1 2 3 4 5 6 7 8 9 10 11 12 0
50 51 52 53 54 55 56 57 58 59 0
60 61 62 63 64 65 66 67 68 69 70 71 72 0
73 74 75 76 77 78 79 80 81 82 83 84 85 86 0
-1 -13 0
-1 -25 0
-1 -50 0
-1 -60 0
-1 -73 0
-1 -87 0
-1 -102 0
-1 -114 0
-13 -25 0
-13 -50 0
-13 -60 0
-13 -73 0
-13 -87 0
-13 -102 0
-13 -114 0
-25 -50 0
-25 -60 0
-25 -73 0
-25 -87 0
-25 -102 0
-25 -114 0
-50 -60 0
-50 -73 0
-50 -87 0
-50 -102 0
-50 -114 0
-60 -73 0
-60 -87 0
-60 -102 0
-60 -114 0
-73 -87 0
-73 -102 0
-73 -114 0
-87 -102 0
-87 -114 0
-102 -114 0
-2 -14 0
-2 -26 0
-2 -38 0
-2 -61 0
-2 -74 0
-2 -88 0
-2 -103 0
-2 -115 0
-14 -26 0
-14 -38 0
-14 -61 0
-14 -74 0
-14 -88 0
-14 -103 0
-14 -115 0
-26 -38 0
-26 -61 0
-26 -74 0
-26 -88 0
-26 -103 0
-26 -115 0
-38 -61 0
-38 -74 0
-38 -88 0
-38 -103 0
-38 -115 0
-61 -74 0
-61 -88 0
-61 -103 0
-61 -115 0
-74 -88 0
-74 -103 0
-74 -115 0
-88 -103 0
-88 -115 0
-103 -115 0
-15 -27 0
-15 -39 0
-15 -51 0
-15 -62 0
-15 -75 0
-15 -89 0
-15 -104 0
-15 -116 0
-27 -39 0
-27 -51 0
-27 -62 0
-27 -75 0
-27 -89 0
-27 -104 0
-27 -116 0
-39 -51 0
-39 -62 0
-39 -75 0
-39 -89 0
-39 -104 0
-39 -116 0
-51 -62 0
-51 -75 0
-51 -89 0
-51 -104 0
-51 -116 0
-62 -75 0
-62 -89 0
-62 -104 0
-62 -116 0
-75 -89 0
-75 -104 0
-75 -116 0
-89 -104 0
-89 -116 0
-104 -116 0
-3 -16 0
-3 -28 0
-3 -40 0
-3 -52 0
-3 -63 0
-3 -76 0
-3 -90 0
-3 -105 0
-3 -117 0
-16 -28 0
-16 -40 0
-16 -52 0
-16 -63 0
-16 -76 0
-16 -90 0
-16 -105 0
-16 -117 0
-28 -40 0
-28 -52 0
-28 -63 0
-28 -76 0
-28 -90 0
-28 -105 0
-28 -117 0
-40 -52 0
-40 -63 0
-40 -76 0
-40 -90 0
-40 -105 0
-40 -117 0
-52 -63 0
-52 -76 0
-52 -90 0
-52 -105 0
-52 -117 0
-63 -76 0
-63 -90 0
-63 -105 0
-63 -117 0
-76 -90 0
-76 -105 0
-76 -117 0
-90 -105 0
-90 -117 0
-105 -117 0
-4 -29 0
-4 -41 0
-4 -53 0
-4 -64 0
-4 -77 0
-4 -91 0
-4 -106 0
-29 -41 0
-29 -53 0
-29 -64 0
-29 -77 0
-29 -91 0
-29 -106 0
-41 -53 0
-41 -64 0
-41 -77 0
-41 -91 0
-41 -106 0
-53 -64 0
-53 -77 0
-53 -91 0
-53 -106 0
-64 -77 0
-64 -91 0
-64 -106 0
-77 -91 0
-77 -106 0
-91 -106 0
-5 -30 0
-5 -54 0
-5 -78 0
-5 -92 0
-5 -118 0
-30 -54 0
-30 -78 0
-30 -92 0
-30 -118 0
-54 -78 0
-54 -92 0
-54 -118 0
-78 -92 0
-78 -118 0
-92 -118 0
-17 -31 0
-17 -42 0
-17 -65 0
-17 -79 0
-17 -93 0
-17 -119 0
-31 -42 0
-31 -65 0
-31 -79 0
-31 -93 0
-31 -119 0
-42 -65 0
-42 -79 0
-42 -93 0
-42 -119 0
-65 -79 0
-65 -93 0
-65 -119 0
-79 -93 0
-79 -119 0
-93 -119 0
-6 -18 0
-6 -32 0
-6 -43 0
-6 -55 0
-6 -66 0
-6 -80 0
-6 -94 0
-6 -107 0
-6 -120 0
-18 -32 0
-18 -43 0
-18 -55 0
-18 -66 0
-18 -80 0
-18 -94 0
-18 -107 0
-18 -120 0
-32 -43 0
-32 -55 0
-32 -66 0
-32 -80 0
-32 -94 0
-32 -107 0
-32 -120 0
-43 -55 0
-43 -66 0
-43 -80 0
-43 -94 0
-43 -107 0
-43 -120 0
-55 -66 0
-55 -80 0
-55 -94 0
-55 -107 0
-55 -120 0
-66 -80 0
-66 -94 0
-66 -107 0
-66 -120 0
-80 -94 0
-80 -107 0
-80 -120 0
-94 -107 0
-94 -120 0
-107 -120 0
-7 -19 0
-7 -44 0
-7 -56 0
-7 -95 0
-7 -108 0
-7 -121 0
-19 -44 0
-19 -56 0
-19 -95 0
-19 -108 0
-19 -121 0
-44 -56 0
-44 -95 0
-44 -108 0
-44 -121 0
-56 -95 0
-56 -108 0
-56 -121 0
-95 -108 0
-95 -121 0
-108 -121 0
-8 -20 0
-8 -33 0
-8 -45 0
-8 -57 0
-8 -67 0
-8 -81 0
-8 -96 0
-8 -109 0
-20 -33 0
-20 -45 0
-20 -57 0
-20 -67 0
-20 -81 0
-20 -96 0
-20 -109 0
-33 -45 0
-33 -57 0
-33 -67 0
-33 -81 0
-33 -96 0
-33 -109 0
-45 -57 0
-45 -67 0
-45 -81 0
-45 -96 0
-45 -109 0
-57 -67 0
-57 -81 0
-57 -96 0
-57 -109 0
-67 -81 0
-67 -96 0
-67 -109 0
-81 -96 0
-81 -109 0
-96 -109 0
-9 -34 0
-9 -46 0
-9 -68 0
-9 -82 0
-9 -97 0
-9 -110 0
-34 -46 0
-34 -68 0
-34 -82 0
-34 -97 0
-34 -110 0
-46 -68 0
-46 -82 0
-46 -97 0
-46 -110 0
-68 -82 0
-68 -97 0
-68 -110 0
-82 -97 0
-82 -110 0
-97 -110 0
-10 -21 0
-10 -69 0
-10 -83 0
-10 -98 0
-10 -122 0
-21 -69 0
-21 -83 0
-21 -98 0
-21 -122 0
-69 -83 0
-69 -98 0
-69 -122 0
-83 -98 0
-83 -122 0
-98 -122 0
-22 -35 0
-22 -47 0
-22 -58 0
-22 -70 0
-22 -84 0
-22 -99 0
-22 -111 0
-22 -123 0
-35 -47 0
-35 -58 0
-35 -70 0
-35 -84 0
-35 -99 0
-35 -111 0
-35 -123 0
-47 -58 0
-47 -70 0
-47 -84 0
-47 -99 0
-47 -111 0
-47 -123 0
-58 -70 0
-58 -84 0
-58 -99 0
-58 -111 0
-58 -123 0
-70 -84 0
-70 -99 0
-70 -111 0
-70 -123 0
-84 -99 0
-84 -111 0
-84 -123 0
-99 -111 0
-99 -123 0
-111 -123 0
-11 -23 0
-11 -36 0
-11 -48 0
-11 -71 0
-11 -85 0
-11 -100 0
-11 -112 0
-11 -124 0
-23 -36 0
-23 -48 0
-23 -71 0
-23 -85 0
-23 -100 0
-23 -112 0
-23 -124 0
-36 -48 0
-36 -71 0
-36 -85 0
-36 -100 0
-36 -112 0
-36 -124 0
-48 -71 0
-48 -85 0
-48 -100 0
-48 -112 0
-48 -124 0
-71 -85 0
-71 -100 0
-71 -112 0
-71 -124 0
-85 -100 0
-85 -112 0
-85 -124 0
-100 -112 0
-100 -124 0
-112 -124 0
-12 -24 0
-12 -37 0
-12 -49 0
-12 -59 0
-12 -72 0
-12 -86 0
-12 -101 0
-12 -113 0
-12 -125 0
-24 -37 0
-24 -49 0
-24 -59 0
-24 -72 0
-24 -86 0
-24 -101 0
-24 -113 0
-24 -125 0
-37 -49 0
-37 -59 0
-37 -72 0
-37 -86 0
-37 -101 0
-37 -113 0
-37 -125 0
-49 -59 0
-49 -72 0
-49 -86 0
-49 -101 0
-49 -113 0
-49 -125 0
-59 -72 0
-59 -86 0
-59 -101 0
-59 -113 0
-59 -125 0
-72 -86 0
-72 -101 0
-72 -113 0
-72 -125 0
-86 -101 0
-86 -113 0
-86 -125 0
-101 -113 0
-101 -125 0
-113 -125 0
