p cnf 25 59
1 2 0
-1 -2 0
3 4 0
-3 -4 0
5 6 7 0
-5 -6 0
-5 -7 0
-6 -7 0
8 9 0
-8 -9 0
10 11 12 0
-10 -11 0
-10 -12 0
-11 -12 0
13 14 15 0
-13 -14 0
-13 -15 0
-14 -15 0
16 17 18 0
-16 -17 0
-16 -18 0
-17 -18 0
19 20 21 0
-19 -20 0
-19 -21 0
-20 -21 0
22 23 0
-22 -23 0
24 25 0
-24 -25 0
-1 -6 0
-1 -11 0
-1 -16 0
-2 -17 0
-1 -19 0
-2 -20 0
-3 -5 0
-4 -6 0
-3 -8 0
-5 -8 0
-7 -9 0
-5 -10 0
-6 -11 0
-7 -12 0
-6 -16 0
-7 -18 0
-9 -15 0
-9 -21 0
-11 -16 0
-12 -18 0
-11 -22 0
-13 -16 0
-14 -17 0
-15 -18 0
-13 -25 0
-16 -19 0
-17 -20 0
-18 -21 0
-19 -25 0
