p cnf 121 473
36 37 38 39 40 41 42 43 44 45 46 47 0
61 62 63 64 65 66 67 68 69 70 71 72 73 0
74 75 76 77 78 79 80 81 82 83 84 0
-1 -48 0
-1 -61 0
-1 -74 0
-1 -85 0
-1 -97 0
-1 -108 0
-48 -61 0
-48 -74 0
-48 -85 0
-48 -97 0
-48 -108 0
-61 -74 0
-61 -85 0
-61 -97 0
-61 -108 0
-74 -85 0
-74 -97 0
-74 -108 0
-85 -97 0
-85 -108 0
-97 -108 0
-2 -14 0
-2 -26 0
-2 -36 0
-2 -49 0
-2 -62 0
-2 -75 0
-2 -86 0
-2 -98 0
-2 -109 0
-14 -26 0
-14 -36 0
-14 -49 0
-14 -62 0
-14 -75 0
-14 -86 0
-14 -98 0
-14 -109 0
-26 -36 0
-26 -49 0
-26 -62 0
-26 -75 0
-26 -86 0
-26 -98 0
-26 -109 0
-36 -49 0
-36 -62 0
-36 -75 0
-36 -86 0
-36 -98 0
-36 -109 0
-49 -62 0
-49 -75 0
-49 -86 0
-49 -98 0
-49 -109 0
-62 -75 0
-62 -86 0
-62 -98 0
-62 -109 0
-75 -86 0
-75 -98 0
-75 -109 0
-86 -98 0
-86 -109 0
-98 -109 0
-3 -15 0
-3 -37 0
-3 -50 0
-3 -63 0
-3 -87 0
-3 -110 0
-15 -37 0
-15 -50 0
-15 -63 0
-15 -87 0
-15 -110 0
-37 -50 0
-37 -63 0
-37 -87 0
-37 -110 0
-50 -63 0
-50 -87 0
-50 -110 0
-63 -87 0
-63 -110 0
-87 -110 0
-4 -16 0
-4 -38 0
-4 -51 0
-4 -64 0
-4 -76 0
-4 -88 0
-4 -99 0
-4 -111 0
-16 -38 0
-16 -51 0
-16 -64 0
-16 -76 0
-16 -88 0
-16 -99 0
-16 -111 0
-38 -51 0
-38 -64 0
-38 -76 0
-38 -88 0
-38 -99 0
-38 -111 0
-51 -64 0
-51 -76 0
-51 -88 0
-51 -99 0
-51 -111 0
-64 -76 0
-64 -88 0
-64 -99 0
-64 -111 0
-76 -88 0
-76 -99 0
-76 -111 0
-88 -99 0
-88 -111 0
-99 -111 0
-5 -17 0
-5 -27 0
-5 -39 0
-5 -52 0
-5 -65 0
-5 -77 0
-5 -100 0
-5 -112 0
-17 -27 0
-17 -39 0
-17 -52 0
-17 -65 0
-17 -77 0
-17 -100 0
-17 -112 0
-27 -39 0
-27 -52 0
-27 -65 0
-27 -77 0
-27 -100 0
-27 -112 0
-39 -52 0
-39 -65 0
-39 -77 0
-39 -100 0
-39 -112 0
-52 -65 0
-52 -77 0
-52 -100 0
-52 -112 0
-65 -77 0
-65 -100 0
-65 -112 0
-77 -100 0
-77 -112 0
-100 -112 0
-6 -18 0
-6 -28 0
-6 -66 0
-6 -78 0
-6 -89 0
-6 -101 0
-6 -113 0
-18 -28 0
-18 -66 0
-18 -78 0
-18 -89 0
-18 -101 0
-18 -113 0
-28 -66 0
-28 -78 0
-28 -89 0
-28 -101 0
-28 -113 0
-66 -78 0
-66 -89 0
-66 -101 0
-66 -113 0
-78 -89 0
-78 -101 0
-78 -113 0
-89 -101 0
-89 -113 0
-101 -113 0
-19 -29 0
-19 -40 0
-19 -53 0
-19 -67 0
-19 -79 0
-19 -90 0
-19 -114 0
-29 -40 0
-29 -53 0
-29 -67 0
-29 -79 0
-29 -90 0
-29 -114 0
-40 -53 0
-40 -67 0
-40 -79 0
-40 -90 0
-40 -114 0
-53 -67 0
-53 -79 0
-53 -90 0
-53 -114 0
-67 -79 0
-67 -90 0
-67 -114 0
-79 -90 0
-79 -114 0
-90 -114 0
-7 -20 0
-7 -41 0
-7 -54 0
-7 -68 0
-7 -80 0
-7 -91 0
-7 -115 0
-20 -41 0
-20 -54 0
-20 -68 0
-20 -80 0
-20 -91 0
-20 -115 0
-41 -54 0
-41 -68 0
-41 -80 0
-41 -91 0
-41 -115 0
-54 -68 0
-54 -80 0
-54 -91 0
-54 -115 0
-68 -80 0
-68 -91 0
-68 -115 0
-80 -91 0
-80 -115 0
-91 -115 0
-8 -21 0
-8 -30 0
-8 -42 0
-8 -55 0
-8 -69 0
-8 -81 0
-8 -92 0
-8 -102 0
-8 -116 0
-21 -30 0
-21 -42 0
-21 -55 0
-21 -69 0
-21 -81 0
-21 -92 0
-21 -102 0
-21 -116 0
-30 -42 0
-30 -55 0
-30 -69 0
-30 -81 0
-30 -92 0
-30 -102 0
-30 -116 0
-42 -55 0
-42 -69 0
-42 -81 0
-42 -92 0
-42 -102 0
-42 -116 0
-55 -69 0
-55 -81 0
-55 -92 0
-55 -102 0
-55 -116 0
-69 -81 0
-69 -92 0
-69 -102 0
-69 -116 0
-81 -92 0
-81 -102 0
-81 -116 0
-92 -102 0
-92 -116 0
-102 -116 0
-9 -22 0
-9 -31 0
-9 -43 0
-9 -56 0
-9 -70 0
-9 -82 0
-9 -93 0
-9 -103 0
-9 -117 0
-22 -31 0
-22 -43 0
-22 -56 0
-22 -70 0
-22 -82 0
-22 -93 0
-22 -103 0
-22 -117 0
-31 -43 0
-31 -56 0
-31 -70 0
-31 -82 0
-31 -93 0
-31 -103 0
-31 -117 0
-43 -56 0
-43 -70 0
-43 -82 0
-43 -93 0
-43 -103 0
-43 -117 0
-56 -70 0
-56 -82 0
-56 -93 0
-56 -103 0
-56 -117 0
-70 -82 0
-70 -93 0
-70 -103 0
-70 -117 0
-82 -93 0
-82 -103 0
-82 -117 0
-93 -103 0
-93 -117 0
-103 -117 0
-10 -23 0
-10 -32 0
-10 -44 0
-10 -57 0
-10 -71 0
-10 -83 0
-10 -94 0
-10 -104 0
-10 -118 0
-23 -32 0
-23 -44 0
-23 -57 0
-23 -71 0
-23 -83 0
-23 -94 0
-23 -104 0
-23 -118 0
-32 -44 0
-32 -57 0
-32 -71 0
-32 -83 0
-32 -94 0
-32 -104 0
-32 -118 0
-44 -57 0
-44 -71 0
-44 -83 0
-44 -94 0
-44 -104 0
-44 -118 0
-57 -71 0
-57 -83 0
-57 -94 0
-57 -104 0
-57 -118 0
-71 -83 0
-71 -94 0
-71 -104 0
-71 -118 0
-83 -94 0
-83 -104 0
-83 -118 0
-94 -104 0
-94 -118 0
-104 -118 0
-11 -24 0
-11 -33 0
-11 -45 0
-11 -58 0
-11 -72 0
-11 -84 0
-11 -105 0
-11 -119 0
-24 -33 0
-24 -45 0
-24 -58 0
-24 -72 0
-24 -84 0
-24 -105 0
-24 -119 0
-33 -45 0
-33 -58 0
-33 -72 0
-33 -84 0
-33 -105 0
-33 -119 0
-45 -58 0
-45 -72 0
-45 -84 0
-45 -105 0
-45 -119 0
-58 -72 0
-58 -84 0
-58 -105 0
-58 -119 0
-72 -84 0
-72 -105 0
-72 -119 0
-84 -105 0
-84 -119 0
-105 -119 0
-12 -34 0
-12 -46 0
-12 -59 0
-12 -73 0
-12 -95 0
-12 -106 0
-12 -120 0
-34 -46 0
-34 -59 0
-34 -73 0
-34 -95 0
-34 -106 0
-34 -120 0
-46 -59 0
-46 -73 0
-46 -95 0
-46 -106 0
-46 -120 0
-59 -73 0
-59 -95 0
-59 -106 0
-59 -120 0
-73 -95 0
-73 -106 0
-73 -120 0
-95 -106 0
-95 -120 0
-106 -120 0
-13 -25 0
-13 -35 0
-13 -47 0
-13 -60 0
-13 -96 0
-13 -107 0
-13 -121 0
-25 -35 0
-25 -47 0
-25 -60 0
-25 -96 0
-25 -107 0
-25 -121 0
-35 -47 0
-35 -60 0
-35 -96 0
-35 -107 0
-35 -121 0
-47 -60 0
-47 -96 0
-47 -107 0
-47 -121 0
-60 -96 0
-60 -107 0
-60 -121 0
-96 -107 0
-96 -121 0
-107 -121 0
