p cnf 29 60
1 2 3 4 0
-1 -2 0
-1 -3 0
-1 -4 0
-2 -3 0
-2 -4 0
-3 -4 0
5 6 0
-5 -6 0
7 8 9 0
-7 -8 0
-7 -9 0
-8 -9 0
10 11 12 0
-10 -11 0
-10 -12 0
-11 -12 0
13 14 15 0
-13 -14 0
-13 -15 0
-14 -15 0
16 17 18 19 0
-16 -17 0
-16 -18 0
-16 -19 0
-17 -18 0
-17 -19 0
-18 -19 0
20 21 22 0
-20 -21 0
-20 -22 0
-21 -22 0
23 24 0
-23 -24 0
25 26 27 0
-25 -26 0
-25 -27 0
-26 -27 0
28 29 0
-28 -29 0
-1 -20 0
-3 -21 0
-4 -22 0
-1 -25 0
-3 -26 0
-4 -27 0
-6 -15 0
-6 -22 0
-6 -24 0
-8 -11 0
-9 -12 0
-7 -17 0
-8 -18 0
-9 -24 0
-8 -26 0
-9 -27 0
-15 -24 0
-14 -28 0
-19 -23 0
-24 -27 0
