p cnf 72 260
23 24 25 26 27 28 29 0
56 57 58 59 60 61 62 63 0
-6 -15 0
-6 -23 0
-6 -30 0
-6 -37 0
-6 -45 0
-6 -50 0
-6 -56 0
-6 -64 0
-15 -23 0
-15 -30 0
-15 -37 0
-15 -45 0
-15 -50 0
-15 -56 0
-15 -64 0
-23 -30 0
-23 -37 0
-23 -45 0
-23 -50 0
-23 -56 0
-23 -64 0
-30 -37 0
-30 -45 0
-30 -50 0
-30 -56 0
-30 -64 0
-37 -45 0
-37 -50 0
-37 -56 0
-37 -64 0
-45 -50 0
-45 -56 0
-45 -64 0
-50 -56 0
-50 -64 0
-56 -64 0
-7 -16 0
-7 -31 0
-7 -38 0
-7 -46 0
-7 -51 0
-7 -57 0
-7 -65 0
-16 -31 0
-16 -38 0
-16 -46 0
-16 -51 0
-16 -57 0
-16 -65 0
-31 -38 0
-31 -46 0
-31 -51 0
-31 -57 0
-31 -65 0
-38 -46 0
-38 -51 0
-38 -57 0
-38 -65 0
-46 -51 0
-46 -57 0
-46 -65 0
-51 -57 0
-51 -65 0
-57 -65 0
-1 -8 0
-1 -17 0
-1 -24 0
-1 -32 0
-1 -39 0
-1 -58 0
-1 -66 0
-8 -17 0
-8 -24 0
-8 -32 0
-8 -39 0
-8 -58 0
-8 -66 0
-17 -24 0
-17 -32 0
-17 -39 0
-17 -58 0
-17 -66 0
-24 -32 0
-24 -39 0
-24 -58 0
-24 -66 0
-32 -39 0
-32 -58 0
-32 -66 0
-39 -58 0
-39 -66 0
-58 -66 0
-2 -9 0
-2 -25 0
-2 -33 0
-2 -40 0
-2 -47 0
-2 -52 0
-2 -59 0
-2 -67 0
-9 -25 0
-9 -33 0
-9 -40 0
-9 -47 0
-9 -52 0
-9 -59 0
-9 -67 0
-25 -33 0
-25 -40 0
-25 -47 0
-25 -52 0
-25 -59 0
-25 -67 0
-33 -40 0
-33 -47 0
-33 -52 0
-33 -59 0
-33 -67 0
-40 -47 0
-40 -52 0
-40 -59 0
-40 -67 0
-47 -52 0
-47 -59 0
-47 -67 0
-52 -59 0
-52 -67 0
-59 -67 0
-3 -10 0
-3 -18 0
-3 -48 0
-3 -60 0
-3 -68 0
-10 -18 0
-10 -48 0
-10 -60 0
-10 -68 0
-18 -48 0
-18 -60 0
-18 -68 0
-48 -60 0
-48 -68 0
-60 -68 0
-4 -11 0
-4 -19 0
-4 -26 0
-4 -34 0
-4 -41 0
-4 -61 0
-4 -69 0
-11 -19 0
-11 -26 0
-11 -34 0
-11 -41 0
-11 -61 0
-11 -69 0
-19 -26 0
-19 -34 0
-19 -41 0
-19 -61 0
-19 -69 0
-26 -34 0
-26 -41 0
-26 -61 0
-26 -69 0
-34 -41 0
-34 -61 0
-34 -69 0
-41 -61 0
-41 -69 0
-61 -69 0
-5 -12 0
-5 -20 0
-5 -27 0
-5 -35 0
-5 -42 0
-5 -53 0
-5 -62 0
-5 -70 0
-12 -20 0
-12 -27 0
-12 -35 0
-12 -42 0
-12 -53 0
-12 -62 0
-12 -70 0
-20 -27 0
-20 -35 0
-20 -42 0
-20 -53 0
-20 -62 0
-20 -70 0
-27 -35 0
-27 -42 0
-27 -53 0
-27 -62 0
-27 -70 0
-35 -42 0
-35 -53 0
-35 -62 0
-35 -70 0
-42 -53 0
-42 -62 0
-42 -70 0
-53 -62 0
-53 -70 0
-62 -70 0
-13 -21 0
-13 -28 0
-13 -36 0
-13 -43 0
-13 -49 0
-13 -54 0
-13 -63 0
-13 -71 0
-21 -28 0
-21 -36 0
-21 -43 0
-21 -49 0
-21 -54 0
-21 -63 0
-21 -71 0
-28 -36 0
-28 -43 0
-28 -49 0
-28 -54 0
-28 -63 0
-28 -71 0
-36 -43 0
-36 -49 0
-36 -54 0
-36 -63 0
-36 -71 0
-43 -49 0
-43 -54 0
-43 -63 0
-43 -71 0
-49 -54 0
-49 -63 0
-49 -71 0
-54 -63 0
-54 -71 0
-63 -71 0
-14 -22 0
-14 -29 0
-14 -44 0
-14 -55 0
-14 -72 0
-22 -29 0
-22 -44 0
-22 -55 0
-22 -72 0
-29 -44 0
-29 -55 0
-29 -72 0
-44 -55 0
-44 -72 0
-55 -72 0
