p cnf 37 154
-1 -2 0
-1 -3 0
-1 -4 0
-1 -5 0
-2 -3 0
-2 -4 0
-2 -5 0
-3 -4 0
-3 -5 0
-4 -5 0
1 2 3 4 5 0
-6 -7 0
-6 -8 0
-7 -8 0
6 7 8 0
-9 -10 0
-9 -11 0
-9 -12 0
-9 -13 0
-9 -14 0
-10 -11 0
-10 -12 0
-10 -13 0
-10 -14 0
-11 -12 0
-11 -13 0
-11 -14 0
-12 -13 0
-12 -14 0
-13 -14 0
9 10 11 12 13 14 0
-1 -9 0
-1 -15 0
-1 -16 0
-9 -15 0
-9 -16 0
-15 -16 0
1 9 15 16 0
-10 -17 0
-10 -18 0
-10 -19 0
-17 -18 0
-17 -19 0
-18 -19 0
10 17 18 19 0
-17 -20 0
-17 -21 0
-17 -22 0
-17 -23 0
-17 -24 0
-20 -21 0
-20 -22 0
-20 -23 0
-20 -24 0
-21 -22 0
-21 -23 0
-21 -24 0
-22 -23 0
-22 -24 0
-23 -24 0
17 20 21 22 23 24 0
-11 -18 0
-11 -20 0
-11 -25 0
-11 -26 0
-11 -27 0
-11 -28 0
-18 -20 0
-18 -25 0
-18 -26 0
-18 -27 0
-18 -28 0
-20 -25 0
-20 -26 0
-20 -27 0
-20 -28 0
-25 -26 0
-25 -27 0
-25 -28 0
-26 -27 0
-26 -28 0
-27 -28 0
11 18 20 25 26 27 28 0
-6 -12 0
-6 -25 0
-6 -29 0
-6 -30 0
-6 -31 0
-12 -25 0
-12 -29 0
-12 -30 0
-12 -31 0
-25 -29 0
-25 -30 0
-25 -31 0
-29 -30 0
-29 -31 0
-30 -31 0
6 12 25 29 30 31 0
-26 -32 0
-26 -33 0
-32 -33 0
26 32 33 0
-19 -21 0
19 21 0
-27 -29 0
-27 -32 0
-27 -34 0
-29 -32 0
-29 -34 0
-32 -34 0
27 29 32 34 0
-2 -15 0
-2 -28 0
-2 -35 0
-15 -28 0
-15 -35 0
-28 -35 0
2 15 28 35 0
-7 -22 0
-7 -30 0
-7 -33 0
-7 -36 0
-7 -37 0
-22 -30 0
-22 -33 0
-22 -36 0
-22 -37 0
-30 -33 0
-30 -36 0
-30 -37 0
-33 -36 0
-33 -37 0
-36 -37 0
7 22 30 33 36 37 0
-3 -13 0
-3 -23 0
-13 -23 0
3 13 23 0
-8 -24 0
8 24 0
-4 -14 0
-4 -16 0
-4 -35 0
-14 -16 0
-14 -35 0
-16 -35 0
4 14 16 35 0
-31 -34 0
-31 -36 0
-34 -36 0
31 34 36 0
-5 -37 0
5 37 0
