p cnf 69 232
-1 -9 0
-1 -15 0
-1 -40 0
-1 -47 0
-1 -55 0
-1 -62 0
-9 -15 0
-9 -40 0
-9 -47 0
-9 -55 0
-9 -62 0
-15 -40 0
-15 -47 0
-15 -55 0
-15 -62 0
-40 -47 0
-40 -55 0
-40 -62 0
-47 -55 0
-47 -62 0
-55 -62 0
-2 -16 0
-2 -23 0
-2 -29 0
-2 -32 0
-2 -41 0
-2 -56 0
-2 -63 0
-16 -23 0
-16 -29 0
-16 -32 0
-16 -41 0
-16 -56 0
-16 -63 0
-23 -29 0
-23 -32 0
-23 -41 0
-23 -56 0
-23 -63 0
-29 -32 0
-29 -41 0
-29 -56 0
-29 -63 0
-32 -41 0
-32 -56 0
-32 -63 0
-41 -56 0
-41 -63 0
-56 -63 0
-3 -10 0
-3 -17 0
-3 -30 0
-3 -33 0
-3 -48 0
-3 -64 0
-10 -17 0
-10 -30 0
-10 -33 0
-10 -48 0
-10 -64 0
-17 -30 0
-17 -33 0
-17 -48 0
-17 -64 0
-30 -33 0
-30 -48 0
-30 -64 0
-33 -48 0
-33 -64 0
-48 -64 0
-4 -11 0
-4 -18 0
-4 -24 0
-4 -31 0
-4 -34 0
-4 -49 0
-4 -65 0
-11 -18 0
-11 -24 0
-11 -31 0
-11 -34 0
-11 -49 0
-11 -65 0
-18 -24 0
-18 -31 0
-18 -34 0
-18 -49 0
-18 -65 0
-24 -31 0
-24 -34 0
-24 -49 0
-24 -65 0
-31 -34 0
-31 -49 0
-31 -65 0
-34 -49 0
-34 -65 0
-49 -65 0
-5 -19 0
-5 -25 0
-5 -35 0
-5 -42 0
-5 -50 0
-5 -57 0
-5 -66 0
-19 -25 0
-19 -35 0
-19 -42 0
-19 -50 0
-19 -57 0
-19 -66 0
-25 -35 0
-25 -42 0
-25 -50 0
-25 -57 0
-25 -66 0
-35 -42 0
-35 -50 0
-35 -57 0
-35 -66 0
-42 -50 0
-42 -57 0
-42 -66 0
-50 -57 0
-50 -66 0
-57 -66 0
-12 -20 0
-12 -26 0
-12 -36 0
-12 -43 0
-12 -51 0
-12 -58 0
-12 -67 0
-20 -26 0
-20 -36 0
-20 -43 0
-20 -51 0
-20 -58 0
-20 -67 0
-26 -36 0
-26 -43 0
-26 -51 0
-26 -58 0
-26 -67 0
-36 -43 0
-36 -51 0
-36 -58 0
-36 -67 0
-43 -51 0
-43 -58 0
-43 -67 0
-51 -58 0
-51 -67 0
-58 -67 0
-6 -13 0
-6 -21 0
-6 -37 0
-6 -44 0
-6 -52 0
-6 -59 0
-13 -21 0
-13 -37 0
-13 -44 0
-13 -52 0
-13 -59 0
-21 -37 0
-21 -44 0
-21 -52 0
-21 -59 0
-37 -44 0
-37 -52 0
-37 -59 0
-44 -52 0
-44 -59 0
-52 -59 0
-7 -27 0
-7 -38 0
-7 -45 0
-7 -53 0
-7 -60 0
-7 -68 0
-27 -38 0
-27 -45 0
-27 -53 0
-27 -60 0
-27 -68 0
-38 -45 0
-38 -53 0
-38 -60 0
-38 -68 0
-45 -53 0
-45 -60 0
-45 -68 0
-53 -60 0
-53 -68 0
-60 -68 0
-8 -14 0
-8 -22 0
-8 -28 0
-8 -39 0
-8 -46 0
-8 -54 0
-8 -61 0
-8 -69 0
-14 -22 0
-14 -28 0
-14 -39 0
-14 -46 0
-14 -54 0
-14 -61 0
-14 -69 0
-22 -28 0
-22 -39 0
-22 -46 0
-22 -54 0
-22 -61 0
-22 -69 0
-28 -39 0
-28 -46 0
-28 -54 0
-28 -61 0
-28 -69 0
-39 -46 0
-39 -54 0
-39 -61 0
-39 -69 0
-46 -54 0
-46 -61 0
-46 -69 0
-54 -61 0
-54 -69 0
-61 -69 0
