p cnf 33 165
-1 -2 0
-1 -3 0
-1 -4 0
-1 -5 0
-2 -3 0
-2 -4 0
-2 -5 0
-3 -4 0
-3 -5 0
-4 -5 0
1 2 3 4 5 0
-6 -7 0
-6 -8 0
-7 -8 0
6 7 8 0
-9 -10 0
-9 -11 0
-9 -12 0
-9 -13 0
-9 -14 0
-10 -11 0
-10 -12 0
-10 -13 0
-10 -14 0
-11 -12 0
-11 -13 0
-11 -14 0
-12 -13 0
-12 -14 0
-13 -14 0
9 10 11 12 13 14 0
-15 -16 0
-15 -17 0
-15 -18 0
-16 -17 0
-16 -18 0
-17 -18 0
15 16 17 18 0
-9 -19 0
9 19 0
-1 -20 0
-1 -21 0
-1 -22 0
-20 -21 0
-20 -22 0
-21 -22 0
1 20 21 22 0
-2 -6 0
-2 -15 0
-2 -19 0
-2 -20 0
-2 -23 0
-2 -24 0
-2 -25 0
-6 -15 0
-6 -19 0
-6 -20 0
-6 -23 0
-6 -24 0
-6 -25 0
-15 -19 0
-15 -20 0
-15 -23 0
-15 -24 0
-15 -25 0
-19 -20 0
-19 -23 0
-19 -24 0
-19 -25 0
-20 -23 0
-20 -24 0
-20 -25 0
-23 -24 0
-23 -25 0
-24 -25 0
2 6 15 19 20 23 24 25 0
-16 -26 0
-16 -27 0
-16 -28 0
-26 -27 0
-26 -28 0
-27 -28 0
16 26 27 28 0
-3 -7 0
-3 -10 0
-3 -17 0
-3 -21 0
-3 -23 0
-3 -29 0
-7 -10 0
-7 -17 0
-7 -21 0
-7 -23 0
-7 -29 0
-10 -17 0
-10 -21 0
-10 -23 0
-10 -29 0
-17 -21 0
-17 -23 0
-17 -29 0
-21 -23 0
-21 -29 0
-23 -29 0
3 7 10 17 21 23 29 0
-26 -30 0
26 30 0
-4 -8 0
-4 -11 0
-4 -24 0
-4 -31 0
-8 -11 0
-8 -24 0
-8 -31 0
-11 -24 0
-11 -31 0
-24 -31 0
4 8 11 24 31 0
-12 -32 0
12 32 0
-13 -25 0
-13 -27 0
-13 -29 0
-13 -32 0
-13 -33 0
-25 -27 0
-25 -29 0
-25 -32 0
-25 -33 0
-27 -29 0
-27 -32 0
-27 -33 0
-29 -32 0
-29 -33 0
-32 -33 0
13 25 27 29 32 33 0
-5 -14 0
-5 -18 0
-5 -22 0
-5 -28 0
-5 -30 0
-5 -31 0
-5 -33 0
-14 -18 0
-14 -22 0
-14 -28 0
-14 -30 0
-14 -31 0
-14 -33 0
-18 -22 0
-18 -28 0
-18 -30 0
-18 -31 0
-18 -33 0
-22 -28 0
-22 -30 0
-22 -31 0
-22 -33 0
-28 -30 0
-28 -31 0
-28 -33 0
-30 -31 0
-30 -33 0
-31 -33 0
5 14 18 22 28 30 31 33 0
