p cnf 56 202
-1 -8 0
-1 -15 0
-1 -22 0
-1 -26 0
-1 -31 0
-1 -40 0
-1 -47 0
-1 -51 0
-8 -15 0
-8 -22 0
-8 -26 0
-8 -31 0
-8 -40 0
-8 -47 0
-8 -51 0
-15 -22 0
-15 -26 0
-15 -31 0
-15 -40 0
-15 -47 0
-15 -51 0
-22 -26 0
-22 -31 0
-22 -40 0
-22 -47 0
-22 -51 0
-26 -31 0
-26 -40 0
-26 -47 0
-26 -51 0
-31 -40 0
-31 -47 0
-31 -51 0
-40 -47 0
-40 -51 0
-47 -51 0
-2 -9 0
-2 -16 0
-2 -27 0
-2 -32 0
-2 -41 0
-2 -48 0
-2 -52 0
-9 -16 0
-9 -27 0
-9 -32 0
-9 -41 0
-9 -48 0
-9 -52 0
-16 -27 0
-16 -32 0
-16 -41 0
-16 -48 0
-16 -52 0
-27 -32 0
-27 -41 0
-27 -48 0
-27 -52 0
-32 -41 0
-32 -48 0
-32 -52 0
-41 -48 0
-41 -52 0
-48 -52 0
-3 -10 0
-3 -17 0
-3 -33 0
-3 -36 0
-3 -42 0
-3 -53 0
-10 -17 0
-10 -33 0
-10 -36 0
-10 -42 0
-10 -53 0
-17 -33 0
-17 -36 0
-17 -42 0
-17 -53 0
-33 -36 0
-33 -42 0
-33 -53 0
-36 -42 0
-36 -53 0
-42 -53 0
-4 -11 0
-4 -18 0
-4 -23 0
-4 -28 0
-4 -34 0
-4 -37 0
-4 -43 0
-4 -49 0
-4 -54 0
-11 -18 0
-11 -23 0
-11 -28 0
-11 -34 0
-11 -37 0
-11 -43 0
-11 -49 0
-11 -54 0
-18 -23 0
-18 -28 0
-18 -34 0
-18 -37 0
-18 -43 0
-18 -49 0
-18 -54 0
-23 -28 0
-23 -34 0
-23 -37 0
-23 -43 0
-23 -49 0
-23 -54 0
-28 -34 0
-28 -37 0
-28 -43 0
-28 -49 0
-28 -54 0
-34 -37 0
-34 -43 0
-34 -49 0
-34 -54 0
-37 -43 0
-37 -49 0
-37 -54 0
-43 -49 0
-43 -54 0
-49 -54 0
-5 -12 0
-5 -19 0
-5 -24 0
-5 -29 0
-5 -38 0
-5 -44 0
-5 -50 0
-5 -55 0
-12 -19 0
-12 -24 0
-12 -29 0
-12 -38 0
-12 -44 0
-12 -50 0
-12 -55 0
-19 -24 0
-19 -29 0
-19 -38 0
-19 -44 0
-19 -50 0
-19 -55 0
-24 -29 0
-24 -38 0
-24 -44 0
-24 -50 0
-24 -55 0
-29 -38 0
-29 -44 0
-29 -50 0
-29 -55 0
-38 -44 0
-38 -50 0
-38 -55 0
-44 -50 0
-44 -55 0
-50 -55 0
-6 -13 0
-6 -20 0
-6 -39 0
-6 -45 0
-6 -56 0
-13 -20 0
-13 -39 0
-13 -45 0
-13 -56 0
-20 -39 0
-20 -45 0
-20 -56 0
-39 -45 0
-39 -56 0
-45 -56 0
-7 -14 0
-7 -21 0
-7 -25 0
-7 -30 0
-7 -35 0
-7 -46 0
-14 -21 0
-14 -25 0
-14 -30 0
-14 -35 0
-14 -46 0
-21 -25 0
-21 -30 0
-21 -35 0
-21 -46 0
-25 -30 0
-25 -35 0
-25 -46 0
-30 -35 0
-30 -46 0
-35 -46 0
