p cnf 84 233
1 2 3 4 0
-1 -2 0
-1 -3 0
-1 -4 0
-2 -3 0
-2 -4 0
-3 -4 0
5 6 7 8 9 0
-5 -6 0
-5 -7 0
-5 -8 0
-5 -9 0
-6 -7 0
-6 -8 0
-6 -9 0
-7 -8 0
-7 -9 0
-8 -9 0
10 11 12 13 14 0
-10 -11 0
-10 -12 0
-10 -13 0
-10 -14 0
-11 -12 0
-11 -13 0
-11 -14 0
-12 -13 0
-12 -14 0
-13 -14 0
15 16 17 18 0
-15 -16 0
-15 -17 0
-15 -18 0
-16 -17 0
-16 -18 0
-17 -18 0
19 20 21 0
-19 -20 0
-19 -21 0
-20 -21 0
22 23 24 0
-22 -23 0
-22 -24 0
-23 -24 0
25 26 27 0
-25 -26 0
-25 -27 0
-26 -27 0
28 29 30 31 0
-28 -29 0
-28 -30 0
-28 -31 0
-29 -30 0
-29 -31 0
-30 -31 0
32 33 34 35 0
-32 -33 0
-32 -34 0
-32 -35 0
-33 -34 0
-33 -35 0
-34 -35 0
36 37 0
-36 -37 0
38 39 40 41 42 0
-38 -39 0
-38 -40 0
-38 -41 0
-38 -42 0
-39 -40 0
-39 -41 0
-39 -42 0
-40 -41 0
-40 -42 0
-41 -42 0
43 44 45 0
-43 -44 0
-43 -45 0
-44 -45 0
46 47 48 0
-46 -47 0
-46 -48 0
-47 -48 0
49 50 51 0
-49 -50 0
-49 -51 0
-50 -51 0
52 53 54 0
-52 -53 0
-52 -54 0
-53 -54 0
55 56 57 0
-55 -56 0
-55 -57 0
-56 -57 0
58 59 60 61 0
-58 -59 0
-58 -60 0
-58 -61 0
-59 -60 0
-59 -61 0
-60 -61 0
62 63 64 65 0
-62 -63 0
-62 -64 0
-62 -65 0
-63 -64 0
-63 -65 0
-64 -65 0
66 67 68 69 0
-66 -67 0
-66 -68 0
-66 -69 0
-67 -68 0
-67 -69 0
-68 -69 0
70 71 72 0
-70 -71 0
-70 -72 0
-71 -72 0
73 74 75 76 0
-73 -74 0
-73 -75 0
-73 -76 0
-74 -75 0
-74 -76 0
-75 -76 0
77 78 79 80 0
-77 -78 0
-77 -79 0
-77 -80 0
-78 -79 0
-78 -80 0
-79 -80 0
81 82 83 84 0
-81 -82 0
-81 -83 0
-81 -84 0
-82 -83 0
-82 -84 0
-83 -84 0
-1 -28 0
-2 -30 0
-3 -31 0
-2 -71 0
-4 -72 0
-5 -10 0
-6 -11 0
-7 -12 0
-8 -13 0
-9 -14 0
-6 -19 0
-8 -20 0
-9 -21 0
-5 -32 0
-6 -33 0
-8 -34 0
-9 -35 0
-5 -77 0
-6 -78 0
-7 -79 0
-8 -80 0
-10 -43 0
-13 -44 0
-14 -45 0
-10 -52 0
-11 -53 0
-14 -54 0
-10 -81 0
-11 -82 0
-12 -83 0
-13 -84 0
-15 -58 0
-17 -60 0
-18 -61 0
-15 -66 0
-17 -68 0
-18 -69 0
-15 -77 0
-16 -79 0
-17 -80 0
-19 -29 0
-20 -31 0
-19 -47 0
-20 -48 0
-19 -53 0
-21 -54 0
-22 -53 0
-24 -54 0
-22 -59 0
-23 -60 0
-24 -61 0
-22 -74 0
-24 -76 0
-25 -29 0
-26 -31 0
-25 -67 0
-26 -68 0
-27 -69 0
-29 -70 0
-30 -71 0
-28 -77 0
-29 -78 0
-30 -79 0
-31 -80 0
-32 -62 0
-33 -63 0
-34 -64 0
-35 -65 0
-36 -49 0
-37 -57 0
-38 -43 0
-41 -44 0
-42 -45 0
-38 -77 0
-39 -78 0
-40 -79 0
-41 -80 0
-43 -77 0
-44 -80 0
-52 -66 0
-53 -67 0
-54 -69 0
-55 -78 0
-56 -80 0
-58 -73 0
-59 -74 0
-61 -76 0
-70 -82 0
-71 -83 0
-73 -81 0
-74 -82 0
-75 -83 0
