p cnf 158 1245
-1 -2 0
-1 -3 0
-1 -4 0
-1 -5 0
-1 -6 0
-2 -3 0
-2 -4 0
-2 -5 0
-2 -6 0
-3 -4 0
-3 -5 0
-3 -6 0
-4 -5 0
-4 -6 0
-5 -6 0
1 2 3 4 5 6 0
-7 -8 0
-7 -9 0
-7 -10 0
-7 -11 0
-7 -12 0
-7 -13 0
-7 -14 0
-7 -15 0
-8 -9 0
-8 -10 0
-8 -11 0
-8 -12 0
-8 -13 0
-8 -14 0
-8 -15 0
-9 -10 0
-9 -11 0
-9 -12 0
-9 -13 0
-9 -14 0
-9 -15 0
-10 -11 0
-10 -12 0
-10 -13 0
-10 -14 0
-10 -15 0
-11 -12 0
-11 -13 0
-11 -14 0
-11 -15 0
-12 -13 0
-12 -14 0
-12 -15 0
-13 -14 0
-13 -15 0
-14 -15 0
7 8 9 10 11 12 13 14 15 0
-16 -17 0
-16 -18 0
-16 -19 0
-16 -20 0
-16 -21 0
-16 -22 0
-16 -23 0
-16 -24 0
-16 -25 0
-16 -26 0
-16 -27 0
-17 -18 0
-17 -19 0
-17 -20 0
-17 -21 0
-17 -22 0
-17 -23 0
-17 -24 0
-17 -25 0
-17 -26 0
-17 -27 0
-18 -19 0
-18 -20 0
-18 -21 0
-18 -22 0
-18 -23 0
-18 -24 0
-18 -25 0
-18 -26 0
-18 -27 0
-19 -20 0
-19 -21 0
-19 -22 0
-19 -23 0
-19 -24 0
-19 -25 0
-19 -26 0
-19 -27 0
-20 -21 0
-20 -22 0
-20 -23 0
-20 -24 0
-20 -25 0
-20 -26 0
-20 -27 0
-21 -22 0
-21 -23 0
-21 -24 0
-21 -25 0
-21 -26 0
-21 -27 0
-22 -23 0
-22 -24 0
-22 -25 0
-22 -26 0
-22 -27 0
-23 -24 0
-23 -25 0
-23 -26 0
-23 -27 0
-24 -25 0
-24 -26 0
-24 -27 0
-25 -26 0
-25 -27 0
-26 -27 0
16 17 18 19 20 21 22 23 24 25 26 27 0
-1 -16 0
-1 -28 0
-1 -29 0
-1 -30 0
-1 -31 0
-16 -28 0
-16 -29 0
-16 -30 0
-16 -31 0
-28 -29 0
-28 -30 0
-28 -31 0
-29 -30 0
-29 -31 0
-30 -31 0
1 16 28 29 30 31 0
-7 -32 0
-7 -33 0
-32 -33 0
7 32 33 0
-34 -35 0
-34 -36 0
-34 -37 0
-34 -38 0
-34 -39 0
-34 -40 0
-35 -36 0
-35 -37 0
-35 -38 0
-35 -39 0
-35 -40 0
-36 -37 0
-36 -38 0
-36 -39 0
-36 -40 0
-37 -38 0
-37 -39 0
-37 -40 0
-38 -39 0
-38 -40 0
-39 -40 0
34 35 36 37 38 39 40 0
-17 -41 0
-17 -42 0
-17 -43 0
-41 -42 0
-41 -43 0
-42 -43 0
17 41 42 43 0
-44 -45 0
-44 -46 0
-45 -46 0
44 45 46 0
-2 -8 0
-2 -18 0
-2 -44 0
-2 -47 0
-2 -48 0
-2 -49 0
-2 -50 0
-8 -18 0
-8 -44 0
-8 -47 0
-8 -48 0
-8 -49 0
-8 -50 0
-18 -44 0
-18 -47 0
-18 -48 0
-18 -49 0
-18 -50 0
-44 -47 0
-44 -48 0
-44 -49 0
-44 -50 0
-47 -48 0
-47 -49 0
-47 -50 0
-48 -49 0
-48 -50 0
-49 -50 0
2 8 18 44 47 48 49 50 0
-19 -51 0
-19 -52 0
-19 -53 0
-19 -54 0
-19 -55 0
-19 -56 0
-19 -57 0
-19 -58 0
-51 -52 0
-51 -53 0
-51 -54 0
-51 -55 0
-51 -56 0
-51 -57 0
-51 -58 0
-52 -53 0
-52 -54 0
-52 -55 0
-52 -56 0
-52 -57 0
-52 -58 0
-53 -54 0
-53 -55 0
-53 -56 0
-53 -57 0
-53 -58 0
-54 -55 0
-54 -56 0
-54 -57 0
-54 -58 0
-55 -56 0
-55 -57 0
-55 -58 0
-56 -57 0
-56 -58 0
-57 -58 0
19 51 52 53 54 55 56 57 58 0
-34 -45 0
-34 -51 0
-34 -59 0
-34 -60 0
-34 -61 0
-34 -62 0
-34 -63 0
-34 -64 0
-34 -65 0
-34 -66 0
-45 -51 0
-45 -59 0
-45 -60 0
-45 -61 0
-45 -62 0
-45 -63 0
-45 -64 0
-45 -65 0
-45 -66 0
-51 -59 0
-51 -60 0
-51 -61 0
-51 -62 0
-51 -63 0
-51 -64 0
-51 -65 0
-51 -66 0
-59 -60 0
-59 -61 0
-59 -62 0
-59 -63 0
-59 -64 0
-59 -65 0
-59 -66 0
-60 -61 0
-60 -62 0
-60 -63 0
-60 -64 0
-60 -65 0
-60 -66 0
-61 -62 0
-61 -63 0
-61 -64 0
-61 -65 0
-61 -66 0
-62 -63 0
-62 -64 0
-62 -65 0
-62 -66 0
-63 -64 0
-63 -65 0
-63 -66 0
-64 -65 0
-64 -66 0
-65 -66 0
34 45 51 59 60 61 62 63 64 65 66 0
-9 -35 0
-9 -67 0
-9 -68 0
-9 -69 0
-9 -70 0
-9 -71 0
-9 -72 0
-9 -73 0
-9 -74 0
-9 -75 0
-35 -67 0
-35 -68 0
-35 -69 0
-35 -70 0
-35 -71 0
-35 -72 0
-35 -73 0
-35 -74 0
-35 -75 0
-67 -68 0
-67 -69 0
-67 -70 0
-67 -71 0
-67 -72 0
-67 -73 0
-67 -74 0
-67 -75 0
-68 -69 0
-68 -70 0
-68 -71 0
-68 -72 0
-68 -73 0
-68 -74 0
-68 -75 0
-69 -70 0
-69 -71 0
-69 -72 0
-69 -73 0
-69 -74 0
-69 -75 0
-70 -71 0
-70 -72 0
-70 -73 0
-70 -74 0
-70 -75 0
-71 -72 0
-71 -73 0
-71 -74 0
-71 -75 0
-72 -73 0
-72 -74 0
-72 -75 0
-73 -74 0
-73 -75 0
-74 -75 0
9 35 67 68 69 70 71 72 73 74 75 0
-59 -76 0
-59 -77 0
-59 -78 0
-59 -79 0
-59 -80 0
-59 -81 0
-59 -82 0
-76 -77 0
-76 -78 0
-76 -79 0
-76 -80 0
-76 -81 0
-76 -82 0
-77 -78 0
-77 -79 0
-77 -80 0
-77 -81 0
-77 -82 0
-78 -79 0
-78 -80 0
-78 -81 0
-78 -82 0
-79 -80 0
-79 -81 0
-79 -82 0
-80 -81 0
-80 -82 0
-81 -82 0
59 76 77 78 79 80 81 82 0
-20 -60 0
-20 -67 0
-20 -83 0
-20 -84 0
-20 -85 0
-20 -86 0
-20 -87 0
-20 -88 0
-20 -89 0
-20 -90 0
-20 -91 0
-60 -67 0
-60 -83 0
-60 -84 0
-60 -85 0
-60 -86 0
-60 -87 0
-60 -88 0
-60 -89 0
-60 -90 0
-60 -91 0
-67 -83 0
-67 -84 0
-67 -85 0
-67 -86 0
-67 -87 0
-67 -88 0
-67 -89 0
-67 -90 0
-67 -91 0
-83 -84 0
-83 -85 0
-83 -86 0
-83 -87 0
-83 -88 0
-83 -89 0
-83 -90 0
-83 -91 0
-84 -85 0
-84 -86 0
-84 -87 0
-84 -88 0
-84 -89 0
-84 -90 0
-84 -91 0
-85 -86 0
-85 -87 0
-85 -88 0
-85 -89 0
-85 -90 0
-85 -91 0
-86 -87 0
-86 -88 0
-86 -89 0
-86 -90 0
-86 -91 0
-87 -88 0
-87 -89 0
-87 -90 0
-87 -91 0
-88 -89 0
-88 -90 0
-88 -91 0
-89 -90 0
-89 -91 0
-90 -91 0
20 60 67 83 84 85 86 87 88 89 90 91 0
-61 -76 0
-61 -92 0
-61 -93 0
-61 -94 0
-61 -95 0
-61 -96 0
-61 -97 0
-61 -98 0
-61 -99 0
-61 -100 0
-76 -92 0
-76 -93 0
-76 -94 0
-76 -95 0
-76 -96 0
-76 -97 0
-76 -98 0
-76 -99 0
-76 -100 0
-92 -93 0
-92 -94 0
-92 -95 0
-92 -96 0
-92 -97 0
-92 -98 0
-92 -99 0
-92 -100 0
-93 -94 0
-93 -95 0
-93 -96 0
-93 -97 0
-93 -98 0
-93 -99 0
-93 -100 0
-94 -95 0
-94 -96 0
-94 -97 0
-94 -98 0
-94 -99 0
-94 -100 0
-95 -96 0
-95 -97 0
-95 -98 0
-95 -99 0
-95 -100 0
-96 -97 0
-96 -98 0
-96 -99 0
-96 -100 0
-97 -98 0
-97 -99 0
-97 -100 0
-98 -99 0
-98 -100 0
-99 -100 0
61 76 92 93 94 95 96 97 98 99 100 0
-3 -47 0
-3 -101 0
-3 -102 0
-3 -103 0
-3 -104 0
-3 -105 0
-47 -101 0
-47 -102 0
-47 -103 0
-47 -104 0
-47 -105 0
-101 -102 0
-101 -103 0
-101 -104 0
-101 -105 0
-102 -103 0
-102 -104 0
-102 -105 0
-103 -104 0
-103 -105 0
-104 -105 0
3 47 101 102 103 104 105 0
-21 -41 0
-21 -48 0
-21 -52 0
-21 -77 0
-21 -106 0
-21 -107 0
-21 -108 0
-21 -109 0
-41 -48 0
-41 -52 0
-41 -77 0
-41 -106 0
-41 -107 0
-41 -108 0
-41 -109 0
-48 -52 0
-48 -77 0
-48 -106 0
-48 -107 0
-48 -108 0
-48 -109 0
-52 -77 0
-52 -106 0
-52 -107 0
-52 -108 0
-52 -109 0
-77 -106 0
-77 -107 0
-77 -108 0
-77 -109 0
-106 -107 0
-106 -108 0
-106 -109 0
-107 -108 0
-107 -109 0
-108 -109 0
21 41 48 52 77 106 107 108 109 0
-83 -92 0
-83 -110 0
-83 -111 0
-83 -112 0
-83 -113 0
-83 -114 0
-83 -115 0
-83 -116 0
-92 -110 0
-92 -111 0
-92 -112 0
-92 -113 0
-92 -114 0
-92 -115 0
-92 -116 0
-110 -111 0
-110 -112 0
-110 -113 0
-110 -114 0
-110 -115 0
-110 -116 0
-111 -112 0
-111 -113 0
-111 -114 0
-111 -115 0
-111 -116 0
-112 -113 0
-112 -114 0
-112 -115 0
-112 -116 0
-113 -114 0
-113 -115 0
-113 -116 0
-114 -115 0
-114 -116 0
-115 -116 0
83 92 110 111 112 113 114 115 116 0
-4 -22 0
-4 -93 0
-4 -106 0
-4 -110 0
-4 -117 0
-4 -118 0
-4 -119 0
-4 -120 0
-22 -93 0
-22 -106 0
-22 -110 0
-22 -117 0
-22 -118 0
-22 -119 0
-22 -120 0
-93 -106 0
-93 -110 0
-93 -117 0
-93 -118 0
-93 -119 0
-93 -120 0
-106 -110 0
-106 -117 0
-106 -118 0
-106 -119 0
-106 -120 0
-110 -117 0
-110 -118 0
-110 -119 0
-110 -120 0
-117 -118 0
-117 -119 0
-117 -120 0
-118 -119 0
-118 -120 0
-119 -120 0
4 22 93 106 110 117 118 119 120 0
-10 -23 0
-10 -32 0
-10 -36 0
-10 -84 0
-10 -101 0
-10 -121 0
-10 -122 0
-23 -32 0
-23 -36 0
-23 -84 0
-23 -101 0
-23 -121 0
-23 -122 0
-32 -36 0
-32 -84 0
-32 -101 0
-32 -121 0
-32 -122 0
-36 -84 0
-36 -101 0
-36 -121 0
-36 -122 0
-84 -101 0
-84 -121 0
-84 -122 0
-101 -121 0
-101 -122 0
-121 -122 0
10 23 32 36 84 101 121 122 0
-62 -68 0
-62 -123 0
-62 -124 0
-62 -125 0
-62 -126 0
-68 -123 0
-68 -124 0
-68 -125 0
-68 -126 0
-123 -124 0
-123 -125 0
-123 -126 0
-124 -125 0
-124 -126 0
-125 -126 0
62 68 123 124 125 126 0
-11 -37 0
-11 -85 0
-11 -94 0
-11 -111 0
-11 -117 0
-11 -127 0
-11 -128 0
-37 -85 0
-37 -94 0
-37 -111 0
-37 -117 0
-37 -127 0
-37 -128 0
-85 -94 0
-85 -111 0
-85 -117 0
-85 -127 0
-85 -128 0
-94 -111 0
-94 -117 0
-94 -127 0
-94 -128 0
-111 -117 0
-111 -127 0
-111 -128 0
-117 -127 0
-117 -128 0
-127 -128 0
11 37 85 94 111 117 127 128 0
-53 -69 0
-53 -78 0
-53 -102 0
-53 -112 0
-53 -129 0
-53 -130 0
-53 -131 0
-69 -78 0
-69 -102 0
-69 -112 0
-69 -129 0
-69 -130 0
-69 -131 0
-78 -102 0
-78 -112 0
-78 -129 0
-78 -130 0
-78 -131 0
-102 -112 0
-102 -129 0
-102 -130 0
-102 -131 0
-112 -129 0
-112 -130 0
-112 -131 0
-129 -130 0
-129 -131 0
-130 -131 0
53 69 78 102 112 129 130 131 0
-63 -113 0
-63 -118 0
-63 -132 0
-63 -133 0
-63 -134 0
-113 -118 0
-113 -132 0
-113 -133 0
-113 -134 0
-118 -132 0
-118 -133 0
-118 -134 0
-132 -133 0
-132 -134 0
-133 -134 0
63 113 118 132 133 134 0
-24 -38 0
-24 -49 0
-24 -54 0
-24 -95 0
-24 -123 0
-24 -135 0
-24 -136 0
-38 -49 0
-38 -54 0
-38 -95 0
-38 -123 0
-38 -135 0
-38 -136 0
-49 -54 0
-49 -95 0
-49 -123 0
-49 -135 0
-49 -136 0
-54 -95 0
-54 -123 0
-54 -135 0
-54 -136 0
-95 -123 0
-95 -135 0
-95 -136 0
-123 -135 0
-123 -136 0
-135 -136 0
24 38 49 54 95 123 135 136 0
-42 -86 0
-42 -96 0
-42 -107 0
-42 -137 0
-86 -96 0
-86 -107 0
-86 -137 0
-96 -107 0
-96 -137 0
-107 -137 0
42 86 96 107 137 0
-5 -12 0
-5 -39 0
-5 -46 0
-5 -50 0
-5 -55 0
-5 -79 0
-5 -97 0
-5 -103 0
-5 -108 0
-5 -124 0
-5 -132 0
-5 -138 0
-5 -139 0
-12 -39 0
-12 -46 0
-12 -50 0
-12 -55 0
-12 -79 0
-12 -97 0
-12 -103 0
-12 -108 0
-12 -124 0
-12 -132 0
-12 -138 0
-12 -139 0
-39 -46 0
-39 -50 0
-39 -55 0
-39 -79 0
-39 -97 0
-39 -103 0
-39 -108 0
-39 -124 0
-39 -132 0
-39 -138 0
-39 -139 0
-46 -50 0
-46 -55 0
-46 -79 0
-46 -97 0
-46 -103 0
-46 -108 0
-46 -124 0
-46 -132 0
-46 -138 0
-46 -139 0
-50 -55 0
-50 -79 0
-50 -97 0
-50 -103 0
-50 -108 0
-50 -124 0
-50 -132 0
-50 -138 0
-50 -139 0
-55 -79 0
-55 -97 0
-55 -103 0
-55 -108 0
-55 -124 0
-55 -132 0
-55 -138 0
-55 -139 0
-79 -97 0
-79 -103 0
-79 -108 0
-79 -124 0
-79 -132 0
-79 -138 0
-79 -139 0
-97 -103 0
-97 -108 0
-97 -124 0
-97 -132 0
-97 -138 0
-97 -139 0
-103 -108 0
-103 -124 0
-103 -132 0
-103 -138 0
-103 -139 0
-108 -124 0
-108 -132 0
-108 -138 0
-108 -139 0
-124 -132 0
-124 -138 0
-124 -139 0
-132 -138 0
-132 -139 0
-138 -139 0
5 12 39 46 50 55 79 97 103 108 124 132 138 139 0
-6 -43 0
-6 -56 0
-6 -70 0
-6 -127 0
-6 -129 0
-6 -140 0
-43 -56 0
-43 -70 0
-43 -127 0
-43 -129 0
-43 -140 0
-56 -70 0
-56 -127 0
-56 -129 0
-56 -140 0
-70 -127 0
-70 -129 0
-70 -140 0
-127 -129 0
-127 -140 0
-129 -140 0
6 43 56 70 127 129 140 0
-25 -57 0
-25 -71 0
-25 -98 0
-25 -104 0
-25 -125 0
-25 -130 0
-25 -141 0
-25 -142 0
-25 -143 0
-57 -71 0
-57 -98 0
-57 -104 0
-57 -125 0
-57 -130 0
-57 -141 0
-57 -142 0
-57 -143 0
-71 -98 0
-71 -104 0
-71 -125 0
-71 -130 0
-71 -141 0
-71 -142 0
-71 -143 0
-98 -104 0
-98 -125 0
-98 -130 0
-98 -141 0
-98 -142 0
-98 -143 0
-104 -125 0
-104 -130 0
-104 -141 0
-104 -142 0
-104 -143 0
-125 -130 0
-125 -141 0
-125 -142 0
-125 -143 0
-130 -141 0
-130 -142 0
-130 -143 0
-141 -142 0
-141 -143 0
-142 -143 0
25 57 71 98 104 125 130 141 142 143 0
-72 -80 0
-72 -87 0
-72 -121 0
-72 -133 0
-72 -135 0
-72 -144 0
-72 -145 0
-72 -146 0
-80 -87 0
-80 -121 0
-80 -133 0
-80 -135 0
-80 -144 0
-80 -145 0
-80 -146 0
-87 -121 0
-87 -133 0
-87 -135 0
-87 -144 0
-87 -145 0
-87 -146 0
-121 -133 0
-121 -135 0
-121 -144 0
-121 -145 0
-121 -146 0
-133 -135 0
-133 -144 0
-133 -145 0
-133 -146 0
-135 -144 0
-135 -145 0
-135 -146 0
-144 -145 0
-144 -146 0
-145 -146 0
72 80 87 121 133 135 144 145 146 0
-28 -33 0
-28 -58 0
-28 -73 0
-28 -88 0
-28 -136 0
-28 -137 0
-28 -147 0
-28 -148 0
-33 -58 0
-33 -73 0
-33 -88 0
-33 -136 0
-33 -137 0
-33 -147 0
-33 -148 0
-58 -73 0
-58 -88 0
-58 -136 0
-58 -137 0
-58 -147 0
-58 -148 0
-73 -88 0
-73 -136 0
-73 -137 0
-73 -147 0
-73 -148 0
-88 -136 0
-88 -137 0
-88 -147 0
-88 -148 0
-136 -137 0
-136 -147 0
-136 -148 0
-137 -147 0
-137 -148 0
-147 -148 0
28 33 58 73 88 136 137 147 148 0
-13 -99 0
-13 -141 0
-13 -147 0
-13 -149 0
-13 -150 0
-13 -151 0
-13 -152 0
-13 -153 0
-99 -141 0
-99 -147 0
-99 -149 0
-99 -150 0
-99 -151 0
-99 -152 0
-99 -153 0
-141 -147 0
-141 -149 0
-141 -150 0
-141 -151 0
-141 -152 0
-141 -153 0
-147 -149 0
-147 -150 0
-147 -151 0
-147 -152 0
-147 -153 0
-149 -150 0
-149 -151 0
-149 -152 0
-149 -153 0
-150 -151 0
-150 -152 0
-150 -153 0
-151 -152 0
-151 -153 0
-152 -153 0
13 99 141 147 149 150 151 152 153 0
-89 -126 0
-89 -128 0
-89 -142 0
-89 -144 0
-126 -128 0
-126 -142 0
-126 -144 0
-128 -142 0
-128 -144 0
-142 -144 0
89 126 128 142 144 0
-64 -138 0
-64 -140 0
-64 -143 0
-64 -148 0
-64 -149 0
-64 -154 0
-64 -155 0
-138 -140 0
-138 -143 0
-138 -148 0
-138 -149 0
-138 -154 0
-138 -155 0
-140 -143 0
-140 -148 0
-140 -149 0
-140 -154 0
-140 -155 0
-143 -148 0
-143 -149 0
-143 -154 0
-143 -155 0
-148 -149 0
-148 -154 0
-148 -155 0
-149 -154 0
-149 -155 0
-154 -155 0
64 138 140 143 148 149 154 155 0
-26 -114 0
-26 -119 0
-26 -139 0
-26 -150 0
-26 -156 0
-114 -119 0
-114 -139 0
-114 -150 0
-114 -156 0
-119 -139 0
-119 -150 0
-119 -156 0
-139 -150 0
-139 -156 0
-150 -156 0
26 114 119 139 150 156 0
-29 -65 0
-29 -81 0
-29 -120 0
-29 -122 0
-29 -145 0
-29 -151 0
-65 -81 0
-65 -120 0
-65 -122 0
-65 -145 0
-65 -151 0
-81 -120 0
-81 -122 0
-81 -145 0
-81 -151 0
-120 -122 0
-120 -145 0
-120 -151 0
-122 -145 0
-122 -151 0
-145 -151 0
29 65 81 120 122 145 151 0
-74 -100 0
-74 -115 0
-74 -156 0
-74 -157 0
-100 -115 0
-100 -156 0
-100 -157 0
-115 -156 0
-115 -157 0
-156 -157 0
74 100 115 156 157 0
-66 -90 0
-66 -116 0
-66 -134 0
-66 -154 0
-66 -158 0
-90 -116 0
-90 -134 0
-90 -154 0
-90 -158 0
-116 -134 0
-116 -154 0
-116 -158 0
-134 -154 0
-134 -158 0
-154 -158 0
66 90 116 134 154 158 0
-14 -27 0
-14 -30 0
-14 -82 0
-14 -91 0
-14 -109 0
-14 -146 0
-14 -152 0
-14 -155 0
-27 -30 0
-27 -82 0
-27 -91 0
-27 -109 0
-27 -146 0
-27 -152 0
-27 -155 0
-30 -82 0
-30 -91 0
-30 -109 0
-30 -146 0
-30 -152 0
-30 -155 0
-82 -91 0
-82 -109 0
-82 -146 0
-82 -152 0
-82 -155 0
-91 -109 0
-91 -146 0
-91 -152 0
-91 -155 0
-109 -146 0
-109 -152 0
-109 -155 0
-146 -152 0
-146 -155 0
-152 -155 0
14 27 30 82 91 109 146 152 155 0
-15 -31 0
-15 -40 0
-15 -75 0
-15 -105 0
-15 -131 0
-15 -153 0
-15 -157 0
-15 -158 0
-31 -40 0
-31 -75 0
-31 -105 0
-31 -131 0
-31 -153 0
-31 -157 0
-31 -158 0
-40 -75 0
-40 -105 0
-40 -131 0
-40 -153 0
-40 -157 0
-40 -158 0
-75 -105 0
-75 -131 0
-75 -153 0
-75 -157 0
-75 -158 0
-105 -131 0
-105 -153 0
-105 -157 0
-105 -158 0
-131 -153 0
-131 -157 0
-131 -158 0
-153 -157 0
-153 -158 0
-157 -158 0
15 31 40 75 105 131 153 157 158 0
