p cnf 41 174
-7 -8 0
-7 -9 0
-7 -10 0
-8 -9 0
-8 -10 0
-9 -10 0
7 8 9 10 0
-11 -12 0
-11 -13 0
-11 -14 0
-12 -13 0
-12 -14 0
-13 -14 0
11 12 13 14 0
-15 -16 0
-15 -17 0
-15 -18 0
-16 -17 0
-16 -18 0
-17 -18 0
15 16 17 18 0
-7 -11 0
-7 -15 0
-11 -15 0
-8 -12 0
-8 -16 0
-12 -16 0
-9 -13 0
-9 -17 0
-13 -17 0
-10 -14 0
-10 -18 0
-14 -18 0
1 -7 -12 0
1 -7 -16 0
1 -11 -8 0
1 -11 -16 0
1 -15 -8 0
1 -15 -12 0
2 -7 -13 0
2 -7 -17 0
2 -11 -9 0
2 -11 -17 0
2 -15 -9 0
2 -15 -13 0
3 -7 -14 0
3 -7 -18 0
3 -11 -10 0
3 -11 -18 0
3 -15 -10 0
3 -15 -14 0
4 -8 -13 0
4 -8 -17 0
4 -12 -9 0
4 -12 -17 0
4 -16 -9 0
4 -16 -13 0
5 -8 -14 0
5 -8 -18 0
5 -12 -10 0
5 -12 -18 0
5 -16 -10 0
5 -16 -14 0
6 -9 -14 0
6 -9 -18 0
6 -13 -10 0
6 -13 -18 0
6 -17 -10 0
6 -17 -14 0
-19 -20 0
-19 -21 0
-19 -22 0
-19 -23 0
-19 -24 0
-19 -25 0
-20 -21 0
-20 -22 0
-20 -23 0
-20 -24 0
-20 -25 0
-21 -22 0
-21 -23 0
-21 -24 0
-21 -25 0
-22 -23 0
-22 -24 0
-22 -25 0
-23 -24 0
-23 -25 0
-24 -25 0
19 20 21 22 23 24 25 0
-26 -27 0
-26 -28 0
-26 -29 0
-26 -30 0
-26 -31 0
-26 -32 0
-26 -33 0
-27 -28 0
-27 -29 0
-27 -30 0
-27 -31 0
-27 -32 0
-27 -33 0
-28 -29 0
-28 -30 0
-28 -31 0
-28 -32 0
-28 -33 0
-29 -30 0
-29 -31 0
-29 -32 0
-29 -33 0
-30 -31 0
-30 -32 0
-30 -33 0
-31 -32 0
-31 -33 0
-32 -33 0
26 27 28 29 30 31 32 33 0
-34 -35 0
-34 -36 0
-34 -37 0
-34 -38 0
-34 -39 0
-34 -40 0
-34 -41 0
-35 -36 0
-35 -37 0
-35 -38 0
-35 -39 0
-35 -40 0
-35 -41 0
-36 -37 0
-36 -38 0
-36 -39 0
-36 -40 0
-36 -41 0
-37 -38 0
-37 -39 0
-37 -40 0
-37 -41 0
-38 -39 0
-38 -40 0
-38 -41 0
-39 -40 0
-39 -41 0
-40 -41 0
34 35 36 37 38 39 40 41 0
-1 -24 0
-2 -31 0
-3 -39 0
-4 -19 -26 0
-4 -20 -27 0
-4 -21 -28 0
-4 -22 -29 0
-4 -23 -30 0
-4 -24 -31 0
-4 -25 -32 0
-5 -19 -34 0
-5 -20 -35 0
-5 -21 -36 0
-5 -22 -37 0
-5 -23 -38 0
-5 -24 -39 0
-5 -25 -40 0
-6 -26 -34 0
-6 -27 -35 0
-6 -28 -36 0
-6 -29 -37 0
-6 -30 -38 0
-6 -31 -39 0
-6 -32 -40 0
-6 -33 -41 0
