p cnf 32 140
-1 -2 0
-1 -3 0
-1 -4 0
-1 -5 0
-2 -3 0
-2 -4 0
-2 -5 0
-3 -4 0
-3 -5 0
-4 -5 0
1 2 3 4 5 0
-6 -7 0
-6 -8 0
-6 -9 0
-7 -8 0
-7 -9 0
-8 -9 0
6 7 8 9 0
-10 -11 0
-10 -12 0
-10 -13 0
-11 -12 0
-11 -13 0
-12 -13 0
10 11 12 13 0
-1 -14 0
-1 -15 0
-1 -16 0
-14 -15 0
-14 -16 0
-15 -16 0
1 14 15 16 0
-17 -18 0
-17 -19 0
-17 -20 0
-17 -21 0
-18 -19 0
-18 -20 0
-18 -21 0
-19 -20 0
-19 -21 0
-20 -21 0
17 18 19 20 21 0
-2 -10 0
-2 -14 0
-2 -17 0
-2 -22 0
-10 -14 0
-10 -17 0
-10 -22 0
-14 -17 0
-14 -22 0
-17 -22 0
2 10 14 17 22 0
-6 -11 0
-6 -22 0
-6 -23 0
-6 -24 0
-6 -25 0
-11 -22 0
-11 -23 0
-11 -24 0
-11 -25 0
-22 -23 0
-22 -24 0
-22 -25 0
-23 -24 0
-23 -25 0
-24 -25 0
6 11 22 23 24 25 0
-12 -18 0
-12 -23 0
-12 -26 0
-12 -27 0
-12 -28 0
-18 -23 0
-18 -26 0
-18 -27 0
-18 -28 0
-23 -26 0
-23 -27 0
-23 -28 0
-26 -27 0
-26 -28 0
-27 -28 0
12 18 23 26 27 28 0
-3 -13 0
-3 -15 0
-3 -19 0
-3 -29 0
-3 -30 0
-3 -31 0
-13 -15 0
-13 -19 0
-13 -29 0
-13 -30 0
-13 -31 0
-15 -19 0
-15 -29 0
-15 -30 0
-15 -31 0
-19 -29 0
-19 -30 0
-19 -31 0
-29 -30 0
-29 -31 0
-30 -31 0
3 13 15 19 29 30 31 0
-20 -24 0
-20 -26 0
-20 -29 0
-20 -32 0
-24 -26 0
-24 -29 0
-24 -32 0
-26 -29 0
-26 -32 0
-29 -32 0
20 24 26 29 32 0
-4 -7 0
4 7 0
-5 -8 0
-5 -32 0
-8 -32 0
5 8 32 0
-16 -21 0
-16 -25 0
-16 -27 0
-16 -30 0
-21 -25 0
-21 -27 0
-21 -30 0
-25 -27 0
-25 -30 0
-27 -30 0
16 21 25 27 30 0
-9 -28 0
-9 -31 0
-28 -31 0
9 28 31 0
