p cnf 35 84
-11 -12 0
-11 -13 0
-11 -14 0
-12 -13 0
-12 -14 0
-13 -14 0
11 12 13 14 0
-15 -16 0
-15 -17 0
-15 -18 0
-15 -19 0
-16 -17 0
-16 -18 0
-16 -19 0
-17 -18 0
-17 -19 0
-18 -19 0
15 16 17 18 19 0
-11 -15 0
-13 -17 0
-14 -19 0
1 -15 -12 0
2 -11 -17 0
2 -15 -13 0
3 -11 -18 0
4 -11 -19 0
4 -15 -14 0
5 -12 -16 0
6 -12 -17 0
7 -12 -19 0
-16 -13 0
8 -16 -14 0
9 -13 -18 0
-13 -19 0
-17 -14 0
10 -18 -14 0
-20 -21 0
-20 -22 0
-20 -23 0
-21 -22 0
-21 -23 0
-22 -23 0
20 21 22 23 0
-24 -25 0
-24 -26 0
-25 -26 0
24 25 26 0
-27 -28 0
-27 -29 0
-27 -30 0
-28 -29 0
-28 -30 0
-29 -30 0
27 28 29 30 0
-31 -32 0
-31 -33 0
-31 -34 0
-31 -35 0
-32 -33 0
-32 -34 0
-32 -35 0
-33 -34 0
-33 -35 0
-34 -35 0
31 32 33 34 35 0
-1 -21 -24 0
-1 -22 -25 0
-1 -23 -26 0
-2 -20 -27 0
-2 -22 -28 0
-2 -23 -29 0
-3 -20 0
-4 -20 -31 0
-4 -21 -32 0
-4 -22 -33 0
-4 -23 -34 0
-6 -25 -28 0
-6 -26 -29 0
-7 -24 -32 0
-7 -25 -33 0
-7 -26 -34 0
-8 -35 0
-9 -27 0
-10 -31 0
