p cnf 34 104
25 26 27 28 0
-6 -8 0
-6 -12 0
-6 -17 0
-6 -20 0
-6 -25 0
-6 -29 0
-8 -12 0
-8 -17 0
-8 -20 0
-8 -25 0
-8 -29 0
-12 -17 0
-12 -20 0
-12 -25 0
-12 -29 0
-17 -20 0
-17 -25 0
-17 -29 0
-20 -25 0
-20 -29 0
-25 -29 0
-9 -13 0
-9 -21 0
-9 -26 0
-9 -30 0
-13 -21 0
-13 -26 0
-13 -30 0
-21 -26 0
-21 -30 0
-26 -30 0
-1 -4 0
-1 -14 0
-1 -18 0
-1 -22 0
-1 -31 0
-1 -33 0
-4 -14 0
-4 -18 0
-4 -22 0
-4 -31 0
-4 -33 0
-14 -18 0
-14 -22 0
-14 -31 0
-14 -33 0
-18 -22 0
-18 -31 0
-18 -33 0
-22 -31 0
-22 -33 0
-31 -33 0
-2 -7 0
-2 -10 0
-2 -15 0
-2 -23 0
-2 -27 0
-7 -10 0
-7 -15 0
-7 -23 0
-7 -27 0
-10 -15 0
-10 -23 0
-10 -27 0
-15 -23 0
-15 -27 0
-23 -27 0
-3 -5 0
-3 -11 0
-3 -16 0
-3 -19 0
-3 -24 0
-3 -28 0
-3 -32 0
-3 -34 0
-5 -11 0
-5 -16 0
-5 -19 0
-5 -24 0
-5 -28 0
-5 -32 0
-5 -34 0
-11 -16 0
-11 -19 0
-11 -24 0
-11 -28 0
-11 -32 0
-11 -34 0
-16 -19 0
-16 -24 0
-16 -28 0
-16 -32 0
-16 -34 0
-19 -24 0
-19 -28 0
-19 -32 0
-19 -34 0
-24 -28 0
-24 -32 0
-24 -34 0
-28 -32 0
-28 -34 0
-32 -34 0
