p cnf 124 459
27 28 29 30 31 32 33 34 35 36 37 38 39 0
53 54 55 56 57 58 59 60 61 62 63 64 65 0
66 67 68 69 70 71 72 73 74 75 76 77 0
91 92 93 94 95 96 97 98 99 100 0
-1 -13 0
-1 -27 0
-1 -40 0
-1 -66 0
-1 -78 0
-1 -101 0
-1 -115 0
-13 -27 0
-13 -40 0
-13 -66 0
-13 -78 0
-13 -101 0
-13 -115 0
-27 -40 0
-27 -66 0
-27 -78 0
-27 -101 0
-27 -115 0
-40 -66 0
-40 -78 0
-40 -101 0
-40 -115 0
-66 -78 0
-66 -101 0
-66 -115 0
-78 -101 0
-78 -115 0
-101 -115 0
-2 -14 0
-2 -28 0
-2 -41 0
-2 -53 0
-2 -67 0
-2 -79 0
-2 -102 0
-2 -116 0
-14 -28 0
-14 -41 0
-14 -53 0
-14 -67 0
-14 -79 0
-14 -102 0
-14 -116 0
-28 -41 0
-28 -53 0
-28 -67 0
-28 -79 0
-28 -102 0
-28 -116 0
-41 -53 0
-41 -67 0
-41 -79 0
-41 -102 0
-41 -116 0
-53 -67 0
-53 -79 0
-53 -102 0
-53 -116 0
-67 -79 0
-67 -102 0
-67 -116 0
-79 -102 0
-79 -116 0
-102 -116 0
-3 -15 0
-3 -29 0
-3 -42 0
-3 -54 0
-3 -68 0
-3 -80 0
-3 -91 0
-3 -103 0
-3 -117 0
-15 -29 0
-15 -42 0
-15 -54 0
-15 -68 0
-15 -80 0
-15 -91 0
-15 -103 0
-15 -117 0
-29 -42 0
-29 -54 0
-29 -68 0
-29 -80 0
-29 -91 0
-29 -103 0
-29 -117 0
-42 -54 0
-42 -68 0
-42 -80 0
-42 -91 0
-42 -103 0
-42 -117 0
-54 -68 0
-54 -80 0
-54 -91 0
-54 -103 0
-54 -117 0
-68 -80 0
-68 -91 0
-68 -103 0
-68 -117 0
-80 -91 0
-80 -103 0
-80 -117 0
-91 -103 0
-91 -117 0
-103 -117 0
-4 -16 0
-4 -30 0
-4 -43 0
-4 -55 0
-4 -69 0
-4 -92 0
-4 -104 0
-4 -118 0
-16 -30 0
-16 -43 0
-16 -55 0
-16 -69 0
-16 -92 0
-16 -104 0
-16 -118 0
-30 -43 0
-30 -55 0
-30 -69 0
-30 -92 0
-30 -104 0
-30 -118 0
-43 -55 0
-43 -69 0
-43 -92 0
-43 -104 0
-43 -118 0
-55 -69 0
-55 -92 0
-55 -104 0
-55 -118 0
-69 -92 0
-69 -104 0
-69 -118 0
-92 -104 0
-92 -118 0
-104 -118 0
-5 -17 0
-5 -31 0
-5 -56 0
-5 -70 0
-5 -81 0
-5 -105 0
-5 -119 0
-17 -31 0
-17 -56 0
-17 -70 0
-17 -81 0
-17 -105 0
-17 -119 0
-31 -56 0
-31 -70 0
-31 -81 0
-31 -105 0
-31 -119 0
-56 -70 0
-56 -81 0
-56 -105 0
-56 -119 0
-70 -81 0
-70 -105 0
-70 -119 0
-81 -105 0
-81 -119 0
-105 -119 0
-6 -32 0
-6 -44 0
-6 -57 0
-6 -82 0
-6 -93 0
-6 -106 0
-32 -44 0
-32 -57 0
-32 -82 0
-32 -93 0
-32 -106 0
-44 -57 0
-44 -82 0
-44 -93 0
-44 -106 0
-57 -82 0
-57 -93 0
-57 -106 0
-82 -93 0
-82 -106 0
-93 -106 0
-7 -18 0
-7 -33 0
-7 -45 0
-7 -58 0
-7 -71 0
-7 -83 0
-7 -94 0
-7 -107 0
-18 -33 0
-18 -45 0
-18 -58 0
-18 -71 0
-18 -83 0
-18 -94 0
-18 -107 0
-33 -45 0
-33 -58 0
-33 -71 0
-33 -83 0
-33 -94 0
-33 -107 0
-45 -58 0
-45 -71 0
-45 -83 0
-45 -94 0
-45 -107 0
-58 -71 0
-58 -83 0
-58 -94 0
-58 -107 0
-71 -83 0
-71 -94 0
-71 -107 0
-83 -94 0
-83 -107 0
-94 -107 0
-8 -19 0
-8 -34 0
-8 -46 0
-8 -59 0
-8 -84 0
-8 -95 0
-8 -108 0
-19 -34 0
-19 -46 0
-19 -59 0
-19 -84 0
-19 -95 0
-19 -108 0
-34 -46 0
-34 -59 0
-34 -84 0
-34 -95 0
-34 -108 0
-46 -59 0
-46 -84 0
-46 -95 0
-46 -108 0
-59 -84 0
-59 -95 0
-59 -108 0
-84 -95 0
-84 -108 0
-95 -108 0
-9 -20 0
-9 -35 0
-9 -47 0
-9 -60 0
-9 -72 0
-9 -85 0
-9 -120 0
-20 -35 0
-20 -47 0
-20 -60 0
-20 -72 0
-20 -85 0
-20 -120 0
-35 -47 0
-35 -60 0
-35 -72 0
-35 -85 0
-35 -120 0
-47 -60 0
-47 -72 0
-47 -85 0
-47 -120 0
-60 -72 0
-60 -85 0
-60 -120 0
-72 -85 0
-72 -120 0
-85 -120 0
-21 -36 0
-21 -48 0
-21 -61 0
-21 -86 0
-21 -109 0
-21 -121 0
-36 -48 0
-36 -61 0
-36 -86 0
-36 -109 0
-36 -121 0
-48 -61 0
-48 -86 0
-48 -109 0
-48 -121 0
-61 -86 0
-61 -109 0
-61 -121 0
-86 -109 0
-86 -121 0
-109 -121 0
-10 -22 0
-10 -37 0
-10 -62 0
-10 -73 0
-10 -87 0
-10 -96 0
-10 -110 0
-22 -37 0
-22 -62 0
-22 -73 0
-22 -87 0
-22 -96 0
-22 -110 0
-37 -62 0
-37 -73 0
-37 -87 0
-37 -96 0
-37 -110 0
-62 -73 0
-62 -87 0
-62 -96 0
-62 -110 0
-73 -87 0
-73 -96 0
-73 -110 0
-87 -96 0
-87 -110 0
-96 -110 0
-23 -49 0
-23 -63 0
-23 -74 0
-23 -88 0
-23 -97 0
-23 -111 0
-23 -122 0
-49 -63 0
-49 -74 0
-49 -88 0
-49 -97 0
-49 -111 0
-49 -122 0
-63 -74 0
-63 -88 0
-63 -97 0
-63 -111 0
-63 -122 0
-74 -88 0
-74 -97 0
-74 -111 0
-74 -122 0
-88 -97 0
-88 -111 0
-88 -122 0
-97 -111 0
-97 -122 0
-111 -122 0
-11 -24 0
-11 -38 0
-11 -50 0
-11 -64 0
-11 -75 0
-11 -98 0
-11 -112 0
-11 -123 0
-24 -38 0
-24 -50 0
-24 -64 0
-24 -75 0
-24 -98 0
-24 -112 0
-24 -123 0
-38 -50 0
-38 -64 0
-38 -75 0
-38 -98 0
-38 -112 0
-38 -123 0
-50 -64 0
-50 -75 0
-50 -98 0
-50 -112 0
-50 -123 0
-64 -75 0
-64 -98 0
-64 -112 0
-64 -123 0
-75 -98 0
-75 -112 0
-75 -123 0
-98 -112 0
-98 -123 0
-112 -123 0
-25 -51 0
-25 -65 0
-25 -76 0
-25 -89 0
-25 -99 0
-25 -113 0
-25 -124 0
-51 -65 0
-51 -76 0
-51 -89 0
-51 -99 0
-51 -113 0
-51 -124 0
-65 -76 0
-65 -89 0
-65 -99 0
-65 -113 0
-65 -124 0
-76 -89 0
-76 -99 0
-76 -113 0
-76 -124 0
-89 -99 0
-89 -113 0
-89 -124 0
-99 -113 0
-99 -124 0
-113 -124 0
-12 -26 0
-12 -39 0
-12 -52 0
-12 -77 0
-12 -90 0
-12 -100 0
-12 -114 0
-26 -39 0
-26 -52 0
-26 -77 0
-26 -90 0
-26 -100 0
-26 -114 0
-39 -52 0
-39 -77 0
-39 -90 0
-39 -100 0
-39 -114 0
-52 -77 0
-52 -90 0
-52 -100 0
-52 -114 0
-77 -90 0
-77 -100 0
-77 -114 0
-90 -100 0
-90 -114 0
-100 -114 0
