p cnf 18 70
1 2 3 4 -5 0
1 2 3 -4 5 0
1 2 -3 4 5 0
1 2 -3 -4 -5 0
1 -2 3 4 5 0
1 -2 3 -4 -5 0
1 -2 -3 4 -5 0
1 -2 -3 -4 5 0
-1 2 3 4 5 0
-1 2 3 -4 -5 0
-1 2 -3 4 -5 0
-1 2 -3 -4 5 0
-1 -2 3 4 -5 0
-1 -2 3 -4 5 0
-1 -2 -3 4 5 0
-1 -2 -3 -4 -5 0
6 7 8 -9 0
6 7 -8 9 0
6 -7 8 9 0
6 -7 -8 -9 0
-6 7 8 9 0
-6 7 -8 -9 0
-6 -7 8 -9 0
-6 -7 -8 9 0
1 10 11 -12 0
1 10 -11 12 0
1 -10 11 12 0
1 -10 -11 -12 0
-1 10 11 12 0
-1 10 -11 -12 0
-1 -10 11 -12 0
-1 -10 -11 12 0
2 6 13 -14 0
2 6 -13 14 0
2 -6 13 14 0
2 -6 -13 -14 0
-2 6 13 14 0
-2 6 -13 -14 0
-2 -6 13 -14 0
-2 -6 -13 14 0
3 10 13 -15 0
3 10 -13 15 0
3 -10 13 15 0
3 -10 -13 -15 0
-3 10 13 15 0
-3 10 -13 -15 0
-3 -10 13 -15 0
-3 -10 -13 15 0
7 -14 0
-7 14 0
4 11 -16 0
4 -11 16 0
-4 11 16 0
-4 -11 -16 0
5 17 -18 0
5 -17 18 0
-5 17 18 0
-5 -17 -18 0
8 15 16 -17 0
8 15 -16 17 0
8 -15 16 17 0
8 -15 -16 -17 0
-8 15 16 17 0
-8 15 -16 -17 0
-8 -15 16 -17 0
-8 -15 -16 17 0
9 12 -18 0
9 -12 18 0
-9 12 18 0
-9 -12 -18 0
