p cnf 69 239
16 17 18 19 20 21 0
30 31 32 33 34 35 0
-1 -8 0
-1 -16 0
-1 -22 0
-1 -30 0
-1 -36 0
-1 -45 0
-1 -56 0
-1 -63 0
-8 -16 0
-8 -22 0
-8 -30 0
-8 -36 0
-8 -45 0
-8 -56 0
-8 -63 0
-16 -22 0
-16 -30 0
-16 -36 0
-16 -45 0
-16 -56 0
-16 -63 0
-22 -30 0
-22 -36 0
-22 -45 0
-22 -56 0
-22 -63 0
-30 -36 0
-30 -45 0
-30 -56 0
-30 -63 0
-36 -45 0
-36 -56 0
-36 -63 0
-45 -56 0
-45 -63 0
-56 -63 0
-2 -9 0
-2 -17 0
-2 -23 0
-2 -37 0
-2 -46 0
-2 -50 0
-2 -57 0
-2 -64 0
-9 -17 0
-9 -23 0
-9 -37 0
-9 -46 0
-9 -50 0
-9 -57 0
-9 -64 0
-17 -23 0
-17 -37 0
-17 -46 0
-17 -50 0
-17 -57 0
-17 -64 0
-23 -37 0
-23 -46 0
-23 -50 0
-23 -57 0
-23 -64 0
-37 -46 0
-37 -50 0
-37 -57 0
-37 -64 0
-46 -50 0
-46 -57 0
-46 -64 0
-50 -57 0
-50 -64 0
-57 -64 0
-3 -10 0
-3 -31 0
-3 -38 0
-3 -51 0
-3 -58 0
-10 -31 0
-10 -38 0
-10 -51 0
-10 -58 0
-31 -38 0
-31 -51 0
-31 -58 0
-38 -51 0
-38 -58 0
-51 -58 0
-4 -11 0
-4 -24 0
-4 -39 0
-4 -52 0
-4 -59 0
-4 -65 0
-11 -24 0
-11 -39 0
-11 -52 0
-11 -59 0
-11 -65 0
-24 -39 0
-24 -52 0
-24 -59 0
-24 -65 0
-39 -52 0
-39 -59 0
-39 -65 0
-52 -59 0
-52 -65 0
-59 -65 0
-12 -18 0
-12 -25 0
-12 -32 0
-12 -40 0
-12 -53 0
-12 -66 0
-18 -25 0
-18 -32 0
-18 -40 0
-18 -53 0
-18 -66 0
-25 -32 0
-25 -40 0
-25 -53 0
-25 -66 0
-32 -40 0
-32 -53 0
-32 -66 0
-40 -53 0
-40 -66 0
-53 -66 0
-19 -26 0
-19 -41 0
-19 -47 0
-19 -54 0
-19 -60 0
-19 -67 0
-26 -41 0
-26 -47 0
-26 -54 0
-26 -60 0
-26 -67 0
-41 -47 0
-41 -54 0
-41 -60 0
-41 -67 0
-47 -54 0
-47 -60 0
-47 -67 0
-54 -60 0
-54 -67 0
-60 -67 0
-5 -13 0
-5 -20 0
-5 -27 0
-5 -33 0
-5 -42 0
-5 -68 0
-13 -20 0
-13 -27 0
-13 -33 0
-13 -42 0
-13 -68 0
-20 -27 0
-20 -33 0
-20 -42 0
-20 -68 0
-27 -33 0
-27 -42 0
-27 -68 0
-33 -42 0
-33 -68 0
-42 -68 0
-6 -14 0
-6 -21 0
-6 -28 0
-6 -34 0
-6 -43 0
-6 -48 0
-6 -55 0
-6 -61 0
-6 -69 0
-14 -21 0
-14 -28 0
-14 -34 0
-14 -43 0
-14 -48 0
-14 -55 0
-14 -61 0
-14 -69 0
-21 -28 0
-21 -34 0
-21 -43 0
-21 -48 0
-21 -55 0
-21 -61 0
-21 -69 0
-28 -34 0
-28 -43 0
-28 -48 0
-28 -55 0
-28 -61 0
-28 -69 0
-34 -43 0
-34 -48 0
-34 -55 0
-34 -61 0
-34 -69 0
-43 -48 0
-43 -55 0
-43 -61 0
-43 -69 0
-48 -55 0
-48 -61 0
-48 -69 0
-55 -61 0
-55 -69 0
-61 -69 0
-7 -15 0
-7 -29 0
-7 -35 0
-7 -44 0
-7 -49 0
-7 -62 0
-15 -29 0
-15 -35 0
-15 -44 0
-15 -49 0
-15 -62 0
-29 -35 0
-29 -44 0
-29 -49 0
-29 -62 0
-35 -44 0
-35 -49 0
-35 -62 0
-44 -49 0
-44 -62 0
-49 -62 0
