p cnf 77 273
22 23 24 25 26 27 0
36 37 38 39 40 41 42 43 0
-1 -7 0
-1 -13 0
-1 -22 0
-1 -28 0
-1 -36 0
-1 -44 0
-1 -53 0
-1 -63 0
-1 -70 0
-7 -13 0
-7 -22 0
-7 -28 0
-7 -36 0
-7 -44 0
-7 -53 0
-7 -63 0
-7 -70 0
-13 -22 0
-13 -28 0
-13 -36 0
-13 -44 0
-13 -53 0
-13 -63 0
-13 -70 0
-22 -28 0
-22 -36 0
-22 -44 0
-22 -53 0
-22 -63 0
-22 -70 0
-28 -36 0
-28 -44 0
-28 -53 0
-28 -63 0
-28 -70 0
-36 -44 0
-36 -53 0
-36 -63 0
-36 -70 0
-44 -53 0
-44 -63 0
-44 -70 0
-53 -63 0
-53 -70 0
-63 -70 0
-8 -14 0
-8 -23 0
-8 -29 0
-8 -37 0
-8 -45 0
-8 -54 0
-8 -64 0
-8 -71 0
-14 -23 0
-14 -29 0
-14 -37 0
-14 -45 0
-14 -54 0
-14 -64 0
-14 -71 0
-23 -29 0
-23 -37 0
-23 -45 0
-23 -54 0
-23 -64 0
-23 -71 0
-29 -37 0
-29 -45 0
-29 -54 0
-29 -64 0
-29 -71 0
-37 -45 0
-37 -54 0
-37 -64 0
-37 -71 0
-45 -54 0
-45 -64 0
-45 -71 0
-54 -64 0
-54 -71 0
-64 -71 0
-2 -9 0
-2 -15 0
-2 -30 0
-2 -38 0
-2 -55 0
-2 -65 0
-2 -72 0
-9 -15 0
-9 -30 0
-9 -38 0
-9 -55 0
-9 -65 0
-9 -72 0
-15 -30 0
-15 -38 0
-15 -55 0
-15 -65 0
-15 -72 0
-30 -38 0
-30 -55 0
-30 -65 0
-30 -72 0
-38 -55 0
-38 -65 0
-38 -72 0
-55 -65 0
-55 -72 0
-65 -72 0
-10 -16 0
-10 -24 0
-10 -39 0
-10 -46 0
-10 -56 0
-10 -66 0
-10 -73 0
-16 -24 0
-16 -39 0
-16 -46 0
-16 -56 0
-16 -66 0
-16 -73 0
-24 -39 0
-24 -46 0
-24 -56 0
-24 -66 0
-24 -73 0
-39 -46 0
-39 -56 0
-39 -66 0
-39 -73 0
-46 -56 0
-46 -66 0
-46 -73 0
-56 -66 0
-56 -73 0
-66 -73 0
-3 -11 0
-3 -17 0
-3 -31 0
-3 -47 0
-3 -57 0
-3 -67 0
-3 -74 0
-11 -17 0
-11 -31 0
-11 -47 0
-11 -57 0
-11 -67 0
-11 -74 0
-17 -31 0
-17 -47 0
-17 -57 0
-17 -67 0
-17 -74 0
-31 -47 0
-31 -57 0
-31 -67 0
-31 -74 0
-47 -57 0
-47 -67 0
-47 -74 0
-57 -67 0
-57 -74 0
-67 -74 0
-4 -18 0
-4 -25 0
-4 -32 0
-4 -40 0
-4 -48 0
-4 -58 0
-4 -68 0
-18 -25 0
-18 -32 0
-18 -40 0
-18 -48 0
-18 -58 0
-18 -68 0
-25 -32 0
-25 -40 0
-25 -48 0
-25 -58 0
-25 -68 0
-32 -40 0
-32 -48 0
-32 -58 0
-32 -68 0
-40 -48 0
-40 -58 0
-40 -68 0
-48 -58 0
-48 -68 0
-58 -68 0
-19 -33 0
-19 -41 0
-19 -49 0
-19 -59 0
-19 -75 0
-33 -41 0
-33 -49 0
-33 -59 0
-33 -75 0
-41 -49 0
-41 -59 0
-41 -75 0
-49 -59 0
-49 -75 0
-59 -75 0
-5 -20 0
-5 -26 0
-5 -34 0
-5 -42 0
-5 -50 0
-5 -60 0
-5 -69 0
-5 -76 0
-20 -26 0
-20 -34 0
-20 -42 0
-20 -50 0
-20 -60 0
-20 -69 0
-20 -76 0
-26 -34 0
-26 -42 0
-26 -50 0
-26 -60 0
-26 -69 0
-26 -76 0
-34 -42 0
-34 -50 0
-34 -60 0
-34 -69 0
-34 -76 0
-42 -50 0
-42 -60 0
-42 -69 0
-42 -76 0
-50 -60 0
-50 -69 0
-50 -76 0
-60 -69 0
-60 -76 0
-69 -76 0
-12 -21 0
-12 -27 0
-12 -35 0
-12 -43 0
-12 -51 0
-12 -61 0
-21 -27 0
-21 -35 0
-21 -43 0
-21 -51 0
-21 -61 0
-27 -35 0
-27 -43 0
-27 -51 0
-27 -61 0
-35 -43 0
-35 -51 0
-35 -61 0
-43 -51 0
-43 -61 0
-51 -61 0
-6 -52 0
-6 -62 0
-6 -77 0
-52 -62 0
-52 -77 0
-62 -77 0
