p cnf 203 810
1 2 3 4 5 6 7 8 9 10 11 12 13 14 15 16 17 18 19 20 21 0
22 23 24 25 26 27 28 29 30 31 32 33 34 35 36 37 38 39 40 41 42 43 0
44 45 46 47 48 49 50 51 52 53 54 55 56 57 58 59 60 61 62 63 0
64 65 66 67 68 69 70 71 72 73 74 75 76 77 78 79 80 81 82 83 0
84 85 86 87 88 89 90 91 92 93 94 95 96 97 98 99 100 101 102 103 0
104 105 106 107 108 109 110 111 112 113 114 115 116 117 118 119 120 121 122 0
144 145 146 147 148 149 150 151 152 153 154 155 156 157 158 159 160 161 162 163 0
164 165 166 167 168 169 170 171 172 173 174 175 176 177 178 179 180 181 182 183 184 185 0
-1 -22 0
-1 -44 0
-1 -64 0
-1 -104 0
-1 -123 0
-1 -144 0
-1 -164 0
-1 -186 0
-22 -44 0
-22 -64 0
-22 -104 0
-22 -123 0
-22 -144 0
-22 -164 0
-22 -186 0
-44 -64 0
-44 -104 0
-44 -123 0
-44 -144 0
-44 -164 0
-44 -186 0
-64 -104 0
-64 -123 0
-64 -144 0
-64 -164 0
-64 -186 0
-104 -123 0
-104 -144 0
-104 -164 0
-104 -186 0
-123 -144 0
-123 -164 0
-123 -186 0
-144 -164 0
-144 -186 0
-164 -186 0
-2 -23 0
-2 -45 0
-2 -65 0
-2 -84 0
-2 -124 0
-2 -145 0
-2 -165 0
-2 -187 0
-23 -45 0
-23 -65 0
-23 -84 0
-23 -124 0
-23 -145 0
-23 -165 0
-23 -187 0
-45 -65 0
-45 -84 0
-45 -124 0
-45 -145 0
-45 -165 0
-45 -187 0
-65 -84 0
-65 -124 0
-65 -145 0
-65 -165 0
-65 -187 0
-84 -124 0
-84 -145 0
-84 -165 0
-84 -187 0
-124 -145 0
-124 -165 0
-124 -187 0
-145 -165 0
-145 -187 0
-165 -187 0
-3 -24 0
-3 -46 0
-3 -85 0
-3 -105 0
-3 -125 0
-3 -166 0
-3 -188 0
-24 -46 0
-24 -85 0
-24 -105 0
-24 -125 0
-24 -166 0
-24 -188 0
-46 -85 0
-46 -105 0
-46 -125 0
-46 -166 0
-46 -188 0
-85 -105 0
-85 -125 0
-85 -166 0
-85 -188 0
-105 -125 0
-105 -166 0
-105 -188 0
-125 -166 0
-125 -188 0
-166 -188 0
-4 -25 0
-4 -66 0
-4 -86 0
-4 -106 0
-4 -126 0
-4 -146 0
-4 -167 0
-4 -189 0
-25 -66 0
-25 -86 0
-25 -106 0
-25 -126 0
-25 -146 0
-25 -167 0
-25 -189 0
-66 -86 0
-66 -106 0
-66 -126 0
-66 -146 0
-66 -167 0
-66 -189 0
-86 -106 0
-86 -126 0
-86 -146 0
-86 -167 0
-86 -189 0
-106 -126 0
-106 -146 0
-106 -167 0
-106 -189 0
-126 -146 0
-126 -167 0
-126 -189 0
-146 -167 0
-146 -189 0
-167 -189 0
-5 -26 0
-5 -47 0
-5 -67 0
-5 -87 0
-5 -107 0
-5 -127 0
-5 -168 0
-5 -190 0
-26 -47 0
-26 -67 0
-26 -87 0
-26 -107 0
-26 -127 0
-26 -168 0
-26 -190 0
-47 -67 0
-47 -87 0
-47 -107 0
-47 -127 0
-47 -168 0
-47 -190 0
-67 -87 0
-67 -107 0
-67 -127 0
-67 -168 0
-67 -190 0
-87 -107 0
-87 -127 0
-87 -168 0
-87 -190 0
-107 -127 0
-107 -168 0
-107 -190 0
-127 -168 0
-127 -190 0
-168 -190 0
-6 -27 0
-6 -48 0
-6 -68 0
-6 -88 0
-6 -108 0
-6 -128 0
-6 -147 0
-6 -169 0
-6 -191 0
-27 -48 0
-27 -68 0
-27 -88 0
-27 -108 0
-27 -128 0
-27 -147 0
-27 -169 0
-27 -191 0
-48 -68 0
-48 -88 0
-48 -108 0
-48 -128 0
-48 -147 0
-48 -169 0
-48 -191 0
-68 -88 0
-68 -108 0
-68 -128 0
-68 -147 0
-68 -169 0
-68 -191 0
-88 -108 0
-88 -128 0
-88 -147 0
-88 -169 0
-88 -191 0
-108 -128 0
-108 -147 0
-108 -169 0
-108 -191 0
-128 -147 0
-128 -169 0
-128 -191 0
-147 -169 0
-147 -191 0
-169 -191 0
-7 -28 0
-7 -49 0
-7 -69 0
-7 -89 0
-7 -109 0
-7 -148 0
-7 -170 0
-7 -192 0
-28 -49 0
-28 -69 0
-28 -89 0
-28 -109 0
-28 -148 0
-28 -170 0
-28 -192 0
-49 -69 0
-49 -89 0
-49 -109 0
-49 -148 0
-49 -170 0
-49 -192 0
-69 -89 0
-69 -109 0
-69 -148 0
-69 -170 0
-69 -192 0
-89 -109 0
-89 -148 0
-89 -170 0
-89 -192 0
-109 -148 0
-109 -170 0
-109 -192 0
-148 -170 0
-148 -192 0
-170 -192 0
-8 -29 0
-8 -50 0
-8 -70 0
-8 -90 0
-8 -110 0
-8 -129 0
-8 -149 0
-8 -171 0
-8 -193 0
-29 -50 0
-29 -70 0
-29 -90 0
-29 -110 0
-29 -129 0
-29 -149 0
-29 -171 0
-29 -193 0
-50 -70 0
-50 -90 0
-50 -110 0
-50 -129 0
-50 -149 0
-50 -171 0
-50 -193 0
-70 -90 0
-70 -110 0
-70 -129 0
-70 -149 0
-70 -171 0
-70 -193 0
-90 -110 0
-90 -129 0
-90 -149 0
-90 -171 0
-90 -193 0
-110 -129 0
-110 -149 0
-110 -171 0
-110 -193 0
-129 -149 0
-129 -171 0
-129 -193 0
-149 -171 0
-149 -193 0
-171 -193 0
-9 -51 0
-9 -71 0
-9 -91 0
-9 -130 0
-9 -150 0
-9 -172 0
-51 -71 0
-51 -91 0
-51 -130 0
-51 -150 0
-51 -172 0
-71 -91 0
-71 -130 0
-71 -150 0
-71 -172 0
-91 -130 0
-91 -150 0
-91 -172 0
-130 -150 0
-130 -172 0
-150 -172 0
-10 -30 0
-10 -52 0
-10 -72 0
-10 -92 0
-10 -111 0
-10 -131 0
-10 -151 0
-10 -173 0
-30 -52 0
-30 -72 0
-30 -92 0
-30 -111 0
-30 -131 0
-30 -151 0
-30 -173 0
-52 -72 0
-52 -92 0
-52 -111 0
-52 -131 0
-52 -151 0
-52 -173 0
-72 -92 0
-72 -111 0
-72 -131 0
-72 -151 0
-72 -173 0
-92 -111 0
-92 -131 0
-92 -151 0
-92 -173 0
-111 -131 0
-111 -151 0
-111 -173 0
-131 -151 0
-131 -173 0
-151 -173 0
-11 -31 0
-11 -53 0
-11 -73 0
-11 -93 0
-11 -132 0
-11 -152 0
-11 -174 0
-31 -53 0
-31 -73 0
-31 -93 0
-31 -132 0
-31 -152 0
-31 -174 0
-53 -73 0
-53 -93 0
-53 -132 0
-53 -152 0
-53 -174 0
-73 -93 0
-73 -132 0
-73 -152 0
-73 -174 0
-93 -132 0
-93 -152 0
-93 -174 0
-132 -152 0
-132 -174 0
-152 -174 0
-12 -32 0
-12 -54 0
-12 -74 0
-12 -94 0
-12 -112 0
-12 -133 0
-12 -194 0
-32 -54 0
-32 -74 0
-32 -94 0
-32 -112 0
-32 -133 0
-32 -194 0
-54 -74 0
-54 -94 0
-54 -112 0
-54 -133 0
-54 -194 0
-74 -94 0
-74 -112 0
-74 -133 0
-74 -194 0
-94 -112 0
-94 -133 0
-94 -194 0
-112 -133 0
-112 -194 0
-133 -194 0
-13 -33 0
-13 -55 0
-13 -75 0
-13 -95 0
-13 -113 0
-13 -134 0
-13 -153 0
-13 -175 0
-13 -195 0
-33 -55 0
-33 -75 0
-33 -95 0
-33 -113 0
-33 -134 0
-33 -153 0
-33 -175 0
-33 -195 0
-55 -75 0
-55 -95 0
-55 -113 0
-55 -134 0
-55 -153 0
-55 -175 0
-55 -195 0
-75 -95 0
-75 -113 0
-75 -134 0
-75 -153 0
-75 -175 0
-75 -195 0
-95 -113 0
-95 -134 0
-95 -153 0
-95 -175 0
-95 -195 0
-113 -134 0
-113 -153 0
-113 -175 0
-113 -195 0
-134 -153 0
-134 -175 0
-134 -195 0
-153 -175 0
-153 -195 0
-175 -195 0
-14 -34 0
-14 -56 0
-14 -76 0
-14 -96 0
-14 -114 0
-14 -154 0
-14 -176 0
-14 -196 0
-34 -56 0
-34 -76 0
-34 -96 0
-34 -114 0
-34 -154 0
-34 -176 0
-34 -196 0
-56 -76 0
-56 -96 0
-56 -114 0
-56 -154 0
-56 -176 0
-56 -196 0
-76 -96 0
-76 -114 0
-76 -154 0
-76 -176 0
-76 -196 0
-96 -114 0
-96 -154 0
-96 -176 0
-96 -196 0
-114 -154 0
-114 -176 0
-114 -196 0
-154 -176 0
-154 -196 0
-176 -196 0
-15 -35 0
-15 -57 0
-15 -77 0
-15 -115 0
-15 -135 0
-15 -155 0
-15 -177 0
-15 -197 0
-35 -57 0
-35 -77 0
-35 -115 0
-35 -135 0
-35 -155 0
-35 -177 0
-35 -197 0
-57 -77 0
-57 -115 0
-57 -135 0
-57 -155 0
-57 -177 0
-57 -197 0
-77 -115 0
-77 -135 0
-77 -155 0
-77 -177 0
-77 -197 0
-115 -135 0
-115 -155 0
-115 -177 0
-115 -197 0
-135 -155 0
-135 -177 0
-135 -197 0
-155 -177 0
-155 -197 0
-177 -197 0
-36 -58 0
-36 -78 0
-36 -97 0
-36 -136 0
-36 -156 0
-36 -178 0
-36 -198 0
-58 -78 0
-58 -97 0
-58 -136 0
-58 -156 0
-58 -178 0
-58 -198 0
-78 -97 0
-78 -136 0
-78 -156 0
-78 -178 0
-78 -198 0
-97 -136 0
-97 -156 0
-97 -178 0
-97 -198 0
-136 -156 0
-136 -178 0
-136 -198 0
-156 -178 0
-156 -198 0
-178 -198 0
-16 -37 0
-16 -59 0
-16 -98 0
-16 -116 0
-16 -137 0
-16 -157 0
-16 -179 0
-37 -59 0
-37 -98 0
-37 -116 0
-37 -137 0
-37 -157 0
-37 -179 0
-59 -98 0
-59 -116 0
-59 -137 0
-59 -157 0
-59 -179 0
-98 -116 0
-98 -137 0
-98 -157 0
-98 -179 0
-116 -137 0
-116 -157 0
-116 -179 0
-137 -157 0
-137 -179 0
-157 -179 0
-17 -38 0
-17 -60 0
-17 -99 0
-17 -117 0
-17 -138 0
-17 -158 0
-17 -180 0
-17 -199 0
-38 -60 0
-38 -99 0
-38 -117 0
-38 -138 0
-38 -158 0
-38 -180 0
-38 -199 0
-60 -99 0
-60 -117 0
-60 -138 0
-60 -158 0
-60 -180 0
-60 -199 0
-99 -117 0
-99 -138 0
-99 -158 0
-99 -180 0
-99 -199 0
-117 -138 0
-117 -158 0
-117 -180 0
-117 -199 0
-138 -158 0
-138 -180 0
-138 -199 0
-158 -180 0
-158 -199 0
-180 -199 0
-18 -39 0
-18 -79 0
-18 -100 0
-18 -118 0
-18 -139 0
-18 -159 0
-18 -181 0
-18 -200 0
-39 -79 0
-39 -100 0
-39 -118 0
-39 -139 0
-39 -159 0
-39 -181 0
-39 -200 0
-79 -100 0
-79 -118 0
-79 -139 0
-79 -159 0
-79 -181 0
-79 -200 0
-100 -118 0
-100 -139 0
-100 -159 0
-100 -181 0
-100 -200 0
-118 -139 0
-118 -159 0
-118 -181 0
-118 -200 0
-139 -159 0
-139 -181 0
-139 -200 0
-159 -181 0
-159 -200 0
-181 -200 0
-19 -40 0
-19 -61 0
-19 -80 0
-19 -101 0
-19 -119 0
-19 -140 0
-19 -160 0
-19 -182 0
-19 -201 0
-40 -61 0
-40 -80 0
-40 -101 0
-40 -119 0
-40 -140 0
-40 -160 0
-40 -182 0
-40 -201 0
-61 -80 0
-61 -101 0
-61 -119 0
-61 -140 0
-61 -160 0
-61 -182 0
-61 -201 0
-80 -101 0
-80 -119 0
-80 -140 0
-80 -160 0
-80 -182 0
-80 -201 0
-101 -119 0
-101 -140 0
-101 -160 0
-101 -182 0
-101 -201 0
-119 -140 0
-119 -160 0
-119 -182 0
-119 -201 0
-140 -160 0
-140 -182 0
-140 -201 0
-160 -182 0
-160 -201 0
-182 -201 0
-41 -81 0
-41 -102 0
-41 -120 0
-41 -141 0
-41 -161 0
-41 -183 0
-41 -202 0
-81 -102 0
-81 -120 0
-81 -141 0
-81 -161 0
-81 -183 0
-81 -202 0
-102 -120 0
-102 -141 0
-102 -161 0
-102 -183 0
-102 -202 0
-120 -141 0
-120 -161 0
-120 -183 0
-120 -202 0
-141 -161 0
-141 -183 0
-141 -202 0
-161 -183 0
-161 -202 0
-183 -202 0
-20 -42 0
-20 -62 0
-20 -82 0
-20 -121 0
-20 -142 0
-20 -162 0
-20 -184 0
-42 -62 0
-42 -82 0
-42 -121 0
-42 -142 0
-42 -162 0
-42 -184 0
-62 -82 0
-62 -121 0
-62 -142 0
-62 -162 0
-62 -184 0
-82 -121 0
-82 -142 0
-82 -162 0
-82 -184 0
-121 -142 0
-121 -162 0
-121 -184 0
-142 -162 0
-142 -184 0
-162 -184 0
-21 -43 0
-21 -63 0
-21 -83 0
-21 -103 0
-21 -122 0
-21 -143 0
-21 -163 0
-21 -185 0
-21 -203 0
-43 -63 0
-43 -83 0
-43 -103 0
-43 -122 0
-43 -143 0
-43 -163 0
-43 -185 0
-43 -203 0
-63 -83 0
-63 -103 0
-63 -122 0
-63 -143 0
-63 -163 0
-63 -185 0
-63 -203 0
-83 -103 0
-83 -122 0
-83 -143 0
-83 -163 0
-83 -185 0
-83 -203 0
-103 -122 0
-103 -143 0
-103 -163 0
-103 -185 0
-103 -203 0
-122 -143 0
-122 -163 0
-122 -185 0
-122 -203 0
-143 -163 0
-143 -185 0
-143 -203 0
-163 -185 0
-163 -203 0
-185 -203 0
