p cnf 227 936
1 2 3 4 5 6 7 8 9 10 11 12 13 14 15 16 17 18 19 20 21 22 23 0
24 25 26 27 28 29 30 31 32 33 34 35 36 37 38 39 40 41 42 43 44 45 0
46 47 48 49 50 51 52 53 54 55 56 57 58 59 60 61 62 63 64 65 66 67 0
68 69 70 71 72 73 74 75 76 77 78 79 80 81 82 83 84 85 86 87 88 89 90 91 0
92 93 94 95 96 97 98 99 100 101 102 103 104 105 106 107 108 109 110 111 112 113 0
114 115 116 117 118 119 120 121 122 123 124 125 126 127 128 129 130 131 132 133 134 135 0
136 137 138 139 140 141 142 143 144 145 146 147 148 149 150 151 152 153 154 155 156 157 158 0
159 160 161 162 163 164 165 166 167 168 169 170 171 172 173 174 175 176 177 178 179 180 0
181 182 183 184 185 186 187 188 189 190 191 192 193 194 195 196 197 198 199 200 201 202 203 204 205 0
206 207 208 209 210 211 212 213 214 215 216 217 218 219 220 221 222 223 224 225 226 227 0
-1 -24 0
-1 -46 0
-1 -68 0
-1 -92 0
-1 -114 0
-1 -136 0
-1 -181 0
-1 -206 0
-24 -46 0
-24 -68 0
-24 -92 0
-24 -114 0
-24 -136 0
-24 -181 0
-24 -206 0
-46 -68 0
-46 -92 0
-46 -114 0
-46 -136 0
-46 -181 0
-46 -206 0
-68 -92 0
-68 -114 0
-68 -136 0
-68 -181 0
-68 -206 0
-92 -114 0
-92 -136 0
-92 -181 0
-92 -206 0
-114 -136 0
-114 -181 0
-114 -206 0
-136 -181 0
-136 -206 0
-181 -206 0
-2 -25 0
-2 -47 0
-2 -69 0
-2 -93 0
-2 -115 0
-2 -137 0
-2 -159 0
-2 -182 0
-2 -207 0
-25 -47 0
-25 -69 0
-25 -93 0
-25 -115 0
-25 -137 0
-25 -159 0
-25 -182 0
-25 -207 0
-47 -69 0
-47 -93 0
-47 -115 0
-47 -137 0
-47 -159 0
-47 -182 0
-47 -207 0
-69 -93 0
-69 -115 0
-69 -137 0
-69 -159 0
-69 -182 0
-69 -207 0
-93 -115 0
-93 -137 0
-93 -159 0
-93 -182 0
-93 -207 0
-115 -137 0
-115 -159 0
-115 -182 0
-115 -207 0
-137 -159 0
-137 -182 0
-137 -207 0
-159 -182 0
-159 -207 0
-182 -207 0
-3 -48 0
-3 -70 0
-3 -94 0
-3 -116 0
-3 -138 0
-3 -160 0
-3 -183 0
-3 -208 0
-48 -70 0
-48 -94 0
-48 -116 0
-48 -138 0
-48 -160 0
-48 -183 0
-48 -208 0
-70 -94 0
-70 -116 0
-70 -138 0
-70 -160 0
-70 -183 0
-70 -208 0
-94 -116 0
-94 -138 0
-94 -160 0
-94 -183 0
-94 -208 0
-116 -138 0
-116 -160 0
-116 -183 0
-116 -208 0
-138 -160 0
-138 -183 0
-138 -208 0
-160 -183 0
-160 -208 0
-183 -208 0
-4 -26 0
-4 -49 0
-4 -71 0
-4 -95 0
-4 -117 0
-4 -139 0
-4 -161 0
-4 -184 0
-4 -209 0
-26 -49 0
-26 -71 0
-26 -95 0
-26 -117 0
-26 -139 0
-26 -161 0
-26 -184 0
-26 -209 0
-49 -71 0
-49 -95 0
-49 -117 0
-49 -139 0
-49 -161 0
-49 -184 0
-49 -209 0
-71 -95 0
-71 -117 0
-71 -139 0
-71 -161 0
-71 -184 0
-71 -209 0
-95 -117 0
-95 -139 0
-95 -161 0
-95 -184 0
-95 -209 0
-117 -139 0
-117 -161 0
-117 -184 0
-117 -209 0
-139 -161 0
-139 -184 0
-139 -209 0
-161 -184 0
-161 -209 0
-184 -209 0
-72 -96 0
-72 -118 0
-72 -140 0
-72 -162 0
-72 -185 0
-72 -210 0
-96 -118 0
-96 -140 0
-96 -162 0
-96 -185 0
-96 -210 0
-118 -140 0
-118 -162 0
-118 -185 0
-118 -210 0
-140 -162 0
-140 -185 0
-140 -210 0
-162 -185 0
-162 -210 0
-185 -210 0
-5 -27 0
-5 -50 0
-5 -73 0
-5 -97 0
-5 -119 0
-5 -141 0
-5 -186 0
-5 -211 0
-27 -50 0
-27 -73 0
-27 -97 0
-27 -119 0
-27 -141 0
-27 -186 0
-27 -211 0
-50 -73 0
-50 -97 0
-50 -119 0
-50 -141 0
-50 -186 0
-50 -211 0
-73 -97 0
-73 -119 0
-73 -141 0
-73 -186 0
-73 -211 0
-97 -119 0
-97 -141 0
-97 -186 0
-97 -211 0
-119 -141 0
-119 -186 0
-119 -211 0
-141 -186 0
-141 -211 0
-186 -211 0
-6 -28 0
-6 -51 0
-6 -98 0
-6 -120 0
-6 -142 0
-6 -163 0
-6 -187 0
-6 -212 0
-28 -51 0
-28 -98 0
-28 -120 0
-28 -142 0
-28 -163 0
-28 -187 0
-28 -212 0
-51 -98 0
-51 -120 0
-51 -142 0
-51 -163 0
-51 -187 0
-51 -212 0
-98 -120 0
-98 -142 0
-98 -163 0
-98 -187 0
-98 -212 0
-120 -142 0
-120 -163 0
-120 -187 0
-120 -212 0
-142 -163 0
-142 -187 0
-142 -212 0
-163 -187 0
-163 -212 0
-187 -212 0
-7 -29 0
-7 -52 0
-7 -74 0
-7 -99 0
-7 -121 0
-7 -143 0
-7 -164 0
-7 -188 0
-7 -213 0
-29 -52 0
-29 -74 0
-29 -99 0
-29 -121 0
-29 -143 0
-29 -164 0
-29 -188 0
-29 -213 0
-52 -74 0
-52 -99 0
-52 -121 0
-52 -143 0
-52 -164 0
-52 -188 0
-52 -213 0
-74 -99 0
-74 -121 0
-74 -143 0
-74 -164 0
-74 -188 0
-74 -213 0
-99 -121 0
-99 -143 0
-99 -164 0
-99 -188 0
-99 -213 0
-121 -143 0
-121 -164 0
-121 -188 0
-121 -213 0
-143 -164 0
-143 -188 0
-143 -213 0
-164 -188 0
-164 -213 0
-188 -213 0
-8 -30 0
-8 -53 0
-8 -75 0
-8 -100 0
-8 -122 0
-8 -165 0
-8 -189 0
-8 -214 0
-30 -53 0
-30 -75 0
-30 -100 0
-30 -122 0
-30 -165 0
-30 -189 0
-30 -214 0
-53 -75 0
-53 -100 0
-53 -122 0
-53 -165 0
-53 -189 0
-53 -214 0
-75 -100 0
-75 -122 0
-75 -165 0
-75 -189 0
-75 -214 0
-100 -122 0
-100 -165 0
-100 -189 0
-100 -214 0
-122 -165 0
-122 -189 0
-122 -214 0
-165 -189 0
-165 -214 0
-189 -214 0
-9 -31 0
-9 -54 0
-9 -76 0
-9 -101 0
-9 -166 0
-9 -190 0
-9 -215 0
-31 -54 0
-31 -76 0
-31 -101 0
-31 -166 0
-31 -190 0
-31 -215 0
-54 -76 0
-54 -101 0
-54 -166 0
-54 -190 0
-54 -215 0
-76 -101 0
-76 -166 0
-76 -190 0
-76 -215 0
-101 -166 0
-101 -190 0
-101 -215 0
-166 -190 0
-166 -215 0
-190 -215 0
-55 -77 0
-55 -102 0
-55 -123 0
-55 -144 0
-55 -167 0
-55 -191 0
-55 -216 0
-77 -102 0
-77 -123 0
-77 -144 0
-77 -167 0
-77 -191 0
-77 -216 0
-102 -123 0
-102 -144 0
-102 -167 0
-102 -191 0
-102 -216 0
-123 -144 0
-123 -167 0
-123 -191 0
-123 -216 0
-144 -167 0
-144 -191 0
-144 -216 0
-167 -191 0
-167 -216 0
-191 -216 0
-10 -32 0
-10 -56 0
-10 -78 0
-10 -103 0
-10 -145 0
-10 -168 0
-10 -192 0
-32 -56 0
-32 -78 0
-32 -103 0
-32 -145 0
-32 -168 0
-32 -192 0
-56 -78 0
-56 -103 0
-56 -145 0
-56 -168 0
-56 -192 0
-78 -103 0
-78 -145 0
-78 -168 0
-78 -192 0
-103 -145 0
-103 -168 0
-103 -192 0
-145 -168 0
-145 -192 0
-168 -192 0
-11 -33 0
-11 -57 0
-11 -79 0
-11 -104 0
-11 -124 0
-11 -146 0
-11 -169 0
-11 -193 0
-11 -217 0
-33 -57 0
-33 -79 0
-33 -104 0
-33 -124 0
-33 -146 0
-33 -169 0
-33 -193 0
-33 -217 0
-57 -79 0
-57 -104 0
-57 -124 0
-57 -146 0
-57 -169 0
-57 -193 0
-57 -217 0
-79 -104 0
-79 -124 0
-79 -146 0
-79 -169 0
-79 -193 0
-79 -217 0
-104 -124 0
-104 -146 0
-104 -169 0
-104 -193 0
-104 -217 0
-124 -146 0
-124 -169 0
-124 -193 0
-124 -217 0
-146 -169 0
-146 -193 0
-146 -217 0
-169 -193 0
-169 -217 0
-193 -217 0
-12 -34 0
-12 -58 0
-12 -80 0
-12 -105 0
-12 -125 0
-12 -147 0
-12 -170 0
-12 -194 0
-12 -218 0
-34 -58 0
-34 -80 0
-34 -105 0
-34 -125 0
-34 -147 0
-34 -170 0
-34 -194 0
-34 -218 0
-58 -80 0
-58 -105 0
-58 -125 0
-58 -147 0
-58 -170 0
-58 -194 0
-58 -218 0
-80 -105 0
-80 -125 0
-80 -147 0
-80 -170 0
-80 -194 0
-80 -218 0
-105 -125 0
-105 -147 0
-105 -170 0
-105 -194 0
-105 -218 0
-125 -147 0
-125 -170 0
-125 -194 0
-125 -218 0
-147 -170 0
-147 -194 0
-147 -218 0
-170 -194 0
-170 -218 0
-194 -218 0
-13 -35 0
-13 -59 0
-13 -81 0
-13 -106 0
-13 -126 0
-13 -148 0
-13 -171 0
-13 -195 0
-13 -219 0
-35 -59 0
-35 -81 0
-35 -106 0
-35 -126 0
-35 -148 0
-35 -171 0
-35 -195 0
-35 -219 0
-59 -81 0
-59 -106 0
-59 -126 0
-59 -148 0
-59 -171 0
-59 -195 0
-59 -219 0
-81 -106 0
-81 -126 0
-81 -148 0
-81 -171 0
-81 -195 0
-81 -219 0
-106 -126 0
-106 -148 0
-106 -171 0
-106 -195 0
-106 -219 0
-126 -148 0
-126 -171 0
-126 -195 0
-126 -219 0
-148 -171 0
-148 -195 0
-148 -219 0
-171 -195 0
-171 -219 0
-195 -219 0
-14 -36 0
-14 -60 0
-14 -82 0
-14 -127 0
-14 -149 0
-14 -172 0
-14 -196 0
-14 -220 0
-36 -60 0
-36 -82 0
-36 -127 0
-36 -149 0
-36 -172 0
-36 -196 0
-36 -220 0
-60 -82 0
-60 -127 0
-60 -149 0
-60 -172 0
-60 -196 0
-60 -220 0
-82 -127 0
-82 -149 0
-82 -172 0
-82 -196 0
-82 -220 0
-127 -149 0
-127 -172 0
-127 -196 0
-127 -220 0
-149 -172 0
-149 -196 0
-149 -220 0
-172 -196 0
-172 -220 0
-196 -220 0
-15 -37 0
-15 -61 0
-15 -83 0
-15 -107 0
-15 -150 0
-15 -173 0
-15 -197 0
-37 -61 0
-37 -83 0
-37 -107 0
-37 -150 0
-37 -173 0
-37 -197 0
-61 -83 0
-61 -107 0
-61 -150 0
-61 -173 0
-61 -197 0
-83 -107 0
-83 -150 0
-83 -173 0
-83 -197 0
-107 -150 0
-107 -173 0
-107 -197 0
-150 -173 0
-150 -197 0
-173 -197 0
-16 -38 0
-16 -84 0
-16 -108 0
-16 -128 0
-16 -151 0
-16 -174 0
-16 -198 0
-38 -84 0
-38 -108 0
-38 -128 0
-38 -151 0
-38 -174 0
-38 -198 0
-84 -108 0
-84 -128 0
-84 -151 0
-84 -174 0
-84 -198 0
-108 -128 0
-108 -151 0
-108 -174 0
-108 -198 0
-128 -151 0
-128 -174 0
-128 -198 0
-151 -174 0
-151 -198 0
-174 -198 0
-17 -39 0
-17 -62 0
-17 -85 0
-17 -129 0
-17 -152 0
-17 -175 0
-17 -199 0
-17 -221 0
-39 -62 0
-39 -85 0
-39 -129 0
-39 -152 0
-39 -175 0
-39 -199 0
-39 -221 0
-62 -85 0
-62 -129 0
-62 -152 0
-62 -175 0
-62 -199 0
-62 -221 0
-85 -129 0
-85 -152 0
-85 -175 0
-85 -199 0
-85 -221 0
-129 -152 0
-129 -175 0
-129 -199 0
-129 -221 0
-152 -175 0
-152 -199 0
-152 -221 0
-175 -199 0
-175 -221 0
-199 -221 0
-18 -40 0
-18 -63 0
-18 -86 0
-18 -109 0
-18 -130 0
-18 -153 0
-18 -176 0
-18 -200 0
-18 -222 0
-40 -63 0
-40 -86 0
-40 -109 0
-40 -130 0
-40 -153 0
-40 -176 0
-40 -200 0
-40 -222 0
-63 -86 0
-63 -109 0
-63 -130 0
-63 -153 0
-63 -176 0
-63 -200 0
-63 -222 0
-86 -109 0
-86 -130 0
-86 -153 0
-86 -176 0
-86 -200 0
-86 -222 0
-109 -130 0
-109 -153 0
-109 -176 0
-109 -200 0
-109 -222 0
-130 -153 0
-130 -176 0
-130 -200 0
-130 -222 0
-153 -176 0
-153 -200 0
-153 -222 0
-176 -200 0
-176 -222 0
-200 -222 0
-19 -41 0
-19 -64 0
-19 -87 0
-19 -131 0
-19 -154 0
-19 -177 0
-19 -201 0
-19 -223 0
-41 -64 0
-41 -87 0
-41 -131 0
-41 -154 0
-41 -177 0
-41 -201 0
-41 -223 0
-64 -87 0
-64 -131 0
-64 -154 0
-64 -177 0
-64 -201 0
-64 -223 0
-87 -131 0
-87 -154 0
-87 -177 0
-87 -201 0
-87 -223 0
-131 -154 0
-131 -177 0
-131 -201 0
-131 -223 0
-154 -177 0
-154 -201 0
-154 -223 0
-177 -201 0
-177 -223 0
-201 -223 0
-20 -42 0
-20 -88 0
-20 -110 0
-20 -132 0
-20 -155 0
-20 -178 0
-20 -202 0
-20 -224 0
-42 -88 0
-42 -110 0
-42 -132 0
-42 -155 0
-42 -178 0
-42 -202 0
-42 -224 0
-88 -110 0
-88 -132 0
-88 -155 0
-88 -178 0
-88 -202 0
-88 -224 0
-110 -132 0
-110 -155 0
-110 -178 0
-110 -202 0
-110 -224 0
-132 -155 0
-132 -178 0
-132 -202 0
-132 -224 0
-155 -178 0
-155 -202 0
-155 -224 0
-178 -202 0
-178 -224 0
-202 -224 0
-21 -43 0
-21 -65 0
-21 -89 0
-21 -111 0
-21 -133 0
-21 -156 0
-21 -179 0
-21 -203 0
-21 -225 0
-43 -65 0
-43 -89 0
-43 -111 0
-43 -133 0
-43 -156 0
-43 -179 0
-43 -203 0
-43 -225 0
-65 -89 0
-65 -111 0
-65 -133 0
-65 -156 0
-65 -179 0
-65 -203 0
-65 -225 0
-89 -111 0
-89 -133 0
-89 -156 0
-89 -179 0
-89 -203 0
-89 -225 0
-111 -133 0
-111 -156 0
-111 -179 0
-111 -203 0
-111 -225 0
-133 -156 0
-133 -179 0
-133 -203 0
-133 -225 0
-156 -179 0
-156 -203 0
-156 -225 0
-179 -203 0
-179 -225 0
-203 -225 0
-22 -44 0
-22 -66 0
-22 -90 0
-22 -112 0
-22 -134 0
-22 -157 0
-22 -180 0
-22 -204 0
-22 -226 0
-44 -66 0
-44 -90 0
-44 -112 0
-44 -134 0
-44 -157 0
-44 -180 0
-44 -204 0
-44 -226 0
-66 -90 0
-66 -112 0
-66 -134 0
-66 -157 0
-66 -180 0
-66 -204 0
-66 -226 0
-90 -112 0
-90 -134 0
-90 -157 0
-90 -180 0
-90 -204 0
-90 -226 0
-112 -134 0
-112 -157 0
-112 -180 0
-112 -204 0
-112 -226 0
-134 -157 0
-134 -180 0
-134 -204 0
-134 -226 0
-157 -180 0
-157 -204 0
-157 -226 0
-180 -204 0
-180 -226 0
-204 -226 0
-23 -45 0
-23 -67 0
-23 -91 0
-23 -113 0
-23 -135 0
-23 -158 0
-23 -205 0
-23 -227 0
-45 -67 0
-45 -91 0
-45 -113 0
-45 -135 0
-45 -158 0
-45 -205 0
-45 -227 0
-67 -91 0
-67 -113 0
-67 -135 0
-67 -158 0
-67 -205 0
-67 -227 0
-91 -113 0
-91 -135 0
-91 -158 0
-91 -205 0
-91 -227 0
-113 -135 0
-113 -158 0
-113 -205 0
-113 -227 0
-135 -158 0
-135 -205 0
-135 -227 0
-158 -205 0
-158 -227 0
-205 -227 0
