p cnf 28 190
1 -2 0
-1 2 0
1 3 4 5 6 7 -8 0
1 3 4 5 6 -7 8 0
1 3 4 5 -6 7 8 0
1 3 4 5 -6 -7 -8 0
1 3 4 -5 6 7 8 0
1 3 4 -5 6 -7 -8 0
1 3 4 -5 -6 7 -8 0
1 3 4 -5 -6 -7 8 0
1 3 -4 5 6 7 8 0
1 3 -4 5 6 -7 -8 0
1 3 -4 5 -6 7 -8 0
1 3 -4 5 -6 -7 8 0
1 3 -4 -5 6 7 -8 0
1 3 -4 -5 6 -7 8 0
1 3 -4 -5 -6 7 8 0
1 3 -4 -5 -6 -7 -8 0
1 -3 4 5 6 7 8 0
1 -3 4 5 6 -7 -8 0
1 -3 4 5 -6 7 -8 0
1 -3 4 5 -6 -7 8 0
1 -3 4 -5 6 7 -8 0
1 -3 4 -5 6 -7 8 0
1 -3 4 -5 -6 7 8 0
1 -3 4 -5 -6 -7 -8 0
1 -3 -4 5 6 7 -8 0
1 -3 -4 5 6 -7 8 0
1 -3 -4 5 -6 7 8 0
1 -3 -4 5 -6 -7 -8 0
1 -3 -4 -5 6 7 8 0
1 -3 -4 -5 6 -7 -8 0
1 -3 -4 -5 -6 7 -8 0
1 -3 -4 -5 -6 -7 8 0
-1 3 4 5 6 7 8 0
-1 3 4 5 6 -7 -8 0
-1 3 4 5 -6 7 -8 0
-1 3 4 5 -6 -7 8 0
-1 3 4 -5 6 7 -8 0
-1 3 4 -5 6 -7 8 0
-1 3 4 -5 -6 7 8 0
-1 3 4 -5 -6 -7 -8 0
-1 3 -4 5 6 7 -8 0
-1 3 -4 5 6 -7 8 0
-1 3 -4 5 -6 7 8 0
-1 3 -4 5 -6 -7 -8 0
-1 3 -4 -5 6 7 8 0
-1 3 -4 -5 6 -7 -8 0
-1 3 -4 -5 -6 7 -8 0
-1 3 -4 -5 -6 -7 8 0
-1 -3 4 5 6 7 -8 0
-1 -3 4 5 6 -7 8 0
-1 -3 4 5 -6 7 8 0
-1 -3 4 5 -6 -7 -8 0
-1 -3 4 -5 6 7 8 0
-1 -3 4 -5 6 -7 -8 0
-1 -3 4 -5 -6 7 -8 0
-1 -3 4 -5 -6 -7 8 0
-1 -3 -4 5 6 7 8 0
-1 -3 -4 5 6 -7 -8 0
-1 -3 -4 5 -6 7 -8 0
-1 -3 -4 5 -6 -7 8 0
-1 -3 -4 -5 6 7 -8 0
-1 -3 -4 -5 6 -7 8 0
-1 -3 -4 -5 -6 7 8 0
-1 -3 -4 -5 -6 -7 -8 0
3 9 10 11 12 -13 0
3 9 10 11 -12 13 0
3 9 10 -11 12 13 0
3 9 10 -11 -12 -13 0
3 9 -10 11 12 13 0
3 9 -10 11 -12 -13 0
3 9 -10 -11 12 -13 0
3 9 -10 -11 -12 13 0
3 -9 10 11 12 13 0
3 -9 10 11 -12 -13 0
3 -9 10 -11 12 -13 0
3 -9 10 -11 -12 13 0
3 -9 -10 11 12 -13 0
3 -9 -10 11 -12 13 0
3 -9 -10 -11 12 13 0
3 -9 -10 -11 -12 -13 0
-3 9 10 11 12 13 0
-3 9 10 11 -12 -13 0
-3 9 10 -11 12 -13 0
-3 9 10 -11 -12 13 0
-3 9 -10 11 12 -13 0
-3 9 -10 11 -12 13 0
-3 9 -10 -11 12 13 0
-3 9 -10 -11 -12 -13 0
-3 -9 10 11 12 -13 0
-3 -9 10 11 -12 13 0
-3 -9 10 -11 12 13 0
-3 -9 10 -11 -12 -13 0
-3 -9 -10 11 12 13 0
-3 -9 -10 11 -12 -13 0
-3 -9 -10 -11 12 -13 0
-3 -9 -10 -11 -12 13 0
14 15 16 17 0
14 15 -16 -17 0
14 -15 16 -17 0
14 -15 -16 17 0
-14 15 16 -17 0
-14 15 -16 17 0
-14 -15 16 17 0
-14 -15 -16 -17 0
14 18 19 20 -21 0
14 18 19 -20 21 0
14 18 -19 20 21 0
14 18 -19 -20 -21 0
14 -18 19 20 21 0
14 -18 19 -20 -21 0
14 -18 -19 20 -21 0
14 -18 -19 -20 21 0
-14 18 19 20 21 0
-14 18 19 -20 -21 0
-14 18 -19 20 -21 0
-14 18 -19 -20 21 0
-14 -18 19 20 -21 0
-14 -18 19 -20 21 0
-14 -18 -19 20 21 0
-14 -18 -19 -20 -21 0
9 -22 0
-9 22 0
18 -23 0
-18 23 0
4 19 -24 0
4 -19 24 0
-4 19 24 0
-4 -19 -24 0
10 20 22 23 -25 0
10 20 22 -23 25 0
10 20 -22 23 25 0
10 20 -22 -23 -25 0
10 -20 22 23 25 0
10 -20 22 -23 -25 0
10 -20 -22 23 -25 0
10 -20 -22 -23 25 0
-10 20 22 23 25 0
-10 20 22 -23 -25 0
-10 20 -22 23 -25 0
-10 20 -22 -23 25 0
-10 -20 22 23 -25 0
-10 -20 22 -23 25 0
-10 -20 -22 23 25 0
-10 -20 -22 -23 -25 0
2 5 15 25 -26 0
2 5 15 -25 26 0
2 5 -15 25 26 0
2 5 -15 -25 -26 0
2 -5 15 25 26 0
2 -5 15 -25 -26 0
2 -5 -15 25 -26 0
2 -5 -15 -25 26 0
-2 5 15 25 26 0
-2 5 15 -25 -26 0
-2 5 -15 25 -26 0
-2 5 -15 -25 26 0
-2 -5 15 25 -26 0
-2 -5 15 -25 26 0
-2 -5 -15 25 26 0
-2 -5 -15 -25 -26 0
6 24 -27 0
6 -24 27 0
-6 24 27 0
-6 -24 -27 0
7 11 -28 0
7 -11 28 0
-7 11 28 0
-7 -11 -28 0
16 28 0
-16 -28 0
12 -26 0
-12 26 0
8 13 17 21 -27 0
8 13 17 -21 27 0
8 13 -17 21 27 0
8 13 -17 -21 -27 0
8 -13 17 21 27 0
8 -13 17 -21 -27 0
8 -13 -17 21 -27 0
8 -13 -17 -21 27 0
-8 13 17 21 27 0
-8 13 17 -21 -27 0
-8 13 -17 21 -27 0
-8 13 -17 -21 27 0
-8 -13 17 21 -27 0
-8 -13 17 -21 27 0
-8 -13 -17 21 27 0
-8 -13 -17 -21 -27 0
