p cnf 146 605
1 2 3 4 5 6 7 8 9 10 11 12 13 14 15 16 0
17 18 19 20 21 22 23 24 25 26 27 28 29 30 31 0
32 33 34 35 36 37 38 39 40 41 42 43 44 45 0
60 61 62 63 64 65 66 67 68 69 70 71 72 73 74 0
90 91 92 93 94 95 96 97 98 99 100 101 102 0
103 104 105 106 107 108 109 110 111 112 113 114 115 116 0
117 118 119 120 121 122 123 124 125 126 127 128 129 130 131 0
-1 -17 0
-1 -46 0
-1 -60 0
-1 -75 0
-1 -90 0
-1 -103 0
-1 -117 0
-1 -132 0
-17 -46 0
-17 -60 0
-17 -75 0
-17 -90 0
-17 -103 0
-17 -117 0
-17 -132 0
-46 -60 0
-46 -75 0
-46 -90 0
-46 -103 0
-46 -117 0
-46 -132 0
-60 -75 0
-60 -90 0
-60 -103 0
-60 -117 0
-60 -132 0
-75 -90 0
-75 -103 0
-75 -117 0
-75 -132 0
-90 -103 0
-90 -117 0
-90 -132 0
-103 -117 0
-103 -132 0
-117 -132 0
-2 -18 0
-2 -32 0
-2 -47 0
-2 -61 0
-2 -76 0
-2 -91 0
-2 -118 0
-2 -133 0
-18 -32 0
-18 -47 0
-18 -61 0
-18 -76 0
-18 -91 0
-18 -118 0
-18 -133 0
-32 -47 0
-32 -61 0
-32 -76 0
-32 -91 0
-32 -118 0
-32 -133 0
-47 -61 0
-47 -76 0
-47 -91 0
-47 -118 0
-47 -133 0
-61 -76 0
-61 -91 0
-61 -118 0
-61 -133 0
-76 -91 0
-76 -118 0
-76 -133 0
-91 -118 0
-91 -133 0
-118 -133 0
-3 -19 0
-3 -33 0
-3 -48 0
-3 -62 0
-3 -77 0
-3 -92 0
-3 -104 0
-3 -119 0
-3 -134 0
-19 -33 0
-19 -48 0
-19 -62 0
-19 -77 0
-19 -92 0
-19 -104 0
-19 -119 0
-19 -134 0
-33 -48 0
-33 -62 0
-33 -77 0
-33 -92 0
-33 -104 0
-33 -119 0
-33 -134 0
-48 -62 0
-48 -77 0
-48 -92 0
-48 -104 0
-48 -119 0
-48 -134 0
-62 -77 0
-62 -92 0
-62 -104 0
-62 -119 0
-62 -134 0
-77 -92 0
-77 -104 0
-77 -119 0
-77 -134 0
-92 -104 0
-92 -119 0
-92 -134 0
-104 -119 0
-104 -134 0
-119 -134 0
-4 -20 0
-4 -34 0
-4 -63 0
-4 -93 0
-4 -105 0
-4 -120 0
-20 -34 0
-20 -63 0
-20 -93 0
-20 -105 0
-20 -120 0
-34 -63 0
-34 -93 0
-34 -105 0
-34 -120 0
-63 -93 0
-63 -105 0
-63 -120 0
-93 -105 0
-93 -120 0
-105 -120 0
-5 -21 0
-5 -35 0
-5 -49 0
-5 -64 0
-5 -78 0
-5 -94 0
-5 -106 0
-5 -121 0
-5 -135 0
-21 -35 0
-21 -49 0
-21 -64 0
-21 -78 0
-21 -94 0
-21 -106 0
-21 -121 0
-21 -135 0
-35 -49 0
-35 -64 0
-35 -78 0
-35 -94 0
-35 -106 0
-35 -121 0
-35 -135 0
-49 -64 0
-49 -78 0
-49 -94 0
-49 -106 0
-49 -121 0
-49 -135 0
-64 -78 0
-64 -94 0
-64 -106 0
-64 -121 0
-64 -135 0
-78 -94 0
-78 -106 0
-78 -121 0
-78 -135 0
-94 -106 0
-94 -121 0
-94 -135 0
-106 -121 0
-106 -135 0
-121 -135 0
-6 -22 0
-6 -36 0
-6 -50 0
-6 -65 0
-6 -79 0
-6 -95 0
-6 -107 0
-6 -122 0
-6 -136 0
-22 -36 0
-22 -50 0
-22 -65 0
-22 -79 0
-22 -95 0
-22 -107 0
-22 -122 0
-22 -136 0
-36 -50 0
-36 -65 0
-36 -79 0
-36 -95 0
-36 -107 0
-36 -122 0
-36 -136 0
-50 -65 0
-50 -79 0
-50 -95 0
-50 -107 0
-50 -122 0
-50 -136 0
-65 -79 0
-65 -95 0
-65 -107 0
-65 -122 0
-65 -136 0
-79 -95 0
-79 -107 0
-79 -122 0
-79 -136 0
-95 -107 0
-95 -122 0
-95 -136 0
-107 -122 0
-107 -136 0
-122 -136 0
-7 -23 0
-7 -37 0
-7 -66 0
-7 -80 0
-7 -96 0
-7 -108 0
-7 -123 0
-7 -137 0
-23 -37 0
-23 -66 0
-23 -80 0
-23 -96 0
-23 -108 0
-23 -123 0
-23 -137 0
-37 -66 0
-37 -80 0
-37 -96 0
-37 -108 0
-37 -123 0
-37 -137 0
-66 -80 0
-66 -96 0
-66 -108 0
-66 -123 0
-66 -137 0
-80 -96 0
-80 -108 0
-80 -123 0
-80 -137 0
-96 -108 0
-96 -123 0
-96 -137 0
-108 -123 0
-108 -137 0
-123 -137 0
-8 -24 0
-8 -38 0
-8 -51 0
-8 -81 0
-8 -97 0
-8 -109 0
-8 -124 0
-8 -138 0
-24 -38 0
-24 -51 0
-24 -81 0
-24 -97 0
-24 -109 0
-24 -124 0
-24 -138 0
-38 -51 0
-38 -81 0
-38 -97 0
-38 -109 0
-38 -124 0
-38 -138 0
-51 -81 0
-51 -97 0
-51 -109 0
-51 -124 0
-51 -138 0
-81 -97 0
-81 -109 0
-81 -124 0
-81 -138 0
-97 -109 0
-97 -124 0
-97 -138 0
-109 -124 0
-109 -138 0
-124 -138 0
-9 -25 0
-9 -39 0
-9 -52 0
-9 -67 0
-9 -82 0
-9 -110 0
-9 -125 0
-9 -139 0
-25 -39 0
-25 -52 0
-25 -67 0
-25 -82 0
-25 -110 0
-25 -125 0
-25 -139 0
-39 -52 0
-39 -67 0
-39 -82 0
-39 -110 0
-39 -125 0
-39 -139 0
-52 -67 0
-52 -82 0
-52 -110 0
-52 -125 0
-52 -139 0
-67 -82 0
-67 -110 0
-67 -125 0
-67 -139 0
-82 -110 0
-82 -125 0
-82 -139 0
-110 -125 0
-110 -139 0
-125 -139 0
-10 -40 0
-10 -53 0
-10 -68 0
-10 -83 0
-10 -98 0
-10 -111 0
-10 -126 0
-10 -140 0
-40 -53 0
-40 -68 0
-40 -83 0
-40 -98 0
-40 -111 0
-40 -126 0
-40 -140 0
-53 -68 0
-53 -83 0
-53 -98 0
-53 -111 0
-53 -126 0
-53 -140 0
-68 -83 0
-68 -98 0
-68 -111 0
-68 -126 0
-68 -140 0
-83 -98 0
-83 -111 0
-83 -126 0
-83 -140 0
-98 -111 0
-98 -126 0
-98 -140 0
-111 -126 0
-111 -140 0
-126 -140 0
-11 -26 0
-11 -54 0
-11 -69 0
-11 -84 0
-11 -99 0
-11 -112 0
-11 -127 0
-11 -141 0
-26 -54 0
-26 -69 0
-26 -84 0
-26 -99 0
-26 -112 0
-26 -127 0
-26 -141 0
-54 -69 0
-54 -84 0
-54 -99 0
-54 -112 0
-54 -127 0
-54 -141 0
-69 -84 0
-69 -99 0
-69 -112 0
-69 -127 0
-69 -141 0
-84 -99 0
-84 -112 0
-84 -127 0
-84 -141 0
-99 -112 0
-99 -127 0
-99 -141 0
-112 -127 0
-112 -141 0
-127 -141 0
-12 -27 0
-12 -41 0
-12 -55 0
-12 -70 0
-12 -85 0
-12 -113 0
-12 -142 0
-27 -41 0
-27 -55 0
-27 -70 0
-27 -85 0
-27 -113 0
-27 -142 0
-41 -55 0
-41 -70 0
-41 -85 0
-41 -113 0
-41 -142 0
-55 -70 0
-55 -85 0
-55 -113 0
-55 -142 0
-70 -85 0
-70 -113 0
-70 -142 0
-85 -113 0
-85 -142 0
-113 -142 0
-13 -28 0
-13 -42 0
-13 -56 0
-13 -71 0
-13 -86 0
-13 -100 0
-13 -114 0
-13 -128 0
-13 -143 0
-28 -42 0
-28 -56 0
-28 -71 0
-28 -86 0
-28 -100 0
-28 -114 0
-28 -128 0
-28 -143 0
-42 -56 0
-42 -71 0
-42 -86 0
-42 -100 0
-42 -114 0
-42 -128 0
-42 -143 0
-56 -71 0
-56 -86 0
-56 -100 0
-56 -114 0
-56 -128 0
-56 -143 0
-71 -86 0
-71 -100 0
-71 -114 0
-71 -128 0
-71 -143 0
-86 -100 0
-86 -114 0
-86 -128 0
-86 -143 0
-100 -114 0
-100 -128 0
-100 -143 0
-114 -128 0
-114 -143 0
-128 -143 0
-14 -29 0
-14 -43 0
-14 -57 0
-14 -72 0
-14 -87 0
-14 -115 0
-14 -129 0
-14 -144 0
-29 -43 0
-29 -57 0
-29 -72 0
-29 -87 0
-29 -115 0
-29 -129 0
-29 -144 0
-43 -57 0
-43 -72 0
-43 -87 0
-43 -115 0
-43 -129 0
-43 -144 0
-57 -72 0
-57 -87 0
-57 -115 0
-57 -129 0
-57 -144 0
-72 -87 0
-72 -115 0
-72 -129 0
-72 -144 0
-87 -115 0
-87 -129 0
-87 -144 0
-115 -129 0
-115 -144 0
-129 -144 0
-15 -30 0
-15 -44 0
-15 -58 0
-15 -73 0
-15 -88 0
-15 -101 0
-15 -116 0
-15 -130 0
-15 -145 0
-30 -44 0
-30 -58 0
-30 -73 0
-30 -88 0
-30 -101 0
-30 -116 0
-30 -130 0
-30 -145 0
-44 -58 0
-44 -73 0
-44 -88 0
-44 -101 0
-44 -116 0
-44 -130 0
-44 -145 0
-58 -73 0
-58 -88 0
-58 -101 0
-58 -116 0
-58 -130 0
-58 -145 0
-73 -88 0
-73 -101 0
-73 -116 0
-73 -130 0
-73 -145 0
-88 -101 0
-88 -116 0
-88 -130 0
-88 -145 0
-101 -116 0
-101 -130 0
-101 -145 0
-116 -130 0
-116 -145 0
-130 -145 0
-16 -31 0
-16 -45 0
-16 -59 0
-16 -74 0
-16 -89 0
-16 -102 0
-16 -131 0
-16 -146 0
-31 -45 0
-31 -59 0
-31 -74 0
-31 -89 0
-31 -102 0
-31 -131 0
-31 -146 0
-45 -59 0
-45 -74 0
-45 -89 0
-45 -102 0
-45 -131 0
-45 -146 0
-59 -74 0
-59 -89 0
-59 -102 0
-59 -131 0
-59 -146 0
-74 -89 0
-74 -102 0
-74 -131 0
-74 -146 0
-89 -102 0
-89 -131 0
-89 -146 0
-102 -131 0
-102 -146 0
-131 -146 0
