p cnf 156 616
1 2 3 4 5 6 7 8 9 10 11 12 13 14 15 16 17 18 0
49 50 51 52 53 54 55 56 57 58 59 60 61 62 63 64 65 0
108 109 110 111 112 113 114 115 116 117 118 119 120 121 122 123 124 125 0
126 127 128 129 130 131 132 133 134 135 136 137 138 139 0
-1 -19 0
-1 -34 0
-1 -49 0
-1 -66 0
-1 -95 0
-1 -108 0
-1 -126 0
-1 -140 0
-19 -34 0
-19 -49 0
-19 -66 0
-19 -95 0
-19 -108 0
-19 -126 0
-19 -140 0
-34 -49 0
-34 -66 0
-34 -95 0
-34 -108 0
-34 -126 0
-34 -140 0
-49 -66 0
-49 -95 0
-49 -108 0
-49 -126 0
-49 -140 0
-66 -95 0
-66 -108 0
-66 -126 0
-66 -140 0
-95 -108 0
-95 -126 0
-95 -140 0
-108 -126 0
-108 -140 0
-126 -140 0
-2 -20 0
-2 -35 0
-2 -50 0
-2 -67 0
-2 -79 0
-2 -96 0
-2 -109 0
-2 -127 0
-2 -141 0
-20 -35 0
-20 -50 0
-20 -67 0
-20 -79 0
-20 -96 0
-20 -109 0
-20 -127 0
-20 -141 0
-35 -50 0
-35 -67 0
-35 -79 0
-35 -96 0
-35 -109 0
-35 -127 0
-35 -141 0
-50 -67 0
-50 -79 0
-50 -96 0
-50 -109 0
-50 -127 0
-50 -141 0
-67 -79 0
-67 -96 0
-67 -109 0
-67 -127 0
-67 -141 0
-79 -96 0
-79 -109 0
-79 -127 0
-79 -141 0
-96 -109 0
-96 -127 0
-96 -141 0
-109 -127 0
-109 -141 0
-127 -141 0
-3 -21 0
-3 -36 0
-3 -51 0
-3 -68 0
-3 -80 0
-3 -110 0
-3 -142 0
-21 -36 0
-21 -51 0
-21 -68 0
-21 -80 0
-21 -110 0
-21 -142 0
-36 -51 0
-36 -68 0
-36 -80 0
-36 -110 0
-36 -142 0
-51 -68 0
-51 -80 0
-51 -110 0
-51 -142 0
-68 -80 0
-68 -110 0
-68 -142 0
-80 -110 0
-80 -142 0
-110 -142 0
-4 -22 0
-4 -37 0
-4 -52 0
-4 -69 0
-4 -81 0
-4 -111 0
-4 -143 0
-22 -37 0
-22 -52 0
-22 -69 0
-22 -81 0
-22 -111 0
-22 -143 0
-37 -52 0
-37 -69 0
-37 -81 0
-37 -111 0
-37 -143 0
-52 -69 0
-52 -81 0
-52 -111 0
-52 -143 0
-69 -81 0
-69 -111 0
-69 -143 0
-81 -111 0
-81 -143 0
-111 -143 0
-5 -23 0
-5 -53 0
-5 -70 0
-5 -82 0
-5 -97 0
-5 -112 0
-5 -128 0
-5 -144 0
-23 -53 0
-23 -70 0
-23 -82 0
-23 -97 0
-23 -112 0
-23 -128 0
-23 -144 0
-53 -70 0
-53 -82 0
-53 -97 0
-53 -112 0
-53 -128 0
-53 -144 0
-70 -82 0
-70 -97 0
-70 -112 0
-70 -128 0
-70 -144 0
-82 -97 0
-82 -112 0
-82 -128 0
-82 -144 0
-97 -112 0
-97 -128 0
-97 -144 0
-112 -128 0
-112 -144 0
-128 -144 0
-6 -54 0
-6 -98 0
-6 -113 0
-6 -145 0
-54 -98 0
-54 -113 0
-54 -145 0
-98 -113 0
-98 -145 0
-113 -145 0
-7 -24 0
-7 -55 0
-7 -71 0
-7 -83 0
-7 -114 0
-7 -129 0
-7 -146 0
-24 -55 0
-24 -71 0
-24 -83 0
-24 -114 0
-24 -129 0
-24 -146 0
-55 -71 0
-55 -83 0
-55 -114 0
-55 -129 0
-55 -146 0
-71 -83 0
-71 -114 0
-71 -129 0
-71 -146 0
-83 -114 0
-83 -129 0
-83 -146 0
-114 -129 0
-114 -146 0
-129 -146 0
-8 -25 0
-8 -38 0
-8 -56 0
-8 -72 0
-8 -84 0
-8 -115 0
-8 -130 0
-8 -147 0
-25 -38 0
-25 -56 0
-25 -72 0
-25 -84 0
-25 -115 0
-25 -130 0
-25 -147 0
-38 -56 0
-38 -72 0
-38 -84 0
-38 -115 0
-38 -130 0
-38 -147 0
-56 -72 0
-56 -84 0
-56 -115 0
-56 -130 0
-56 -147 0
-72 -84 0
-72 -115 0
-72 -130 0
-72 -147 0
-84 -115 0
-84 -130 0
-84 -147 0
-115 -130 0
-115 -147 0
-130 -147 0
-9 -39 0
-9 -57 0
-9 -85 0
-9 -99 0
-9 -116 0
-9 -131 0
-9 -148 0
-39 -57 0
-39 -85 0
-39 -99 0
-39 -116 0
-39 -131 0
-39 -148 0
-57 -85 0
-57 -99 0
-57 -116 0
-57 -131 0
-57 -148 0
-85 -99 0
-85 -116 0
-85 -131 0
-85 -148 0
-99 -116 0
-99 -131 0
-99 -148 0
-116 -131 0
-116 -148 0
-131 -148 0
-10 -26 0
-10 -40 0
-10 -58 0
-10 -73 0
-10 -86 0
-10 -100 0
-10 -117 0
-10 -132 0
-10 -149 0
-26 -40 0
-26 -58 0
-26 -73 0
-26 -86 0
-26 -100 0
-26 -117 0
-26 -132 0
-26 -149 0
-40 -58 0
-40 -73 0
-40 -86 0
-40 -100 0
-40 -117 0
-40 -132 0
-40 -149 0
-58 -73 0
-58 -86 0
-58 -100 0
-58 -117 0
-58 -132 0
-58 -149 0
-73 -86 0
-73 -100 0
-73 -117 0
-73 -132 0
-73 -149 0
-86 -100 0
-86 -117 0
-86 -132 0
-86 -149 0
-100 -117 0
-100 -132 0
-100 -149 0
-117 -132 0
-117 -149 0
-132 -149 0
-11 -27 0
-11 -41 0
-11 -59 0
-11 -74 0
-11 -87 0
-11 -118 0
-11 -133 0
-11 -150 0
-27 -41 0
-27 -59 0
-27 -74 0
-27 -87 0
-27 -118 0
-27 -133 0
-27 -150 0
-41 -59 0
-41 -74 0
-41 -87 0
-41 -118 0
-41 -133 0
-41 -150 0
-59 -74 0
-59 -87 0
-59 -118 0
-59 -133 0
-59 -150 0
-74 -87 0
-74 -118 0
-74 -133 0
-74 -150 0
-87 -118 0
-87 -133 0
-87 -150 0
-118 -133 0
-118 -150 0
-133 -150 0
-12 -28 0
-12 -42 0
-12 -60 0
-12 -75 0
-12 -88 0
-12 -101 0
-12 -119 0
-12 -134 0
-12 -151 0
-28 -42 0
-28 -60 0
-28 -75 0
-28 -88 0
-28 -101 0
-28 -119 0
-28 -134 0
-28 -151 0
-42 -60 0
-42 -75 0
-42 -88 0
-42 -101 0
-42 -119 0
-42 -134 0
-42 -151 0
-60 -75 0
-60 -88 0
-60 -101 0
-60 -119 0
-60 -134 0
-60 -151 0
-75 -88 0
-75 -101 0
-75 -119 0
-75 -134 0
-75 -151 0
-88 -101 0
-88 -119 0
-88 -134 0
-88 -151 0
-101 -119 0
-101 -134 0
-101 -151 0
-119 -134 0
-119 -151 0
-134 -151 0
-13 -29 0
-13 -43 0
-13 -61 0
-13 -76 0
-13 -89 0
-13 -102 0
-13 -120 0
-13 -135 0
-13 -152 0
-29 -43 0
-29 -61 0
-29 -76 0
-29 -89 0
-29 -102 0
-29 -120 0
-29 -135 0
-29 -152 0
-43 -61 0
-43 -76 0
-43 -89 0
-43 -102 0
-43 -120 0
-43 -135 0
-43 -152 0
-61 -76 0
-61 -89 0
-61 -102 0
-61 -120 0
-61 -135 0
-61 -152 0
-76 -89 0
-76 -102 0
-76 -120 0
-76 -135 0
-76 -152 0
-89 -102 0
-89 -120 0
-89 -135 0
-89 -152 0
-102 -120 0
-102 -135 0
-102 -152 0
-120 -135 0
-120 -152 0
-135 -152 0
-14 -30 0
-14 -44 0
-14 -90 0
-14 -103 0
-14 -121 0
-14 -136 0
-30 -44 0
-30 -90 0
-30 -103 0
-30 -121 0
-30 -136 0
-44 -90 0
-44 -103 0
-44 -121 0
-44 -136 0
-90 -103 0
-90 -121 0
-90 -136 0
-103 -121 0
-103 -136 0
-121 -136 0
-15 -31 0
-15 -45 0
-15 -62 0
-15 -77 0
-15 -91 0
-15 -104 0
-15 -122 0
-15 -153 0
-31 -45 0
-31 -62 0
-31 -77 0
-31 -91 0
-31 -104 0
-31 -122 0
-31 -153 0
-45 -62 0
-45 -77 0
-45 -91 0
-45 -104 0
-45 -122 0
-45 -153 0
-62 -77 0
-62 -91 0
-62 -104 0
-62 -122 0
-62 -153 0
-77 -91 0
-77 -104 0
-77 -122 0
-77 -153 0
-91 -104 0
-91 -122 0
-91 -153 0
-104 -122 0
-104 -153 0
-122 -153 0
-16 -46 0
-16 -63 0
-16 -92 0
-16 -105 0
-16 -123 0
-16 -137 0
-16 -154 0
-46 -63 0
-46 -92 0
-46 -105 0
-46 -123 0
-46 -137 0
-46 -154 0
-63 -92 0
-63 -105 0
-63 -123 0
-63 -137 0
-63 -154 0
-92 -105 0
-92 -123 0
-92 -137 0
-92 -154 0
-105 -123 0
-105 -137 0
-105 -154 0
-123 -137 0
-123 -154 0
-137 -154 0
-17 -32 0
-17 -47 0
-17 -64 0
-17 -78 0
-17 -93 0
-17 -106 0
-17 -124 0
-17 -138 0
-17 -155 0
-32 -47 0
-32 -64 0
-32 -78 0
-32 -93 0
-32 -106 0
-32 -124 0
-32 -138 0
-32 -155 0
-47 -64 0
-47 -78 0
-47 -93 0
-47 -106 0
-47 -124 0
-47 -138 0
-47 -155 0
-64 -78 0
-64 -93 0
-64 -106 0
-64 -124 0
-64 -138 0
-64 -155 0
-78 -93 0
-78 -106 0
-78 -124 0
-78 -138 0
-78 -155 0
-93 -106 0
-93 -124 0
-93 -138 0
-93 -155 0
-106 -124 0
-106 -138 0
-106 -155 0
-124 -138 0
-124 -155 0
-138 -155 0
-18 -33 0
-18 -48 0
-18 -65 0
-18 -94 0
-18 -107 0
-18 -125 0
-18 -139 0
-18 -156 0
-33 -48 0
-33 -65 0
-33 -94 0
-33 -107 0
-33 -125 0
-33 -139 0
-33 -156 0
-48 -65 0
-48 -94 0
-48 -107 0
-48 -125 0
-48 -139 0
-48 -156 0
-65 -94 0
-65 -107 0
-65 -125 0
-65 -139 0
-65 -156 0
-94 -107 0
-94 -125 0
-94 -139 0
-94 -156 0
-107 -125 0
-107 -139 0
-107 -156 0
-125 -139 0
-125 -156 0
-139 -156 0
