p cnf 26 175
-9 -10 0
-9 -11 0
-9 -12 0
-9 -13 0
-9 -14 0
-10 -11 0
-10 -12 0
-10 -13 0
-10 -14 0
-11 -12 0
-11 -13 0
-11 -14 0
-12 -13 0
-12 -14 0
-13 -14 0
-15 -16 0
-15 -17 0
-15 -18 0
-15 -19 0
-16 -17 0
-16 -18 0
-16 -19 0
-17 -18 0
-17 -19 0
-18 -19 0
-20 -21 0
-20 -22 0
-20 -23 0
-20 -24 0
-20 -25 0
-20 -26 0
-21 -22 0
-21 -23 0
-21 -24 0
-21 -25 0
-21 -26 0
-22 -23 0
-22 -24 0
-22 -25 0
-22 -26 0
-23 -24 0
-23 -25 0
-23 -26 0
-24 -25 0
-24 -26 0
-25 -26 0
-10 -9 0
-11 -9 0
-12 -9 0
-13 -9 0
-14 -9 0
-11 -10 0
-12 -10 0
-13 -10 0
-14 -10 0
-12 -11 0
-13 -11 0
-14 -11 0
-13 -12 0
-14 -12 0
-14 -13 0
-11 -15 0
-12 -15 0
-13 -15 0
-14 -15 0
-12 -16 0
-13 -16 0
-14 -16 0
-13 -17 0
-14 -17 0
-14 -18 0
-9 -20 0
-10 -20 0
-11 -20 0
-12 -20 0
-13 -20 0
-14 -20 0
-10 -21 0
-11 -21 0
-12 -21 0
-13 -21 0
-14 -21 0
-11 -22 0
-12 -22 0
-13 -22 0
-14 -22 0
-13 -23 0
-14 -23 0
-14 -24 0
-14 -25 0
-16 -15 0
-17 -15 0
-18 -15 0
-19 -15 0
-17 -16 0
-18 -16 0
-19 -16 0
-18 -17 0
-19 -17 0
-19 -18 0
-15 -20 0
-16 -20 0
-17 -20 0
-18 -20 0
-19 -20 0
-15 -21 0
-16 -21 0
-17 -21 0
-18 -21 0
-19 -21 0
-16 -22 0
-17 -22 0
-18 -22 0
-19 -22 0
-18 -23 0
-19 -23 0
-19 -24 0
-19 -25 0
-21 -20 0
-22 -20 0
-23 -20 0
-24 -20 0
-25 -20 0
-26 -20 0
-22 -21 0
-23 -21 0
-24 -21 0
-25 -21 0
-26 -21 0
-23 -22 0
-24 -22 0
-25 -22 0
-26 -22 0
-24 -23 0
-25 -23 0
-26 -23 0
-25 -24 0
-26 -24 0
-26 -25 0
-9 2 0
-10 3 0
-11 4 0
-12 5 0
-13 6 0
-14 8 0
-15 3 0
-16 4 0
-17 5 0
-18 6 0
-19 8 0
-20 1 0
-21 2 0
-22 3 0
-23 5 0
-24 6 0
-25 7 0
-26 8 0
-1 20 0
-2 9 21 0
-3 10 15 22 0
-4 11 16 0
-5 12 17 23 0
-6 13 18 24 0
-7 25 0
-8 14 19 26 0
1 2 3 4 5 6 8 0
1 2 3 5 7 0
1 2 7 8 0
1 2 7 8 0
2 3 6 8 0
3 4 6 8 0
3 4 0
3 4 7 8 0
4 6 8 0
5 7 8 0
