p cnf 48 1416
-1 -2 -3 -4 0
-1 -2 -3 0
-1 -2 -3 0
-1 -2 -4 0
-1 -2 -4 0
-1 -2 0
-1 -3 -4 0
-1 -3 -4 0
-1 -3 0
-1 -4 0
-2 -3 -4 0
-2 -3 -4 0
-2 -3 0
-2 -4 0
-3 -4 0
1 2 3 4 0
-5 -6 -7 -8 0
5 6 0
5 6 7 0
5 6 8 0
5 7 0
5 8 0
5 7 8 0
6 7 0
6 8 0
6 7 8 0
7 8 0
5 6 7 0
5 6 8 0
5 6 7 8 0
5 7 8 0
6 7 8 0
-9 -10 -11 0
-9 -10 -12 0
-9 -11 -12 0
-9 -10 -11 -12 0
-10 -11 -12 0
9 10 11 0
9 10 12 0
9 11 12 0
10 11 12 0
9 10 11 12 0
-13 -14 -15 0
-13 -14 -16 0
-13 -14 -17 0
-13 -15 -16 0
-13 -15 -17 0
-13 -16 -17 0
-13 -14 -15 -16 0
-13 -14 -15 -17 0
-13 -14 -16 -17 0
-13 -15 -16 -17 0
-14 -15 -16 0
-14 -15 -17 0
-14 -16 -17 0
-15 -16 -17 0
-14 -15 -16 -17 0
13 14 15 16 0
13 14 15 17 0
13 14 16 17 0
13 15 16 17 0
14 15 16 17 0
-18 -19 -20 -21 0
-18 -19 -20 -22 0
-18 -19 -20 -23 0
-18 -19 -21 -22 0
-18 -19 -21 -23 0
-18 -19 -22 -23 0
-18 -20 -21 -22 0
-18 -20 -21 -23 0
-18 -20 -22 -23 0
-18 -21 -22 -23 0
-19 -20 -21 -22 0
-19 -20 -21 -23 0
-19 -20 -22 -23 0
-19 -21 -22 -23 0
-20 -21 -22 -23 0
18 19 20 21 0
18 19 20 22 0
18 19 20 23 0
18 19 21 22 0
18 19 21 23 0
18 19 22 23 0
18 20 21 22 0
18 20 21 23 0
18 20 22 23 0
18 21 22 23 0
19 20 21 22 0
19 20 21 23 0
19 20 22 23 0
19 21 22 23 0
20 21 22 23 0
-24 -25 -26 -27 0
-24 -25 -26 -28 0
-24 -25 -26 0
-24 -25 -27 -28 0
-24 -25 -27 0
-24 -25 -28 0
-24 -26 -27 -28 0
-24 -26 -27 0
-24 -26 -28 0
-24 -27 -28 0
-25 -26 -27 -28 0
-25 -26 -27 0
-25 -26 -28 0
-25 -27 -28 0
-26 -27 -28 0
24 25 26 27 0
24 25 26 28 0
24 25 27 28 0
24 26 27 28 0
25 26 27 28 0
-29 -30 0
-29 -30 -31 0
-29 -31 0
-30 -31 0
-29 -30 -31 0
29 30 31 0
-32 -33 -34 -35 0
-32 -33 -34 -36 0
-32 -33 -35 -36 0
-32 -34 -35 -36 0
-33 -34 -35 -36 0
32 33 34 35 0
32 33 34 36 0
32 33 34 0
32 33 35 36 0
32 33 35 0
32 33 36 0
32 34 35 36 0
32 34 35 0
32 34 36 0
32 35 36 0
33 34 35 36 0
33 34 35 0
33 34 36 0
33 35 36 0
34 35 36 0
-37 -38 -39 -40 0
-37 -38 -39 -41 0
-37 -38 -39 -42 0
-37 -38 -40 -41 0
-37 -38 -40 -42 0
-37 -38 -41 -42 0
-37 -39 -40 -41 0
-37 -39 -40 -42 0
-37 -39 -41 -42 0
-37 -40 -41 -42 0
-38 -39 -40 -41 0
-38 -39 -40 -42 0
-38 -39 -41 -42 0
-38 -40 -41 -42 0
-39 -40 -41 -42 0
37 38 39 40 0
37 38 39 41 0
37 38 39 42 0
37 38 40 41 0
37 38 40 42 0
37 38 41 42 0
37 39 40 41 0
37 39 40 42 0
37 39 41 42 0
37 40 41 42 0
38 39 40 41 0
38 39 40 42 0
38 39 41 42 0
38 40 41 42 0
39 40 41 42 0
-43 -44 -45 -46 0
-43 -44 -45 -47 0
-43 -44 -45 -48 0
-43 -44 -46 -47 0
-43 -44 -46 -48 0
-43 -44 -47 -48 0
-43 -45 -46 -47 0
-43 -45 -46 -48 0
-43 -45 -47 -48 0
-43 -46 -47 -48 0
-44 -45 -46 -47 0
-44 -45 -46 -48 0
-44 -45 -47 -48 0
-44 -46 -47 -48 0
-45 -46 -47 -48 0
43 44 45 46 0
43 44 45 47 0
43 44 45 48 0
43 44 46 47 0
43 44 46 48 0
43 44 47 48 0
43 45 46 47 0
43 45 46 48 0
43 45 47 48 0
43 46 47 48 0
44 45 46 47 0
44 45 46 48 0
44 45 47 48 0
44 46 47 48 0
45 46 47 48 0
-1 -13 -18 -24 -32 0
-1 -13 -18 -24 -37 0
-1 -13 -18 -24 -43 0
-1 -13 -18 -24 -32 -37 0
-1 -13 -18 -24 -32 -43 0
-1 -13 -18 -24 -37 -43 0
-1 -13 -18 -32 -37 0
-1 -13 -18 -32 -43 0
-1 -13 -18 -37 -43 0
-1 -13 -18 -32 -37 -43 0
-1 -13 -24 -32 -37 0
-1 -13 -24 -32 -43 0
-1 -13 -24 -37 -43 0
-1 -13 -24 -32 -37 -43 0
-1 -13 -32 -37 -43 0
-1 -18 -24 -32 -37 0
-1 -18 -24 -32 -43 0
-1 -18 -24 -37 -43 0
-1 -18 -24 -32 -37 -43 0
-1 -18 -32 -37 -43 0
-1 -24 -32 -37 -43 0
-13 -18 -24 -32 -37 0
-13 -18 -24 -32 -43 0
-13 -18 -24 -37 -43 0
-13 -18 -24 -32 -37 -43 0
-13 -18 -32 -37 -43 0
-13 -24 -32 -37 -43 0
-18 -24 -32 -37 -43 0
1 13 18 24 0
1 13 18 32 0
1 13 18 37 0
1 13 18 43 0
1 13 24 32 0
1 13 24 37 0
1 13 24 43 0
1 13 32 37 0
1 13 32 43 0
1 13 37 43 0
1 18 24 32 0
1 18 24 37 0
1 18 24 43 0
1 18 32 37 0
1 18 32 43 0
1 18 37 43 0
1 24 32 37 0
1 24 32 43 0
1 24 37 43 0
1 32 37 43 0
1 13 18 24 32 0
1 13 18 24 37 0
1 13 18 24 43 0
1 13 18 32 37 0
1 13 18 32 43 0
1 13 18 37 43 0
1 13 24 32 37 0
1 13 24 32 43 0
1 13 24 37 43 0
1 13 32 37 43 0
1 18 24 32 37 0
1 18 24 32 43 0
1 18 24 37 43 0
1 18 32 37 43 0
1 24 32 37 43 0
1 13 18 24 32 0
1 13 18 24 37 0
1 13 18 24 43 0
1 13 18 32 37 0
1 13 18 32 43 0
1 13 18 37 43 0
1 13 24 32 37 0
1 13 24 32 43 0
1 13 24 37 43 0
1 13 32 37 43 0
1 18 24 32 37 0
1 18 24 32 43 0
1 18 24 37 43 0
1 18 32 37 43 0
1 24 32 37 43 0
1 13 18 24 32 37 0
1 13 18 24 32 43 0
1 13 18 24 37 43 0
1 13 18 32 37 43 0
1 13 24 32 37 43 0
1 18 24 32 37 43 0
13 18 24 32 0
13 18 24 37 0
13 18 24 43 0
13 18 32 37 0
13 18 32 43 0
13 18 37 43 0
13 24 32 37 0
13 24 32 43 0
13 24 37 43 0
13 32 37 43 0
18 24 32 37 0
18 24 32 43 0
18 24 37 43 0
18 32 37 43 0
24 32 37 43 0
13 18 24 32 37 0
13 18 24 32 43 0
13 18 24 37 43 0
13 18 32 37 43 0
13 24 32 37 43 0
18 24 32 37 43 0
13 18 24 32 37 0
13 18 24 32 43 0
13 18 24 37 43 0
13 18 32 37 43 0
13 24 32 37 43 0
18 24 32 37 43 0
13 18 24 32 37 43 0
-2 -5 -9 -19 -25 0
-2 -5 -9 -19 -29 0
-2 -5 -9 -19 -33 0
-2 -5 -9 -19 -38 0
-2 -5 -9 -19 -44 0
-2 -5 -9 -25 -29 0
-2 -5 -9 -25 -33 0
-2 -5 -9 -25 -38 0
-2 -5 -9 -25 -44 0
-2 -5 -9 -29 -33 0
-2 -5 -9 -29 -38 0
-2 -5 -9 -29 -44 0
-2 -5 -9 -33 -38 0
-2 -5 -9 -33 -44 0
-2 -5 -9 -38 -44 0
-2 -5 -9 -19 -25 -29 0
-2 -5 -9 -19 -25 -33 0
-2 -5 -9 -19 -25 -38 0
-2 -5 -9 -19 -25 -44 0
-2 -5 -9 -19 -29 -33 0
-2 -5 -9 -19 -29 -38 0
-2 -5 -9 -19 -29 -44 0
-2 -5 -9 -19 -33 -38 0
-2 -5 -9 -19 -33 -44 0
-2 -5 -9 -19 -38 -44 0
-2 -5 -9 -25 -29 -33 0
-2 -5 -9 -25 -29 -38 0
-2 -5 -9 -25 -29 -44 0
-2 -5 -9 -25 -33 -38 0
-2 -5 -9 -25 -33 -44 0
-2 -5 -9 -25 -38 -44 0
-2 -5 -9 -29 -33 -38 0
-2 -5 -9 -29 -33 -44 0
-2 -5 -9 -29 -38 -44 0
-2 -5 -9 -33 -38 -44 0
-2 -5 -19 -25 -29 0
-2 -5 -19 -25 -33 0
-2 -5 -19 -25 -38 0
-2 -5 -19 -25 -44 0
-2 -5 -19 -29 -33 0
-2 -5 -19 -29 -38 0
-2 -5 -19 -29 -44 0
-2 -5 -19 -33 -38 0
-2 -5 -19 -33 -44 0
-2 -5 -19 -38 -44 0
-2 -5 -25 -29 -33 0
-2 -5 -25 -29 -38 0
-2 -5 -25 -29 -44 0
-2 -5 -25 -33 -38 0
-2 -5 -25 -33 -44 0
-2 -5 -25 -38 -44 0
-2 -5 -29 -33 -38 0
-2 -5 -29 -33 -44 0
-2 -5 -29 -38 -44 0
-2 -5 -33 -38 -44 0
-2 -5 -19 -25 -29 -33 0
-2 -5 -19 -25 -29 -38 0
-2 -5 -19 -25 -29 -44 0
-2 -5 -19 -25 -33 -38 0
-2 -5 -19 -25 -33 -44 0
-2 -5 -19 -25 -38 -44 0
-2 -5 -19 -29 -33 -38 0
-2 -5 -19 -29 -33 -44 0
-2 -5 -19 -29 -38 -44 0
-2 -5 -19 -33 -38 -44 0
-2 -5 -25 -29 -33 -38 0
-2 -5 -25 -29 -33 -44 0
-2 -5 -25 -29 -38 -44 0
-2 -5 -25 -33 -38 -44 0
-2 -5 -29 -33 -38 -44 0
-2 -9 -19 -25 -29 0
-2 -9 -19 -25 -33 0
-2 -9 -19 -25 -38 0
-2 -9 -19 -25 -44 0
-2 -9 -19 -29 -33 0
-2 -9 -19 -29 -38 0
-2 -9 -19 -29 -44 0
-2 -9 -19 -33 -38 0
-2 -9 -19 -33 -44 0
-2 -9 -19 -38 -44 0
-2 -9 -25 -29 -33 0
-2 -9 -25 -29 -38 0
-2 -9 -25 -29 -44 0
-2 -9 -25 -33 -38 0
-2 -9 -25 -33 -44 0
-2 -9 -25 -38 -44 0
-2 -9 -29 -33 -38 0
-2 -9 -29 -33 -44 0
-2 -9 -29 -38 -44 0
-2 -9 -33 -38 -44 0
-2 -9 -19 -25 -29 -33 0
-2 -9 -19 -25 -29 -38 0
-2 -9 -19 -25 -29 -44 0
-2 -9 -19 -25 -33 -38 0
-2 -9 -19 -25 -33 -44 0
-2 -9 -19 -25 -38 -44 0
-2 -9 -19 -29 -33 -38 0
-2 -9 -19 -29 -33 -44 0
-2 -9 -19 -29 -38 -44 0
-2 -9 -19 -33 -38 -44 0
-2 -9 -25 -29 -33 -38 0
-2 -9 -25 -29 -33 -44 0
-2 -9 -25 -29 -38 -44 0
-2 -9 -25 -33 -38 -44 0
-2 -9 -29 -33 -38 -44 0
-2 -19 -25 -29 -33 0
-2 -19 -25 -29 -38 0
-2 -19 -25 -29 -44 0
-2 -19 -25 -33 -38 0
-2 -19 -25 -33 -44 0
-2 -19 -25 -38 -44 0
-2 -19 -29 -33 -38 0
-2 -19 -29 -33 -44 0
-2 -19 -29 -38 -44 0
-2 -19 -33 -38 -44 0
-2 -25 -29 -33 -38 0
-2 -25 -29 -33 -44 0
-2 -25 -29 -38 -44 0
-2 -25 -33 -38 -44 0
-2 -29 -33 -38 -44 0
-2 -19 -25 -29 -33 -38 0
-2 -19 -25 -29 -33 -44 0
-2 -19 -25 -29 -38 -44 0
-2 -19 -25 -33 -38 -44 0
-2 -19 -29 -33 -38 -44 0
-2 -25 -29 -33 -38 -44 0
-5 -9 -19 -25 -29 0
-5 -9 -19 -25 -33 0
-5 -9 -19 -25 -38 0
-5 -9 -19 -25 -44 0
-5 -9 -19 -29 -33 0
-5 -9 -19 -29 -38 0
-5 -9 -19 -29 -44 0
-5 -9 -19 -33 -38 0
-5 -9 -19 -33 -44 0
-5 -9 -19 -38 -44 0
-5 -9 -25 -29 -33 0
-5 -9 -25 -29 -38 0
-5 -9 -25 -29 -44 0
-5 -9 -25 -33 -38 0
-5 -9 -25 -33 -44 0
-5 -9 -25 -38 -44 0
-5 -9 -29 -33 -38 0
-5 -9 -29 -33 -44 0
-5 -9 -29 -38 -44 0
-5 -9 -33 -38 -44 0
-5 -9 -19 -25 -29 -33 0
-5 -9 -19 -25 -29 -38 0
-5 -9 -19 -25 -29 -44 0
-5 -9 -19 -25 -33 -38 0
-5 -9 -19 -25 -33 -44 0
-5 -9 -19 -25 -38 -44 0
-5 -9 -19 -29 -33 -38 0
-5 -9 -19 -29 -33 -44 0
-5 -9 -19 -29 -38 -44 0
-5 -9 -19 -33 -38 -44 0
-5 -9 -25 -29 -33 -38 0
-5 -9 -25 -29 -33 -44 0
-5 -9 -25 -29 -38 -44 0
-5 -9 -25 -33 -38 -44 0
-5 -9 -29 -33 -38 -44 0
-5 -19 -25 -29 -33 0
-5 -19 -25 -29 -38 0
-5 -19 -25 -29 -44 0
-5 -19 -25 -33 -38 0
-5 -19 -25 -33 -44 0
-5 -19 -25 -38 -44 0
-5 -19 -29 -33 -38 0
-5 -19 -29 -33 -44 0
-5 -19 -29 -38 -44 0
-5 -19 -33 -38 -44 0
-5 -25 -29 -33 -38 0
-5 -25 -29 -33 -44 0
-5 -25 -29 -38 -44 0
-5 -25 -33 -38 -44 0
-5 -29 -33 -38 -44 0
-5 -19 -25 -29 -33 -38 0
-5 -19 -25 -29 -33 -44 0
-5 -19 -25 -29 -38 -44 0
-5 -19 -25 -33 -38 -44 0
-5 -19 -29 -33 -38 -44 0
-5 -25 -29 -33 -38 -44 0
-9 -19 -25 -29 -33 0
-9 -19 -25 -29 -38 0
-9 -19 -25 -29 -44 0
-9 -19 -25 -33 -38 0
-9 -19 -25 -33 -44 0
-9 -19 -25 -38 -44 0
-9 -19 -29 -33 -38 0
-9 -19 -29 -33 -44 0
-9 -19 -29 -38 -44 0
-9 -19 -33 -38 -44 0
-9 -25 -29 -33 -38 0
-9 -25 -29 -33 -44 0
-9 -25 -29 -38 -44 0
-9 -25 -33 -38 -44 0
-9 -29 -33 -38 -44 0
-9 -19 -25 -29 -33 -38 0
-9 -19 -25 -29 -33 -44 0
-9 -19 -25 -29 -38 -44 0
-9 -19 -25 -33 -38 -44 0
-9 -19 -29 -33 -38 -44 0
-9 -25 -29 -33 -38 -44 0
-19 -25 -29 -33 -38 0
-19 -25 -29 -33 -44 0
-19 -25 -29 -38 -44 0
-19 -25 -33 -38 -44 0
-19 -29 -33 -38 -44 0
-25 -29 -33 -38 -44 0
-19 -25 -29 -33 -38 -44 0
2 5 9 19 25 29 0
2 5 9 19 25 33 0
2 5 9 19 25 38 0
2 5 9 19 25 44 0
2 5 9 19 29 33 0
2 5 9 19 29 38 0
2 5 9 19 29 44 0
2 5 9 19 33 38 0
2 5 9 19 33 44 0
2 5 9 19 38 44 0
2 5 9 25 29 33 0
2 5 9 25 29 38 0
2 5 9 25 29 44 0
2 5 9 25 33 38 0
2 5 9 25 33 44 0
2 5 9 25 38 44 0
2 5 9 29 33 38 0
2 5 9 29 33 44 0
2 5 9 29 38 44 0
2 5 9 33 38 44 0
2 5 19 25 29 33 0
2 5 19 25 29 38 0
2 5 19 25 29 44 0
2 5 19 25 33 38 0
2 5 19 25 33 44 0
2 5 19 25 38 44 0
2 5 19 29 33 38 0
2 5 19 29 33 44 0
2 5 19 29 38 44 0
2 5 19 33 38 44 0
2 5 25 29 33 38 0
2 5 25 29 33 44 0
2 5 25 29 38 44 0
2 5 25 33 38 44 0
2 5 29 33 38 44 0
2 9 19 25 29 33 0
2 9 19 25 29 38 0
2 9 19 25 29 44 0
2 9 19 25 33 38 0
2 9 19 25 33 44 0
2 9 19 25 38 44 0
2 9 19 29 33 38 0
2 9 19 29 33 44 0
2 9 19 29 38 44 0
2 9 19 33 38 44 0
2 9 25 29 33 38 0
2 9 25 29 33 44 0
2 9 25 29 38 44 0
2 9 25 33 38 44 0
2 9 29 33 38 44 0
2 19 25 29 33 38 0
2 19 25 29 33 44 0
2 19 25 29 38 44 0
2 19 25 33 38 44 0
2 19 29 33 38 44 0
2 25 29 33 38 44 0
5 9 19 25 29 33 0
5 9 19 25 29 38 0
5 9 19 25 29 44 0
5 9 19 25 33 38 0
5 9 19 25 33 44 0
5 9 19 25 38 44 0
5 9 19 29 33 38 0
5 9 19 29 33 44 0
5 9 19 29 38 44 0
5 9 19 33 38 44 0
5 9 25 29 33 38 0
5 9 25 29 33 44 0
5 9 25 29 38 44 0
5 9 25 33 38 44 0
5 9 29 33 38 44 0
5 19 25 29 33 38 0
5 19 25 29 33 44 0
5 19 25 29 38 44 0
5 19 25 33 38 44 0
5 19 29 33 38 44 0
5 25 29 33 38 44 0
9 19 25 29 33 38 0
9 19 25 29 33 44 0
9 19 25 29 38 44 0
9 19 25 33 38 44 0
9 19 29 33 38 44 0
9 25 29 33 38 44 0
19 25 29 33 38 44 0
-3 -6 -14 -20 -26 0
-3 -6 -14 -20 -34 0
-3 -6 -14 -20 -39 0
-3 -6 -14 -20 -45 0
-3 -6 -14 -26 -34 0
-3 -6 -14 -26 -39 0
-3 -6 -14 -26 -45 0
-3 -6 -14 -34 -39 0
-3 -6 -14 -34 -45 0
-3 -6 -14 -39 -45 0
-3 -6 -20 -26 -34 0
-3 -6 -20 -26 -39 0
-3 -6 -20 -26 -45 0
-3 -6 -20 -34 -39 0
-3 -6 -20 -34 -45 0
-3 -6 -20 -39 -45 0
-3 -6 -26 -34 -39 0
-3 -6 -26 -34 -45 0
-3 -6 -26 -39 -45 0
-3 -6 -34 -39 -45 0
-3 -6 -14 -20 -26 -34 0
-3 -6 -14 -20 -26 -39 0
-3 -6 -14 -20 -26 -45 0
-3 -6 -14 -20 -34 -39 0
-3 -6 -14 -20 -34 -45 0
-3 -6 -14 -20 -39 -45 0
-3 -6 -14 -26 -34 -39 0
-3 -6 -14 -26 -34 -45 0
-3 -6 -14 -26 -39 -45 0
-3 -6 -14 -34 -39 -45 0
-3 -6 -20 -26 -34 -39 0
-3 -6 -20 -26 -34 -45 0
-3 -6 -20 -26 -39 -45 0
-3 -6 -20 -34 -39 -45 0
-3 -6 -26 -34 -39 -45 0
-3 -14 -20 -26 -34 0
-3 -14 -20 -26 -39 0
-3 -14 -20 -26 -45 0
-3 -14 -20 -34 -39 0
-3 -14 -20 -34 -45 0
-3 -14 -20 -39 -45 0
-3 -14 -26 -34 -39 0
-3 -14 -26 -34 -45 0
-3 -14 -26 -39 -45 0
-3 -14 -34 -39 -45 0
-3 -20 -26 -34 -39 0
-3 -20 -26 -34 -45 0
-3 -20 -26 -39 -45 0
-3 -20 -34 -39 -45 0
-3 -26 -34 -39 -45 0
-3 -14 -20 -26 -34 -39 0
-3 -14 -20 -26 -34 -45 0
-3 -14 -20 -26 -39 -45 0
-3 -14 -20 -34 -39 -45 0
-3 -14 -26 -34 -39 -45 0
-3 -20 -26 -34 -39 -45 0
-6 -14 -20 -26 -34 0
-6 -14 -20 -26 -39 0
-6 -14 -20 -26 -45 0
-6 -14 -20 -34 -39 0
-6 -14 -20 -34 -45 0
-6 -14 -20 -39 -45 0
-6 -14 -26 -34 -39 0
-6 -14 -26 -34 -45 0
-6 -14 -26 -39 -45 0
-6 -14 -34 -39 -45 0
-6 -20 -26 -34 -39 0
-6 -20 -26 -34 -45 0
-6 -20 -26 -39 -45 0
-6 -20 -34 -39 -45 0
-6 -26 -34 -39 -45 0
-6 -14 -20 -26 -34 -39 0
-6 -14 -20 -26 -34 -45 0
-6 -14 -20 -26 -39 -45 0
-6 -14 -20 -34 -39 -45 0
-6 -14 -26 -34 -39 -45 0
-6 -20 -26 -34 -39 -45 0
-14 -20 -26 -34 -39 0
-14 -20 -26 -34 -45 0
-14 -20 -26 -39 -45 0
-14 -20 -34 -39 -45 0
-14 -26 -34 -39 -45 0
-20 -26 -34 -39 -45 0
-14 -20 -26 -34 -39 -45 0
3 6 14 20 26 0
3 6 14 20 26 34 0
3 6 14 20 26 39 0
3 6 14 20 26 45 0
3 6 14 20 34 0
3 6 14 20 39 0
3 6 14 20 45 0
3 6 14 20 34 39 0
3 6 14 20 34 45 0
3 6 14 20 39 45 0
3 6 14 26 34 0
3 6 14 26 39 0
3 6 14 26 45 0
3 6 14 26 34 39 0
3 6 14 26 34 45 0
3 6 14 26 39 45 0
3 6 14 34 39 0
3 6 14 34 45 0
3 6 14 39 45 0
3 6 14 34 39 45 0
3 6 20 26 34 0
3 6 20 26 39 0
3 6 20 26 45 0
3 6 20 26 34 39 0
3 6 20 26 34 45 0
3 6 20 26 39 45 0
3 6 20 34 39 0
3 6 20 34 45 0
3 6 20 39 45 0
3 6 20 34 39 45 0
3 6 26 34 39 0
3 6 26 34 45 0
3 6 26 39 45 0
3 6 26 34 39 45 0
3 6 34 39 45 0
3 14 20 26 34 0
3 14 20 26 39 0
3 14 20 26 45 0
3 14 20 26 34 39 0
3 14 20 26 34 45 0
3 14 20 26 39 45 0
3 14 20 34 39 0
3 14 20 34 45 0
3 14 20 39 45 0
3 14 20 34 39 45 0
3 14 26 34 39 0
3 14 26 34 45 0
3 14 26 39 45 0
3 14 26 34 39 45 0
3 14 34 39 45 0
3 20 26 34 39 0
3 20 26 34 45 0
3 20 26 39 45 0
3 20 26 34 39 45 0
3 20 34 39 45 0
3 26 34 39 45 0
6 14 20 26 34 0
6 14 20 26 39 0
6 14 20 26 45 0
6 14 20 26 34 39 0
6 14 20 26 34 45 0
6 14 20 26 39 45 0
6 14 20 34 39 0
6 14 20 34 45 0
6 14 20 39 45 0
6 14 20 34 39 45 0
6 14 26 34 39 0
6 14 26 34 45 0
6 14 26 39 45 0
6 14 26 34 39 45 0
6 14 34 39 45 0
6 20 26 34 39 0
6 20 26 34 45 0
6 20 26 39 45 0
6 20 26 34 39 45 0
6 20 34 39 45 0
6 26 34 39 45 0
14 20 26 34 39 0
14 20 26 34 45 0
14 20 26 39 45 0
14 20 26 34 39 45 0
14 20 34 39 45 0
14 26 34 39 45 0
20 26 34 39 45 0
-4 -10 -15 -21 -27 -30 0
-4 -10 -15 -21 -27 -35 0
-4 -10 -15 -21 -27 -40 0
-4 -10 -15 -21 -27 -46 0
-4 -10 -15 -21 -30 -35 0
-4 -10 -15 -21 -30 -40 0
-4 -10 -15 -21 -30 -46 0
-4 -10 -15 -21 -35 -40 0
-4 -10 -15 -21 -35 -46 0
-4 -10 -15 -21 -40 -46 0
-4 -10 -15 -27 -30 -35 0
-4 -10 -15 -27 -30 -40 0
-4 -10 -15 -27 -30 -46 0
-4 -10 -15 -27 -35 -40 0
-4 -10 -15 -27 -35 -46 0
-4 -10 -15 -27 -40 -46 0
-4 -10 -15 -30 -35 -40 0
-4 -10 -15 -30 -35 -46 0
-4 -10 -15 -30 -40 -46 0
-4 -10 -15 -35 -40 -46 0
-4 -10 -21 -27 -30 -35 0
-4 -10 -21 -27 -30 -40 0
-4 -10 -21 -27 -30 -46 0
-4 -10 -21 -27 -35 -40 0
-4 -10 -21 -27 -35 -46 0
-4 -10 -21 -27 -40 -46 0
-4 -10 -21 -30 -35 -40 0
-4 -10 -21 -30 -35 -46 0
-4 -10 -21 -30 -40 -46 0
-4 -10 -21 -35 -40 -46 0
-4 -10 -27 -30 -35 -40 0
-4 -10 -27 -30 -35 -46 0
-4 -10 -27 -30 -40 -46 0
-4 -10 -27 -35 -40 -46 0
-4 -10 -30 -35 -40 -46 0
-4 -15 -21 -27 -30 -35 0
-4 -15 -21 -27 -30 -40 0
-4 -15 -21 -27 -30 -46 0
-4 -15 -21 -27 -35 -40 0
-4 -15 -21 -27 -35 -46 0
-4 -15 -21 -27 -40 -46 0
-4 -15 -21 -30 -35 -40 0
-4 -15 -21 -30 -35 -46 0
-4 -15 -21 -30 -40 -46 0
-4 -15 -21 -35 -40 -46 0
-4 -15 -27 -30 -35 -40 0
-4 -15 -27 -30 -35 -46 0
-4 -15 -27 -30 -40 -46 0
-4 -15 -27 -35 -40 -46 0
-4 -15 -30 -35 -40 -46 0
-4 -21 -27 -30 -35 -40 0
-4 -21 -27 -30 -35 -46 0
-4 -21 -27 -30 -40 -46 0
-4 -21 -27 -35 -40 -46 0
-4 -21 -30 -35 -40 -46 0
-4 -27 -30 -35 -40 -46 0
-10 -15 -21 -27 -30 -35 0
-10 -15 -21 -27 -30 -40 0
-10 -15 -21 -27 -30 -46 0
-10 -15 -21 -27 -35 -40 0
-10 -15 -21 -27 -35 -46 0
-10 -15 -21 -27 -40 -46 0
-10 -15 -21 -30 -35 -40 0
-10 -15 -21 -30 -35 -46 0
-10 -15 -21 -30 -40 -46 0
-10 -15 -21 -35 -40 -46 0
-10 -15 -27 -30 -35 -40 0
-10 -15 -27 -30 -35 -46 0
-10 -15 -27 -30 -40 -46 0
-10 -15 -27 -35 -40 -46 0
-10 -15 -30 -35 -40 -46 0
-10 -21 -27 -30 -35 -40 0
-10 -21 -27 -30 -35 -46 0
-10 -21 -27 -30 -40 -46 0
-10 -21 -27 -35 -40 -46 0
-10 -21 -30 -35 -40 -46 0
-10 -27 -30 -35 -40 -46 0
-15 -21 -27 -30 -35 -40 0
-15 -21 -27 -30 -35 -46 0
-15 -21 -27 -30 -40 -46 0
-15 -21 -27 -35 -40 -46 0
-15 -21 -30 -35 -40 -46 0
-15 -27 -30 -35 -40 -46 0
-21 -27 -30 -35 -40 -46 0
4 10 15 21 27 0
4 10 15 21 30 0
4 10 15 21 35 0
4 10 15 21 40 0
4 10 15 21 46 0
4 10 15 27 30 0
4 10 15 27 35 0
4 10 15 27 40 0
4 10 15 27 46 0
4 10 15 30 35 0
4 10 15 30 40 0
4 10 15 30 46 0
4 10 15 35 40 0
4 10 15 35 46 0
4 10 15 40 46 0
4 10 21 27 30 0
4 10 21 27 35 0
4 10 21 27 40 0
4 10 21 27 46 0
4 10 21 30 35 0
4 10 21 30 40 0
4 10 21 30 46 0
4 10 21 35 40 0
4 10 21 35 46 0
4 10 21 40 46 0
4 10 27 30 35 0
4 10 27 30 40 0
4 10 27 30 46 0
4 10 27 35 40 0
4 10 27 35 46 0
4 10 27 40 46 0
4 10 30 35 40 0
4 10 30 35 46 0
4 10 30 40 46 0
4 10 35 40 46 0
4 15 21 27 30 0
4 15 21 27 35 0
4 15 21 27 40 0
4 15 21 27 46 0
4 15 21 30 35 0
4 15 21 30 40 0
4 15 21 30 46 0
4 15 21 35 40 0
4 15 21 35 46 0
4 15 21 40 46 0
4 15 27 30 35 0
4 15 27 30 40 0
4 15 27 30 46 0
4 15 27 35 40 0
4 15 27 35 46 0
4 15 27 40 46 0
4 15 30 35 40 0
4 15 30 35 46 0
4 15 30 40 46 0
4 15 35 40 46 0
4 21 27 30 35 0
4 21 27 30 40 0
4 21 27 30 46 0
4 21 27 35 40 0
4 21 27 35 46 0
4 21 27 40 46 0
4 21 30 35 40 0
4 21 30 35 46 0
4 21 30 40 46 0
4 21 35 40 46 0
4 27 30 35 40 0
4 27 30 35 46 0
4 27 30 40 46 0
4 27 35 40 46 0
4 30 35 40 46 0
4 10 15 21 27 30 0
4 10 15 21 27 35 0
4 10 15 21 27 40 0
4 10 15 21 27 46 0
4 10 15 21 30 35 0
4 10 15 21 30 40 0
4 10 15 21 30 46 0
4 10 15 21 35 40 0
4 10 15 21 35 46 0
4 10 15 21 40 46 0
4 10 15 27 30 35 0
4 10 15 27 30 40 0
4 10 15 27 30 46 0
4 10 15 27 35 40 0
4 10 15 27 35 46 0
4 10 15 27 40 46 0
4 10 15 30 35 40 0
4 10 15 30 35 46 0
4 10 15 30 40 46 0
4 10 15 35 40 46 0
4 10 21 27 30 35 0
4 10 21 27 30 40 0
4 10 21 27 30 46 0
4 10 21 27 35 40 0
4 10 21 27 35 46 0
4 10 21 27 40 46 0
4 10 21 30 35 40 0
4 10 21 30 35 46 0
4 10 21 30 40 46 0
4 10 21 35 40 46 0
4 10 27 30 35 40 0
4 10 27 30 35 46 0
4 10 27 30 40 46 0
4 10 27 35 40 46 0
4 10 30 35 40 46 0
4 15 21 27 30 35 0
4 15 21 27 30 40 0
4 15 21 27 30 46 0
4 15 21 27 35 40 0
4 15 21 27 35 46 0
4 15 21 27 40 46 0
4 15 21 30 35 40 0
4 15 21 30 35 46 0
4 15 21 30 40 46 0
4 15 21 35 40 46 0
4 15 27 30 35 40 0
4 15 27 30 35 46 0
4 15 27 30 40 46 0
4 15 27 35 40 46 0
4 15 30 35 40 46 0
4 21 27 30 35 40 0
4 21 27 30 35 46 0
4 21 27 30 40 46 0
4 21 27 35 40 46 0
4 21 30 35 40 46 0
4 27 30 35 40 46 0
10 15 21 27 30 0
10 15 21 27 35 0
10 15 21 27 40 0
10 15 21 27 46 0
10 15 21 30 35 0
10 15 21 30 40 0
10 15 21 30 46 0
10 15 21 35 40 0
10 15 21 35 46 0
10 15 21 40 46 0
10 15 27 30 35 0
10 15 27 30 40 0
10 15 27 30 46 0
10 15 27 35 40 0
10 15 27 35 46 0
10 15 27 40 46 0
10 15 30 35 40 0
10 15 30 35 46 0
10 15 30 40 46 0
10 15 35 40 46 0
10 21 27 30 35 0
10 21 27 30 40 0
10 21 27 30 46 0
10 21 27 35 40 0
10 21 27 35 46 0
10 21 27 40 46 0
10 21 30 35 40 0
10 21 30 35 46 0
10 21 30 40 46 0
10 21 35 40 46 0
10 27 30 35 40 0
10 27 30 35 46 0
10 27 30 40 46 0
10 27 35 40 46 0
10 30 35 40 46 0
15 21 27 30 35 0
15 21 27 30 40 0
15 21 27 30 46 0
15 21 27 35 40 0
15 21 27 35 46 0
15 21 27 40 46 0
15 21 30 35 40 0
15 21 30 35 46 0
15 21 30 40 46 0
15 21 35 40 46 0
15 27 30 35 40 0
15 27 30 35 46 0
15 27 30 40 46 0
15 27 35 40 46 0
15 30 35 40 46 0
21 27 30 35 40 0
21 27 30 35 46 0
21 27 30 40 46 0
21 27 35 40 46 0
21 30 35 40 46 0
27 30 35 40 46 0
10 15 21 27 30 35 0
10 15 21 27 30 40 0
10 15 21 27 30 46 0
10 15 21 27 35 40 0
10 15 21 27 35 46 0
10 15 21 27 40 46 0
10 15 21 30 35 40 0
10 15 21 30 35 46 0
10 15 21 30 40 46 0
10 15 21 35 40 46 0
10 15 27 30 35 40 0
10 15 27 30 35 46 0
10 15 27 30 40 46 0
10 15 27 35 40 46 0
10 15 30 35 40 46 0
10 21 27 30 35 40 0
10 21 27 30 35 46 0
10 21 27 30 40 46 0
10 21 27 35 40 46 0
10 21 30 35 40 46 0
10 27 30 35 40 46 0
15 21 27 30 35 40 0
15 21 27 30 35 46 0
15 21 27 30 40 46 0
15 21 27 35 40 46 0
15 21 30 35 40 46 0
15 27 30 35 40 46 0
21 27 30 35 40 46 0
-7 -11 -16 -22 -28 0
-7 -11 -16 -22 0
-7 -11 -16 -22 -36 0
-7 -11 -16 -22 -41 0
-7 -11 -16 -22 -47 0
-7 -11 -16 -28 0
-7 -11 -16 -28 -36 0
-7 -11 -16 -28 -41 0
-7 -11 -16 -28 -47 0
-7 -11 -16 -36 0
-7 -11 -16 -41 0
-7 -11 -16 -47 0
-7 -11 -16 -36 -41 0
-7 -11 -16 -36 -47 0
-7 -11 -16 -41 -47 0
-7 -11 -22 -28 0
-7 -11 -22 -28 -36 0
-7 -11 -22 -28 -41 0
-7 -11 -22 -28 -47 0
-7 -11 -22 -36 0
-7 -11 -22 -41 0
-7 -11 -22 -47 0
-7 -11 -22 -36 -41 0
-7 -11 -22 -36 -47 0
-7 -11 -22 -41 -47 0
-7 -11 -28 -36 0
-7 -11 -28 -41 0
-7 -11 -28 -47 0
-7 -11 -28 -36 -41 0
-7 -11 -28 -36 -47 0
-7 -11 -28 -41 -47 0
-7 -11 -36 -41 0
-7 -11 -36 -47 0
-7 -11 -41 -47 0
-7 -11 -36 -41 -47 0
-7 -16 -22 -28 0
-7 -16 -22 -28 -36 0
-7 -16 -22 -28 -41 0
-7 -16 -22 -28 -47 0
-7 -16 -22 -36 0
-7 -16 -22 -41 0
-7 -16 -22 -47 0
-7 -16 -22 -36 -41 0
-7 -16 -22 -36 -47 0
-7 -16 -22 -41 -47 0
-7 -16 -28 -36 0
-7 -16 -28 -41 0
-7 -16 -28 -47 0
-7 -16 -28 -36 -41 0
-7 -16 -28 -36 -47 0
-7 -16 -28 -41 -47 0
-7 -16 -36 -41 0
-7 -16 -36 -47 0
-7 -16 -41 -47 0
-7 -16 -36 -41 -47 0
-7 -22 -28 -36 0
-7 -22 -28 -41 0
-7 -22 -28 -47 0
-7 -22 -28 -36 -41 0
-7 -22 -28 -36 -47 0
-7 -22 -28 -41 -47 0
-7 -22 -36 -41 0
-7 -22 -36 -47 0
-7 -22 -41 -47 0
-7 -22 -36 -41 -47 0
-7 -28 -36 -41 0
-7 -28 -36 -47 0
-7 -28 -41 -47 0
-7 -28 -36 -41 -47 0
-7 -36 -41 -47 0
-11 -16 -22 -28 0
-11 -16 -22 -28 -36 0
-11 -16 -22 -28 -41 0
-11 -16 -22 -28 -47 0
-11 -16 -22 -36 0
-11 -16 -22 -41 0
-11 -16 -22 -47 0
-11 -16 -22 -36 -41 0
-11 -16 -22 -36 -47 0
-11 -16 -22 -41 -47 0
-11 -16 -28 -36 0
-11 -16 -28 -41 0
-11 -16 -28 -47 0
-11 -16 -28 -36 -41 0
-11 -16 -28 -36 -47 0
-11 -16 -28 -41 -47 0
-11 -16 -36 -41 0
-11 -16 -36 -47 0
-11 -16 -41 -47 0
-11 -16 -36 -41 -47 0
-11 -22 -28 -36 0
-11 -22 -28 -41 0
-11 -22 -28 -47 0
-11 -22 -28 -36 -41 0
-11 -22 -28 -36 -47 0
-11 -22 -28 -41 -47 0
-11 -22 -36 -41 0
-11 -22 -36 -47 0
-11 -22 -41 -47 0
-11 -22 -36 -41 -47 0
-11 -28 -36 -41 0
-11 -28 -36 -47 0
-11 -28 -41 -47 0
-11 -28 -36 -41 -47 0
-11 -36 -41 -47 0
-16 -22 -28 -36 0
-16 -22 -28 -41 0
-16 -22 -28 -47 0
-16 -22 -28 -36 -41 0
-16 -22 -28 -36 -47 0
-16 -22 -28 -41 -47 0
-16 -22 -36 -41 0
-16 -22 -36 -47 0
-16 -22 -41 -47 0
-16 -22 -36 -41 -47 0
-16 -28 -36 -41 0
-16 -28 -36 -47 0
-16 -28 -41 -47 0
-16 -28 -36 -41 -47 0
-16 -36 -41 -47 0
-22 -28 -36 -41 0
-22 -28 -36 -47 0
-22 -28 -41 -47 0
-22 -28 -36 -41 -47 0
-22 -36 -41 -47 0
-28 -36 -41 -47 0
-7 -11 -16 -22 -28 0
-7 -11 -16 -22 -28 -36 0
-7 -11 -16 -22 -28 -41 0
-7 -11 -16 -22 -28 -47 0
-7 -11 -16 -22 -36 0
-7 -11 -16 -22 -41 0
-7 -11 -16 -22 -47 0
-7 -11 -16 -22 -36 -41 0
-7 -11 -16 -22 -36 -47 0
-7 -11 -16 -22 -41 -47 0
-7 -11 -16 -28 -36 0
-7 -11 -16 -28 -41 0
-7 -11 -16 -28 -47 0
-7 -11 -16 -28 -36 -41 0
-7 -11 -16 -28 -36 -47 0
-7 -11 -16 -28 -41 -47 0
-7 -11 -16 -36 -41 0
-7 -11 -16 -36 -47 0
-7 -11 -16 -41 -47 0
-7 -11 -16 -36 -41 -47 0
-7 -11 -22 -28 -36 0
-7 -11 -22 -28 -41 0
-7 -11 -22 -28 -47 0
-7 -11 -22 -28 -36 -41 0
-7 -11 -22 -28 -36 -47 0
-7 -11 -22 -28 -41 -47 0
-7 -11 -22 -36 -41 0
-7 -11 -22 -36 -47 0
-7 -11 -22 -41 -47 0
-7 -11 -22 -36 -41 -47 0
-7 -11 -28 -36 -41 0
-7 -11 -28 -36 -47 0
-7 -11 -28 -41 -47 0
-7 -11 -28 -36 -41 -47 0
-7 -11 -36 -41 -47 0
-7 -16 -22 -28 -36 0
-7 -16 -22 -28 -41 0
-7 -16 -22 -28 -47 0
-7 -16 -22 -28 -36 -41 0
-7 -16 -22 -28 -36 -47 0
-7 -16 -22 -28 -41 -47 0
-7 -16 -22 -36 -41 0
-7 -16 -22 -36 -47 0
-7 -16 -22 -41 -47 0
-7 -16 -22 -36 -41 -47 0
-7 -16 -28 -36 -41 0
-7 -16 -28 -36 -47 0
-7 -16 -28 -41 -47 0
-7 -16 -28 -36 -41 -47 0
-7 -16 -36 -41 -47 0
-7 -22 -28 -36 -41 0
-7 -22 -28 -36 -47 0
-7 -22 -28 -41 -47 0
-7 -22 -28 -36 -41 -47 0
-7 -22 -36 -41 -47 0
-7 -28 -36 -41 -47 0
-11 -16 -22 -28 -36 0
-11 -16 -22 -28 -41 0
-11 -16 -22 -28 -47 0
-11 -16 -22 -28 -36 -41 0
-11 -16 -22 -28 -36 -47 0
-11 -16 -22 -28 -41 -47 0
-11 -16 -22 -36 -41 0
-11 -16 -22 -36 -47 0
-11 -16 -22 -41 -47 0
-11 -16 -22 -36 -41 -47 0
-11 -16 -28 -36 -41 0
-11 -16 -28 -36 -47 0
-11 -16 -28 -41 -47 0
-11 -16 -28 -36 -41 -47 0
-11 -16 -36 -41 -47 0
-11 -22 -28 -36 -41 0
-11 -22 -28 -36 -47 0
-11 -22 -28 -41 -47 0
-11 -22 -28 -36 -41 -47 0
-11 -22 -36 -41 -47 0
-11 -28 -36 -41 -47 0
-16 -22 -28 -36 -41 0
-16 -22 -28 -36 -47 0
-16 -22 -28 -41 -47 0
-16 -22 -28 -36 -41 -47 0
-16 -22 -36 -41 -47 0
-16 -28 -36 -41 -47 0
-22 -28 -36 -41 -47 0
7 11 16 22 28 36 0
7 11 16 22 28 41 0
7 11 16 22 28 47 0
7 11 16 22 36 41 0
7 11 16 22 36 47 0
7 11 16 22 41 47 0
7 11 16 28 36 41 0
7 11 16 28 36 47 0
7 11 16 28 41 47 0
7 11 16 36 41 47 0
7 11 22 28 36 41 0
7 11 22 28 36 47 0
7 11 22 28 41 47 0
7 11 22 36 41 47 0
7 11 28 36 41 47 0
7 16 22 28 36 41 0
7 16 22 28 36 47 0
7 16 22 28 41 47 0
7 16 22 36 41 47 0
7 16 28 36 41 47 0
7 22 28 36 41 47 0
11 16 22 28 36 41 0
11 16 22 28 36 47 0
11 16 22 28 41 47 0
11 16 22 36 41 47 0
11 16 28 36 41 47 0
11 22 28 36 41 47 0
16 22 28 36 41 47 0
-8 -12 -17 -23 0
-8 -12 -17 -23 -31 0
-8 -12 -17 -23 -42 0
-8 -12 -17 -23 -48 0
-8 -12 -17 -31 0
-8 -12 -17 -42 0
-8 -12 -17 -48 0
-8 -12 -17 -31 -42 0
-8 -12 -17 -31 -48 0
-8 -12 -17 -42 -48 0
-8 -12 -23 -31 0
-8 -12 -23 -42 0
-8 -12 -23 -48 0
-8 -12 -23 -31 -42 0
-8 -12 -23 -31 -48 0
-8 -12 -23 -42 -48 0
-8 -12 -31 -42 0
-8 -12 -31 -48 0
-8 -12 -42 -48 0
-8 -12 -31 -42 -48 0
-8 -17 -23 -31 0
-8 -17 -23 -42 0
-8 -17 -23 -48 0
-8 -17 -23 -31 -42 0
-8 -17 -23 -31 -48 0
-8 -17 -23 -42 -48 0
-8 -17 -31 -42 0
-8 -17 -31 -48 0
-8 -17 -42 -48 0
-8 -17 -31 -42 -48 0
-8 -23 -31 -42 0
-8 -23 -31 -48 0
-8 -23 -42 -48 0
-8 -23 -31 -42 -48 0
-8 -31 -42 -48 0
-12 -17 -23 -31 0
-12 -17 -23 -42 0
-12 -17 -23 -48 0
-12 -17 -23 -31 -42 0
-12 -17 -23 -31 -48 0
-12 -17 -23 -42 -48 0
-12 -17 -31 -42 0
-12 -17 -31 -48 0
-12 -17 -42 -48 0
-12 -17 -31 -42 -48 0
-12 -23 -31 -42 0
-12 -23 -31 -48 0
-12 -23 -42 -48 0
-12 -23 -31 -42 -48 0
-12 -31 -42 -48 0
-17 -23 -31 -42 0
-17 -23 -31 -48 0
-17 -23 -42 -48 0
-17 -23 -31 -42 -48 0
-17 -31 -42 -48 0
-23 -31 -42 -48 0
-8 -12 -17 -23 -31 0
-8 -12 -17 -23 -42 0
-8 -12 -17 -23 -48 0
-8 -12 -17 -23 -31 -42 0
-8 -12 -17 -23 -31 -48 0
-8 -12 -17 -23 -42 -48 0
-8 -12 -17 -31 -42 0
-8 -12 -17 -31 -48 0
-8 -12 -17 -42 -48 0
-8 -12 -17 -31 -42 -48 0
-8 -12 -23 -31 -42 0
-8 -12 -23 -31 -48 0
-8 -12 -23 -42 -48 0
-8 -12 -23 -31 -42 -48 0
-8 -12 -31 -42 -48 0
-8 -17 -23 -31 -42 0
-8 -17 -23 -31 -48 0
-8 -17 -23 -42 -48 0
-8 -17 -23 -31 -42 -48 0
-8 -17 -31 -42 -48 0
-8 -23 -31 -42 -48 0
-12 -17 -23 -31 -42 0
-12 -17 -23 -31 -48 0
-12 -17 -23 -42 -48 0
-12 -17 -23 -31 -42 -48 0
-12 -17 -31 -42 -48 0
-12 -23 -31 -42 -48 0
-17 -23 -31 -42 -48 0
8 12 17 23 31 0
8 12 17 23 31 42 0
8 12 17 23 31 48 0
8 12 17 23 42 0
8 12 17 23 48 0
8 12 17 23 42 48 0
8 12 17 31 42 0
8 12 17 31 48 0
8 12 17 31 42 48 0
8 12 17 42 48 0
8 12 23 31 42 0
8 12 23 31 48 0
8 12 23 31 42 48 0
8 12 23 42 48 0
8 12 31 42 48 0
8 17 23 31 42 0
8 17 23 31 48 0
8 17 23 31 42 48 0
8 17 23 42 48 0
8 17 31 42 48 0
8 23 31 42 48 0
12 17 23 31 42 0
12 17 23 31 48 0
12 17 23 31 42 48 0
12 17 23 42 48 0
12 17 31 42 48 0
12 23 31 42 48 0
17 23 31 42 48 0
