p cnf 148 582
16 17 18 19 20 21 22 23 24 25 26 27 28 29 30 0
44 45 46 47 48 49 50 51 52 53 54 55 56 57 0
74 75 76 77 78 79 80 81 82 83 84 85 86 87 88 0
-1 -58 0
-1 -74 0
-1 -89 0
-1 -103 0
-1 -118 0
-1 -132 0
-58 -74 0
-58 -89 0
-58 -103 0
-58 -118 0
-58 -132 0
-74 -89 0
-74 -103 0
-74 -118 0
-74 -132 0
-89 -103 0
-89 -118 0
-89 -132 0
-103 -118 0
-103 -132 0
-118 -132 0
-2 -16 0
-2 -31 0
-2 -44 0
-2 -59 0
-2 -75 0
-2 -90 0
-2 -104 0
-2 -119 0
-2 -133 0
-16 -31 0
-16 -44 0
-16 -59 0
-16 -75 0
-16 -90 0
-16 -104 0
-16 -119 0
-16 -133 0
-31 -44 0
-31 -59 0
-31 -75 0
-31 -90 0
-31 -104 0
-31 -119 0
-31 -133 0
-44 -59 0
-44 -75 0
-44 -90 0
-44 -104 0
-44 -119 0
-44 -133 0
-59 -75 0
-59 -90 0
-59 -104 0
-59 -119 0
-59 -133 0
-75 -90 0
-75 -104 0
-75 -119 0
-75 -133 0
-90 -104 0
-90 -119 0
-90 -133 0
-104 -119 0
-104 -133 0
-119 -133 0
-3 -17 0
-3 -45 0
-3 -60 0
-3 -76 0
-3 -105 0
-3 -134 0
-17 -45 0
-17 -60 0
-17 -76 0
-17 -105 0
-17 -134 0
-45 -60 0
-45 -76 0
-45 -105 0
-45 -134 0
-60 -76 0
-60 -105 0
-60 -134 0
-76 -105 0
-76 -134 0
-105 -134 0
-18 -32 0
-18 -46 0
-18 -61 0
-18 -77 0
-18 -91 0
-18 -106 0
-18 -120 0
-18 -135 0
-32 -46 0
-32 -61 0
-32 -77 0
-32 -91 0
-32 -106 0
-32 -120 0
-32 -135 0
-46 -61 0
-46 -77 0
-46 -91 0
-46 -106 0
-46 -120 0
-46 -135 0
-61 -77 0
-61 -91 0
-61 -106 0
-61 -120 0
-61 -135 0
-77 -91 0
-77 -106 0
-77 -120 0
-77 -135 0
-91 -106 0
-91 -120 0
-91 -135 0
-106 -120 0
-106 -135 0
-120 -135 0
-4 -19 0
-4 -33 0
-4 -47 0
-4 -62 0
-4 -78 0
-4 -92 0
-4 -107 0
-4 -121 0
-4 -136 0
-19 -33 0
-19 -47 0
-19 -62 0
-19 -78 0
-19 -92 0
-19 -107 0
-19 -121 0
-19 -136 0
-33 -47 0
-33 -62 0
-33 -78 0
-33 -92 0
-33 -107 0
-33 -121 0
-33 -136 0
-47 -62 0
-47 -78 0
-47 -92 0
-47 -107 0
-47 -121 0
-47 -136 0
-62 -78 0
-62 -92 0
-62 -107 0
-62 -121 0
-62 -136 0
-78 -92 0
-78 -107 0
-78 -121 0
-78 -136 0
-92 -107 0
-92 -121 0
-92 -136 0
-107 -121 0
-107 -136 0
-121 -136 0
-5 -20 0
-5 -48 0
-5 -63 0
-5 -79 0
-5 -93 0
-5 -108 0
-5 -122 0
-5 -137 0
-20 -48 0
-20 -63 0
-20 -79 0
-20 -93 0
-20 -108 0
-20 -122 0
-20 -137 0
-48 -63 0
-48 -79 0
-48 -93 0
-48 -108 0
-48 -122 0
-48 -137 0
-63 -79 0
-63 -93 0
-63 -108 0
-63 -122 0
-63 -137 0
-79 -93 0
-79 -108 0
-79 -122 0
-79 -137 0
-93 -108 0
-93 -122 0
-93 -137 0
-108 -122 0
-108 -137 0
-122 -137 0
-6 -21 0
-6 -34 0
-6 -49 0
-6 -64 0
-6 -80 0
-6 -94 0
-6 -123 0
-6 -138 0
-21 -34 0
-21 -49 0
-21 -64 0
-21 -80 0
-21 -94 0
-21 -123 0
-21 -138 0
-34 -49 0
-34 -64 0
-34 -80 0
-34 -94 0
-34 -123 0
-34 -138 0
-49 -64 0
-49 -80 0
-49 -94 0
-49 -123 0
-49 -138 0
-64 -80 0
-64 -94 0
-64 -123 0
-64 -138 0
-80 -94 0
-80 -123 0
-80 -138 0
-94 -123 0
-94 -138 0
-123 -138 0
-7 -22 0
-7 -35 0
-7 -81 0
-7 -95 0
-7 -109 0
-7 -124 0
-7 -139 0
-22 -35 0
-22 -81 0
-22 -95 0
-22 -109 0
-22 -124 0
-22 -139 0
-35 -81 0
-35 -95 0
-35 -109 0
-35 -124 0
-35 -139 0
-81 -95 0
-81 -109 0
-81 -124 0
-81 -139 0
-95 -109 0
-95 -124 0
-95 -139 0
-109 -124 0
-109 -139 0
-124 -139 0
-23 -36 0
-23 -50 0
-23 -65 0
-23 -82 0
-23 -96 0
-23 -110 0
-23 -140 0
-36 -50 0
-36 -65 0
-36 -82 0
-36 -96 0
-36 -110 0
-36 -140 0
-50 -65 0
-50 -82 0
-50 -96 0
-50 -110 0
-50 -140 0
-65 -82 0
-65 -96 0
-65 -110 0
-65 -140 0
-82 -96 0
-82 -110 0
-82 -140 0
-96 -110 0
-96 -140 0
-110 -140 0
-8 -24 0
-8 -51 0
-8 -66 0
-8 -83 0
-8 -97 0
-8 -111 0
-8 -141 0
-24 -51 0
-24 -66 0
-24 -83 0
-24 -97 0
-24 -111 0
-24 -141 0
-51 -66 0
-51 -83 0
-51 -97 0
-51 -111 0
-51 -141 0
-66 -83 0
-66 -97 0
-66 -111 0
-66 -141 0
-83 -97 0
-83 -111 0
-83 -141 0
-97 -111 0
-97 -141 0
-111 -141 0
-9 -25 0
-9 -37 0
-9 -52 0
-9 -67 0
-9 -84 0
-9 -98 0
-9 -112 0
-9 -125 0
-9 -142 0
-25 -37 0
-25 -52 0
-25 -67 0
-25 -84 0
-25 -98 0
-25 -112 0
-25 -125 0
-25 -142 0
-37 -52 0
-37 -67 0
-37 -84 0
-37 -98 0
-37 -112 0
-37 -125 0
-37 -142 0
-52 -67 0
-52 -84 0
-52 -98 0
-52 -112 0
-52 -125 0
-52 -142 0
-67 -84 0
-67 -98 0
-67 -112 0
-67 -125 0
-67 -142 0
-84 -98 0
-84 -112 0
-84 -125 0
-84 -142 0
-98 -112 0
-98 -125 0
-98 -142 0
-112 -125 0
-112 -142 0
-125 -142 0
-10 -26 0
-10 -38 0
-10 -53 0
-10 -68 0
-10 -85 0
-10 -99 0
-10 -113 0
-10 -126 0
-10 -143 0
-26 -38 0
-26 -53 0
-26 -68 0
-26 -85 0
-26 -99 0
-26 -113 0
-26 -126 0
-26 -143 0
-38 -53 0
-38 -68 0
-38 -85 0
-38 -99 0
-38 -113 0
-38 -126 0
-38 -143 0
-53 -68 0
-53 -85 0
-53 -99 0
-53 -113 0
-53 -126 0
-53 -143 0
-68 -85 0
-68 -99 0
-68 -113 0
-68 -126 0
-68 -143 0
-85 -99 0
-85 -113 0
-85 -126 0
-85 -143 0
-99 -113 0
-99 -126 0
-99 -143 0
-113 -126 0
-113 -143 0
-126 -143 0
-11 -27 0
-11 -39 0
-11 -54 0
-11 -69 0
-11 -86 0
-11 -100 0
-11 -114 0
-11 -127 0
-11 -144 0
-27 -39 0
-27 -54 0
-27 -69 0
-27 -86 0
-27 -100 0
-27 -114 0
-27 -127 0
-27 -144 0
-39 -54 0
-39 -69 0
-39 -86 0
-39 -100 0
-39 -114 0
-39 -127 0
-39 -144 0
-54 -69 0
-54 -86 0
-54 -100 0
-54 -114 0
-54 -127 0
-54 -144 0
-69 -86 0
-69 -100 0
-69 -114 0
-69 -127 0
-69 -144 0
-86 -100 0
-86 -114 0
-86 -127 0
-86 -144 0
-100 -114 0
-100 -127 0
-100 -144 0
-114 -127 0
-114 -144 0
-127 -144 0
-12 -28 0
-12 -40 0
-12 -55 0
-12 -70 0
-12 -87 0
-12 -101 0
-12 -128 0
-12 -145 0
-28 -40 0
-28 -55 0
-28 -70 0
-28 -87 0
-28 -101 0
-28 -128 0
-28 -145 0
-40 -55 0
-40 -70 0
-40 -87 0
-40 -101 0
-40 -128 0
-40 -145 0
-55 -70 0
-55 -87 0
-55 -101 0
-55 -128 0
-55 -145 0
-70 -87 0
-70 -101 0
-70 -128 0
-70 -145 0
-87 -101 0
-87 -128 0
-87 -145 0
-101 -128 0
-101 -145 0
-128 -145 0
-13 -41 0
-13 -56 0
-13 -71 0
-13 -88 0
-13 -115 0
-13 -129 0
-13 -146 0
-41 -56 0
-41 -71 0
-41 -88 0
-41 -115 0
-41 -129 0
-41 -146 0
-56 -71 0
-56 -88 0
-56 -115 0
-56 -129 0
-56 -146 0
-71 -88 0
-71 -115 0
-71 -129 0
-71 -146 0
-88 -115 0
-88 -129 0
-88 -146 0
-115 -129 0
-115 -146 0
-129 -146 0
-14 -29 0
-14 -42 0
-14 -72 0
-14 -102 0
-14 -116 0
-14 -130 0
-14 -147 0
-29 -42 0
-29 -72 0
-29 -102 0
-29 -116 0
-29 -130 0
-29 -147 0
-42 -72 0
-42 -102 0
-42 -116 0
-42 -130 0
-42 -147 0
-72 -102 0
-72 -116 0
-72 -130 0
-72 -147 0
-102 -116 0
-102 -130 0
-102 -147 0
-116 -130 0
-116 -147 0
-130 -147 0
-15 -30 0
-15 -43 0
-15 -57 0
-15 -73 0
-15 -117 0
-15 -131 0
-15 -148 0
-30 -43 0
-30 -57 0
-30 -73 0
-30 -117 0
-30 -131 0
-30 -148 0
-43 -57 0
-43 -73 0
-43 -117 0
-43 -131 0
-43 -148 0
-57 -73 0
-57 -117 0
-57 -131 0
-57 -148 0
-73 -117 0
-73 -131 0
-73 -148 0
-117 -131 0
-117 -148 0
-131 -148 0
