p cnf 28 328
-1 -2 -3 0
1 2 0
1 2 3 0
1 3 0
1 2 3 0
2 3 0
-4 -5 -6 0
4 5 0
4 6 0
5 6 0
4 5 6 0
4 5 6 0
-7 -8 -9 -10 0
-7 -8 -9 -11 0
-7 -8 -10 -11 0
-7 -9 -10 -11 0
-8 -9 -10 -11 0
7 8 9 0
7 8 10 0
7 8 11 0
7 8 9 10 0
7 8 9 11 0
7 8 10 11 0
7 9 10 0
7 9 11 0
7 10 11 0
7 9 10 11 0
8 9 10 0
8 9 11 0
8 10 11 0
8 9 10 11 0
9 10 11 0
-12 -13 -14 -15 0
-12 -13 -14 0
-12 -13 -15 0
-12 -14 -15 0
-13 -14 -15 0
12 13 14 0
12 13 15 0
12 13 14 15 0
12 14 15 0
13 14 15 0
-16 -17 0
-16 -18 0
-16 -19 0
-16 -17 -18 0
-16 -17 -19 0
-16 -18 -19 0
-17 -18 0
-17 -19 0
-18 -19 0
-17 -18 -19 0
-16 -17 -18 0
-16 -17 -19 0
-16 -18 -19 0
-16 -17 -18 -19 0
-17 -18 -19 0
16 17 18 19 0
-20 -21 -22 0
-20 -21 -23 0
-20 -21 -24 0
-20 -21 -22 -23 0
-20 -21 -22 -24 0
-20 -21 -23 -24 0
-20 -22 -23 0
-20 -22 -24 0
-20 -23 -24 0
-20 -22 -23 -24 0
-21 -22 -23 0
-21 -22 -24 0
-21 -23 -24 0
-21 -22 -23 -24 0
-22 -23 -24 0
20 21 22 23 0
20 21 22 24 0
20 21 23 24 0
20 22 23 24 0
21 22 23 24 0
-25 -26 -27 0
-25 -26 -28 0
-25 -26 -27 -28 0
-25 -27 -28 0
-26 -27 -28 0
25 26 27 0
25 26 28 0
25 26 27 28 0
25 27 28 0
26 27 28 0
-1 -7 -12 0
-1 -7 0
-1 -7 -20 0
-1 -7 -25 0
-1 -12 0
-1 -12 -20 0
-1 -12 -25 0
-1 -20 0
-1 -25 0
-1 -20 -25 0
-1 -7 -12 0
-1 -7 -12 -20 0
-1 -7 -12 -25 0
-1 -7 -20 0
-1 -7 -25 0
-1 -7 -20 -25 0
-1 -12 -20 0
-1 -12 -25 0
-1 -12 -20 -25 0
-1 -20 -25 0
-1 -7 -12 0
-1 -7 -12 -20 0
-1 -7 -12 -25 0
-1 -7 -20 0
-1 -7 -25 0
-1 -7 -20 -25 0
-1 -12 -20 0
-1 -12 -25 0
-1 -12 -20 -25 0
-1 -20 -25 0
-1 -7 -12 -20 0
-1 -7 -12 -25 0
-1 -7 -12 -20 -25 0
-1 -7 -20 -25 0
-1 -12 -20 -25 0
-7 -12 0
-7 -12 -20 0
-7 -12 -25 0
-7 -20 0
-7 -25 0
-7 -20 -25 0
-12 -20 0
-12 -25 0
-12 -20 -25 0
-20 -25 0
-7 -12 -20 0
-7 -12 -25 0
-7 -12 -20 -25 0
-7 -20 -25 0
-12 -20 -25 0
-7 -12 -20 0
-7 -12 -25 0
-7 -12 -20 -25 0
-7 -20 -25 0
-12 -20 -25 0
-7 -12 -20 -25 0
1 7 12 20 25 0
-8 -13 -16 -21 -26 0
8 13 0
8 16 0
8 21 0
8 26 0
13 16 0
13 21 0
13 26 0
16 21 0
16 26 0
21 26 0
8 13 16 0
8 13 21 0
8 13 26 0
8 16 21 0
8 16 26 0
8 21 26 0
13 16 21 0
13 16 26 0
13 21 26 0
16 21 26 0
8 13 16 0
8 13 21 0
8 13 26 0
8 16 21 0
8 16 26 0
8 21 26 0
13 16 21 0
13 16 26 0
13 21 26 0
16 21 26 0
8 13 16 21 0
8 13 16 26 0
8 13 21 26 0
8 16 21 26 0
13 16 21 26 0
8 13 16 0
8 13 21 0
8 13 26 0
8 16 21 0
8 16 26 0
8 21 26 0
13 16 21 0
13 16 26 0
13 21 26 0
16 21 26 0
8 13 16 21 0
8 13 16 26 0
8 13 21 26 0
8 16 21 26 0
13 16 21 26 0
8 13 16 21 0
8 13 16 26 0
8 13 21 26 0
8 16 21 26 0
13 16 21 26 0
8 13 16 21 26 0
-2 -4 -9 -14 0
-2 -4 -9 -17 0
-2 -4 -9 -22 0
-2 -4 -14 -17 0
-2 -4 -14 -22 0
-2 -4 -17 -22 0
-2 -9 -14 -17 0
-2 -9 -14 -22 0
-2 -9 -17 -22 0
-2 -14 -17 -22 0
-2 -4 -9 -14 -17 0
-2 -4 -9 -14 -22 0
-2 -4 -9 -17 -22 0
-2 -4 -14 -17 -22 0
-2 -9 -14 -17 -22 0
-4 -9 -14 -17 0
-4 -9 -14 -22 0
-4 -9 -17 -22 0
-4 -14 -17 -22 0
-9 -14 -17 -22 0
-4 -9 -14 -17 -22 0
2 4 9 14 17 0
2 4 9 14 22 0
2 4 9 14 0
2 4 9 17 22 0
2 4 9 17 0
2 4 9 22 0
2 4 14 17 22 0
2 4 14 17 0
2 4 14 22 0
2 4 17 22 0
2 9 14 17 22 0
2 9 14 17 0
2 9 14 22 0
2 9 17 22 0
2 14 17 22 0
4 9 14 17 22 0
4 9 14 17 0
4 9 14 22 0
4 9 17 22 0
4 14 17 22 0
9 14 17 22 0
-5 -10 -15 -18 0
-5 -10 -15 -23 0
-5 -10 -15 -27 0
-5 -10 -18 -23 0
-5 -10 -18 -27 0
-5 -10 -23 -27 0
-5 -15 -18 -23 0
-5 -15 -18 -27 0
-5 -15 -23 -27 0
-5 -18 -23 -27 0
-10 -15 -18 -23 0
-10 -15 -18 -27 0
-10 -15 -23 -27 0
-10 -18 -23 -27 0
-15 -18 -23 -27 0
-5 -10 -15 -18 -23 0
-5 -10 -15 -18 -27 0
-5 -10 -15 -23 -27 0
-5 -10 -18 -23 -27 0
-5 -15 -18 -23 -27 0
-10 -15 -18 -23 -27 0
5 10 15 18 0
5 10 15 23 0
5 10 15 27 0
5 10 18 23 0
5 10 18 27 0
5 10 23 27 0
5 15 18 23 0
5 15 18 27 0
5 15 23 27 0
5 18 23 27 0
10 15 18 23 0
10 15 18 27 0
10 15 23 27 0
10 18 23 27 0
15 18 23 27 0
5 10 15 18 23 0
5 10 15 18 27 0
5 10 15 23 27 0
5 10 18 23 27 0
5 15 18 23 27 0
10 15 18 23 27 0
-3 -6 -11 -19 0
-3 -6 -11 -24 0
-3 -6 -11 -28 0
-3 -6 -11 -19 -24 0
-3 -6 -11 -19 -28 0
-3 -6 -11 -24 -28 0
-3 -6 -19 -24 0
-3 -6 -19 -28 0
-3 -6 -24 -28 0
-3 -6 -19 -24 -28 0
-3 -11 -19 -24 0
-3 -11 -19 -28 0
-3 -11 -24 -28 0
-3 -11 -19 -24 -28 0
-3 -19 -24 -28 0
-6 -11 -19 -24 0
-6 -11 -19 -28 0
-6 -11 -24 -28 0
-6 -11 -19 -24 -28 0
-6 -19 -24 -28 0
-11 -19 -24 -28 0
3 6 11 19 0
3 6 11 24 0
3 6 11 28 0
3 6 19 24 0
3 6 19 28 0
3 6 24 28 0
3 11 19 24 0
3 11 19 28 0
3 11 24 28 0
3 19 24 28 0
3 6 11 19 24 0
3 6 11 19 28 0
3 6 11 24 28 0
3 6 19 24 28 0
3 11 19 24 28 0
6 11 19 24 0
6 11 19 28 0
6 11 24 28 0
6 19 24 28 0
11 19 24 28 0
6 11 19 24 28 0
