p cnf 91 356
1 2 3 0
-1 -2 0
-1 -3 0
-2 -3 0
4 5 6 7 0
-4 -5 0
-4 -6 0
-4 -7 0
-5 -6 0
-5 -7 0
-6 -7 0
8 9 10 11 0
-8 -9 0
-8 -10 0
-8 -11 0
-9 -10 0
-9 -11 0
-10 -11 0
12 13 14 15 0
-12 -13 0
-12 -14 0
-12 -15 0
-13 -14 0
-13 -15 0
-14 -15 0
16 17 18 19 0
-16 -17 0
-16 -18 0
-16 -19 0
-17 -18 0
-17 -19 0
-18 -19 0
20 21 22 0
-20 -21 0
-20 -22 0
-21 -22 0
23 24 25 26 0
-23 -24 0
-23 -25 0
-23 -26 0
-24 -25 0
-24 -26 0
-25 -26 0
27 28 29 30 0
-27 -28 0
-27 -29 0
-27 -30 0
-28 -29 0
-28 -30 0
-29 -30 0
31 32 33 0
-31 -32 0
-31 -33 0
-32 -33 0
34 35 36 37 0
-34 -35 0
-34 -36 0
-34 -37 0
-35 -36 0
-35 -37 0
-36 -37 0
38 39 40 0
-38 -39 0
-38 -40 0
-39 -40 0
41 42 43 44 0
-41 -42 0
-41 -43 0
-41 -44 0
-42 -43 0
-42 -44 0
-43 -44 0
45 46 47 48 0
-45 -46 0
-45 -47 0
-45 -48 0
-46 -47 0
-46 -48 0
-47 -48 0
49 50 0
-49 -50 0
51 52 53 0
-51 -52 0
-51 -53 0
-52 -53 0
54 55 0
-54 -55 0
56 57 58 59 0
-56 -57 0
-56 -58 0
-56 -59 0
-57 -58 0
-57 -59 0
-58 -59 0
60 61 62 0
-60 -61 0
-60 -62 0
-61 -62 0
63 64 65 0
-63 -64 0
-63 -65 0
-64 -65 0
66 67 0
-66 -67 0
68 69 70 0
-68 -69 0
-68 -70 0
-69 -70 0
71 72 73 0
-71 -72 0
-71 -73 0
-72 -73 0
74 75 76 0
-74 -75 0
-74 -76 0
-75 -76 0
77 78 79 80 0
-77 -78 0
-77 -79 0
-77 -80 0
-78 -79 0
-78 -80 0
-79 -80 0
81 82 83 0
-81 -82 0
-81 -83 0
-82 -83 0
84 85 86 87 0
-84 -85 0
-84 -86 0
-84 -87 0
-85 -86 0
-85 -87 0
-86 -87 0
88 89 90 91 0
-88 -89 0
-88 -90 0
-88 -91 0
-89 -90 0
-89 -91 0
-90 -91 0
-1 -20 0
-3 -22 0
-1 -45 0
-2 -46 0
-3 -48 0
-1 -63 0
-3 -65 0
-1 -68 0
-3 -70 0
-1 -74 0
-2 -75 0
-3 -76 0
-1 -84 0
-2 -85 0
-3 -87 0
-4 -8 0
-5 -9 0
-6 -10 0
-7 -11 0
-4 -12 0
-5 -13 0
-6 -14 0
-7 -15 0
-4 -23 0
-5 -24 0
-6 -25 0
-7 -26 0
-4 -38 0
-5 -39 0
-7 -40 0
-4 -49 0
-7 -50 0
-4 -54 0
-7 -55 0
-4 -66 0
-6 -67 0
-4 -68 0
-6 -69 0
-7 -70 0
-8 -12 0
-9 -13 0
-10 -14 0
-11 -15 0
-8 -20 0
-10 -21 0
-11 -22 0
-8 -38 0
-9 -39 0
-11 -40 0
-8 -41 0
-9 -42 0
-10 -43 0
-11 -44 0
-8 -56 0
-9 -57 0
-10 -58 0
-11 -59 0
-8 -74 0
-9 -75 0
-11 -76 0
-8 -84 0
-9 -85 0
-10 -86 0
-11 -87 0
-8 -88 0
-9 -89 0
-10 -90 0
-11 -91 0
-12 -20 0
-14 -21 0
-15 -22 0
-12 -45 0
-13 -46 0
-14 -47 0
-15 -48 0
-12 -74 0
-13 -75 0
-15 -76 0
-16 -41 0
-17 -42 0
-18 -43 0
-19 -44 0
-16 -68 0
-18 -69 0
-19 -70 0
-16 -71 0
-18 -72 0
-19 -73 0
-16 -74 0
-17 -75 0
-19 -76 0
-20 -56 0
-21 -58 0
-22 -59 0
-20 -60 0
-22 -62 0
-20 -77 0
-21 -79 0
-22 -80 0
-20 -88 0
-21 -90 0
-22 -91 0
-23 -27 0
-24 -28 0
-25 -29 0
-26 -30 0
-23 -56 0
-24 -57 0
-25 -58 0
-26 -59 0
-23 -60 0
-24 -61 0
-26 -62 0
-23 -81 0
-24 -82 0
-26 -83 0
-27 -45 0
-28 -46 0
-29 -47 0
-30 -48 0
-27 -60 0
-28 -61 0
-30 -62 0
-27 -66 0
-29 -67 0
-27 -77 0
-28 -78 0
-29 -79 0
-30 -80 0
-31 -49 0
-33 -50 0
-31 -63 0
-32 -64 0
-33 -65 0
-31 -66 0
-32 -67 0
-31 -71 0
-32 -72 0
-33 -73 0
-34 -38 0
-35 -39 0
-37 -40 0
-34 -41 0
-35 -42 0
-36 -43 0
-37 -44 0
-34 -54 0
-37 -55 0
-34 -60 0
-35 -61 0
-37 -62 0
-38 -54 0
-40 -55 0
-38 -77 0
-39 -78 0
-40 -80 0
-45 -77 0
-46 -78 0
-47 -79 0
-48 -80 0
-45 -88 0
-46 -89 0
-47 -90 0
-48 -91 0
-49 -54 0
-50 -55 0
-49 -63 0
-50 -65 0
-49 -66 0
-49 -88 0
-50 -91 0
-51 -66 0
-52 -67 0
-51 -71 0
-52 -72 0
-53 -73 0
-51 -84 0
-52 -86 0
-53 -87 0
-54 -63 0
-55 -65 0
-56 -68 0
-58 -69 0
-59 -70 0
-56 -77 0
-57 -78 0
-58 -79 0
-59 -80 0
-60 -63 0
-62 -65 0
-60 -74 0
-61 -75 0
-62 -76 0
-63 -68 0
-64 -69 0
-65 -70 0
-63 -88 0
-64 -90 0
-65 -91 0
-66 -68 0
-67 -69 0
-66 -74 0
-68 -77 0
-69 -79 0
-70 -80 0
-68 -84 0
-69 -86 0
-70 -87 0
-71 -88 0
-72 -90 0
-73 -91 0
-84 -88 0
-85 -89 0
-86 -90 0
-87 -91 0
