p cnf 30 59
-11 -12 0
-11 -13 0
-11 -14 0
-12 -13 0
-12 -14 0
-13 -14 0
11 12 13 14 0
3 -11 0
7 -12 0
9 -13 0
10 -14 0
-15 -16 0
-15 -17 0
-15 -18 0
-16 -17 0
-16 -18 0
-17 -18 0
15 16 17 18 0
-19 -20 0
-19 -21 0
-20 -21 0
19 20 21 0
-22 -23 0
-22 -24 0
-22 -25 0
-23 -24 0
-23 -25 0
-24 -25 0
22 23 24 25 0
-26 -27 0
-26 -28 0
-26 -29 0
-26 -30 0
-27 -28 0
-27 -29 0
-27 -30 0
-28 -29 0
-28 -30 0
-29 -30 0
26 27 28 29 30 0
-1 -16 -19 0
-1 -17 -20 0
-1 -18 -21 0
-2 -15 -22 0
-2 -17 -23 0
-2 -18 -24 0
-3 -15 0
-4 -15 -26 0
-4 -16 -27 0
-4 -17 -28 0
-4 -18 -29 0
-5 -20 -23 0
-5 -21 -24 0
-6 -19 -27 0
-6 -20 -28 0
-6 -21 -29 0
-8 -30 0
-9 -22 0
-10 -26 0
