p cnf 28 119
-1 -2 -3 -6 0
1 -9 -10 -12 0
2 9 -15 -16 0
3 -20 -21 0
12 21 28 0
1 9 -2 0
-1 -9 2 0
-1 3 0
-1 4 0
1 10 -5 0
-1 -10 5 0
1 11 -6 0
-1 -11 6 0
1 12 0
1 13 -7 0
-1 -13 7 0
1 -8 0
2 14 -3 0
-2 -14 3 0
2 15 -4 0
-2 -15 4 0
2 16 -5 0
-2 -16 5 0
2 -6 0
2 17 0
2 -7 0
2 -8 0
3 18 -4 0
-3 -18 4 0
3 19 -5 0
-3 -19 5 0
3 20 -6 0
-3 -20 6 0
3 21 0
3 22 -7 0
-3 -22 7 0
3 -8 0
4 23 -5 0
-4 -23 5 0
4 24 -6 0
-4 -24 6 0
4 25 0
4 26 -7 0
-4 -26 7 0
4 -8 0
5 27 -6 0
-5 -27 6 0
5 28 0
5 -7 0
5 -8 0
6 -7 0
6 -8 0
7 -8 0
9 14 0
9 15 0
9 16 -10 0
-9 -16 10 0
9 -11 0
9 17 -12 0
-9 -17 12 0
9 -13 0
-19 10 0
-20 11 0
-21 12 0
-22 13 0
-23 10 0
-24 11 0
-25 12 0
-26 13 0
10 27 -11 0
-10 -27 11 0
10 28 -12 0
-10 -28 12 0
10 -13 0
-11 12 0
11 -13 0
12 -13 0
14 18 -15 0
-14 -18 15 0
14 19 -16 0
-14 -19 16 0
-14 -20 0
14 21 -17 0
-14 -21 17 0
-14 -22 0
15 23 -16 0
-15 -23 16 0
-15 -24 0
15 25 -17 0
-15 -25 17 0
-15 -26 0
-16 -27 0
16 28 -17 0
-16 -28 17 0
18 23 -19 0
-18 -23 19 0
18 24 -20 0
-18 -24 20 0
18 25 -21 0
-18 -25 21 0
18 26 -22 0
-18 -26 22 0
19 27 -20 0
-19 -27 20 0
19 28 -21 0
-19 -28 21 0
19 -22 0
-20 21 0
20 -22 0
21 -22 0
23 27 -24 0
-23 -27 24 0
23 28 -25 0
-23 -28 25 0
23 -26 0
-24 25 0
24 -26 0
25 -26 0
-27 28 0
