p cnf 108 407
1 2 3 4 5 6 7 8 9 10 11 0
12 13 14 15 16 17 18 19 20 21 22 0
45 46 47 48 49 50 51 52 53 54 55 0
56 57 58 59 60 61 62 63 0
64 65 66 67 68 69 70 71 72 73 74 0
75 76 77 78 79 80 81 82 83 84 85 0
-1 -12 0
-1 -23 0
-1 -34 0
-1 -45 0
-1 -64 0
-1 -75 0
-1 -86 0
-12 -23 0
-12 -34 0
-12 -45 0
-12 -64 0
-12 -75 0
-12 -86 0
-23 -34 0
-23 -45 0
-23 -64 0
-23 -75 0
-23 -86 0
-34 -45 0
-34 -64 0
-34 -75 0
-34 -86 0
-45 -64 0
-45 -75 0
-45 -86 0
-64 -75 0
-64 -86 0
-75 -86 0
-2 -13 0
-2 -24 0
-2 -35 0
-2 -46 0
-2 -56 0
-2 -65 0
-2 -76 0
-2 -87 0
-2 -98 0
-13 -24 0
-13 -35 0
-13 -46 0
-13 -56 0
-13 -65 0
-13 -76 0
-13 -87 0
-13 -98 0
-24 -35 0
-24 -46 0
-24 -56 0
-24 -65 0
-24 -76 0
-24 -87 0
-24 -98 0
-35 -46 0
-35 -56 0
-35 -65 0
-35 -76 0
-35 -87 0
-35 -98 0
-46 -56 0
-46 -65 0
-46 -76 0
-46 -87 0
-46 -98 0
-56 -65 0
-56 -76 0
-56 -87 0
-56 -98 0
-65 -76 0
-65 -87 0
-65 -98 0
-76 -87 0
-76 -98 0
-87 -98 0
-3 -14 0
-3 -25 0
-3 -66 0
-3 -77 0
-3 -88 0
-3 -99 0
-14 -25 0
-14 -66 0
-14 -77 0
-14 -88 0
-14 -99 0
-25 -66 0
-25 -77 0
-25 -88 0
-25 -99 0
-66 -77 0
-66 -88 0
-66 -99 0
-77 -88 0
-77 -99 0
-88 -99 0
-4 -15 0
-4 -26 0
-4 -36 0
-4 -47 0
-4 -57 0
-4 -67 0
-4 -78 0
-4 -89 0
-15 -26 0
-15 -36 0
-15 -47 0
-15 -57 0
-15 -67 0
-15 -78 0
-15 -89 0
-26 -36 0
-26 -47 0
-26 -57 0
-26 -67 0
-26 -78 0
-26 -89 0
-36 -47 0
-36 -57 0
-36 -67 0
-36 -78 0
-36 -89 0
-47 -57 0
-47 -67 0
-47 -78 0
-47 -89 0
-57 -67 0
-57 -78 0
-57 -89 0
-67 -78 0
-67 -89 0
-78 -89 0
-16 -37 0
-16 -48 0
-16 -58 0
-16 -68 0
-16 -90 0
-16 -100 0
-37 -48 0
-37 -58 0
-37 -68 0
-37 -90 0
-37 -100 0
-48 -58 0
-48 -68 0
-48 -90 0
-48 -100 0
-58 -68 0
-58 -90 0
-58 -100 0
-68 -90 0
-68 -100 0
-90 -100 0
-5 -17 0
-5 -27 0
-5 -38 0
-5 -59 0
-5 -69 0
-5 -79 0
-5 -101 0
-17 -27 0
-17 -38 0
-17 -59 0
-17 -69 0
-17 -79 0
-17 -101 0
-27 -38 0
-27 -59 0
-27 -69 0
-27 -79 0
-27 -101 0
-38 -59 0
-38 -69 0
-38 -79 0
-38 -101 0
-59 -69 0
-59 -79 0
-59 -101 0
-69 -79 0
-69 -101 0
-79 -101 0
-6 -28 0
-6 -39 0
-6 -49 0
-6 -60 0
-6 -70 0
-6 -80 0
-6 -91 0
-6 -102 0
-28 -39 0
-28 -49 0
-28 -60 0
-28 -70 0
-28 -80 0
-28 -91 0
-28 -102 0
-39 -49 0
-39 -60 0
-39 -70 0
-39 -80 0
-39 -91 0
-39 -102 0
-49 -60 0
-49 -70 0
-49 -80 0
-49 -91 0
-49 -102 0
-60 -70 0
-60 -80 0
-60 -91 0
-60 -102 0
-70 -80 0
-70 -91 0
-70 -102 0
-80 -91 0
-80 -102 0
-91 -102 0
-7 -18 0
-7 -29 0
-7 -40 0
-7 -50 0
-7 -81 0
-7 -92 0
-7 -103 0
-18 -29 0
-18 -40 0
-18 -50 0
-18 -81 0
-18 -92 0
-18 -103 0
-29 -40 0
-29 -50 0
-29 -81 0
-29 -92 0
-29 -103 0
-40 -50 0
-40 -81 0
-40 -92 0
-40 -103 0
-50 -81 0
-50 -92 0
-50 -103 0
-81 -92 0
-81 -103 0
-92 -103 0
-8 -30 0
-8 -41 0
-8 -51 0
-8 -61 0
-8 -71 0
-8 -82 0
-8 -93 0
-8 -104 0
-30 -41 0
-30 -51 0
-30 -61 0
-30 -71 0
-30 -82 0
-30 -93 0
-30 -104 0
-41 -51 0
-41 -61 0
-41 -71 0
-41 -82 0
-41 -93 0
-41 -104 0
-51 -61 0
-51 -71 0
-51 -82 0
-51 -93 0
-51 -104 0
-61 -71 0
-61 -82 0
-61 -93 0
-61 -104 0
-71 -82 0
-71 -93 0
-71 -104 0
-82 -93 0
-82 -104 0
-93 -104 0
-9 -19 0
-9 -31 0
-9 -42 0
-9 -52 0
-9 -72 0
-9 -94 0
-9 -105 0
-19 -31 0
-19 -42 0
-19 -52 0
-19 -72 0
-19 -94 0
-19 -105 0
-31 -42 0
-31 -52 0
-31 -72 0
-31 -94 0
-31 -105 0
-42 -52 0
-42 -72 0
-42 -94 0
-42 -105 0
-52 -72 0
-52 -94 0
-52 -105 0
-72 -94 0
-72 -105 0
-94 -105 0
-10 -20 0
-10 -32 0
-10 -43 0
-10 -53 0
-10 -62 0
-10 -73 0
-10 -83 0
-10 -95 0
-10 -106 0
-20 -32 0
-20 -43 0
-20 -53 0
-20 -62 0
-20 -73 0
-20 -83 0
-20 -95 0
-20 -106 0
-32 -43 0
-32 -53 0
-32 -62 0
-32 -73 0
-32 -83 0
-32 -95 0
-32 -106 0
-43 -53 0
-43 -62 0
-43 -73 0
-43 -83 0
-43 -95 0
-43 -106 0
-53 -62 0
-53 -73 0
-53 -83 0
-53 -95 0
-53 -106 0
-62 -73 0
-62 -83 0
-62 -95 0
-62 -106 0
-73 -83 0
-73 -95 0
-73 -106 0
-83 -95 0
-83 -106 0
-95 -106 0
-11 -21 0
-11 -33 0
-11 -54 0
-11 -74 0
-11 -84 0
-11 -96 0
-11 -107 0
-21 -33 0
-21 -54 0
-21 -74 0
-21 -84 0
-21 -96 0
-21 -107 0
-33 -54 0
-33 -74 0
-33 -84 0
-33 -96 0
-33 -107 0
-54 -74 0
-54 -84 0
-54 -96 0
-54 -107 0
-74 -84 0
-74 -96 0
-74 -107 0
-84 -96 0
-84 -107 0
-96 -107 0
-22 -44 0
-22 -55 0
-22 -63 0
-22 -85 0
-22 -97 0
-22 -108 0
-44 -55 0
-44 -63 0
-44 -85 0
-44 -97 0
-44 -108 0
-55 -63 0
-55 -85 0
-55 -97 0
-55 -108 0
-63 -85 0
-63 -97 0
-63 -108 0
-85 -97 0
-85 -108 0
-97 -108 0
