p cnf 135 553
1 2 3 4 5 6 7 8 9 10 11 12 13 0
28 29 30 31 32 33 34 35 36 37 38 39 40 41 0
42 43 44 45 46 47 48 49 50 51 52 53 54 0
55 56 57 58 59 60 61 62 63 64 65 66 67 68 0
95 96 97 98 99 100 101 102 103 104 105 106 107 0
108 109 110 111 112 113 114 115 116 117 118 119 120 121 0
-1 -14 0
-1 -28 0
-1 -42 0
-1 -55 0
-1 -69 0
-1 -83 0
-1 -108 0
-1 -122 0
-14 -28 0
-14 -42 0
-14 -55 0
-14 -69 0
-14 -83 0
-14 -108 0
-14 -122 0
-28 -42 0
-28 -55 0
-28 -69 0
-28 -83 0
-28 -108 0
-28 -122 0
-42 -55 0
-42 -69 0
-42 -83 0
-42 -108 0
-42 -122 0
-55 -69 0
-55 -83 0
-55 -108 0
-55 -122 0
-69 -83 0
-69 -108 0
-69 -122 0
-83 -108 0
-83 -122 0
-108 -122 0
-2 -15 0
-2 -29 0
-2 -43 0
-2 -56 0
-2 -70 0
-2 -84 0
-2 -95 0
-2 -109 0
-2 -123 0
-15 -29 0
-15 -43 0
-15 -56 0
-15 -70 0
-15 -84 0
-15 -95 0
-15 -109 0
-15 -123 0
-29 -43 0
-29 -56 0
-29 -70 0
-29 -84 0
-29 -95 0
-29 -109 0
-29 -123 0
-43 -56 0
-43 -70 0
-43 -84 0
-43 -95 0
-43 -109 0
-43 -123 0
-56 -70 0
-56 -84 0
-56 -95 0
-56 -109 0
-56 -123 0
-70 -84 0
-70 -95 0
-70 -109 0
-70 -123 0
-84 -95 0
-84 -109 0
-84 -123 0
-95 -109 0
-95 -123 0
-109 -123 0
-16 -30 0
-16 -57 0
-16 -71 0
-16 -85 0
-16 -96 0
-16 -110 0
-16 -124 0
-30 -57 0
-30 -71 0
-30 -85 0
-30 -96 0
-30 -110 0
-30 -124 0
-57 -71 0
-57 -85 0
-57 -96 0
-57 -110 0
-57 -124 0
-71 -85 0
-71 -96 0
-71 -110 0
-71 -124 0
-85 -96 0
-85 -110 0
-85 -124 0
-96 -110 0
-96 -124 0
-110 -124 0
-3 -17 0
-3 -31 0
-3 -58 0
-3 -86 0
-3 -97 0
-3 -111 0
-17 -31 0
-17 -58 0
-17 -86 0
-17 -97 0
-17 -111 0
-31 -58 0
-31 -86 0
-31 -97 0
-31 -111 0
-58 -86 0
-58 -97 0
-58 -111 0
-86 -97 0
-86 -111 0
-97 -111 0
-4 -18 0
-4 -32 0
-4 -44 0
-4 -59 0
-4 -72 0
-4 -87 0
-4 -98 0
-4 -112 0
-4 -125 0
-18 -32 0
-18 -44 0
-18 -59 0
-18 -72 0
-18 -87 0
-18 -98 0
-18 -112 0
-18 -125 0
-32 -44 0
-32 -59 0
-32 -72 0
-32 -87 0
-32 -98 0
-32 -112 0
-32 -125 0
-44 -59 0
-44 -72 0
-44 -87 0
-44 -98 0
-44 -112 0
-44 -125 0
-59 -72 0
-59 -87 0
-59 -98 0
-59 -112 0
-59 -125 0
-72 -87 0
-72 -98 0
-72 -112 0
-72 -125 0
-87 -98 0
-87 -112 0
-87 -125 0
-98 -112 0
-98 -125 0
-112 -125 0
-5 -19 0
-5 -33 0
-5 -45 0
-5 -60 0
-5 -73 0
-5 -88 0
-5 -99 0
-5 -113 0
-5 -126 0
-19 -33 0
-19 -45 0
-19 -60 0
-19 -73 0
-19 -88 0
-19 -99 0
-19 -113 0
-19 -126 0
-33 -45 0
-33 -60 0
-33 -73 0
-33 -88 0
-33 -99 0
-33 -113 0
-33 -126 0
-45 -60 0
-45 -73 0
-45 -88 0
-45 -99 0
-45 -113 0
-45 -126 0
-60 -73 0
-60 -88 0
-60 -99 0
-60 -113 0
-60 -126 0
-73 -88 0
-73 -99 0
-73 -113 0
-73 -126 0
-88 -99 0
-88 -113 0
-88 -126 0
-99 -113 0
-99 -126 0
-113 -126 0
-6 -20 0
-6 -34 0
-6 -46 0
-6 -74 0
-6 -89 0
-6 -100 0
-6 -114 0
-6 -127 0
-20 -34 0
-20 -46 0
-20 -74 0
-20 -89 0
-20 -100 0
-20 -114 0
-20 -127 0
-34 -46 0
-34 -74 0
-34 -89 0
-34 -100 0
-34 -114 0
-34 -127 0
-46 -74 0
-46 -89 0
-46 -100 0
-46 -114 0
-46 -127 0
-74 -89 0
-74 -100 0
-74 -114 0
-74 -127 0
-89 -100 0
-89 -114 0
-89 -127 0
-100 -114 0
-100 -127 0
-114 -127 0
-7 -21 0
-7 -35 0
-7 -47 0
-7 -61 0
-7 -75 0
-7 -101 0
-7 -115 0
-7 -128 0
-21 -35 0
-21 -47 0
-21 -61 0
-21 -75 0
-21 -101 0
-21 -115 0
-21 -128 0
-35 -47 0
-35 -61 0
-35 -75 0
-35 -101 0
-35 -115 0
-35 -128 0
-47 -61 0
-47 -75 0
-47 -101 0
-47 -115 0
-47 -128 0
-61 -75 0
-61 -101 0
-61 -115 0
-61 -128 0
-75 -101 0
-75 -115 0
-75 -128 0
-101 -115 0
-101 -128 0
-115 -128 0
-8 -36 0
-8 -48 0
-8 -62 0
-8 -76 0
-8 -90 0
-8 -102 0
-8 -116 0
-8 -129 0
-36 -48 0
-36 -62 0
-36 -76 0
-36 -90 0
-36 -102 0
-36 -116 0
-36 -129 0
-48 -62 0
-48 -76 0
-48 -90 0
-48 -102 0
-48 -116 0
-48 -129 0
-62 -76 0
-62 -90 0
-62 -102 0
-62 -116 0
-62 -129 0
-76 -90 0
-76 -102 0
-76 -116 0
-76 -129 0
-90 -102 0
-90 -116 0
-90 -129 0
-102 -116 0
-102 -129 0
-116 -129 0
-9 -22 0
-9 -49 0
-9 -63 0
-9 -77 0
-9 -91 0
-9 -103 0
-9 -117 0
-9 -130 0
-22 -49 0
-22 -63 0
-22 -77 0
-22 -91 0
-22 -103 0
-22 -117 0
-22 -130 0
-49 -63 0
-49 -77 0
-49 -91 0
-49 -103 0
-49 -117 0
-49 -130 0
-63 -77 0
-63 -91 0
-63 -103 0
-63 -117 0
-63 -130 0
-77 -91 0
-77 -103 0
-77 -117 0
-77 -130 0
-91 -103 0
-91 -117 0
-91 -130 0
-103 -117 0
-103 -130 0
-117 -130 0
-23 -37 0
-23 -50 0
-23 -64 0
-23 -78 0
-23 -104 0
-23 -131 0
-37 -50 0
-37 -64 0
-37 -78 0
-37 -104 0
-37 -131 0
-50 -64 0
-50 -78 0
-50 -104 0
-50 -131 0
-64 -78 0
-64 -104 0
-64 -131 0
-78 -104 0
-78 -131 0
-104 -131 0
-10 -24 0
-10 -38 0
-10 -51 0
-10 -65 0
-10 -79 0
-10 -92 0
-10 -105 0
-10 -118 0
-10 -132 0
-24 -38 0
-24 -51 0
-24 -65 0
-24 -79 0
-24 -92 0
-24 -105 0
-24 -118 0
-24 -132 0
-38 -51 0
-38 -65 0
-38 -79 0
-38 -92 0
-38 -105 0
-38 -118 0
-38 -132 0
-51 -65 0
-51 -79 0
-51 -92 0
-51 -105 0
-51 -118 0
-51 -132 0
-65 -79 0
-65 -92 0
-65 -105 0
-65 -118 0
-65 -132 0
-79 -92 0
-79 -105 0
-79 -118 0
-79 -132 0
-92 -105 0
-92 -118 0
-92 -132 0
-105 -118 0
-105 -132 0
-118 -132 0
-11 -25 0
-11 -39 0
-11 -52 0
-11 -66 0
-11 -80 0
-11 -106 0
-11 -119 0
-11 -133 0
-25 -39 0
-25 -52 0
-25 -66 0
-25 -80 0
-25 -106 0
-25 -119 0
-25 -133 0
-39 -52 0
-39 -66 0
-39 -80 0
-39 -106 0
-39 -119 0
-39 -133 0
-52 -66 0
-52 -80 0
-52 -106 0
-52 -119 0
-52 -133 0
-66 -80 0
-66 -106 0
-66 -119 0
-66 -133 0
-80 -106 0
-80 -119 0
-80 -133 0
-106 -119 0
-106 -133 0
-119 -133 0
-12 -26 0
-12 -40 0
-12 -53 0
-12 -67 0
-12 -81 0
-12 -93 0
-12 -107 0
-12 -120 0
-12 -134 0
-26 -40 0
-26 -53 0
-26 -67 0
-26 -81 0
-26 -93 0
-26 -107 0
-26 -120 0
-26 -134 0
-40 -53 0
-40 -67 0
-40 -81 0
-40 -93 0
-40 -107 0
-40 -120 0
-40 -134 0
-53 -67 0
-53 -81 0
-53 -93 0
-53 -107 0
-53 -120 0
-53 -134 0
-67 -81 0
-67 -93 0
-67 -107 0
-67 -120 0
-67 -134 0
-81 -93 0
-81 -107 0
-81 -120 0
-81 -134 0
-93 -107 0
-93 -120 0
-93 -134 0
-107 -120 0
-107 -134 0
-120 -134 0
-13 -27 0
-13 -41 0
-13 -54 0
-13 -68 0
-13 -82 0
-13 -94 0
-13 -121 0
-13 -135 0
-27 -41 0
-27 -54 0
-27 -68 0
-27 -82 0
-27 -94 0
-27 -121 0
-27 -135 0
-41 -54 0
-41 -68 0
-41 -82 0
-41 -94 0
-41 -121 0
-41 -135 0
-54 -68 0
-54 -82 0
-54 -94 0
-54 -121 0
-54 -135 0
-68 -82 0
-68 -94 0
-68 -121 0
-68 -135 0
-82 -94 0
-82 -121 0
-82 -135 0
-94 -121 0
-94 -135 0
-121 -135 0
