p cnf 204 820
1 2 3 4 5 6 7 8 9 10 11 12 13 14 15 16 17 18 19 20 21 0
22 23 24 25 26 27 28 29 30 31 32 33 34 35 36 37 38 39 0
40 41 42 43 44 45 46 47 48 49 50 51 52 53 54 55 56 57 58 59 60 0
83 84 85 86 87 88 89 90 91 92 93 94 95 96 97 98 99 100 101 102 0
121 122 123 124 125 126 127 128 129 130 131 132 133 134 135 136 137 138 139 140 141 0
142 143 144 145 146 147 148 149 150 151 152 153 154 155 156 157 158 159 160 161 0
162 163 164 165 166 167 168 169 170 171 172 173 174 175 176 177 178 179 180 181 182 183 0
184 185 186 187 188 189 190 191 192 193 194 195 196 197 198 199 200 201 202 203 204 0
-1 -40 0
-1 -61 0
-1 -83 0
-1 -103 0
-1 -121 0
-1 -162 0
-1 -184 0
-40 -61 0
-40 -83 0
-40 -103 0
-40 -121 0
-40 -162 0
-40 -184 0
-61 -83 0
-61 -103 0
-61 -121 0
-61 -162 0
-61 -184 0
-83 -103 0
-83 -121 0
-83 -162 0
-83 -184 0
-103 -121 0
-103 -162 0
-103 -184 0
-121 -162 0
-121 -184 0
-162 -184 0
-2 -22 0
-2 -41 0
-2 -62 0
-2 -84 0
-2 -104 0
-2 -122 0
-2 -142 0
-2 -185 0
-22 -41 0
-22 -62 0
-22 -84 0
-22 -104 0
-22 -122 0
-22 -142 0
-22 -185 0
-41 -62 0
-41 -84 0
-41 -104 0
-41 -122 0
-41 -142 0
-41 -185 0
-62 -84 0
-62 -104 0
-62 -122 0
-62 -142 0
-62 -185 0
-84 -104 0
-84 -122 0
-84 -142 0
-84 -185 0
-104 -122 0
-104 -142 0
-104 -185 0
-122 -142 0
-122 -185 0
-142 -185 0
-3 -42 0
-3 -63 0
-3 -85 0
-3 -105 0
-3 -123 0
-3 -143 0
-3 -163 0
-3 -186 0
-42 -63 0
-42 -85 0
-42 -105 0
-42 -123 0
-42 -143 0
-42 -163 0
-42 -186 0
-63 -85 0
-63 -105 0
-63 -123 0
-63 -143 0
-63 -163 0
-63 -186 0
-85 -105 0
-85 -123 0
-85 -143 0
-85 -163 0
-85 -186 0
-105 -123 0
-105 -143 0
-105 -163 0
-105 -186 0
-123 -143 0
-123 -163 0
-123 -186 0
-143 -163 0
-143 -186 0
-163 -186 0
-4 -23 0
-4 -43 0
-4 -64 0
-4 -86 0
-4 -106 0
-4 -124 0
-4 -144 0
-4 -164 0
-4 -187 0
-23 -43 0
-23 -64 0
-23 -86 0
-23 -106 0
-23 -124 0
-23 -144 0
-23 -164 0
-23 -187 0
-43 -64 0
-43 -86 0
-43 -106 0
-43 -124 0
-43 -144 0
-43 -164 0
-43 -187 0
-64 -86 0
-64 -106 0
-64 -124 0
-64 -144 0
-64 -164 0
-64 -187 0
-86 -106 0
-86 -124 0
-86 -144 0
-86 -164 0
-86 -187 0
-106 -124 0
-106 -144 0
-106 -164 0
-106 -187 0
-124 -144 0
-124 -164 0
-124 -187 0
-144 -164 0
-144 -187 0
-164 -187 0
-65 -87 0
-65 -125 0
-65 -145 0
-65 -165 0
-65 -188 0
-87 -125 0
-87 -145 0
-87 -165 0
-87 -188 0
-125 -145 0
-125 -165 0
-125 -188 0
-145 -165 0
-145 -188 0
-165 -188 0
-5 -24 0
-5 -44 0
-5 -66 0
-5 -88 0
-5 -107 0
-5 -126 0
-5 -166 0
-5 -189 0
-24 -44 0
-24 -66 0
-24 -88 0
-24 -107 0
-24 -126 0
-24 -166 0
-24 -189 0
-44 -66 0
-44 -88 0
-44 -107 0
-44 -126 0
-44 -166 0
-44 -189 0
-66 -88 0
-66 -107 0
-66 -126 0
-66 -166 0
-66 -189 0
-88 -107 0
-88 -126 0
-88 -166 0
-88 -189 0
-107 -126 0
-107 -166 0
-107 -189 0
-126 -166 0
-126 -189 0
-166 -189 0
-6 -25 0
-6 -45 0
-6 -89 0
-6 -108 0
-6 -127 0
-6 -146 0
-6 -167 0
-6 -190 0
-25 -45 0
-25 -89 0
-25 -108 0
-25 -127 0
-25 -146 0
-25 -167 0
-25 -190 0
-45 -89 0
-45 -108 0
-45 -127 0
-45 -146 0
-45 -167 0
-45 -190 0
-89 -108 0
-89 -127 0
-89 -146 0
-89 -167 0
-89 -190 0
-108 -127 0
-108 -146 0
-108 -167 0
-108 -190 0
-127 -146 0
-127 -167 0
-127 -190 0
-146 -167 0
-146 -190 0
-167 -190 0
-7 -26 0
-7 -46 0
-7 -67 0
-7 -90 0
-7 -109 0
-7 -128 0
-7 -147 0
-7 -168 0
-7 -191 0
-26 -46 0
-26 -67 0
-26 -90 0
-26 -109 0
-26 -128 0
-26 -147 0
-26 -168 0
-26 -191 0
-46 -67 0
-46 -90 0
-46 -109 0
-46 -128 0
-46 -147 0
-46 -168 0
-46 -191 0
-67 -90 0
-67 -109 0
-67 -128 0
-67 -147 0
-67 -168 0
-67 -191 0
-90 -109 0
-90 -128 0
-90 -147 0
-90 -168 0
-90 -191 0
-109 -128 0
-109 -147 0
-109 -168 0
-109 -191 0
-128 -147 0
-128 -168 0
-128 -191 0
-147 -168 0
-147 -191 0
-168 -191 0
-8 -27 0
-8 -47 0
-8 -68 0
-8 -91 0
-8 -110 0
-8 -148 0
-8 -169 0
-8 -192 0
-27 -47 0
-27 -68 0
-27 -91 0
-27 -110 0
-27 -148 0
-27 -169 0
-27 -192 0
-47 -68 0
-47 -91 0
-47 -110 0
-47 -148 0
-47 -169 0
-47 -192 0
-68 -91 0
-68 -110 0
-68 -148 0
-68 -169 0
-68 -192 0
-91 -110 0
-91 -148 0
-91 -169 0
-91 -192 0
-110 -148 0
-110 -169 0
-110 -192 0
-148 -169 0
-148 -192 0
-169 -192 0
-9 -28 0
-9 -48 0
-9 -69 0
-9 -92 0
-9 -149 0
-9 -170 0
-9 -193 0
-28 -48 0
-28 -69 0
-28 -92 0
-28 -149 0
-28 -170 0
-28 -193 0
-48 -69 0
-48 -92 0
-48 -149 0
-48 -170 0
-48 -193 0
-69 -92 0
-69 -149 0
-69 -170 0
-69 -193 0
-92 -149 0
-92 -170 0
-92 -193 0
-149 -170 0
-149 -193 0
-170 -193 0
-49 -70 0
-49 -93 0
-49 -111 0
-49 -129 0
-49 -150 0
-49 -171 0
-49 -194 0
-70 -93 0
-70 -111 0
-70 -129 0
-70 -150 0
-70 -171 0
-70 -194 0
-93 -111 0
-93 -129 0
-93 -150 0
-93 -171 0
-93 -194 0
-111 -129 0
-111 -150 0
-111 -171 0
-111 -194 0
-129 -150 0
-129 -171 0
-129 -194 0
-150 -171 0
-150 -194 0
-171 -194 0
-10 -29 0
-10 -50 0
-10 -71 0
-10 -94 0
-10 -130 0
-10 -151 0
-10 -172 0
-29 -50 0
-29 -71 0
-29 -94 0
-29 -130 0
-29 -151 0
-29 -172 0
-50 -71 0
-50 -94 0
-50 -130 0
-50 -151 0
-50 -172 0
-71 -94 0
-71 -130 0
-71 -151 0
-71 -172 0
-94 -130 0
-94 -151 0
-94 -172 0
-130 -151 0
-130 -172 0
-151 -172 0
-11 -30 0
-11 -51 0
-11 -72 0
-11 -95 0
-11 -112 0
-11 -131 0
-11 -152 0
-11 -173 0
-11 -195 0
-30 -51 0
-30 -72 0
-30 -95 0
-30 -112 0
-30 -131 0
-30 -152 0
-30 -173 0
-30 -195 0
-51 -72 0
-51 -95 0
-51 -112 0
-51 -131 0
-51 -152 0
-51 -173 0
-51 -195 0
-72 -95 0
-72 -112 0
-72 -131 0
-72 -152 0
-72 -173 0
-72 -195 0
-95 -112 0
-95 -131 0
-95 -152 0
-95 -173 0
-95 -195 0
-112 -131 0
-112 -152 0
-112 -173 0
-112 -195 0
-131 -152 0
-131 -173 0
-131 -195 0
-152 -173 0
-152 -195 0
-173 -195 0
-12 -31 0
-12 -52 0
-12 -73 0
-12 -96 0
-12 -132 0
-12 -153 0
-12 -174 0
-12 -196 0
-31 -52 0
-31 -73 0
-31 -96 0
-31 -132 0
-31 -153 0
-31 -174 0
-31 -196 0
-52 -73 0
-52 -96 0
-52 -132 0
-52 -153 0
-52 -174 0
-52 -196 0
-73 -96 0
-73 -132 0
-73 -153 0
-73 -174 0
-73 -196 0
-96 -132 0
-96 -153 0
-96 -174 0
-96 -196 0
-132 -153 0
-132 -174 0
-132 -196 0
-153 -174 0
-153 -196 0
-174 -196 0
-13 -32 0
-13 -53 0
-13 -74 0
-13 -113 0
-13 -133 0
-13 -154 0
-13 -175 0
-13 -197 0
-32 -53 0
-32 -74 0
-32 -113 0
-32 -133 0
-32 -154 0
-32 -175 0
-32 -197 0
-53 -74 0
-53 -113 0
-53 -133 0
-53 -154 0
-53 -175 0
-53 -197 0
-74 -113 0
-74 -133 0
-74 -154 0
-74 -175 0
-74 -197 0
-113 -133 0
-113 -154 0
-113 -175 0
-113 -197 0
-133 -154 0
-133 -175 0
-133 -197 0
-154 -175 0
-154 -197 0
-175 -197 0
-14 -33 0
-14 -54 0
-14 -75 0
-14 -97 0
-14 -134 0
-14 -155 0
-14 -176 0
-33 -54 0
-33 -75 0
-33 -97 0
-33 -134 0
-33 -155 0
-33 -176 0
-54 -75 0
-54 -97 0
-54 -134 0
-54 -155 0
-54 -176 0
-75 -97 0
-75 -134 0
-75 -155 0
-75 -176 0
-97 -134 0
-97 -155 0
-97 -176 0
-134 -155 0
-134 -176 0
-155 -176 0
-15 -34 0
-15 -55 0
-15 -76 0
-15 -114 0
-15 -135 0
-15 -156 0
-15 -177 0
-15 -198 0
-34 -55 0
-34 -76 0
-34 -114 0
-34 -135 0
-34 -156 0
-34 -177 0
-34 -198 0
-55 -76 0
-55 -114 0
-55 -135 0
-55 -156 0
-55 -177 0
-55 -198 0
-76 -114 0
-76 -135 0
-76 -156 0
-76 -177 0
-76 -198 0
-114 -135 0
-114 -156 0
-114 -177 0
-114 -198 0
-135 -156 0
-135 -177 0
-135 -198 0
-156 -177 0
-156 -198 0
-177 -198 0
-16 -35 0
-16 -56 0
-16 -77 0
-16 -98 0
-16 -115 0
-16 -136 0
-16 -157 0
-16 -178 0
-16 -199 0
-35 -56 0
-35 -77 0
-35 -98 0
-35 -115 0
-35 -136 0
-35 -157 0
-35 -178 0
-35 -199 0
-56 -77 0
-56 -98 0
-56 -115 0
-56 -136 0
-56 -157 0
-56 -178 0
-56 -199 0
-77 -98 0
-77 -115 0
-77 -136 0
-77 -157 0
-77 -178 0
-77 -199 0
-98 -115 0
-98 -136 0
-98 -157 0
-98 -178 0
-98 -199 0
-115 -136 0
-115 -157 0
-115 -178 0
-115 -199 0
-136 -157 0
-136 -178 0
-136 -199 0
-157 -178 0
-157 -199 0
-178 -199 0
-17 -36 0
-17 -57 0
-17 -78 0
-17 -116 0
-17 -137 0
-17 -158 0
-17 -179 0
-17 -200 0
-36 -57 0
-36 -78 0
-36 -116 0
-36 -137 0
-36 -158 0
-36 -179 0
-36 -200 0
-57 -78 0
-57 -116 0
-57 -137 0
-57 -158 0
-57 -179 0
-57 -200 0
-78 -116 0
-78 -137 0
-78 -158 0
-78 -179 0
-78 -200 0
-116 -137 0
-116 -158 0
-116 -179 0
-116 -200 0
-137 -158 0
-137 -179 0
-137 -200 0
-158 -179 0
-158 -200 0
-179 -200 0
-18 -37 0
-18 -79 0
-18 -99 0
-18 -117 0
-18 -138 0
-18 -159 0
-18 -180 0
-18 -201 0
-37 -79 0
-37 -99 0
-37 -117 0
-37 -138 0
-37 -159 0
-37 -180 0
-37 -201 0
-79 -99 0
-79 -117 0
-79 -138 0
-79 -159 0
-79 -180 0
-79 -201 0
-99 -117 0
-99 -138 0
-99 -159 0
-99 -180 0
-99 -201 0
-117 -138 0
-117 -159 0
-117 -180 0
-117 -201 0
-138 -159 0
-138 -180 0
-138 -201 0
-159 -180 0
-159 -201 0
-180 -201 0
-19 -58 0
-19 -80 0
-19 -100 0
-19 -118 0
-19 -139 0
-19 -160 0
-19 -181 0
-19 -202 0
-58 -80 0
-58 -100 0
-58 -118 0
-58 -139 0
-58 -160 0
-58 -181 0
-58 -202 0
-80 -100 0
-80 -118 0
-80 -139 0
-80 -160 0
-80 -181 0
-80 -202 0
-100 -118 0
-100 -139 0
-100 -160 0
-100 -181 0
-100 -202 0
-118 -139 0
-118 -160 0
-118 -181 0
-118 -202 0
-139 -160 0
-139 -181 0
-139 -202 0
-160 -181 0
-160 -202 0
-181 -202 0
-20 -38 0
-20 -59 0
-20 -81 0
-20 -101 0
-20 -119 0
-20 -140 0
-20 -161 0
-20 -182 0
-20 -203 0
-38 -59 0
-38 -81 0
-38 -101 0
-38 -119 0
-38 -140 0
-38 -161 0
-38 -182 0
-38 -203 0
-59 -81 0
-59 -101 0
-59 -119 0
-59 -140 0
-59 -161 0
-59 -182 0
-59 -203 0
-81 -101 0
-81 -119 0
-81 -140 0
-81 -161 0
-81 -182 0
-81 -203 0
-101 -119 0
-101 -140 0
-101 -161 0
-101 -182 0
-101 -203 0
-119 -140 0
-119 -161 0
-119 -182 0
-119 -203 0
-140 -161 0
-140 -182 0
-140 -203 0
-161 -182 0
-161 -203 0
-182 -203 0
-21 -39 0
-21 -60 0
-21 -82 0
-21 -102 0
-21 -120 0
-21 -141 0
-21 -183 0
-21 -204 0
-39 -60 0
-39 -82 0
-39 -102 0
-39 -120 0
-39 -141 0
-39 -183 0
-39 -204 0
-60 -82 0
-60 -102 0
-60 -120 0
-60 -141 0
-60 -183 0
-60 -204 0
-82 -102 0
-82 -120 0
-82 -141 0
-82 -183 0
-82 -204 0
-102 -120 0
-102 -141 0
-102 -183 0
-102 -204 0
-120 -141 0
-120 -183 0
-120 -204 0
-141 -183 0
-141 -204 0
-183 -204 0
