p cnf 23 95
-8 -9 0
1 -14 -15 0
2 8 -18 0
9 14 0
5 -1 0
6 -2 0
7 -1 0
8 -2 0
10 -3 0
1 11 -2 0
-1 -11 2 0
1 12 0
-1 -13 0
-1 -14 0
1 15 0
1 16 -3 0
-1 -16 3 0
2 17 0
-2 -18 0
2 19 0
2 20 -3 0
-2 -20 3 0
-21 3 0
22 -3 0
-23 3 0
4 7 -5 0
-4 -7 5 0
4 8 -6 0
-4 -8 6 0
-4 -9 0
4 10 0
5 11 -6 0
-5 -11 6 0
5 12 0
5 13 0
-5 -14 0
5 15 0
5 16 0
6 17 0
6 18 0
6 19 0
6 20 0
7 11 -8 0
-7 -11 8 0
7 12 0
7 13 0
7 14 -9 0
-7 -14 9 0
7 15 0
7 16 -10 0
-7 -16 10 0
8 17 0
8 18 0
8 -9 0
8 19 0
8 20 -10 0
-8 -20 10 0
-21 10 0
-22 10 0
-9 10 0
-23 10 0
11 17 -12 0
-11 -17 12 0
11 18 -13 0
-11 -18 13 0
11 -14 0
11 19 -15 0
-11 -19 15 0
11 20 -16 0
-11 -20 16 0
12 -13 0
12 -14 0
-12 15 0
12 21 -16 0
-12 -21 16 0
13 -14 0
-13 15 0
13 22 -16 0
-13 -22 16 0
-14 15 0
-14 16 0
15 23 -16 0
-15 -23 16 0
17 -18 0
-17 19 0
17 21 -20 0
-17 -21 20 0
-18 19 0
18 22 -20 0
-18 -22 20 0
19 23 -20 0
-19 -23 20 0
22 -21 0
-23 21 0
-23 22 0
