p cnf 202 802
1 2 3 4 5 6 7 8 9 10 11 12 13 14 15 16 17 18 19 20 21 0
22 23 24 25 26 27 28 29 30 31 32 33 34 35 36 37 38 39 40 41 42 43 0
44 45 46 47 48 49 50 51 52 53 54 55 56 57 58 59 60 61 62 0
63 64 65 66 67 68 69 70 71 72 73 74 75 76 77 78 79 80 81 82 0
83 84 85 86 87 88 89 90 91 92 93 94 95 96 97 98 99 100 101 102 0
103 104 105 106 107 108 109 110 111 112 113 114 115 116 117 118 119 120 121 0
143 144 145 146 147 148 149 150 151 152 153 154 155 156 157 158 159 160 161 162 0
163 164 165 166 167 168 169 170 171 172 173 174 175 176 177 178 179 180 181 182 183 184 0
-1 -22 0
-1 -44 0
-1 -63 0
-1 -103 0
-1 -122 0
-1 -143 0
-1 -163 0
-1 -185 0
-22 -44 0
-22 -63 0
-22 -103 0
-22 -122 0
-22 -143 0
-22 -163 0
-22 -185 0
-44 -63 0
-44 -103 0
-44 -122 0
-44 -143 0
-44 -163 0
-44 -185 0
-63 -103 0
-63 -122 0
-63 -143 0
-63 -163 0
-63 -185 0
-103 -122 0
-103 -143 0
-103 -163 0
-103 -185 0
-122 -143 0
-122 -163 0
-122 -185 0
-143 -163 0
-143 -185 0
-163 -185 0
-2 -23 0
-2 -45 0
-2 -64 0
-2 -83 0
-2 -123 0
-2 -144 0
-2 -164 0
-2 -186 0
-23 -45 0
-23 -64 0
-23 -83 0
-23 -123 0
-23 -144 0
-23 -164 0
-23 -186 0
-45 -64 0
-45 -83 0
-45 -123 0
-45 -144 0
-45 -164 0
-45 -186 0
-64 -83 0
-64 -123 0
-64 -144 0
-64 -164 0
-64 -186 0
-83 -123 0
-83 -144 0
-83 -164 0
-83 -186 0
-123 -144 0
-123 -164 0
-123 -186 0
-144 -164 0
-144 -186 0
-164 -186 0
-3 -24 0
-3 -46 0
-3 -84 0
-3 -104 0
-3 -124 0
-3 -165 0
-3 -187 0
-24 -46 0
-24 -84 0
-24 -104 0
-24 -124 0
-24 -165 0
-24 -187 0
-46 -84 0
-46 -104 0
-46 -124 0
-46 -165 0
-46 -187 0
-84 -104 0
-84 -124 0
-84 -165 0
-84 -187 0
-104 -124 0
-104 -165 0
-104 -187 0
-124 -165 0
-124 -187 0
-165 -187 0
-4 -25 0
-4 -65 0
-4 -85 0
-4 -105 0
-4 -125 0
-4 -145 0
-4 -166 0
-4 -188 0
-25 -65 0
-25 -85 0
-25 -105 0
-25 -125 0
-25 -145 0
-25 -166 0
-25 -188 0
-65 -85 0
-65 -105 0
-65 -125 0
-65 -145 0
-65 -166 0
-65 -188 0
-85 -105 0
-85 -125 0
-85 -145 0
-85 -166 0
-85 -188 0
-105 -125 0
-105 -145 0
-105 -166 0
-105 -188 0
-125 -145 0
-125 -166 0
-125 -188 0
-145 -166 0
-145 -188 0
-166 -188 0
-5 -26 0
-5 -47 0
-5 -66 0
-5 -86 0
-5 -106 0
-5 -126 0
-5 -167 0
-5 -189 0
-26 -47 0
-26 -66 0
-26 -86 0
-26 -106 0
-26 -126 0
-26 -167 0
-26 -189 0
-47 -66 0
-47 -86 0
-47 -106 0
-47 -126 0
-47 -167 0
-47 -189 0
-66 -86 0
-66 -106 0
-66 -126 0
-66 -167 0
-66 -189 0
-86 -106 0
-86 -126 0
-86 -167 0
-86 -189 0
-106 -126 0
-106 -167 0
-106 -189 0
-126 -167 0
-126 -189 0
-167 -189 0
-6 -27 0
-6 -48 0
-6 -67 0
-6 -87 0
-6 -107 0
-6 -127 0
-6 -146 0
-6 -168 0
-6 -190 0
-27 -48 0
-27 -67 0
-27 -87 0
-27 -107 0
-27 -127 0
-27 -146 0
-27 -168 0
-27 -190 0
-48 -67 0
-48 -87 0
-48 -107 0
-48 -127 0
-48 -146 0
-48 -168 0
-48 -190 0
-67 -87 0
-67 -107 0
-67 -127 0
-67 -146 0
-67 -168 0
-67 -190 0
-87 -107 0
-87 -127 0
-87 -146 0
-87 -168 0
-87 -190 0
-107 -127 0
-107 -146 0
-107 -168 0
-107 -190 0
-127 -146 0
-127 -168 0
-127 -190 0
-146 -168 0
-146 -190 0
-168 -190 0
-7 -28 0
-7 -49 0
-7 -68 0
-7 -88 0
-7 -108 0
-7 -147 0
-7 -169 0
-7 -191 0
-28 -49 0
-28 -68 0
-28 -88 0
-28 -108 0
-28 -147 0
-28 -169 0
-28 -191 0
-49 -68 0
-49 -88 0
-49 -108 0
-49 -147 0
-49 -169 0
-49 -191 0
-68 -88 0
-68 -108 0
-68 -147 0
-68 -169 0
-68 -191 0
-88 -108 0
-88 -147 0
-88 -169 0
-88 -191 0
-108 -147 0
-108 -169 0
-108 -191 0
-147 -169 0
-147 -191 0
-169 -191 0
-8 -29 0
-8 -50 0
-8 -69 0
-8 -89 0
-8 -109 0
-8 -128 0
-8 -148 0
-8 -170 0
-8 -192 0
-29 -50 0
-29 -69 0
-29 -89 0
-29 -109 0
-29 -128 0
-29 -148 0
-29 -170 0
-29 -192 0
-50 -69 0
-50 -89 0
-50 -109 0
-50 -128 0
-50 -148 0
-50 -170 0
-50 -192 0
-69 -89 0
-69 -109 0
-69 -128 0
-69 -148 0
-69 -170 0
-69 -192 0
-89 -109 0
-89 -128 0
-89 -148 0
-89 -170 0
-89 -192 0
-109 -128 0
-109 -148 0
-109 -170 0
-109 -192 0
-128 -148 0
-128 -170 0
-128 -192 0
-148 -170 0
-148 -192 0
-170 -192 0
-9 -51 0
-9 -70 0
-9 -90 0
-9 -129 0
-9 -149 0
-9 -171 0
-51 -70 0
-51 -90 0
-51 -129 0
-51 -149 0
-51 -171 0
-70 -90 0
-70 -129 0
-70 -149 0
-70 -171 0
-90 -129 0
-90 -149 0
-90 -171 0
-129 -149 0
-129 -171 0
-149 -171 0
-10 -30 0
-10 -52 0
-10 -71 0
-10 -91 0
-10 -110 0
-10 -130 0
-10 -150 0
-10 -172 0
-30 -52 0
-30 -71 0
-30 -91 0
-30 -110 0
-30 -130 0
-30 -150 0
-30 -172 0
-52 -71 0
-52 -91 0
-52 -110 0
-52 -130 0
-52 -150 0
-52 -172 0
-71 -91 0
-71 -110 0
-71 -130 0
-71 -150 0
-71 -172 0
-91 -110 0
-91 -130 0
-91 -150 0
-91 -172 0
-110 -130 0
-110 -150 0
-110 -172 0
-130 -150 0
-130 -172 0
-150 -172 0
-11 -31 0
-11 -53 0
-11 -72 0
-11 -92 0
-11 -131 0
-11 -151 0
-11 -173 0
-31 -53 0
-31 -72 0
-31 -92 0
-31 -131 0
-31 -151 0
-31 -173 0
-53 -72 0
-53 -92 0
-53 -131 0
-53 -151 0
-53 -173 0
-72 -92 0
-72 -131 0
-72 -151 0
-72 -173 0
-92 -131 0
-92 -151 0
-92 -173 0
-131 -151 0
-131 -173 0
-151 -173 0
-12 -32 0
-12 -54 0
-12 -73 0
-12 -93 0
-12 -111 0
-12 -132 0
-12 -193 0
-32 -54 0
-32 -73 0
-32 -93 0
-32 -111 0
-32 -132 0
-32 -193 0
-54 -73 0
-54 -93 0
-54 -111 0
-54 -132 0
-54 -193 0
-73 -93 0
-73 -111 0
-73 -132 0
-73 -193 0
-93 -111 0
-93 -132 0
-93 -193 0
-111 -132 0
-111 -193 0
-132 -193 0
-13 -33 0
-13 -55 0
-13 -74 0
-13 -94 0
-13 -112 0
-13 -133 0
-13 -152 0
-13 -174 0
-13 -194 0
-33 -55 0
-33 -74 0
-33 -94 0
-33 -112 0
-33 -133 0
-33 -152 0
-33 -174 0
-33 -194 0
-55 -74 0
-55 -94 0
-55 -112 0
-55 -133 0
-55 -152 0
-55 -174 0
-55 -194 0
-74 -94 0
-74 -112 0
-74 -133 0
-74 -152 0
-74 -174 0
-74 -194 0
-94 -112 0
-94 -133 0
-94 -152 0
-94 -174 0
-94 -194 0
-112 -133 0
-112 -152 0
-112 -174 0
-112 -194 0
-133 -152 0
-133 -174 0
-133 -194 0
-152 -174 0
-152 -194 0
-174 -194 0
-14 -34 0
-14 -56 0
-14 -75 0
-14 -95 0
-14 -113 0
-14 -153 0
-14 -175 0
-14 -195 0
-34 -56 0
-34 -75 0
-34 -95 0
-34 -113 0
-34 -153 0
-34 -175 0
-34 -195 0
-56 -75 0
-56 -95 0
-56 -113 0
-56 -153 0
-56 -175 0
-56 -195 0
-75 -95 0
-75 -113 0
-75 -153 0
-75 -175 0
-75 -195 0
-95 -113 0
-95 -153 0
-95 -175 0
-95 -195 0
-113 -153 0
-113 -175 0
-113 -195 0
-153 -175 0
-153 -195 0
-175 -195 0
-15 -35 0
-15 -76 0
-15 -114 0
-15 -134 0
-15 -154 0
-15 -176 0
-15 -196 0
-35 -76 0
-35 -114 0
-35 -134 0
-35 -154 0
-35 -176 0
-35 -196 0
-76 -114 0
-76 -134 0
-76 -154 0
-76 -176 0
-76 -196 0
-114 -134 0
-114 -154 0
-114 -176 0
-114 -196 0
-134 -154 0
-134 -176 0
-134 -196 0
-154 -176 0
-154 -196 0
-176 -196 0
-36 -57 0
-36 -77 0
-36 -96 0
-36 -135 0
-36 -155 0
-36 -177 0
-36 -197 0
-57 -77 0
-57 -96 0
-57 -135 0
-57 -155 0
-57 -177 0
-57 -197 0
-77 -96 0
-77 -135 0
-77 -155 0
-77 -177 0
-77 -197 0
-96 -135 0
-96 -155 0
-96 -177 0
-96 -197 0
-135 -155 0
-135 -177 0
-135 -197 0
-155 -177 0
-155 -197 0
-177 -197 0
-16 -37 0
-16 -58 0
-16 -97 0
-16 -115 0
-16 -136 0
-16 -156 0
-16 -178 0
-37 -58 0
-37 -97 0
-37 -115 0
-37 -136 0
-37 -156 0
-37 -178 0
-58 -97 0
-58 -115 0
-58 -136 0
-58 -156 0
-58 -178 0
-97 -115 0
-97 -136 0
-97 -156 0
-97 -178 0
-115 -136 0
-115 -156 0
-115 -178 0
-136 -156 0
-136 -178 0
-156 -178 0
-17 -38 0
-17 -59 0
-17 -98 0
-17 -116 0
-17 -137 0
-17 -157 0
-17 -179 0
-17 -198 0
-38 -59 0
-38 -98 0
-38 -116 0
-38 -137 0
-38 -157 0
-38 -179 0
-38 -198 0
-59 -98 0
-59 -116 0
-59 -137 0
-59 -157 0
-59 -179 0
-59 -198 0
-98 -116 0
-98 -137 0
-98 -157 0
-98 -179 0
-98 -198 0
-116 -137 0
-116 -157 0
-116 -179 0
-116 -198 0
-137 -157 0
-137 -179 0
-137 -198 0
-157 -179 0
-157 -198 0
-179 -198 0
-18 -39 0
-18 -78 0
-18 -99 0
-18 -117 0
-18 -138 0
-18 -158 0
-18 -180 0
-18 -199 0
-39 -78 0
-39 -99 0
-39 -117 0
-39 -138 0
-39 -158 0
-39 -180 0
-39 -199 0
-78 -99 0
-78 -117 0
-78 -138 0
-78 -158 0
-78 -180 0
-78 -199 0
-99 -117 0
-99 -138 0
-99 -158 0
-99 -180 0
-99 -199 0
-117 -138 0
-117 -158 0
-117 -180 0
-117 -199 0
-138 -158 0
-138 -180 0
-138 -199 0
-158 -180 0
-158 -199 0
-180 -199 0
-19 -40 0
-19 -60 0
-19 -79 0
-19 -100 0
-19 -118 0
-19 -139 0
-19 -159 0
-19 -181 0
-19 -200 0
-40 -60 0
-40 -79 0
-40 -100 0
-40 -118 0
-40 -139 0
-40 -159 0
-40 -181 0
-40 -200 0
-60 -79 0
-60 -100 0
-60 -118 0
-60 -139 0
-60 -159 0
-60 -181 0
-60 -200 0
-79 -100 0
-79 -118 0
-79 -139 0
-79 -159 0
-79 -181 0
-79 -200 0
-100 -118 0
-100 -139 0
-100 -159 0
-100 -181 0
-100 -200 0
-118 -139 0
-118 -159 0
-118 -181 0
-118 -200 0
-139 -159 0
-139 -181 0
-139 -200 0
-159 -181 0
-159 -200 0
-181 -200 0
-41 -80 0
-41 -101 0
-41 -119 0
-41 -140 0
-41 -160 0
-41 -182 0
-41 -201 0
-80 -101 0
-80 -119 0
-80 -140 0
-80 -160 0
-80 -182 0
-80 -201 0
-101 -119 0
-101 -140 0
-101 -160 0
-101 -182 0
-101 -201 0
-119 -140 0
-119 -160 0
-119 -182 0
-119 -201 0
-140 -160 0
-140 -182 0
-140 -201 0
-160 -182 0
-160 -201 0
-182 -201 0
-20 -42 0
-20 -61 0
-20 -81 0
-20 -120 0
-20 -141 0
-20 -161 0
-20 -183 0
-42 -61 0
-42 -81 0
-42 -120 0
-42 -141 0
-42 -161 0
-42 -183 0
-61 -81 0
-61 -120 0
-61 -141 0
-61 -161 0
-61 -183 0
-81 -120 0
-81 -141 0
-81 -161 0
-81 -183 0
-120 -141 0
-120 -161 0
-120 -183 0
-141 -161 0
-141 -183 0
-161 -183 0
-21 -43 0
-21 -62 0
-21 -82 0
-21 -102 0
-21 -121 0
-21 -142 0
-21 -162 0
-21 -184 0
-21 -202 0
-43 -62 0
-43 -82 0
-43 -102 0
-43 -121 0
-43 -142 0
-43 -162 0
-43 -184 0
-43 -202 0
-62 -82 0
-62 -102 0
-62 -121 0
-62 -142 0
-62 -162 0
-62 -184 0
-62 -202 0
-82 -102 0
-82 -121 0
-82 -142 0
-82 -162 0
-82 -184 0
-82 -202 0
-102 -121 0
-102 -142 0
-102 -162 0
-102 -184 0
-102 -202 0
-121 -142 0
-121 -162 0
-121 -184 0
-121 -202 0
-142 -162 0
-142 -184 0
-142 -202 0
-162 -184 0
-162 -202 0
-184 -202 0
