p cnf 27 79
1 2 0
-4 -10 0
-4 -11 0
-4 -14 0
-4 -21 0
-4 -24 0
-10 -11 0
-10 -14 0
-10 -21 0
-10 -24 0
-11 -14 0
-11 -21 0
-11 -24 0
-14 -21 0
-14 -24 0
-21 -24 0
-1 -5 0
-1 -7 0
-1 -12 0
-1 -15 0
-1 -18 0
-1 -25 0
-5 -7 0
-5 -12 0
-5 -15 0
-5 -18 0
-5 -25 0
-7 -12 0
-7 -15 0
-7 -18 0
-7 -25 0
-12 -15 0
-12 -18 0
-12 -25 0
-15 -18 0
-15 -25 0
-18 -25 0
-3 -6 0
-3 -8 0
-3 -16 0
-3 -19 0
-3 -22 0
-3 -26 0
-6 -8 0
-6 -16 0
-6 -19 0
-6 -22 0
-6 -26 0
-8 -16 0
-8 -19 0
-8 -22 0
-8 -26 0
-16 -19 0
-16 -22 0
-16 -26 0
-19 -22 0
-19 -26 0
-22 -26 0
-2 -9 0
-2 -13 0
-2 -17 0
-2 -20 0
-2 -23 0
-2 -27 0
-9 -13 0
-9 -17 0
-9 -20 0
-9 -23 0
-9 -27 0
-13 -17 0
-13 -20 0
-13 -23 0
-13 -27 0
-17 -20 0
-17 -23 0
-17 -27 0
-20 -23 0
-20 -27 0
-23 -27 0
