p cnf 20 87
-7 -8 0
-7 -9 0
-7 -10 0
-7 -11 0
-8 -9 0
-8 -10 0
-8 -11 0
-9 -10 0
-9 -11 0
-10 -11 0
-12 -13 0
-12 -14 0
-12 -15 0
-12 -16 0
-12 -17 0
-13 -14 0
-13 -15 0
-13 -16 0
-13 -17 0
-14 -15 0
-14 -16 0
-14 -17 0
-15 -16 0
-15 -17 0
-16 -17 0
-18 -19 0
-18 -20 0
-19 -20 0
-8 -7 0
-9 -7 0
-10 -7 0
-11 -7 0
-9 -8 0
-10 -8 0
-11 -8 0
-10 -9 0
-11 -9 0
-11 -10 0
-8 -12 0
-9 -12 0
-10 -12 0
-11 -12 0
-8 -13 0
-9 -13 0
-10 -13 0
-11 -13 0
-9 -14 0
-10 -14 0
-11 -14 0
-10 -15 0
-11 -15 0
-11 -16 0
-13 -12 0
-14 -12 0
-15 -12 0
-16 -12 0
-17 -12 0
-14 -13 0
-15 -13 0
-16 -13 0
-17 -13 0
-15 -14 0
-16 -14 0
-17 -14 0
-16 -15 0
-17 -15 0
-17 -16 0
-19 -18 0
-20 -18 0
-20 -19 0
-7 1 0
-8 3 0
-9 4 0
-10 5 0
-12 1 0
-13 2 0
-14 3 0
-15 4 0
-16 5 0
-19 6 0
-1 7 12 0
-2 13 0
-3 8 14 0
-4 9 15 0
-5 10 16 0
-6 19 0
4 5 0
