p cnf 38 165
1 2 3 4 0
-1 -2 0
-1 -3 0
-1 -4 0
-2 -3 0
-2 -4 0
-3 -4 0
5 6 7 8 0
-5 -6 0
-5 -7 0
-5 -8 0
-6 -7 0
-6 -8 0
-7 -8 0
9 10 11 12 0
-9 -10 0
-9 -11 0
-9 -12 0
-10 -11 0
-10 -12 0
-11 -12 0
13 14 15 0
-13 -14 0
-13 -15 0
-14 -15 0
16 17 18 19 20 0
-16 -17 0
-16 -18 0
-16 -19 0
-16 -20 0
-17 -18 0
-17 -19 0
-17 -20 0
-18 -19 0
-18 -20 0
-19 -20 0
21 22 23 24 25 0
-21 -22 0
-21 -23 0
-21 -24 0
-21 -25 0
-22 -23 0
-22 -24 0
-22 -25 0
-23 -24 0
-23 -25 0
-24 -25 0
26 27 28 29 0
-26 -27 0
-26 -28 0
-26 -29 0
-27 -28 0
-27 -29 0
-28 -29 0
30 31 32 33 0
-30 -31 0
-30 -32 0
-30 -33 0
-31 -32 0
-31 -33 0
-32 -33 0
34 35 36 37 38 0
-34 -35 0
-34 -36 0
-34 -37 0
-34 -38 0
-35 -36 0
-35 -37 0
-35 -38 0
-36 -37 0
-36 -38 0
-37 -38 0
-1 -5 0
-2 -6 0
-3 -7 0
-4 -8 0
-1 -9 0
-2 -10 0
-3 -11 0
-4 -12 0
-1 -13 0
-3 -14 0
-4 -15 0
-1 -16 0
-2 -17 0
-3 -18 0
-4 -20 0
-1 -21 0
-2 -22 0
-3 -23 0
-4 -25 0
-1 -30 0
-2 -31 0
-3 -32 0
-4 -33 0
-1 -34 0
-2 -35 0
-3 -36 0
-4 -38 0
-5 -9 0
-6 -10 0
-7 -11 0
-8 -12 0
-5 -13 0
-7 -14 0
-8 -15 0
-5 -16 0
-6 -17 0
-7 -18 0
-8 -20 0
-6 -26 0
-7 -27 0
-8 -29 0
-9 -13 0
-11 -14 0
-12 -15 0
-9 -16 0
-10 -17 0
-11 -18 0
-12 -20 0
-9 -21 0
-10 -22 0
-11 -23 0
-12 -25 0
-10 -26 0
-11 -27 0
-12 -29 0
-9 -30 0
-10 -31 0
-11 -32 0
-12 -33 0
-13 -16 0
-14 -18 0
-15 -20 0
-13 -21 0
-14 -23 0
-15 -25 0
-17 -26 0
-18 -27 0
-19 -28 0
-20 -29 0
-16 -34 0
-17 -35 0
-18 -36 0
-19 -37 0
-20 -38 0
-22 -26 0
-23 -27 0
-24 -28 0
-25 -29 0
-21 -30 0
-22 -31 0
-23 -32 0
-25 -33 0
-26 -31 0
-27 -32 0
-29 -33 0
-26 -35 0
-27 -36 0
-28 -37 0
-29 -38 0
-30 -34 0
-31 -35 0
-32 -36 0
-33 -38 0
