p cnf 223 944
1 2 3 4 5 6 7 8 9 10 11 12 13 14 15 16 17 18 19 20 21 22 23 24 0
47 48 49 50 51 52 53 54 55 56 57 58 59 60 61 62 63 64 65 66 67 68 69 70 0
71 72 73 74 75 76 77 78 79 80 81 82 83 84 85 86 87 88 89 90 91 92 93 0
94 95 96 97 98 99 100 101 102 103 104 105 106 107 108 109 110 111 112 0
113 114 115 116 117 118 119 120 121 122 123 124 125 126 127 128 129 130 131 132 133 134 135 0
136 137 138 139 140 141 142 143 144 145 146 147 148 149 150 151 152 153 154 155 156 0
157 158 159 160 161 162 163 164 165 166 167 168 169 170 171 172 173 174 175 176 177 178 179 180 0
181 182 183 184 185 186 187 188 189 190 191 192 193 194 195 196 197 198 199 200 0
201 202 203 204 205 206 207 208 209 210 211 212 213 214 215 216 217 218 219 220 221 222 223 0
-1 -25 0
-1 -47 0
-1 -71 0
-1 -94 0
-1 -113 0
-1 -136 0
-1 -157 0
-1 -181 0
-1 -201 0
-25 -47 0
-25 -71 0
-25 -94 0
-25 -113 0
-25 -136 0
-25 -157 0
-25 -181 0
-25 -201 0
-47 -71 0
-47 -94 0
-47 -113 0
-47 -136 0
-47 -157 0
-47 -181 0
-47 -201 0
-71 -94 0
-71 -113 0
-71 -136 0
-71 -157 0
-71 -181 0
-71 -201 0
-94 -113 0
-94 -136 0
-94 -157 0
-94 -181 0
-94 -201 0
-113 -136 0
-113 -157 0
-113 -181 0
-113 -201 0
-136 -157 0
-136 -181 0
-136 -201 0
-157 -181 0
-157 -201 0
-181 -201 0
-2 -26 0
-2 -48 0
-2 -72 0
-2 -95 0
-2 -114 0
-2 -137 0
-2 -158 0
-2 -182 0
-2 -202 0
-26 -48 0
-26 -72 0
-26 -95 0
-26 -114 0
-26 -137 0
-26 -158 0
-26 -182 0
-26 -202 0
-48 -72 0
-48 -95 0
-48 -114 0
-48 -137 0
-48 -158 0
-48 -182 0
-48 -202 0
-72 -95 0
-72 -114 0
-72 -137 0
-72 -158 0
-72 -182 0
-72 -202 0
-95 -114 0
-95 -137 0
-95 -158 0
-95 -182 0
-95 -202 0
-114 -137 0
-114 -158 0
-114 -182 0
-114 -202 0
-137 -158 0
-137 -182 0
-137 -202 0
-158 -182 0
-158 -202 0
-182 -202 0
-3 -27 0
-3 -49 0
-3 -73 0
-3 -96 0
-3 -115 0
-3 -138 0
-3 -159 0
-3 -203 0
-27 -49 0
-27 -73 0
-27 -96 0
-27 -115 0
-27 -138 0
-27 -159 0
-27 -203 0
-49 -73 0
-49 -96 0
-49 -115 0
-49 -138 0
-49 -159 0
-49 -203 0
-73 -96 0
-73 -115 0
-73 -138 0
-73 -159 0
-73 -203 0
-96 -115 0
-96 -138 0
-96 -159 0
-96 -203 0
-115 -138 0
-115 -159 0
-115 -203 0
-138 -159 0
-138 -203 0
-159 -203 0
-4 -28 0
-4 -50 0
-4 -74 0
-4 -97 0
-4 -116 0
-4 -139 0
-4 -160 0
-4 -204 0
-28 -50 0
-28 -74 0
-28 -97 0
-28 -116 0
-28 -139 0
-28 -160 0
-28 -204 0
-50 -74 0
-50 -97 0
-50 -116 0
-50 -139 0
-50 -160 0
-50 -204 0
-74 -97 0
-74 -116 0
-74 -139 0
-74 -160 0
-74 -204 0
-97 -116 0
-97 -139 0
-97 -160 0
-97 -204 0
-116 -139 0
-116 -160 0
-116 -204 0
-139 -160 0
-139 -204 0
-160 -204 0
-5 -29 0
-5 -51 0
-5 -75 0
-5 -98 0
-5 -117 0
-5 -140 0
-5 -161 0
-5 -183 0
-5 -205 0
-29 -51 0
-29 -75 0
-29 -98 0
-29 -117 0
-29 -140 0
-29 -161 0
-29 -183 0
-29 -205 0
-51 -75 0
-51 -98 0
-51 -117 0
-51 -140 0
-51 -161 0
-51 -183 0
-51 -205 0
-75 -98 0
-75 -117 0
-75 -140 0
-75 -161 0
-75 -183 0
-75 -205 0
-98 -117 0
-98 -140 0
-98 -161 0
-98 -183 0
-98 -205 0
-117 -140 0
-117 -161 0
-117 -183 0
-117 -205 0
-140 -161 0
-140 -183 0
-140 -205 0
-161 -183 0
-161 -205 0
-183 -205 0
-6 -52 0
-6 -76 0
-6 -141 0
-6 -162 0
-6 -206 0
-52 -76 0
-52 -141 0
-52 -162 0
-52 -206 0
-76 -141 0
-76 -162 0
-76 -206 0
-141 -162 0
-141 -206 0
-162 -206 0
-7 -30 0
-7 -53 0
-7 -77 0
-7 -99 0
-7 -118 0
-7 -142 0
-7 -163 0
-7 -184 0
-7 -207 0
-30 -53 0
-30 -77 0
-30 -99 0
-30 -118 0
-30 -142 0
-30 -163 0
-30 -184 0
-30 -207 0
-53 -77 0
-53 -99 0
-53 -118 0
-53 -142 0
-53 -163 0
-53 -184 0
-53 -207 0
-77 -99 0
-77 -118 0
-77 -142 0
-77 -163 0
-77 -184 0
-77 -207 0
-99 -118 0
-99 -142 0
-99 -163 0
-99 -184 0
-99 -207 0
-118 -142 0
-118 -163 0
-118 -184 0
-118 -207 0
-142 -163 0
-142 -184 0
-142 -207 0
-163 -184 0
-163 -207 0
-184 -207 0
-8 -31 0
-8 -54 0
-8 -78 0
-8 -119 0
-8 -164 0
-8 -185 0
-8 -208 0
-31 -54 0
-31 -78 0
-31 -119 0
-31 -164 0
-31 -185 0
-31 -208 0
-54 -78 0
-54 -119 0
-54 -164 0
-54 -185 0
-54 -208 0
-78 -119 0
-78 -164 0
-78 -185 0
-78 -208 0
-119 -164 0
-119 -185 0
-119 -208 0
-164 -185 0
-164 -208 0
-185 -208 0
-9 -32 0
-9 -55 0
-9 -79 0
-9 -100 0
-9 -120 0
-9 -165 0
-9 -186 0
-9 -209 0
-32 -55 0
-32 -79 0
-32 -100 0
-32 -120 0
-32 -165 0
-32 -186 0
-32 -209 0
-55 -79 0
-55 -100 0
-55 -120 0
-55 -165 0
-55 -186 0
-55 -209 0
-79 -100 0
-79 -120 0
-79 -165 0
-79 -186 0
-79 -209 0
-100 -120 0
-100 -165 0
-100 -186 0
-100 -209 0
-120 -165 0
-120 -186 0
-120 -209 0
-165 -186 0
-165 -209 0
-186 -209 0
-10 -33 0
-10 -56 0
-10 -80 0
-10 -101 0
-10 -121 0
-10 -143 0
-10 -166 0
-10 -187 0
-10 -210 0
-33 -56 0
-33 -80 0
-33 -101 0
-33 -121 0
-33 -143 0
-33 -166 0
-33 -187 0
-33 -210 0
-56 -80 0
-56 -101 0
-56 -121 0
-56 -143 0
-56 -166 0
-56 -187 0
-56 -210 0
-80 -101 0
-80 -121 0
-80 -143 0
-80 -166 0
-80 -187 0
-80 -210 0
-101 -121 0
-101 -143 0
-101 -166 0
-101 -187 0
-101 -210 0
-121 -143 0
-121 -166 0
-121 -187 0
-121 -210 0
-143 -166 0
-143 -187 0
-143 -210 0
-166 -187 0
-166 -210 0
-187 -210 0
-11 -57 0
-11 -81 0
-11 -122 0
-11 -144 0
-11 -167 0
-11 -188 0
-11 -211 0
-57 -81 0
-57 -122 0
-57 -144 0
-57 -167 0
-57 -188 0
-57 -211 0
-81 -122 0
-81 -144 0
-81 -167 0
-81 -188 0
-81 -211 0
-122 -144 0
-122 -167 0
-122 -188 0
-122 -211 0
-144 -167 0
-144 -188 0
-144 -211 0
-167 -188 0
-167 -211 0
-188 -211 0
-12 -34 0
-12 -58 0
-12 -82 0
-12 -102 0
-12 -123 0
-12 -145 0
-12 -168 0
-12 -189 0
-12 -212 0
-34 -58 0
-34 -82 0
-34 -102 0
-34 -123 0
-34 -145 0
-34 -168 0
-34 -189 0
-34 -212 0
-58 -82 0
-58 -102 0
-58 -123 0
-58 -145 0
-58 -168 0
-58 -189 0
-58 -212 0
-82 -102 0
-82 -123 0
-82 -145 0
-82 -168 0
-82 -189 0
-82 -212 0
-102 -123 0
-102 -145 0
-102 -168 0
-102 -189 0
-102 -212 0
-123 -145 0
-123 -168 0
-123 -189 0
-123 -212 0
-145 -168 0
-145 -189 0
-145 -212 0
-168 -189 0
-168 -212 0
-189 -212 0
-13 -35 0
-13 -59 0
-13 -83 0
-13 -103 0
-13 -124 0
-13 -169 0
-13 -190 0
-13 -213 0
-35 -59 0
-35 -83 0
-35 -103 0
-35 -124 0
-35 -169 0
-35 -190 0
-35 -213 0
-59 -83 0
-59 -103 0
-59 -124 0
-59 -169 0
-59 -190 0
-59 -213 0
-83 -103 0
-83 -124 0
-83 -169 0
-83 -190 0
-83 -213 0
-103 -124 0
-103 -169 0
-103 -190 0
-103 -213 0
-124 -169 0
-124 -190 0
-124 -213 0
-169 -190 0
-169 -213 0
-190 -213 0
-14 -36 0
-14 -60 0
-14 -84 0
-14 -104 0
-14 -125 0
-14 -146 0
-14 -170 0
-14 -214 0
-36 -60 0
-36 -84 0
-36 -104 0
-36 -125 0
-36 -146 0
-36 -170 0
-36 -214 0
-60 -84 0
-60 -104 0
-60 -125 0
-60 -146 0
-60 -170 0
-60 -214 0
-84 -104 0
-84 -125 0
-84 -146 0
-84 -170 0
-84 -214 0
-104 -125 0
-104 -146 0
-104 -170 0
-104 -214 0
-125 -146 0
-125 -170 0
-125 -214 0
-146 -170 0
-146 -214 0
-170 -214 0
-15 -37 0
-15 -61 0
-15 -85 0
-15 -105 0
-15 -126 0
-15 -147 0
-15 -171 0
-15 -191 0
-15 -215 0
-37 -61 0
-37 -85 0
-37 -105 0
-37 -126 0
-37 -147 0
-37 -171 0
-37 -191 0
-37 -215 0
-61 -85 0
-61 -105 0
-61 -126 0
-61 -147 0
-61 -171 0
-61 -191 0
-61 -215 0
-85 -105 0
-85 -126 0
-85 -147 0
-85 -171 0
-85 -191 0
-85 -215 0
-105 -126 0
-105 -147 0
-105 -171 0
-105 -191 0
-105 -215 0
-126 -147 0
-126 -171 0
-126 -191 0
-126 -215 0
-147 -171 0
-147 -191 0
-147 -215 0
-171 -191 0
-171 -215 0
-191 -215 0
-16 -38 0
-16 -62 0
-16 -86 0
-16 -106 0
-16 -127 0
-16 -148 0
-16 -172 0
-16 -192 0
-16 -216 0
-38 -62 0
-38 -86 0
-38 -106 0
-38 -127 0
-38 -148 0
-38 -172 0
-38 -192 0
-38 -216 0
-62 -86 0
-62 -106 0
-62 -127 0
-62 -148 0
-62 -172 0
-62 -192 0
-62 -216 0
-86 -106 0
-86 -127 0
-86 -148 0
-86 -172 0
-86 -192 0
-86 -216 0
-106 -127 0
-106 -148 0
-106 -172 0
-106 -192 0
-106 -216 0
-127 -148 0
-127 -172 0
-127 -192 0
-127 -216 0
-148 -172 0
-148 -192 0
-148 -216 0
-172 -192 0
-172 -216 0
-192 -216 0
-17 -39 0
-17 -63 0
-17 -87 0
-17 -107 0
-17 -128 0
-17 -149 0
-17 -173 0
-17 -193 0
-17 -217 0
-39 -63 0
-39 -87 0
-39 -107 0
-39 -128 0
-39 -149 0
-39 -173 0
-39 -193 0
-39 -217 0
-63 -87 0
-63 -107 0
-63 -128 0
-63 -149 0
-63 -173 0
-63 -193 0
-63 -217 0
-87 -107 0
-87 -128 0
-87 -149 0
-87 -173 0
-87 -193 0
-87 -217 0
-107 -128 0
-107 -149 0
-107 -173 0
-107 -193 0
-107 -217 0
-128 -149 0
-128 -173 0
-128 -193 0
-128 -217 0
-149 -173 0
-149 -193 0
-149 -217 0
-173 -193 0
-173 -217 0
-193 -217 0
-18 -40 0
-18 -64 0
-18 -88 0
-18 -108 0
-18 -129 0
-18 -150 0
-18 -174 0
-18 -194 0
-40 -64 0
-40 -88 0
-40 -108 0
-40 -129 0
-40 -150 0
-40 -174 0
-40 -194 0
-64 -88 0
-64 -108 0
-64 -129 0
-64 -150 0
-64 -174 0
-64 -194 0
-88 -108 0
-88 -129 0
-88 -150 0
-88 -174 0
-88 -194 0
-108 -129 0
-108 -150 0
-108 -174 0
-108 -194 0
-129 -150 0
-129 -174 0
-129 -194 0
-150 -174 0
-150 -194 0
-174 -194 0
-19 -41 0
-19 -65 0
-19 -89 0
-19 -109 0
-19 -130 0
-19 -151 0
-19 -175 0
-19 -195 0
-19 -218 0
-41 -65 0
-41 -89 0
-41 -109 0
-41 -130 0
-41 -151 0
-41 -175 0
-41 -195 0
-41 -218 0
-65 -89 0
-65 -109 0
-65 -130 0
-65 -151 0
-65 -175 0
-65 -195 0
-65 -218 0
-89 -109 0
-89 -130 0
-89 -151 0
-89 -175 0
-89 -195 0
-89 -218 0
-109 -130 0
-109 -151 0
-109 -175 0
-109 -195 0
-109 -218 0
-130 -151 0
-130 -175 0
-130 -195 0
-130 -218 0
-151 -175 0
-151 -195 0
-151 -218 0
-175 -195 0
-175 -218 0
-195 -218 0
-20 -42 0
-20 -66 0
-20 -90 0
-20 -131 0
-20 -152 0
-20 -176 0
-20 -196 0
-20 -219 0
-42 -66 0
-42 -90 0
-42 -131 0
-42 -152 0
-42 -176 0
-42 -196 0
-42 -219 0
-66 -90 0
-66 -131 0
-66 -152 0
-66 -176 0
-66 -196 0
-66 -219 0
-90 -131 0
-90 -152 0
-90 -176 0
-90 -196 0
-90 -219 0
-131 -152 0
-131 -176 0
-131 -196 0
-131 -219 0
-152 -176 0
-152 -196 0
-152 -219 0
-176 -196 0
-176 -219 0
-196 -219 0
-21 -43 0
-21 -67 0
-21 -91 0
-21 -110 0
-21 -132 0
-21 -153 0
-21 -177 0
-21 -197 0
-21 -220 0
-43 -67 0
-43 -91 0
-43 -110 0
-43 -132 0
-43 -153 0
-43 -177 0
-43 -197 0
-43 -220 0
-67 -91 0
-67 -110 0
-67 -132 0
-67 -153 0
-67 -177 0
-67 -197 0
-67 -220 0
-91 -110 0
-91 -132 0
-91 -153 0
-91 -177 0
-91 -197 0
-91 -220 0
-110 -132 0
-110 -153 0
-110 -177 0
-110 -197 0
-110 -220 0
-132 -153 0
-132 -177 0
-132 -197 0
-132 -220 0
-153 -177 0
-153 -197 0
-153 -220 0
-177 -197 0
-177 -220 0
-197 -220 0
-22 -44 0
-22 -68 0
-22 -92 0
-22 -111 0
-22 -133 0
-22 -154 0
-22 -178 0
-22 -198 0
-22 -221 0
-44 -68 0
-44 -92 0
-44 -111 0
-44 -133 0
-44 -154 0
-44 -178 0
-44 -198 0
-44 -221 0
-68 -92 0
-68 -111 0
-68 -133 0
-68 -154 0
-68 -178 0
-68 -198 0
-68 -221 0
-92 -111 0
-92 -133 0
-92 -154 0
-92 -178 0
-92 -198 0
-92 -221 0
-111 -133 0
-111 -154 0
-111 -178 0
-111 -198 0
-111 -221 0
-133 -154 0
-133 -178 0
-133 -198 0
-133 -221 0
-154 -178 0
-154 -198 0
-154 -221 0
-178 -198 0
-178 -221 0
-198 -221 0
-23 -45 0
-23 -69 0
-23 -112 0
-23 -134 0
-23 -155 0
-23 -179 0
-23 -199 0
-23 -222 0
-45 -69 0
-45 -112 0
-45 -134 0
-45 -155 0
-45 -179 0
-45 -199 0
-45 -222 0
-69 -112 0
-69 -134 0
-69 -155 0
-69 -179 0
-69 -199 0
-69 -222 0
-112 -134 0
-112 -155 0
-112 -179 0
-112 -199 0
-112 -222 0
-134 -155 0
-134 -179 0
-134 -199 0
-134 -222 0
-155 -179 0
-155 -199 0
-155 -222 0
-179 -199 0
-179 -222 0
-199 -222 0
-24 -46 0
-24 -70 0
-24 -93 0
-24 -135 0
-24 -156 0
-24 -180 0
-24 -200 0
-24 -223 0
-46 -70 0
-46 -93 0
-46 -135 0
-46 -156 0
-46 -180 0
-46 -200 0
-46 -223 0
-70 -93 0
-70 -135 0
-70 -156 0
-70 -180 0
-70 -200 0
-70 -223 0
-93 -135 0
-93 -156 0
-93 -180 0
-93 -200 0
-93 -223 0
-135 -156 0
-135 -180 0
-135 -200 0
-135 -223 0
-156 -180 0
-156 -200 0
-156 -223 0
-180 -200 0
-180 -223 0
-200 -223 0
