p cnf 126 908
-1 -2 0
-1 -3 0
-1 -4 0
-1 -5 0
-1 -6 0
-1 -7 0
-1 -8 0
-1 -9 0
-1 -10 0
-2 -3 0
-2 -4 0
-2 -5 0
-2 -6 0
-2 -7 0
-2 -8 0
-2 -9 0
-2 -10 0
-3 -4 0
-3 -5 0
-3 -6 0
-3 -7 0
-3 -8 0
-3 -9 0
-3 -10 0
-4 -5 0
-4 -6 0
-4 -7 0
-4 -8 0
-4 -9 0
-4 -10 0
-5 -6 0
-5 -7 0
-5 -8 0
-5 -9 0
-5 -10 0
-6 -7 0
-6 -8 0
-6 -9 0
-6 -10 0
-7 -8 0
-7 -9 0
-7 -10 0
-8 -9 0
-8 -10 0
-9 -10 0
1 2 3 4 5 6 7 8 9 10 0
-11 -12 0
-11 -13 0
-11 -14 0
-11 -15 0
-11 -16 0
-12 -13 0
-12 -14 0
-12 -15 0
-12 -16 0
-13 -14 0
-13 -15 0
-13 -16 0
-14 -15 0
-14 -16 0
-15 -16 0
11 12 13 14 15 16 0
-17 -18 0
-17 -19 0
-17 -20 0
-17 -21 0
-17 -22 0
-17 -23 0
-17 -24 0
-17 -25 0
-18 -19 0
-18 -20 0
-18 -21 0
-18 -22 0
-18 -23 0
-18 -24 0
-18 -25 0
-19 -20 0
-19 -21 0
-19 -22 0
-19 -23 0
-19 -24 0
-19 -25 0
-20 -21 0
-20 -22 0
-20 -23 0
-20 -24 0
-20 -25 0
-21 -22 0
-21 -23 0
-21 -24 0
-21 -25 0
-22 -23 0
-22 -24 0
-22 -25 0
-23 -24 0
-23 -25 0
-24 -25 0
17 18 19 20 21 22 23 24 25 0
-26 -27 0
-26 -28 0
-26 -29 0
-26 -30 0
-26 -31 0
-27 -28 0
-27 -29 0
-27 -30 0
-27 -31 0
-28 -29 0
-28 -30 0
-28 -31 0
-29 -30 0
-29 -31 0
-30 -31 0
26 27 28 29 30 31 0
-32 -33 0
-32 -34 0
-32 -35 0
-32 -36 0
-33 -34 0
-33 -35 0
-33 -36 0
-34 -35 0
-34 -36 0
-35 -36 0
32 33 34 35 36 0
-37 -38 0
-37 -39 0
-37 -40 0
-37 -41 0
-38 -39 0
-38 -40 0
-38 -41 0
-39 -40 0
-39 -41 0
-40 -41 0
37 38 39 40 41 0
-32 -42 0
-32 -43 0
-32 -44 0
-32 -45 0
-32 -46 0
-32 -47 0
-32 -48 0
-32 -49 0
-42 -43 0
-42 -44 0
-42 -45 0
-42 -46 0
-42 -47 0
-42 -48 0
-42 -49 0
-43 -44 0
-43 -45 0
-43 -46 0
-43 -47 0
-43 -48 0
-43 -49 0
-44 -45 0
-44 -46 0
-44 -47 0
-44 -48 0
-44 -49 0
-45 -46 0
-45 -47 0
-45 -48 0
-45 -49 0
-46 -47 0
-46 -48 0
-46 -49 0
-47 -48 0
-47 -49 0
-48 -49 0
32 42 43 44 45 46 47 48 49 0
-50 -51 0
-50 -52 0
-50 -53 0
-50 -54 0
-50 -55 0
-50 -56 0
-51 -52 0
-51 -53 0
-51 -54 0
-51 -55 0
-51 -56 0
-52 -53 0
-52 -54 0
-52 -55 0
-52 -56 0
-53 -54 0
-53 -55 0
-53 -56 0
-54 -55 0
-54 -56 0
-55 -56 0
50 51 52 53 54 55 56 0
-11 -26 0
-11 -42 0
-11 -50 0
-11 -57 0
-11 -58 0
-11 -59 0
-11 -60 0
-11 -61 0
-26 -42 0
-26 -50 0
-26 -57 0
-26 -58 0
-26 -59 0
-26 -60 0
-26 -61 0
-42 -50 0
-42 -57 0
-42 -58 0
-42 -59 0
-42 -60 0
-42 -61 0
-50 -57 0
-50 -58 0
-50 -59 0
-50 -60 0
-50 -61 0
-57 -58 0
-57 -59 0
-57 -60 0
-57 -61 0
-58 -59 0
-58 -60 0
-58 -61 0
-59 -60 0
-59 -61 0
-60 -61 0
11 26 42 50 57 58 59 60 61 0
-1 -17 0
-1 -27 0
-1 -37 0
-1 -57 0
-1 -62 0
-1 -63 0
-1 -64 0
-1 -65 0
-1 -66 0
-1 -67 0
-1 -68 0
-1 -69 0
-17 -27 0
-17 -37 0
-17 -57 0
-17 -62 0
-17 -63 0
-17 -64 0
-17 -65 0
-17 -66 0
-17 -67 0
-17 -68 0
-17 -69 0
-27 -37 0
-27 -57 0
-27 -62 0
-27 -63 0
-27 -64 0
-27 -65 0
-27 -66 0
-27 -67 0
-27 -68 0
-27 -69 0
-37 -57 0
-37 -62 0
-37 -63 0
-37 -64 0
-37 -65 0
-37 -66 0
-37 -67 0
-37 -68 0
-37 -69 0
-57 -62 0
-57 -63 0
-57 -64 0
-57 -65 0
-57 -66 0
-57 -67 0
-57 -68 0
-57 -69 0
-62 -63 0
-62 -64 0
-62 -65 0
-62 -66 0
-62 -67 0
-62 -68 0
-62 -69 0
-63 -64 0
-63 -65 0
-63 -66 0
-63 -67 0
-63 -68 0
-63 -69 0
-64 -65 0
-64 -66 0
-64 -67 0
-64 -68 0
-64 -69 0
-65 -66 0
-65 -67 0
-65 -68 0
-65 -69 0
-66 -67 0
-66 -68 0
-66 -69 0
-67 -68 0
-67 -69 0
-68 -69 0
1 17 27 37 57 62 63 64 65 66 67 68 69 0
-18 -43 0
-18 -62 0
-18 -70 0
-18 -71 0
-18 -72 0
-18 -73 0
-18 -74 0
-43 -62 0
-43 -70 0
-43 -71 0
-43 -72 0
-43 -73 0
-43 -74 0
-62 -70 0
-62 -71 0
-62 -72 0
-62 -73 0
-62 -74 0
-70 -71 0
-70 -72 0
-70 -73 0
-70 -74 0
-71 -72 0
-71 -73 0
-71 -74 0
-72 -73 0
-72 -74 0
-73 -74 0
18 43 62 70 71 72 73 74 0
-51 -75 0
-51 -76 0
-51 -77 0
-51 -78 0
-75 -76 0
-75 -77 0
-75 -78 0
-76 -77 0
-76 -78 0
-77 -78 0
51 75 76 77 78 0
-75 -79 0
-75 -80 0
-75 -81 0
-75 -82 0
-75 -83 0
-75 -84 0
-79 -80 0
-79 -81 0
-79 -82 0
-79 -83 0
-79 -84 0
-80 -81 0
-80 -82 0
-80 -83 0
-80 -84 0
-81 -82 0
-81 -83 0
-81 -84 0
-82 -83 0
-82 -84 0
-83 -84 0
75 79 80 81 82 83 84 0
-2 -44 0
-2 -85 0
-2 -86 0
-2 -87 0
-2 -88 0
-44 -85 0
-44 -86 0
-44 -87 0
-44 -88 0
-85 -86 0
-85 -87 0
-85 -88 0
-86 -87 0
-86 -88 0
-87 -88 0
2 44 85 86 87 88 0
-19 -45 0
-19 -52 0
-19 -76 0
-19 -79 0
-19 -89 0
-19 -90 0
-19 -91 0
-19 -92 0
-19 -93 0
-19 -94 0
-45 -52 0
-45 -76 0
-45 -79 0
-45 -89 0
-45 -90 0
-45 -91 0
-45 -92 0
-45 -93 0
-45 -94 0
-52 -76 0
-52 -79 0
-52 -89 0
-52 -90 0
-52 -91 0
-52 -92 0
-52 -93 0
-52 -94 0
-76 -79 0
-76 -89 0
-76 -90 0
-76 -91 0
-76 -92 0
-76 -93 0
-76 -94 0
-79 -89 0
-79 -90 0
-79 -91 0
-79 -92 0
-79 -93 0
-79 -94 0
-89 -90 0
-89 -91 0
-89 -92 0
-89 -93 0
-89 -94 0
-90 -91 0
-90 -92 0
-90 -93 0
-90 -94 0
-91 -92 0
-91 -93 0
-91 -94 0
-92 -93 0
-92 -94 0
-93 -94 0
19 45 52 76 79 89 90 91 92 93 94 0
-3 -38 0
-3 -53 0
-3 -70 0
-3 -85 0
-3 -89 0
-3 -95 0
-3 -96 0
-3 -97 0
-3 -98 0
-3 -99 0
-3 -100 0
-38 -53 0
-38 -70 0
-38 -85 0
-38 -89 0
-38 -95 0
-38 -96 0
-38 -97 0
-38 -98 0
-38 -99 0
-38 -100 0
-53 -70 0
-53 -85 0
-53 -89 0
-53 -95 0
-53 -96 0
-53 -97 0
-53 -98 0
-53 -99 0
-53 -100 0
-70 -85 0
-70 -89 0
-70 -95 0
-70 -96 0
-70 -97 0
-70 -98 0
-70 -99 0
-70 -100 0
-85 -89 0
-85 -95 0
-85 -96 0
-85 -97 0
-85 -98 0
-85 -99 0
-85 -100 0
-89 -95 0
-89 -96 0
-89 -97 0
-89 -98 0
-89 -99 0
-89 -100 0
-95 -96 0
-95 -97 0
-95 -98 0
-95 -99 0
-95 -100 0
-96 -97 0
-96 -98 0
-96 -99 0
-96 -100 0
-97 -98 0
-97 -99 0
-97 -100 0
-98 -99 0
-98 -100 0
-99 -100 0
3 38 53 70 85 89 95 96 97 98 99 100 0
-28 -63 0
-28 -90 0
-28 -101 0
-28 -102 0
-28 -103 0
-63 -90 0
-63 -101 0
-63 -102 0
-63 -103 0
-90 -101 0
-90 -102 0
-90 -103 0
-101 -102 0
-101 -103 0
-102 -103 0
28 63 90 101 102 103 0
-33 -77 0
-33 -80 0
-33 -104 0
-77 -80 0
-77 -104 0
-80 -104 0
33 77 80 104 0
-91 -95 0
-91 -101 0
-91 -105 0
-91 -106 0
-91 -107 0
-95 -101 0
-95 -105 0
-95 -106 0
-95 -107 0
-101 -105 0
-101 -106 0
-101 -107 0
-105 -106 0
-105 -107 0
-106 -107 0
91 95 101 105 106 107 0
-12 -58 0
-12 -64 0
-12 -71 0
-12 -86 0
-12 -92 0
-12 -108 0
-12 -109 0
-12 -110 0
-58 -64 0
-58 -71 0
-58 -86 0
-58 -92 0
-58 -108 0
-58 -109 0
-58 -110 0
-64 -71 0
-64 -86 0
-64 -92 0
-64 -108 0
-64 -109 0
-64 -110 0
-71 -86 0
-71 -92 0
-71 -108 0
-71 -109 0
-71 -110 0
-86 -92 0
-86 -108 0
-86 -109 0
-86 -110 0
-92 -108 0
-92 -109 0
-92 -110 0
-108 -109 0
-108 -110 0
-109 -110 0
12 58 64 71 86 92 108 109 110 0
-4 -20 0
-4 -108 0
-4 -111 0
-4 -112 0
-4 -113 0
-20 -108 0
-20 -111 0
-20 -112 0
-20 -113 0
-108 -111 0
-108 -112 0
-108 -113 0
-111 -112 0
-111 -113 0
-112 -113 0
4 20 108 111 112 113 0
-5 -29 0
-5 -34 0
-5 -39 0
-5 -78 0
-5 -93 0
-5 -111 0
-5 -114 0
-5 -115 0
-5 -116 0
-29 -34 0
-29 -39 0
-29 -78 0
-29 -93 0
-29 -111 0
-29 -114 0
-29 -115 0
-29 -116 0
-34 -39 0
-34 -78 0
-34 -93 0
-34 -111 0
-34 -114 0
-34 -115 0
-34 -116 0
-39 -78 0
-39 -93 0
-39 -111 0
-39 -114 0
-39 -115 0
-39 -116 0
-78 -93 0
-78 -111 0
-78 -114 0
-78 -115 0
-78 -116 0
-93 -111 0
-93 -114 0
-93 -115 0
-93 -116 0
-111 -114 0
-111 -115 0
-111 -116 0
-114 -115 0
-114 -116 0
-115 -116 0
5 29 34 39 78 93 111 114 115 116 0
-6 -21 0
-6 -46 0
-6 -94 0
-6 -112 0
-21 -46 0
-21 -94 0
-21 -112 0
-46 -94 0
-46 -112 0
-94 -112 0
6 21 46 94 112 0
-22 -40 0
-22 -47 0
-22 -65 0
-22 -72 0
-22 -81 0
-22 -96 0
-22 -102 0
-22 -113 0
-22 -117 0
-22 -118 0
-22 -119 0
-40 -47 0
-40 -65 0
-40 -72 0
-40 -81 0
-40 -96 0
-40 -102 0
-40 -113 0
-40 -117 0
-40 -118 0
-40 -119 0
-47 -65 0
-47 -72 0
-47 -81 0
-47 -96 0
-47 -102 0
-47 -113 0
-47 -117 0
-47 -118 0
-47 -119 0
-65 -72 0
-65 -81 0
-65 -96 0
-65 -102 0
-65 -113 0
-65 -117 0
-65 -118 0
-65 -119 0
-72 -81 0
-72 -96 0
-72 -102 0
-72 -113 0
-72 -117 0
-72 -118 0
-72 -119 0
-81 -96 0
-81 -102 0
-81 -113 0
-81 -117 0
-81 -118 0
-81 -119 0
-96 -102 0
-96 -113 0
-96 -117 0
-96 -118 0
-96 -119 0
-102 -113 0
-102 -117 0
-102 -118 0
-102 -119 0
-113 -117 0
-113 -118 0
-113 -119 0
-117 -118 0
-117 -119 0
-118 -119 0
22 40 47 65 72 81 96 102 113 117 118 119 0
-7 -30 0
-7 -48 0
-7 -59 0
-7 -97 0
-7 -105 0
-7 -114 0
-7 -120 0
-7 -121 0
-30 -48 0
-30 -59 0
-30 -97 0
-30 -105 0
-30 -114 0
-30 -120 0
-30 -121 0
-48 -59 0
-48 -97 0
-48 -105 0
-48 -114 0
-48 -120 0
-48 -121 0
-59 -97 0
-59 -105 0
-59 -114 0
-59 -120 0
-59 -121 0
-97 -105 0
-97 -114 0
-97 -120 0
-97 -121 0
-105 -114 0
-105 -120 0
-105 -121 0
-114 -120 0
-114 -121 0
-120 -121 0
7 30 48 59 97 105 114 120 121 0
-8 -13 0
-8 -49 0
-8 -98 0
-8 -122 0
-8 -123 0
-8 -124 0
-13 -49 0
-13 -98 0
-13 -122 0
-13 -123 0
-13 -124 0
-49 -98 0
-49 -122 0
-49 -123 0
-49 -124 0
-98 -122 0
-98 -123 0
-98 -124 0
-122 -123 0
-122 -124 0
-123 -124 0
8 13 49 98 122 123 124 0
-14 -54 0
-14 -66 0
-14 -82 0
-14 -87 0
-14 -125 0
-54 -66 0
-54 -82 0
-54 -87 0
-54 -125 0
-66 -82 0
-66 -87 0
-66 -125 0
-82 -87 0
-82 -125 0
-87 -125 0
14 54 66 82 87 125 0
-9 -23 0
-9 -55 0
-9 -122 0
-23 -55 0
-23 -122 0
-55 -122 0
9 23 55 122 0
-41 -73 0
-41 -83 0
-41 -88 0
-73 -83 0
-73 -88 0
-83 -88 0
41 73 83 88 0
-15 -56 0
-15 -60 0
-15 -109 0
-15 -120 0
-15 -126 0
-56 -60 0
-56 -109 0
-56 -120 0
-56 -126 0
-60 -109 0
-60 -120 0
-60 -126 0
-109 -120 0
-109 -126 0
-120 -126 0
15 56 60 109 120 126 0
-84 -103 0
-84 -126 0
-103 -126 0
84 103 126 0
-24 -35 0
-24 -104 0
-24 -110 0
-24 -115 0
-24 -117 0
-24 -123 0
-24 -125 0
-35 -104 0
-35 -110 0
-35 -115 0
-35 -117 0
-35 -123 0
-35 -125 0
-104 -110 0
-104 -115 0
-104 -117 0
-104 -123 0
-104 -125 0
-110 -115 0
-110 -117 0
-110 -123 0
-110 -125 0
-115 -117 0
-115 -123 0
-115 -125 0
-117 -123 0
-117 -125 0
-123 -125 0
24 35 104 110 115 117 123 125 0
-10 -25 0
-10 -61 0
-10 -74 0
-10 -116 0
-10 -121 0
-25 -61 0
-25 -74 0
-25 -116 0
-25 -121 0
-61 -74 0
-61 -116 0
-61 -121 0
-74 -116 0
-74 -121 0
-116 -121 0
10 25 61 74 116 121 0
-31 -67 0
-31 -99 0
-31 -106 0
-31 -118 0
-67 -99 0
-67 -106 0
-67 -118 0
-99 -106 0
-99 -118 0
-106 -118 0
31 67 99 106 118 0
-36 -68 0
-36 -100 0
-36 -107 0
-68 -100 0
-68 -107 0
-100 -107 0
36 68 100 107 0
-16 -69 0
-16 -119 0
-16 -124 0
-69 -119 0
-69 -124 0
-119 -124 0
16 69 119 124 0
