p cnf 42 974
-1 -2 -3 -4 0
-1 -2 -3 0
-1 -2 -3 0
-1 -2 -4 0
-1 -2 -4 0
-1 -2 0
-1 -3 -4 0
-1 -3 -4 0
-1 -3 0
-1 -4 0
-2 -3 -4 0
-2 -3 -4 0
-2 -3 0
-2 -4 0
-3 -4 0
1 2 3 4 0
-5 -6 -7 0
-5 -6 -8 0
-5 -7 -8 0
-5 -6 -7 -8 0
-6 -7 -8 0
5 6 7 0
5 6 8 0
5 7 8 0
6 7 8 0
5 6 7 8 0
-9 -10 -11 0
-9 -10 -12 0
-9 -10 -13 0
-9 -11 -12 0
-9 -11 -13 0
-9 -12 -13 0
-9 -10 -11 -12 0
-9 -10 -11 -13 0
-9 -10 -12 -13 0
-9 -11 -12 -13 0
-10 -11 -12 0
-10 -11 -13 0
-10 -12 -13 0
-11 -12 -13 0
-10 -11 -12 -13 0
9 10 11 12 0
9 10 11 13 0
9 10 12 13 0
9 11 12 13 0
10 11 12 13 0
-14 -15 -16 -17 0
-14 -15 -16 -18 0
-14 -15 -16 -19 0
-14 -15 -17 -18 0
-14 -15 -17 -19 0
-14 -15 -18 -19 0
-14 -16 -17 -18 0
-14 -16 -17 -19 0
-14 -16 -18 -19 0
-14 -17 -18 -19 0
-15 -16 -17 -18 0
-15 -16 -17 -19 0
-15 -16 -18 -19 0
-15 -17 -18 -19 0
-16 -17 -18 -19 0
14 15 16 17 0
14 15 16 18 0
14 15 16 19 0
14 15 17 18 0
14 15 17 19 0
14 15 18 19 0
14 16 17 18 0
14 16 17 19 0
14 16 18 19 0
14 17 18 19 0
15 16 17 18 0
15 16 17 19 0
15 16 18 19 0
15 17 18 19 0
16 17 18 19 0
-20 -21 -22 -23 0
-20 -21 -22 -24 0
-20 -21 -22 0
-20 -21 -23 -24 0
-20 -21 -23 0
-20 -21 -24 0
-20 -22 -23 -24 0
-20 -22 -23 0
-20 -22 -24 0
-20 -23 -24 0
-21 -22 -23 -24 0
-21 -22 -23 0
-21 -22 -24 0
-21 -23 -24 0
-22 -23 -24 0
20 21 22 23 0
20 21 22 24 0
20 21 23 24 0
20 22 23 24 0
21 22 23 24 0
-25 -26 0
-25 -26 -27 0
-25 -27 0
-26 -27 0
-25 -26 -27 0
25 26 27 0
-28 -29 -30 -31 0
-28 -29 -30 -32 0
-28 -29 -31 -32 0
-28 -30 -31 -32 0
-29 -30 -31 -32 0
28 29 30 31 0
28 29 30 32 0
28 29 30 0
28 29 31 32 0
28 29 31 0
28 29 32 0
28 30 31 32 0
28 30 31 0
28 30 32 0
28 31 32 0
29 30 31 32 0
29 30 31 0
29 30 32 0
29 31 32 0
30 31 32 0
-33 -34 -35 -36 0
-33 -34 -35 -37 0
-33 -34 -36 -37 0
-33 -35 -36 -37 0
-34 -35 -36 -37 0
33 34 35 0
33 34 36 0
33 34 37 0
33 35 36 0
33 35 37 0
33 36 37 0
33 34 35 36 0
33 34 35 37 0
33 34 36 37 0
33 35 36 37 0
34 35 36 0
34 35 37 0
34 36 37 0
35 36 37 0
34 35 36 37 0
-38 -39 -40 -41 0
-38 -39 -40 -42 0
-38 -39 -41 -42 0
-38 -40 -41 -42 0
-39 -40 -41 -42 0
38 39 40 41 0
38 39 40 0
38 39 40 42 0
38 39 41 0
38 39 41 42 0
38 39 42 0
38 40 41 0
38 40 41 42 0
38 40 42 0
38 41 42 0
39 40 41 0
39 40 41 42 0
39 40 42 0
39 41 42 0
40 41 42 0
-1 -9 -14 -20 -28 0
-1 -9 -14 -20 -33 0
-1 -9 -14 -20 -38 0
-1 -9 -14 -20 -28 -33 0
-1 -9 -14 -20 -28 -38 0
-1 -9 -14 -20 -33 -38 0
-1 -9 -14 -28 -33 0
-1 -9 -14 -28 -38 0
-1 -9 -14 -33 -38 0
-1 -9 -14 -28 -33 -38 0
-1 -9 -20 -28 -33 0
-1 -9 -20 -28 -38 0
-1 -9 -20 -33 -38 0
-1 -9 -20 -28 -33 -38 0
-1 -9 -28 -33 -38 0
-1 -14 -20 -28 -33 0
-1 -14 -20 -28 -38 0
-1 -14 -20 -33 -38 0
-1 -14 -20 -28 -33 -38 0
-1 -14 -28 -33 -38 0
-1 -20 -28 -33 -38 0
-9 -14 -20 -28 -33 0
-9 -14 -20 -28 -38 0
-9 -14 -20 -33 -38 0
-9 -14 -20 -28 -33 -38 0
-9 -14 -28 -33 -38 0
-9 -20 -28 -33 -38 0
-14 -20 -28 -33 -38 0
1 9 14 20 0
1 9 14 28 0
1 9 14 33 0
1 9 14 38 0
1 9 20 28 0
1 9 20 33 0
1 9 20 38 0
1 9 28 33 0
1 9 28 38 0
1 9 33 38 0
1 14 20 28 0
1 14 20 33 0
1 14 20 38 0
1 14 28 33 0
1 14 28 38 0
1 14 33 38 0
1 20 28 33 0
1 20 28 38 0
1 20 33 38 0
1 28 33 38 0
1 9 14 20 28 0
1 9 14 20 33 0
1 9 14 20 38 0
1 9 14 28 33 0
1 9 14 28 38 0
1 9 14 33 38 0
1 9 20 28 33 0
1 9 20 28 38 0
1 9 20 33 38 0
1 9 28 33 38 0
1 14 20 28 33 0
1 14 20 28 38 0
1 14 20 33 38 0
1 14 28 33 38 0
1 20 28 33 38 0
1 9 14 20 28 0
1 9 14 20 33 0
1 9 14 20 38 0
1 9 14 28 33 0
1 9 14 28 38 0
1 9 14 33 38 0
1 9 20 28 33 0
1 9 20 28 38 0
1 9 20 33 38 0
1 9 28 33 38 0
1 14 20 28 33 0
1 14 20 28 38 0
1 14 20 33 38 0
1 14 28 33 38 0
1 20 28 33 38 0
1 9 14 20 28 33 0
1 9 14 20 28 38 0
1 9 14 20 33 38 0
1 9 14 28 33 38 0
1 9 20 28 33 38 0
1 14 20 28 33 38 0
9 14 20 28 0
9 14 20 33 0
9 14 20 38 0
9 14 28 33 0
9 14 28 38 0
9 14 33 38 0
9 20 28 33 0
9 20 28 38 0
9 20 33 38 0
9 28 33 38 0
14 20 28 33 0
14 20 28 38 0
14 20 33 38 0
14 28 33 38 0
20 28 33 38 0
9 14 20 28 33 0
9 14 20 28 38 0
9 14 20 33 38 0
9 14 28 33 38 0
9 20 28 33 38 0
14 20 28 33 38 0
9 14 20 28 33 0
9 14 20 28 38 0
9 14 20 33 38 0
9 14 28 33 38 0
9 20 28 33 38 0
14 20 28 33 38 0
9 14 20 28 33 38 0
-2 -5 -15 -21 -25 0
-2 -5 -15 -21 -29 0
-2 -5 -15 -21 -39 0
-2 -5 -15 -25 -29 0
-2 -5 -15 -25 -39 0
-2 -5 -15 -29 -39 0
-2 -5 -21 -25 -29 0
-2 -5 -21 -25 -39 0
-2 -5 -21 -29 -39 0
-2 -5 -25 -29 -39 0
-2 -5 -15 -21 -25 -29 0
-2 -5 -15 -21 -25 -39 0
-2 -5 -15 -21 -29 -39 0
-2 -5 -15 -25 -29 -39 0
-2 -5 -21 -25 -29 -39 0
-2 -15 -21 -25 -29 0
-2 -15 -21 -25 -39 0
-2 -15 -21 -29 -39 0
-2 -15 -25 -29 -39 0
-2 -21 -25 -29 -39 0
-2 -15 -21 -25 -29 -39 0
-5 -15 -21 -25 -29 0
-5 -15 -21 -25 -39 0
-5 -15 -21 -29 -39 0
-5 -15 -25 -29 -39 0
-5 -21 -25 -29 -39 0
-5 -15 -21 -25 -29 -39 0
-15 -21 -25 -29 -39 0
2 5 15 21 25 0
2 5 15 21 29 0
2 5 15 21 0
2 5 15 21 39 0
2 5 15 25 29 0
2 5 15 25 0
2 5 15 25 39 0
2 5 15 29 0
2 5 15 29 39 0
2 5 15 39 0
2 5 21 25 29 0
2 5 21 25 0
2 5 21 25 39 0
2 5 21 29 0
2 5 21 29 39 0
2 5 21 39 0
2 5 25 29 0
2 5 25 29 39 0
2 5 25 39 0
2 5 29 39 0
2 15 21 25 29 0
2 15 21 25 0
2 15 21 25 39 0
2 15 21 29 0
2 15 21 29 39 0
2 15 21 39 0
2 15 25 29 0
2 15 25 29 39 0
2 15 25 39 0
2 15 29 39 0
2 21 25 29 0
2 21 25 29 39 0
2 21 25 39 0
2 21 29 39 0
2 25 29 39 0
2 5 15 21 25 29 0
2 5 15 21 25 0
2 5 15 21 25 39 0
2 5 15 21 29 0
2 5 15 21 29 39 0
2 5 15 21 39 0
2 5 15 25 29 0
2 5 15 25 29 39 0
2 5 15 25 39 0
2 5 15 29 39 0
2 5 21 25 29 0
2 5 21 25 29 39 0
2 5 21 25 39 0
2 5 21 29 39 0
2 5 25 29 39 0
2 15 21 25 29 0
2 15 21 25 29 39 0
2 15 21 25 39 0
2 15 21 29 39 0
2 15 25 29 39 0
2 21 25 29 39 0
5 15 21 25 29 0
5 15 21 25 0
5 15 21 25 39 0
5 15 21 29 0
5 15 21 29 39 0
5 15 21 39 0
5 15 25 29 0
5 15 25 29 39 0
5 15 25 39 0
5 15 29 39 0
5 21 25 29 0
5 21 25 29 39 0
5 21 25 39 0
5 21 29 39 0
5 25 29 39 0
15 21 25 29 0
15 21 25 29 39 0
15 21 25 39 0
15 21 29 39 0
15 25 29 39 0
21 25 29 39 0
5 15 21 25 29 0
5 15 21 25 29 39 0
5 15 21 25 39 0
5 15 21 29 39 0
5 15 25 29 39 0
5 21 25 29 39 0
15 21 25 29 39 0
-3 -10 -16 -22 0
-3 -10 -16 -30 0
-3 -10 -16 -34 0
-3 -10 -16 -40 0
-3 -10 -22 -30 0
-3 -10 -22 -34 0
-3 -10 -22 -40 0
-3 -10 -30 -34 0
-3 -10 -30 -40 0
-3 -10 -34 -40 0
-3 -16 -22 -30 0
-3 -16 -22 -34 0
-3 -16 -22 -40 0
-3 -16 -30 -34 0
-3 -16 -30 -40 0
-3 -16 -34 -40 0
-3 -22 -30 -34 0
-3 -22 -30 -40 0
-3 -22 -34 -40 0
-3 -30 -34 -40 0
-3 -10 -16 -22 -30 0
-3 -10 -16 -22 -34 0
-3 -10 -16 -22 -40 0
-3 -10 -16 -30 -34 0
-3 -10 -16 -30 -40 0
-3 -10 -16 -34 -40 0
-3 -10 -22 -30 -34 0
-3 -10 -22 -30 -40 0
-3 -10 -22 -34 -40 0
-3 -10 -30 -34 -40 0
-3 -16 -22 -30 -34 0
-3 -16 -22 -30 -40 0
-3 -16 -22 -34 -40 0
-3 -16 -30 -34 -40 0
-3 -22 -30 -34 -40 0
-3 -10 -16 -22 -30 0
-3 -10 -16 -22 -34 0
-3 -10 -16 -22 -40 0
-3 -10 -16 -30 -34 0
-3 -10 -16 -30 -40 0
-3 -10 -16 -34 -40 0
-3 -10 -22 -30 -34 0
-3 -10 -22 -30 -40 0
-3 -10 -22 -34 -40 0
-3 -10 -30 -34 -40 0
-3 -16 -22 -30 -34 0
-3 -16 -22 -30 -40 0
-3 -16 -22 -34 -40 0
-3 -16 -30 -34 -40 0
-3 -22 -30 -34 -40 0
-3 -10 -16 -22 -30 -34 0
-3 -10 -16 -22 -30 -40 0
-3 -10 -16 -22 -34 -40 0
-3 -10 -16 -30 -34 -40 0
-3 -10 -22 -30 -34 -40 0
-3 -16 -22 -30 -34 -40 0
-10 -16 -22 -30 0
-10 -16 -22 -34 0
-10 -16 -22 -40 0
-10 -16 -30 -34 0
-10 -16 -30 -40 0
-10 -16 -34 -40 0
-10 -22 -30 -34 0
-10 -22 -30 -40 0
-10 -22 -34 -40 0
-10 -30 -34 -40 0
-16 -22 -30 -34 0
-16 -22 -30 -40 0
-16 -22 -34 -40 0
-16 -30 -34 -40 0
-22 -30 -34 -40 0
-10 -16 -22 -30 -34 0
-10 -16 -22 -30 -40 0
-10 -16 -22 -34 -40 0
-10 -16 -30 -34 -40 0
-10 -22 -30 -34 -40 0
-16 -22 -30 -34 -40 0
-10 -16 -22 -30 -34 0
-10 -16 -22 -30 -40 0
-10 -16 -22 -34 -40 0
-10 -16 -30 -34 -40 0
-10 -22 -30 -34 -40 0
-16 -22 -30 -34 -40 0
-10 -16 -22 -30 -34 -40 0
3 10 16 22 30 0
3 10 16 22 34 0
3 10 16 22 40 0
3 10 16 22 30 34 0
3 10 16 22 30 40 0
3 10 16 22 34 40 0
3 10 16 30 34 0
3 10 16 30 40 0
3 10 16 34 40 0
3 10 16 30 34 40 0
3 10 22 30 34 0
3 10 22 30 40 0
3 10 22 34 40 0
3 10 22 30 34 40 0
3 10 30 34 40 0
3 16 22 30 34 0
3 16 22 30 40 0
3 16 22 34 40 0
3 16 22 30 34 40 0
3 16 30 34 40 0
3 22 30 34 40 0
10 16 22 30 34 0
10 16 22 30 40 0
10 16 22 34 40 0
10 16 22 30 34 40 0
10 16 30 34 40 0
10 22 30 34 40 0
16 22 30 34 40 0
-4 -6 -11 -17 -23 -26 0
-4 -6 -11 -17 -23 -31 0
-4 -6 -11 -17 -23 -35 0
-4 -6 -11 -17 -23 -41 0
-4 -6 -11 -17 -26 -31 0
-4 -6 -11 -17 -26 -35 0
-4 -6 -11 -17 -26 -41 0
-4 -6 -11 -17 -31 -35 0
-4 -6 -11 -17 -31 -41 0
-4 -6 -11 -17 -35 -41 0
-4 -6 -11 -23 -26 -31 0
-4 -6 -11 -23 -26 -35 0
-4 -6 -11 -23 -26 -41 0
-4 -6 -11 -23 -31 -35 0
-4 -6 -11 -23 -31 -41 0
-4 -6 -11 -23 -35 -41 0
-4 -6 -11 -26 -31 -35 0
-4 -6 -11 -26 -31 -41 0
-4 -6 -11 -26 -35 -41 0
-4 -6 -11 -31 -35 -41 0
-4 -6 -17 -23 -26 -31 0
-4 -6 -17 -23 -26 -35 0
-4 -6 -17 -23 -26 -41 0
-4 -6 -17 -23 -31 -35 0
-4 -6 -17 -23 -31 -41 0
-4 -6 -17 -23 -35 -41 0
-4 -6 -17 -26 -31 -35 0
-4 -6 -17 -26 -31 -41 0
-4 -6 -17 -26 -35 -41 0
-4 -6 -17 -31 -35 -41 0
-4 -6 -23 -26 -31 -35 0
-4 -6 -23 -26 -31 -41 0
-4 -6 -23 -26 -35 -41 0
-4 -6 -23 -31 -35 -41 0
-4 -6 -26 -31 -35 -41 0
-4 -11 -17 -23 -26 -31 0
-4 -11 -17 -23 -26 -35 0
-4 -11 -17 -23 -26 -41 0
-4 -11 -17 -23 -31 -35 0
-4 -11 -17 -23 -31 -41 0
-4 -11 -17 -23 -35 -41 0
-4 -11 -17 -26 -31 -35 0
-4 -11 -17 -26 -31 -41 0
-4 -11 -17 -26 -35 -41 0
-4 -11 -17 -31 -35 -41 0
-4 -11 -23 -26 -31 -35 0
-4 -11 -23 -26 -31 -41 0
-4 -11 -23 -26 -35 -41 0
-4 -11 -23 -31 -35 -41 0
-4 -11 -26 -31 -35 -41 0
-4 -17 -23 -26 -31 -35 0
-4 -17 -23 -26 -31 -41 0
-4 -17 -23 -26 -35 -41 0
-4 -17 -23 -31 -35 -41 0
-4 -17 -26 -31 -35 -41 0
-4 -23 -26 -31 -35 -41 0
-6 -11 -17 -23 -26 -31 0
-6 -11 -17 -23 -26 -35 0
-6 -11 -17 -23 -26 -41 0
-6 -11 -17 -23 -31 -35 0
-6 -11 -17 -23 -31 -41 0
-6 -11 -17 -23 -35 -41 0
-6 -11 -17 -26 -31 -35 0
-6 -11 -17 -26 -31 -41 0
-6 -11 -17 -26 -35 -41 0
-6 -11 -17 -31 -35 -41 0
-6 -11 -23 -26 -31 -35 0
-6 -11 -23 -26 -31 -41 0
-6 -11 -23 -26 -35 -41 0
-6 -11 -23 -31 -35 -41 0
-6 -11 -26 -31 -35 -41 0
-6 -17 -23 -26 -31 -35 0
-6 -17 -23 -26 -31 -41 0
-6 -17 -23 -26 -35 -41 0
-6 -17 -23 -31 -35 -41 0
-6 -17 -26 -31 -35 -41 0
-6 -23 -26 -31 -35 -41 0
-11 -17 -23 -26 -31 -35 0
-11 -17 -23 -26 -31 -41 0
-11 -17 -23 -26 -35 -41 0
-11 -17 -23 -31 -35 -41 0
-11 -17 -26 -31 -35 -41 0
-11 -23 -26 -31 -35 -41 0
-17 -23 -26 -31 -35 -41 0
4 6 11 17 23 0
4 6 11 17 26 0
4 6 11 17 31 0
4 6 11 17 35 0
4 6 11 17 41 0
4 6 11 23 26 0
4 6 11 23 31 0
4 6 11 23 35 0
4 6 11 23 41 0
4 6 11 26 31 0
4 6 11 26 35 0
4 6 11 26 41 0
4 6 11 31 35 0
4 6 11 31 41 0
4 6 11 35 41 0
4 6 17 23 26 0
4 6 17 23 31 0
4 6 17 23 35 0
4 6 17 23 41 0
4 6 17 26 31 0
4 6 17 26 35 0
4 6 17 26 41 0
4 6 17 31 35 0
4 6 17 31 41 0
4 6 17 35 41 0
4 6 23 26 31 0
4 6 23 26 35 0
4 6 23 26 41 0
4 6 23 31 35 0
4 6 23 31 41 0
4 6 23 35 41 0
4 6 26 31 35 0
4 6 26 31 41 0
4 6 26 35 41 0
4 6 31 35 41 0
4 11 17 23 26 0
4 11 17 23 31 0
4 11 17 23 35 0
4 11 17 23 41 0
4 11 17 26 31 0
4 11 17 26 35 0
4 11 17 26 41 0
4 11 17 31 35 0
4 11 17 31 41 0
4 11 17 35 41 0
4 11 23 26 31 0
4 11 23 26 35 0
4 11 23 26 41 0
4 11 23 31 35 0
4 11 23 31 41 0
4 11 23 35 41 0
4 11 26 31 35 0
4 11 26 31 41 0
4 11 26 35 41 0
4 11 31 35 41 0
4 17 23 26 31 0
4 17 23 26 35 0
4 17 23 26 41 0
4 17 23 31 35 0
4 17 23 31 41 0
4 17 23 35 41 0
4 17 26 31 35 0
4 17 26 31 41 0
4 17 26 35 41 0
4 17 31 35 41 0
4 23 26 31 35 0
4 23 26 31 41 0
4 23 26 35 41 0
4 23 31 35 41 0
4 26 31 35 41 0
4 6 11 17 23 26 0
4 6 11 17 23 31 0
4 6 11 17 23 35 0
4 6 11 17 23 41 0
4 6 11 17 26 31 0
4 6 11 17 26 35 0
4 6 11 17 26 41 0
4 6 11 17 31 35 0
4 6 11 17 31 41 0
4 6 11 17 35 41 0
4 6 11 23 26 31 0
4 6 11 23 26 35 0
4 6 11 23 26 41 0
4 6 11 23 31 35 0
4 6 11 23 31 41 0
4 6 11 23 35 41 0
4 6 11 26 31 35 0
4 6 11 26 31 41 0
4 6 11 26 35 41 0
4 6 11 31 35 41 0
4 6 17 23 26 31 0
4 6 17 23 26 35 0
4 6 17 23 26 41 0
4 6 17 23 31 35 0
4 6 17 23 31 41 0
4 6 17 23 35 41 0
4 6 17 26 31 35 0
4 6 17 26 31 41 0
4 6 17 26 35 41 0
4 6 17 31 35 41 0
4 6 23 26 31 35 0
4 6 23 26 31 41 0
4 6 23 26 35 41 0
4 6 23 31 35 41 0
4 6 26 31 35 41 0
4 11 17 23 26 31 0
4 11 17 23 26 35 0
4 11 17 23 26 41 0
4 11 17 23 31 35 0
4 11 17 23 31 41 0
4 11 17 23 35 41 0
4 11 17 26 31 35 0
4 11 17 26 31 41 0
4 11 17 26 35 41 0
4 11 17 31 35 41 0
4 11 23 26 31 35 0
4 11 23 26 31 41 0
4 11 23 26 35 41 0
4 11 23 31 35 41 0
4 11 26 31 35 41 0
4 17 23 26 31 35 0
4 17 23 26 31 41 0
4 17 23 26 35 41 0
4 17 23 31 35 41 0
4 17 26 31 35 41 0
4 23 26 31 35 41 0
6 11 17 23 26 0
6 11 17 23 31 0
6 11 17 23 35 0
6 11 17 23 41 0
6 11 17 26 31 0
6 11 17 26 35 0
6 11 17 26 41 0
6 11 17 31 35 0
6 11 17 31 41 0
6 11 17 35 41 0
6 11 23 26 31 0
6 11 23 26 35 0
6 11 23 26 41 0
6 11 23 31 35 0
6 11 23 31 41 0
6 11 23 35 41 0
6 11 26 31 35 0
6 11 26 31 41 0
6 11 26 35 41 0
6 11 31 35 41 0
6 17 23 26 31 0
6 17 23 26 35 0
6 17 23 26 41 0
6 17 23 31 35 0
6 17 23 31 41 0
6 17 23 35 41 0
6 17 26 31 35 0
6 17 26 31 41 0
6 17 26 35 41 0
6 17 31 35 41 0
6 23 26 31 35 0
6 23 26 31 41 0
6 23 26 35 41 0
6 23 31 35 41 0
6 26 31 35 41 0
11 17 23 26 31 0
11 17 23 26 35 0
11 17 23 26 41 0
11 17 23 31 35 0
11 17 23 31 41 0
11 17 23 35 41 0
11 17 26 31 35 0
11 17 26 31 41 0
11 17 26 35 41 0
11 17 31 35 41 0
11 23 26 31 35 0
11 23 26 31 41 0
11 23 26 35 41 0
11 23 31 35 41 0
11 26 31 35 41 0
17 23 26 31 35 0
17 23 26 31 41 0
17 23 26 35 41 0
17 23 31 35 41 0
17 26 31 35 41 0
23 26 31 35 41 0
6 11 17 23 26 31 0
6 11 17 23 26 35 0
6 11 17 23 26 41 0
6 11 17 23 31 35 0
6 11 17 23 31 41 0
6 11 17 23 35 41 0
6 11 17 26 31 35 0
6 11 17 26 31 41 0
6 11 17 26 35 41 0
6 11 17 31 35 41 0
6 11 23 26 31 35 0
6 11 23 26 31 41 0
6 11 23 26 35 41 0
6 11 23 31 35 41 0
6 11 26 31 35 41 0
6 17 23 26 31 35 0
6 17 23 26 31 41 0
6 17 23 26 35 41 0
6 17 23 31 35 41 0
6 17 26 31 35 41 0
6 23 26 31 35 41 0
11 17 23 26 31 35 0
11 17 23 26 31 41 0
11 17 23 26 35 41 0
11 17 23 31 35 41 0
11 17 26 31 35 41 0
11 23 26 31 35 41 0
17 23 26 31 35 41 0
-7 -12 -18 -24 0
-7 -12 -18 0
-7 -12 -18 -32 0
-7 -12 -18 -36 0
-7 -12 -24 0
-7 -12 -24 -32 0
-7 -12 -24 -36 0
-7 -12 -32 0
-7 -12 -36 0
-7 -12 -32 -36 0
-7 -18 -24 0
-7 -18 -24 -32 0
-7 -18 -24 -36 0
-7 -18 -32 0
-7 -18 -36 0
-7 -18 -32 -36 0
-7 -24 -32 0
-7 -24 -36 0
-7 -24 -32 -36 0
-7 -32 -36 0
-12 -18 -24 0
-12 -18 -24 -32 0
-12 -18 -24 -36 0
-12 -18 -32 0
-12 -18 -36 0
-12 -18 -32 -36 0
-12 -24 -32 0
-12 -24 -36 0
-12 -24 -32 -36 0
-12 -32 -36 0
-18 -24 -32 0
-18 -24 -36 0
-18 -24 -32 -36 0
-18 -32 -36 0
-24 -32 -36 0
-7 -12 -18 -24 0
-7 -12 -18 -24 -32 0
-7 -12 -18 -24 -36 0
-7 -12 -18 -32 0
-7 -12 -18 -36 0
-7 -12 -18 -32 -36 0
-7 -12 -24 -32 0
-7 -12 -24 -36 0
-7 -12 -24 -32 -36 0
-7 -12 -32 -36 0
-7 -18 -24 -32 0
-7 -18 -24 -36 0
-7 -18 -24 -32 -36 0
-7 -18 -32 -36 0
-7 -24 -32 -36 0
-12 -18 -24 -32 0
-12 -18 -24 -36 0
-12 -18 -24 -32 -36 0
-12 -18 -32 -36 0
-12 -24 -32 -36 0
-18 -24 -32 -36 0
-7 -12 -18 -24 0
-7 -12 -18 -24 -32 0
-7 -12 -18 -24 -36 0
-7 -12 -18 -32 0
-7 -12 -18 -36 0
-7 -12 -18 -32 -36 0
-7 -12 -24 -32 0
-7 -12 -24 -36 0
-7 -12 -24 -32 -36 0
-7 -12 -32 -36 0
-7 -18 -24 -32 0
-7 -18 -24 -36 0
-7 -18 -24 -32 -36 0
-7 -18 -32 -36 0
-7 -24 -32 -36 0
-12 -18 -24 -32 0
-12 -18 -24 -36 0
-12 -18 -24 -32 -36 0
-12 -18 -32 -36 0
-12 -24 -32 -36 0
-18 -24 -32 -36 0
-7 -12 -18 -24 -32 0
-7 -12 -18 -24 -36 0
-7 -12 -18 -24 -32 -36 0
-7 -12 -18 -32 -36 0
-7 -12 -24 -32 -36 0
-7 -18 -24 -32 -36 0
-12 -18 -24 -32 -36 0
7 12 18 24 32 36 0
7 12 18 24 32 0
7 12 18 24 36 0
7 12 18 32 36 0
7 12 24 32 36 0
7 18 24 32 36 0
12 18 24 32 36 0
-8 -13 -19 0
-8 -13 -19 -27 0
-8 -13 -19 -37 0
-8 -13 -19 -42 0
-8 -13 -27 0
-8 -13 -37 0
-8 -13 -42 0
-8 -13 -27 -37 0
-8 -13 -27 -42 0
-8 -13 -37 -42 0
-8 -19 -27 0
-8 -19 -37 0
-8 -19 -42 0
-8 -19 -27 -37 0
-8 -19 -27 -42 0
-8 -19 -37 -42 0
-8 -27 -37 0
-8 -27 -42 0
-8 -37 -42 0
-8 -27 -37 -42 0
-13 -19 -27 0
-13 -19 -37 0
-13 -19 -42 0
-13 -19 -27 -37 0
-13 -19 -27 -42 0
-13 -19 -37 -42 0
-13 -27 -37 0
-13 -27 -42 0
-13 -37 -42 0
-13 -27 -37 -42 0
-19 -27 -37 0
-19 -27 -42 0
-19 -37 -42 0
-19 -27 -37 -42 0
-27 -37 -42 0
-8 -13 -19 -27 0
-8 -13 -19 -37 0
-8 -13 -19 -42 0
-8 -13 -19 -27 -37 0
-8 -13 -19 -27 -42 0
-8 -13 -19 -37 -42 0
-8 -13 -27 -37 0
-8 -13 -27 -42 0
-8 -13 -37 -42 0
-8 -13 -27 -37 -42 0
-8 -19 -27 -37 0
-8 -19 -27 -42 0
-8 -19 -37 -42 0
-8 -19 -27 -37 -42 0
-8 -27 -37 -42 0
-13 -19 -27 -37 0
-13 -19 -27 -42 0
-13 -19 -37 -42 0
-13 -19 -27 -37 -42 0
-13 -27 -37 -42 0
-19 -27 -37 -42 0
-8 -13 -19 -27 0
-8 -13 -19 -37 0
-8 -13 -19 -42 0
-8 -13 -19 -27 -37 0
-8 -13 -19 -27 -42 0
-8 -13 -19 -37 -42 0
-8 -13 -27 -37 0
-8 -13 -27 -42 0
-8 -13 -37 -42 0
-8 -13 -27 -37 -42 0
-8 -19 -27 -37 0
-8 -19 -27 -42 0
-8 -19 -37 -42 0
-8 -19 -27 -37 -42 0
-8 -27 -37 -42 0
-13 -19 -27 -37 0
-13 -19 -27 -42 0
-13 -19 -37 -42 0
-13 -19 -27 -37 -42 0
-13 -27 -37 -42 0
-19 -27 -37 -42 0
-8 -13 -19 -27 -37 0
-8 -13 -19 -27 -42 0
-8 -13 -19 -37 -42 0
-8 -13 -19 -27 -37 -42 0
-8 -13 -27 -37 -42 0
-8 -19 -27 -37 -42 0
-13 -19 -27 -37 -42 0
8 13 19 27 37 0
8 13 19 27 42 0
8 13 19 27 37 42 0
8 13 19 37 42 0
8 13 27 37 42 0
8 19 27 37 42 0
13 19 27 37 42 0
