p cnf 128 498
1 2 3 4 5 6 7 8 9 10 11 12 13 14 15 0
41 42 43 44 45 46 47 48 49 50 51 52 53 54 0
90 91 92 93 94 95 96 97 98 99 100 101 102 103 0
104 105 106 107 108 109 110 111 112 113 114 0
-1 -16 0
-1 -28 0
-1 -41 0
-1 -55 0
-1 -78 0
-1 -90 0
-1 -104 0
-1 -115 0
-16 -28 0
-16 -41 0
-16 -55 0
-16 -78 0
-16 -90 0
-16 -104 0
-16 -115 0
-28 -41 0
-28 -55 0
-28 -78 0
-28 -90 0
-28 -104 0
-28 -115 0
-41 -55 0
-41 -78 0
-41 -90 0
-41 -104 0
-41 -115 0
-55 -78 0
-55 -90 0
-55 -104 0
-55 -115 0
-78 -90 0
-78 -104 0
-78 -115 0
-90 -104 0
-90 -115 0
-104 -115 0
-2 -17 0
-2 -29 0
-2 -42 0
-2 -56 0
-2 -65 0
-2 -79 0
-2 -105 0
-2 -116 0
-17 -29 0
-17 -42 0
-17 -56 0
-17 -65 0
-17 -79 0
-17 -105 0
-17 -116 0
-29 -42 0
-29 -56 0
-29 -65 0
-29 -79 0
-29 -105 0
-29 -116 0
-42 -56 0
-42 -65 0
-42 -79 0
-42 -105 0
-42 -116 0
-56 -65 0
-56 -79 0
-56 -105 0
-56 -116 0
-65 -79 0
-65 -105 0
-65 -116 0
-79 -105 0
-79 -116 0
-105 -116 0
-3 -18 0
-3 -30 0
-3 -43 0
-3 -57 0
-3 -66 0
-3 -91 0
-3 -117 0
-18 -30 0
-18 -43 0
-18 -57 0
-18 -66 0
-18 -91 0
-18 -117 0
-30 -43 0
-30 -57 0
-30 -66 0
-30 -91 0
-30 -117 0
-43 -57 0
-43 -66 0
-43 -91 0
-43 -117 0
-57 -66 0
-57 -91 0
-57 -117 0
-66 -91 0
-66 -117 0
-91 -117 0
-4 -19 0
-4 -31 0
-4 -44 0
-4 -58 0
-4 -67 0
-4 -92 0
-4 -118 0
-19 -31 0
-19 -44 0
-19 -58 0
-19 -67 0
-19 -92 0
-19 -118 0
-31 -44 0
-31 -58 0
-31 -67 0
-31 -92 0
-31 -118 0
-44 -58 0
-44 -67 0
-44 -92 0
-44 -118 0
-58 -67 0
-58 -92 0
-58 -118 0
-67 -92 0
-67 -118 0
-92 -118 0
-5 -20 0
-5 -45 0
-5 -59 0
-5 -68 0
-5 -80 0
-5 -93 0
-5 -106 0
-5 -119 0
-20 -45 0
-20 -59 0
-20 -68 0
-20 -80 0
-20 -93 0
-20 -106 0
-20 -119 0
-45 -59 0
-45 -68 0
-45 -80 0
-45 -93 0
-45 -106 0
-45 -119 0
-59 -68 0
-59 -80 0
-59 -93 0
-59 -106 0
-59 -119 0
-68 -80 0
-68 -93 0
-68 -106 0
-68 -119 0
-80 -93 0
-80 -106 0
-80 -119 0
-93 -106 0
-93 -119 0
-106 -119 0
-6 -46 0
-6 -81 0
-6 -94 0
-6 -120 0
-46 -81 0
-46 -94 0
-46 -120 0
-81 -94 0
-81 -120 0
-94 -120 0
-7 -32 0
-7 -47 0
-7 -69 0
-7 -82 0
-7 -95 0
-7 -107 0
-7 -121 0
-32 -47 0
-32 -69 0
-32 -82 0
-32 -95 0
-32 -107 0
-32 -121 0
-47 -69 0
-47 -82 0
-47 -95 0
-47 -107 0
-47 -121 0
-69 -82 0
-69 -95 0
-69 -107 0
-69 -121 0
-82 -95 0
-82 -107 0
-82 -121 0
-95 -107 0
-95 -121 0
-107 -121 0
-8 -21 0
-8 -33 0
-8 -48 0
-8 -60 0
-8 -70 0
-8 -96 0
-8 -108 0
-8 -122 0
-21 -33 0
-21 -48 0
-21 -60 0
-21 -70 0
-21 -96 0
-21 -108 0
-21 -122 0
-33 -48 0
-33 -60 0
-33 -70 0
-33 -96 0
-33 -108 0
-33 -122 0
-48 -60 0
-48 -70 0
-48 -96 0
-48 -108 0
-48 -122 0
-60 -70 0
-60 -96 0
-60 -108 0
-60 -122 0
-70 -96 0
-70 -108 0
-70 -122 0
-96 -108 0
-96 -122 0
-108 -122 0
-9 -22 0
-9 -34 0
-9 -49 0
-9 -61 0
-9 -71 0
-9 -83 0
-9 -97 0
-9 -109 0
-9 -123 0
-22 -34 0
-22 -49 0
-22 -61 0
-22 -71 0
-22 -83 0
-22 -97 0
-22 -109 0
-22 -123 0
-34 -49 0
-34 -61 0
-34 -71 0
-34 -83 0
-34 -97 0
-34 -109 0
-34 -123 0
-49 -61 0
-49 -71 0
-49 -83 0
-49 -97 0
-49 -109 0
-49 -123 0
-61 -71 0
-61 -83 0
-61 -97 0
-61 -109 0
-61 -123 0
-71 -83 0
-71 -97 0
-71 -109 0
-71 -123 0
-83 -97 0
-83 -109 0
-83 -123 0
-97 -109 0
-97 -123 0
-109 -123 0
-10 -23 0
-10 -35 0
-10 -50 0
-10 -62 0
-10 -72 0
-10 -84 0
-10 -98 0
-10 -110 0
-10 -124 0
-23 -35 0
-23 -50 0
-23 -62 0
-23 -72 0
-23 -84 0
-23 -98 0
-23 -110 0
-23 -124 0
-35 -50 0
-35 -62 0
-35 -72 0
-35 -84 0
-35 -98 0
-35 -110 0
-35 -124 0
-50 -62 0
-50 -72 0
-50 -84 0
-50 -98 0
-50 -110 0
-50 -124 0
-62 -72 0
-62 -84 0
-62 -98 0
-62 -110 0
-62 -124 0
-72 -84 0
-72 -98 0
-72 -110 0
-72 -124 0
-84 -98 0
-84 -110 0
-84 -124 0
-98 -110 0
-98 -124 0
-110 -124 0
-11 -24 0
-11 -36 0
-11 -73 0
-11 -85 0
-11 -99 0
-11 -111 0
-24 -36 0
-24 -73 0
-24 -85 0
-24 -99 0
-24 -111 0
-36 -73 0
-36 -85 0
-36 -99 0
-36 -111 0
-73 -85 0
-73 -99 0
-73 -111 0
-85 -99 0
-85 -111 0
-99 -111 0
-12 -25 0
-12 -37 0
-12 -51 0
-12 -63 0
-12 -74 0
-12 -86 0
-12 -100 0
-12 -125 0
-25 -37 0
-25 -51 0
-25 -63 0
-25 -74 0
-25 -86 0
-25 -100 0
-25 -125 0
-37 -51 0
-37 -63 0
-37 -74 0
-37 -86 0
-37 -100 0
-37 -125 0
-51 -63 0
-51 -74 0
-51 -86 0
-51 -100 0
-51 -125 0
-63 -74 0
-63 -86 0
-63 -100 0
-63 -125 0
-74 -86 0
-74 -100 0
-74 -125 0
-86 -100 0
-86 -125 0
-100 -125 0
-13 -38 0
-13 -52 0
-13 -75 0
-13 -87 0
-13 -101 0
-13 -112 0
-13 -126 0
-38 -52 0
-38 -75 0
-38 -87 0
-38 -101 0
-38 -112 0
-38 -126 0
-52 -75 0
-52 -87 0
-52 -101 0
-52 -112 0
-52 -126 0
-75 -87 0
-75 -101 0
-75 -112 0
-75 -126 0
-87 -101 0
-87 -112 0
-87 -126 0
-101 -112 0
-101 -126 0
-112 -126 0
-14 -26 0
-14 -39 0
-14 -53 0
-14 -64 0
-14 -76 0
-14 -88 0
-14 -102 0
-14 -113 0
-14 -127 0
-26 -39 0
-26 -53 0
-26 -64 0
-26 -76 0
-26 -88 0
-26 -102 0
-26 -113 0
-26 -127 0
-39 -53 0
-39 -64 0
-39 -76 0
-39 -88 0
-39 -102 0
-39 -113 0
-39 -127 0
-53 -64 0
-53 -76 0
-53 -88 0
-53 -102 0
-53 -113 0
-53 -127 0
-64 -76 0
-64 -88 0
-64 -102 0
-64 -113 0
-64 -127 0
-76 -88 0
-76 -102 0
-76 -113 0
-76 -127 0
-88 -102 0
-88 -113 0
-88 -127 0
-102 -113 0
-102 -127 0
-113 -127 0
-15 -27 0
-15 -40 0
-15 -54 0
-15 -77 0
-15 -89 0
-15 -103 0
-15 -114 0
-15 -128 0
-27 -40 0
-27 -54 0
-27 -77 0
-27 -89 0
-27 -103 0
-27 -114 0
-27 -128 0
-40 -54 0
-40 -77 0
-40 -89 0
-40 -103 0
-40 -114 0
-40 -128 0
-54 -77 0
-54 -89 0
-54 -103 0
-54 -114 0
-54 -128 0
-77 -89 0
-77 -103 0
-77 -114 0
-77 -128 0
-89 -103 0
-89 -114 0
-89 -128 0
-103 -114 0
-103 -128 0
-114 -128 0
