p cnf 99 370
1 2 3 4 5 6 7 8 9 10 0
11 12 13 14 15 16 17 18 19 20 21 0
42 43 44 45 46 47 48 49 50 51 0
52 53 54 55 56 57 58 0
69 70 71 72 73 74 75 76 77 78 0
-1 -11 0
-1 -22 0
-1 -32 0
-1 -42 0
-1 -59 0
-1 -69 0
-1 -79 0
-11 -22 0
-11 -32 0
-11 -42 0
-11 -59 0
-11 -69 0
-11 -79 0
-22 -32 0
-22 -42 0
-22 -59 0
-22 -69 0
-22 -79 0
-32 -42 0
-32 -59 0
-32 -69 0
-32 -79 0
-42 -59 0
-42 -69 0
-42 -79 0
-59 -69 0
-59 -79 0
-69 -79 0
-2 -12 0
-2 -23 0
-2 -33 0
-2 -43 0
-2 -52 0
-2 -60 0
-2 -70 0
-2 -80 0
-2 -90 0
-12 -23 0
-12 -33 0
-12 -43 0
-12 -52 0
-12 -60 0
-12 -70 0
-12 -80 0
-12 -90 0
-23 -33 0
-23 -43 0
-23 -52 0
-23 -60 0
-23 -70 0
-23 -80 0
-23 -90 0
-33 -43 0
-33 -52 0
-33 -60 0
-33 -70 0
-33 -80 0
-33 -90 0
-43 -52 0
-43 -60 0
-43 -70 0
-43 -80 0
-43 -90 0
-52 -60 0
-52 -70 0
-52 -80 0
-52 -90 0
-60 -70 0
-60 -80 0
-60 -90 0
-70 -80 0
-70 -90 0
-80 -90 0
-3 -13 0
-3 -24 0
-3 -61 0
-3 -71 0
-3 -81 0
-3 -91 0
-13 -24 0
-13 -61 0
-13 -71 0
-13 -81 0
-13 -91 0
-24 -61 0
-24 -71 0
-24 -81 0
-24 -91 0
-61 -71 0
-61 -81 0
-61 -91 0
-71 -81 0
-71 -91 0
-81 -91 0
-4 -14 0
-4 -25 0
-4 -34 0
-4 -44 0
-4 -53 0
-4 -62 0
-4 -72 0
-4 -82 0
-14 -25 0
-14 -34 0
-14 -44 0
-14 -53 0
-14 -62 0
-14 -72 0
-14 -82 0
-25 -34 0
-25 -44 0
-25 -53 0
-25 -62 0
-25 -72 0
-25 -82 0
-34 -44 0
-34 -53 0
-34 -62 0
-34 -72 0
-34 -82 0
-44 -53 0
-44 -62 0
-44 -72 0
-44 -82 0
-53 -62 0
-53 -72 0
-53 -82 0
-62 -72 0
-62 -82 0
-72 -82 0
-15 -35 0
-15 -45 0
-15 -54 0
-15 -63 0
-15 -83 0
-15 -92 0
-35 -45 0
-35 -54 0
-35 -63 0
-35 -83 0
-35 -92 0
-45 -54 0
-45 -63 0
-45 -83 0
-45 -92 0
-54 -63 0
-54 -83 0
-54 -92 0
-63 -83 0
-63 -92 0
-83 -92 0
-5 -16 0
-5 -26 0
-5 -36 0
-5 -55 0
-5 -64 0
-5 -73 0
-5 -93 0
-16 -26 0
-16 -36 0
-16 -55 0
-16 -64 0
-16 -73 0
-16 -93 0
-26 -36 0
-26 -55 0
-26 -64 0
-26 -73 0
-26 -93 0
-36 -55 0
-36 -64 0
-36 -73 0
-36 -93 0
-55 -64 0
-55 -73 0
-55 -93 0
-64 -73 0
-64 -93 0
-73 -93 0
-6 -17 0
-6 -27 0
-6 -37 0
-6 -46 0
-6 -74 0
-6 -84 0
-6 -94 0
-17 -27 0
-17 -37 0
-17 -46 0
-17 -74 0
-17 -84 0
-17 -94 0
-27 -37 0
-27 -46 0
-27 -74 0
-27 -84 0
-27 -94 0
-37 -46 0
-37 -74 0
-37 -84 0
-37 -94 0
-46 -74 0
-46 -84 0
-46 -94 0
-74 -84 0
-74 -94 0
-84 -94 0
-7 -28 0
-7 -38 0
-7 -47 0
-7 -56 0
-7 -65 0
-7 -75 0
-7 -85 0
-7 -95 0
-28 -38 0
-28 -47 0
-28 -56 0
-28 -65 0
-28 -75 0
-28 -85 0
-28 -95 0
-38 -47 0
-38 -56 0
-38 -65 0
-38 -75 0
-38 -85 0
-38 -95 0
-47 -56 0
-47 -65 0
-47 -75 0
-47 -85 0
-47 -95 0
-56 -65 0
-56 -75 0
-56 -85 0
-56 -95 0
-65 -75 0
-65 -85 0
-65 -95 0
-75 -85 0
-75 -95 0
-85 -95 0
-8 -18 0
-8 -29 0
-8 -39 0
-8 -48 0
-8 -66 0
-8 -86 0
-8 -96 0
-18 -29 0
-18 -39 0
-18 -48 0
-18 -66 0
-18 -86 0
-18 -96 0
-29 -39 0
-29 -48 0
-29 -66 0
-29 -86 0
-29 -96 0
-39 -48 0
-39 -66 0
-39 -86 0
-39 -96 0
-48 -66 0
-48 -86 0
-48 -96 0
-66 -86 0
-66 -96 0
-86 -96 0
-9 -19 0
-9 -30 0
-9 -40 0
-9 -49 0
-9 -57 0
-9 -67 0
-9 -76 0
-9 -87 0
-9 -97 0
-19 -30 0
-19 -40 0
-19 -49 0
-19 -57 0
-19 -67 0
-19 -76 0
-19 -87 0
-19 -97 0
-30 -40 0
-30 -49 0
-30 -57 0
-30 -67 0
-30 -76 0
-30 -87 0
-30 -97 0
-40 -49 0
-40 -57 0
-40 -67 0
-40 -76 0
-40 -87 0
-40 -97 0
-49 -57 0
-49 -67 0
-49 -76 0
-49 -87 0
-49 -97 0
-57 -67 0
-57 -76 0
-57 -87 0
-57 -97 0
-67 -76 0
-67 -87 0
-67 -97 0
-76 -87 0
-76 -97 0
-87 -97 0
-10 -20 0
-10 -31 0
-10 -50 0
-10 -68 0
-10 -77 0
-10 -88 0
-10 -98 0
-20 -31 0
-20 -50 0
-20 -68 0
-20 -77 0
-20 -88 0
-20 -98 0
-31 -50 0
-31 -68 0
-31 -77 0
-31 -88 0
-31 -98 0
-50 -68 0
-50 -77 0
-50 -88 0
-50 -98 0
-68 -77 0
-68 -88 0
-68 -98 0
-77 -88 0
-77 -98 0
-88 -98 0
-21 -41 0
-21 -51 0
-21 -58 0
-21 -78 0
-21 -89 0
-21 -99 0
-41 -51 0
-41 -58 0
-41 -78 0
-41 -89 0
-41 -99 0
-51 -58 0
-51 -78 0
-51 -89 0
-51 -99 0
-58 -78 0
-58 -89 0
-58 -99 0
-78 -89 0
-78 -99 0
-89 -99 0
