p cnf 46 1249
-1 -2 -3 -4 0
-1 -2 -3 0
-1 -2 -3 0
-1 -2 -4 0
-1 -2 -4 0
-1 -2 0
-1 -3 -4 0
-1 -3 -4 0
-1 -3 0
-1 -4 0
-2 -3 -4 0
-2 -3 -4 0
-2 -3 0
-2 -4 0
-3 -4 0
1 2 3 4 0
-5 -6 -7 -8 0
5 6 0
5 6 7 0
5 6 8 0
5 7 0
5 8 0
5 7 8 0
6 7 0
6 8 0
6 7 8 0
7 8 0
5 6 7 0
5 6 8 0
5 6 7 8 0
5 7 8 0
6 7 8 0
-9 -10 -11 0
-9 -10 -12 0
-9 -11 -12 0
-9 -10 -11 -12 0
-10 -11 -12 0
9 10 11 0
9 10 12 0
9 11 12 0
10 11 12 0
9 10 11 12 0
-13 -14 -15 0
-13 -14 -16 0
-13 -14 -17 0
-13 -15 -16 0
-13 -15 -17 0
-13 -16 -17 0
-13 -14 -15 -16 0
-13 -14 -15 -17 0
-13 -14 -16 -17 0
-13 -15 -16 -17 0
-14 -15 -16 0
-14 -15 -17 0
-14 -16 -17 0
-15 -16 -17 0
-14 -15 -16 -17 0
13 14 15 16 0
13 14 15 17 0
13 14 16 17 0
13 15 16 17 0
14 15 16 17 0
-18 -19 -20 -21 0
-18 -19 -20 -22 0
-18 -19 -20 -23 0
-18 -19 -21 -22 0
-18 -19 -21 -23 0
-18 -19 -22 -23 0
-18 -20 -21 -22 0
-18 -20 -21 -23 0
-18 -20 -22 -23 0
-18 -21 -22 -23 0
-19 -20 -21 -22 0
-19 -20 -21 -23 0
-19 -20 -22 -23 0
-19 -21 -22 -23 0
-20 -21 -22 -23 0
18 19 20 21 0
18 19 20 22 0
18 19 20 23 0
18 19 21 22 0
18 19 21 23 0
18 19 22 23 0
18 20 21 22 0
18 20 21 23 0
18 20 22 23 0
18 21 22 23 0
19 20 21 22 0
19 20 21 23 0
19 20 22 23 0
19 21 22 23 0
20 21 22 23 0
-24 -25 -26 -27 0
-24 -25 -26 -28 0
-24 -25 -26 0
-24 -25 -27 -28 0
-24 -25 -27 0
-24 -25 -28 0
-24 -26 -27 -28 0
-24 -26 -27 0
-24 -26 -28 0
-24 -27 -28 0
-25 -26 -27 -28 0
-25 -26 -27 0
-25 -26 -28 0
-25 -27 -28 0
-26 -27 -28 0
24 25 26 27 0
24 25 26 28 0
24 25 27 28 0
24 26 27 28 0
25 26 27 28 0
-29 -30 0
-29 -30 -31 0
-29 -31 0
-30 -31 0
-29 -30 -31 0
29 30 31 0
-32 -33 -34 -35 0
-32 -33 -34 -36 0
-32 -33 -35 -36 0
-32 -34 -35 -36 0
-33 -34 -35 -36 0
32 33 34 35 0
32 33 34 36 0
32 33 34 0
32 33 35 36 0
32 33 35 0
32 33 36 0
32 34 35 36 0
32 34 35 0
32 34 36 0
32 35 36 0
33 34 35 36 0
33 34 35 0
33 34 36 0
33 35 36 0
34 35 36 0
-37 -38 -39 -40 0
-37 -38 -39 -41 0
-37 -38 -40 -41 0
-37 -39 -40 -41 0
-38 -39 -40 -41 0
37 38 39 0
37 38 40 0
37 38 41 0
37 39 40 0
37 39 41 0
37 40 41 0
37 38 39 40 0
37 38 39 41 0
37 38 40 41 0
37 39 40 41 0
38 39 40 0
38 39 41 0
38 40 41 0
39 40 41 0
38 39 40 41 0
-42 -43 -44 -45 0
-42 -43 -44 0
-42 -43 -44 -46 0
-42 -43 -45 0
-42 -43 -45 -46 0
-42 -43 -46 0
-42 -44 -45 0
-42 -44 -45 -46 0
-42 -44 -46 0
-42 -45 -46 0
-43 -44 -45 0
-43 -44 -45 -46 0
-43 -44 -46 0
-43 -45 -46 0
-44 -45 -46 0
42 43 44 45 0
42 43 44 46 0
42 43 45 46 0
42 44 45 46 0
43 44 45 46 0
-1 -13 -18 -24 -32 0
-1 -13 -18 -24 -37 0
-1 -13 -18 -24 -42 0
-1 -13 -18 -24 -32 -37 0
-1 -13 -18 -24 -32 -42 0
-1 -13 -18 -24 -37 -42 0
-1 -13 -18 -32 -37 0
-1 -13 -18 -32 -42 0
-1 -13 -18 -37 -42 0
-1 -13 -18 -32 -37 -42 0
-1 -13 -24 -32 -37 0
-1 -13 -24 -32 -42 0
-1 -13 -24 -37 -42 0
-1 -13 -24 -32 -37 -42 0
-1 -13 -32 -37 -42 0
-1 -18 -24 -32 -37 0
-1 -18 -24 -32 -42 0
-1 -18 -24 -37 -42 0
-1 -18 -24 -32 -37 -42 0
-1 -18 -32 -37 -42 0
-1 -24 -32 -37 -42 0
-13 -18 -24 -32 -37 0
-13 -18 -24 -32 -42 0
-13 -18 -24 -37 -42 0
-13 -18 -24 -32 -37 -42 0
-13 -18 -32 -37 -42 0
-13 -24 -32 -37 -42 0
-18 -24 -32 -37 -42 0
1 13 18 24 0
1 13 18 32 0
1 13 18 37 0
1 13 18 42 0
1 13 24 32 0
1 13 24 37 0
1 13 24 42 0
1 13 32 37 0
1 13 32 42 0
1 13 37 42 0
1 18 24 32 0
1 18 24 37 0
1 18 24 42 0
1 18 32 37 0
1 18 32 42 0
1 18 37 42 0
1 24 32 37 0
1 24 32 42 0
1 24 37 42 0
1 32 37 42 0
1 13 18 24 32 0
1 13 18 24 37 0
1 13 18 24 42 0
1 13 18 32 37 0
1 13 18 32 42 0
1 13 18 37 42 0
1 13 24 32 37 0
1 13 24 32 42 0
1 13 24 37 42 0
1 13 32 37 42 0
1 18 24 32 37 0
1 18 24 32 42 0
1 18 24 37 42 0
1 18 32 37 42 0
1 24 32 37 42 0
1 13 18 24 32 0
1 13 18 24 37 0
1 13 18 24 42 0
1 13 18 32 37 0
1 13 18 32 42 0
1 13 18 37 42 0
1 13 24 32 37 0
1 13 24 32 42 0
1 13 24 37 42 0
1 13 32 37 42 0
1 18 24 32 37 0
1 18 24 32 42 0
1 18 24 37 42 0
1 18 32 37 42 0
1 24 32 37 42 0
1 13 18 24 32 37 0
1 13 18 24 32 42 0
1 13 18 24 37 42 0
1 13 18 32 37 42 0
1 13 24 32 37 42 0
1 18 24 32 37 42 0
13 18 24 32 0
13 18 24 37 0
13 18 24 42 0
13 18 32 37 0
13 18 32 42 0
13 18 37 42 0
13 24 32 37 0
13 24 32 42 0
13 24 37 42 0
13 32 37 42 0
18 24 32 37 0
18 24 32 42 0
18 24 37 42 0
18 32 37 42 0
24 32 37 42 0
13 18 24 32 37 0
13 18 24 32 42 0
13 18 24 37 42 0
13 18 32 37 42 0
13 24 32 37 42 0
18 24 32 37 42 0
13 18 24 32 37 0
13 18 24 32 42 0
13 18 24 37 42 0
13 18 32 37 42 0
13 24 32 37 42 0
18 24 32 37 42 0
13 18 24 32 37 42 0
-2 -5 -9 -19 -25 0
-2 -5 -9 -19 -29 0
-2 -5 -9 -19 -33 0
-2 -5 -9 -19 -43 0
-2 -5 -9 -25 -29 0
-2 -5 -9 -25 -33 0
-2 -5 -9 -25 -43 0
-2 -5 -9 -29 -33 0
-2 -5 -9 -29 -43 0
-2 -5 -9 -33 -43 0
-2 -5 -9 -19 -25 -29 0
-2 -5 -9 -19 -25 -33 0
-2 -5 -9 -19 -25 -43 0
-2 -5 -9 -19 -29 -33 0
-2 -5 -9 -19 -29 -43 0
-2 -5 -9 -19 -33 -43 0
-2 -5 -9 -25 -29 -33 0
-2 -5 -9 -25 -29 -43 0
-2 -5 -9 -25 -33 -43 0
-2 -5 -9 -29 -33 -43 0
-2 -5 -19 -25 -29 0
-2 -5 -19 -25 -33 0
-2 -5 -19 -25 -43 0
-2 -5 -19 -29 -33 0
-2 -5 -19 -29 -43 0
-2 -5 -19 -33 -43 0
-2 -5 -25 -29 -33 0
-2 -5 -25 -29 -43 0
-2 -5 -25 -33 -43 0
-2 -5 -29 -33 -43 0
-2 -5 -19 -25 -29 -33 0
-2 -5 -19 -25 -29 -43 0
-2 -5 -19 -25 -33 -43 0
-2 -5 -19 -29 -33 -43 0
-2 -5 -25 -29 -33 -43 0
-2 -9 -19 -25 -29 0
-2 -9 -19 -25 -33 0
-2 -9 -19 -25 -43 0
-2 -9 -19 -29 -33 0
-2 -9 -19 -29 -43 0
-2 -9 -19 -33 -43 0
-2 -9 -25 -29 -33 0
-2 -9 -25 -29 -43 0
-2 -9 -25 -33 -43 0
-2 -9 -29 -33 -43 0
-2 -9 -19 -25 -29 -33 0
-2 -9 -19 -25 -29 -43 0
-2 -9 -19 -25 -33 -43 0
-2 -9 -19 -29 -33 -43 0
-2 -9 -25 -29 -33 -43 0
-2 -19 -25 -29 -33 0
-2 -19 -25 -29 -43 0
-2 -19 -25 -33 -43 0
-2 -19 -29 -33 -43 0
-2 -25 -29 -33 -43 0
-2 -19 -25 -29 -33 -43 0
-5 -9 -19 -25 -29 0
-5 -9 -19 -25 -33 0
-5 -9 -19 -25 -43 0
-5 -9 -19 -29 -33 0
-5 -9 -19 -29 -43 0
-5 -9 -19 -33 -43 0
-5 -9 -25 -29 -33 0
-5 -9 -25 -29 -43 0
-5 -9 -25 -33 -43 0
-5 -9 -29 -33 -43 0
-5 -9 -19 -25 -29 -33 0
-5 -9 -19 -25 -29 -43 0
-5 -9 -19 -25 -33 -43 0
-5 -9 -19 -29 -33 -43 0
-5 -9 -25 -29 -33 -43 0
-5 -19 -25 -29 -33 0
-5 -19 -25 -29 -43 0
-5 -19 -25 -33 -43 0
-5 -19 -29 -33 -43 0
-5 -25 -29 -33 -43 0
-5 -19 -25 -29 -33 -43 0
-9 -19 -25 -29 -33 0
-9 -19 -25 -29 -43 0
-9 -19 -25 -33 -43 0
-9 -19 -29 -33 -43 0
-9 -25 -29 -33 -43 0
-9 -19 -25 -29 -33 -43 0
-19 -25 -29 -33 -43 0
2 5 9 19 25 29 0
2 5 9 19 25 33 0
2 5 9 19 25 0
2 5 9 19 25 43 0
2 5 9 19 29 33 0
2 5 9 19 29 0
2 5 9 19 29 43 0
2 5 9 19 33 0
2 5 9 19 33 43 0
2 5 9 19 43 0
2 5 9 25 29 33 0
2 5 9 25 29 0
2 5 9 25 29 43 0
2 5 9 25 33 0
2 5 9 25 33 43 0
2 5 9 25 43 0
2 5 9 29 33 0
2 5 9 29 33 43 0
2 5 9 29 43 0
2 5 9 33 43 0
2 5 19 25 29 33 0
2 5 19 25 29 0
2 5 19 25 29 43 0
2 5 19 25 33 0
2 5 19 25 33 43 0
2 5 19 25 43 0
2 5 19 29 33 0
2 5 19 29 33 43 0
2 5 19 29 43 0
2 5 19 33 43 0
2 5 25 29 33 0
2 5 25 29 33 43 0
2 5 25 29 43 0
2 5 25 33 43 0
2 5 29 33 43 0
2 9 19 25 29 33 0
2 9 19 25 29 0
2 9 19 25 29 43 0
2 9 19 25 33 0
2 9 19 25 33 43 0
2 9 19 25 43 0
2 9 19 29 33 0
2 9 19 29 33 43 0
2 9 19 29 43 0
2 9 19 33 43 0
2 9 25 29 33 0
2 9 25 29 33 43 0
2 9 25 29 43 0
2 9 25 33 43 0
2 9 29 33 43 0
2 19 25 29 33 0
2 19 25 29 33 43 0
2 19 25 29 43 0
2 19 25 33 43 0
2 19 29 33 43 0
2 25 29 33 43 0
5 9 19 25 29 33 0
5 9 19 25 29 0
5 9 19 25 29 43 0
5 9 19 25 33 0
5 9 19 25 33 43 0
5 9 19 25 43 0
5 9 19 29 33 0
5 9 19 29 33 43 0
5 9 19 29 43 0
5 9 19 33 43 0
5 9 25 29 33 0
5 9 25 29 33 43 0
5 9 25 29 43 0
5 9 25 33 43 0
5 9 29 33 43 0
5 19 25 29 33 0
5 19 25 29 33 43 0
5 19 25 29 43 0
5 19 25 33 43 0
5 19 29 33 43 0
5 25 29 33 43 0
9 19 25 29 33 0
9 19 25 29 33 43 0
9 19 25 29 43 0
9 19 25 33 43 0
9 19 29 33 43 0
9 25 29 33 43 0
19 25 29 33 43 0
-3 -6 -14 -20 -26 0
-3 -6 -14 -20 -34 0
-3 -6 -14 -20 -38 0
-3 -6 -14 -20 -44 0
-3 -6 -14 -26 -34 0
-3 -6 -14 -26 -38 0
-3 -6 -14 -26 -44 0
-3 -6 -14 -34 -38 0
-3 -6 -14 -34 -44 0
-3 -6 -14 -38 -44 0
-3 -6 -20 -26 -34 0
-3 -6 -20 -26 -38 0
-3 -6 -20 -26 -44 0
-3 -6 -20 -34 -38 0
-3 -6 -20 -34 -44 0
-3 -6 -20 -38 -44 0
-3 -6 -26 -34 -38 0
-3 -6 -26 -34 -44 0
-3 -6 -26 -38 -44 0
-3 -6 -34 -38 -44 0
-3 -6 -14 -20 -26 -34 0
-3 -6 -14 -20 -26 -38 0
-3 -6 -14 -20 -26 -44 0
-3 -6 -14 -20 -34 -38 0
-3 -6 -14 -20 -34 -44 0
-3 -6 -14 -20 -38 -44 0
-3 -6 -14 -26 -34 -38 0
-3 -6 -14 -26 -34 -44 0
-3 -6 -14 -26 -38 -44 0
-3 -6 -14 -34 -38 -44 0
-3 -6 -20 -26 -34 -38 0
-3 -6 -20 -26 -34 -44 0
-3 -6 -20 -26 -38 -44 0
-3 -6 -20 -34 -38 -44 0
-3 -6 -26 -34 -38 -44 0
-3 -14 -20 -26 -34 0
-3 -14 -20 -26 -38 0
-3 -14 -20 -26 -44 0
-3 -14 -20 -34 -38 0
-3 -14 -20 -34 -44 0
-3 -14 -20 -38 -44 0
-3 -14 -26 -34 -38 0
-3 -14 -26 -34 -44 0
-3 -14 -26 -38 -44 0
-3 -14 -34 -38 -44 0
-3 -20 -26 -34 -38 0
-3 -20 -26 -34 -44 0
-3 -20 -26 -38 -44 0
-3 -20 -34 -38 -44 0
-3 -26 -34 -38 -44 0
-3 -14 -20 -26 -34 -38 0
-3 -14 -20 -26 -34 -44 0
-3 -14 -20 -26 -38 -44 0
-3 -14 -20 -34 -38 -44 0
-3 -14 -26 -34 -38 -44 0
-3 -20 -26 -34 -38 -44 0
-6 -14 -20 -26 -34 0
-6 -14 -20 -26 -38 0
-6 -14 -20 -26 -44 0
-6 -14 -20 -34 -38 0
-6 -14 -20 -34 -44 0
-6 -14 -20 -38 -44 0
-6 -14 -26 -34 -38 0
-6 -14 -26 -34 -44 0
-6 -14 -26 -38 -44 0
-6 -14 -34 -38 -44 0
-6 -20 -26 -34 -38 0
-6 -20 -26 -34 -44 0
-6 -20 -26 -38 -44 0
-6 -20 -34 -38 -44 0
-6 -26 -34 -38 -44 0
-6 -14 -20 -26 -34 -38 0
-6 -14 -20 -26 -34 -44 0
-6 -14 -20 -26 -38 -44 0
-6 -14 -20 -34 -38 -44 0
-6 -14 -26 -34 -38 -44 0
-6 -20 -26 -34 -38 -44 0
-14 -20 -26 -34 -38 0
-14 -20 -26 -34 -44 0
-14 -20 -26 -38 -44 0
-14 -20 -34 -38 -44 0
-14 -26 -34 -38 -44 0
-20 -26 -34 -38 -44 0
-14 -20 -26 -34 -38 -44 0
3 6 14 20 26 0
3 6 14 20 26 34 0
3 6 14 20 26 38 0
3 6 14 20 26 44 0
3 6 14 20 34 0
3 6 14 20 38 0
3 6 14 20 44 0
3 6 14 20 34 38 0
3 6 14 20 34 44 0
3 6 14 20 38 44 0
3 6 14 26 34 0
3 6 14 26 38 0
3 6 14 26 44 0
3 6 14 26 34 38 0
3 6 14 26 34 44 0
3 6 14 26 38 44 0
3 6 14 34 38 0
3 6 14 34 44 0
3 6 14 38 44 0
3 6 14 34 38 44 0
3 6 20 26 34 0
3 6 20 26 38 0
3 6 20 26 44 0
3 6 20 26 34 38 0
3 6 20 26 34 44 0
3 6 20 26 38 44 0
3 6 20 34 38 0
3 6 20 34 44 0
3 6 20 38 44 0
3 6 20 34 38 44 0
3 6 26 34 38 0
3 6 26 34 44 0
3 6 26 38 44 0
3 6 26 34 38 44 0
3 6 34 38 44 0
3 14 20 26 34 0
3 14 20 26 38 0
3 14 20 26 44 0
3 14 20 26 34 38 0
3 14 20 26 34 44 0
3 14 20 26 38 44 0
3 14 20 34 38 0
3 14 20 34 44 0
3 14 20 38 44 0
3 14 20 34 38 44 0
3 14 26 34 38 0
3 14 26 34 44 0
3 14 26 38 44 0
3 14 26 34 38 44 0
3 14 34 38 44 0
3 20 26 34 38 0
3 20 26 34 44 0
3 20 26 38 44 0
3 20 26 34 38 44 0
3 20 34 38 44 0
3 26 34 38 44 0
6 14 20 26 34 0
6 14 20 26 38 0
6 14 20 26 44 0
6 14 20 26 34 38 0
6 14 20 26 34 44 0
6 14 20 26 38 44 0
6 14 20 34 38 0
6 14 20 34 44 0
6 14 20 38 44 0
6 14 20 34 38 44 0
6 14 26 34 38 0
6 14 26 34 44 0
6 14 26 38 44 0
6 14 26 34 38 44 0
6 14 34 38 44 0
6 20 26 34 38 0
6 20 26 34 44 0
6 20 26 38 44 0
6 20 26 34 38 44 0
6 20 34 38 44 0
6 26 34 38 44 0
14 20 26 34 38 0
14 20 26 34 44 0
14 20 26 38 44 0
14 20 26 34 38 44 0
14 20 34 38 44 0
14 26 34 38 44 0
20 26 34 38 44 0
-4 -10 -15 -21 -27 -30 0
-4 -10 -15 -21 -27 -35 0
-4 -10 -15 -21 -27 -39 0
-4 -10 -15 -21 -27 -45 0
-4 -10 -15 -21 -30 -35 0
-4 -10 -15 -21 -30 -39 0
-4 -10 -15 -21 -30 -45 0
-4 -10 -15 -21 -35 -39 0
-4 -10 -15 -21 -35 -45 0
-4 -10 -15 -21 -39 -45 0
-4 -10 -15 -27 -30 -35 0
-4 -10 -15 -27 -30 -39 0
-4 -10 -15 -27 -30 -45 0
-4 -10 -15 -27 -35 -39 0
-4 -10 -15 -27 -35 -45 0
-4 -10 -15 -27 -39 -45 0
-4 -10 -15 -30 -35 -39 0
-4 -10 -15 -30 -35 -45 0
-4 -10 -15 -30 -39 -45 0
-4 -10 -15 -35 -39 -45 0
-4 -10 -21 -27 -30 -35 0
-4 -10 -21 -27 -30 -39 0
-4 -10 -21 -27 -30 -45 0
-4 -10 -21 -27 -35 -39 0
-4 -10 -21 -27 -35 -45 0
-4 -10 -21 -27 -39 -45 0
-4 -10 -21 -30 -35 -39 0
-4 -10 -21 -30 -35 -45 0
-4 -10 -21 -30 -39 -45 0
-4 -10 -21 -35 -39 -45 0
-4 -10 -27 -30 -35 -39 0
-4 -10 -27 -30 -35 -45 0
-4 -10 -27 -30 -39 -45 0
-4 -10 -27 -35 -39 -45 0
-4 -10 -30 -35 -39 -45 0
-4 -15 -21 -27 -30 -35 0
-4 -15 -21 -27 -30 -39 0
-4 -15 -21 -27 -30 -45 0
-4 -15 -21 -27 -35 -39 0
-4 -15 -21 -27 -35 -45 0
-4 -15 -21 -27 -39 -45 0
-4 -15 -21 -30 -35 -39 0
-4 -15 -21 -30 -35 -45 0
-4 -15 -21 -30 -39 -45 0
-4 -15 -21 -35 -39 -45 0
-4 -15 -27 -30 -35 -39 0
-4 -15 -27 -30 -35 -45 0
-4 -15 -27 -30 -39 -45 0
-4 -15 -27 -35 -39 -45 0
-4 -15 -30 -35 -39 -45 0
-4 -21 -27 -30 -35 -39 0
-4 -21 -27 -30 -35 -45 0
-4 -21 -27 -30 -39 -45 0
-4 -21 -27 -35 -39 -45 0
-4 -21 -30 -35 -39 -45 0
-4 -27 -30 -35 -39 -45 0
-10 -15 -21 -27 -30 -35 0
-10 -15 -21 -27 -30 -39 0
-10 -15 -21 -27 -30 -45 0
-10 -15 -21 -27 -35 -39 0
-10 -15 -21 -27 -35 -45 0
-10 -15 -21 -27 -39 -45 0
-10 -15 -21 -30 -35 -39 0
-10 -15 -21 -30 -35 -45 0
-10 -15 -21 -30 -39 -45 0
-10 -15 -21 -35 -39 -45 0
-10 -15 -27 -30 -35 -39 0
-10 -15 -27 -30 -35 -45 0
-10 -15 -27 -30 -39 -45 0
-10 -15 -27 -35 -39 -45 0
-10 -15 -30 -35 -39 -45 0
-10 -21 -27 -30 -35 -39 0
-10 -21 -27 -30 -35 -45 0
-10 -21 -27 -30 -39 -45 0
-10 -21 -27 -35 -39 -45 0
-10 -21 -30 -35 -39 -45 0
-10 -27 -30 -35 -39 -45 0
-15 -21 -27 -30 -35 -39 0
-15 -21 -27 -30 -35 -45 0
-15 -21 -27 -30 -39 -45 0
-15 -21 -27 -35 -39 -45 0
-15 -21 -30 -35 -39 -45 0
-15 -27 -30 -35 -39 -45 0
-21 -27 -30 -35 -39 -45 0
4 10 15 21 27 0
4 10 15 21 30 0
4 10 15 21 35 0
4 10 15 21 39 0
4 10 15 21 45 0
4 10 15 27 30 0
4 10 15 27 35 0
4 10 15 27 39 0
4 10 15 27 45 0
4 10 15 30 35 0
4 10 15 30 39 0
4 10 15 30 45 0
4 10 15 35 39 0
4 10 15 35 45 0
4 10 15 39 45 0
4 10 21 27 30 0
4 10 21 27 35 0
4 10 21 27 39 0
4 10 21 27 45 0
4 10 21 30 35 0
4 10 21 30 39 0
4 10 21 30 45 0
4 10 21 35 39 0
4 10 21 35 45 0
4 10 21 39 45 0
4 10 27 30 35 0
4 10 27 30 39 0
4 10 27 30 45 0
4 10 27 35 39 0
4 10 27 35 45 0
4 10 27 39 45 0
4 10 30 35 39 0
4 10 30 35 45 0
4 10 30 39 45 0
4 10 35 39 45 0
4 15 21 27 30 0
4 15 21 27 35 0
4 15 21 27 39 0
4 15 21 27 45 0
4 15 21 30 35 0
4 15 21 30 39 0
4 15 21 30 45 0
4 15 21 35 39 0
4 15 21 35 45 0
4 15 21 39 45 0
4 15 27 30 35 0
4 15 27 30 39 0
4 15 27 30 45 0
4 15 27 35 39 0
4 15 27 35 45 0
4 15 27 39 45 0
4 15 30 35 39 0
4 15 30 35 45 0
4 15 30 39 45 0
4 15 35 39 45 0
4 21 27 30 35 0
4 21 27 30 39 0
4 21 27 30 45 0
4 21 27 35 39 0
4 21 27 35 45 0
4 21 27 39 45 0
4 21 30 35 39 0
4 21 30 35 45 0
4 21 30 39 45 0
4 21 35 39 45 0
4 27 30 35 39 0
4 27 30 35 45 0
4 27 30 39 45 0
4 27 35 39 45 0
4 30 35 39 45 0
4 10 15 21 27 30 0
4 10 15 21 27 35 0
4 10 15 21 27 39 0
4 10 15 21 27 45 0
4 10 15 21 30 35 0
4 10 15 21 30 39 0
4 10 15 21 30 45 0
4 10 15 21 35 39 0
4 10 15 21 35 45 0
4 10 15 21 39 45 0
4 10 15 27 30 35 0
4 10 15 27 30 39 0
4 10 15 27 30 45 0
4 10 15 27 35 39 0
4 10 15 27 35 45 0
4 10 15 27 39 45 0
4 10 15 30 35 39 0
4 10 15 30 35 45 0
4 10 15 30 39 45 0
4 10 15 35 39 45 0
4 10 21 27 30 35 0
4 10 21 27 30 39 0
4 10 21 27 30 45 0
4 10 21 27 35 39 0
4 10 21 27 35 45 0
4 10 21 27 39 45 0
4 10 21 30 35 39 0
4 10 21 30 35 45 0
4 10 21 30 39 45 0
4 10 21 35 39 45 0
4 10 27 30 35 39 0
4 10 27 30 35 45 0
4 10 27 30 39 45 0
4 10 27 35 39 45 0
4 10 30 35 39 45 0
4 15 21 27 30 35 0
4 15 21 27 30 39 0
4 15 21 27 30 45 0
4 15 21 27 35 39 0
4 15 21 27 35 45 0
4 15 21 27 39 45 0
4 15 21 30 35 39 0
4 15 21 30 35 45 0
4 15 21 30 39 45 0
4 15 21 35 39 45 0
4 15 27 30 35 39 0
4 15 27 30 35 45 0
4 15 27 30 39 45 0
4 15 27 35 39 45 0
4 15 30 35 39 45 0
4 21 27 30 35 39 0
4 21 27 30 35 45 0
4 21 27 30 39 45 0
4 21 27 35 39 45 0
4 21 30 35 39 45 0
4 27 30 35 39 45 0
10 15 21 27 30 0
10 15 21 27 35 0
10 15 21 27 39 0
10 15 21 27 45 0
10 15 21 30 35 0
10 15 21 30 39 0
10 15 21 30 45 0
10 15 21 35 39 0
10 15 21 35 45 0
10 15 21 39 45 0
10 15 27 30 35 0
10 15 27 30 39 0
10 15 27 30 45 0
10 15 27 35 39 0
10 15 27 35 45 0
10 15 27 39 45 0
10 15 30 35 39 0
10 15 30 35 45 0
10 15 30 39 45 0
10 15 35 39 45 0
10 21 27 30 35 0
10 21 27 30 39 0
10 21 27 30 45 0
10 21 27 35 39 0
10 21 27 35 45 0
10 21 27 39 45 0
10 21 30 35 39 0
10 21 30 35 45 0
10 21 30 39 45 0
10 21 35 39 45 0
10 27 30 35 39 0
10 27 30 35 45 0
10 27 30 39 45 0
10 27 35 39 45 0
10 30 35 39 45 0
15 21 27 30 35 0
15 21 27 30 39 0
15 21 27 30 45 0
15 21 27 35 39 0
15 21 27 35 45 0
15 21 27 39 45 0
15 21 30 35 39 0
15 21 30 35 45 0
15 21 30 39 45 0
15 21 35 39 45 0
15 27 30 35 39 0
15 27 30 35 45 0
15 27 30 39 45 0
15 27 35 39 45 0
15 30 35 39 45 0
21 27 30 35 39 0
21 27 30 35 45 0
21 27 30 39 45 0
21 27 35 39 45 0
21 30 35 39 45 0
27 30 35 39 45 0
10 15 21 27 30 35 0
10 15 21 27 30 39 0
10 15 21 27 30 45 0
10 15 21 27 35 39 0
10 15 21 27 35 45 0
10 15 21 27 39 45 0
10 15 21 30 35 39 0
10 15 21 30 35 45 0
10 15 21 30 39 45 0
10 15 21 35 39 45 0
10 15 27 30 35 39 0
10 15 27 30 35 45 0
10 15 27 30 39 45 0
10 15 27 35 39 45 0
10 15 30 35 39 45 0
10 21 27 30 35 39 0
10 21 27 30 35 45 0
10 21 27 30 39 45 0
10 21 27 35 39 45 0
10 21 30 35 39 45 0
10 27 30 35 39 45 0
15 21 27 30 35 39 0
15 21 27 30 35 45 0
15 21 27 30 39 45 0
15 21 27 35 39 45 0
15 21 30 35 39 45 0
15 27 30 35 39 45 0
21 27 30 35 39 45 0
-7 -11 -16 -22 -28 0
-7 -11 -16 -22 0
-7 -11 -16 -22 -36 0
-7 -11 -16 -22 -40 0
-7 -11 -16 -22 0
-7 -11 -16 -28 0
-7 -11 -16 -28 -36 0
-7 -11 -16 -28 -40 0
-7 -11 -16 -28 0
-7 -11 -16 -36 0
-7 -11 -16 -40 0
-7 -11 -16 0
-7 -11 -16 -36 -40 0
-7 -11 -16 -36 0
-7 -11 -16 -40 0
-7 -11 -22 -28 0
-7 -11 -22 -28 -36 0
-7 -11 -22 -28 -40 0
-7 -11 -22 -28 0
-7 -11 -22 -36 0
-7 -11 -22 -40 0
-7 -11 -22 0
-7 -11 -22 -36 -40 0
-7 -11 -22 -36 0
-7 -11 -22 -40 0
-7 -11 -28 -36 0
-7 -11 -28 -40 0
-7 -11 -28 0
-7 -11 -28 -36 -40 0
-7 -11 -28 -36 0
-7 -11 -28 -40 0
-7 -11 -36 -40 0
-7 -11 -36 0
-7 -11 -40 0
-7 -11 -36 -40 0
-7 -16 -22 -28 0
-7 -16 -22 -28 -36 0
-7 -16 -22 -28 -40 0
-7 -16 -22 -28 0
-7 -16 -22 -36 0
-7 -16 -22 -40 0
-7 -16 -22 0
-7 -16 -22 -36 -40 0
-7 -16 -22 -36 0
-7 -16 -22 -40 0
-7 -16 -28 -36 0
-7 -16 -28 -40 0
-7 -16 -28 0
-7 -16 -28 -36 -40 0
-7 -16 -28 -36 0
-7 -16 -28 -40 0
-7 -16 -36 -40 0
-7 -16 -36 0
-7 -16 -40 0
-7 -16 -36 -40 0
-7 -22 -28 -36 0
-7 -22 -28 -40 0
-7 -22 -28 0
-7 -22 -28 -36 -40 0
-7 -22 -28 -36 0
-7 -22 -28 -40 0
-7 -22 -36 -40 0
-7 -22 -36 0
-7 -22 -40 0
-7 -22 -36 -40 0
-7 -28 -36 -40 0
-7 -28 -36 0
-7 -28 -40 0
-7 -28 -36 -40 0
-7 -36 -40 0
-11 -16 -22 -28 0
-11 -16 -22 -28 -36 0
-11 -16 -22 -28 -40 0
-11 -16 -22 -28 0
-11 -16 -22 -36 0
-11 -16 -22 -40 0
-11 -16 -22 0
-11 -16 -22 -36 -40 0
-11 -16 -22 -36 0
-11 -16 -22 -40 0
-11 -16 -28 -36 0
-11 -16 -28 -40 0
-11 -16 -28 0
-11 -16 -28 -36 -40 0
-11 -16 -28 -36 0
-11 -16 -28 -40 0
-11 -16 -36 -40 0
-11 -16 -36 0
-11 -16 -40 0
-11 -16 -36 -40 0
-11 -22 -28 -36 0
-11 -22 -28 -40 0
-11 -22 -28 0
-11 -22 -28 -36 -40 0
-11 -22 -28 -36 0
-11 -22 -28 -40 0
-11 -22 -36 -40 0
-11 -22 -36 0
-11 -22 -40 0
-11 -22 -36 -40 0
-11 -28 -36 -40 0
-11 -28 -36 0
-11 -28 -40 0
-11 -28 -36 -40 0
-11 -36 -40 0
-16 -22 -28 -36 0
-16 -22 -28 -40 0
-16 -22 -28 0
-16 -22 -28 -36 -40 0
-16 -22 -28 -36 0
-16 -22 -28 -40 0
-16 -22 -36 -40 0
-16 -22 -36 0
-16 -22 -40 0
-16 -22 -36 -40 0
-16 -28 -36 -40 0
-16 -28 -36 0
-16 -28 -40 0
-16 -28 -36 -40 0
-16 -36 -40 0
-22 -28 -36 -40 0
-22 -28 -36 0
-22 -28 -40 0
-22 -28 -36 -40 0
-22 -36 -40 0
-28 -36 -40 0
-7 -11 -16 -22 -28 0
-7 -11 -16 -22 -28 -36 0
-7 -11 -16 -22 -28 -40 0
-7 -11 -16 -22 -28 0
-7 -11 -16 -22 -36 0
-7 -11 -16 -22 -40 0
-7 -11 -16 -22 0
-7 -11 -16 -22 -36 -40 0
-7 -11 -16 -22 -36 0
-7 -11 -16 -22 -40 0
-7 -11 -16 -28 -36 0
-7 -11 -16 -28 -40 0
-7 -11 -16 -28 0
-7 -11 -16 -28 -36 -40 0
-7 -11 -16 -28 -36 0
-7 -11 -16 -28 -40 0
-7 -11 -16 -36 -40 0
-7 -11 -16 -36 0
-7 -11 -16 -40 0
-7 -11 -16 -36 -40 0
-7 -11 -22 -28 -36 0
-7 -11 -22 -28 -40 0
-7 -11 -22 -28 0
-7 -11 -22 -28 -36 -40 0
-7 -11 -22 -28 -36 0
-7 -11 -22 -28 -40 0
-7 -11 -22 -36 -40 0
-7 -11 -22 -36 0
-7 -11 -22 -40 0
-7 -11 -22 -36 -40 0
-7 -11 -28 -36 -40 0
-7 -11 -28 -36 0
-7 -11 -28 -40 0
-7 -11 -28 -36 -40 0
-7 -11 -36 -40 0
-7 -16 -22 -28 -36 0
-7 -16 -22 -28 -40 0
-7 -16 -22 -28 0
-7 -16 -22 -28 -36 -40 0
-7 -16 -22 -28 -36 0
-7 -16 -22 -28 -40 0
-7 -16 -22 -36 -40 0
-7 -16 -22 -36 0
-7 -16 -22 -40 0
-7 -16 -22 -36 -40 0
-7 -16 -28 -36 -40 0
-7 -16 -28 -36 0
-7 -16 -28 -40 0
-7 -16 -28 -36 -40 0
-7 -16 -36 -40 0
-7 -22 -28 -36 -40 0
-7 -22 -28 -36 0
-7 -22 -28 -40 0
-7 -22 -28 -36 -40 0
-7 -22 -36 -40 0
-7 -28 -36 -40 0
-11 -16 -22 -28 -36 0
-11 -16 -22 -28 -40 0
-11 -16 -22 -28 0
-11 -16 -22 -28 -36 -40 0
-11 -16 -22 -28 -36 0
-11 -16 -22 -28 -40 0
-11 -16 -22 -36 -40 0
-11 -16 -22 -36 0
-11 -16 -22 -40 0
-11 -16 -22 -36 -40 0
-11 -16 -28 -36 -40 0
-11 -16 -28 -36 0
-11 -16 -28 -40 0
-11 -16 -28 -36 -40 0
-11 -16 -36 -40 0
-11 -22 -28 -36 -40 0
-11 -22 -28 -36 0
-11 -22 -28 -40 0
-11 -22 -28 -36 -40 0
-11 -22 -36 -40 0
-11 -28 -36 -40 0
-16 -22 -28 -36 -40 0
-16 -22 -28 -36 0
-16 -22 -28 -40 0
-16 -22 -28 -36 -40 0
-16 -22 -36 -40 0
-16 -28 -36 -40 0
-22 -28 -36 -40 0
7 11 16 22 28 36 0
7 11 16 22 28 40 0
7 11 16 22 36 40 0
7 11 16 28 36 40 0
7 11 22 28 36 40 0
7 16 22 28 36 40 0
11 16 22 28 36 40 0
-8 -12 -17 -23 0
-8 -12 -17 -23 -31 0
-8 -12 -17 -23 -41 0
-8 -12 -17 -23 -46 0
-8 -12 -17 -31 0
-8 -12 -17 -41 0
-8 -12 -17 -46 0
-8 -12 -17 -31 -41 0
-8 -12 -17 -31 -46 0
-8 -12 -17 -41 -46 0
-8 -12 -23 -31 0
-8 -12 -23 -41 0
-8 -12 -23 -46 0
-8 -12 -23 -31 -41 0
-8 -12 -23 -31 -46 0
-8 -12 -23 -41 -46 0
-8 -12 -31 -41 0
-8 -12 -31 -46 0
-8 -12 -41 -46 0
-8 -12 -31 -41 -46 0
-8 -17 -23 -31 0
-8 -17 -23 -41 0
-8 -17 -23 -46 0
-8 -17 -23 -31 -41 0
-8 -17 -23 -31 -46 0
-8 -17 -23 -41 -46 0
-8 -17 -31 -41 0
-8 -17 -31 -46 0
-8 -17 -41 -46 0
-8 -17 -31 -41 -46 0
-8 -23 -31 -41 0
-8 -23 -31 -46 0
-8 -23 -41 -46 0
-8 -23 -31 -41 -46 0
-8 -31 -41 -46 0
-12 -17 -23 -31 0
-12 -17 -23 -41 0
-12 -17 -23 -46 0
-12 -17 -23 -31 -41 0
-12 -17 -23 -31 -46 0
-12 -17 -23 -41 -46 0
-12 -17 -31 -41 0
-12 -17 -31 -46 0
-12 -17 -41 -46 0
-12 -17 -31 -41 -46 0
-12 -23 -31 -41 0
-12 -23 -31 -46 0
-12 -23 -41 -46 0
-12 -23 -31 -41 -46 0
-12 -31 -41 -46 0
-17 -23 -31 -41 0
-17 -23 -31 -46 0
-17 -23 -41 -46 0
-17 -23 -31 -41 -46 0
-17 -31 -41 -46 0
-23 -31 -41 -46 0
-8 -12 -17 -23 -31 0
-8 -12 -17 -23 -41 0
-8 -12 -17 -23 -46 0
-8 -12 -17 -23 -31 -41 0
-8 -12 -17 -23 -31 -46 0
-8 -12 -17 -23 -41 -46 0
-8 -12 -17 -31 -41 0
-8 -12 -17 -31 -46 0
-8 -12 -17 -41 -46 0
-8 -12 -17 -31 -41 -46 0
-8 -12 -23 -31 -41 0
-8 -12 -23 -31 -46 0
-8 -12 -23 -41 -46 0
-8 -12 -23 -31 -41 -46 0
-8 -12 -31 -41 -46 0
-8 -17 -23 -31 -41 0
-8 -17 -23 -31 -46 0
-8 -17 -23 -41 -46 0
-8 -17 -23 -31 -41 -46 0
-8 -17 -31 -41 -46 0
-8 -23 -31 -41 -46 0
-12 -17 -23 -31 -41 0
-12 -17 -23 -31 -46 0
-12 -17 -23 -41 -46 0
-12 -17 -23 -31 -41 -46 0
-12 -17 -31 -41 -46 0
-12 -23 -31 -41 -46 0
-17 -23 -31 -41 -46 0
8 12 17 23 31 0
8 12 17 23 31 41 0
8 12 17 23 31 46 0
8 12 17 23 41 0
8 12 17 23 46 0
8 12 17 23 41 46 0
8 12 17 31 41 0
8 12 17 31 46 0
8 12 17 31 41 46 0
8 12 17 41 46 0
8 12 23 31 41 0
8 12 23 31 46 0
8 12 23 31 41 46 0
8 12 23 41 46 0
8 12 31 41 46 0
8 17 23 31 41 0
8 17 23 31 46 0
8 17 23 31 41 46 0
8 17 23 41 46 0
8 17 31 41 46 0
8 23 31 41 46 0
12 17 23 31 41 0
12 17 23 31 46 0
12 17 23 31 41 46 0
12 17 23 41 46 0
12 17 31 41 46 0
12 23 31 41 46 0
17 23 31 41 46 0
