p cnf 173 765
1 2 3 4 0
-1 -2 0
-1 -3 0
-1 -4 0
-2 -3 0
-2 -4 0
-3 -4 0
5 6 7 8 0
-5 -6 0
-5 -7 0
-5 -8 0
-6 -7 0
-6 -8 0
-7 -8 0
9 10 11 0
-9 -10 0
-9 -11 0
-10 -11 0
12 13 14 15 0
-12 -13 0
-12 -14 0
-12 -15 0
-13 -14 0
-13 -15 0
-14 -15 0
16 17 18 0
-16 -17 0
-16 -18 0
-17 -18 0
19 20 21 0
-19 -20 0
-19 -21 0
-20 -21 0
22 23 24 25 0
-22 -23 0
-22 -24 0
-22 -25 0
-23 -24 0
-23 -25 0
-24 -25 0
26 27 28 29 0
-26 -27 0
-26 -28 0
-26 -29 0
-27 -28 0
-27 -29 0
-28 -29 0
30 31 32 33 0
-30 -31 0
-30 -32 0
-30 -33 0
-31 -32 0
-31 -33 0
-32 -33 0
34 35 36 0
-34 -35 0
-34 -36 0
-35 -36 0
37 38 39 40 0
-37 -38 0
-37 -39 0
-37 -40 0
-38 -39 0
-38 -40 0
-39 -40 0
41 42 43 0
-41 -42 0
-41 -43 0
-42 -43 0
44 45 46 47 0
-44 -45 0
-44 -46 0
-44 -47 0
-45 -46 0
-45 -47 0
-46 -47 0
48 49 50 0
-48 -49 0
-48 -50 0
-49 -50 0
51 52 53 0
-51 -52 0
-51 -53 0
-52 -53 0
54 55 56 57 0
-54 -55 0
-54 -56 0
-54 -57 0
-55 -56 0
-55 -57 0
-56 -57 0
58 59 60 0
-58 -59 0
-58 -60 0
-59 -60 0
61 62 63 64 0
-61 -62 0
-61 -63 0
-61 -64 0
-62 -63 0
-62 -64 0
-63 -64 0
65 66 67 68 0
-65 -66 0
-65 -67 0
-65 -68 0
-66 -67 0
-66 -68 0
-67 -68 0
69 70 71 72 0
-69 -70 0
-69 -71 0
-69 -72 0
-70 -71 0
-70 -72 0
-71 -72 0
73 74 75 76 0
-73 -74 0
-73 -75 0
-73 -76 0
-74 -75 0
-74 -76 0
-75 -76 0
77 78 79 80 0
-77 -78 0
-77 -79 0
-77 -80 0
-78 -79 0
-78 -80 0
-79 -80 0
81 82 83 84 0
-81 -82 0
-81 -83 0
-81 -84 0
-82 -83 0
-82 -84 0
-83 -84 0
85 86 87 88 0
-85 -86 0
-85 -87 0
-85 -88 0
-86 -87 0
-86 -88 0
-87 -88 0
89 90 91 92 0
-89 -90 0
-89 -91 0
-89 -92 0
-90 -91 0
-90 -92 0
-91 -92 0
93 94 95 96 0
-93 -94 0
-93 -95 0
-93 -96 0
-94 -95 0
-94 -96 0
-95 -96 0
97 98 99 100 0
-97 -98 0
-97 -99 0
-97 -100 0
-98 -99 0
-98 -100 0
-99 -100 0
101 102 103 104 0
-101 -102 0
-101 -103 0
-101 -104 0
-102 -103 0
-102 -104 0
-103 -104 0
105 106 107 108 0
-105 -106 0
-105 -107 0
-105 -108 0
-106 -107 0
-106 -108 0
-107 -108 0
109 110 111 0
-109 -110 0
-109 -111 0
-110 -111 0
112 113 0
-112 -113 0
114 115 116 117 0
-114 -115 0
-114 -116 0
-114 -117 0
-115 -116 0
-115 -117 0
-116 -117 0
118 119 120 121 0
-118 -119 0
-118 -120 0
-118 -121 0
-119 -120 0
-119 -121 0
-120 -121 0
122 123 124 125 0
-122 -123 0
-122 -124 0
-122 -125 0
-123 -124 0
-123 -125 0
-124 -125 0
126 127 128 0
-126 -127 0
-126 -128 0
-127 -128 0
129 130 131 132 0
-129 -130 0
-129 -131 0
-129 -132 0
-130 -131 0
-130 -132 0
-131 -132 0
133 134 135 136 0
-133 -134 0
-133 -135 0
-133 -136 0
-134 -135 0
-134 -136 0
-135 -136 0
137 138 139 0
-137 -138 0
-137 -139 0
-138 -139 0
140 141 142 143 0
-140 -141 0
-140 -142 0
-140 -143 0
-141 -142 0
-141 -143 0
-142 -143 0
144 145 146 147 0
-144 -145 0
-144 -146 0
-144 -147 0
-145 -146 0
-145 -147 0
-146 -147 0
148 149 150 151 0
-148 -149 0
-148 -150 0
-148 -151 0
-149 -150 0
-149 -151 0
-150 -151 0
152 153 154 155 0
-152 -153 0
-152 -154 0
-152 -155 0
-153 -154 0
-153 -155 0
-154 -155 0
156 157 158 159 0
-156 -157 0
-156 -158 0
-156 -159 0
-157 -158 0
-157 -159 0
-158 -159 0
160 161 162 0
-160 -161 0
-160 -162 0
-161 -162 0
163 164 165 166 0
-163 -164 0
-163 -165 0
-163 -166 0
-164 -165 0
-164 -166 0
-165 -166 0
167 168 169 170 0
-167 -168 0
-167 -169 0
-167 -170 0
-168 -169 0
-168 -170 0
-169 -170 0
171 172 173 0
-171 -172 0
-171 -173 0
-172 -173 0
-1 -44 0
-2 -45 0
-3 -46 0
-4 -47 0
-1 -65 0
-2 -66 0
-3 -67 0
-4 -68 0
-1 -93 0
-2 -94 0
-3 -95 0
-4 -96 0
-1 -105 0
-2 -106 0
-3 -107 0
-4 -108 0
-1 -126 0
-2 -127 0
-4 -128 0
-5 -12 0
-6 -13 0
-7 -14 0
-8 -15 0
-5 -16 0
-6 -17 0
-8 -18 0
-5 -44 0
-6 -45 0
-7 -46 0
-8 -47 0
-5 -65 0
-6 -66 0
-7 -67 0
-8 -68 0
-5 -69 0
-6 -70 0
-7 -71 0
-8 -72 0
-5 -73 0
-6 -74 0
-7 -75 0
-8 -76 0
-5 -114 0
-6 -115 0
-7 -116 0
-8 -117 0
-5 -144 0
-6 -145 0
-7 -146 0
-8 -147 0
-5 -152 0
-6 -153 0
-7 -154 0
-8 -155 0
-6 -160 0
-7 -161 0
-8 -162 0
-9 -30 0
-10 -31 0
-11 -33 0
-9 -34 0
-11 -36 0
-10 -48 0
-11 -50 0
-11 -113 0
-9 -140 0
-10 -141 0
-11 -143 0
-9 -167 0
-10 -168 0
-11 -170 0
-12 -37 0
-13 -38 0
-14 -39 0
-15 -40 0
-12 -148 0
-13 -149 0
-14 -150 0
-15 -151 0
-12 -167 0
-13 -168 0
-14 -169 0
-15 -170 0
-16 -41 0
-17 -42 0
-18 -43 0
-16 -54 0
-17 -55 0
-18 -57 0
-16 -97 0
-17 -98 0
-18 -100 0
-18 -113 0
-16 -126 0
-17 -127 0
-18 -128 0
-16 -163 0
-17 -164 0
-18 -166 0
-16 -167 0
-17 -168 0
-18 -170 0
-19 -38 0
-20 -39 0
-21 -40 0
-19 -45 0
-20 -46 0
-21 -47 0
-19 -106 0
-20 -107 0
-21 -108 0
-19 -123 0
-20 -124 0
-21 -125 0
-19 -145 0
-20 -146 0
-21 -147 0
-22 -34 0
-24 -35 0
-25 -36 0
-22 -51 0
-23 -52 0
-25 -53 0
-22 -65 0
-23 -66 0
-24 -67 0
-25 -68 0
-22 -89 0
-23 -90 0
-24 -91 0
-25 -92 0
-22 -163 0
-23 -164 0
-24 -165 0
-25 -166 0
-22 -167 0
-23 -168 0
-24 -169 0
-25 -170 0
-26 -34 0
-28 -35 0
-29 -36 0
-26 -81 0
-27 -82 0
-28 -83 0
-29 -84 0
-30 -37 0
-31 -38 0
-32 -39 0
-33 -40 0
-30 -44 0
-31 -45 0
-32 -46 0
-33 -47 0
-30 -69 0
-31 -70 0
-32 -71 0
-33 -72 0
-30 -77 0
-31 -78 0
-32 -79 0
-33 -80 0
-30 -85 0
-31 -86 0
-32 -87 0
-33 -88 0
-30 -93 0
-31 -94 0
-32 -95 0
-33 -96 0
-30 -144 0
-31 -145 0
-32 -146 0
-33 -147 0
-30 -148 0
-31 -149 0
-32 -150 0
-33 -151 0
-30 -152 0
-31 -153 0
-32 -154 0
-33 -155 0
-30 -171 0
-32 -172 0
-33 -173 0
-34 -37 0
-35 -39 0
-36 -40 0
-35 -59 0
-36 -60 0
-34 -93 0
-35 -95 0
-36 -96 0
-34 -114 0
-35 -116 0
-36 -117 0
-34 -118 0
-35 -120 0
-36 -121 0
-34 -126 0
-36 -128 0
-35 -138 0
-36 -139 0
-38 -48 0
-39 -49 0
-40 -50 0
-37 -54 0
-38 -55 0
-39 -56 0
-40 -57 0
-37 -61 0
-38 -62 0
-39 -63 0
-40 -64 0
-37 -65 0
-38 -66 0
-39 -67 0
-40 -68 0
-37 -122 0
-38 -123 0
-39 -124 0
-40 -125 0
-37 -126 0
-38 -127 0
-40 -128 0
-38 -160 0
-39 -161 0
-40 -162 0
-41 -65 0
-42 -66 0
-43 -68 0
-41 -163 0
-42 -164 0
-43 -166 0
-45 -58 0
-46 -59 0
-47 -60 0
-44 -97 0
-45 -98 0
-46 -99 0
-47 -100 0
-44 -152 0
-45 -153 0
-46 -154 0
-47 -155 0
-44 -171 0
-46 -172 0
-47 -173 0
-48 -55 0
-49 -56 0
-50 -57 0
-52 -58 0
-53 -60 0
-51 -114 0
-52 -115 0
-53 -117 0
-51 -140 0
-52 -141 0
-53 -143 0
-54 -69 0
-55 -70 0
-56 -71 0
-57 -72 0
-54 -73 0
-55 -74 0
-56 -75 0
-57 -76 0
-54 -93 0
-55 -94 0
-56 -95 0
-57 -96 0
-54 -129 0
-55 -130 0
-56 -131 0
-57 -132 0
-54 -152 0
-55 -153 0
-56 -154 0
-57 -155 0
-58 -98 0
-59 -99 0
-60 -100 0
-58 -119 0
-59 -120 0
-60 -121 0
-58 -134 0
-59 -135 0
-60 -136 0
-58 -164 0
-59 -165 0
-60 -166 0
-59 -172 0
-60 -173 0
-61 -85 0
-62 -86 0
-63 -87 0
-64 -88 0
-61 -89 0
-62 -90 0
-63 -91 0
-64 -92 0
-65 -69 0
-66 -70 0
-67 -71 0
-68 -72 0
-65 -122 0
-66 -123 0
-67 -124 0
-68 -125 0
-65 -129 0
-66 -130 0
-67 -131 0
-68 -132 0
-65 -171 0
-67 -172 0
-68 -173 0
-69 -101 0
-70 -102 0
-71 -103 0
-72 -104 0
-71 -112 0
-72 -113 0
-69 -118 0
-70 -119 0
-71 -120 0
-72 -121 0
-69 -129 0
-70 -130 0
-71 -131 0
-72 -132 0
-69 -167 0
-70 -168 0
-71 -169 0
-72 -170 0
-73 -109 0
-74 -110 0
-76 -111 0
-73 -144 0
-74 -145 0
-75 -146 0
-76 -147 0
-79 -112 0
-80 -113 0
-77 -156 0
-78 -157 0
-79 -158 0
-80 -159 0
-77 -167 0
-78 -168 0
-79 -169 0
-80 -170 0
-81 -89 0
-82 -90 0
-83 -91 0
-84 -92 0
-81 -171 0
-83 -172 0
-84 -173 0
-85 -89 0
-86 -90 0
-87 -91 0
-88 -92 0
-85 -101 0
-86 -102 0
-87 -103 0
-88 -104 0
-85 -118 0
-86 -119 0
-87 -120 0
-88 -121 0
-85 -148 0
-86 -149 0
-87 -150 0
-88 -151 0
-93 -118 0
-94 -119 0
-95 -120 0
-96 -121 0
-93 -133 0
-94 -134 0
-95 -135 0
-96 -136 0
-101 -114 0
-102 -115 0
-103 -116 0
-104 -117 0
-101 -167 0
-102 -168 0
-103 -169 0
-104 -170 0
-107 -112 0
-108 -113 0
-105 -126 0
-106 -127 0
-108 -128 0
-105 -140 0
-106 -141 0
-107 -142 0
-108 -143 0
-109 -114 0
-110 -115 0
-111 -117 0
-109 -129 0
-110 -130 0
-111 -132 0
-109 -133 0
-110 -134 0
-111 -136 0
-109 -144 0
-110 -145 0
-111 -147 0
-112 -150 0
-113 -151 0
-114 -118 0
-115 -119 0
-116 -120 0
-117 -121 0
-114 -152 0
-115 -153 0
-116 -154 0
-117 -155 0
-114 -167 0
-115 -168 0
-116 -169 0
-117 -170 0
-118 -140 0
-119 -141 0
-120 -142 0
-121 -143 0
-122 -129 0
-123 -130 0
-124 -131 0
-125 -132 0
-122 -167 0
-123 -168 0
-124 -169 0
-125 -170 0
-126 -163 0
-127 -164 0
-128 -166 0
-129 -167 0
-130 -168 0
-131 -169 0
-132 -170 0
-133 -156 0
-134 -157 0
-135 -158 0
-136 -159 0
-133 -167 0
-134 -168 0
-135 -169 0
-136 -170 0
-137 -141 0
-138 -142 0
-139 -143 0
-137 -157 0
-138 -158 0
-139 -159 0
-140 -156 0
-141 -157 0
-142 -158 0
-143 -159 0
-148 -167 0
-149 -168 0
-150 -169 0
-151 -170 0
-148 -171 0
-150 -172 0
-151 -173 0
-156 -163 0
-157 -164 0
-158 -165 0
-159 -166 0
-156 -167 0
-157 -168 0
-158 -169 0
-159 -170 0
-160 -164 0
-161 -165 0
-162 -166 0
