p cnf 53 178
41 42 43 44 0
45 46 47 48 49 50 0
-1 -5 0
-1 -11 0
-1 -18 0
-1 -24 0
-1 -28 0
-1 -34 0
-1 -51 0
-5 -11 0
-5 -18 0
-5 -24 0
-5 -28 0
-5 -34 0
-5 -51 0
-11 -18 0
-11 -24 0
-11 -28 0
-11 -34 0
-11 -51 0
-18 -24 0
-18 -28 0
-18 -34 0
-18 -51 0
-24 -28 0
-24 -34 0
-24 -51 0
-28 -34 0
-28 -51 0
-34 -51 0
-2 -6 0
-2 -12 0
-2 -29 0
-2 -35 0
-2 -41 0
-2 -45 0
-6 -12 0
-6 -29 0
-6 -35 0
-6 -41 0
-6 -45 0
-12 -29 0
-12 -35 0
-12 -41 0
-12 -45 0
-29 -35 0
-29 -41 0
-29 -45 0
-35 -41 0
-35 -45 0
-41 -45 0
-7 -13 0
-7 -19 0
-7 -25 0
-7 -36 0
-7 -42 0
-7 -46 0
-13 -19 0
-13 -25 0
-13 -36 0
-13 -42 0
-13 -46 0
-19 -25 0
-19 -36 0
-19 -42 0
-19 -46 0
-25 -36 0
-25 -42 0
-25 -46 0
-36 -42 0
-36 -46 0
-42 -46 0
-3 -8 0
-3 -14 0
-3 -20 0
-3 -30 0
-3 -37 0
-3 -43 0
-3 -47 0
-8 -14 0
-8 -20 0
-8 -30 0
-8 -37 0
-8 -43 0
-8 -47 0
-14 -20 0
-14 -30 0
-14 -37 0
-14 -43 0
-14 -47 0
-20 -30 0
-20 -37 0
-20 -43 0
-20 -47 0
-30 -37 0
-30 -43 0
-30 -47 0
-37 -43 0
-37 -47 0
-43 -47 0
-9 -15 0
-9 -21 0
-9 -26 0
-9 -31 0
-9 -38 0
-9 -44 0
-9 -48 0
-9 -52 0
-15 -21 0
-15 -26 0
-15 -31 0
-15 -38 0
-15 -44 0
-15 -48 0
-15 -52 0
-21 -26 0
-21 -31 0
-21 -38 0
-21 -44 0
-21 -48 0
-21 -52 0
-26 -31 0
-26 -38 0
-26 -44 0
-26 -48 0
-26 -52 0
-31 -38 0
-31 -44 0
-31 -48 0
-31 -52 0
-38 -44 0
-38 -48 0
-38 -52 0
-44 -48 0
-44 -52 0
-48 -52 0
-16 -22 0
-16 -27 0
-16 -32 0
-16 -39 0
-16 -49 0
-16 -53 0
-22 -27 0
-22 -32 0
-22 -39 0
-22 -49 0
-22 -53 0
-27 -32 0
-27 -39 0
-27 -49 0
-27 -53 0
-32 -39 0
-32 -49 0
-32 -53 0
-39 -49 0
-39 -53 0
-49 -53 0
-4 -10 0
-4 -17 0
-4 -23 0
-4 -33 0
-4 -40 0
-4 -50 0
-10 -17 0
-10 -23 0
-10 -33 0
-10 -40 0
-10 -50 0
-17 -23 0
-17 -33 0
-17 -40 0
-17 -50 0
-23 -33 0
-23 -40 0
-23 -50 0
-33 -40 0
-33 -50 0
-40 -50 0
