p cnf 12 62
-1 -2 -3 0
1 2 0
1 3 0
2 3 0
1 2 3 0
1 2 3 0
-4 -5 0
4 5 0
-6 -7 -8 0
-6 -7 -9 0
-6 -8 -9 0
-6 -7 -8 -9 0
-7 -8 -9 0
6 7 8 0
6 7 9 0
6 8 9 0
7 8 9 0
6 7 8 9 0
-10 -11 -12 0
10 11 0
10 12 0
10 11 12 0
11 12 0
10 11 12 0
-6 -10 0
6 10 0
-1 -4 -7 0
1 4 7 0
1 4 0
1 4 7 0
1 7 0
1 4 7 0
4 7 0
-2 -5 -8 -11 0
2 5 0
2 5 8 0
2 5 11 0
2 8 0
2 11 0
2 8 11 0
5 8 0
5 11 0
5 8 11 0
8 11 0
2 5 8 0
2 5 11 0
2 5 8 11 0
2 8 11 0
5 8 11 0
2 5 8 0
2 5 11 0
2 5 8 11 0
2 8 11 0
5 8 11 0
2 5 8 11 0
-3 -9 0
-3 -12 0
-3 -9 -12 0
-3 -9 -12 0
-9 -12 0
-3 -9 -12 0
3 9 12 0
