p cnf 28 129
-5 -6 -7 -10 -11 0
2 6 12 -15 -16 -17 -18 -19 0
-20 -21 -23 0
4 7 14 15 20 -26 -28 0
16 21 0
-1 -5 0
1 6 -2 0
-1 -6 2 0
-1 3 0
1 7 -4 0
-1 -7 4 0
-1 -8 0
-1 -9 0
-1 -10 0
-1 -11 0
12 -2 0
13 -3 0
14 -4 0
-2 3 0
2 15 -4 0
-2 -15 4 0
-2 -16 0
-2 -17 0
-2 -18 0
-2 -19 0
3 20 -4 0
-3 -20 4 0
-3 -21 0
-3 -22 0
-3 -23 0
-3 -24 0
-4 -25 0
-4 -26 0
-4 -27 0
-4 -28 0
5 12 -6 0
-5 -12 6 0
5 13 0
5 14 -7 0
-5 -14 7 0
5 -8 0
-5 9 0
-5 10 0
5 -11 0
6 15 -7 0
-6 -15 7 0
6 16 -8 0
-6 -16 8 0
6 17 -9 0
-6 -17 9 0
6 18 -10 0
-6 -18 10 0
6 19 -11 0
-6 -19 11 0
-20 7 0
-21 8 0
-22 9 0
-23 10 0
-24 11 0
7 25 -8 0
-7 -25 8 0
7 26 -9 0
-7 -26 9 0
7 27 -10 0
-7 -27 10 0
7 28 -11 0
-7 -28 11 0
-8 9 0
-8 10 0
8 -11 0
-9 10 0
9 -11 0
10 -11 0
-12 13 0
12 15 -14 0
-12 -15 14 0
-12 -16 0
12 17 0
12 18 0
-12 -19 0
13 20 -14 0
-13 -20 14 0
-13 -21 0
13 22 0
13 23 0
-13 -24 0
-14 -25 0
14 26 0
14 27 0
-14 -28 0
-20 15 0
-21 16 0
-22 17 0
-23 18 0
-24 19 0
15 25 -16 0
-15 -25 16 0
15 26 -17 0
-15 -26 17 0
15 27 -18 0
-15 -27 18 0
15 28 -19 0
-15 -28 19 0
-16 17 0
-16 18 0
16 -19 0
-17 18 0
17 -19 0
18 -19 0
20 25 -21 0
-20 -25 21 0
20 26 -22 0
-20 -26 22 0
20 27 -23 0
-20 -27 23 0
20 28 -24 0
-20 -28 24 0
-21 22 0
-21 23 0
21 -24 0
-22 23 0
22 -24 0
23 -24 0
-25 26 0
-25 27 0
25 -28 0
-26 27 0
26 -28 0
27 -28 0
