p cnf 51 194
1 2 3 0
-1 -2 0
-1 -3 0
-2 -3 0
4 5 6 7 0
-4 -5 0
-4 -6 0
-4 -7 0
-5 -6 0
-5 -7 0
-6 -7 0
8 9 10 11 12 0
-8 -9 0
-8 -10 0
-8 -11 0
-8 -12 0
-9 -10 0
-9 -11 0
-9 -12 0
-10 -11 0
-10 -12 0
-11 -12 0
13 14 15 0
-13 -14 0
-13 -15 0
-14 -15 0
16 17 0
-16 -17 0
18 19 20 0
-18 -19 0
-18 -20 0
-19 -20 0
21 22 23 24 0
-21 -22 0
-21 -23 0
-21 -24 0
-22 -23 0
-22 -24 0
-23 -24 0
25 26 0
-25 -26 0
27 28 29 30 0
-27 -28 0
-27 -29 0
-27 -30 0
-28 -29 0
-28 -30 0
-29 -30 0
31 32 33 34 0
-31 -32 0
-31 -33 0
-31 -34 0
-32 -33 0
-32 -34 0
-33 -34 0
35 36 37 0
-35 -36 0
-35 -37 0
-36 -37 0
38 39 40 0
-38 -39 0
-38 -40 0
-39 -40 0
41 42 0
-41 -42 0
43 44 45 46 0
-43 -44 0
-43 -45 0
-43 -46 0
-44 -45 0
-44 -46 0
-45 -46 0
47 48 0
-47 -48 0
49 50 51 0
-49 -50 0
-49 -51 0
-50 -51 0
-1 -13 0
-2 -14 0
-3 -15 0
-2 -23 0
-3 -24 0
-1 -28 0
-2 -29 0
-3 -30 0
-1 -32 0
-2 -33 0
-3 -34 0
-2 -36 0
-3 -37 0
-2 -39 0
-3 -40 0
-1 -43 0
-2 -45 0
-3 -46 0
-2 -47 0
-3 -48 0
-6 -19 0
-7 -20 0
-6 -25 0
-7 -26 0
-4 -27 0
-6 -29 0
-7 -30 0
-5 -38 0
-6 -39 0
-7 -40 0
-6 -47 0
-7 -48 0
-9 -13 0
-11 -14 0
-12 -15 0
-11 -25 0
-12 -26 0
-8 -31 0
-9 -32 0
-11 -33 0
-12 -34 0
-10 -38 0
-11 -39 0
-12 -40 0
-11 -41 0
-12 -42 0
-8 -49 0
-11 -50 0
-12 -51 0
-14 -16 0
-15 -17 0
-13 -18 0
-14 -19 0
-15 -20 0
-14 -25 0
-15 -26 0
-14 -41 0
-15 -42 0
-16 -19 0
-17 -20 0
-16 -23 0
-17 -24 0
-16 -29 0
-17 -30 0
-16 -36 0
-17 -37 0
-19 -36 0
-20 -37 0
-19 -41 0
-20 -42 0
-23 -25 0
-24 -26 0
-21 -31 0
-23 -33 0
-24 -34 0
-22 -35 0
-23 -36 0
-24 -37 0
-22 -38 0
-23 -39 0
-24 -40 0
-22 -44 0
-23 -45 0
-24 -46 0
-25 -33 0
-26 -34 0
-29 -36 0
-30 -37 0
-28 -43 0
-29 -45 0
-30 -46 0
-33 -41 0
-34 -42 0
-32 -43 0
-33 -45 0
-34 -46 0
-35 -38 0
-36 -39 0
-37 -40 0
-36 -41 0
-37 -42 0
-36 -50 0
-37 -51 0
-39 -41 0
-40 -42 0
-38 -44 0
-39 -45 0
-40 -46 0
-41 -45 0
-42 -46 0
-41 -47 0
-42 -48 0
-45 -50 0
-46 -51 0
-47 -50 0
-48 -51 0
