p cnf 179 695
18 19 20 21 22 23 24 25 26 27 28 29 30 31 32 33 34 35 36 0
37 38 39 40 41 42 43 44 45 46 47 48 49 50 51 52 53 54 55 0
56 57 58 59 60 61 62 63 64 65 66 67 68 69 70 71 72 73 0
92 93 94 95 96 97 98 99 100 101 102 103 104 105 106 107 108 109 0
110 111 112 113 114 115 116 117 118 119 120 121 122 123 124 125 126 127 0
128 129 130 131 132 133 134 135 136 137 138 139 140 141 142 143 144 0
-1 -18 0
-1 -37 0
-1 -56 0
-1 -74 0
-1 -92 0
-1 -110 0
-1 -128 0
-1 -145 0
-1 -162 0
-18 -37 0
-18 -56 0
-18 -74 0
-18 -92 0
-18 -110 0
-18 -128 0
-18 -145 0
-18 -162 0
-37 -56 0
-37 -74 0
-37 -92 0
-37 -110 0
-37 -128 0
-37 -145 0
-37 -162 0
-56 -74 0
-56 -92 0
-56 -110 0
-56 -128 0
-56 -145 0
-56 -162 0
-74 -92 0
-74 -110 0
-74 -128 0
-74 -145 0
-74 -162 0
-92 -110 0
-92 -128 0
-92 -145 0
-92 -162 0
-110 -128 0
-110 -145 0
-110 -162 0
-128 -145 0
-128 -162 0
-145 -162 0
-2 -19 0
-2 -38 0
-2 -57 0
-2 -93 0
-2 -111 0
-2 -129 0
-2 -163 0
-19 -38 0
-19 -57 0
-19 -93 0
-19 -111 0
-19 -129 0
-19 -163 0
-38 -57 0
-38 -93 0
-38 -111 0
-38 -129 0
-38 -163 0
-57 -93 0
-57 -111 0
-57 -129 0
-57 -163 0
-93 -111 0
-93 -129 0
-93 -163 0
-111 -129 0
-111 -163 0
-129 -163 0
-3 -20 0
-3 -39 0
-3 -58 0
-3 -75 0
-3 -94 0
-3 -130 0
-3 -146 0
-3 -164 0
-20 -39 0
-20 -58 0
-20 -75 0
-20 -94 0
-20 -130 0
-20 -146 0
-20 -164 0
-39 -58 0
-39 -75 0
-39 -94 0
-39 -130 0
-39 -146 0
-39 -164 0
-58 -75 0
-58 -94 0
-58 -130 0
-58 -146 0
-58 -164 0
-75 -94 0
-75 -130 0
-75 -146 0
-75 -164 0
-94 -130 0
-94 -146 0
-94 -164 0
-130 -146 0
-130 -164 0
-146 -164 0
-21 -40 0
-21 -59 0
-21 -76 0
-21 -95 0
-21 -112 0
-21 -131 0
-21 -147 0
-21 -165 0
-40 -59 0
-40 -76 0
-40 -95 0
-40 -112 0
-40 -131 0
-40 -147 0
-40 -165 0
-59 -76 0
-59 -95 0
-59 -112 0
-59 -131 0
-59 -147 0
-59 -165 0
-76 -95 0
-76 -112 0
-76 -131 0
-76 -147 0
-76 -165 0
-95 -112 0
-95 -131 0
-95 -147 0
-95 -165 0
-112 -131 0
-112 -147 0
-112 -165 0
-131 -147 0
-131 -165 0
-147 -165 0
-4 -22 0
-4 -41 0
-4 -60 0
-4 -77 0
-4 -96 0
-4 -132 0
-4 -148 0
-4 -166 0
-22 -41 0
-22 -60 0
-22 -77 0
-22 -96 0
-22 -132 0
-22 -148 0
-22 -166 0
-41 -60 0
-41 -77 0
-41 -96 0
-41 -132 0
-41 -148 0
-41 -166 0
-60 -77 0
-60 -96 0
-60 -132 0
-60 -148 0
-60 -166 0
-77 -96 0
-77 -132 0
-77 -148 0
-77 -166 0
-96 -132 0
-96 -148 0
-96 -166 0
-132 -148 0
-132 -166 0
-148 -166 0
-23 -42 0
-23 -61 0
-23 -78 0
-23 -97 0
-23 -113 0
-23 -133 0
-23 -149 0
-23 -167 0
-42 -61 0
-42 -78 0
-42 -97 0
-42 -113 0
-42 -133 0
-42 -149 0
-42 -167 0
-61 -78 0
-61 -97 0
-61 -113 0
-61 -133 0
-61 -149 0
-61 -167 0
-78 -97 0
-78 -113 0
-78 -133 0
-78 -149 0
-78 -167 0
-97 -113 0
-97 -133 0
-97 -149 0
-97 -167 0
-113 -133 0
-113 -149 0
-113 -167 0
-133 -149 0
-133 -167 0
-149 -167 0
-5 -24 0
-5 -43 0
-5 -79 0
-5 -114 0
-5 -134 0
-5 -150 0
-5 -168 0
-24 -43 0
-24 -79 0
-24 -114 0
-24 -134 0
-24 -150 0
-24 -168 0
-43 -79 0
-43 -114 0
-43 -134 0
-43 -150 0
-43 -168 0
-79 -114 0
-79 -134 0
-79 -150 0
-79 -168 0
-114 -134 0
-114 -150 0
-114 -168 0
-134 -150 0
-134 -168 0
-150 -168 0
-6 -25 0
-6 -44 0
-6 -62 0
-6 -80 0
-6 -98 0
-6 -115 0
-25 -44 0
-25 -62 0
-25 -80 0
-25 -98 0
-25 -115 0
-44 -62 0
-44 -80 0
-44 -98 0
-44 -115 0
-62 -80 0
-62 -98 0
-62 -115 0
-80 -98 0
-80 -115 0
-98 -115 0
-7 -26 0
-7 -45 0
-7 -63 0
-7 -81 0
-7 -99 0
-7 -116 0
-7 -135 0
-7 -151 0
-26 -45 0
-26 -63 0
-26 -81 0
-26 -99 0
-26 -116 0
-26 -135 0
-26 -151 0
-45 -63 0
-45 -81 0
-45 -99 0
-45 -116 0
-45 -135 0
-45 -151 0
-63 -81 0
-63 -99 0
-63 -116 0
-63 -135 0
-63 -151 0
-81 -99 0
-81 -116 0
-81 -135 0
-81 -151 0
-99 -116 0
-99 -135 0
-99 -151 0
-116 -135 0
-116 -151 0
-135 -151 0
-8 -46 0
-8 -82 0
-8 -100 0
-8 -117 0
-8 -136 0
-8 -169 0
-46 -82 0
-46 -100 0
-46 -117 0
-46 -136 0
-46 -169 0
-82 -100 0
-82 -117 0
-82 -136 0
-82 -169 0
-100 -117 0
-100 -136 0
-100 -169 0
-117 -136 0
-117 -169 0
-136 -169 0
-9 -27 0
-9 -47 0
-9 -64 0
-9 -83 0
-9 -101 0
-9 -118 0
-9 -137 0
-9 -152 0
-9 -170 0
-27 -47 0
-27 -64 0
-27 -83 0
-27 -101 0
-27 -118 0
-27 -137 0
-27 -152 0
-27 -170 0
-47 -64 0
-47 -83 0
-47 -101 0
-47 -118 0
-47 -137 0
-47 -152 0
-47 -170 0
-64 -83 0
-64 -101 0
-64 -118 0
-64 -137 0
-64 -152 0
-64 -170 0
-83 -101 0
-83 -118 0
-83 -137 0
-83 -152 0
-83 -170 0
-101 -118 0
-101 -137 0
-101 -152 0
-101 -170 0
-118 -137 0
-118 -152 0
-118 -170 0
-137 -152 0
-137 -170 0
-152 -170 0
-28 -48 0
-28 -65 0
-28 -84 0
-28 -102 0
-28 -119 0
-28 -138 0
-28 -153 0
-28 -171 0
-48 -65 0
-48 -84 0
-48 -102 0
-48 -119 0
-48 -138 0
-48 -153 0
-48 -171 0
-65 -84 0
-65 -102 0
-65 -119 0
-65 -138 0
-65 -153 0
-65 -171 0
-84 -102 0
-84 -119 0
-84 -138 0
-84 -153 0
-84 -171 0
-102 -119 0
-102 -138 0
-102 -153 0
-102 -171 0
-119 -138 0
-119 -153 0
-119 -171 0
-138 -153 0
-138 -171 0
-153 -171 0
-10 -29 0
-10 -120 0
-10 -139 0
-10 -172 0
-29 -120 0
-29 -139 0
-29 -172 0
-120 -139 0
-120 -172 0
-139 -172 0
-11 -30 0
-11 -49 0
-11 -66 0
-11 -85 0
-11 -103 0
-11 -121 0
-11 -154 0
-11 -173 0
-30 -49 0
-30 -66 0
-30 -85 0
-30 -103 0
-30 -121 0
-30 -154 0
-30 -173 0
-49 -66 0
-49 -85 0
-49 -103 0
-49 -121 0
-49 -154 0
-49 -173 0
-66 -85 0
-66 -103 0
-66 -121 0
-66 -154 0
-66 -173 0
-85 -103 0
-85 -121 0
-85 -154 0
-85 -173 0
-103 -121 0
-103 -154 0
-103 -173 0
-121 -154 0
-121 -173 0
-154 -173 0
-12 -31 0
-12 -67 0
-12 -104 0
-12 -122 0
-12 -140 0
-12 -155 0
-12 -174 0
-31 -67 0
-31 -104 0
-31 -122 0
-31 -140 0
-31 -155 0
-31 -174 0
-67 -104 0
-67 -122 0
-67 -140 0
-67 -155 0
-67 -174 0
-104 -122 0
-104 -140 0
-104 -155 0
-104 -174 0
-122 -140 0
-122 -155 0
-122 -174 0
-140 -155 0
-140 -174 0
-155 -174 0
-13 -32 0
-13 -50 0
-13 -68 0
-13 -86 0
-13 -105 0
-13 -123 0
-13 -141 0
-13 -156 0
-13 -175 0
-32 -50 0
-32 -68 0
-32 -86 0
-32 -105 0
-32 -123 0
-32 -141 0
-32 -156 0
-32 -175 0
-50 -68 0
-50 -86 0
-50 -105 0
-50 -123 0
-50 -141 0
-50 -156 0
-50 -175 0
-68 -86 0
-68 -105 0
-68 -123 0
-68 -141 0
-68 -156 0
-68 -175 0
-86 -105 0
-86 -123 0
-86 -141 0
-86 -156 0
-86 -175 0
-105 -123 0
-105 -141 0
-105 -156 0
-105 -175 0
-123 -141 0
-123 -156 0
-123 -175 0
-141 -156 0
-141 -175 0
-156 -175 0
-14 -33 0
-14 -51 0
-14 -69 0
-14 -87 0
-14 -106 0
-14 -124 0
-14 -142 0
-14 -157 0
-14 -176 0
-33 -51 0
-33 -69 0
-33 -87 0
-33 -106 0
-33 -124 0
-33 -142 0
-33 -157 0
-33 -176 0
-51 -69 0
-51 -87 0
-51 -106 0
-51 -124 0
-51 -142 0
-51 -157 0
-51 -176 0
-69 -87 0
-69 -106 0
-69 -124 0
-69 -142 0
-69 -157 0
-69 -176 0
-87 -106 0
-87 -124 0
-87 -142 0
-87 -157 0
-87 -176 0
-106 -124 0
-106 -142 0
-106 -157 0
-106 -176 0
-124 -142 0
-124 -157 0
-124 -176 0
-142 -157 0
-142 -176 0
-157 -176 0
-15 -34 0
-15 -52 0
-15 -70 0
-15 -88 0
-15 -107 0
-15 -125 0
-15 -143 0
-15 -158 0
-34 -52 0
-34 -70 0
-34 -88 0
-34 -107 0
-34 -125 0
-34 -143 0
-34 -158 0
-52 -70 0
-52 -88 0
-52 -107 0
-52 -125 0
-52 -143 0
-52 -158 0
-70 -88 0
-70 -107 0
-70 -125 0
-70 -143 0
-70 -158 0
-88 -107 0
-88 -125 0
-88 -143 0
-88 -158 0
-107 -125 0
-107 -143 0
-107 -158 0
-125 -143 0
-125 -158 0
-143 -158 0
-16 -35 0
-16 -53 0
-16 -71 0
-16 -89 0
-16 -126 0
-16 -159 0
-16 -177 0
-35 -53 0
-35 -71 0
-35 -89 0
-35 -126 0
-35 -159 0
-35 -177 0
-53 -71 0
-53 -89 0
-53 -126 0
-53 -159 0
-53 -177 0
-71 -89 0
-71 -126 0
-71 -159 0
-71 -177 0
-89 -126 0
-89 -159 0
-89 -177 0
-126 -159 0
-126 -177 0
-159 -177 0
-17 -36 0
-17 -54 0
-17 -72 0
-17 -90 0
-17 -108 0
-17 -144 0
-17 -160 0
-17 -178 0
-36 -54 0
-36 -72 0
-36 -90 0
-36 -108 0
-36 -144 0
-36 -160 0
-36 -178 0
-54 -72 0
-54 -90 0
-54 -108 0
-54 -144 0
-54 -160 0
-54 -178 0
-72 -90 0
-72 -108 0
-72 -144 0
-72 -160 0
-72 -178 0
-90 -108 0
-90 -144 0
-90 -160 0
-90 -178 0
-108 -144 0
-108 -160 0
-108 -178 0
-144 -160 0
-144 -178 0
-160 -178 0
-55 -73 0
-55 -91 0
-55 -109 0
-55 -127 0
-55 -161 0
-55 -179 0
-73 -91 0
-73 -109 0
-73 -127 0
-73 -161 0
-73 -179 0
-91 -109 0
-91 -127 0
-91 -161 0
-91 -179 0
-109 -127 0
-109 -161 0
-109 -179 0
-127 -161 0
-127 -179 0
-161 -179 0
