p cnf 196 761
22 23 24 25 26 27 28 29 30 31 32 33 34 35 36 37 38 39 40 41 0
42 43 44 45 46 47 48 49 50 51 52 53 54 55 56 57 58 59 60 61 0
62 63 64 65 66 67 68 69 70 71 72 73 74 75 76 77 78 79 0
80 81 82 83 84 85 86 87 88 89 90 91 92 93 94 95 96 97 98 0
99 100 101 102 103 104 105 106 107 108 109 110 111 112 113 114 115 116 117 118 0
119 120 121 122 123 124 125 126 127 128 129 130 131 132 133 134 135 136 137 138 0
139 140 141 142 143 144 145 146 147 148 149 150 151 152 153 154 155 0
156 157 158 159 160 161 162 163 164 165 166 167 168 169 170 171 172 173 174 175 176 0
-1 -42 0
-1 -62 0
-1 -80 0
-1 -99 0
-1 -119 0
-1 -139 0
-1 -156 0
-1 -177 0
-42 -62 0
-42 -80 0
-42 -99 0
-42 -119 0
-42 -139 0
-42 -156 0
-42 -177 0
-62 -80 0
-62 -99 0
-62 -119 0
-62 -139 0
-62 -156 0
-62 -177 0
-80 -99 0
-80 -119 0
-80 -139 0
-80 -156 0
-80 -177 0
-99 -119 0
-99 -139 0
-99 -156 0
-99 -177 0
-119 -139 0
-119 -156 0
-119 -177 0
-139 -156 0
-139 -177 0
-156 -177 0
-2 -22 0
-2 -43 0
-2 -81 0
-2 -100 0
-2 -140 0
-2 -157 0
-2 -178 0
-22 -43 0
-22 -81 0
-22 -100 0
-22 -140 0
-22 -157 0
-22 -178 0
-43 -81 0
-43 -100 0
-43 -140 0
-43 -157 0
-43 -178 0
-81 -100 0
-81 -140 0
-81 -157 0
-81 -178 0
-100 -140 0
-100 -157 0
-100 -178 0
-140 -157 0
-140 -178 0
-157 -178 0
-3 -23 0
-3 -44 0
-3 -82 0
-3 -101 0
-3 -120 0
-3 -141 0
-3 -158 0
-3 -179 0
-23 -44 0
-23 -82 0
-23 -101 0
-23 -120 0
-23 -141 0
-23 -158 0
-23 -179 0
-44 -82 0
-44 -101 0
-44 -120 0
-44 -141 0
-44 -158 0
-44 -179 0
-82 -101 0
-82 -120 0
-82 -141 0
-82 -158 0
-82 -179 0
-101 -120 0
-101 -141 0
-101 -158 0
-101 -179 0
-120 -141 0
-120 -158 0
-120 -179 0
-141 -158 0
-141 -179 0
-158 -179 0
-4 -24 0
-4 -45 0
-4 -63 0
-4 -83 0
-4 -102 0
-4 -121 0
-4 -142 0
-4 -159 0
-4 -180 0
-24 -45 0
-24 -63 0
-24 -83 0
-24 -102 0
-24 -121 0
-24 -142 0
-24 -159 0
-24 -180 0
-45 -63 0
-45 -83 0
-45 -102 0
-45 -121 0
-45 -142 0
-45 -159 0
-45 -180 0
-63 -83 0
-63 -102 0
-63 -121 0
-63 -142 0
-63 -159 0
-63 -180 0
-83 -102 0
-83 -121 0
-83 -142 0
-83 -159 0
-83 -180 0
-102 -121 0
-102 -142 0
-102 -159 0
-102 -180 0
-121 -142 0
-121 -159 0
-121 -180 0
-142 -159 0
-142 -180 0
-159 -180 0
-5 -25 0
-5 -46 0
-5 -84 0
-5 -122 0
-5 -143 0
-5 -160 0
-5 -181 0
-25 -46 0
-25 -84 0
-25 -122 0
-25 -143 0
-25 -160 0
-25 -181 0
-46 -84 0
-46 -122 0
-46 -143 0
-46 -160 0
-46 -181 0
-84 -122 0
-84 -143 0
-84 -160 0
-84 -181 0
-122 -143 0
-122 -160 0
-122 -181 0
-143 -160 0
-143 -181 0
-160 -181 0
-6 -47 0
-6 -64 0
-6 -103 0
-6 -123 0
-6 -161 0
-47 -64 0
-47 -103 0
-47 -123 0
-47 -161 0
-64 -103 0
-64 -123 0
-64 -161 0
-103 -123 0
-103 -161 0
-123 -161 0
-7 -26 0
-7 -48 0
-7 -65 0
-7 -85 0
-7 -104 0
-7 -124 0
-7 -144 0
-7 -162 0
-7 -182 0
-26 -48 0
-26 -65 0
-26 -85 0
-26 -104 0
-26 -124 0
-26 -144 0
-26 -162 0
-26 -182 0
-48 -65 0
-48 -85 0
-48 -104 0
-48 -124 0
-48 -144 0
-48 -162 0
-48 -182 0
-65 -85 0
-65 -104 0
-65 -124 0
-65 -144 0
-65 -162 0
-65 -182 0
-85 -104 0
-85 -124 0
-85 -144 0
-85 -162 0
-85 -182 0
-104 -124 0
-104 -144 0
-104 -162 0
-104 -182 0
-124 -144 0
-124 -162 0
-124 -182 0
-144 -162 0
-144 -182 0
-162 -182 0
-8 -27 0
-8 -49 0
-8 -86 0
-8 -105 0
-8 -125 0
-8 -163 0
-8 -183 0
-27 -49 0
-27 -86 0
-27 -105 0
-27 -125 0
-27 -163 0
-27 -183 0
-49 -86 0
-49 -105 0
-49 -125 0
-49 -163 0
-49 -183 0
-86 -105 0
-86 -125 0
-86 -163 0
-86 -183 0
-105 -125 0
-105 -163 0
-105 -183 0
-125 -163 0
-125 -183 0
-163 -183 0
-9 -28 0
-9 -50 0
-9 -66 0
-9 -106 0
-9 -126 0
-9 -164 0
-9 -184 0
-28 -50 0
-28 -66 0
-28 -106 0
-28 -126 0
-28 -164 0
-28 -184 0
-50 -66 0
-50 -106 0
-50 -126 0
-50 -164 0
-50 -184 0
-66 -106 0
-66 -126 0
-66 -164 0
-66 -184 0
-106 -126 0
-106 -164 0
-106 -184 0
-126 -164 0
-126 -184 0
-164 -184 0
-10 -51 0
-10 -67 0
-10 -107 0
-10 -127 0
-10 -145 0
-10 -165 0
-10 -185 0
-51 -67 0
-51 -107 0
-51 -127 0
-51 -145 0
-51 -165 0
-51 -185 0
-67 -107 0
-67 -127 0
-67 -145 0
-67 -165 0
-67 -185 0
-107 -127 0
-107 -145 0
-107 -165 0
-107 -185 0
-127 -145 0
-127 -165 0
-127 -185 0
-145 -165 0
-145 -185 0
-165 -185 0
-11 -29 0
-11 -87 0
-11 -108 0
-11 -128 0
-11 -146 0
-11 -166 0
-29 -87 0
-29 -108 0
-29 -128 0
-29 -146 0
-29 -166 0
-87 -108 0
-87 -128 0
-87 -146 0
-87 -166 0
-108 -128 0
-108 -146 0
-108 -166 0
-128 -146 0
-128 -166 0
-146 -166 0
-12 -30 0
-12 -52 0
-12 -68 0
-12 -88 0
-12 -109 0
-12 -129 0
-12 -167 0
-12 -186 0
-30 -52 0
-30 -68 0
-30 -88 0
-30 -109 0
-30 -129 0
-30 -167 0
-30 -186 0
-52 -68 0
-52 -88 0
-52 -109 0
-52 -129 0
-52 -167 0
-52 -186 0
-68 -88 0
-68 -109 0
-68 -129 0
-68 -167 0
-68 -186 0
-88 -109 0
-88 -129 0
-88 -167 0
-88 -186 0
-109 -129 0
-109 -167 0
-109 -186 0
-129 -167 0
-129 -186 0
-167 -186 0
-31 -53 0
-31 -69 0
-31 -89 0
-31 -110 0
-31 -130 0
-31 -168 0
-31 -187 0
-53 -69 0
-53 -89 0
-53 -110 0
-53 -130 0
-53 -168 0
-53 -187 0
-69 -89 0
-69 -110 0
-69 -130 0
-69 -168 0
-69 -187 0
-89 -110 0
-89 -130 0
-89 -168 0
-89 -187 0
-110 -130 0
-110 -168 0
-110 -187 0
-130 -168 0
-130 -187 0
-168 -187 0
-13 -32 0
-13 -70 0
-13 -90 0
-13 -111 0
-13 -131 0
-13 -147 0
-13 -169 0
-13 -188 0
-32 -70 0
-32 -90 0
-32 -111 0
-32 -131 0
-32 -147 0
-32 -169 0
-32 -188 0
-70 -90 0
-70 -111 0
-70 -131 0
-70 -147 0
-70 -169 0
-70 -188 0
-90 -111 0
-90 -131 0
-90 -147 0
-90 -169 0
-90 -188 0
-111 -131 0
-111 -147 0
-111 -169 0
-111 -188 0
-131 -147 0
-131 -169 0
-131 -188 0
-147 -169 0
-147 -188 0
-169 -188 0
-14 -33 0
-14 -54 0
-14 -71 0
-14 -91 0
-14 -112 0
-14 -132 0
-14 -148 0
-14 -189 0
-33 -54 0
-33 -71 0
-33 -91 0
-33 -112 0
-33 -132 0
-33 -148 0
-33 -189 0
-54 -71 0
-54 -91 0
-54 -112 0
-54 -132 0
-54 -148 0
-54 -189 0
-71 -91 0
-71 -112 0
-71 -132 0
-71 -148 0
-71 -189 0
-91 -112 0
-91 -132 0
-91 -148 0
-91 -189 0
-112 -132 0
-112 -148 0
-112 -189 0
-132 -148 0
-132 -189 0
-148 -189 0
-15 -34 0
-15 -72 0
-15 -92 0
-15 -113 0
-15 -133 0
-34 -72 0
-34 -92 0
-34 -113 0
-34 -133 0
-72 -92 0
-72 -113 0
-72 -133 0
-92 -113 0
-92 -133 0
-113 -133 0
-16 -35 0
-16 -55 0
-16 -73 0
-16 -114 0
-16 -134 0
-16 -149 0
-16 -170 0
-16 -190 0
-35 -55 0
-35 -73 0
-35 -114 0
-35 -134 0
-35 -149 0
-35 -170 0
-35 -190 0
-55 -73 0
-55 -114 0
-55 -134 0
-55 -149 0
-55 -170 0
-55 -190 0
-73 -114 0
-73 -134 0
-73 -149 0
-73 -170 0
-73 -190 0
-114 -134 0
-114 -149 0
-114 -170 0
-114 -190 0
-134 -149 0
-134 -170 0
-134 -190 0
-149 -170 0
-149 -190 0
-170 -190 0
-17 -36 0
-17 -56 0
-17 -74 0
-17 -93 0
-17 -115 0
-17 -135 0
-17 -150 0
-17 -171 0
-17 -191 0
-36 -56 0
-36 -74 0
-36 -93 0
-36 -115 0
-36 -135 0
-36 -150 0
-36 -171 0
-36 -191 0
-56 -74 0
-56 -93 0
-56 -115 0
-56 -135 0
-56 -150 0
-56 -171 0
-56 -191 0
-74 -93 0
-74 -115 0
-74 -135 0
-74 -150 0
-74 -171 0
-74 -191 0
-93 -115 0
-93 -135 0
-93 -150 0
-93 -171 0
-93 -191 0
-115 -135 0
-115 -150 0
-115 -171 0
-115 -191 0
-135 -150 0
-135 -171 0
-135 -191 0
-150 -171 0
-150 -191 0
-171 -191 0
-37 -57 0
-37 -75 0
-37 -94 0
-37 -151 0
-37 -172 0
-37 -192 0
-57 -75 0
-57 -94 0
-57 -151 0
-57 -172 0
-57 -192 0
-75 -94 0
-75 -151 0
-75 -172 0
-75 -192 0
-94 -151 0
-94 -172 0
-94 -192 0
-151 -172 0
-151 -192 0
-172 -192 0
-18 -38 0
-18 -58 0
-18 -76 0
-18 -95 0
-18 -136 0
-18 -152 0
-18 -173 0
-18 -193 0
-38 -58 0
-38 -76 0
-38 -95 0
-38 -136 0
-38 -152 0
-38 -173 0
-38 -193 0
-58 -76 0
-58 -95 0
-58 -136 0
-58 -152 0
-58 -173 0
-58 -193 0
-76 -95 0
-76 -136 0
-76 -152 0
-76 -173 0
-76 -193 0
-95 -136 0
-95 -152 0
-95 -173 0
-95 -193 0
-136 -152 0
-136 -173 0
-136 -193 0
-152 -173 0
-152 -193 0
-173 -193 0
-19 -39 0
-19 -59 0
-19 -77 0
-19 -96 0
-19 -116 0
-19 -137 0
-19 -153 0
-19 -174 0
-19 -194 0
-39 -59 0
-39 -77 0
-39 -96 0
-39 -116 0
-39 -137 0
-39 -153 0
-39 -174 0
-39 -194 0
-59 -77 0
-59 -96 0
-59 -116 0
-59 -137 0
-59 -153 0
-59 -174 0
-59 -194 0
-77 -96 0
-77 -116 0
-77 -137 0
-77 -153 0
-77 -174 0
-77 -194 0
-96 -116 0
-96 -137 0
-96 -153 0
-96 -174 0
-96 -194 0
-116 -137 0
-116 -153 0
-116 -174 0
-116 -194 0
-137 -153 0
-137 -174 0
-137 -194 0
-153 -174 0
-153 -194 0
-174 -194 0
-20 -40 0
-20 -60 0
-20 -78 0
-20 -97 0
-20 -117 0
-20 -154 0
-20 -175 0
-20 -195 0
-40 -60 0
-40 -78 0
-40 -97 0
-40 -117 0
-40 -154 0
-40 -175 0
-40 -195 0
-60 -78 0
-60 -97 0
-60 -117 0
-60 -154 0
-60 -175 0
-60 -195 0
-78 -97 0
-78 -117 0
-78 -154 0
-78 -175 0
-78 -195 0
-97 -117 0
-97 -154 0
-97 -175 0
-97 -195 0
-117 -154 0
-117 -175 0
-117 -195 0
-154 -175 0
-154 -195 0
-175 -195 0
-21 -41 0
-21 -61 0
-21 -79 0
-21 -98 0
-21 -118 0
-21 -138 0
-21 -155 0
-21 -176 0
-21 -196 0
-41 -61 0
-41 -79 0
-41 -98 0
-41 -118 0
-41 -138 0
-41 -155 0
-41 -176 0
-41 -196 0
-61 -79 0
-61 -98 0
-61 -118 0
-61 -138 0
-61 -155 0
-61 -176 0
-61 -196 0
-79 -98 0
-79 -118 0
-79 -138 0
-79 -155 0
-79 -176 0
-79 -196 0
-98 -118 0
-98 -138 0
-98 -155 0
-98 -176 0
-98 -196 0
-118 -138 0
-118 -155 0
-118 -176 0
-118 -196 0
-138 -155 0
-138 -176 0
-138 -196 0
-155 -176 0
-155 -196 0
-176 -196 0
