p cnf 75 361
-20 -21 0
-20 -22 0
-20 -23 0
-20 -24 0
-21 -22 0
-21 -23 0
-21 -24 0
-22 -23 0
-22 -24 0
-23 -24 0
20 21 22 23 24 0
-25 -26 0
-25 -27 0
-25 -28 0
-25 -29 0
-26 -27 0
-26 -28 0
-26 -29 0
-27 -28 0
-27 -29 0
-28 -29 0
25 26 27 28 29 0
-30 -31 0
-30 -32 0
-30 -33 0
-30 -34 0
-30 -35 0
-31 -32 0
-31 -33 0
-31 -34 0
-31 -35 0
-32 -33 0
-32 -34 0
-32 -35 0
-33 -34 0
-33 -35 0
-34 -35 0
30 31 32 33 34 35 0
-20 -25 0
-20 -30 0
-25 -30 0
-21 -26 0
-21 -31 0
-26 -31 0
-22 -27 0
-22 -32 0
-27 -32 0
-23 -33 0
-24 -28 0
-24 -34 0
-28 -34 0
-29 -35 0
1 -20 0
1 -25 0
1 -30 0
2 -20 -26 0
2 -20 -31 0
2 -25 -21 0
2 -25 -31 0
2 -30 -21 0
2 -30 -26 0
-20 -27 0
-20 -32 0
-25 -22 0
-25 -32 0
-30 -22 0
-30 -27 0
3 -20 -33 0
3 -25 -23 0
3 -25 -33 0
3 -30 -23 0
4 -20 -28 0
4 -20 -34 0
4 -25 -24 0
4 -25 -34 0
4 -30 -24 0
4 -30 -28 0
5 -20 -29 0
5 -20 -35 0
5 -25 -35 0
5 -30 -29 0
6 -21 0
6 -26 0
6 -31 0
7 -22 0
7 -27 0
7 -32 0
8 -23 0
8 -33 0
9 -24 0
9 -28 0
9 -34 0
10 -21 -27 0
10 -21 -32 0
10 -26 -22 0
10 -26 -32 0
10 -31 -22 0
10 -31 -27 0
11 -21 -33 0
11 -26 -23 0
11 -26 -33 0
11 -31 -23 0
12 -21 -28 0
12 -21 -34 0
12 -26 -24 0
12 -26 -34 0
12 -31 -24 0
12 -31 -28 0
13 -21 -29 0
13 -21 -35 0
13 -26 -35 0
13 -31 -29 0
14 -22 -33 0
14 -27 -23 0
14 -27 -33 0
14 -32 -23 0
15 -22 -28 0
15 -22 -34 0
15 -27 -24 0
15 -27 -34 0
15 -32 -24 0
15 -32 -28 0
16 -22 -29 0
16 -22 -35 0
16 -27 -35 0
16 -32 -29 0
17 -23 -28 0
17 -23 -34 0
17 -33 -24 0
17 -33 -28 0
18 -23 -29 0
18 -23 -35 0
18 -33 -29 0
19 -24 -29 0
19 -24 -35 0
19 -28 -35 0
19 -34 -29 0
-36 -37 0
-36 -38 0
-36 -39 0
-36 -40 0
-36 -41 0
-36 -42 0
-36 -43 0
-36 -44 0
-37 -38 0
-37 -39 0
-37 -40 0
-37 -41 0
-37 -42 0
-37 -43 0
-37 -44 0
-38 -39 0
-38 -40 0
-38 -41 0
-38 -42 0
-38 -43 0
-38 -44 0
-39 -40 0
-39 -41 0
-39 -42 0
-39 -43 0
-39 -44 0
-40 -41 0
-40 -42 0
-40 -43 0
-40 -44 0
-41 -42 0
-41 -43 0
-41 -44 0
-42 -43 0
-42 -44 0
-43 -44 0
36 37 38 39 40 41 42 43 44 0
-45 -46 0
-45 -47 0
-45 -48 0
-45 -49 0
-45 -50 0
-45 -51 0
-45 -52 0
-46 -47 0
-46 -48 0
-46 -49 0
-46 -50 0
-46 -51 0
-46 -52 0
-47 -48 0
-47 -49 0
-47 -50 0
-47 -51 0
-47 -52 0
-48 -49 0
-48 -50 0
-48 -51 0
-48 -52 0
-49 -50 0
-49 -51 0
-49 -52 0
-50 -51 0
-50 -52 0
-51 -52 0
45 46 47 48 49 50 51 52 0
-53 -54 0
-53 -55 0
-53 -56 0
-53 -57 0
-53 -58 0
-53 -59 0
-53 -60 0
-54 -55 0
-54 -56 0
-54 -57 0
-54 -58 0
-54 -59 0
-54 -60 0
-55 -56 0
-55 -57 0
-55 -58 0
-55 -59 0
-55 -60 0
-56 -57 0
-56 -58 0
-56 -59 0
-56 -60 0
-57 -58 0
-57 -59 0
-57 -60 0
-58 -59 0
-58 -60 0
-59 -60 0
53 54 55 56 57 58 59 60 0
-61 -62 0
-61 -63 0
-61 -64 0
-61 -65 0
-61 -66 0
-61 -67 0
-61 -68 0
-62 -63 0
-62 -64 0
-62 -65 0
-62 -66 0
-62 -67 0
-62 -68 0
-63 -64 0
-63 -65 0
-63 -66 0
-63 -67 0
-63 -68 0
-64 -65 0
-64 -66 0
-64 -67 0
-64 -68 0
-65 -66 0
-65 -67 0
-65 -68 0
-66 -67 0
-66 -68 0
-67 -68 0
61 62 63 64 65 66 67 68 0
-69 -70 0
-69 -71 0
-69 -72 0
-69 -73 0
-69 -74 0
-69 -75 0
-70 -71 0
-70 -72 0
-70 -73 0
-70 -74 0
-70 -75 0
-71 -72 0
-71 -73 0
-71 -74 0
-71 -75 0
-72 -73 0
-72 -74 0
-72 -75 0
-73 -74 0
-73 -75 0
-74 -75 0
69 70 71 72 73 74 75 0
-1 -36 -45 0
-1 -37 -46 0
-1 -38 -47 0
-1 -39 -48 0
-1 -41 -49 0
-1 -42 -50 0
-1 -43 -51 0
-1 -44 -52 0
-2 -39 0
-3 -36 -61 0
-3 -37 -62 0
-3 -38 -63 0
-3 -39 -64 0
-3 -41 -65 0
-3 -42 -66 0
-3 -43 -67 0
-3 -44 -68 0
-4 -36 0
-5 -36 -69 0
-5 -37 -70 0
-5 -39 -71 0
-5 -41 -72 0
-5 -42 -73 0
-5 -43 -74 0
-5 -44 -75 0
-6 -48 0
-7 -45 -53 0
-7 -46 -54 0
-7 -47 -55 0
-7 -48 -56 0
-7 -49 -57 0
-7 -50 -58 0
-7 -51 -59 0
-7 -52 -60 0
-8 -45 -61 0
-8 -46 -62 0
-8 -47 -63 0
-8 -48 -64 0
-8 -49 -65 0
-8 -50 -66 0
-8 -51 -67 0
-8 -52 -68 0
-9 -45 0
-45 -69 0
-46 -70 0
-48 -71 0
-49 -72 0
-50 -73 0
-51 -74 0
-52 -75 0
-10 -56 0
-11 -64 0
-13 -71 0
-14 -53 -61 0
-14 -54 -62 0
-14 -55 -63 0
-14 -56 -64 0
-14 -57 -65 0
-14 -58 -66 0
-14 -59 -67 0
-14 -60 -68 0
-15 -53 0
-16 -53 -69 0
-16 -54 -70 0
-16 -56 -71 0
-16 -57 -72 0
-16 -58 -73 0
-16 -59 -74 0
-16 -60 -75 0
-17 -61 0
-18 -61 -69 0
-18 -62 -70 0
-18 -64 -71 0
-18 -65 -72 0
-18 -66 -73 0
-18 -67 -74 0
-18 -68 -75 0
-19 -69 0
