p cnf 18 65
-1 -2 -3 -4 -9 0
2 -12 0
14 17 0
1 -2 0
1 -3 0
1 10 -4 0
-1 -10 4 0
1 -5 0
1 -6 0
1 -7 0
1 -8 0
1 -9 0
-2 3 0
-2 4 0
-2 5 0
2 11 -6 0
-2 -11 6 0
-2 7 0
-2 8 0
2 12 -9 0
-2 -12 9 0
3 13 -4 0
-3 -13 4 0
3 -5 0
3 -6 0
3 -7 0
3 -8 0
3 -9 0
4 -5 0
4 14 -6 0
-4 -14 6 0
4 15 -7 0
-4 -15 7 0
4 16 -8 0
-4 -16 8 0
4 -9 0
5 17 -6 0
-5 -17 6 0
-5 7 0
-5 8 0
5 -9 0
-6 7 0
-6 8 0
6 18 -9 0
-6 -18 9 0
-7 8 0
7 -9 0
8 -9 0
13 -10 0
-10 -14 0
-10 -15 0
-10 -16 0
-14 11 0
-17 11 0
11 18 -12 0
-11 -18 12 0
-13 -14 0
-13 -15 0
-13 -16 0
17 -14 0
-14 15 0
-14 16 0
-14 -18 0
-15 16 0
-17 -18 0
