p cnf 91 355
1 2 3 4 0
-1 -2 0
-1 -3 0
-1 -4 0
-2 -3 0
-2 -4 0
-3 -4 0
5 6 7 0
-5 -6 0
-5 -7 0
-6 -7 0
8 9 10 0
-8 -9 0
-8 -10 0
-9 -10 0
11 12 13 14 0
-11 -12 0
-11 -13 0
-11 -14 0
-12 -13 0
-12 -14 0
-13 -14 0
15 16 17 0
-15 -16 0
-15 -17 0
-16 -17 0
18 19 20 21 0
-18 -19 0
-18 -20 0
-18 -21 0
-19 -20 0
-19 -21 0
-20 -21 0
22 23 24 0
-22 -23 0
-22 -24 0
-23 -24 0
25 26 27 0
-25 -26 0
-25 -27 0
-26 -27 0
28 29 30 0
-28 -29 0
-28 -30 0
-29 -30 0
31 32 33 0
-31 -32 0
-31 -33 0
-32 -33 0
34 35 36 0
-34 -35 0
-34 -36 0
-35 -36 0
37 38 39 0
-37 -38 0
-37 -39 0
-38 -39 0
40 41 0
-40 -41 0
42 43 44 0
-42 -43 0
-42 -44 0
-43 -44 0
45 46 47 0
-45 -46 0
-45 -47 0
-46 -47 0
48 49 50 51 0
-48 -49 0
-48 -50 0
-48 -51 0
-49 -50 0
-49 -51 0
-50 -51 0
52 53 0
-52 -53 0
54 55 56 57 0
-54 -55 0
-54 -56 0
-54 -57 0
-55 -56 0
-55 -57 0
-56 -57 0
58 59 60 0
-58 -59 0
-58 -60 0
-59 -60 0
61 62 63 64 0
-61 -62 0
-61 -63 0
-61 -64 0
-62 -63 0
-62 -64 0
-63 -64 0
65 66 67 68 0
-65 -66 0
-65 -67 0
-65 -68 0
-66 -67 0
-66 -68 0
-67 -68 0
69 70 71 72 0
-69 -70 0
-69 -71 0
-69 -72 0
-70 -71 0
-70 -72 0
-71 -72 0
73 74 75 0
-73 -74 0
-73 -75 0
-74 -75 0
76 77 78 79 0
-76 -77 0
-76 -78 0
-76 -79 0
-77 -78 0
-77 -79 0
-78 -79 0
80 81 82 83 0
-80 -81 0
-80 -82 0
-80 -83 0
-81 -82 0
-81 -83 0
-82 -83 0
84 85 86 87 0
-84 -85 0
-84 -86 0
-84 -87 0
-85 -86 0
-85 -87 0
-86 -87 0
88 89 90 91 0
-88 -89 0
-88 -90 0
-88 -91 0
-89 -90 0
-89 -91 0
-90 -91 0
-1 -15 0
-2 -16 0
-4 -17 0
-1 -34 0
-2 -35 0
-4 -36 0
-1 -54 0
-2 -55 0
-3 -56 0
-4 -57 0
-1 -58 0
-2 -59 0
-4 -60 0
-1 -61 0
-2 -62 0
-3 -63 0
-4 -64 0
-1 -73 0
-2 -74 0
-4 -75 0
-1 -84 0
-2 -85 0
-3 -86 0
-4 -87 0
-5 -8 0
-6 -9 0
-7 -10 0
-5 -18 0
-6 -19 0
-7 -21 0
-5 -28 0
-6 -29 0
-5 -40 0
-6 -41 0
-5 -45 0
-6 -46 0
-5 -58 0
-6 -59 0
-7 -60 0
-8 -15 0
-9 -16 0
-10 -17 0
-8 -28 0
-9 -29 0
-8 -31 0
-9 -32 0
-8 -48 0
-9 -49 0
-10 -51 0
-8 -73 0
-9 -74 0
-10 -75 0
-8 -84 0
-9 -85 0
-10 -87 0
-8 -88 0
-9 -89 0
-10 -91 0
-11 -31 0
-12 -32 0
-13 -33 0
-11 -58 0
-12 -59 0
-14 -60 0
-11 -65 0
-12 -66 0
-13 -67 0
-14 -68 0
-11 -73 0
-12 -74 0
-14 -75 0
-15 -48 0
-16 -49 0
-17 -51 0
-15 -52 0
-16 -53 0
-15 -69 0
-16 -70 0
-17 -72 0
-15 -76 0
-16 -77 0
-17 -79 0
-15 -88 0
-16 -89 0
-17 -91 0
-18 -22 0
-19 -23 0
-21 -24 0
-18 -48 0
-19 -49 0
-20 -50 0
-21 -51 0
-18 -52 0
-19 -53 0
-18 -80 0
-19 -81 0
-20 -82 0
-21 -83 0
-22 -34 0
-23 -35 0
-24 -36 0
-22 -52 0
-23 -53 0
-22 -76 0
-23 -77 0
-24 -79 0
-25 -40 0
-26 -41 0
-25 -54 0
-26 -55 0
-27 -57 0
-25 -65 0
-26 -66 0
-27 -68 0
-25 -69 0
-26 -70 0
-27 -72 0
-28 -37 0
-30 -38 0
-28 -45 0
-29 -46 0
-30 -47 0
-28 -61 0
-29 -62 0
-30 -63 0
-28 -76 0
-29 -77 0
-30 -78 0
-34 -76 0
-35 -77 0
-36 -79 0
-34 -88 0
-35 -89 0
-36 -91 0
-37 -69 0
-38 -71 0
-39 -72 0
-37 -73 0
-39 -75 0
-37 -80 0
-38 -82 0
-39 -83 0
-40 -45 0
-41 -46 0
-40 -54 0
-41 -55 0
-40 -61 0
-41 -62 0
-40 -69 0
-41 -70 0
-40 -88 0
-41 -89 0
-42 -65 0
-43 -66 0
-44 -68 0
-42 -69 0
-43 -70 0
-44 -72 0
-42 -84 0
-43 -85 0
-44 -87 0
-45 -54 0
-46 -55 0
-47 -56 0
-45 -61 0
-46 -62 0
-47 -63 0
-45 -69 0
-46 -70 0
-47 -71 0
-48 -58 0
-49 -59 0
-51 -60 0
-48 -76 0
-49 -77 0
-50 -78 0
-51 -79 0
-52 -54 0
-53 -55 0
-52 -61 0
-53 -62 0
-52 -73 0
-53 -74 0
-54 -58 0
-55 -59 0
-57 -60 0
-54 -69 0
-55 -70 0
-56 -71 0
-57 -72 0
-54 -88 0
-55 -89 0
-56 -90 0
-57 -91 0
-58 -69 0
-59 -70 0
-60 -72 0
-58 -76 0
-59 -77 0
-60 -79 0
-58 -84 0
-59 -85 0
-60 -87 0
-65 -69 0
-66 -70 0
-67 -71 0
-68 -72 0
-65 -88 0
-66 -89 0
-67 -90 0
-68 -91 0
-84 -88 0
-85 -89 0
-86 -90 0
-87 -91 0
