p cnf 108 832
-1 -2 0
-1 -3 0
-1 -4 0
-1 -5 0
-1 -6 0
-2 -3 0
-2 -4 0
-2 -5 0
-2 -6 0
-3 -4 0
-3 -5 0
-3 -6 0
-4 -5 0
-4 -6 0
-5 -6 0
1 2 3 4 5 6 0
-7 -8 0
-7 -9 0
-7 -10 0
-7 -11 0
-7 -12 0
-8 -9 0
-8 -10 0
-8 -11 0
-8 -12 0
-9 -10 0
-9 -11 0
-9 -12 0
-10 -11 0
-10 -12 0
-11 -12 0
7 8 9 10 11 12 0
-1 -13 0
-1 -14 0
-1 -15 0
-1 -16 0
-1 -17 0
-1 -18 0
-1 -19 0
-1 -20 0
-1 -21 0
-13 -14 0
-13 -15 0
-13 -16 0
-13 -17 0
-13 -18 0
-13 -19 0
-13 -20 0
-13 -21 0
-14 -15 0
-14 -16 0
-14 -17 0
-14 -18 0
-14 -19 0
-14 -20 0
-14 -21 0
-15 -16 0
-15 -17 0
-15 -18 0
-15 -19 0
-15 -20 0
-15 -21 0
-16 -17 0
-16 -18 0
-16 -19 0
-16 -20 0
-16 -21 0
-17 -18 0
-17 -19 0
-17 -20 0
-17 -21 0
-18 -19 0
-18 -20 0
-18 -21 0
-19 -20 0
-19 -21 0
-20 -21 0
1 13 14 15 16 17 18 19 20 21 0
-13 -22 0
-13 -23 0
-13 -24 0
-22 -23 0
-22 -24 0
-23 -24 0
13 22 23 24 0
-14 -25 0
-14 -26 0
-14 -27 0
-14 -28 0
-14 -29 0
-14 -30 0
-14 -31 0
-25 -26 0
-25 -27 0
-25 -28 0
-25 -29 0
-25 -30 0
-25 -31 0
-26 -27 0
-26 -28 0
-26 -29 0
-26 -30 0
-26 -31 0
-27 -28 0
-27 -29 0
-27 -30 0
-27 -31 0
-28 -29 0
-28 -30 0
-28 -31 0
-29 -30 0
-29 -31 0
-30 -31 0
14 25 26 27 28 29 30 31 0
-7 -15 0
-7 -22 0
-7 -25 0
-7 -32 0
-7 -33 0
-7 -34 0
-7 -35 0
-7 -36 0
-7 -37 0
-7 -38 0
-7 -39 0
-15 -22 0
-15 -25 0
-15 -32 0
-15 -33 0
-15 -34 0
-15 -35 0
-15 -36 0
-15 -37 0
-15 -38 0
-15 -39 0
-22 -25 0
-22 -32 0
-22 -33 0
-22 -34 0
-22 -35 0
-22 -36 0
-22 -37 0
-22 -38 0
-22 -39 0
-25 -32 0
-25 -33 0
-25 -34 0
-25 -35 0
-25 -36 0
-25 -37 0
-25 -38 0
-25 -39 0
-32 -33 0
-32 -34 0
-32 -35 0
-32 -36 0
-32 -37 0
-32 -38 0
-32 -39 0
-33 -34 0
-33 -35 0
-33 -36 0
-33 -37 0
-33 -38 0
-33 -39 0
-34 -35 0
-34 -36 0
-34 -37 0
-34 -38 0
-34 -39 0
-35 -36 0
-35 -37 0
-35 -38 0
-35 -39 0
-36 -37 0
-36 -38 0
-36 -39 0
-37 -38 0
-37 -39 0
-38 -39 0
7 15 22 25 32 33 34 35 36 37 38 39 0
-40 -41 0
-40 -42 0
-40 -43 0
-40 -44 0
-41 -42 0
-41 -43 0
-41 -44 0
-42 -43 0
-42 -44 0
-43 -44 0
40 41 42 43 44 0
-8 -40 0
-8 -45 0
-8 -46 0
-8 -47 0
-8 -48 0
-8 -49 0
-8 -50 0
-8 -51 0
-8 -52 0
-8 -53 0
-40 -45 0
-40 -46 0
-40 -47 0
-40 -48 0
-40 -49 0
-40 -50 0
-40 -51 0
-40 -52 0
-40 -53 0
-45 -46 0
-45 -47 0
-45 -48 0
-45 -49 0
-45 -50 0
-45 -51 0
-45 -52 0
-45 -53 0
-46 -47 0
-46 -48 0
-46 -49 0
-46 -50 0
-46 -51 0
-46 -52 0
-46 -53 0
-47 -48 0
-47 -49 0
-47 -50 0
-47 -51 0
-47 -52 0
-47 -53 0
-48 -49 0
-48 -50 0
-48 -51 0
-48 -52 0
-48 -53 0
-49 -50 0
-49 -51 0
-49 -52 0
-49 -53 0
-50 -51 0
-50 -52 0
-50 -53 0
-51 -52 0
-51 -53 0
-52 -53 0
8 40 45 46 47 48 49 50 51 52 53 0
-54 -55 0
-54 -56 0
-54 -57 0
-55 -56 0
-55 -57 0
-56 -57 0
54 55 56 57 0
-26 -54 0
-26 -58 0
-26 -59 0
-26 -60 0
-26 -61 0
-26 -62 0
-26 -63 0
-26 -64 0
-54 -58 0
-54 -59 0
-54 -60 0
-54 -61 0
-54 -62 0
-54 -63 0
-54 -64 0
-58 -59 0
-58 -60 0
-58 -61 0
-58 -62 0
-58 -63 0
-58 -64 0
-59 -60 0
-59 -61 0
-59 -62 0
-59 -63 0
-59 -64 0
-60 -61 0
-60 -62 0
-60 -63 0
-60 -64 0
-61 -62 0
-61 -63 0
-61 -64 0
-62 -63 0
-62 -64 0
-63 -64 0
26 54 58 59 60 61 62 63 64 0
-2 -27 0
-2 -41 0
-2 -65 0
-2 -66 0
-2 -67 0
-2 -68 0
-2 -69 0
-2 -70 0
-2 -71 0
-2 -72 0
-2 -73 0
-27 -41 0
-27 -65 0
-27 -66 0
-27 -67 0
-27 -68 0
-27 -69 0
-27 -70 0
-27 -71 0
-27 -72 0
-27 -73 0
-41 -65 0
-41 -66 0
-41 -67 0
-41 -68 0
-41 -69 0
-41 -70 0
-41 -71 0
-41 -72 0
-41 -73 0
-65 -66 0
-65 -67 0
-65 -68 0
-65 -69 0
-65 -70 0
-65 -71 0
-65 -72 0
-65 -73 0
-66 -67 0
-66 -68 0
-66 -69 0
-66 -70 0
-66 -71 0
-66 -72 0
-66 -73 0
-67 -68 0
-67 -69 0
-67 -70 0
-67 -71 0
-67 -72 0
-67 -73 0
-68 -69 0
-68 -70 0
-68 -71 0
-68 -72 0
-68 -73 0
-69 -70 0
-69 -71 0
-69 -72 0
-69 -73 0
-70 -71 0
-70 -72 0
-70 -73 0
-71 -72 0
-71 -73 0
-72 -73 0
2 27 41 65 66 67 68 69 70 71 72 73 0
-3 -16 0
-3 -32 0
-3 -45 0
-3 -55 0
-3 -58 0
-3 -74 0
-3 -75 0
-3 -76 0
-3 -77 0
-16 -32 0
-16 -45 0
-16 -55 0
-16 -58 0
-16 -74 0
-16 -75 0
-16 -76 0
-16 -77 0
-32 -45 0
-32 -55 0
-32 -58 0
-32 -74 0
-32 -75 0
-32 -76 0
-32 -77 0
-45 -55 0
-45 -58 0
-45 -74 0
-45 -75 0
-45 -76 0
-45 -77 0
-55 -58 0
-55 -74 0
-55 -75 0
-55 -76 0
-55 -77 0
-58 -74 0
-58 -75 0
-58 -76 0
-58 -77 0
-74 -75 0
-74 -76 0
-74 -77 0
-75 -76 0
-75 -77 0
-76 -77 0
3 16 32 45 55 58 74 75 76 77 0
-4 -33 0
-4 -46 0
-4 -78 0
-4 -79 0
-4 -80 0
-4 -81 0
-33 -46 0
-33 -78 0
-33 -79 0
-33 -80 0
-33 -81 0
-46 -78 0
-46 -79 0
-46 -80 0
-46 -81 0
-78 -79 0
-78 -80 0
-78 -81 0
-79 -80 0
-79 -81 0
-80 -81 0
4 33 46 78 79 80 81 0
-5 -9 0
-5 -28 0
-5 -42 0
-5 -59 0
-5 -65 0
-5 -82 0
-5 -83 0
-5 -84 0
-9 -28 0
-9 -42 0
-9 -59 0
-9 -65 0
-9 -82 0
-9 -83 0
-9 -84 0
-28 -42 0
-28 -59 0
-28 -65 0
-28 -82 0
-28 -83 0
-28 -84 0
-42 -59 0
-42 -65 0
-42 -82 0
-42 -83 0
-42 -84 0
-59 -65 0
-59 -82 0
-59 -83 0
-59 -84 0
-65 -82 0
-65 -83 0
-65 -84 0
-82 -83 0
-82 -84 0
-83 -84 0
5 9 28 42 59 65 82 83 84 0
-29 -78 0
-29 -82 0
-29 -85 0
-29 -86 0
-78 -82 0
-78 -85 0
-78 -86 0
-82 -85 0
-82 -86 0
-85 -86 0
29 78 82 85 86 0
-60 -85 0
-60 -87 0
-85 -87 0
60 85 87 0
-34 -47 0
-34 -66 0
-34 -74 0
-34 -88 0
-34 -89 0
-47 -66 0
-47 -74 0
-47 -88 0
-47 -89 0
-66 -74 0
-66 -88 0
-66 -89 0
-74 -88 0
-74 -89 0
-88 -89 0
34 47 66 74 88 89 0
-35 -67 0
-35 -75 0
-35 -90 0
-35 -91 0
-35 -92 0
-35 -93 0
-35 -94 0
-67 -75 0
-67 -90 0
-67 -91 0
-67 -92 0
-67 -93 0
-67 -94 0
-75 -90 0
-75 -91 0
-75 -92 0
-75 -93 0
-75 -94 0
-90 -91 0
-90 -92 0
-90 -93 0
-90 -94 0
-91 -92 0
-91 -93 0
-91 -94 0
-92 -93 0
-92 -94 0
-93 -94 0
35 67 75 90 91 92 93 94 0
-17 -48 0
-17 -56 0
-17 -61 0
-17 -95 0
-17 -96 0
-48 -56 0
-48 -61 0
-48 -95 0
-48 -96 0
-56 -61 0
-56 -95 0
-56 -96 0
-61 -95 0
-61 -96 0
-95 -96 0
17 48 56 61 95 96 0
-18 -30 0
-18 -36 0
-18 -49 0
-18 -90 0
-18 -97 0
-18 -98 0
-18 -99 0
-30 -36 0
-30 -49 0
-30 -90 0
-30 -97 0
-30 -98 0
-30 -99 0
-36 -49 0
-36 -90 0
-36 -97 0
-36 -98 0
-36 -99 0
-49 -90 0
-49 -97 0
-49 -98 0
-49 -99 0
-90 -97 0
-90 -98 0
-90 -99 0
-97 -98 0
-97 -99 0
-98 -99 0
18 30 36 49 90 97 98 99 0
-10 -37 0
-10 -62 0
-10 -83 0
-10 -86 0
-10 -91 0
-10 -95 0
-10 -97 0
-10 -100 0
-10 -101 0
-37 -62 0
-37 -83 0
-37 -86 0
-37 -91 0
-37 -95 0
-37 -97 0
-37 -100 0
-37 -101 0
-62 -83 0
-62 -86 0
-62 -91 0
-62 -95 0
-62 -97 0
-62 -100 0
-62 -101 0
-83 -86 0
-83 -91 0
-83 -95 0
-83 -97 0
-83 -100 0
-83 -101 0
-86 -91 0
-86 -95 0
-86 -97 0
-86 -100 0
-86 -101 0
-91 -95 0
-91 -97 0
-91 -100 0
-91 -101 0
-95 -97 0
-95 -100 0
-95 -101 0
-97 -100 0
-97 -101 0
-100 -101 0
10 37 62 83 86 91 95 97 100 101 0
-11 -19 0
-11 -23 0
-11 -38 0
-11 -50 0
-11 -68 0
-11 -100 0
-11 -102 0
-11 -103 0
-19 -23 0
-19 -38 0
-19 -50 0
-19 -68 0
-19 -100 0
-19 -102 0
-19 -103 0
-23 -38 0
-23 -50 0
-23 -68 0
-23 -100 0
-23 -102 0
-23 -103 0
-38 -50 0
-38 -68 0
-38 -100 0
-38 -102 0
-38 -103 0
-50 -68 0
-50 -100 0
-50 -102 0
-50 -103 0
-68 -100 0
-68 -102 0
-68 -103 0
-100 -102 0
-100 -103 0
-102 -103 0
11 19 23 38 50 68 100 102 103 0
-24 -39 0
-24 -43 0
-24 -57 0
-24 -69 0
-24 -76 0
-24 -79 0
-24 -104 0
-24 -105 0
-24 -106 0
-39 -43 0
-39 -57 0
-39 -69 0
-39 -76 0
-39 -79 0
-39 -104 0
-39 -105 0
-39 -106 0
-43 -57 0
-43 -69 0
-43 -76 0
-43 -79 0
-43 -104 0
-43 -105 0
-43 -106 0
-57 -69 0
-57 -76 0
-57 -79 0
-57 -104 0
-57 -105 0
-57 -106 0
-69 -76 0
-69 -79 0
-69 -104 0
-69 -105 0
-69 -106 0
-76 -79 0
-76 -104 0
-76 -105 0
-76 -106 0
-79 -104 0
-79 -105 0
-79 -106 0
-104 -105 0
-104 -106 0
-105 -106 0
24 39 43 57 69 76 79 104 105 106 0
-31 -44 0
-31 -84 0
-31 -92 0
-31 -98 0
-31 -107 0
-44 -84 0
-44 -92 0
-44 -98 0
-44 -107 0
-84 -92 0
-84 -98 0
-84 -107 0
-92 -98 0
-92 -107 0
-98 -107 0
31 44 84 92 98 107 0
-6 -12 0
-6 -51 0
-6 -70 0
-6 -80 0
-6 -99 0
-6 -102 0
-6 -104 0
-6 -108 0
-12 -51 0
-12 -70 0
-12 -80 0
-12 -99 0
-12 -102 0
-12 -104 0
-12 -108 0
-51 -70 0
-51 -80 0
-51 -99 0
-51 -102 0
-51 -104 0
-51 -108 0
-70 -80 0
-70 -99 0
-70 -102 0
-70 -104 0
-70 -108 0
-80 -99 0
-80 -102 0
-80 -104 0
-80 -108 0
-99 -102 0
-99 -104 0
-99 -108 0
-102 -104 0
-102 -108 0
-104 -108 0
6 12 51 70 80 99 102 104 108 0
-20 -63 0
-20 -71 0
-20 -77 0
-20 -88 0
-20 -93 0
-20 -101 0
-20 -103 0
-20 -105 0
-63 -71 0
-63 -77 0
-63 -88 0
-63 -93 0
-63 -101 0
-63 -103 0
-63 -105 0
-71 -77 0
-71 -88 0
-71 -93 0
-71 -101 0
-71 -103 0
-71 -105 0
-77 -88 0
-77 -93 0
-77 -101 0
-77 -103 0
-77 -105 0
-88 -93 0
-88 -101 0
-88 -103 0
-88 -105 0
-93 -101 0
-93 -103 0
-93 -105 0
-101 -103 0
-101 -105 0
-103 -105 0
20 63 71 77 88 93 101 103 105 0
-21 -52 0
-21 -72 0
-21 -94 0
-21 -96 0
-21 -106 0
-21 -108 0
-52 -72 0
-52 -94 0
-52 -96 0
-52 -106 0
-52 -108 0
-72 -94 0
-72 -96 0
-72 -106 0
-72 -108 0
-94 -96 0
-94 -106 0
-94 -108 0
-96 -106 0
-96 -108 0
-106 -108 0
21 52 72 94 96 106 108 0
-53 -64 0
-53 -73 0
-53 -81 0
-53 -87 0
-53 -89 0
-53 -107 0
-64 -73 0
-64 -81 0
-64 -87 0
-64 -89 0
-64 -107 0
-73 -81 0
-73 -87 0
-73 -89 0
-73 -107 0
-81 -87 0
-81 -89 0
-81 -107 0
-87 -89 0
-87 -107 0
-89 -107 0
53 64 73 81 87 89 107 0
