p cnf 29 384
1 2 3 4 5 6 0
1 2 3 4 -5 -6 0
1 2 3 -4 5 -6 0
1 2 3 -4 -5 6 0
1 2 -3 4 5 -6 0
1 2 -3 4 -5 6 0
1 2 -3 -4 5 6 0
1 2 -3 -4 -5 -6 0
1 -2 3 4 5 -6 0
1 -2 3 4 -5 6 0
1 -2 3 -4 5 6 0
1 -2 3 -4 -5 -6 0
1 -2 -3 4 5 6 0
1 -2 -3 4 -5 -6 0
1 -2 -3 -4 5 -6 0
1 -2 -3 -4 -5 6 0
-1 2 3 4 5 -6 0
-1 2 3 4 -5 6 0
-1 2 3 -4 5 6 0
-1 2 3 -4 -5 -6 0
-1 2 -3 4 5 6 0
-1 2 -3 4 -5 -6 0
-1 2 -3 -4 5 -6 0
-1 2 -3 -4 -5 6 0
-1 -2 3 4 5 6 0
-1 -2 3 4 -5 -6 0
-1 -2 3 -4 5 -6 0
-1 -2 3 -4 -5 6 0
-1 -2 -3 4 5 -6 0
-1 -2 -3 4 -5 6 0
-1 -2 -3 -4 5 6 0
-1 -2 -3 -4 -5 -6 0
7 8 9 10 0
7 8 -9 -10 0
7 -8 9 -10 0
7 -8 -9 10 0
-7 8 9 -10 0
-7 8 -9 10 0
-7 -8 9 10 0
-7 -8 -9 -10 0
1 7 11 12 13 14 -15 0
1 7 11 12 13 -14 15 0
1 7 11 12 -13 14 15 0
1 7 11 12 -13 -14 -15 0
1 7 11 -12 13 14 15 0
1 7 11 -12 13 -14 -15 0
1 7 11 -12 -13 14 -15 0
1 7 11 -12 -13 -14 15 0
1 7 -11 12 13 14 15 0
1 7 -11 12 13 -14 -15 0
1 7 -11 12 -13 14 -15 0
1 7 -11 12 -13 -14 15 0
1 7 -11 -12 13 14 -15 0
1 7 -11 -12 13 -14 15 0
1 7 -11 -12 -13 14 15 0
1 7 -11 -12 -13 -14 -15 0
1 -7 11 12 13 14 15 0
1 -7 11 12 13 -14 -15 0
1 -7 11 12 -13 14 -15 0
1 -7 11 12 -13 -14 15 0
1 -7 11 -12 13 14 -15 0
1 -7 11 -12 13 -14 15 0
1 -7 11 -12 -13 14 15 0
1 -7 11 -12 -13 -14 -15 0
1 -7 -11 12 13 14 -15 0
1 -7 -11 12 13 -14 15 0
1 -7 -11 12 -13 14 15 0
1 -7 -11 12 -13 -14 -15 0
1 -7 -11 -12 13 14 15 0
1 -7 -11 -12 13 -14 -15 0
1 -7 -11 -12 -13 14 -15 0
1 -7 -11 -12 -13 -14 15 0
-1 7 11 12 13 14 15 0
-1 7 11 12 13 -14 -15 0
-1 7 11 12 -13 14 -15 0
-1 7 11 12 -13 -14 15 0
-1 7 11 -12 13 14 -15 0
-1 7 11 -12 13 -14 15 0
-1 7 11 -12 -13 14 15 0
-1 7 11 -12 -13 -14 -15 0
-1 7 -11 12 13 14 -15 0
-1 7 -11 12 13 -14 15 0
-1 7 -11 12 -13 14 15 0
-1 7 -11 12 -13 -14 -15 0
-1 7 -11 -12 13 14 15 0
-1 7 -11 -12 13 -14 -15 0
-1 7 -11 -12 -13 14 -15 0
-1 7 -11 -12 -13 -14 15 0
-1 -7 11 12 13 14 -15 0
-1 -7 11 12 13 -14 15 0
-1 -7 11 12 -13 14 15 0
-1 -7 11 12 -13 -14 -15 0
-1 -7 11 -12 13 14 15 0
-1 -7 11 -12 13 -14 -15 0
-1 -7 11 -12 -13 14 -15 0
-1 -7 11 -12 -13 -14 15 0
-1 -7 -11 12 13 14 15 0
-1 -7 -11 12 13 -14 -15 0
-1 -7 -11 12 -13 14 -15 0
-1 -7 -11 12 -13 -14 15 0
-1 -7 -11 -12 13 14 -15 0
-1 -7 -11 -12 13 -14 15 0
-1 -7 -11 -12 -13 14 15 0
-1 -7 -11 -12 -13 -14 -15 0
2 8 16 17 18 -19 0
2 8 16 17 -18 19 0
2 8 16 -17 18 19 0
2 8 16 -17 -18 -19 0
2 8 -16 17 18 19 0
2 8 -16 17 -18 -19 0
2 8 -16 -17 18 -19 0
2 8 -16 -17 -18 19 0
2 -8 16 17 18 19 0
2 -8 16 17 -18 -19 0
2 -8 16 -17 18 -19 0
2 -8 16 -17 -18 19 0
2 -8 -16 17 18 -19 0
2 -8 -16 17 -18 19 0
2 -8 -16 -17 18 19 0
2 -8 -16 -17 -18 -19 0
-2 8 16 17 18 19 0
-2 8 16 17 -18 -19 0
-2 8 16 -17 18 -19 0
-2 8 16 -17 -18 19 0
-2 8 -16 17 18 -19 0
-2 8 -16 17 -18 19 0
-2 8 -16 -17 18 19 0
-2 8 -16 -17 -18 -19 0
-2 -8 16 17 18 -19 0
-2 -8 16 17 -18 19 0
-2 -8 16 -17 18 19 0
-2 -8 16 -17 -18 -19 0
-2 -8 -16 17 18 19 0
-2 -8 -16 17 -18 -19 0
-2 -8 -16 -17 18 -19 0
-2 -8 -16 -17 -18 19 0
3 11 16 20 21 22 23 -24 0
3 11 16 20 21 22 -23 24 0
3 11 16 20 21 -22 23 24 0
3 11 16 20 21 -22 -23 -24 0
3 11 16 20 -21 22 23 24 0
3 11 16 20 -21 22 -23 -24 0
3 11 16 20 -21 -22 23 -24 0
3 11 16 20 -21 -22 -23 24 0
3 11 16 -20 21 22 23 24 0
3 11 16 -20 21 22 -23 -24 0
3 11 16 -20 21 -22 23 -24 0
3 11 16 -20 21 -22 -23 24 0
3 11 16 -20 -21 22 23 -24 0
3 11 16 -20 -21 22 -23 24 0
3 11 16 -20 -21 -22 23 24 0
3 11 16 -20 -21 -22 -23 -24 0
3 11 -16 20 21 22 23 24 0
3 11 -16 20 21 22 -23 -24 0
3 11 -16 20 21 -22 23 -24 0
3 11 -16 20 21 -22 -23 24 0
3 11 -16 20 -21 22 23 -24 0
3 11 -16 20 -21 22 -23 24 0
3 11 -16 20 -21 -22 23 24 0
3 11 -16 20 -21 -22 -23 -24 0
3 11 -16 -20 21 22 23 -24 0
3 11 -16 -20 21 22 -23 24 0
3 11 -16 -20 21 -22 23 24 0
3 11 -16 -20 21 -22 -23 -24 0
3 11 -16 -20 -21 22 23 24 0
3 11 -16 -20 -21 22 -23 -24 0
3 11 -16 -20 -21 -22 23 -24 0
3 11 -16 -20 -21 -22 -23 24 0
3 -11 16 20 21 22 23 24 0
3 -11 16 20 21 22 -23 -24 0
3 -11 16 20 21 -22 23 -24 0
3 -11 16 20 21 -22 -23 24 0
3 -11 16 20 -21 22 23 -24 0
3 -11 16 20 -21 22 -23 24 0
3 -11 16 20 -21 -22 23 24 0
3 -11 16 20 -21 -22 -23 -24 0
3 -11 16 -20 21 22 23 -24 0
3 -11 16 -20 21 22 -23 24 0
3 -11 16 -20 21 -22 23 24 0
3 -11 16 -20 21 -22 -23 -24 0
3 -11 16 -20 -21 22 23 24 0
3 -11 16 -20 -21 22 -23 -24 0
3 -11 16 -20 -21 -22 23 -24 0
3 -11 16 -20 -21 -22 -23 24 0
3 -11 -16 20 21 22 23 -24 0
3 -11 -16 20 21 22 -23 24 0
3 -11 -16 20 21 -22 23 24 0
3 -11 -16 20 21 -22 -23 -24 0
3 -11 -16 20 -21 22 23 24 0
3 -11 -16 20 -21 22 -23 -24 0
3 -11 -16 20 -21 -22 23 -24 0
3 -11 -16 20 -21 -22 -23 24 0
3 -11 -16 -20 21 22 23 24 0
3 -11 -16 -20 21 22 -23 -24 0
3 -11 -16 -20 21 -22 23 -24 0
3 -11 -16 -20 21 -22 -23 24 0
3 -11 -16 -20 -21 22 23 -24 0
3 -11 -16 -20 -21 22 -23 24 0
3 -11 -16 -20 -21 -22 23 24 0
3 -11 -16 -20 -21 -22 -23 -24 0
-3 11 16 20 21 22 23 24 0
-3 11 16 20 21 22 -23 -24 0
-3 11 16 20 21 -22 23 -24 0
-3 11 16 20 21 -22 -23 24 0
-3 11 16 20 -21 22 23 -24 0
-3 11 16 20 -21 22 -23 24 0
-3 11 16 20 -21 -22 23 24 0
-3 11 16 20 -21 -22 -23 -24 0
-3 11 16 -20 21 22 23 -24 0
-3 11 16 -20 21 22 -23 24 0
-3 11 16 -20 21 -22 23 24 0
-3 11 16 -20 21 -22 -23 -24 0
-3 11 16 -20 -21 22 23 24 0
-3 11 16 -20 -21 22 -23 -24 0
-3 11 16 -20 -21 -22 23 -24 0
-3 11 16 -20 -21 -22 -23 24 0
-3 11 -16 20 21 22 23 -24 0
-3 11 -16 20 21 22 -23 24 0
-3 11 -16 20 21 -22 23 24 0
-3 11 -16 20 21 -22 -23 -24 0
-3 11 -16 20 -21 22 23 24 0
-3 11 -16 20 -21 22 -23 -24 0
-3 11 -16 20 -21 -22 23 -24 0
-3 11 -16 20 -21 -22 -23 24 0
-3 11 -16 -20 21 22 23 24 0
-3 11 -16 -20 21 22 -23 -24 0
-3 11 -16 -20 21 -22 23 -24 0
-3 11 -16 -20 21 -22 -23 24 0
-3 11 -16 -20 -21 22 23 -24 0
-3 11 -16 -20 -21 22 -23 24 0
-3 11 -16 -20 -21 -22 23 24 0
-3 11 -16 -20 -21 -22 -23 -24 0
-3 -11 16 20 21 22 23 -24 0
-3 -11 16 20 21 22 -23 24 0
-3 -11 16 20 21 -22 23 24 0
-3 -11 16 20 21 -22 -23 -24 0
-3 -11 16 20 -21 22 23 24 0
-3 -11 16 20 -21 22 -23 -24 0
-3 -11 16 20 -21 -22 23 -24 0
-3 -11 16 20 -21 -22 -23 24 0
-3 -11 16 -20 21 22 23 24 0
-3 -11 16 -20 21 22 -23 -24 0
-3 -11 16 -20 21 -22 23 -24 0
-3 -11 16 -20 21 -22 -23 24 0
-3 -11 16 -20 -21 22 23 -24 0
-3 -11 16 -20 -21 22 -23 24 0
-3 -11 16 -20 -21 -22 23 24 0
-3 -11 16 -20 -21 -22 -23 -24 0
-3 -11 -16 20 21 22 23 24 0
-3 -11 -16 20 21 22 -23 -24 0
-3 -11 -16 20 21 -22 23 -24 0
-3 -11 -16 20 21 -22 -23 24 0
-3 -11 -16 20 -21 22 23 -24 0
-3 -11 -16 20 -21 22 -23 24 0
-3 -11 -16 20 -21 -22 23 24 0
-3 -11 -16 20 -21 -22 -23 -24 0
-3 -11 -16 -20 21 22 23 -24 0
-3 -11 -16 -20 21 22 -23 24 0
-3 -11 -16 -20 21 -22 23 24 0
-3 -11 -16 -20 21 -22 -23 -24 0
-3 -11 -16 -20 -21 22 23 24 0
-3 -11 -16 -20 -21 22 -23 -24 0
-3 -11 -16 -20 -21 -22 23 -24 0
-3 -11 -16 -20 -21 -22 -23 24 0
4 12 17 20 25 -26 0
4 12 17 20 -25 26 0
4 12 17 -20 25 26 0
4 12 17 -20 -25 -26 0
4 12 -17 20 25 26 0
4 12 -17 20 -25 -26 0
4 12 -17 -20 25 -26 0
4 12 -17 -20 -25 26 0
4 -12 17 20 25 26 0
4 -12 17 20 -25 -26 0
4 -12 17 -20 25 -26 0
4 -12 17 -20 -25 26 0
4 -12 -17 20 25 -26 0
4 -12 -17 20 -25 26 0
4 -12 -17 -20 25 26 0
4 -12 -17 -20 -25 -26 0
-4 12 17 20 25 26 0
-4 12 17 20 -25 -26 0
-4 12 17 -20 25 -26 0
-4 12 17 -20 -25 26 0
-4 12 -17 20 25 -26 0
-4 12 -17 20 -25 26 0
-4 12 -17 -20 25 26 0
-4 12 -17 -20 -25 -26 0
-4 -12 17 20 25 -26 0
-4 -12 17 20 -25 26 0
-4 -12 17 -20 25 26 0
-4 -12 17 -20 -25 -26 0
-4 -12 -17 20 25 26 0
-4 -12 -17 20 -25 -26 0
-4 -12 -17 -20 25 -26 0
-4 -12 -17 -20 -25 26 0
9 13 18 21 25 -27 0
9 13 18 21 -25 27 0
9 13 18 -21 25 27 0
9 13 18 -21 -25 -27 0
9 13 -18 21 25 27 0
9 13 -18 21 -25 -27 0
9 13 -18 -21 25 -27 0
9 13 -18 -21 -25 27 0
9 -13 18 21 25 27 0
9 -13 18 21 -25 -27 0
9 -13 18 -21 25 -27 0
9 -13 18 -21 -25 27 0
9 -13 -18 21 25 -27 0
9 -13 -18 21 -25 27 0
9 -13 -18 -21 25 27 0
9 -13 -18 -21 -25 -27 0
-9 13 18 21 25 27 0
-9 13 18 21 -25 -27 0
-9 13 18 -21 25 -27 0
-9 13 18 -21 -25 27 0
-9 13 -18 21 25 -27 0
-9 13 -18 21 -25 27 0
-9 13 -18 -21 25 27 0
-9 13 -18 -21 -25 -27 0
-9 -13 18 21 25 -27 0
-9 -13 18 21 -25 27 0
-9 -13 18 -21 25 27 0
-9 -13 18 -21 -25 -27 0
-9 -13 -18 21 25 27 0
-9 -13 -18 21 -25 -27 0
-9 -13 -18 -21 25 -27 0
-9 -13 -18 -21 -25 27 0
14 22 26 27 28 -29 0
14 22 26 27 -28 29 0
14 22 26 -27 28 29 0
14 22 26 -27 -28 -29 0
14 22 -26 27 28 29 0
14 22 -26 27 -28 -29 0
14 22 -26 -27 28 -29 0
14 22 -26 -27 -28 29 0
14 -22 26 27 28 29 0
14 -22 26 27 -28 -29 0
14 -22 26 -27 28 -29 0
14 -22 26 -27 -28 29 0
14 -22 -26 27 28 -29 0
14 -22 -26 27 -28 29 0
14 -22 -26 -27 28 29 0
14 -22 -26 -27 -28 -29 0
-14 22 26 27 28 29 0
-14 22 26 27 -28 -29 0
-14 22 26 -27 28 -29 0
-14 22 26 -27 -28 29 0
-14 22 -26 27 28 -29 0
-14 22 -26 27 -28 29 0
-14 22 -26 -27 28 29 0
-14 22 -26 -27 -28 -29 0
-14 -22 26 27 28 -29 0
-14 -22 26 27 -28 29 0
-14 -22 26 -27 28 29 0
-14 -22 26 -27 -28 -29 0
-14 -22 -26 27 28 29 0
-14 -22 -26 27 -28 -29 0
-14 -22 -26 -27 28 -29 0
-14 -22 -26 -27 -28 29 0
5 10 15 23 -28 0
5 10 15 -23 28 0
5 10 -15 23 28 0
5 10 -15 -23 -28 0
5 -10 15 23 28 0
5 -10 15 -23 -28 0
5 -10 -15 23 -28 0
5 -10 -15 -23 28 0
-5 10 15 23 28 0
-5 10 15 -23 -28 0
-5 10 -15 23 -28 0
-5 10 -15 -23 28 0
-5 -10 15 23 -28 0
-5 -10 15 -23 28 0
-5 -10 -15 23 28 0
-5 -10 -15 -23 -28 0
6 19 24 -29 0
6 19 -24 29 0
6 -19 24 29 0
6 -19 -24 -29 0
-6 19 24 29 0
-6 19 -24 -29 0
-6 -19 24 -29 0
-6 -19 -24 29 0
