p cnf 95 622
-21 -22 0
-21 -23 0
-21 -24 0
-21 -25 0
-21 -26 0
-21 -27 0
-22 -23 0
-22 -24 0
-22 -25 0
-22 -26 0
-22 -27 0
-23 -24 0
-23 -25 0
-23 -26 0
-23 -27 0
-24 -25 0
-24 -26 0
-24 -27 0
-25 -26 0
-25 -27 0
-26 -27 0
21 22 23 24 25 26 27 0
-28 -29 0
-28 -30 0
-28 -31 0
-28 -32 0
-29 -30 0
-29 -31 0
-29 -32 0
-30 -31 0
-30 -32 0
-31 -32 0
28 29 30 31 32 0
-33 -34 0
-33 -35 0
-33 -36 0
-33 -37 0
-33 -38 0
-33 -39 0
-34 -35 0
-34 -36 0
-34 -37 0
-34 -38 0
-34 -39 0
-35 -36 0
-35 -37 0
-35 -38 0
-35 -39 0
-36 -37 0
-36 -38 0
-36 -39 0
-37 -38 0
-37 -39 0
-38 -39 0
33 34 35 36 37 38 39 0
-40 -41 0
-40 -42 0
-40 -43 0
-40 -44 0
-40 -45 0
-40 -46 0
-41 -42 0
-41 -43 0
-41 -44 0
-41 -45 0
-41 -46 0
-42 -43 0
-42 -44 0
-42 -45 0
-42 -46 0
-43 -44 0
-43 -45 0
-43 -46 0
-44 -45 0
-44 -46 0
-45 -46 0
40 41 42 43 44 45 46 0
-21 -28 0
-21 -33 0
-21 -40 0
-28 -33 0
-28 -40 0
-33 -40 0
-22 -29 0
-22 -34 0
-22 -41 0
-29 -34 0
-29 -41 0
-34 -41 0
-23 -30 0
-23 -35 0
-23 -42 0
-30 -35 0
-30 -42 0
-35 -42 0
-24 -36 0
-24 -43 0
-36 -43 0
-25 -31 0
-25 -37 0
-25 -44 0
-31 -37 0
-31 -44 0
-37 -44 0
-26 -32 0
-26 -38 0
-26 -45 0
-32 -38 0
-32 -45 0
-38 -45 0
-27 -39 0
-27 -46 0
-39 -46 0
1 -21 -29 0
1 -21 -34 0
1 -21 -41 0
1 -28 -22 0
1 -28 -34 0
1 -28 -41 0
1 -33 -22 0
1 -33 -29 0
1 -33 -41 0
1 -40 -22 0
1 -40 -29 0
1 -40 -34 0
2 -21 -30 0
2 -21 -35 0
2 -21 -42 0
2 -28 -23 0
2 -28 -35 0
2 -28 -42 0
2 -33 -23 0
2 -33 -30 0
2 -33 -42 0
2 -40 -23 0
2 -40 -30 0
2 -40 -35 0
-21 -36 0
-21 -43 0
-28 -24 0
-28 -36 0
-28 -43 0
-33 -24 0
-33 -43 0
-40 -24 0
-40 -36 0
3 -21 -31 0
3 -21 -37 0
3 -21 -44 0
3 -28 -25 0
3 -28 -37 0
3 -28 -44 0
3 -33 -25 0
3 -33 -31 0
3 -33 -44 0
3 -40 -25 0
3 -40 -31 0
3 -40 -37 0
4 -21 -32 0
4 -21 -38 0
4 -21 -45 0
4 -28 -26 0
4 -28 -38 0
4 -28 -45 0
4 -33 -26 0
4 -33 -32 0
4 -33 -45 0
4 -40 -26 0
4 -40 -32 0
4 -40 -38 0
5 -21 -39 0
5 -21 -46 0
5 -28 -27 0
5 -28 -39 0
5 -28 -46 0
5 -33 -27 0
5 -33 -46 0
5 -40 -27 0
5 -40 -39 0
6 -22 -30 0
6 -22 -35 0
6 -22 -42 0
6 -29 -23 0
6 -29 -35 0
6 -29 -42 0
6 -34 -23 0
6 -34 -30 0
6 -34 -42 0
6 -41 -23 0
6 -41 -30 0
6 -41 -35 0
7 -22 -36 0
7 -22 -43 0
7 -29 -24 0
7 -29 -36 0
7 -29 -43 0
7 -34 -24 0
7 -34 -43 0
7 -41 -24 0
7 -41 -36 0
8 -22 -31 0
8 -22 -37 0
8 -22 -44 0
8 -29 -25 0
8 -29 -37 0
8 -29 -44 0
8 -34 -25 0
8 -34 -31 0
8 -34 -44 0
8 -41 -25 0
8 -41 -31 0
8 -41 -37 0
9 -22 -32 0
9 -22 -38 0
9 -22 -45 0
9 -29 -26 0
9 -29 -38 0
9 -29 -45 0
9 -34 -26 0
9 -34 -32 0
9 -34 -45 0
9 -41 -26 0
9 -41 -32 0
9 -41 -38 0
10 -22 -39 0
10 -22 -46 0
10 -29 -27 0
10 -29 -39 0
10 -29 -46 0
10 -34 -27 0
10 -34 -46 0
10 -41 -27 0
10 -41 -39 0
11 -23 -36 0
11 -23 -43 0
11 -30 -24 0
11 -30 -36 0
11 -30 -43 0
11 -35 -24 0
11 -35 -43 0
11 -42 -24 0
11 -42 -36 0
12 -23 -31 0
12 -23 -37 0
12 -23 -44 0
12 -30 -25 0
12 -30 -37 0
12 -30 -44 0
12 -35 -25 0
12 -35 -31 0
12 -35 -44 0
12 -42 -25 0
12 -42 -31 0
12 -42 -37 0
13 -23 -32 0
13 -23 -38 0
13 -23 -45 0
13 -30 -26 0
13 -30 -38 0
13 -30 -45 0
13 -35 -26 0
13 -35 -32 0
13 -35 -45 0
13 -42 -26 0
13 -42 -32 0
13 -42 -38 0
14 -23 -39 0
14 -23 -46 0
14 -30 -27 0
14 -30 -39 0
14 -30 -46 0
14 -35 -27 0
14 -35 -46 0
14 -42 -27 0
14 -42 -39 0
15 -24 -31 0
15 -24 -37 0
15 -24 -44 0
15 -36 -25 0
15 -36 -31 0
15 -36 -44 0
15 -43 -25 0
15 -43 -31 0
15 -43 -37 0
16 -24 -32 0
16 -24 -38 0
16 -24 -45 0
16 -36 -26 0
16 -36 -32 0
16 -36 -45 0
16 -43 -26 0
16 -43 -32 0
16 -43 -38 0
17 -24 -39 0
17 -24 -46 0
17 -36 -27 0
17 -36 -46 0
17 -43 -27 0
17 -43 -39 0
18 -25 -32 0
18 -25 -38 0
18 -25 -45 0
18 -31 -26 0
18 -31 -38 0
18 -31 -45 0
18 -37 -26 0
18 -37 -32 0
18 -37 -45 0
18 -44 -26 0
18 -44 -32 0
18 -44 -38 0
19 -25 -39 0
19 -25 -46 0
19 -31 -27 0
19 -31 -39 0
19 -31 -46 0
19 -37 -27 0
19 -37 -46 0
19 -44 -27 0
19 -44 -39 0
20 -26 -39 0
20 -26 -46 0
20 -32 -27 0
20 -32 -39 0
20 -32 -46 0
20 -38 -27 0
20 -38 -46 0
20 -45 -27 0
20 -45 -39 0
-47 -48 0
-47 -49 0
-47 -50 0
-47 -51 0
-47 -52 0
-47 -53 0
-47 -54 0
-47 -55 0
-48 -49 0
-48 -50 0
-48 -51 0
-48 -52 0
-48 -53 0
-48 -54 0
-48 -55 0
-49 -50 0
-49 -51 0
-49 -52 0
-49 -53 0
-49 -54 0
-49 -55 0
-50 -51 0
-50 -52 0
-50 -53 0
-50 -54 0
-50 -55 0
-51 -52 0
-51 -53 0
-51 -54 0
-51 -55 0
-52 -53 0
-52 -54 0
-52 -55 0
-53 -54 0
-53 -55 0
-54 -55 0
47 48 49 50 51 52 53 54 55 0
-56 -57 0
-56 -58 0
-56 -59 0
-56 -60 0
-56 -61 0
-56 -62 0
-56 -63 0
-57 -58 0
-57 -59 0
-57 -60 0
-57 -61 0
-57 -62 0
-57 -63 0
-58 -59 0
-58 -60 0
-58 -61 0
-58 -62 0
-58 -63 0
-59 -60 0
-59 -61 0
-59 -62 0
-59 -63 0
-60 -61 0
-60 -62 0
-60 -63 0
-61 -62 0
-61 -63 0
-62 -63 0
56 57 58 59 60 61 62 63 0
-64 -65 0
-64 -66 0
-64 -67 0
-64 -68 0
-64 -69 0
-64 -70 0
-64 -71 0
-65 -66 0
-65 -67 0
-65 -68 0
-65 -69 0
-65 -70 0
-65 -71 0
-66 -67 0
-66 -68 0
-66 -69 0
-66 -70 0
-66 -71 0
-67 -68 0
-67 -69 0
-67 -70 0
-67 -71 0
-68 -69 0
-68 -70 0
-68 -71 0
-69 -70 0
-69 -71 0
-70 -71 0
64 65 66 67 68 69 70 71 0
-72 -73 0
-72 -74 0
-72 -75 0
-72 -76 0
-72 -77 0
-72 -78 0
-72 -79 0
-73 -74 0
-73 -75 0
-73 -76 0
-73 -77 0
-73 -78 0
-73 -79 0
-74 -75 0
-74 -76 0
-74 -77 0
-74 -78 0
-74 -79 0
-75 -76 0
-75 -77 0
-75 -78 0
-75 -79 0
-76 -77 0
-76 -78 0
-76 -79 0
-77 -78 0
-77 -79 0
-78 -79 0
72 73 74 75 76 77 78 79 0
-80 -81 0
-80 -82 0
-80 -83 0
-80 -84 0
-80 -85 0
-80 -86 0
-80 -87 0
-81 -82 0
-81 -83 0
-81 -84 0
-81 -85 0
-81 -86 0
-81 -87 0
-82 -83 0
-82 -84 0
-82 -85 0
-82 -86 0
-82 -87 0
-83 -84 0
-83 -85 0
-83 -86 0
-83 -87 0
-84 -85 0
-84 -86 0
-84 -87 0
-85 -86 0
-85 -87 0
-86 -87 0
80 81 82 83 84 85 86 87 0
-88 -89 0
-88 -90 0
-88 -91 0
-88 -92 0
-88 -93 0
-88 -94 0
-88 -95 0
-89 -90 0
-89 -91 0
-89 -92 0
-89 -93 0
-89 -94 0
-89 -95 0
-90 -91 0
-90 -92 0
-90 -93 0
-90 -94 0
-90 -95 0
-91 -92 0
-91 -93 0
-91 -94 0
-91 -95 0
-92 -93 0
-92 -94 0
-92 -95 0
-93 -94 0
-93 -95 0
-94 -95 0
88 89 90 91 92 93 94 95 0
-1 -47 -56 0
-1 -48 -57 0
-1 -49 -58 0
-1 -50 -59 0
-1 -52 -60 0
-1 -53 -61 0
-1 -54 -62 0
-1 -55 -63 0
-2 -50 0
-3 -47 -72 0
-3 -48 -73 0
-3 -49 -74 0
-3 -50 -75 0
-3 -52 -76 0
-3 -53 -77 0
-3 -54 -78 0
-3 -55 -79 0
-4 -48 -80 0
-4 -49 -81 0
-4 -50 -82 0
-4 -51 -83 0
-4 -52 -84 0
-4 -53 -85 0
-4 -54 -86 0
-4 -55 -87 0
-5 -47 -88 0
-5 -48 -89 0
-5 -50 -90 0
-5 -51 -91 0
-5 -52 -92 0
-5 -53 -93 0
-5 -54 -94 0
-5 -55 -95 0
-6 -59 0
-7 -56 -64 0
-7 -57 -65 0
-7 -58 -66 0
-7 -59 -67 0
-7 -60 -68 0
-7 -61 -69 0
-7 -62 -70 0
-7 -63 -71 0
-8 -56 -72 0
-8 -57 -73 0
-8 -58 -74 0
-8 -59 -75 0
-8 -60 -76 0
-8 -61 -77 0
-8 -62 -78 0
-8 -63 -79 0
-9 -57 -80 0
-9 -58 -81 0
-9 -59 -82 0
-9 -60 -84 0
-9 -61 -85 0
-9 -62 -86 0
-9 -63 -87 0
-10 -56 -88 0
-10 -57 -89 0
-10 -59 -90 0
-10 -60 -92 0
-10 -61 -93 0
-10 -62 -94 0
-10 -63 -95 0
-11 -67 0
-12 -75 0
-13 -82 0
-14 -90 0
-15 -64 -72 0
-15 -65 -73 0
-15 -66 -74 0
-15 -67 -75 0
-15 -68 -76 0
-15 -69 -77 0
-15 -70 -78 0
-15 -71 -79 0
-16 -65 -80 0
-16 -66 -81 0
-16 -67 -82 0
-16 -68 -84 0
-16 -69 -85 0
-16 -70 -86 0
-16 -71 -87 0
-17 -64 -88 0
-17 -65 -89 0
-17 -67 -90 0
-17 -68 -92 0
-17 -69 -93 0
-17 -70 -94 0
-17 -71 -95 0
-18 -73 -80 0
-18 -74 -81 0
-18 -75 -82 0
-18 -76 -84 0
-18 -77 -85 0
-18 -78 -86 0
-18 -79 -87 0
-19 -72 -88 0
-19 -73 -89 0
-19 -75 -90 0
-19 -76 -92 0
-19 -77 -93 0
-19 -78 -94 0
-19 -79 -95 0
-20 -80 -89 0
-20 -82 -90 0
-20 -83 -91 0
-20 -84 -92 0
-20 -85 -93 0
-20 -86 -94 0
-20 -87 -95 0
