p cnf 41 195
-1 -2 0
-1 -3 0
-1 -4 0
-2 -3 0
-2 -4 0
-3 -4 0
1 2 3 4 0
-1 -5 0
-1 -6 0
-1 -7 0
-1 -8 0
-1 -9 0
-1 -10 0
-1 -11 0
-1 -12 0
-5 -6 0
-5 -7 0
-5 -8 0
-5 -9 0
-5 -10 0
-5 -11 0
-5 -12 0
-6 -7 0
-6 -8 0
-6 -9 0
-6 -10 0
-6 -11 0
-6 -12 0
-7 -8 0
-7 -9 0
-7 -10 0
-7 -11 0
-7 -12 0
-8 -9 0
-8 -10 0
-8 -11 0
-8 -12 0
-9 -10 0
-9 -11 0
-9 -12 0
-10 -11 0
-10 -12 0
-11 -12 0
1 5 6 7 8 9 10 11 12 0
-13 -14 0
-13 -15 0
-14 -15 0
13 14 15 0
-5 -16 0
-5 -17 0
-5 -18 0
-16 -17 0
-16 -18 0
-17 -18 0
5 16 17 18 0
-6 -19 0
6 19 0
-7 -20 0
-7 -21 0
-20 -21 0
7 20 21 0
-2 -22 0
-2 -23 0
-22 -23 0
2 22 23 0
-8 -16 0
-8 -22 0
-8 -24 0
-8 -25 0
-16 -22 0
-16 -24 0
-16 -25 0
-22 -24 0
-22 -25 0
-24 -25 0
8 16 22 24 25 0
-3 -9 0
-3 -20 0
-3 -24 0
-3 -26 0
-3 -27 0
-9 -20 0
-9 -24 0
-9 -26 0
-9 -27 0
-20 -24 0
-20 -26 0
-20 -27 0
-24 -26 0
-24 -27 0
-26 -27 0
3 9 20 24 26 27 0
-4 -19 0
-4 -26 0
-4 -28 0
-4 -29 0
-4 -30 0
-19 -26 0
-19 -28 0
-19 -29 0
-19 -30 0
-26 -28 0
-26 -29 0
-26 -30 0
-28 -29 0
-28 -30 0
-29 -30 0
4 19 26 28 29 30 0
-10 -21 0
-10 -28 0
-10 -31 0
-10 -32 0
-10 -33 0
-10 -34 0
-21 -28 0
-21 -31 0
-21 -32 0
-21 -33 0
-21 -34 0
-28 -31 0
-28 -32 0
-28 -33 0
-28 -34 0
-31 -32 0
-31 -33 0
-31 -34 0
-32 -33 0
-32 -34 0
-33 -34 0
10 21 28 31 32 33 34 0
-13 -29 0
-13 -31 0
-13 -35 0
-13 -36 0
-29 -31 0
-29 -35 0
-29 -36 0
-31 -35 0
-31 -36 0
-35 -36 0
13 29 31 35 36 0
-11 -14 0
-11 -32 0
-11 -35 0
-11 -37 0
-14 -32 0
-14 -35 0
-14 -37 0
-32 -35 0
-32 -37 0
-35 -37 0
11 14 32 35 37 0
-23 -36 0
-23 -38 0
-36 -38 0
23 36 38 0
-17 -33 0
-17 -38 0
-33 -38 0
17 33 38 0
-12 -18 0
-12 -27 0
-12 -34 0
-12 -37 0
-12 -39 0
-12 -40 0
-18 -27 0
-18 -34 0
-18 -37 0
-18 -39 0
-18 -40 0
-27 -34 0
-27 -37 0
-27 -39 0
-27 -40 0
-34 -37 0
-34 -39 0
-34 -40 0
-37 -39 0
-37 -40 0
-39 -40 0
12 18 27 34 37 39 40 0
-39 -41 0
39 41 0
-15 -25 0
-15 -30 0
-15 -40 0
-15 -41 0
-25 -30 0
-25 -40 0
-25 -41 0
-30 -40 0
-30 -41 0
-40 -41 0
15 25 30 40 41 0
