p cnf 131 448
1 2 3 0
-1 -2 0
-1 -3 0
-2 -3 0
4 5 0
-4 -5 0
6 7 0
-6 -7 0
8 9 10 11 0
-8 -9 0
-8 -10 0
-8 -11 0
-9 -10 0
-9 -11 0
-10 -11 0
12 13 14 0
-12 -13 0
-12 -14 0
-13 -14 0
15 16 17 18 0
-15 -16 0
-15 -17 0
-15 -18 0
-16 -17 0
-16 -18 0
-17 -18 0
19 20 21 22 0
-19 -20 0
-19 -21 0
-19 -22 0
-20 -21 0
-20 -22 0
-21 -22 0
23 24 25 0
-23 -24 0
-23 -25 0
-24 -25 0
26 27 28 0
-26 -27 0
-26 -28 0
-27 -28 0
29 30 0
-29 -30 0
31 32 0
-31 -32 0
33 34 35 0
-33 -34 0
-33 -35 0
-34 -35 0
36 37 38 0
-36 -37 0
-36 -38 0
-37 -38 0
39 40 41 0
-39 -40 0
-39 -41 0
-40 -41 0
42 43 0
-42 -43 0
44 45 0
-44 -45 0
46 47 48 0
-46 -47 0
-46 -48 0
-47 -48 0
49 50 51 0
-49 -50 0
-49 -51 0
-50 -51 0
52 53 54 55 0
-52 -53 0
-52 -54 0
-52 -55 0
-53 -54 0
-53 -55 0
-54 -55 0
56 57 58 0
-56 -57 0
-56 -58 0
-57 -58 0
59 60 61 62 0
-59 -60 0
-59 -61 0
-59 -62 0
-60 -61 0
-60 -62 0
-61 -62 0
63 64 65 0
-63 -64 0
-63 -65 0
-64 -65 0
66 67 68 69 0
-66 -67 0
-66 -68 0
-66 -69 0
-67 -68 0
-67 -69 0
-68 -69 0
70 71 72 0
-70 -71 0
-70 -72 0
-71 -72 0
73 74 75 0
-73 -74 0
-73 -75 0
-74 -75 0
76 77 78 0
-76 -77 0
-76 -78 0
-77 -78 0
79 80 81 0
-79 -80 0
-79 -81 0
-80 -81 0
82 83 84 85 0
-82 -83 0
-82 -84 0
-82 -85 0
-83 -84 0
-83 -85 0
-84 -85 0
86 87 88 0
-86 -87 0
-86 -88 0
-87 -88 0
89 90 91 92 0
-89 -90 0
-89 -91 0
-89 -92 0
-90 -91 0
-90 -92 0
-91 -92 0
93 94 95 0
-93 -94 0
-93 -95 0
-94 -95 0
96 97 98 99 0
-96 -97 0
-96 -98 0
-96 -99 0
-97 -98 0
-97 -99 0
-98 -99 0
100 101 102 0
-100 -101 0
-100 -102 0
-101 -102 0
103 104 105 106 0
-103 -104 0
-103 -105 0
-103 -106 0
-104 -105 0
-104 -106 0
-105 -106 0
107 108 109 110 0
-107 -108 0
-107 -109 0
-107 -110 0
-108 -109 0
-108 -110 0
-109 -110 0
111 112 113 0
-111 -112 0
-111 -113 0
-112 -113 0
114 115 116 117 0
-114 -115 0
-114 -116 0
-114 -117 0
-115 -116 0
-115 -117 0
-116 -117 0
118 119 120 121 0
-118 -119 0
-118 -120 0
-118 -121 0
-119 -120 0
-119 -121 0
-120 -121 0
122 123 124 0
-122 -123 0
-122 -124 0
-123 -124 0
125 126 0
-125 -126 0
127 128 0
-127 -128 0
129 130 131 0
-129 -130 0
-129 -131 0
-130 -131 0
-1 -33 0
-2 -34 0
-3 -35 0
-1 -49 0
-3 -51 0
-1 -70 0
-2 -72 0
-1 -76 0
-2 -77 0
-3 -78 0
-4 -8 0
-5 -9 0
-4 -33 0
-4 -49 0
-5 -50 0
-4 -52 0
-5 -53 0
-4 -82 0
-5 -83 0
-4 -107 0
-5 -108 0
-4 -114 0
-5 -115 0
-5 -122 0
-6 -23 0
-7 -25 0
-6 -26 0
-7 -28 0
-7 -38 0
-6 -103 0
-7 -106 0
-6 -127 0
-8 -29 0
-11 -30 0
-8 -111 0
-10 -112 0
-11 -113 0
-8 -127 0
-9 -128 0
-14 -30 0
-13 -34 0
-14 -35 0
-13 -77 0
-14 -78 0
-12 -90 0
-13 -91 0
-14 -92 0
-12 -108 0
-13 -109 0
-14 -110 0
-15 -26 0
-17 -27 0
-18 -28 0
-15 -39 0
-16 -40 0
-18 -41 0
-15 -49 0
-16 -50 0
-18 -51 0
-15 -66 0
-16 -67 0
-17 -68 0
-18 -69 0
-15 -125 0
-17 -126 0
-15 -127 0
-16 -128 0
-19 -26 0
-21 -27 0
-22 -28 0
-19 -59 0
-20 -60 0
-21 -61 0
-22 -62 0
-23 -29 0
-25 -30 0
-23 -33 0
-25 -35 0
-23 -56 0
-25 -58 0
-24 -63 0
-25 -65 0
-23 -70 0
-24 -71 0
-23 -107 0
-24 -108 0
-25 -110 0
-23 -111 0
-25 -113 0
-23 -114 0
-24 -115 0
-25 -117 0
-23 -129 0
-25 -131 0
-26 -29 0
-28 -30 0
-27 -44 0
-28 -45 0
-26 -70 0
-27 -72 0
-26 -82 0
-27 -84 0
-28 -85 0
-26 -86 0
-28 -88 0
-27 -101 0
-28 -102 0
-30 -38 0
-29 -42 0
-29 -46 0
-29 -49 0
-30 -51 0
-29 -89 0
-30 -92 0
-30 -124 0
-31 -49 0
-32 -50 0
-31 -125 0
-34 -44 0
-35 -45 0
-33 -114 0
-34 -116 0
-35 -117 0
-33 -129 0
-34 -130 0
-35 -131 0
-36 -43 0
-41 -45 0
-39 -82 0
-40 -83 0
-41 -85 0
-39 -103 0
-40 -104 0
-41 -106 0
-42 -52 0
-43 -53 0
-42 -70 0
-43 -71 0
-42 -93 0
-43 -94 0
-42 -114 0
-43 -115 0
-45 -88 0
-44 -98 0
-45 -99 0
-44 -126 0
-44 -130 0
-45 -131 0
-47 -63 0
-48 -64 0
-46 -66 0
-47 -67 0
-48 -68 0
-49 -89 0
-50 -90 0
-51 -92 0
-49 -93 0
-50 -94 0
-51 -95 0
-49 -129 0
-51 -131 0
-52 -79 0
-53 -80 0
-55 -81 0
-52 -107 0
-53 -108 0
-54 -109 0
-55 -110 0
-56 -118 0
-57 -120 0
-58 -121 0
-56 -127 0
-59 -66 0
-60 -67 0
-61 -68 0
-62 -69 0
-59 -129 0
-61 -130 0
-62 -131 0
-63 -67 0
-64 -68 0
-65 -69 0
-63 -74 0
-65 -75 0
-63 -87 0
-65 -88 0
-64 -112 0
-65 -113 0
-70 -86 0
-71 -87 0
-70 -96 0
-71 -97 0
-72 -98 0
-73 -82 0
-74 -83 0
-75 -85 0
-73 -127 0
-74 -128 0
-76 -103 0
-77 -105 0
-78 -106 0
-79 -82 0
-80 -83 0
-81 -85 0
-79 -93 0
-80 -94 0
-81 -95 0
-79 -96 0
-80 -97 0
-81 -99 0
-79 -107 0
-80 -108 0
-81 -110 0
-82 -86 0
-83 -87 0
-85 -88 0
-82 -114 0
-83 -115 0
-84 -116 0
-85 -117 0
-82 -127 0
-83 -128 0
-86 -103 0
-87 -104 0
-88 -106 0
-89 -93 0
-90 -94 0
-92 -95 0
-89 -127 0
-90 -128 0
-93 -127 0
-94 -128 0
-96 -118 0
-97 -119 0
-98 -120 0
-99 -121 0
-96 -127 0
-97 -128 0
-100 -104 0
-101 -105 0
-102 -106 0
-100 -119 0
-101 -120 0
-102 -121 0
-103 -118 0
-104 -119 0
-105 -120 0
-106 -121 0
-111 -127 0
-111 -129 0
-112 -130 0
-113 -131 0
-118 -125 0
-120 -126 0
-118 -127 0
-119 -128 0
-123 -126 0
