p cnf 57 2482
-1 -2 -3 -4 0
-1 -2 -3 -5 0
-1 -2 -3 0
-1 -2 -4 -5 0
-1 -2 -4 0
-1 -2 -5 0
-1 -3 -4 -5 0
-1 -3 -4 0
-1 -3 -5 0
-1 -4 -5 0
-2 -3 -4 -5 0
-2 -3 -4 0
-2 -3 -5 0
-2 -4 -5 0
-3 -4 -5 0
1 2 3 4 0
1 2 3 5 0
1 2 4 5 0
1 3 4 5 0
2 3 4 5 0
-6 -7 -8 -9 0
-6 -7 -8 -10 0
-6 -7 -9 -10 0
-6 -8 -9 -10 0
-7 -8 -9 -10 0
6 7 8 0
6 7 8 9 0
6 7 8 10 0
6 7 9 0
6 7 10 0
6 7 9 10 0
6 8 9 0
6 8 10 0
6 8 9 10 0
6 9 10 0
7 8 9 0
7 8 10 0
7 8 9 10 0
7 9 10 0
8 9 10 0
-11 -12 -13 -14 0
-11 -12 -13 -15 0
-11 -12 -13 -16 0
-11 -12 -14 -15 0
-11 -12 -14 -16 0
-11 -12 -15 -16 0
-11 -13 -14 -15 0
-11 -13 -14 -16 0
-11 -13 -15 -16 0
-11 -14 -15 -16 0
-12 -13 -14 -15 0
-12 -13 -14 -16 0
-12 -13 -15 -16 0
-12 -14 -15 -16 0
-13 -14 -15 -16 0
11 12 13 14 0
11 12 13 15 0
11 12 13 16 0
11 12 14 15 0
11 12 14 16 0
11 12 15 16 0
11 13 14 15 0
11 13 14 16 0
11 13 15 16 0
11 14 15 16 0
12 13 14 15 0
12 13 14 16 0
12 13 15 16 0
12 14 15 16 0
13 14 15 16 0
-17 -18 -19 -20 0
-17 -18 -19 -21 0
-17 -18 -19 -22 0
-17 -18 -20 -21 0
-17 -18 -20 -22 0
-17 -18 -21 -22 0
-17 -19 -20 -21 0
-17 -19 -20 -22 0
-17 -19 -21 -22 0
-17 -20 -21 -22 0
-18 -19 -20 -21 0
-18 -19 -20 -22 0
-18 -19 -21 -22 0
-18 -20 -21 -22 0
-19 -20 -21 -22 0
17 18 19 20 0
17 18 19 21 0
17 18 19 22 0
17 18 20 21 0
17 18 20 22 0
17 18 21 22 0
17 19 20 21 0
17 19 20 22 0
17 19 21 22 0
17 20 21 22 0
18 19 20 21 0
18 19 20 22 0
18 19 21 22 0
18 20 21 22 0
19 20 21 22 0
-23 -24 -25 -26 0
-23 -24 -25 -27 0
-23 -24 -25 -28 0
-23 -24 -26 -27 0
-23 -24 -26 -28 0
-23 -24 -27 -28 0
-23 -25 -26 -27 0
-23 -25 -26 -28 0
-23 -25 -27 -28 0
-23 -26 -27 -28 0
-24 -25 -26 -27 0
-24 -25 -26 -28 0
-24 -25 -27 -28 0
-24 -26 -27 -28 0
-25 -26 -27 -28 0
23 24 25 26 0
23 24 25 27 0
23 24 25 28 0
23 24 26 27 0
23 24 26 28 0
23 24 27 28 0
23 25 26 27 0
23 25 26 28 0
23 25 27 28 0
23 26 27 28 0
24 25 26 27 0
24 25 26 28 0
24 25 27 28 0
24 26 27 28 0
25 26 27 28 0
-29 -30 -31 -32 0
-29 -30 -31 -33 0
-29 -30 -31 0
-29 -30 -32 -33 0
-29 -30 -32 0
-29 -30 -33 0
-29 -31 -32 -33 0
-29 -31 -32 0
-29 -31 -33 0
-29 -32 -33 0
-30 -31 -32 -33 0
-30 -31 -32 0
-30 -31 -33 0
-30 -32 -33 0
-31 -32 -33 0
29 30 31 32 0
29 30 31 33 0
29 30 32 33 0
29 31 32 33 0
30 31 32 33 0
-34 -35 -36 -37 0
-34 -35 -36 -38 0
-34 -35 -36 -39 0
-34 -35 -37 -38 0
-34 -35 -37 -39 0
-34 -35 -38 -39 0
-34 -36 -37 -38 0
-34 -36 -37 -39 0
-34 -36 -38 -39 0
-34 -37 -38 -39 0
-35 -36 -37 -38 0
-35 -36 -37 -39 0
-35 -36 -38 -39 0
-35 -37 -38 -39 0
-36 -37 -38 -39 0
34 35 36 37 0
34 35 36 38 0
34 35 36 39 0
34 35 37 38 0
34 35 37 39 0
34 35 38 39 0
34 36 37 38 0
34 36 37 39 0
34 36 38 39 0
34 37 38 39 0
35 36 37 38 0
35 36 37 39 0
35 36 38 39 0
35 37 38 39 0
36 37 38 39 0
-40 -41 -42 -43 0
-40 -41 -42 -44 0
-40 -41 -42 -45 0
-40 -41 -43 -44 0
-40 -41 -43 -45 0
-40 -41 -44 -45 0
-40 -42 -43 -44 0
-40 -42 -43 -45 0
-40 -42 -44 -45 0
-40 -43 -44 -45 0
-41 -42 -43 -44 0
-41 -42 -43 -45 0
-41 -42 -44 -45 0
-41 -43 -44 -45 0
-42 -43 -44 -45 0
40 41 42 43 0
40 41 42 44 0
40 41 42 45 0
40 41 43 44 0
40 41 43 45 0
40 41 44 45 0
40 42 43 44 0
40 42 43 45 0
40 42 44 45 0
40 43 44 45 0
41 42 43 44 0
41 42 43 45 0
41 42 44 45 0
41 43 44 45 0
42 43 44 45 0
-46 -47 -48 -49 0
-46 -47 -48 -50 0
-46 -47 -48 -51 0
-46 -47 -49 -50 0
-46 -47 -49 -51 0
-46 -47 -50 -51 0
-46 -48 -49 -50 0
-46 -48 -49 -51 0
-46 -48 -50 -51 0
-46 -49 -50 -51 0
-47 -48 -49 -50 0
-47 -48 -49 -51 0
-47 -48 -50 -51 0
-47 -49 -50 -51 0
-48 -49 -50 -51 0
46 47 48 49 0
46 47 48 50 0
46 47 48 51 0
46 47 49 50 0
46 47 49 51 0
46 47 50 51 0
46 48 49 50 0
46 48 49 51 0
46 48 50 51 0
46 49 50 51 0
47 48 49 50 0
47 48 49 51 0
47 48 50 51 0
47 49 50 51 0
48 49 50 51 0
-52 -53 -54 -55 0
-52 -53 -54 -56 0
-52 -53 -54 -57 0
-52 -53 -55 -56 0
-52 -53 -55 -57 0
-52 -53 -56 -57 0
-52 -54 -55 -56 0
-52 -54 -55 -57 0
-52 -54 -56 -57 0
-52 -55 -56 -57 0
-53 -54 -55 -56 0
-53 -54 -55 -57 0
-53 -54 -56 -57 0
-53 -55 -56 -57 0
-54 -55 -56 -57 0
52 53 54 55 0
52 53 54 56 0
52 53 54 57 0
52 53 55 56 0
52 53 55 57 0
52 53 56 57 0
52 54 55 56 0
52 54 55 57 0
52 54 56 57 0
52 55 56 57 0
53 54 55 56 0
53 54 55 57 0
53 54 56 57 0
53 55 56 57 0
54 55 56 57 0
-1 -6 -11 -17 -23 -29 0
-1 -6 -11 -17 -23 -34 0
-1 -6 -11 -17 -23 -40 0
-1 -6 -11 -17 -23 -46 0
-1 -6 -11 -17 -23 -52 0
-1 -6 -11 -17 -29 -34 0
-1 -6 -11 -17 -29 -40 0
-1 -6 -11 -17 -29 -46 0
-1 -6 -11 -17 -29 -52 0
-1 -6 -11 -17 -34 -40 0
-1 -6 -11 -17 -34 -46 0
-1 -6 -11 -17 -34 -52 0
-1 -6 -11 -17 -40 -46 0
-1 -6 -11 -17 -40 -52 0
-1 -6 -11 -17 -46 -52 0
-1 -6 -11 -23 -29 -34 0
-1 -6 -11 -23 -29 -40 0
-1 -6 -11 -23 -29 -46 0
-1 -6 -11 -23 -29 -52 0
-1 -6 -11 -23 -34 -40 0
-1 -6 -11 -23 -34 -46 0
-1 -6 -11 -23 -34 -52 0
-1 -6 -11 -23 -40 -46 0
-1 -6 -11 -23 -40 -52 0
-1 -6 -11 -23 -46 -52 0
-1 -6 -11 -29 -34 -40 0
-1 -6 -11 -29 -34 -46 0
-1 -6 -11 -29 -34 -52 0
-1 -6 -11 -29 -40 -46 0
-1 -6 -11 -29 -40 -52 0
-1 -6 -11 -29 -46 -52 0
-1 -6 -11 -34 -40 -46 0
-1 -6 -11 -34 -40 -52 0
-1 -6 -11 -34 -46 -52 0
-1 -6 -11 -40 -46 -52 0
-1 -6 -17 -23 -29 -34 0
-1 -6 -17 -23 -29 -40 0
-1 -6 -17 -23 -29 -46 0
-1 -6 -17 -23 -29 -52 0
-1 -6 -17 -23 -34 -40 0
-1 -6 -17 -23 -34 -46 0
-1 -6 -17 -23 -34 -52 0
-1 -6 -17 -23 -40 -46 0
-1 -6 -17 -23 -40 -52 0
-1 -6 -17 -23 -46 -52 0
-1 -6 -17 -29 -34 -40 0
-1 -6 -17 -29 -34 -46 0
-1 -6 -17 -29 -34 -52 0
-1 -6 -17 -29 -40 -46 0
-1 -6 -17 -29 -40 -52 0
-1 -6 -17 -29 -46 -52 0
-1 -6 -17 -34 -40 -46 0
-1 -6 -17 -34 -40 -52 0
-1 -6 -17 -34 -46 -52 0
-1 -6 -17 -40 -46 -52 0
-1 -6 -23 -29 -34 -40 0
-1 -6 -23 -29 -34 -46 0
-1 -6 -23 -29 -34 -52 0
-1 -6 -23 -29 -40 -46 0
-1 -6 -23 -29 -40 -52 0
-1 -6 -23 -29 -46 -52 0
-1 -6 -23 -34 -40 -46 0
-1 -6 -23 -34 -40 -52 0
-1 -6 -23 -34 -46 -52 0
-1 -6 -23 -40 -46 -52 0
-1 -6 -29 -34 -40 -46 0
-1 -6 -29 -34 -40 -52 0
-1 -6 -29 -34 -46 -52 0
-1 -6 -29 -40 -46 -52 0
-1 -6 -34 -40 -46 -52 0
-1 -11 -17 -23 -29 -34 0
-1 -11 -17 -23 -29 -40 0
-1 -11 -17 -23 -29 -46 0
-1 -11 -17 -23 -29 -52 0
-1 -11 -17 -23 -34 -40 0
-1 -11 -17 -23 -34 -46 0
-1 -11 -17 -23 -34 -52 0
-1 -11 -17 -23 -40 -46 0
-1 -11 -17 -23 -40 -52 0
-1 -11 -17 -23 -46 -52 0
-1 -11 -17 -29 -34 -40 0
-1 -11 -17 -29 -34 -46 0
-1 -11 -17 -29 -34 -52 0
-1 -11 -17 -29 -40 -46 0
-1 -11 -17 -29 -40 -52 0
-1 -11 -17 -29 -46 -52 0
-1 -11 -17 -34 -40 -46 0
-1 -11 -17 -34 -40 -52 0
-1 -11 -17 -34 -46 -52 0
-1 -11 -17 -40 -46 -52 0
-1 -11 -23 -29 -34 -40 0
-1 -11 -23 -29 -34 -46 0
-1 -11 -23 -29 -34 -52 0
-1 -11 -23 -29 -40 -46 0
-1 -11 -23 -29 -40 -52 0
-1 -11 -23 -29 -46 -52 0
-1 -11 -23 -34 -40 -46 0
-1 -11 -23 -34 -40 -52 0
-1 -11 -23 -34 -46 -52 0
-1 -11 -23 -40 -46 -52 0
-1 -11 -29 -34 -40 -46 0
-1 -11 -29 -34 -40 -52 0
-1 -11 -29 -34 -46 -52 0
-1 -11 -29 -40 -46 -52 0
-1 -11 -34 -40 -46 -52 0
-1 -17 -23 -29 -34 -40 0
-1 -17 -23 -29 -34 -46 0
-1 -17 -23 -29 -34 -52 0
-1 -17 -23 -29 -40 -46 0
-1 -17 -23 -29 -40 -52 0
-1 -17 -23 -29 -46 -52 0
-1 -17 -23 -34 -40 -46 0
-1 -17 -23 -34 -40 -52 0
-1 -17 -23 -34 -46 -52 0
-1 -17 -23 -40 -46 -52 0
-1 -17 -29 -34 -40 -46 0
-1 -17 -29 -34 -40 -52 0
-1 -17 -29 -34 -46 -52 0
-1 -17 -29 -40 -46 -52 0
-1 -17 -34 -40 -46 -52 0
-1 -23 -29 -34 -40 -46 0
-1 -23 -29 -34 -40 -52 0
-1 -23 -29 -34 -46 -52 0
-1 -23 -29 -40 -46 -52 0
-1 -23 -34 -40 -46 -52 0
-1 -29 -34 -40 -46 -52 0
-6 -11 -17 -23 -29 -34 0
-6 -11 -17 -23 -29 -40 0
-6 -11 -17 -23 -29 -46 0
-6 -11 -17 -23 -29 -52 0
-6 -11 -17 -23 -34 -40 0
-6 -11 -17 -23 -34 -46 0
-6 -11 -17 -23 -34 -52 0
-6 -11 -17 -23 -40 -46 0
-6 -11 -17 -23 -40 -52 0
-6 -11 -17 -23 -46 -52 0
-6 -11 -17 -29 -34 -40 0
-6 -11 -17 -29 -34 -46 0
-6 -11 -17 -29 -34 -52 0
-6 -11 -17 -29 -40 -46 0
-6 -11 -17 -29 -40 -52 0
-6 -11 -17 -29 -46 -52 0
-6 -11 -17 -34 -40 -46 0
-6 -11 -17 -34 -40 -52 0
-6 -11 -17 -34 -46 -52 0
-6 -11 -17 -40 -46 -52 0
-6 -11 -23 -29 -34 -40 0
-6 -11 -23 -29 -34 -46 0
-6 -11 -23 -29 -34 -52 0
-6 -11 -23 -29 -40 -46 0
-6 -11 -23 -29 -40 -52 0
-6 -11 -23 -29 -46 -52 0
-6 -11 -23 -34 -40 -46 0
-6 -11 -23 -34 -40 -52 0
-6 -11 -23 -34 -46 -52 0
-6 -11 -23 -40 -46 -52 0
-6 -11 -29 -34 -40 -46 0
-6 -11 -29 -34 -40 -52 0
-6 -11 -29 -34 -46 -52 0
-6 -11 -29 -40 -46 -52 0
-6 -11 -34 -40 -46 -52 0
-6 -17 -23 -29 -34 -40 0
-6 -17 -23 -29 -34 -46 0
-6 -17 -23 -29 -34 -52 0
-6 -17 -23 -29 -40 -46 0
-6 -17 -23 -29 -40 -52 0
-6 -17 -23 -29 -46 -52 0
-6 -17 -23 -34 -40 -46 0
-6 -17 -23 -34 -40 -52 0
-6 -17 -23 -34 -46 -52 0
-6 -17 -23 -40 -46 -52 0
-6 -17 -29 -34 -40 -46 0
-6 -17 -29 -34 -40 -52 0
-6 -17 -29 -34 -46 -52 0
-6 -17 -29 -40 -46 -52 0
-6 -17 -34 -40 -46 -52 0
-6 -23 -29 -34 -40 -46 0
-6 -23 -29 -34 -40 -52 0
-6 -23 -29 -34 -46 -52 0
-6 -23 -29 -40 -46 -52 0
-6 -23 -34 -40 -46 -52 0
-6 -29 -34 -40 -46 -52 0
-11 -17 -23 -29 -34 -40 0
-11 -17 -23 -29 -34 -46 0
-11 -17 -23 -29 -34 -52 0
-11 -17 -23 -29 -40 -46 0
-11 -17 -23 -29 -40 -52 0
-11 -17 -23 -29 -46 -52 0
-11 -17 -23 -34 -40 -46 0
-11 -17 -23 -34 -40 -52 0
-11 -17 -23 -34 -46 -52 0
-11 -17 -23 -40 -46 -52 0
-11 -17 -29 -34 -40 -46 0
-11 -17 -29 -34 -40 -52 0
-11 -17 -29 -34 -46 -52 0
-11 -17 -29 -40 -46 -52 0
-11 -17 -34 -40 -46 -52 0
-11 -23 -29 -34 -40 -46 0
-11 -23 -29 -34 -40 -52 0
-11 -23 -29 -34 -46 -52 0
-11 -23 -29 -40 -46 -52 0
-11 -23 -34 -40 -46 -52 0
-11 -29 -34 -40 -46 -52 0
-17 -23 -29 -34 -40 -46 0
-17 -23 -29 -34 -40 -52 0
-17 -23 -29 -34 -46 -52 0
-17 -23 -29 -40 -46 -52 0
-17 -23 -34 -40 -46 -52 0
-17 -29 -34 -40 -46 -52 0
-23 -29 -34 -40 -46 -52 0
1 6 11 17 23 29 0
1 6 11 17 23 34 0
1 6 11 17 23 40 0
1 6 11 17 23 46 0
1 6 11 17 23 52 0
1 6 11 17 29 34 0
1 6 11 17 29 40 0
1 6 11 17 29 46 0
1 6 11 17 29 52 0
1 6 11 17 34 40 0
1 6 11 17 34 46 0
1 6 11 17 34 52 0
1 6 11 17 40 46 0
1 6 11 17 40 52 0
1 6 11 17 46 52 0
1 6 11 23 29 34 0
1 6 11 23 29 40 0
1 6 11 23 29 46 0
1 6 11 23 29 52 0
1 6 11 23 34 40 0
1 6 11 23 34 46 0
1 6 11 23 34 52 0
1 6 11 23 40 46 0
1 6 11 23 40 52 0
1 6 11 23 46 52 0
1 6 11 29 34 40 0
1 6 11 29 34 46 0
1 6 11 29 34 52 0
1 6 11 29 40 46 0
1 6 11 29 40 52 0
1 6 11 29 46 52 0
1 6 11 34 40 46 0
1 6 11 34 40 52 0
1 6 11 34 46 52 0
1 6 11 40 46 52 0
1 6 17 23 29 34 0
1 6 17 23 29 40 0
1 6 17 23 29 46 0
1 6 17 23 29 52 0
1 6 17 23 34 40 0
1 6 17 23 34 46 0
1 6 17 23 34 52 0
1 6 17 23 40 46 0
1 6 17 23 40 52 0
1 6 17 23 46 52 0
1 6 17 29 34 40 0
1 6 17 29 34 46 0
1 6 17 29 34 52 0
1 6 17 29 40 46 0
1 6 17 29 40 52 0
1 6 17 29 46 52 0
1 6 17 34 40 46 0
1 6 17 34 40 52 0
1 6 17 34 46 52 0
1 6 17 40 46 52 0
1 6 23 29 34 40 0
1 6 23 29 34 46 0
1 6 23 29 34 52 0
1 6 23 29 40 46 0
1 6 23 29 40 52 0
1 6 23 29 46 52 0
1 6 23 34 40 46 0
1 6 23 34 40 52 0
1 6 23 34 46 52 0
1 6 23 40 46 52 0
1 6 29 34 40 46 0
1 6 29 34 40 52 0
1 6 29 34 46 52 0
1 6 29 40 46 52 0
1 6 34 40 46 52 0
1 11 17 23 29 34 0
1 11 17 23 29 40 0
1 11 17 23 29 46 0
1 11 17 23 29 52 0
1 11 17 23 34 40 0
1 11 17 23 34 46 0
1 11 17 23 34 52 0
1 11 17 23 40 46 0
1 11 17 23 40 52 0
1 11 17 23 46 52 0
1 11 17 29 34 40 0
1 11 17 29 34 46 0
1 11 17 29 34 52 0
1 11 17 29 40 46 0
1 11 17 29 40 52 0
1 11 17 29 46 52 0
1 11 17 34 40 46 0
1 11 17 34 40 52 0
1 11 17 34 46 52 0
1 11 17 40 46 52 0
1 11 23 29 34 40 0
1 11 23 29 34 46 0
1 11 23 29 34 52 0
1 11 23 29 40 46 0
1 11 23 29 40 52 0
1 11 23 29 46 52 0
1 11 23 34 40 46 0
1 11 23 34 40 52 0
1 11 23 34 46 52 0
1 11 23 40 46 52 0
1 11 29 34 40 46 0
1 11 29 34 40 52 0
1 11 29 34 46 52 0
1 11 29 40 46 52 0
1 11 34 40 46 52 0
1 17 23 29 34 40 0
1 17 23 29 34 46 0
1 17 23 29 34 52 0
1 17 23 29 40 46 0
1 17 23 29 40 52 0
1 17 23 29 46 52 0
1 17 23 34 40 46 0
1 17 23 34 40 52 0
1 17 23 34 46 52 0
1 17 23 40 46 52 0
1 17 29 34 40 46 0
1 17 29 34 40 52 0
1 17 29 34 46 52 0
1 17 29 40 46 52 0
1 17 34 40 46 52 0
1 23 29 34 40 46 0
1 23 29 34 40 52 0
1 23 29 34 46 52 0
1 23 29 40 46 52 0
1 23 34 40 46 52 0
1 29 34 40 46 52 0
6 11 17 23 29 34 0
6 11 17 23 29 40 0
6 11 17 23 29 46 0
6 11 17 23 29 52 0
6 11 17 23 34 40 0
6 11 17 23 34 46 0
6 11 17 23 34 52 0
6 11 17 23 40 46 0
6 11 17 23 40 52 0
6 11 17 23 46 52 0
6 11 17 29 34 40 0
6 11 17 29 34 46 0
6 11 17 29 34 52 0
6 11 17 29 40 46 0
6 11 17 29 40 52 0
6 11 17 29 46 52 0
6 11 17 34 40 46 0
6 11 17 34 40 52 0
6 11 17 34 46 52 0
6 11 17 40 46 52 0
6 11 23 29 34 40 0
6 11 23 29 34 46 0
6 11 23 29 34 52 0
6 11 23 29 40 46 0
6 11 23 29 40 52 0
6 11 23 29 46 52 0
6 11 23 34 40 46 0
6 11 23 34 40 52 0
6 11 23 34 46 52 0
6 11 23 40 46 52 0
6 11 29 34 40 46 0
6 11 29 34 40 52 0
6 11 29 34 46 52 0
6 11 29 40 46 52 0
6 11 34 40 46 52 0
6 17 23 29 34 40 0
6 17 23 29 34 46 0
6 17 23 29 34 52 0
6 17 23 29 40 46 0
6 17 23 29 40 52 0
6 17 23 29 46 52 0
6 17 23 34 40 46 0
6 17 23 34 40 52 0
6 17 23 34 46 52 0
6 17 23 40 46 52 0
6 17 29 34 40 46 0
6 17 29 34 40 52 0
6 17 29 34 46 52 0
6 17 29 40 46 52 0
6 17 34 40 46 52 0
6 23 29 34 40 46 0
6 23 29 34 40 52 0
6 23 29 34 46 52 0
6 23 29 40 46 52 0
6 23 34 40 46 52 0
6 29 34 40 46 52 0
11 17 23 29 34 40 0
11 17 23 29 34 46 0
11 17 23 29 34 52 0
11 17 23 29 40 46 0
11 17 23 29 40 52 0
11 17 23 29 46 52 0
11 17 23 34 40 46 0
11 17 23 34 40 52 0
11 17 23 34 46 52 0
11 17 23 40 46 52 0
11 17 29 34 40 46 0
11 17 29 34 40 52 0
11 17 29 34 46 52 0
11 17 29 40 46 52 0
11 17 34 40 46 52 0
11 23 29 34 40 46 0
11 23 29 34 40 52 0
11 23 29 34 46 52 0
11 23 29 40 46 52 0
11 23 34 40 46 52 0
11 29 34 40 46 52 0
17 23 29 34 40 46 0
17 23 29 34 40 52 0
17 23 29 34 46 52 0
17 23 29 40 46 52 0
17 23 34 40 46 52 0
17 29 34 40 46 52 0
23 29 34 40 46 52 0
-2 -7 -12 -18 -24 -30 0
-2 -7 -12 -18 -24 -35 0
-2 -7 -12 -18 -24 -41 0
-2 -7 -12 -18 -24 -47 0
-2 -7 -12 -18 -24 -53 0
-2 -7 -12 -18 -30 -35 0
-2 -7 -12 -18 -30 -41 0
-2 -7 -12 -18 -30 -47 0
-2 -7 -12 -18 -30 -53 0
-2 -7 -12 -18 -35 -41 0
-2 -7 -12 -18 -35 -47 0
-2 -7 -12 -18 -35 -53 0
-2 -7 -12 -18 -41 -47 0
-2 -7 -12 -18 -41 -53 0
-2 -7 -12 -18 -47 -53 0
-2 -7 -12 -24 -30 -35 0
-2 -7 -12 -24 -30 -41 0
-2 -7 -12 -24 -30 -47 0
-2 -7 -12 -24 -30 -53 0
-2 -7 -12 -24 -35 -41 0
-2 -7 -12 -24 -35 -47 0
-2 -7 -12 -24 -35 -53 0
-2 -7 -12 -24 -41 -47 0
-2 -7 -12 -24 -41 -53 0
-2 -7 -12 -24 -47 -53 0
-2 -7 -12 -30 -35 -41 0
-2 -7 -12 -30 -35 -47 0
-2 -7 -12 -30 -35 -53 0
-2 -7 -12 -30 -41 -47 0
-2 -7 -12 -30 -41 -53 0
-2 -7 -12 -30 -47 -53 0
-2 -7 -12 -35 -41 -47 0
-2 -7 -12 -35 -41 -53 0
-2 -7 -12 -35 -47 -53 0
-2 -7 -12 -41 -47 -53 0
-2 -7 -18 -24 -30 -35 0
-2 -7 -18 -24 -30 -41 0
-2 -7 -18 -24 -30 -47 0
-2 -7 -18 -24 -30 -53 0
-2 -7 -18 -24 -35 -41 0
-2 -7 -18 -24 -35 -47 0
-2 -7 -18 -24 -35 -53 0
-2 -7 -18 -24 -41 -47 0
-2 -7 -18 -24 -41 -53 0
-2 -7 -18 -24 -47 -53 0
-2 -7 -18 -30 -35 -41 0
-2 -7 -18 -30 -35 -47 0
-2 -7 -18 -30 -35 -53 0
-2 -7 -18 -30 -41 -47 0
-2 -7 -18 -30 -41 -53 0
-2 -7 -18 -30 -47 -53 0
-2 -7 -18 -35 -41 -47 0
-2 -7 -18 -35 -41 -53 0
-2 -7 -18 -35 -47 -53 0
-2 -7 -18 -41 -47 -53 0
-2 -7 -24 -30 -35 -41 0
-2 -7 -24 -30 -35 -47 0
-2 -7 -24 -30 -35 -53 0
-2 -7 -24 -30 -41 -47 0
-2 -7 -24 -30 -41 -53 0
-2 -7 -24 -30 -47 -53 0
-2 -7 -24 -35 -41 -47 0
-2 -7 -24 -35 -41 -53 0
-2 -7 -24 -35 -47 -53 0
-2 -7 -24 -41 -47 -53 0
-2 -7 -30 -35 -41 -47 0
-2 -7 -30 -35 -41 -53 0
-2 -7 -30 -35 -47 -53 0
-2 -7 -30 -41 -47 -53 0
-2 -7 -35 -41 -47 -53 0
-2 -12 -18 -24 -30 -35 0
-2 -12 -18 -24 -30 -41 0
-2 -12 -18 -24 -30 -47 0
-2 -12 -18 -24 -30 -53 0
-2 -12 -18 -24 -35 -41 0
-2 -12 -18 -24 -35 -47 0
-2 -12 -18 -24 -35 -53 0
-2 -12 -18 -24 -41 -47 0
-2 -12 -18 -24 -41 -53 0
-2 -12 -18 -24 -47 -53 0
-2 -12 -18 -30 -35 -41 0
-2 -12 -18 -30 -35 -47 0
-2 -12 -18 -30 -35 -53 0
-2 -12 -18 -30 -41 -47 0
-2 -12 -18 -30 -41 -53 0
-2 -12 -18 -30 -47 -53 0
-2 -12 -18 -35 -41 -47 0
-2 -12 -18 -35 -41 -53 0
-2 -12 -18 -35 -47 -53 0
-2 -12 -18 -41 -47 -53 0
-2 -12 -24 -30 -35 -41 0
-2 -12 -24 -30 -35 -47 0
-2 -12 -24 -30 -35 -53 0
-2 -12 -24 -30 -41 -47 0
-2 -12 -24 -30 -41 -53 0
-2 -12 -24 -30 -47 -53 0
-2 -12 -24 -35 -41 -47 0
-2 -12 -24 -35 -41 -53 0
-2 -12 -24 -35 -47 -53 0
-2 -12 -24 -41 -47 -53 0
-2 -12 -30 -35 -41 -47 0
-2 -12 -30 -35 -41 -53 0
-2 -12 -30 -35 -47 -53 0
-2 -12 -30 -41 -47 -53 0
-2 -12 -35 -41 -47 -53 0
-2 -18 -24 -30 -35 -41 0
-2 -18 -24 -30 -35 -47 0
-2 -18 -24 -30 -35 -53 0
-2 -18 -24 -30 -41 -47 0
-2 -18 -24 -30 -41 -53 0
-2 -18 -24 -30 -47 -53 0
-2 -18 -24 -35 -41 -47 0
-2 -18 -24 -35 -41 -53 0
-2 -18 -24 -35 -47 -53 0
-2 -18 -24 -41 -47 -53 0
-2 -18 -30 -35 -41 -47 0
-2 -18 -30 -35 -41 -53 0
-2 -18 -30 -35 -47 -53 0
-2 -18 -30 -41 -47 -53 0
-2 -18 -35 -41 -47 -53 0
-2 -24 -30 -35 -41 -47 0
-2 -24 -30 -35 -41 -53 0
-2 -24 -30 -35 -47 -53 0
-2 -24 -30 -41 -47 -53 0
-2 -24 -35 -41 -47 -53 0
-2 -30 -35 -41 -47 -53 0
-7 -12 -18 -24 -30 -35 0
-7 -12 -18 -24 -30 -41 0
-7 -12 -18 -24 -30 -47 0
-7 -12 -18 -24 -30 -53 0
-7 -12 -18 -24 -35 -41 0
-7 -12 -18 -24 -35 -47 0
-7 -12 -18 -24 -35 -53 0
-7 -12 -18 -24 -41 -47 0
-7 -12 -18 -24 -41 -53 0
-7 -12 -18 -24 -47 -53 0
-7 -12 -18 -30 -35 -41 0
-7 -12 -18 -30 -35 -47 0
-7 -12 -18 -30 -35 -53 0
-7 -12 -18 -30 -41 -47 0
-7 -12 -18 -30 -41 -53 0
-7 -12 -18 -30 -47 -53 0
-7 -12 -18 -35 -41 -47 0
-7 -12 -18 -35 -41 -53 0
-7 -12 -18 -35 -47 -53 0
-7 -12 -18 -41 -47 -53 0
-7 -12 -24 -30 -35 -41 0
-7 -12 -24 -30 -35 -47 0
-7 -12 -24 -30 -35 -53 0
-7 -12 -24 -30 -41 -47 0
-7 -12 -24 -30 -41 -53 0
-7 -12 -24 -30 -47 -53 0
-7 -12 -24 -35 -41 -47 0
-7 -12 -24 -35 -41 -53 0
-7 -12 -24 -35 -47 -53 0
-7 -12 -24 -41 -47 -53 0
-7 -12 -30 -35 -41 -47 0
-7 -12 -30 -35 -41 -53 0
-7 -12 -30 -35 -47 -53 0
-7 -12 -30 -41 -47 -53 0
-7 -12 -35 -41 -47 -53 0
-7 -18 -24 -30 -35 -41 0
-7 -18 -24 -30 -35 -47 0
-7 -18 -24 -30 -35 -53 0
-7 -18 -24 -30 -41 -47 0
-7 -18 -24 -30 -41 -53 0
-7 -18 -24 -30 -47 -53 0
-7 -18 -24 -35 -41 -47 0
-7 -18 -24 -35 -41 -53 0
-7 -18 -24 -35 -47 -53 0
-7 -18 -24 -41 -47 -53 0
-7 -18 -30 -35 -41 -47 0
-7 -18 -30 -35 -41 -53 0
-7 -18 -30 -35 -47 -53 0
-7 -18 -30 -41 -47 -53 0
-7 -18 -35 -41 -47 -53 0
-7 -24 -30 -35 -41 -47 0
-7 -24 -30 -35 -41 -53 0
-7 -24 -30 -35 -47 -53 0
-7 -24 -30 -41 -47 -53 0
-7 -24 -35 -41 -47 -53 0
-7 -30 -35 -41 -47 -53 0
-12 -18 -24 -30 -35 -41 0
-12 -18 -24 -30 -35 -47 0
-12 -18 -24 -30 -35 -53 0
-12 -18 -24 -30 -41 -47 0
-12 -18 -24 -30 -41 -53 0
-12 -18 -24 -30 -47 -53 0
-12 -18 -24 -35 -41 -47 0
-12 -18 -24 -35 -41 -53 0
-12 -18 -24 -35 -47 -53 0
-12 -18 -24 -41 -47 -53 0
-12 -18 -30 -35 -41 -47 0
-12 -18 -30 -35 -41 -53 0
-12 -18 -30 -35 -47 -53 0
-12 -18 -30 -41 -47 -53 0
-12 -18 -35 -41 -47 -53 0
-12 -24 -30 -35 -41 -47 0
-12 -24 -30 -35 -41 -53 0
-12 -24 -30 -35 -47 -53 0
-12 -24 -30 -41 -47 -53 0
-12 -24 -35 -41 -47 -53 0
-12 -30 -35 -41 -47 -53 0
-18 -24 -30 -35 -41 -47 0
-18 -24 -30 -35 -41 -53 0
-18 -24 -30 -35 -47 -53 0
-18 -24 -30 -41 -47 -53 0
-18 -24 -35 -41 -47 -53 0
-18 -30 -35 -41 -47 -53 0
-24 -30 -35 -41 -47 -53 0
2 7 12 18 24 30 0
2 7 12 18 24 35 0
2 7 12 18 24 41 0
2 7 12 18 24 47 0
2 7 12 18 24 53 0
2 7 12 18 30 35 0
2 7 12 18 30 41 0
2 7 12 18 30 47 0
2 7 12 18 30 53 0
2 7 12 18 35 41 0
2 7 12 18 35 47 0
2 7 12 18 35 53 0
2 7 12 18 41 47 0
2 7 12 18 41 53 0
2 7 12 18 47 53 0
2 7 12 24 30 35 0
2 7 12 24 30 41 0
2 7 12 24 30 47 0
2 7 12 24 30 53 0
2 7 12 24 35 41 0
2 7 12 24 35 47 0
2 7 12 24 35 53 0
2 7 12 24 41 47 0
2 7 12 24 41 53 0
2 7 12 24 47 53 0
2 7 12 30 35 41 0
2 7 12 30 35 47 0
2 7 12 30 35 53 0
2 7 12 30 41 47 0
2 7 12 30 41 53 0
2 7 12 30 47 53 0
2 7 12 35 41 47 0
2 7 12 35 41 53 0
2 7 12 35 47 53 0
2 7 12 41 47 53 0
2 7 18 24 30 35 0
2 7 18 24 30 41 0
2 7 18 24 30 47 0
2 7 18 24 30 53 0
2 7 18 24 35 41 0
2 7 18 24 35 47 0
2 7 18 24 35 53 0
2 7 18 24 41 47 0
2 7 18 24 41 53 0
2 7 18 24 47 53 0
2 7 18 30 35 41 0
2 7 18 30 35 47 0
2 7 18 30 35 53 0
2 7 18 30 41 47 0
2 7 18 30 41 53 0
2 7 18 30 47 53 0
2 7 18 35 41 47 0
2 7 18 35 41 53 0
2 7 18 35 47 53 0
2 7 18 41 47 53 0
2 7 24 30 35 41 0
2 7 24 30 35 47 0
2 7 24 30 35 53 0
2 7 24 30 41 47 0
2 7 24 30 41 53 0
2 7 24 30 47 53 0
2 7 24 35 41 47 0
2 7 24 35 41 53 0
2 7 24 35 47 53 0
2 7 24 41 47 53 0
2 7 30 35 41 47 0
2 7 30 35 41 53 0
2 7 30 35 47 53 0
2 7 30 41 47 53 0
2 7 35 41 47 53 0
2 12 18 24 30 35 0
2 12 18 24 30 41 0
2 12 18 24 30 47 0
2 12 18 24 30 53 0
2 12 18 24 35 41 0
2 12 18 24 35 47 0
2 12 18 24 35 53 0
2 12 18 24 41 47 0
2 12 18 24 41 53 0
2 12 18 24 47 53 0
2 12 18 30 35 41 0
2 12 18 30 35 47 0
2 12 18 30 35 53 0
2 12 18 30 41 47 0
2 12 18 30 41 53 0
2 12 18 30 47 53 0
2 12 18 35 41 47 0
2 12 18 35 41 53 0
2 12 18 35 47 53 0
2 12 18 41 47 53 0
2 12 24 30 35 41 0
2 12 24 30 35 47 0
2 12 24 30 35 53 0
2 12 24 30 41 47 0
2 12 24 30 41 53 0
2 12 24 30 47 53 0
2 12 24 35 41 47 0
2 12 24 35 41 53 0
2 12 24 35 47 53 0
2 12 24 41 47 53 0
2 12 30 35 41 47 0
2 12 30 35 41 53 0
2 12 30 35 47 53 0
2 12 30 41 47 53 0
2 12 35 41 47 53 0
2 18 24 30 35 41 0
2 18 24 30 35 47 0
2 18 24 30 35 53 0
2 18 24 30 41 47 0
2 18 24 30 41 53 0
2 18 24 30 47 53 0
2 18 24 35 41 47 0
2 18 24 35 41 53 0
2 18 24 35 47 53 0
2 18 24 41 47 53 0
2 18 30 35 41 47 0
2 18 30 35 41 53 0
2 18 30 35 47 53 0
2 18 30 41 47 53 0
2 18 35 41 47 53 0
2 24 30 35 41 47 0
2 24 30 35 41 53 0
2 24 30 35 47 53 0
2 24 30 41 47 53 0
2 24 35 41 47 53 0
2 30 35 41 47 53 0
7 12 18 24 30 35 0
7 12 18 24 30 41 0
7 12 18 24 30 47 0
7 12 18 24 30 53 0
7 12 18 24 35 41 0
7 12 18 24 35 47 0
7 12 18 24 35 53 0
7 12 18 24 41 47 0
7 12 18 24 41 53 0
7 12 18 24 47 53 0
7 12 18 30 35 41 0
7 12 18 30 35 47 0
7 12 18 30 35 53 0
7 12 18 30 41 47 0
7 12 18 30 41 53 0
7 12 18 30 47 53 0
7 12 18 35 41 47 0
7 12 18 35 41 53 0
7 12 18 35 47 53 0
7 12 18 41 47 53 0
7 12 24 30 35 41 0
7 12 24 30 35 47 0
7 12 24 30 35 53 0
7 12 24 30 41 47 0
7 12 24 30 41 53 0
7 12 24 30 47 53 0
7 12 24 35 41 47 0
7 12 24 35 41 53 0
7 12 24 35 47 53 0
7 12 24 41 47 53 0
7 12 30 35 41 47 0
7 12 30 35 41 53 0
7 12 30 35 47 53 0
7 12 30 41 47 53 0
7 12 35 41 47 53 0
7 18 24 30 35 41 0
7 18 24 30 35 47 0
7 18 24 30 35 53 0
7 18 24 30 41 47 0
7 18 24 30 41 53 0
7 18 24 30 47 53 0
7 18 24 35 41 47 0
7 18 24 35 41 53 0
7 18 24 35 47 53 0
7 18 24 41 47 53 0
7 18 30 35 41 47 0
7 18 30 35 41 53 0
7 18 30 35 47 53 0
7 18 30 41 47 53 0
7 18 35 41 47 53 0
7 24 30 35 41 47 0
7 24 30 35 41 53 0
7 24 30 35 47 53 0
7 24 30 41 47 53 0
7 24 35 41 47 53 0
7 30 35 41 47 53 0
12 18 24 30 35 41 0
12 18 24 30 35 47 0
12 18 24 30 35 53 0
12 18 24 30 41 47 0
12 18 24 30 41 53 0
12 18 24 30 47 53 0
12 18 24 35 41 47 0
12 18 24 35 41 53 0
12 18 24 35 47 53 0
12 18 24 41 47 53 0
12 18 30 35 41 47 0
12 18 30 35 41 53 0
12 18 30 35 47 53 0
12 18 30 41 47 53 0
12 18 35 41 47 53 0
12 24 30 35 41 47 0
12 24 30 35 41 53 0
12 24 30 35 47 53 0
12 24 30 41 47 53 0
12 24 35 41 47 53 0
12 30 35 41 47 53 0
18 24 30 35 41 47 0
18 24 30 35 41 53 0
18 24 30 35 47 53 0
18 24 30 41 47 53 0
18 24 35 41 47 53 0
18 30 35 41 47 53 0
24 30 35 41 47 53 0
-3 -8 -13 -19 -25 -31 0
-3 -8 -13 -19 -25 -36 0
-3 -8 -13 -19 -25 -42 0
-3 -8 -13 -19 -25 -48 0
-3 -8 -13 -19 -25 -54 0
-3 -8 -13 -19 -31 -36 0
-3 -8 -13 -19 -31 -42 0
-3 -8 -13 -19 -31 -48 0
-3 -8 -13 -19 -31 -54 0
-3 -8 -13 -19 -36 -42 0
-3 -8 -13 -19 -36 -48 0
-3 -8 -13 -19 -36 -54 0
-3 -8 -13 -19 -42 -48 0
-3 -8 -13 -19 -42 -54 0
-3 -8 -13 -19 -48 -54 0
-3 -8 -13 -25 -31 -36 0
-3 -8 -13 -25 -31 -42 0
-3 -8 -13 -25 -31 -48 0
-3 -8 -13 -25 -31 -54 0
-3 -8 -13 -25 -36 -42 0
-3 -8 -13 -25 -36 -48 0
-3 -8 -13 -25 -36 -54 0
-3 -8 -13 -25 -42 -48 0
-3 -8 -13 -25 -42 -54 0
-3 -8 -13 -25 -48 -54 0
-3 -8 -13 -31 -36 -42 0
-3 -8 -13 -31 -36 -48 0
-3 -8 -13 -31 -36 -54 0
-3 -8 -13 -31 -42 -48 0
-3 -8 -13 -31 -42 -54 0
-3 -8 -13 -31 -48 -54 0
-3 -8 -13 -36 -42 -48 0
-3 -8 -13 -36 -42 -54 0
-3 -8 -13 -36 -48 -54 0
-3 -8 -13 -42 -48 -54 0
-3 -8 -19 -25 -31 -36 0
-3 -8 -19 -25 -31 -42 0
-3 -8 -19 -25 -31 -48 0
-3 -8 -19 -25 -31 -54 0
-3 -8 -19 -25 -36 -42 0
-3 -8 -19 -25 -36 -48 0
-3 -8 -19 -25 -36 -54 0
-3 -8 -19 -25 -42 -48 0
-3 -8 -19 -25 -42 -54 0
-3 -8 -19 -25 -48 -54 0
-3 -8 -19 -31 -36 -42 0
-3 -8 -19 -31 -36 -48 0
-3 -8 -19 -31 -36 -54 0
-3 -8 -19 -31 -42 -48 0
-3 -8 -19 -31 -42 -54 0
-3 -8 -19 -31 -48 -54 0
-3 -8 -19 -36 -42 -48 0
-3 -8 -19 -36 -42 -54 0
-3 -8 -19 -36 -48 -54 0
-3 -8 -19 -42 -48 -54 0
-3 -8 -25 -31 -36 -42 0
-3 -8 -25 -31 -36 -48 0
-3 -8 -25 -31 -36 -54 0
-3 -8 -25 -31 -42 -48 0
-3 -8 -25 -31 -42 -54 0
-3 -8 -25 -31 -48 -54 0
-3 -8 -25 -36 -42 -48 0
-3 -8 -25 -36 -42 -54 0
-3 -8 -25 -36 -48 -54 0
-3 -8 -25 -42 -48 -54 0
-3 -8 -31 -36 -42 -48 0
-3 -8 -31 -36 -42 -54 0
-3 -8 -31 -36 -48 -54 0
-3 -8 -31 -42 -48 -54 0
-3 -8 -36 -42 -48 -54 0
-3 -13 -19 -25 -31 -36 0
-3 -13 -19 -25 -31 -42 0
-3 -13 -19 -25 -31 -48 0
-3 -13 -19 -25 -31 -54 0
-3 -13 -19 -25 -36 -42 0
-3 -13 -19 -25 -36 -48 0
-3 -13 -19 -25 -36 -54 0
-3 -13 -19 -25 -42 -48 0
-3 -13 -19 -25 -42 -54 0
-3 -13 -19 -25 -48 -54 0
-3 -13 -19 -31 -36 -42 0
-3 -13 -19 -31 -36 -48 0
-3 -13 -19 -31 -36 -54 0
-3 -13 -19 -31 -42 -48 0
-3 -13 -19 -31 -42 -54 0
-3 -13 -19 -31 -48 -54 0
-3 -13 -19 -36 -42 -48 0
-3 -13 -19 -36 -42 -54 0
-3 -13 -19 -36 -48 -54 0
-3 -13 -19 -42 -48 -54 0
-3 -13 -25 -31 -36 -42 0
-3 -13 -25 -31 -36 -48 0
-3 -13 -25 -31 -36 -54 0
-3 -13 -25 -31 -42 -48 0
-3 -13 -25 -31 -42 -54 0
-3 -13 -25 -31 -48 -54 0
-3 -13 -25 -36 -42 -48 0
-3 -13 -25 -36 -42 -54 0
-3 -13 -25 -36 -48 -54 0
-3 -13 -25 -42 -48 -54 0
-3 -13 -31 -36 -42 -48 0
-3 -13 -31 -36 -42 -54 0
-3 -13 -31 -36 -48 -54 0
-3 -13 -31 -42 -48 -54 0
-3 -13 -36 -42 -48 -54 0
-3 -19 -25 -31 -36 -42 0
-3 -19 -25 -31 -36 -48 0
-3 -19 -25 -31 -36 -54 0
-3 -19 -25 -31 -42 -48 0
-3 -19 -25 -31 -42 -54 0
-3 -19 -25 -31 -48 -54 0
-3 -19 -25 -36 -42 -48 0
-3 -19 -25 -36 -42 -54 0
-3 -19 -25 -36 -48 -54 0
-3 -19 -25 -42 -48 -54 0
-3 -19 -31 -36 -42 -48 0
-3 -19 -31 -36 -42 -54 0
-3 -19 -31 -36 -48 -54 0
-3 -19 -31 -42 -48 -54 0
-3 -19 -36 -42 -48 -54 0
-3 -25 -31 -36 -42 -48 0
-3 -25 -31 -36 -42 -54 0
-3 -25 -31 -36 -48 -54 0
-3 -25 -31 -42 -48 -54 0
-3 -25 -36 -42 -48 -54 0
-3 -31 -36 -42 -48 -54 0
-8 -13 -19 -25 -31 -36 0
-8 -13 -19 -25 -31 -42 0
-8 -13 -19 -25 -31 -48 0
-8 -13 -19 -25 -31 -54 0
-8 -13 -19 -25 -36 -42 0
-8 -13 -19 -25 -36 -48 0
-8 -13 -19 -25 -36 -54 0
-8 -13 -19 -25 -42 -48 0
-8 -13 -19 -25 -42 -54 0
-8 -13 -19 -25 -48 -54 0
-8 -13 -19 -31 -36 -42 0
-8 -13 -19 -31 -36 -48 0
-8 -13 -19 -31 -36 -54 0
-8 -13 -19 -31 -42 -48 0
-8 -13 -19 -31 -42 -54 0
-8 -13 -19 -31 -48 -54 0
-8 -13 -19 -36 -42 -48 0
-8 -13 -19 -36 -42 -54 0
-8 -13 -19 -36 -48 -54 0
-8 -13 -19 -42 -48 -54 0
-8 -13 -25 -31 -36 -42 0
-8 -13 -25 -31 -36 -48 0
-8 -13 -25 -31 -36 -54 0
-8 -13 -25 -31 -42 -48 0
-8 -13 -25 -31 -42 -54 0
-8 -13 -25 -31 -48 -54 0
-8 -13 -25 -36 -42 -48 0
-8 -13 -25 -36 -42 -54 0
-8 -13 -25 -36 -48 -54 0
-8 -13 -25 -42 -48 -54 0
-8 -13 -31 -36 -42 -48 0
-8 -13 -31 -36 -42 -54 0
-8 -13 -31 -36 -48 -54 0
-8 -13 -31 -42 -48 -54 0
-8 -13 -36 -42 -48 -54 0
-8 -19 -25 -31 -36 -42 0
-8 -19 -25 -31 -36 -48 0
-8 -19 -25 -31 -36 -54 0
-8 -19 -25 -31 -42 -48 0
-8 -19 -25 -31 -42 -54 0
-8 -19 -25 -31 -48 -54 0
-8 -19 -25 -36 -42 -48 0
-8 -19 -25 -36 -42 -54 0
-8 -19 -25 -36 -48 -54 0
-8 -19 -25 -42 -48 -54 0
-8 -19 -31 -36 -42 -48 0
-8 -19 -31 -36 -42 -54 0
-8 -19 -31 -36 -48 -54 0
-8 -19 -31 -42 -48 -54 0
-8 -19 -36 -42 -48 -54 0
-8 -25 -31 -36 -42 -48 0
-8 -25 -31 -36 -42 -54 0
-8 -25 -31 -36 -48 -54 0
-8 -25 -31 -42 -48 -54 0
-8 -25 -36 -42 -48 -54 0
-8 -31 -36 -42 -48 -54 0
-13 -19 -25 -31 -36 -42 0
-13 -19 -25 -31 -36 -48 0
-13 -19 -25 -31 -36 -54 0
-13 -19 -25 -31 -42 -48 0
-13 -19 -25 -31 -42 -54 0
-13 -19 -25 -31 -48 -54 0
-13 -19 -25 -36 -42 -48 0
-13 -19 -25 -36 -42 -54 0
-13 -19 -25 -36 -48 -54 0
-13 -19 -25 -42 -48 -54 0
-13 -19 -31 -36 -42 -48 0
-13 -19 -31 -36 -42 -54 0
-13 -19 -31 -36 -48 -54 0
-13 -19 -31 -42 -48 -54 0
-13 -19 -36 -42 -48 -54 0
-13 -25 -31 -36 -42 -48 0
-13 -25 -31 -36 -42 -54 0
-13 -25 -31 -36 -48 -54 0
-13 -25 -31 -42 -48 -54 0
-13 -25 -36 -42 -48 -54 0
-13 -31 -36 -42 -48 -54 0
-19 -25 -31 -36 -42 -48 0
-19 -25 -31 -36 -42 -54 0
-19 -25 -31 -36 -48 -54 0
-19 -25 -31 -42 -48 -54 0
-19 -25 -36 -42 -48 -54 0
-19 -31 -36 -42 -48 -54 0
-25 -31 -36 -42 -48 -54 0
3 8 13 19 25 31 0
3 8 13 19 25 36 0
3 8 13 19 25 42 0
3 8 13 19 25 48 0
3 8 13 19 25 54 0
3 8 13 19 31 36 0
3 8 13 19 31 42 0
3 8 13 19 31 48 0
3 8 13 19 31 54 0
3 8 13 19 36 42 0
3 8 13 19 36 48 0
3 8 13 19 36 54 0
3 8 13 19 42 48 0
3 8 13 19 42 54 0
3 8 13 19 48 54 0
3 8 13 25 31 36 0
3 8 13 25 31 42 0
3 8 13 25 31 48 0
3 8 13 25 31 54 0
3 8 13 25 36 42 0
3 8 13 25 36 48 0
3 8 13 25 36 54 0
3 8 13 25 42 48 0
3 8 13 25 42 54 0
3 8 13 25 48 54 0
3 8 13 31 36 42 0
3 8 13 31 36 48 0
3 8 13 31 36 54 0
3 8 13 31 42 48 0
3 8 13 31 42 54 0
3 8 13 31 48 54 0
3 8 13 36 42 48 0
3 8 13 36 42 54 0
3 8 13 36 48 54 0
3 8 13 42 48 54 0
3 8 19 25 31 36 0
3 8 19 25 31 42 0
3 8 19 25 31 48 0
3 8 19 25 31 54 0
3 8 19 25 36 42 0
3 8 19 25 36 48 0
3 8 19 25 36 54 0
3 8 19 25 42 48 0
3 8 19 25 42 54 0
3 8 19 25 48 54 0
3 8 19 31 36 42 0
3 8 19 31 36 48 0
3 8 19 31 36 54 0
3 8 19 31 42 48 0
3 8 19 31 42 54 0
3 8 19 31 48 54 0
3 8 19 36 42 48 0
3 8 19 36 42 54 0
3 8 19 36 48 54 0
3 8 19 42 48 54 0
3 8 25 31 36 42 0
3 8 25 31 36 48 0
3 8 25 31 36 54 0
3 8 25 31 42 48 0
3 8 25 31 42 54 0
3 8 25 31 48 54 0
3 8 25 36 42 48 0
3 8 25 36 42 54 0
3 8 25 36 48 54 0
3 8 25 42 48 54 0
3 8 31 36 42 48 0
3 8 31 36 42 54 0
3 8 31 36 48 54 0
3 8 31 42 48 54 0
3 8 36 42 48 54 0
3 13 19 25 31 36 0
3 13 19 25 31 42 0
3 13 19 25 31 48 0
3 13 19 25 31 54 0
3 13 19 25 36 42 0
3 13 19 25 36 48 0
3 13 19 25 36 54 0
3 13 19 25 42 48 0
3 13 19 25 42 54 0
3 13 19 25 48 54 0
3 13 19 31 36 42 0
3 13 19 31 36 48 0
3 13 19 31 36 54 0
3 13 19 31 42 48 0
3 13 19 31 42 54 0
3 13 19 31 48 54 0
3 13 19 36 42 48 0
3 13 19 36 42 54 0
3 13 19 36 48 54 0
3 13 19 42 48 54 0
3 13 25 31 36 42 0
3 13 25 31 36 48 0
3 13 25 31 36 54 0
3 13 25 31 42 48 0
3 13 25 31 42 54 0
3 13 25 31 48 54 0
3 13 25 36 42 48 0
3 13 25 36 42 54 0
3 13 25 36 48 54 0
3 13 25 42 48 54 0
3 13 31 36 42 48 0
3 13 31 36 42 54 0
3 13 31 36 48 54 0
3 13 31 42 48 54 0
3 13 36 42 48 54 0
3 19 25 31 36 42 0
3 19 25 31 36 48 0
3 19 25 31 36 54 0
3 19 25 31 42 48 0
3 19 25 31 42 54 0
3 19 25 31 48 54 0
3 19 25 36 42 48 0
3 19 25 36 42 54 0
3 19 25 36 48 54 0
3 19 25 42 48 54 0
3 19 31 36 42 48 0
3 19 31 36 42 54 0
3 19 31 36 48 54 0
3 19 31 42 48 54 0
3 19 36 42 48 54 0
3 25 31 36 42 48 0
3 25 31 36 42 54 0
3 25 31 36 48 54 0
3 25 31 42 48 54 0
3 25 36 42 48 54 0
3 31 36 42 48 54 0
8 13 19 25 31 36 0
8 13 19 25 31 42 0
8 13 19 25 31 48 0
8 13 19 25 31 54 0
8 13 19 25 36 42 0
8 13 19 25 36 48 0
8 13 19 25 36 54 0
8 13 19 25 42 48 0
8 13 19 25 42 54 0
8 13 19 25 48 54 0
8 13 19 31 36 42 0
8 13 19 31 36 48 0
8 13 19 31 36 54 0
8 13 19 31 42 48 0
8 13 19 31 42 54 0
8 13 19 31 48 54 0
8 13 19 36 42 48 0
8 13 19 36 42 54 0
8 13 19 36 48 54 0
8 13 19 42 48 54 0
8 13 25 31 36 42 0
8 13 25 31 36 48 0
8 13 25 31 36 54 0
8 13 25 31 42 48 0
8 13 25 31 42 54 0
8 13 25 31 48 54 0
8 13 25 36 42 48 0
8 13 25 36 42 54 0
8 13 25 36 48 54 0
8 13 25 42 48 54 0
8 13 31 36 42 48 0
8 13 31 36 42 54 0
8 13 31 36 48 54 0
8 13 31 42 48 54 0
8 13 36 42 48 54 0
8 19 25 31 36 42 0
8 19 25 31 36 48 0
8 19 25 31 36 54 0
8 19 25 31 42 48 0
8 19 25 31 42 54 0
8 19 25 31 48 54 0
8 19 25 36 42 48 0
8 19 25 36 42 54 0
8 19 25 36 48 54 0
8 19 25 42 48 54 0
8 19 31 36 42 48 0
8 19 31 36 42 54 0
8 19 31 36 48 54 0
8 19 31 42 48 54 0
8 19 36 42 48 54 0
8 25 31 36 42 48 0
8 25 31 36 42 54 0
8 25 31 36 48 54 0
8 25 31 42 48 54 0
8 25 36 42 48 54 0
8 31 36 42 48 54 0
13 19 25 31 36 42 0
13 19 25 31 36 48 0
13 19 25 31 36 54 0
13 19 25 31 42 48 0
13 19 25 31 42 54 0
13 19 25 31 48 54 0
13 19 25 36 42 48 0
13 19 25 36 42 54 0
13 19 25 36 48 54 0
13 19 25 42 48 54 0
13 19 31 36 42 48 0
13 19 31 36 42 54 0
13 19 31 36 48 54 0
13 19 31 42 48 54 0
13 19 36 42 48 54 0
13 25 31 36 42 48 0
13 25 31 36 42 54 0
13 25 31 36 48 54 0
13 25 31 42 48 54 0
13 25 36 42 48 54 0
13 31 36 42 48 54 0
19 25 31 36 42 48 0
19 25 31 36 42 54 0
19 25 31 36 48 54 0
19 25 31 42 48 54 0
19 25 36 42 48 54 0
19 31 36 42 48 54 0
25 31 36 42 48 54 0
-4 -14 -20 -26 -32 -37 0
-4 -14 -20 -26 -32 -43 0
-4 -14 -20 -26 -32 -49 0
-4 -14 -20 -26 -32 -55 0
-4 -14 -20 -26 -37 -43 0
-4 -14 -20 -26 -37 -49 0
-4 -14 -20 -26 -37 -55 0
-4 -14 -20 -26 -43 -49 0
-4 -14 -20 -26 -43 -55 0
-4 -14 -20 -26 -49 -55 0
-4 -14 -20 -32 -37 -43 0
-4 -14 -20 -32 -37 -49 0
-4 -14 -20 -32 -37 -55 0
-4 -14 -20 -32 -43 -49 0
-4 -14 -20 -32 -43 -55 0
-4 -14 -20 -32 -49 -55 0
-4 -14 -20 -37 -43 -49 0
-4 -14 -20 -37 -43 -55 0
-4 -14 -20 -37 -49 -55 0
-4 -14 -20 -43 -49 -55 0
-4 -14 -26 -32 -37 -43 0
-4 -14 -26 -32 -37 -49 0
-4 -14 -26 -32 -37 -55 0
-4 -14 -26 -32 -43 -49 0
-4 -14 -26 -32 -43 -55 0
-4 -14 -26 -32 -49 -55 0
-4 -14 -26 -37 -43 -49 0
-4 -14 -26 -37 -43 -55 0
-4 -14 -26 -37 -49 -55 0
-4 -14 -26 -43 -49 -55 0
-4 -14 -32 -37 -43 -49 0
-4 -14 -32 -37 -43 -55 0
-4 -14 -32 -37 -49 -55 0
-4 -14 -32 -43 -49 -55 0
-4 -14 -37 -43 -49 -55 0
-4 -20 -26 -32 -37 -43 0
-4 -20 -26 -32 -37 -49 0
-4 -20 -26 -32 -37 -55 0
-4 -20 -26 -32 -43 -49 0
-4 -20 -26 -32 -43 -55 0
-4 -20 -26 -32 -49 -55 0
-4 -20 -26 -37 -43 -49 0
-4 -20 -26 -37 -43 -55 0
-4 -20 -26 -37 -49 -55 0
-4 -20 -26 -43 -49 -55 0
-4 -20 -32 -37 -43 -49 0
-4 -20 -32 -37 -43 -55 0
-4 -20 -32 -37 -49 -55 0
-4 -20 -32 -43 -49 -55 0
-4 -20 -37 -43 -49 -55 0
-4 -26 -32 -37 -43 -49 0
-4 -26 -32 -37 -43 -55 0
-4 -26 -32 -37 -49 -55 0
-4 -26 -32 -43 -49 -55 0
-4 -26 -37 -43 -49 -55 0
-4 -32 -37 -43 -49 -55 0
-14 -20 -26 -32 -37 -43 0
-14 -20 -26 -32 -37 -49 0
-14 -20 -26 -32 -37 -55 0
-14 -20 -26 -32 -43 -49 0
-14 -20 -26 -32 -43 -55 0
-14 -20 -26 -32 -49 -55 0
-14 -20 -26 -37 -43 -49 0
-14 -20 -26 -37 -43 -55 0
-14 -20 -26 -37 -49 -55 0
-14 -20 -26 -43 -49 -55 0
-14 -20 -32 -37 -43 -49 0
-14 -20 -32 -37 -43 -55 0
-14 -20 -32 -37 -49 -55 0
-14 -20 -32 -43 -49 -55 0
-14 -20 -37 -43 -49 -55 0
-14 -26 -32 -37 -43 -49 0
-14 -26 -32 -37 -43 -55 0
-14 -26 -32 -37 -49 -55 0
-14 -26 -32 -43 -49 -55 0
-14 -26 -37 -43 -49 -55 0
-14 -32 -37 -43 -49 -55 0
-20 -26 -32 -37 -43 -49 0
-20 -26 -32 -37 -43 -55 0
-20 -26 -32 -37 -49 -55 0
-20 -26 -32 -43 -49 -55 0
-20 -26 -37 -43 -49 -55 0
-20 -32 -37 -43 -49 -55 0
-26 -32 -37 -43 -49 -55 0
4 14 20 26 32 0
4 14 20 26 37 0
4 14 20 26 43 0
4 14 20 26 49 0
4 14 20 26 55 0
4 14 20 32 37 0
4 14 20 32 43 0
4 14 20 32 49 0
4 14 20 32 55 0
4 14 20 37 43 0
4 14 20 37 49 0
4 14 20 37 55 0
4 14 20 43 49 0
4 14 20 43 55 0
4 14 20 49 55 0
4 14 26 32 37 0
4 14 26 32 43 0
4 14 26 32 49 0
4 14 26 32 55 0
4 14 26 37 43 0
4 14 26 37 49 0
4 14 26 37 55 0
4 14 26 43 49 0
4 14 26 43 55 0
4 14 26 49 55 0
4 14 32 37 43 0
4 14 32 37 49 0
4 14 32 37 55 0
4 14 32 43 49 0
4 14 32 43 55 0
4 14 32 49 55 0
4 14 37 43 49 0
4 14 37 43 55 0
4 14 37 49 55 0
4 14 43 49 55 0
4 20 26 32 37 0
4 20 26 32 43 0
4 20 26 32 49 0
4 20 26 32 55 0
4 20 26 37 43 0
4 20 26 37 49 0
4 20 26 37 55 0
4 20 26 43 49 0
4 20 26 43 55 0
4 20 26 49 55 0
4 20 32 37 43 0
4 20 32 37 49 0
4 20 32 37 55 0
4 20 32 43 49 0
4 20 32 43 55 0
4 20 32 49 55 0
4 20 37 43 49 0
4 20 37 43 55 0
4 20 37 49 55 0
4 20 43 49 55 0
4 26 32 37 43 0
4 26 32 37 49 0
4 26 32 37 55 0
4 26 32 43 49 0
4 26 32 43 55 0
4 26 32 49 55 0
4 26 37 43 49 0
4 26 37 43 55 0
4 26 37 49 55 0
4 26 43 49 55 0
4 32 37 43 49 0
4 32 37 43 55 0
4 32 37 49 55 0
4 32 43 49 55 0
4 37 43 49 55 0
4 14 20 26 32 37 0
4 14 20 26 32 43 0
4 14 20 26 32 49 0
4 14 20 26 32 55 0
4 14 20 26 37 43 0
4 14 20 26 37 49 0
4 14 20 26 37 55 0
4 14 20 26 43 49 0
4 14 20 26 43 55 0
4 14 20 26 49 55 0
4 14 20 32 37 43 0
4 14 20 32 37 49 0
4 14 20 32 37 55 0
4 14 20 32 43 49 0
4 14 20 32 43 55 0
4 14 20 32 49 55 0
4 14 20 37 43 49 0
4 14 20 37 43 55 0
4 14 20 37 49 55 0
4 14 20 43 49 55 0
4 14 26 32 37 43 0
4 14 26 32 37 49 0
4 14 26 32 37 55 0
4 14 26 32 43 49 0
4 14 26 32 43 55 0
4 14 26 32 49 55 0
4 14 26 37 43 49 0
4 14 26 37 43 55 0
4 14 26 37 49 55 0
4 14 26 43 49 55 0
4 14 32 37 43 49 0
4 14 32 37 43 55 0
4 14 32 37 49 55 0
4 14 32 43 49 55 0
4 14 37 43 49 55 0
4 20 26 32 37 43 0
4 20 26 32 37 49 0
4 20 26 32 37 55 0
4 20 26 32 43 49 0
4 20 26 32 43 55 0
4 20 26 32 49 55 0
4 20 26 37 43 49 0
4 20 26 37 43 55 0
4 20 26 37 49 55 0
4 20 26 43 49 55 0
4 20 32 37 43 49 0
4 20 32 37 43 55 0
4 20 32 37 49 55 0
4 20 32 43 49 55 0
4 20 37 43 49 55 0
4 26 32 37 43 49 0
4 26 32 37 43 55 0
4 26 32 37 49 55 0
4 26 32 43 49 55 0
4 26 37 43 49 55 0
4 32 37 43 49 55 0
14 20 26 32 37 0
14 20 26 32 43 0
14 20 26 32 49 0
14 20 26 32 55 0
14 20 26 37 43 0
14 20 26 37 49 0
14 20 26 37 55 0
14 20 26 43 49 0
14 20 26 43 55 0
14 20 26 49 55 0
14 20 32 37 43 0
14 20 32 37 49 0
14 20 32 37 55 0
14 20 32 43 49 0
14 20 32 43 55 0
14 20 32 49 55 0
14 20 37 43 49 0
14 20 37 43 55 0
14 20 37 49 55 0
14 20 43 49 55 0
14 26 32 37 43 0
14 26 32 37 49 0
14 26 32 37 55 0
14 26 32 43 49 0
14 26 32 43 55 0
14 26 32 49 55 0
14 26 37 43 49 0
14 26 37 43 55 0
14 26 37 49 55 0
14 26 43 49 55 0
14 32 37 43 49 0
14 32 37 43 55 0
14 32 37 49 55 0
14 32 43 49 55 0
14 37 43 49 55 0
20 26 32 37 43 0
20 26 32 37 49 0
20 26 32 37 55 0
20 26 32 43 49 0
20 26 32 43 55 0
20 26 32 49 55 0
20 26 37 43 49 0
20 26 37 43 55 0
20 26 37 49 55 0
20 26 43 49 55 0
20 32 37 43 49 0
20 32 37 43 55 0
20 32 37 49 55 0
20 32 43 49 55 0
20 37 43 49 55 0
26 32 37 43 49 0
26 32 37 43 55 0
26 32 37 49 55 0
26 32 43 49 55 0
26 37 43 49 55 0
32 37 43 49 55 0
14 20 26 32 37 43 0
14 20 26 32 37 49 0
14 20 26 32 37 55 0
14 20 26 32 43 49 0
14 20 26 32 43 55 0
14 20 26 32 49 55 0
14 20 26 37 43 49 0
14 20 26 37 43 55 0
14 20 26 37 49 55 0
14 20 26 43 49 55 0
14 20 32 37 43 49 0
14 20 32 37 43 55 0
14 20 32 37 49 55 0
14 20 32 43 49 55 0
14 20 37 43 49 55 0
14 26 32 37 43 49 0
14 26 32 37 43 55 0
14 26 32 37 49 55 0
14 26 32 43 49 55 0
14 26 37 43 49 55 0
14 32 37 43 49 55 0
20 26 32 37 43 49 0
20 26 32 37 43 55 0
20 26 32 37 49 55 0
20 26 32 43 49 55 0
20 26 37 43 49 55 0
20 32 37 43 49 55 0
26 32 37 43 49 55 0
-5 -9 -15 -21 -27 -33 0
-5 -9 -15 -21 -27 -38 0
-5 -9 -15 -21 -27 -44 0
-5 -9 -15 -21 -27 -50 0
-5 -9 -15 -21 -27 -56 0
-5 -9 -15 -21 -33 -38 0
-5 -9 -15 -21 -33 -44 0
-5 -9 -15 -21 -33 -50 0
-5 -9 -15 -21 -33 -56 0
-5 -9 -15 -21 -38 -44 0
-5 -9 -15 -21 -38 -50 0
-5 -9 -15 -21 -38 -56 0
-5 -9 -15 -21 -44 -50 0
-5 -9 -15 -21 -44 -56 0
-5 -9 -15 -21 -50 -56 0
-5 -9 -15 -27 -33 -38 0
-5 -9 -15 -27 -33 -44 0
-5 -9 -15 -27 -33 -50 0
-5 -9 -15 -27 -33 -56 0
-5 -9 -15 -27 -38 -44 0
-5 -9 -15 -27 -38 -50 0
-5 -9 -15 -27 -38 -56 0
-5 -9 -15 -27 -44 -50 0
-5 -9 -15 -27 -44 -56 0
-5 -9 -15 -27 -50 -56 0
-5 -9 -15 -33 -38 -44 0
-5 -9 -15 -33 -38 -50 0
-5 -9 -15 -33 -38 -56 0
-5 -9 -15 -33 -44 -50 0
-5 -9 -15 -33 -44 -56 0
-5 -9 -15 -33 -50 -56 0
-5 -9 -15 -38 -44 -50 0
-5 -9 -15 -38 -44 -56 0
-5 -9 -15 -38 -50 -56 0
-5 -9 -15 -44 -50 -56 0
-5 -9 -21 -27 -33 -38 0
-5 -9 -21 -27 -33 -44 0
-5 -9 -21 -27 -33 -50 0
-5 -9 -21 -27 -33 -56 0
-5 -9 -21 -27 -38 -44 0
-5 -9 -21 -27 -38 -50 0
-5 -9 -21 -27 -38 -56 0
-5 -9 -21 -27 -44 -50 0
-5 -9 -21 -27 -44 -56 0
-5 -9 -21 -27 -50 -56 0
-5 -9 -21 -33 -38 -44 0
-5 -9 -21 -33 -38 -50 0
-5 -9 -21 -33 -38 -56 0
-5 -9 -21 -33 -44 -50 0
-5 -9 -21 -33 -44 -56 0
-5 -9 -21 -33 -50 -56 0
-5 -9 -21 -38 -44 -50 0
-5 -9 -21 -38 -44 -56 0
-5 -9 -21 -38 -50 -56 0
-5 -9 -21 -44 -50 -56 0
-5 -9 -27 -33 -38 -44 0
-5 -9 -27 -33 -38 -50 0
-5 -9 -27 -33 -38 -56 0
-5 -9 -27 -33 -44 -50 0
-5 -9 -27 -33 -44 -56 0
-5 -9 -27 -33 -50 -56 0
-5 -9 -27 -38 -44 -50 0
-5 -9 -27 -38 -44 -56 0
-5 -9 -27 -38 -50 -56 0
-5 -9 -27 -44 -50 -56 0
-5 -9 -33 -38 -44 -50 0
-5 -9 -33 -38 -44 -56 0
-5 -9 -33 -38 -50 -56 0
-5 -9 -33 -44 -50 -56 0
-5 -9 -38 -44 -50 -56 0
-5 -15 -21 -27 -33 -38 0
-5 -15 -21 -27 -33 -44 0
-5 -15 -21 -27 -33 -50 0
-5 -15 -21 -27 -33 -56 0
-5 -15 -21 -27 -38 -44 0
-5 -15 -21 -27 -38 -50 0
-5 -15 -21 -27 -38 -56 0
-5 -15 -21 -27 -44 -50 0
-5 -15 -21 -27 -44 -56 0
-5 -15 -21 -27 -50 -56 0
-5 -15 -21 -33 -38 -44 0
-5 -15 -21 -33 -38 -50 0
-5 -15 -21 -33 -38 -56 0
-5 -15 -21 -33 -44 -50 0
-5 -15 -21 -33 -44 -56 0
-5 -15 -21 -33 -50 -56 0
-5 -15 -21 -38 -44 -50 0
-5 -15 -21 -38 -44 -56 0
-5 -15 -21 -38 -50 -56 0
-5 -15 -21 -44 -50 -56 0
-5 -15 -27 -33 -38 -44 0
-5 -15 -27 -33 -38 -50 0
-5 -15 -27 -33 -38 -56 0
-5 -15 -27 -33 -44 -50 0
-5 -15 -27 -33 -44 -56 0
-5 -15 -27 -33 -50 -56 0
-5 -15 -27 -38 -44 -50 0
-5 -15 -27 -38 -44 -56 0
-5 -15 -27 -38 -50 -56 0
-5 -15 -27 -44 -50 -56 0
-5 -15 -33 -38 -44 -50 0
-5 -15 -33 -38 -44 -56 0
-5 -15 -33 -38 -50 -56 0
-5 -15 -33 -44 -50 -56 0
-5 -15 -38 -44 -50 -56 0
-5 -21 -27 -33 -38 -44 0
-5 -21 -27 -33 -38 -50 0
-5 -21 -27 -33 -38 -56 0
-5 -21 -27 -33 -44 -50 0
-5 -21 -27 -33 -44 -56 0
-5 -21 -27 -33 -50 -56 0
-5 -21 -27 -38 -44 -50 0
-5 -21 -27 -38 -44 -56 0
-5 -21 -27 -38 -50 -56 0
-5 -21 -27 -44 -50 -56 0
-5 -21 -33 -38 -44 -50 0
-5 -21 -33 -38 -44 -56 0
-5 -21 -33 -38 -50 -56 0
-5 -21 -33 -44 -50 -56 0
-5 -21 -38 -44 -50 -56 0
-5 -27 -33 -38 -44 -50 0
-5 -27 -33 -38 -44 -56 0
-5 -27 -33 -38 -50 -56 0
-5 -27 -33 -44 -50 -56 0
-5 -27 -38 -44 -50 -56 0
-5 -33 -38 -44 -50 -56 0
-9 -15 -21 -27 -33 -38 0
-9 -15 -21 -27 -33 -44 0
-9 -15 -21 -27 -33 -50 0
-9 -15 -21 -27 -33 -56 0
-9 -15 -21 -27 -38 -44 0
-9 -15 -21 -27 -38 -50 0
-9 -15 -21 -27 -38 -56 0
-9 -15 -21 -27 -44 -50 0
-9 -15 -21 -27 -44 -56 0
-9 -15 -21 -27 -50 -56 0
-9 -15 -21 -33 -38 -44 0
-9 -15 -21 -33 -38 -50 0
-9 -15 -21 -33 -38 -56 0
-9 -15 -21 -33 -44 -50 0
-9 -15 -21 -33 -44 -56 0
-9 -15 -21 -33 -50 -56 0
-9 -15 -21 -38 -44 -50 0
-9 -15 -21 -38 -44 -56 0
-9 -15 -21 -38 -50 -56 0
-9 -15 -21 -44 -50 -56 0
-9 -15 -27 -33 -38 -44 0
-9 -15 -27 -33 -38 -50 0
-9 -15 -27 -33 -38 -56 0
-9 -15 -27 -33 -44 -50 0
-9 -15 -27 -33 -44 -56 0
-9 -15 -27 -33 -50 -56 0
-9 -15 -27 -38 -44 -50 0
-9 -15 -27 -38 -44 -56 0
-9 -15 -27 -38 -50 -56 0
-9 -15 -27 -44 -50 -56 0
-9 -15 -33 -38 -44 -50 0
-9 -15 -33 -38 -44 -56 0
-9 -15 -33 -38 -50 -56 0
-9 -15 -33 -44 -50 -56 0
-9 -15 -38 -44 -50 -56 0
-9 -21 -27 -33 -38 -44 0
-9 -21 -27 -33 -38 -50 0
-9 -21 -27 -33 -38 -56 0
-9 -21 -27 -33 -44 -50 0
-9 -21 -27 -33 -44 -56 0
-9 -21 -27 -33 -50 -56 0
-9 -21 -27 -38 -44 -50 0
-9 -21 -27 -38 -44 -56 0
-9 -21 -27 -38 -50 -56 0
-9 -21 -27 -44 -50 -56 0
-9 -21 -33 -38 -44 -50 0
-9 -21 -33 -38 -44 -56 0
-9 -21 -33 -38 -50 -56 0
-9 -21 -33 -44 -50 -56 0
-9 -21 -38 -44 -50 -56 0
-9 -27 -33 -38 -44 -50 0
-9 -27 -33 -38 -44 -56 0
-9 -27 -33 -38 -50 -56 0
-9 -27 -33 -44 -50 -56 0
-9 -27 -38 -44 -50 -56 0
-9 -33 -38 -44 -50 -56 0
-15 -21 -27 -33 -38 -44 0
-15 -21 -27 -33 -38 -50 0
-15 -21 -27 -33 -38 -56 0
-15 -21 -27 -33 -44 -50 0
-15 -21 -27 -33 -44 -56 0
-15 -21 -27 -33 -50 -56 0
-15 -21 -27 -38 -44 -50 0
-15 -21 -27 -38 -44 -56 0
-15 -21 -27 -38 -50 -56 0
-15 -21 -27 -44 -50 -56 0
-15 -21 -33 -38 -44 -50 0
-15 -21 -33 -38 -44 -56 0
-15 -21 -33 -38 -50 -56 0
-15 -21 -33 -44 -50 -56 0
-15 -21 -38 -44 -50 -56 0
-15 -27 -33 -38 -44 -50 0
-15 -27 -33 -38 -44 -56 0
-15 -27 -33 -38 -50 -56 0
-15 -27 -33 -44 -50 -56 0
-15 -27 -38 -44 -50 -56 0
-15 -33 -38 -44 -50 -56 0
-21 -27 -33 -38 -44 -50 0
-21 -27 -33 -38 -44 -56 0
-21 -27 -33 -38 -50 -56 0
-21 -27 -33 -44 -50 -56 0
-21 -27 -38 -44 -50 -56 0
-21 -33 -38 -44 -50 -56 0
-27 -33 -38 -44 -50 -56 0
5 9 15 21 27 33 0
5 9 15 21 27 38 0
5 9 15 21 27 44 0
5 9 15 21 27 50 0
5 9 15 21 27 56 0
5 9 15 21 33 38 0
5 9 15 21 33 44 0
5 9 15 21 33 50 0
5 9 15 21 33 56 0
5 9 15 21 38 44 0
5 9 15 21 38 50 0
5 9 15 21 38 56 0
5 9 15 21 44 50 0
5 9 15 21 44 56 0
5 9 15 21 50 56 0
5 9 15 27 33 38 0
5 9 15 27 33 44 0
5 9 15 27 33 50 0
5 9 15 27 33 56 0
5 9 15 27 38 44 0
5 9 15 27 38 50 0
5 9 15 27 38 56 0
5 9 15 27 44 50 0
5 9 15 27 44 56 0
5 9 15 27 50 56 0
5 9 15 33 38 44 0
5 9 15 33 38 50 0
5 9 15 33 38 56 0
5 9 15 33 44 50 0
5 9 15 33 44 56 0
5 9 15 33 50 56 0
5 9 15 38 44 50 0
5 9 15 38 44 56 0
5 9 15 38 50 56 0
5 9 15 44 50 56 0
5 9 21 27 33 38 0
5 9 21 27 33 44 0
5 9 21 27 33 50 0
5 9 21 27 33 56 0
5 9 21 27 38 44 0
5 9 21 27 38 50 0
5 9 21 27 38 56 0
5 9 21 27 44 50 0
5 9 21 27 44 56 0
5 9 21 27 50 56 0
5 9 21 33 38 44 0
5 9 21 33 38 50 0
5 9 21 33 38 56 0
5 9 21 33 44 50 0
5 9 21 33 44 56 0
5 9 21 33 50 56 0
5 9 21 38 44 50 0
5 9 21 38 44 56 0
5 9 21 38 50 56 0
5 9 21 44 50 56 0
5 9 27 33 38 44 0
5 9 27 33 38 50 0
5 9 27 33 38 56 0
5 9 27 33 44 50 0
5 9 27 33 44 56 0
5 9 27 33 50 56 0
5 9 27 38 44 50 0
5 9 27 38 44 56 0
5 9 27 38 50 56 0
5 9 27 44 50 56 0
5 9 33 38 44 50 0
5 9 33 38 44 56 0
5 9 33 38 50 56 0
5 9 33 44 50 56 0
5 9 38 44 50 56 0
5 15 21 27 33 38 0
5 15 21 27 33 44 0
5 15 21 27 33 50 0
5 15 21 27 33 56 0
5 15 21 27 38 44 0
5 15 21 27 38 50 0
5 15 21 27 38 56 0
5 15 21 27 44 50 0
5 15 21 27 44 56 0
5 15 21 27 50 56 0
5 15 21 33 38 44 0
5 15 21 33 38 50 0
5 15 21 33 38 56 0
5 15 21 33 44 50 0
5 15 21 33 44 56 0
5 15 21 33 50 56 0
5 15 21 38 44 50 0
5 15 21 38 44 56 0
5 15 21 38 50 56 0
5 15 21 44 50 56 0
5 15 27 33 38 44 0
5 15 27 33 38 50 0
5 15 27 33 38 56 0
5 15 27 33 44 50 0
5 15 27 33 44 56 0
5 15 27 33 50 56 0
5 15 27 38 44 50 0
5 15 27 38 44 56 0
5 15 27 38 50 56 0
5 15 27 44 50 56 0
5 15 33 38 44 50 0
5 15 33 38 44 56 0
5 15 33 38 50 56 0
5 15 33 44 50 56 0
5 15 38 44 50 56 0
5 21 27 33 38 44 0
5 21 27 33 38 50 0
5 21 27 33 38 56 0
5 21 27 33 44 50 0
5 21 27 33 44 56 0
5 21 27 33 50 56 0
5 21 27 38 44 50 0
5 21 27 38 44 56 0
5 21 27 38 50 56 0
5 21 27 44 50 56 0
5 21 33 38 44 50 0
5 21 33 38 44 56 0
5 21 33 38 50 56 0
5 21 33 44 50 56 0
5 21 38 44 50 56 0
5 27 33 38 44 50 0
5 27 33 38 44 56 0
5 27 33 38 50 56 0
5 27 33 44 50 56 0
5 27 38 44 50 56 0
5 33 38 44 50 56 0
9 15 21 27 33 38 0
9 15 21 27 33 44 0
9 15 21 27 33 50 0
9 15 21 27 33 56 0
9 15 21 27 38 44 0
9 15 21 27 38 50 0
9 15 21 27 38 56 0
9 15 21 27 44 50 0
9 15 21 27 44 56 0
9 15 21 27 50 56 0
9 15 21 33 38 44 0
9 15 21 33 38 50 0
9 15 21 33 38 56 0
9 15 21 33 44 50 0
9 15 21 33 44 56 0
9 15 21 33 50 56 0
9 15 21 38 44 50 0
9 15 21 38 44 56 0
9 15 21 38 50 56 0
9 15 21 44 50 56 0
9 15 27 33 38 44 0
9 15 27 33 38 50 0
9 15 27 33 38 56 0
9 15 27 33 44 50 0
9 15 27 33 44 56 0
9 15 27 33 50 56 0
9 15 27 38 44 50 0
9 15 27 38 44 56 0
9 15 27 38 50 56 0
9 15 27 44 50 56 0
9 15 33 38 44 50 0
9 15 33 38 44 56 0
9 15 33 38 50 56 0
9 15 33 44 50 56 0
9 15 38 44 50 56 0
9 21 27 33 38 44 0
9 21 27 33 38 50 0
9 21 27 33 38 56 0
9 21 27 33 44 50 0
9 21 27 33 44 56 0
9 21 27 33 50 56 0
9 21 27 38 44 50 0
9 21 27 38 44 56 0
9 21 27 38 50 56 0
9 21 27 44 50 56 0
9 21 33 38 44 50 0
9 21 33 38 44 56 0
9 21 33 38 50 56 0
9 21 33 44 50 56 0
9 21 38 44 50 56 0
9 27 33 38 44 50 0
9 27 33 38 44 56 0
9 27 33 38 50 56 0
9 27 33 44 50 56 0
9 27 38 44 50 56 0
9 33 38 44 50 56 0
15 21 27 33 38 44 0
15 21 27 33 38 50 0
15 21 27 33 38 56 0
15 21 27 33 44 50 0
15 21 27 33 44 56 0
15 21 27 33 50 56 0
15 21 27 38 44 50 0
15 21 27 38 44 56 0
15 21 27 38 50 56 0
15 21 27 44 50 56 0
15 21 33 38 44 50 0
15 21 33 38 44 56 0
15 21 33 38 50 56 0
15 21 33 44 50 56 0
15 21 38 44 50 56 0
15 27 33 38 44 50 0
15 27 33 38 44 56 0
15 27 33 38 50 56 0
15 27 33 44 50 56 0
15 27 38 44 50 56 0
15 33 38 44 50 56 0
21 27 33 38 44 50 0
21 27 33 38 44 56 0
21 27 33 38 50 56 0
21 27 33 44 50 56 0
21 27 38 44 50 56 0
21 33 38 44 50 56 0
27 33 38 44 50 56 0
-10 -16 -22 -28 0
-10 -16 -22 -28 -39 0
-10 -16 -22 -28 -45 0
-10 -16 -22 -28 -51 0
-10 -16 -22 -28 -57 0
-10 -16 -22 -39 0
-10 -16 -22 -45 0
-10 -16 -22 -51 0
-10 -16 -22 -57 0
-10 -16 -22 -39 -45 0
-10 -16 -22 -39 -51 0
-10 -16 -22 -39 -57 0
-10 -16 -22 -45 -51 0
-10 -16 -22 -45 -57 0
-10 -16 -22 -51 -57 0
-10 -16 -28 -39 0
-10 -16 -28 -45 0
-10 -16 -28 -51 0
-10 -16 -28 -57 0
-10 -16 -28 -39 -45 0
-10 -16 -28 -39 -51 0
-10 -16 -28 -39 -57 0
-10 -16 -28 -45 -51 0
-10 -16 -28 -45 -57 0
-10 -16 -28 -51 -57 0
-10 -16 -39 -45 0
-10 -16 -39 -51 0
-10 -16 -39 -57 0
-10 -16 -45 -51 0
-10 -16 -45 -57 0
-10 -16 -51 -57 0
-10 -16 -39 -45 -51 0
-10 -16 -39 -45 -57 0
-10 -16 -39 -51 -57 0
-10 -16 -45 -51 -57 0
-10 -22 -28 -39 0
-10 -22 -28 -45 0
-10 -22 -28 -51 0
-10 -22 -28 -57 0
-10 -22 -28 -39 -45 0
-10 -22 -28 -39 -51 0
-10 -22 -28 -39 -57 0
-10 -22 -28 -45 -51 0
-10 -22 -28 -45 -57 0
-10 -22 -28 -51 -57 0
-10 -22 -39 -45 0
-10 -22 -39 -51 0
-10 -22 -39 -57 0
-10 -22 -45 -51 0
-10 -22 -45 -57 0
-10 -22 -51 -57 0
-10 -22 -39 -45 -51 0
-10 -22 -39 -45 -57 0
-10 -22 -39 -51 -57 0
-10 -22 -45 -51 -57 0
-10 -28 -39 -45 0
-10 -28 -39 -51 0
-10 -28 -39 -57 0
-10 -28 -45 -51 0
-10 -28 -45 -57 0
-10 -28 -51 -57 0
-10 -28 -39 -45 -51 0
-10 -28 -39 -45 -57 0
-10 -28 -39 -51 -57 0
-10 -28 -45 -51 -57 0
-10 -39 -45 -51 0
-10 -39 -45 -57 0
-10 -39 -51 -57 0
-10 -45 -51 -57 0
-10 -39 -45 -51 -57 0
-16 -22 -28 -39 0
-16 -22 -28 -45 0
-16 -22 -28 -51 0
-16 -22 -28 -57 0
-16 -22 -28 -39 -45 0
-16 -22 -28 -39 -51 0
-16 -22 -28 -39 -57 0
-16 -22 -28 -45 -51 0
-16 -22 -28 -45 -57 0
-16 -22 -28 -51 -57 0
-16 -22 -39 -45 0
-16 -22 -39 -51 0
-16 -22 -39 -57 0
-16 -22 -45 -51 0
-16 -22 -45 -57 0
-16 -22 -51 -57 0
-16 -22 -39 -45 -51 0
-16 -22 -39 -45 -57 0
-16 -22 -39 -51 -57 0
-16 -22 -45 -51 -57 0
-16 -28 -39 -45 0
-16 -28 -39 -51 0
-16 -28 -39 -57 0
-16 -28 -45 -51 0
-16 -28 -45 -57 0
-16 -28 -51 -57 0
-16 -28 -39 -45 -51 0
-16 -28 -39 -45 -57 0
-16 -28 -39 -51 -57 0
-16 -28 -45 -51 -57 0
-16 -39 -45 -51 0
-16 -39 -45 -57 0
-16 -39 -51 -57 0
-16 -45 -51 -57 0
-16 -39 -45 -51 -57 0
-22 -28 -39 -45 0
-22 -28 -39 -51 0
-22 -28 -39 -57 0
-22 -28 -45 -51 0
-22 -28 -45 -57 0
-22 -28 -51 -57 0
-22 -28 -39 -45 -51 0
-22 -28 -39 -45 -57 0
-22 -28 -39 -51 -57 0
-22 -28 -45 -51 -57 0
-22 -39 -45 -51 0
-22 -39 -45 -57 0
-22 -39 -51 -57 0
-22 -45 -51 -57 0
-22 -39 -45 -51 -57 0
-28 -39 -45 -51 0
-28 -39 -45 -57 0
-28 -39 -51 -57 0
-28 -45 -51 -57 0
-28 -39 -45 -51 -57 0
-39 -45 -51 -57 0
-10 -16 -22 -28 -39 0
-10 -16 -22 -28 -45 0
-10 -16 -22 -28 -51 0
-10 -16 -22 -28 -57 0
-10 -16 -22 -28 -39 -45 0
-10 -16 -22 -28 -39 -51 0
-10 -16 -22 -28 -39 -57 0
-10 -16 -22 -28 -45 -51 0
-10 -16 -22 -28 -45 -57 0
-10 -16 -22 -28 -51 -57 0
-10 -16 -22 -39 -45 0
-10 -16 -22 -39 -51 0
-10 -16 -22 -39 -57 0
-10 -16 -22 -45 -51 0
-10 -16 -22 -45 -57 0
-10 -16 -22 -51 -57 0
-10 -16 -22 -39 -45 -51 0
-10 -16 -22 -39 -45 -57 0
-10 -16 -22 -39 -51 -57 0
-10 -16 -22 -45 -51 -57 0
-10 -16 -28 -39 -45 0
-10 -16 -28 -39 -51 0
-10 -16 -28 -39 -57 0
-10 -16 -28 -45 -51 0
-10 -16 -28 -45 -57 0
-10 -16 -28 -51 -57 0
-10 -16 -28 -39 -45 -51 0
-10 -16 -28 -39 -45 -57 0
-10 -16 -28 -39 -51 -57 0
-10 -16 -28 -45 -51 -57 0
-10 -16 -39 -45 -51 0
-10 -16 -39 -45 -57 0
-10 -16 -39 -51 -57 0
-10 -16 -45 -51 -57 0
-10 -16 -39 -45 -51 -57 0
-10 -22 -28 -39 -45 0
-10 -22 -28 -39 -51 0
-10 -22 -28 -39 -57 0
-10 -22 -28 -45 -51 0
-10 -22 -28 -45 -57 0
-10 -22 -28 -51 -57 0
-10 -22 -28 -39 -45 -51 0
-10 -22 -28 -39 -45 -57 0
-10 -22 -28 -39 -51 -57 0
-10 -22 -28 -45 -51 -57 0
-10 -22 -39 -45 -51 0
-10 -22 -39 -45 -57 0
-10 -22 -39 -51 -57 0
-10 -22 -45 -51 -57 0
-10 -22 -39 -45 -51 -57 0
-10 -28 -39 -45 -51 0
-10 -28 -39 -45 -57 0
-10 -28 -39 -51 -57 0
-10 -28 -45 -51 -57 0
-10 -28 -39 -45 -51 -57 0
-10 -39 -45 -51 -57 0
-16 -22 -28 -39 -45 0
-16 -22 -28 -39 -51 0
-16 -22 -28 -39 -57 0
-16 -22 -28 -45 -51 0
-16 -22 -28 -45 -57 0
-16 -22 -28 -51 -57 0
-16 -22 -28 -39 -45 -51 0
-16 -22 -28 -39 -45 -57 0
-16 -22 -28 -39 -51 -57 0
-16 -22 -28 -45 -51 -57 0
-16 -22 -39 -45 -51 0
-16 -22 -39 -45 -57 0
-16 -22 -39 -51 -57 0
-16 -22 -45 -51 -57 0
-16 -22 -39 -45 -51 -57 0
-16 -28 -39 -45 -51 0
-16 -28 -39 -45 -57 0
-16 -28 -39 -51 -57 0
-16 -28 -45 -51 -57 0
-16 -28 -39 -45 -51 -57 0
-16 -39 -45 -51 -57 0
-22 -28 -39 -45 -51 0
-22 -28 -39 -45 -57 0
-22 -28 -39 -51 -57 0
-22 -28 -45 -51 -57 0
-22 -28 -39 -45 -51 -57 0
-22 -39 -45 -51 -57 0
-28 -39 -45 -51 -57 0
10 16 22 28 39 45 0
10 16 22 28 39 51 0
10 16 22 28 39 57 0
10 16 22 28 45 51 0
10 16 22 28 45 57 0
10 16 22 28 51 57 0
10 16 22 39 45 51 0
10 16 22 39 45 57 0
10 16 22 39 51 57 0
10 16 22 45 51 57 0
10 16 28 39 45 51 0
10 16 28 39 45 57 0
10 16 28 39 51 57 0
10 16 28 45 51 57 0
10 16 39 45 51 57 0
10 22 28 39 45 51 0
10 22 28 39 45 57 0
10 22 28 39 51 57 0
10 22 28 45 51 57 0
10 22 39 45 51 57 0
10 28 39 45 51 57 0
16 22 28 39 45 51 0
16 22 28 39 45 57 0
16 22 28 39 51 57 0
16 22 28 45 51 57 0
16 22 39 45 51 57 0
16 28 39 45 51 57 0
22 28 39 45 51 57 0
