p cnf 77 402
1 2 3 4 0
-1 -2 0
-1 -3 0
-1 -4 0
-2 -3 0
-2 -4 0
-3 -4 0
5 6 7 8 9 0
-5 -6 0
-5 -7 0
-5 -8 0
-5 -9 0
-6 -7 0
-6 -8 0
-6 -9 0
-7 -8 0
-7 -9 0
-8 -9 0
10 11 12 13 14 0
-10 -11 0
-10 -12 0
-10 -13 0
-10 -14 0
-11 -12 0
-11 -13 0
-11 -14 0
-12 -13 0
-12 -14 0
-13 -14 0
15 16 17 18 19 0
-15 -16 0
-15 -17 0
-15 -18 0
-15 -19 0
-16 -17 0
-16 -18 0
-16 -19 0
-17 -18 0
-17 -19 0
-18 -19 0
20 21 22 23 24 0
-20 -21 0
-20 -22 0
-20 -23 0
-20 -24 0
-21 -22 0
-21 -23 0
-21 -24 0
-22 -23 0
-22 -24 0
-23 -24 0
25 26 27 28 0
-25 -26 0
-25 -27 0
-25 -28 0
-26 -27 0
-26 -28 0
-27 -28 0
29 30 31 32 0
-29 -30 0
-29 -31 0
-29 -32 0
-30 -31 0
-30 -32 0
-31 -32 0
33 34 35 36 0
-33 -34 0
-33 -35 0
-33 -36 0
-34 -35 0
-34 -36 0
-35 -36 0
37 38 39 40 0
-37 -38 0
-37 -39 0
-37 -40 0
-38 -39 0
-38 -40 0
-39 -40 0
41 42 43 44 0
-41 -42 0
-41 -43 0
-41 -44 0
-42 -43 0
-42 -44 0
-43 -44 0
45 46 47 48 0
-45 -46 0
-45 -47 0
-45 -48 0
-46 -47 0
-46 -48 0
-47 -48 0
49 50 51 52 0
-49 -50 0
-49 -51 0
-49 -52 0
-50 -51 0
-50 -52 0
-51 -52 0
53 54 55 56 0
-53 -54 0
-53 -55 0
-53 -56 0
-54 -55 0
-54 -56 0
-55 -56 0
57 58 59 60 0
-57 -58 0
-57 -59 0
-57 -60 0
-58 -59 0
-58 -60 0
-59 -60 0
61 62 63 64 0
-61 -62 0
-61 -63 0
-61 -64 0
-62 -63 0
-62 -64 0
-63 -64 0
65 66 67 68 69 0
-65 -66 0
-65 -67 0
-65 -68 0
-65 -69 0
-66 -67 0
-66 -68 0
-66 -69 0
-67 -68 0
-67 -69 0
-68 -69 0
70 71 72 73 0
-70 -71 0
-70 -72 0
-70 -73 0
-71 -72 0
-71 -73 0
-72 -73 0
74 75 76 77 0
-74 -75 0
-74 -76 0
-74 -77 0
-75 -76 0
-75 -77 0
-76 -77 0
-1 -11 0
-2 -12 0
-3 -13 0
-4 -14 0
-1 -16 0
-2 -17 0
-3 -18 0
-4 -19 0
-1 -21 0
-2 -22 0
-3 -23 0
-4 -24 0
-1 -29 0
-2 -30 0
-3 -31 0
-4 -32 0
-1 -37 0
-2 -38 0
-3 -39 0
-4 -40 0
-1 -45 0
-2 -46 0
-3 -47 0
-4 -48 0
-1 -70 0
-2 -71 0
-3 -72 0
-4 -73 0
-5 -10 0
-6 -11 0
-7 -12 0
-8 -13 0
-9 -14 0
-5 -15 0
-6 -16 0
-7 -17 0
-8 -18 0
-9 -19 0
-6 -49 0
-7 -50 0
-8 -51 0
-9 -52 0
-6 -61 0
-7 -62 0
-8 -63 0
-9 -64 0
-6 -70 0
-7 -71 0
-8 -72 0
-9 -73 0
-10 -15 0
-11 -16 0
-12 -17 0
-13 -18 0
-14 -19 0
-10 -20 0
-11 -21 0
-12 -22 0
-13 -23 0
-14 -24 0
-11 -25 0
-12 -26 0
-13 -27 0
-14 -28 0
-11 -37 0
-12 -38 0
-13 -39 0
-14 -40 0
-11 -49 0
-12 -50 0
-13 -51 0
-14 -52 0
-11 -57 0
-12 -58 0
-13 -59 0
-14 -60 0
-11 -74 0
-12 -75 0
-13 -76 0
-14 -77 0
-16 -25 0
-17 -26 0
-18 -27 0
-19 -28 0
-16 -33 0
-17 -34 0
-18 -35 0
-19 -36 0
-16 -41 0
-17 -42 0
-18 -43 0
-19 -44 0
-16 -45 0
-17 -46 0
-18 -47 0
-19 -48 0
-16 -49 0
-17 -50 0
-18 -51 0
-19 -52 0
-16 -53 0
-17 -54 0
-18 -55 0
-19 -56 0
-16 -70 0
-17 -71 0
-18 -72 0
-19 -73 0
-16 -74 0
-17 -75 0
-18 -76 0
-19 -77 0
-21 -37 0
-22 -38 0
-23 -39 0
-24 -40 0
-21 -49 0
-22 -50 0
-23 -51 0
-24 -52 0
-21 -53 0
-22 -54 0
-23 -55 0
-24 -56 0
-21 -70 0
-22 -71 0
-23 -72 0
-24 -73 0
-21 -74 0
-22 -75 0
-23 -76 0
-24 -77 0
-25 -37 0
-26 -38 0
-27 -39 0
-28 -40 0
-25 -41 0
-26 -42 0
-27 -43 0
-28 -44 0
-25 -45 0
-26 -46 0
-27 -47 0
-28 -48 0
-25 -49 0
-26 -50 0
-27 -51 0
-28 -52 0
-25 -61 0
-26 -62 0
-27 -63 0
-28 -64 0
-29 -41 0
-30 -42 0
-31 -43 0
-32 -44 0
-29 -57 0
-30 -58 0
-31 -59 0
-32 -60 0
-29 -66 0
-30 -67 0
-31 -68 0
-32 -69 0
-29 -70 0
-30 -71 0
-31 -72 0
-32 -73 0
-29 -74 0
-30 -75 0
-31 -76 0
-32 -77 0
-33 -37 0
-34 -38 0
-35 -39 0
-36 -40 0
-33 -57 0
-34 -58 0
-35 -59 0
-36 -60 0
-33 -66 0
-34 -67 0
-35 -68 0
-36 -69 0
-37 -45 0
-38 -46 0
-39 -47 0
-40 -48 0
-37 -70 0
-38 -71 0
-39 -72 0
-40 -73 0
-41 -57 0
-42 -58 0
-43 -59 0
-44 -60 0
-41 -61 0
-42 -62 0
-43 -63 0
-44 -64 0
-41 -70 0
-42 -71 0
-43 -72 0
-44 -73 0
-41 -74 0
-42 -75 0
-43 -76 0
-44 -77 0
-45 -57 0
-46 -58 0
-47 -59 0
-48 -60 0
-45 -66 0
-46 -67 0
-47 -68 0
-48 -69 0
-49 -57 0
-50 -58 0
-51 -59 0
-52 -60 0
-49 -61 0
-50 -62 0
-51 -63 0
-52 -64 0
-49 -70 0
-50 -71 0
-51 -72 0
-52 -73 0
-53 -57 0
-54 -58 0
-55 -59 0
-56 -60 0
-53 -61 0
-54 -62 0
-55 -63 0
-56 -64 0
-53 -70 0
-54 -71 0
-55 -72 0
-56 -73 0
-57 -61 0
-58 -62 0
-59 -63 0
-60 -64 0
-61 -70 0
-62 -71 0
-63 -72 0
-64 -73 0
-66 -70 0
-67 -71 0
-68 -72 0
-69 -73 0
-66 -74 0
-67 -75 0
-68 -76 0
-69 -77 0
