p cnf 159 604
18 19 20 21 22 23 24 25 26 27 28 29 30 31 32 33 34 0
51 52 53 54 55 56 57 58 59 60 61 62 63 64 0
81 82 83 84 85 86 87 88 89 90 91 92 93 94 95 96 0
97 98 99 100 101 102 103 104 105 106 107 108 109 110 111 112 0
127 128 129 130 131 132 133 134 135 136 137 138 139 140 141 142 143 0
-1 -18 0
-1 -35 0
-1 -65 0
-1 -81 0
-1 -113 0
-1 -127 0
-1 -144 0
-18 -35 0
-18 -65 0
-18 -81 0
-18 -113 0
-18 -127 0
-18 -144 0
-35 -65 0
-35 -81 0
-35 -113 0
-35 -127 0
-35 -144 0
-65 -81 0
-65 -113 0
-65 -127 0
-65 -144 0
-81 -113 0
-81 -127 0
-81 -144 0
-113 -127 0
-113 -144 0
-127 -144 0
-2 -19 0
-2 -36 0
-2 -66 0
-2 -82 0
-2 -97 0
-2 -114 0
-2 -128 0
-2 -145 0
-19 -36 0
-19 -66 0
-19 -82 0
-19 -97 0
-19 -114 0
-19 -128 0
-19 -145 0
-36 -66 0
-36 -82 0
-36 -97 0
-36 -114 0
-36 -128 0
-36 -145 0
-66 -82 0
-66 -97 0
-66 -114 0
-66 -128 0
-66 -145 0
-82 -97 0
-82 -114 0
-82 -128 0
-82 -145 0
-97 -114 0
-97 -128 0
-97 -145 0
-114 -128 0
-114 -145 0
-128 -145 0
-3 -20 0
-3 -37 0
-3 -51 0
-3 -67 0
-3 -83 0
-3 -98 0
-3 -115 0
-3 -129 0
-3 -146 0
-20 -37 0
-20 -51 0
-20 -67 0
-20 -83 0
-20 -98 0
-20 -115 0
-20 -129 0
-20 -146 0
-37 -51 0
-37 -67 0
-37 -83 0
-37 -98 0
-37 -115 0
-37 -129 0
-37 -146 0
-51 -67 0
-51 -83 0
-51 -98 0
-51 -115 0
-51 -129 0
-51 -146 0
-67 -83 0
-67 -98 0
-67 -115 0
-67 -129 0
-67 -146 0
-83 -98 0
-83 -115 0
-83 -129 0
-83 -146 0
-98 -115 0
-98 -129 0
-98 -146 0
-115 -129 0
-115 -146 0
-129 -146 0
-4 -21 0
-4 -38 0
-4 -68 0
-4 -99 0
-4 -116 0
-4 -130 0
-4 -147 0
-21 -38 0
-21 -68 0
-21 -99 0
-21 -116 0
-21 -130 0
-21 -147 0
-38 -68 0
-38 -99 0
-38 -116 0
-38 -130 0
-38 -147 0
-68 -99 0
-68 -116 0
-68 -130 0
-68 -147 0
-99 -116 0
-99 -130 0
-99 -147 0
-116 -130 0
-116 -147 0
-130 -147 0
-5 -39 0
-5 -52 0
-5 -84 0
-5 -100 0
-5 -131 0
-39 -52 0
-39 -84 0
-39 -100 0
-39 -131 0
-52 -84 0
-52 -100 0
-52 -131 0
-84 -100 0
-84 -131 0
-100 -131 0
-6 -22 0
-6 -40 0
-6 -69 0
-6 -85 0
-6 -101 0
-6 -132 0
-6 -148 0
-22 -40 0
-22 -69 0
-22 -85 0
-22 -101 0
-22 -132 0
-22 -148 0
-40 -69 0
-40 -85 0
-40 -101 0
-40 -132 0
-40 -148 0
-69 -85 0
-69 -101 0
-69 -132 0
-69 -148 0
-85 -101 0
-85 -132 0
-85 -148 0
-101 -132 0
-101 -148 0
-132 -148 0
-7 -41 0
-7 -53 0
-7 -86 0
-7 -102 0
-7 -117 0
-7 -133 0
-7 -149 0
-41 -53 0
-41 -86 0
-41 -102 0
-41 -117 0
-41 -133 0
-41 -149 0
-53 -86 0
-53 -102 0
-53 -117 0
-53 -133 0
-53 -149 0
-86 -102 0
-86 -117 0
-86 -133 0
-86 -149 0
-102 -117 0
-102 -133 0
-102 -149 0
-117 -133 0
-117 -149 0
-133 -149 0
-8 -23 0
-8 -70 0
-8 -87 0
-8 -103 0
-8 -118 0
-8 -134 0
-23 -70 0
-23 -87 0
-23 -103 0
-23 -118 0
-23 -134 0
-70 -87 0
-70 -103 0
-70 -118 0
-70 -134 0
-87 -103 0
-87 -118 0
-87 -134 0
-103 -118 0
-103 -134 0
-118 -134 0
-9 -24 0
-9 -42 0
-9 -54 0
-9 -71 0
-9 -88 0
-9 -104 0
-9 -135 0
-9 -150 0
-24 -42 0
-24 -54 0
-24 -71 0
-24 -88 0
-24 -104 0
-24 -135 0
-24 -150 0
-42 -54 0
-42 -71 0
-42 -88 0
-42 -104 0
-42 -135 0
-42 -150 0
-54 -71 0
-54 -88 0
-54 -104 0
-54 -135 0
-54 -150 0
-71 -88 0
-71 -104 0
-71 -135 0
-71 -150 0
-88 -104 0
-88 -135 0
-88 -150 0
-104 -135 0
-104 -150 0
-135 -150 0
-25 -43 0
-25 -55 0
-25 -72 0
-25 -89 0
-25 -105 0
-25 -136 0
-25 -151 0
-43 -55 0
-43 -72 0
-43 -89 0
-43 -105 0
-43 -136 0
-43 -151 0
-55 -72 0
-55 -89 0
-55 -105 0
-55 -136 0
-55 -151 0
-72 -89 0
-72 -105 0
-72 -136 0
-72 -151 0
-89 -105 0
-89 -136 0
-89 -151 0
-105 -136 0
-105 -151 0
-136 -151 0
-10 -26 0
-10 -56 0
-10 -73 0
-10 -90 0
-10 -106 0
-10 -119 0
-10 -137 0
-10 -152 0
-26 -56 0
-26 -73 0
-26 -90 0
-26 -106 0
-26 -119 0
-26 -137 0
-26 -152 0
-56 -73 0
-56 -90 0
-56 -106 0
-56 -119 0
-56 -137 0
-56 -152 0
-73 -90 0
-73 -106 0
-73 -119 0
-73 -137 0
-73 -152 0
-90 -106 0
-90 -119 0
-90 -137 0
-90 -152 0
-106 -119 0
-106 -137 0
-106 -152 0
-119 -137 0
-119 -152 0
-137 -152 0
-11 -27 0
-11 -44 0
-11 -57 0
-11 -74 0
-11 -91 0
-11 -107 0
-11 -120 0
-11 -153 0
-27 -44 0
-27 -57 0
-27 -74 0
-27 -91 0
-27 -107 0
-27 -120 0
-27 -153 0
-44 -57 0
-44 -74 0
-44 -91 0
-44 -107 0
-44 -120 0
-44 -153 0
-57 -74 0
-57 -91 0
-57 -107 0
-57 -120 0
-57 -153 0
-74 -91 0
-74 -107 0
-74 -120 0
-74 -153 0
-91 -107 0
-91 -120 0
-91 -153 0
-107 -120 0
-107 -153 0
-120 -153 0
-12 -28 0
-12 -58 0
-12 -75 0
-12 -92 0
-12 -108 0
-28 -58 0
-28 -75 0
-28 -92 0
-28 -108 0
-58 -75 0
-58 -92 0
-58 -108 0
-75 -92 0
-75 -108 0
-92 -108 0
-13 -29 0
-13 -45 0
-13 -59 0
-13 -93 0
-13 -109 0
-13 -121 0
-13 -138 0
-13 -154 0
-29 -45 0
-29 -59 0
-29 -93 0
-29 -109 0
-29 -121 0
-29 -138 0
-29 -154 0
-45 -59 0
-45 -93 0
-45 -109 0
-45 -121 0
-45 -138 0
-45 -154 0
-59 -93 0
-59 -109 0
-59 -121 0
-59 -138 0
-59 -154 0
-93 -109 0
-93 -121 0
-93 -138 0
-93 -154 0
-109 -121 0
-109 -138 0
-109 -154 0
-121 -138 0
-121 -154 0
-138 -154 0
-14 -30 0
-14 -46 0
-14 -60 0
-14 -76 0
-14 -94 0
-14 -110 0
-14 -122 0
-14 -139 0
-14 -155 0
-30 -46 0
-30 -60 0
-30 -76 0
-30 -94 0
-30 -110 0
-30 -122 0
-30 -139 0
-30 -155 0
-46 -60 0
-46 -76 0
-46 -94 0
-46 -110 0
-46 -122 0
-46 -139 0
-46 -155 0
-60 -76 0
-60 -94 0
-60 -110 0
-60 -122 0
-60 -139 0
-60 -155 0
-76 -94 0
-76 -110 0
-76 -122 0
-76 -139 0
-76 -155 0
-94 -110 0
-94 -122 0
-94 -139 0
-94 -155 0
-110 -122 0
-110 -139 0
-110 -155 0
-122 -139 0
-122 -155 0
-139 -155 0
-31 -47 0
-31 -61 0
-31 -77 0
-31 -123 0
-31 -140 0
-31 -156 0
-47 -61 0
-47 -77 0
-47 -123 0
-47 -140 0
-47 -156 0
-61 -77 0
-61 -123 0
-61 -140 0
-61 -156 0
-77 -123 0
-77 -140 0
-77 -156 0
-123 -140 0
-123 -156 0
-140 -156 0
-15 -32 0
-15 -48 0
-15 -62 0
-15 -78 0
-15 -111 0
-15 -124 0
-15 -141 0
-15 -157 0
-32 -48 0
-32 -62 0
-32 -78 0
-32 -111 0
-32 -124 0
-32 -141 0
-32 -157 0
-48 -62 0
-48 -78 0
-48 -111 0
-48 -124 0
-48 -141 0
-48 -157 0
-62 -78 0
-62 -111 0
-62 -124 0
-62 -141 0
-62 -157 0
-78 -111 0
-78 -124 0
-78 -141 0
-78 -157 0
-111 -124 0
-111 -141 0
-111 -157 0
-124 -141 0
-124 -157 0
-141 -157 0
-16 -33 0
-16 -49 0
-16 -63 0
-16 -79 0
-16 -95 0
-16 -112 0
-16 -125 0
-16 -142 0
-16 -158 0
-33 -49 0
-33 -63 0
-33 -79 0
-33 -95 0
-33 -112 0
-33 -125 0
-33 -142 0
-33 -158 0
-49 -63 0
-49 -79 0
-49 -95 0
-49 -112 0
-49 -125 0
-49 -142 0
-49 -158 0
-63 -79 0
-63 -95 0
-63 -112 0
-63 -125 0
-63 -142 0
-63 -158 0
-79 -95 0
-79 -112 0
-79 -125 0
-79 -142 0
-79 -158 0
-95 -112 0
-95 -125 0
-95 -142 0
-95 -158 0
-112 -125 0
-112 -142 0
-112 -158 0
-125 -142 0
-125 -158 0
-142 -158 0
-17 -34 0
-17 -50 0
-17 -64 0
-17 -80 0
-17 -96 0
-17 -126 0
-17 -143 0
-17 -159 0
-34 -50 0
-34 -64 0
-34 -80 0
-34 -96 0
-34 -126 0
-34 -143 0
-34 -159 0
-50 -64 0
-50 -80 0
-50 -96 0
-50 -126 0
-50 -143 0
-50 -159 0
-64 -80 0
-64 -96 0
-64 -126 0
-64 -143 0
-64 -159 0
-80 -96 0
-80 -126 0
-80 -143 0
-80 -159 0
-96 -126 0
-96 -143 0
-96 -159 0
-126 -143 0
-126 -159 0
-143 -159 0
