p cnf 107 399
1 2 3 4 5 6 7 8 9 10 0
55 56 57 58 59 60 61 62 63 64 65 0
66 67 68 69 70 71 72 73 74 75 76 0
88 89 90 91 92 93 94 95 96 97 98 0
-1 -11 0
-1 -22 0
-1 -32 0
-1 -45 0
-1 -77 0
-1 -88 0
-1 -99 0
-11 -22 0
-11 -32 0
-11 -45 0
-11 -77 0
-11 -88 0
-11 -99 0
-22 -32 0
-22 -45 0
-22 -77 0
-22 -88 0
-22 -99 0
-32 -45 0
-32 -77 0
-32 -88 0
-32 -99 0
-45 -77 0
-45 -88 0
-45 -99 0
-77 -88 0
-77 -99 0
-88 -99 0
-2 -12 0
-2 -23 0
-2 -33 0
-2 -55 0
-2 -78 0
-2 -89 0
-12 -23 0
-12 -33 0
-12 -55 0
-12 -78 0
-12 -89 0
-23 -33 0
-23 -55 0
-23 -78 0
-23 -89 0
-33 -55 0
-33 -78 0
-33 -89 0
-55 -78 0
-55 -89 0
-78 -89 0
-3 -13 0
-3 -34 0
-3 -46 0
-3 -56 0
-3 -66 0
-3 -79 0
-3 -90 0
-3 -100 0
-13 -34 0
-13 -46 0
-13 -56 0
-13 -66 0
-13 -79 0
-13 -90 0
-13 -100 0
-34 -46 0
-34 -56 0
-34 -66 0
-34 -79 0
-34 -90 0
-34 -100 0
-46 -56 0
-46 -66 0
-46 -79 0
-46 -90 0
-46 -100 0
-56 -66 0
-56 -79 0
-56 -90 0
-56 -100 0
-66 -79 0
-66 -90 0
-66 -100 0
-79 -90 0
-79 -100 0
-90 -100 0
-14 -24 0
-14 -35 0
-14 -47 0
-14 -57 0
-14 -67 0
-14 -80 0
-14 -91 0
-24 -35 0
-24 -47 0
-24 -57 0
-24 -67 0
-24 -80 0
-24 -91 0
-35 -47 0
-35 -57 0
-35 -67 0
-35 -80 0
-35 -91 0
-47 -57 0
-47 -67 0
-47 -80 0
-47 -91 0
-57 -67 0
-57 -80 0
-57 -91 0
-67 -80 0
-67 -91 0
-80 -91 0
-4 -36 0
-4 -48 0
-4 -58 0
-4 -68 0
-4 -81 0
-4 -92 0
-4 -101 0
-36 -48 0
-36 -58 0
-36 -68 0
-36 -81 0
-36 -92 0
-36 -101 0
-48 -58 0
-48 -68 0
-48 -81 0
-48 -92 0
-48 -101 0
-58 -68 0
-58 -81 0
-58 -92 0
-58 -101 0
-68 -81 0
-68 -92 0
-68 -101 0
-81 -92 0
-81 -101 0
-92 -101 0
-5 -15 0
-5 -25 0
-5 -37 0
-5 -49 0
-5 -69 0
-15 -25 0
-15 -37 0
-15 -49 0
-15 -69 0
-25 -37 0
-25 -49 0
-25 -69 0
-37 -49 0
-37 -69 0
-49 -69 0
-16 -26 0
-16 -38 0
-16 -50 0
-16 -59 0
-16 -70 0
-16 -82 0
-16 -93 0
-16 -102 0
-26 -38 0
-26 -50 0
-26 -59 0
-26 -70 0
-26 -82 0
-26 -93 0
-26 -102 0
-38 -50 0
-38 -59 0
-38 -70 0
-38 -82 0
-38 -93 0
-38 -102 0
-50 -59 0
-50 -70 0
-50 -82 0
-50 -93 0
-50 -102 0
-59 -70 0
-59 -82 0
-59 -93 0
-59 -102 0
-70 -82 0
-70 -93 0
-70 -102 0
-82 -93 0
-82 -102 0
-93 -102 0
-6 -17 0
-6 -27 0
-6 -39 0
-6 -51 0
-6 -60 0
-6 -71 0
-6 -83 0
-6 -94 0
-6 -103 0
-17 -27 0
-17 -39 0
-17 -51 0
-17 -60 0
-17 -71 0
-17 -83 0
-17 -94 0
-17 -103 0
-27 -39 0
-27 -51 0
-27 -60 0
-27 -71 0
-27 -83 0
-27 -94 0
-27 -103 0
-39 -51 0
-39 -60 0
-39 -71 0
-39 -83 0
-39 -94 0
-39 -103 0
-51 -60 0
-51 -71 0
-51 -83 0
-51 -94 0
-51 -103 0
-60 -71 0
-60 -83 0
-60 -94 0
-60 -103 0
-71 -83 0
-71 -94 0
-71 -103 0
-83 -94 0
-83 -103 0
-94 -103 0
-7 -18 0
-7 -40 0
-7 -52 0
-7 -61 0
-7 -72 0
-7 -84 0
-7 -104 0
-18 -40 0
-18 -52 0
-18 -61 0
-18 -72 0
-18 -84 0
-18 -104 0
-40 -52 0
-40 -61 0
-40 -72 0
-40 -84 0
-40 -104 0
-52 -61 0
-52 -72 0
-52 -84 0
-52 -104 0
-61 -72 0
-61 -84 0
-61 -104 0
-72 -84 0
-72 -104 0
-84 -104 0
-8 -19 0
-8 -28 0
-8 -41 0
-8 -53 0
-8 -62 0
-8 -73 0
-8 -95 0
-8 -105 0
-19 -28 0
-19 -41 0
-19 -53 0
-19 -62 0
-19 -73 0
-19 -95 0
-19 -105 0
-28 -41 0
-28 -53 0
-28 -62 0
-28 -73 0
-28 -95 0
-28 -105 0
-41 -53 0
-41 -62 0
-41 -73 0
-41 -95 0
-41 -105 0
-53 -62 0
-53 -73 0
-53 -95 0
-53 -105 0
-62 -73 0
-62 -95 0
-62 -105 0
-73 -95 0
-73 -105 0
-95 -105 0
-20 -29 0
-20 -42 0
-20 -63 0
-20 -74 0
-20 -85 0
-20 -96 0
-29 -42 0
-29 -63 0
-29 -74 0
-29 -85 0
-29 -96 0
-42 -63 0
-42 -74 0
-42 -85 0
-42 -96 0
-63 -74 0
-63 -85 0
-63 -96 0
-74 -85 0
-74 -96 0
-85 -96 0
-9 -21 0
-9 -30 0
-9 -43 0
-9 -54 0
-9 -64 0
-9 -75 0
-9 -86 0
-9 -97 0
-9 -106 0
-21 -30 0
-21 -43 0
-21 -54 0
-21 -64 0
-21 -75 0
-21 -86 0
-21 -97 0
-21 -106 0
-30 -43 0
-30 -54 0
-30 -64 0
-30 -75 0
-30 -86 0
-30 -97 0
-30 -106 0
-43 -54 0
-43 -64 0
-43 -75 0
-43 -86 0
-43 -97 0
-43 -106 0
-54 -64 0
-54 -75 0
-54 -86 0
-54 -97 0
-54 -106 0
-64 -75 0
-64 -86 0
-64 -97 0
-64 -106 0
-75 -86 0
-75 -97 0
-75 -106 0
-86 -97 0
-86 -106 0
-97 -106 0
-10 -31 0
-10 -44 0
-10 -65 0
-10 -76 0
-10 -87 0
-10 -98 0
-10 -107 0
-31 -44 0
-31 -65 0
-31 -76 0
-31 -87 0
-31 -98 0
-31 -107 0
-44 -65 0
-44 -76 0
-44 -87 0
-44 -98 0
-44 -107 0
-65 -76 0
-65 -87 0
-65 -98 0
-65 -107 0
-76 -87 0
-76 -98 0
-76 -107 0
-87 -98 0
-87 -107 0
-98 -107 0
