p cnf 25 307
-1 -2 -3 -4 0
-1 -2 -3 0
-1 -2 -3 0
-1 -2 -4 0
-1 -2 -4 0
-1 -2 0
-1 -3 -4 0
-1 -3 -4 0
-1 -3 0
-1 -4 0
-2 -3 -4 0
-2 -3 -4 0
-2 -3 0
-2 -4 0
-3 -4 0
1 2 3 4 0
-5 -6 -7 0
5 6 0
5 6 7 0
5 7 0
6 7 0
5 6 7 0
-8 -9 -10 0
-8 -9 0
-8 -9 -11 0
-8 -10 0
-8 -10 -11 0
-8 -11 0
-8 -9 -10 0
-8 -9 -10 -11 0
-8 -9 -11 0
-8 -10 -11 0
-9 -10 0
-9 -10 -11 0
-9 -11 0
-10 -11 0
-9 -10 -11 0
8 9 10 11 0
-12 -13 -14 0
12 13 0
12 13 14 0
12 14 0
13 14 0
12 13 14 0
-15 -16 -17 -18 0
-15 -16 -17 0
-15 -16 -17 0
-15 -16 -18 0
-15 -16 -18 0
-15 -16 0
-15 -17 -18 0
-15 -17 -18 0
-15 -17 0
-15 -18 0
-16 -17 -18 0
-16 -17 -18 0
-16 -17 0
-16 -18 0
-17 -18 0
15 16 17 18 0
-19 -20 0
19 20 0
-21 -22 -23 -24 0
-21 -22 -23 -25 0
-21 -22 -24 -25 0
-21 -23 -24 -25 0
-22 -23 -24 -25 0
21 22 23 24 0
21 22 23 0
21 22 23 25 0
21 22 24 0
21 22 24 25 0
21 22 25 0
21 23 24 0
21 23 24 25 0
21 23 25 0
21 24 25 0
22 23 24 0
22 23 24 25 0
22 23 25 0
22 24 25 0
23 24 25 0
-1 -8 -15 0
-1 -8 -15 -21 0
-1 -8 -15 -21 0
-1 -8 -21 0
-1 -8 -15 -21 0
-1 -15 -21 0
-8 -15 -21 0
1 8 15 0
1 8 15 21 0
1 8 21 0
1 15 21 0
1 8 15 21 0
1 8 15 21 0
8 15 21 0
-2 -5 -16 -19 0
-2 -5 -16 -19 -22 0
-2 -5 -16 -22 0
-2 -5 -19 -22 0
-2 -5 -16 -19 -22 0
-2 -16 -19 -22 0
-5 -16 -19 -22 0
2 5 16 19 0
2 5 16 0
2 5 16 22 0
2 5 19 0
2 5 19 22 0
2 5 22 0
2 5 16 19 0
2 5 16 19 22 0
2 5 16 22 0
2 5 19 22 0
2 16 19 0
2 16 19 22 0
2 16 22 0
2 19 22 0
2 16 19 22 0
2 5 16 19 0
2 5 16 19 22 0
2 5 16 22 0
2 5 19 22 0
2 5 16 19 22 0
2 16 19 22 0
5 16 19 0
5 16 19 22 0
5 16 22 0
5 19 22 0
5 16 19 22 0
16 19 22 0
5 16 19 22 0
-3 -9 -12 -17 0
-3 -9 -12 0
-3 -9 -12 -23 0
-3 -9 -17 0
-3 -9 -17 -23 0
-3 -9 -23 0
-3 -12 -17 0
-3 -12 -17 -23 0
-3 -12 -23 0
-3 -17 -23 0
-3 -9 -12 -17 0
-3 -9 -12 -17 -23 0
-3 -9 -12 -23 0
-3 -9 -17 -23 0
-3 -12 -17 -23 0
-3 -9 -12 -17 0
-3 -9 -12 -17 -23 0
-3 -9 -12 -23 0
-3 -9 -17 -23 0
-3 -12 -17 -23 0
-3 -9 -12 -17 -23 0
-9 -12 -17 0
-9 -12 -17 -23 0
-9 -12 -23 0
-9 -17 -23 0
-12 -17 -23 0
-9 -12 -17 -23 0
-9 -12 -17 -23 0
3 9 12 17 0
3 9 12 17 23 0
3 9 12 17 23 0
3 9 12 23 0
3 9 17 23 0
3 12 17 23 0
9 12 17 23 0
-4 -6 -10 -13 -18 0
-4 -6 -10 -13 -18 0
-4 -6 -10 -13 -18 -24 0
-4 -6 -10 -13 0
-4 -6 -10 -13 -24 0
-4 -6 -10 -13 -24 0
-4 -6 -10 -18 0
-4 -6 -10 -18 -24 0
-4 -6 -10 -18 -24 0
-4 -6 -10 -24 0
-4 -6 -13 -18 0
-4 -6 -13 -18 -24 0
-4 -6 -13 -18 -24 0
-4 -6 -13 -24 0
-4 -6 -18 -24 0
-4 -10 -13 -18 0
-4 -10 -13 -18 -24 0
-4 -10 -13 -18 -24 0
-4 -10 -13 -24 0
-4 -10 -18 -24 0
-4 -13 -18 -24 0
-6 -10 -13 -18 0
-6 -10 -13 -18 -24 0
-6 -10 -13 -18 -24 0
-6 -10 -13 -24 0
-6 -10 -18 -24 0
-6 -13 -18 -24 0
-10 -13 -18 -24 0
4 6 10 13 18 0
4 6 10 13 0
4 6 10 13 24 0
4 6 10 18 0
4 6 10 18 24 0
4 6 10 24 0
4 6 13 18 0
4 6 13 18 24 0
4 6 13 24 0
4 6 18 24 0
4 10 13 18 0
4 10 13 18 24 0
4 10 13 24 0
4 10 18 24 0
4 13 18 24 0
4 6 10 13 18 0
4 6 10 13 18 24 0
4 6 10 13 24 0
4 6 10 18 24 0
4 6 13 18 24 0
4 10 13 18 24 0
6 10 13 18 0
6 10 13 18 24 0
6 10 13 24 0
6 10 18 24 0
6 13 18 24 0
10 13 18 24 0
6 10 13 18 24 0
-7 -11 -14 0
-7 -11 -14 -20 0
-7 -11 -14 0
-7 -11 -14 -25 0
-7 -11 -20 0
-7 -11 0
-7 -11 -25 0
-7 -11 -20 0
-7 -11 -20 -25 0
-7 -11 -25 0
-7 -14 -20 0
-7 -14 0
-7 -14 -25 0
-7 -14 -20 0
-7 -14 -20 -25 0
-7 -14 -25 0
-7 -20 0
-7 -20 -25 0
-7 -25 0
-7 -20 -25 0
-11 -14 -20 0
-11 -14 0
-11 -14 -25 0
-11 -14 -20 0
-11 -14 -20 -25 0
-11 -14 -25 0
-11 -20 0
-11 -20 -25 0
-11 -25 0
-11 -20 -25 0
-14 -20 0
-14 -20 -25 0
-14 -25 0
-14 -20 -25 0
-20 -25 0
-7 -11 -14 -20 0
-7 -11 -14 0
-7 -11 -14 -25 0
-7 -11 -14 -20 0
-7 -11 -14 -20 -25 0
-7 -11 -14 -25 0
-7 -11 -20 0
-7 -11 -20 -25 0
-7 -11 -25 0
-7 -11 -20 -25 0
-7 -14 -20 0
-7 -14 -20 -25 0
-7 -14 -25 0
-7 -14 -20 -25 0
-7 -20 -25 0
-11 -14 -20 0
-11 -14 -20 -25 0
-11 -14 -25 0
-11 -14 -20 -25 0
-11 -20 -25 0
-14 -20 -25 0
-7 -11 -14 -20 0
-7 -11 -14 0
-7 -11 -14 -25 0
-7 -11 -14 -20 0
-7 -11 -14 -20 -25 0
-7 -11 -14 -25 0
-7 -11 -20 0
-7 -11 -20 -25 0
-7 -11 -25 0
-7 -11 -20 -25 0
-7 -14 -20 0
-7 -14 -20 -25 0
-7 -14 -25 0
-7 -14 -20 -25 0
-7 -20 -25 0
-11 -14 -20 0
-11 -14 -20 -25 0
-11 -14 -25 0
-11 -14 -20 -25 0
-11 -20 -25 0
-14 -20 -25 0
-7 -11 -14 -20 0
-7 -11 -14 -20 -25 0
-7 -11 -14 -25 0
-7 -11 -14 -20 -25 0
-7 -11 -20 -25 0
-7 -14 -20 -25 0
-11 -14 -20 -25 0
7 11 14 20 25 0
