p cnf 186 711
1 2 3 4 5 6 7 8 9 10 11 12 13 14 0
15 16 17 18 19 20 21 22 23 24 25 26 27 28 29 30 31 32 0
33 34 35 36 37 38 39 40 41 42 43 44 45 46 47 48 49 50 0
51 52 53 54 55 56 57 58 59 60 61 62 63 64 65 66 67 68 69 70 0
71 72 73 74 75 76 77 78 79 80 81 82 83 84 85 86 87 0
108 109 110 111 112 113 114 115 116 117 118 119 120 121 122 123 124 125 126 127 0
147 148 149 150 151 152 153 154 155 156 157 158 159 160 161 162 163 164 165 166 0
167 168 169 170 171 172 173 174 175 176 177 178 179 180 181 182 183 184 185 186 0
-1 -15 0
-1 -33 0
-1 -51 0
-1 -71 0
-1 -88 0
-1 -108 0
-1 -128 0
-1 -147 0
-1 -167 0
-15 -33 0
-15 -51 0
-15 -71 0
-15 -88 0
-15 -108 0
-15 -128 0
-15 -147 0
-15 -167 0
-33 -51 0
-33 -71 0
-33 -88 0
-33 -108 0
-33 -128 0
-33 -147 0
-33 -167 0
-51 -71 0
-51 -88 0
-51 -108 0
-51 -128 0
-51 -147 0
-51 -167 0
-71 -88 0
-71 -108 0
-71 -128 0
-71 -147 0
-71 -167 0
-88 -108 0
-88 -128 0
-88 -147 0
-88 -167 0
-108 -128 0
-108 -147 0
-108 -167 0
-128 -147 0
-128 -167 0
-147 -167 0
-2 -16 0
-2 -34 0
-2 -52 0
-2 -89 0
-2 -109 0
-2 -129 0
-2 -148 0
-2 -168 0
-16 -34 0
-16 -52 0
-16 -89 0
-16 -109 0
-16 -129 0
-16 -148 0
-16 -168 0
-34 -52 0
-34 -89 0
-34 -109 0
-34 -129 0
-34 -148 0
-34 -168 0
-52 -89 0
-52 -109 0
-52 -129 0
-52 -148 0
-52 -168 0
-89 -109 0
-89 -129 0
-89 -148 0
-89 -168 0
-109 -129 0
-109 -148 0
-109 -168 0
-129 -148 0
-129 -168 0
-148 -168 0
-3 -17 0
-3 -35 0
-3 -53 0
-3 -72 0
-3 -90 0
-3 -110 0
-3 -169 0
-17 -35 0
-17 -53 0
-17 -72 0
-17 -90 0
-17 -110 0
-17 -169 0
-35 -53 0
-35 -72 0
-35 -90 0
-35 -110 0
-35 -169 0
-53 -72 0
-53 -90 0
-53 -110 0
-53 -169 0
-72 -90 0
-72 -110 0
-72 -169 0
-90 -110 0
-90 -169 0
-110 -169 0
-36 -54 0
-36 -91 0
-36 -111 0
-36 -130 0
-36 -149 0
-36 -170 0
-54 -91 0
-54 -111 0
-54 -130 0
-54 -149 0
-54 -170 0
-91 -111 0
-91 -130 0
-91 -149 0
-91 -170 0
-111 -130 0
-111 -149 0
-111 -170 0
-130 -149 0
-130 -170 0
-149 -170 0
-4 -18 0
-4 -37 0
-4 -55 0
-4 -92 0
-4 -112 0
-4 -131 0
-4 -150 0
-18 -37 0
-18 -55 0
-18 -92 0
-18 -112 0
-18 -131 0
-18 -150 0
-37 -55 0
-37 -92 0
-37 -112 0
-37 -131 0
-37 -150 0
-55 -92 0
-55 -112 0
-55 -131 0
-55 -150 0
-92 -112 0
-92 -131 0
-92 -150 0
-112 -131 0
-112 -150 0
-131 -150 0
-19 -38 0
-19 -56 0
-19 -73 0
-19 -93 0
-19 -113 0
-19 -132 0
-19 -151 0
-19 -171 0
-38 -56 0
-38 -73 0
-38 -93 0
-38 -113 0
-38 -132 0
-38 -151 0
-38 -171 0
-56 -73 0
-56 -93 0
-56 -113 0
-56 -132 0
-56 -151 0
-56 -171 0
-73 -93 0
-73 -113 0
-73 -132 0
-73 -151 0
-73 -171 0
-93 -113 0
-93 -132 0
-93 -151 0
-93 -171 0
-113 -132 0
-113 -151 0
-113 -171 0
-132 -151 0
-132 -171 0
-151 -171 0
-20 -39 0
-20 -57 0
-20 -74 0
-20 -94 0
-20 -133 0
-20 -152 0
-20 -172 0
-39 -57 0
-39 -74 0
-39 -94 0
-39 -133 0
-39 -152 0
-39 -172 0
-57 -74 0
-57 -94 0
-57 -133 0
-57 -152 0
-57 -172 0
-74 -94 0
-74 -133 0
-74 -152 0
-74 -172 0
-94 -133 0
-94 -152 0
-94 -172 0
-133 -152 0
-133 -172 0
-152 -172 0
-21 -58 0
-21 -75 0
-21 -95 0
-21 -114 0
-21 -134 0
-21 -153 0
-21 -173 0
-58 -75 0
-58 -95 0
-58 -114 0
-58 -134 0
-58 -153 0
-58 -173 0
-75 -95 0
-75 -114 0
-75 -134 0
-75 -153 0
-75 -173 0
-95 -114 0
-95 -134 0
-95 -153 0
-95 -173 0
-114 -134 0
-114 -153 0
-114 -173 0
-134 -153 0
-134 -173 0
-153 -173 0
-5 -22 0
-5 -40 0
-5 -59 0
-5 -76 0
-5 -96 0
-5 -115 0
-5 -135 0
-5 -154 0
-5 -174 0
-22 -40 0
-22 -59 0
-22 -76 0
-22 -96 0
-22 -115 0
-22 -135 0
-22 -154 0
-22 -174 0
-40 -59 0
-40 -76 0
-40 -96 0
-40 -115 0
-40 -135 0
-40 -154 0
-40 -174 0
-59 -76 0
-59 -96 0
-59 -115 0
-59 -135 0
-59 -154 0
-59 -174 0
-76 -96 0
-76 -115 0
-76 -135 0
-76 -154 0
-76 -174 0
-96 -115 0
-96 -135 0
-96 -154 0
-96 -174 0
-115 -135 0
-115 -154 0
-115 -174 0
-135 -154 0
-135 -174 0
-154 -174 0
-6 -23 0
-6 -77 0
-6 -116 0
-6 -136 0
-6 -155 0
-6 -175 0
-23 -77 0
-23 -116 0
-23 -136 0
-23 -155 0
-23 -175 0
-77 -116 0
-77 -136 0
-77 -155 0
-77 -175 0
-116 -136 0
-116 -155 0
-116 -175 0
-136 -155 0
-136 -175 0
-155 -175 0
-7 -24 0
-7 -41 0
-7 -60 0
-7 -97 0
-7 -117 0
-7 -137 0
-7 -156 0
-7 -176 0
-24 -41 0
-24 -60 0
-24 -97 0
-24 -117 0
-24 -137 0
-24 -156 0
-24 -176 0
-41 -60 0
-41 -97 0
-41 -117 0
-41 -137 0
-41 -156 0
-41 -176 0
-60 -97 0
-60 -117 0
-60 -137 0
-60 -156 0
-60 -176 0
-97 -117 0
-97 -137 0
-97 -156 0
-97 -176 0
-117 -137 0
-117 -156 0
-117 -176 0
-137 -156 0
-137 -176 0
-156 -176 0
-8 -25 0
-8 -42 0
-8 -61 0
-8 -78 0
-8 -98 0
-8 -118 0
-8 -157 0
-8 -177 0
-25 -42 0
-25 -61 0
-25 -78 0
-25 -98 0
-25 -118 0
-25 -157 0
-25 -177 0
-42 -61 0
-42 -78 0
-42 -98 0
-42 -118 0
-42 -157 0
-42 -177 0
-61 -78 0
-61 -98 0
-61 -118 0
-61 -157 0
-61 -177 0
-78 -98 0
-78 -118 0
-78 -157 0
-78 -177 0
-98 -118 0
-98 -157 0
-98 -177 0
-118 -157 0
-118 -177 0
-157 -177 0
-9 -26 0
-9 -43 0
-9 -62 0
-9 -79 0
-9 -99 0
-9 -119 0
-9 -138 0
-9 -158 0
-26 -43 0
-26 -62 0
-26 -79 0
-26 -99 0
-26 -119 0
-26 -138 0
-26 -158 0
-43 -62 0
-43 -79 0
-43 -99 0
-43 -119 0
-43 -138 0
-43 -158 0
-62 -79 0
-62 -99 0
-62 -119 0
-62 -138 0
-62 -158 0
-79 -99 0
-79 -119 0
-79 -138 0
-79 -158 0
-99 -119 0
-99 -138 0
-99 -158 0
-119 -138 0
-119 -158 0
-138 -158 0
-10 -27 0
-10 -63 0
-10 -80 0
-10 -120 0
-10 -139 0
-10 -159 0
-10 -178 0
-27 -63 0
-27 -80 0
-27 -120 0
-27 -139 0
-27 -159 0
-27 -178 0
-63 -80 0
-63 -120 0
-63 -139 0
-63 -159 0
-63 -178 0
-80 -120 0
-80 -139 0
-80 -159 0
-80 -178 0
-120 -139 0
-120 -159 0
-120 -178 0
-139 -159 0
-139 -178 0
-159 -178 0
-44 -64 0
-44 -81 0
-44 -100 0
-44 -121 0
-44 -140 0
-44 -160 0
-44 -179 0
-64 -81 0
-64 -100 0
-64 -121 0
-64 -140 0
-64 -160 0
-64 -179 0
-81 -100 0
-81 -121 0
-81 -140 0
-81 -160 0
-81 -179 0
-100 -121 0
-100 -140 0
-100 -160 0
-100 -179 0
-121 -140 0
-121 -160 0
-121 -179 0
-140 -160 0
-140 -179 0
-160 -179 0
-45 -65 0
-45 -82 0
-45 -101 0
-45 -122 0
-45 -141 0
-45 -180 0
-65 -82 0
-65 -101 0
-65 -122 0
-65 -141 0
-65 -180 0
-82 -101 0
-82 -122 0
-82 -141 0
-82 -180 0
-101 -122 0
-101 -141 0
-101 -180 0
-122 -141 0
-122 -180 0
-141 -180 0
-11 -28 0
-11 -46 0
-11 -66 0
-11 -83 0
-11 -102 0
-11 -123 0
-11 -142 0
-11 -161 0
-11 -181 0
-28 -46 0
-28 -66 0
-28 -83 0
-28 -102 0
-28 -123 0
-28 -142 0
-28 -161 0
-28 -181 0
-46 -66 0
-46 -83 0
-46 -102 0
-46 -123 0
-46 -142 0
-46 -161 0
-46 -181 0
-66 -83 0
-66 -102 0
-66 -123 0
-66 -142 0
-66 -161 0
-66 -181 0
-83 -102 0
-83 -123 0
-83 -142 0
-83 -161 0
-83 -181 0
-102 -123 0
-102 -142 0
-102 -161 0
-102 -181 0
-123 -142 0
-123 -161 0
-123 -181 0
-142 -161 0
-142 -181 0
-161 -181 0
-12 -29 0
-12 -47 0
-12 -84 0
-12 -103 0
-12 -124 0
-12 -143 0
-12 -162 0
-12 -182 0
-29 -47 0
-29 -84 0
-29 -103 0
-29 -124 0
-29 -143 0
-29 -162 0
-29 -182 0
-47 -84 0
-47 -103 0
-47 -124 0
-47 -143 0
-47 -162 0
-47 -182 0
-84 -103 0
-84 -124 0
-84 -143 0
-84 -162 0
-84 -182 0
-103 -124 0
-103 -143 0
-103 -162 0
-103 -182 0
-124 -143 0
-124 -162 0
-124 -182 0
-143 -162 0
-143 -182 0
-162 -182 0
-13 -30 0
-13 -67 0
-13 -104 0
-13 -144 0
-13 -163 0
-13 -183 0
-30 -67 0
-30 -104 0
-30 -144 0
-30 -163 0
-30 -183 0
-67 -104 0
-67 -144 0
-67 -163 0
-67 -183 0
-104 -144 0
-104 -163 0
-104 -183 0
-144 -163 0
-144 -183 0
-163 -183 0
-48 -68 0
-48 -85 0
-48 -105 0
-48 -125 0
-48 -145 0
-48 -164 0
-48 -184 0
-68 -85 0
-68 -105 0
-68 -125 0
-68 -145 0
-68 -164 0
-68 -184 0
-85 -105 0
-85 -125 0
-85 -145 0
-85 -164 0
-85 -184 0
-105 -125 0
-105 -145 0
-105 -164 0
-105 -184 0
-125 -145 0
-125 -164 0
-125 -184 0
-145 -164 0
-145 -184 0
-164 -184 0
-14 -31 0
-14 -49 0
-14 -69 0
-14 -86 0
-14 -106 0
-14 -126 0
-14 -165 0
-14 -185 0
-31 -49 0
-31 -69 0
-31 -86 0
-31 -106 0
-31 -126 0
-31 -165 0
-31 -185 0
-49 -69 0
-49 -86 0
-49 -106 0
-49 -126 0
-49 -165 0
-49 -185 0
-69 -86 0
-69 -106 0
-69 -126 0
-69 -165 0
-69 -185 0
-86 -106 0
-86 -126 0
-86 -165 0
-86 -185 0
-106 -126 0
-106 -165 0
-106 -185 0
-126 -165 0
-126 -185 0
-165 -185 0
-32 -50 0
-32 -70 0
-32 -87 0
-32 -107 0
-32 -127 0
-32 -146 0
-32 -166 0
-32 -186 0
-50 -70 0
-50 -87 0
-50 -107 0
-50 -127 0
-50 -146 0
-50 -166 0
-50 -186 0
-70 -87 0
-70 -107 0
-70 -127 0
-70 -146 0
-70 -166 0
-70 -186 0
-87 -107 0
-87 -127 0
-87 -146 0
-87 -166 0
-87 -186 0
-107 -127 0
-107 -146 0
-107 -166 0
-107 -186 0
-127 -146 0
-127 -166 0
-127 -186 0
-146 -166 0
-146 -186 0
-166 -186 0
