p cnf 55 214
1 2 3 0
-1 -2 0
-1 -3 0
-2 -3 0
4 5 6 7 0
-4 -5 0
-4 -6 0
-4 -7 0
-5 -6 0
-5 -7 0
-6 -7 0
8 9 10 11 12 0
-8 -9 0
-8 -10 0
-8 -11 0
-8 -12 0
-9 -10 0
-9 -11 0
-9 -12 0
-10 -11 0
-10 -12 0
-11 -12 0
13 14 15 0
-13 -14 0
-13 -15 0
-14 -15 0
16 17 0
-16 -17 0
18 19 20 0
-18 -19 0
-18 -20 0
-19 -20 0
21 22 23 24 0
-21 -22 0
-21 -23 0
-21 -24 0
-22 -23 0
-22 -24 0
-23 -24 0
25 26 27 0
-25 -26 0
-25 -27 0
-26 -27 0
28 29 30 31 0
-28 -29 0
-28 -30 0
-28 -31 0
-29 -30 0
-29 -31 0
-30 -31 0
32 33 34 35 0
-32 -33 0
-32 -34 0
-32 -35 0
-33 -34 0
-33 -35 0
-34 -35 0
36 37 38 0
-36 -37 0
-36 -38 0
-37 -38 0
39 40 41 0
-39 -40 0
-39 -41 0
-40 -41 0
42 43 0
-42 -43 0
44 45 46 47 0
-44 -45 0
-44 -46 0
-44 -47 0
-45 -46 0
-45 -47 0
-46 -47 0
48 49 50 0
-48 -49 0
-48 -50 0
-49 -50 0
51 52 0
-51 -52 0
53 54 55 0
-53 -54 0
-53 -55 0
-54 -55 0
-1 -13 0
-2 -14 0
-3 -15 0
-2 -23 0
-3 -24 0
-2 -30 0
-3 -31 0
-1 -33 0
-2 -34 0
-3 -35 0
-2 -37 0
-3 -38 0
-2 -40 0
-3 -41 0
-1 -45 0
-2 -46 0
-3 -47 0
-1 -48 0
-2 -50 0
-2 -51 0
-3 -52 0
-6 -19 0
-7 -20 0
-5 -25 0
-6 -26 0
-7 -27 0
-4 -28 0
-5 -29 0
-6 -30 0
-7 -31 0
-5 -39 0
-6 -40 0
-7 -41 0
-6 -51 0
-7 -52 0
-9 -13 0
-11 -14 0
-12 -15 0
-10 -25 0
-11 -26 0
-12 -27 0
-8 -32 0
-9 -33 0
-11 -34 0
-12 -35 0
-10 -39 0
-11 -40 0
-12 -41 0
-11 -42 0
-12 -43 0
-8 -53 0
-11 -54 0
-12 -55 0
-14 -16 0
-15 -17 0
-13 -18 0
-14 -19 0
-15 -20 0
-14 -26 0
-15 -27 0
-14 -42 0
-15 -43 0
-13 -45 0
-14 -46 0
-15 -47 0
-16 -19 0
-17 -20 0
-16 -23 0
-17 -24 0
-16 -30 0
-17 -31 0
-16 -37 0
-17 -38 0
-19 -37 0
-20 -38 0
-19 -42 0
-20 -43 0
-18 -45 0
-19 -46 0
-20 -47 0
-22 -25 0
-23 -26 0
-24 -27 0
-21 -32 0
-23 -34 0
-24 -35 0
-22 -36 0
-23 -37 0
-24 -38 0
-22 -39 0
-23 -40 0
-24 -41 0
-22 -49 0
-23 -50 0
-26 -34 0
-27 -35 0
-26 -46 0
-27 -47 0
-29 -36 0
-30 -37 0
-31 -38 0
-28 -44 0
-30 -46 0
-31 -47 0
-29 -49 0
-30 -50 0
-34 -42 0
-35 -43 0
-33 -48 0
-34 -50 0
-36 -39 0
-37 -40 0
-38 -41 0
-37 -42 0
-38 -43 0
-37 -54 0
-38 -55 0
-40 -42 0
-41 -43 0
-39 -49 0
-40 -50 0
-42 -50 0
-42 -51 0
-43 -52 0
-44 -53 0
-46 -54 0
-47 -55 0
-50 -54 0
-51 -54 0
-52 -55 0
