p cnf 80 266
1 2 3 4 0
-1 -2 0
-1 -3 0
-1 -4 0
-2 -3 0
-2 -4 0
-3 -4 0
5 6 7 0
-5 -6 0
-5 -7 0
-6 -7 0
8 9 0
-8 -9 0
10 11 12 13 0
-10 -11 0
-10 -12 0
-10 -13 0
-11 -12 0
-11 -13 0
-12 -13 0
14 15 16 17 0
-14 -15 0
-14 -16 0
-14 -17 0
-15 -16 0
-15 -17 0
-16 -17 0
18 19 20 21 0
-18 -19 0
-18 -20 0
-18 -21 0
-19 -20 0
-19 -21 0
-20 -21 0
22 23 24 0
-22 -23 0
-22 -24 0
-23 -24 0
25 26 27 28 0
-25 -26 0
-25 -27 0
-25 -28 0
-26 -27 0
-26 -28 0
-27 -28 0
29 30 31 32 33 0
-29 -30 0
-29 -31 0
-29 -32 0
-29 -33 0
-30 -31 0
-30 -32 0
-30 -33 0
-31 -32 0
-31 -33 0
-32 -33 0
34 35 36 37 0
-34 -35 0
-34 -36 0
-34 -37 0
-35 -36 0
-35 -37 0
-36 -37 0
38 39 40 41 0
-38 -39 0
-38 -40 0
-38 -41 0
-39 -40 0
-39 -41 0
-40 -41 0
42 43 44 45 0
-42 -43 0
-42 -44 0
-42 -45 0
-43 -44 0
-43 -45 0
-44 -45 0
46 47 48 49 50 0
-46 -47 0
-46 -48 0
-46 -49 0
-46 -50 0
-47 -48 0
-47 -49 0
-47 -50 0
-48 -49 0
-48 -50 0
-49 -50 0
51 52 53 0
-51 -52 0
-51 -53 0
-52 -53 0
54 55 56 0
-54 -55 0
-54 -56 0
-55 -56 0
57 58 59 60 0
-57 -58 0
-57 -59 0
-57 -60 0
-58 -59 0
-58 -60 0
-59 -60 0
61 62 63 64 0
-61 -62 0
-61 -63 0
-61 -64 0
-62 -63 0
-62 -64 0
-63 -64 0
65 66 0
-65 -66 0
67 68 0
-67 -68 0
69 70 71 0
-69 -70 0
-69 -71 0
-70 -71 0
72 73 0
-72 -73 0
74 75 76 77 0
-74 -75 0
-74 -76 0
-74 -77 0
-75 -76 0
-75 -77 0
-76 -77 0
78 79 80 0
-78 -79 0
-78 -80 0
-79 -80 0
-1 -18 0
-2 -19 0
-3 -20 0
-4 -21 0
-1 -46 0
-2 -47 0
-3 -48 0
-4 -50 0
-5 -8 0
-6 -9 0
-5 -43 0
-6 -44 0
-7 -45 0
-5 -47 0
-6 -48 0
-7 -50 0
-5 -51 0
-6 -52 0
-7 -53 0
-5 -75 0
-6 -76 0
-7 -77 0
-8 -19 0
-9 -20 0
-8 -43 0
-9 -44 0
-8 -47 0
-9 -48 0
-8 -54 0
-9 -55 0
-8 -61 0
-9 -62 0
-8 -68 0
-8 -78 0
-9 -79 0
-10 -15 0
-11 -16 0
-12 -17 0
-10 -35 0
-11 -36 0
-13 -37 0
-10 -58 0
-11 -59 0
-13 -60 0
-10 -69 0
-11 -70 0
-13 -71 0
-14 -72 0
-15 -73 0
-15 -78 0
-16 -79 0
-19 -54 0
-20 -55 0
-21 -56 0
-19 -61 0
-20 -62 0
-21 -64 0
-18 -72 0
-19 -73 0
-18 -74 0
-19 -75 0
-20 -76 0
-21 -77 0
-22 -35 0
-23 -36 0
-24 -37 0
-22 -43 0
-23 -44 0
-24 -45 0
-22 -47 0
-23 -48 0
-24 -50 0
-22 -58 0
-23 -59 0
-24 -60 0
-22 -66 0
-22 -73 0
-26 -51 0
-27 -52 0
-28 -53 0
-30 -78 0
-31 -79 0
-33 -80 0
-34 -42 0
-35 -43 0
-36 -44 0
-37 -45 0
-34 -46 0
-35 -47 0
-36 -48 0
-37 -50 0
-34 -65 0
-35 -66 0
-39 -51 0
-41 -53 0
-39 -54 0
-41 -56 0
-38 -67 0
-39 -68 0
-39 -78 0
-41 -80 0
-42 -57 0
-43 -58 0
-44 -59 0
-45 -60 0
-47 -51 0
-48 -52 0
-50 -53 0
-51 -61 0
-52 -62 0
-53 -64 0
-51 -69 0
-52 -70 0
-53 -71 0
-54 -66 0
-54 -68 0
-54 -69 0
-55 -70 0
-56 -71 0
-54 -75 0
-55 -76 0
-56 -77 0
-54 -78 0
-55 -79 0
-56 -80 0
-58 -78 0
-59 -79 0
-60 -80 0
-61 -69 0
-62 -70 0
-64 -71 0
-61 -73 0
-65 -67 0
-66 -68 0
-69 -73 0
