p cnf 92 322
13 14 15 16 17 18 19 20 21 22 0
57 58 59 60 61 62 63 64 65 66 0
75 76 77 78 79 80 81 82 83 0
-1 -13 0
-1 -23 0
-1 -37 0
-1 -47 0
-1 -67 0
-1 -75 0
-1 -84 0
-13 -23 0
-13 -37 0
-13 -47 0
-13 -67 0
-13 -75 0
-13 -84 0
-23 -37 0
-23 -47 0
-23 -67 0
-23 -75 0
-23 -84 0
-37 -47 0
-37 -67 0
-37 -75 0
-37 -84 0
-47 -67 0
-47 -75 0
-47 -84 0
-67 -75 0
-67 -84 0
-75 -84 0
-2 -14 0
-2 -24 0
-2 -38 0
-2 -48 0
-2 -57 0
-2 -68 0
-2 -85 0
-14 -24 0
-14 -38 0
-14 -48 0
-14 -57 0
-14 -68 0
-14 -85 0
-24 -38 0
-24 -48 0
-24 -57 0
-24 -68 0
-24 -85 0
-38 -48 0
-38 -57 0
-38 -68 0
-38 -85 0
-48 -57 0
-48 -68 0
-48 -85 0
-57 -68 0
-57 -85 0
-68 -85 0
-3 -29 0
-3 -49 0
-3 -58 0
-3 -76 0
-29 -49 0
-29 -58 0
-29 -76 0
-49 -58 0
-49 -76 0
-58 -76 0
-4 -15 0
-4 -25 0
-4 -39 0
-4 -50 0
-4 -59 0
-4 -77 0
-4 -86 0
-15 -25 0
-15 -39 0
-15 -50 0
-15 -59 0
-15 -77 0
-15 -86 0
-25 -39 0
-25 -50 0
-25 -59 0
-25 -77 0
-25 -86 0
-39 -50 0
-39 -59 0
-39 -77 0
-39 -86 0
-50 -59 0
-50 -77 0
-50 -86 0
-59 -77 0
-59 -86 0
-77 -86 0
-5 -16 0
-5 -40 0
-5 -51 0
-5 -60 0
-5 -69 0
-5 -78 0
-16 -40 0
-16 -51 0
-16 -60 0
-16 -69 0
-16 -78 0
-40 -51 0
-40 -60 0
-40 -69 0
-40 -78 0
-51 -60 0
-51 -69 0
-51 -78 0
-60 -69 0
-60 -78 0
-69 -78 0
-6 -30 0
-6 -41 0
-6 -52 0
-6 -61 0
-6 -79 0
-6 -87 0
-30 -41 0
-30 -52 0
-30 -61 0
-30 -79 0
-30 -87 0
-41 -52 0
-41 -61 0
-41 -79 0
-41 -87 0
-52 -61 0
-52 -79 0
-52 -87 0
-61 -79 0
-61 -87 0
-79 -87 0
-7 -17 0
-7 -31 0
-7 -42 0
-7 -53 0
-7 -62 0
-7 -70 0
-7 -80 0
-7 -88 0
-17 -31 0
-17 -42 0
-17 -53 0
-17 -62 0
-17 -70 0
-17 -80 0
-17 -88 0
-31 -42 0
-31 -53 0
-31 -62 0
-31 -70 0
-31 -80 0
-31 -88 0
-42 -53 0
-42 -62 0
-42 -70 0
-42 -80 0
-42 -88 0
-53 -62 0
-53 -70 0
-53 -80 0
-53 -88 0
-62 -70 0
-62 -80 0
-62 -88 0
-70 -80 0
-70 -88 0
-80 -88 0
-8 -18 0
-8 -26 0
-8 -32 0
-8 -43 0
-8 -54 0
-8 -71 0
-8 -89 0
-18 -26 0
-18 -32 0
-18 -43 0
-18 -54 0
-18 -71 0
-18 -89 0
-26 -32 0
-26 -43 0
-26 -54 0
-26 -71 0
-26 -89 0
-32 -43 0
-32 -54 0
-32 -71 0
-32 -89 0
-43 -54 0
-43 -71 0
-43 -89 0
-54 -71 0
-54 -89 0
-71 -89 0
-9 -19 0
-9 -33 0
-9 -44 0
-9 -63 0
-19 -33 0
-19 -44 0
-19 -63 0
-33 -44 0
-33 -63 0
-44 -63 0
-10 -20 0
-10 -27 0
-10 -34 0
-10 -55 0
-10 -64 0
-10 -72 0
-10 -81 0
-10 -90 0
-20 -27 0
-20 -34 0
-20 -55 0
-20 -64 0
-20 -72 0
-20 -81 0
-20 -90 0
-27 -34 0
-27 -55 0
-27 -64 0
-27 -72 0
-27 -81 0
-27 -90 0
-34 -55 0
-34 -64 0
-34 -72 0
-34 -81 0
-34 -90 0
-55 -64 0
-55 -72 0
-55 -81 0
-55 -90 0
-64 -72 0
-64 -81 0
-64 -90 0
-72 -81 0
-72 -90 0
-81 -90 0
-11 -21 0
-11 -28 0
-11 -35 0
-11 -45 0
-11 -56 0
-11 -65 0
-11 -73 0
-11 -82 0
-11 -91 0
-21 -28 0
-21 -35 0
-21 -45 0
-21 -56 0
-21 -65 0
-21 -73 0
-21 -82 0
-21 -91 0
-28 -35 0
-28 -45 0
-28 -56 0
-28 -65 0
-28 -73 0
-28 -82 0
-28 -91 0
-35 -45 0
-35 -56 0
-35 -65 0
-35 -73 0
-35 -82 0
-35 -91 0
-45 -56 0
-45 -65 0
-45 -73 0
-45 -82 0
-45 -91 0
-56 -65 0
-56 -73 0
-56 -82 0
-56 -91 0
-65 -73 0
-65 -82 0
-65 -91 0
-73 -82 0
-73 -91 0
-82 -91 0
-12 -22 0
-12 -36 0
-12 -46 0
-12 -66 0
-12 -74 0
-12 -83 0
-12 -92 0
-22 -36 0
-22 -46 0
-22 -66 0
-22 -74 0
-22 -83 0
-22 -92 0
-36 -46 0
-36 -66 0
-36 -74 0
-36 -83 0
-36 -92 0
-46 -66 0
-46 -74 0
-46 -83 0
-46 -92 0
-66 -74 0
-66 -83 0
-66 -92 0
-74 -83 0
-74 -92 0
-83 -92 0
