p cnf 95 339
1 2 3 4 5 6 7 8 9 10 0
54 55 56 57 58 59 60 61 62 63 64 65 0
66 67 68 69 70 71 72 73 74 75 76 0
-1 -11 0
-1 -20 0
-1 -28 0
-1 -37 0
-1 -46 0
-1 -54 0
-1 -66 0
-1 -85 0
-11 -20 0
-11 -28 0
-11 -37 0
-11 -46 0
-11 -54 0
-11 -66 0
-11 -85 0
-20 -28 0
-20 -37 0
-20 -46 0
-20 -54 0
-20 -66 0
-20 -85 0
-28 -37 0
-28 -46 0
-28 -54 0
-28 -66 0
-28 -85 0
-37 -46 0
-37 -54 0
-37 -66 0
-37 -85 0
-46 -54 0
-46 -66 0
-46 -85 0
-54 -66 0
-54 -85 0
-66 -85 0
-21 -29 0
-21 -38 0
-21 -47 0
-21 -55 0
-21 -67 0
-21 -77 0
-21 -86 0
-29 -38 0
-29 -47 0
-29 -55 0
-29 -67 0
-29 -77 0
-29 -86 0
-38 -47 0
-38 -55 0
-38 -67 0
-38 -77 0
-38 -86 0
-47 -55 0
-47 -67 0
-47 -77 0
-47 -86 0
-55 -67 0
-55 -77 0
-55 -86 0
-67 -77 0
-67 -86 0
-77 -86 0
-30 -39 0
-30 -56 0
-30 -68 0
-30 -78 0
-30 -87 0
-39 -56 0
-39 -68 0
-39 -78 0
-39 -87 0
-56 -68 0
-56 -78 0
-56 -87 0
-68 -78 0
-68 -87 0
-78 -87 0
-2 -12 0
-2 -22 0
-2 -40 0
-2 -48 0
-2 -57 0
-2 -69 0
-2 -79 0
-2 -88 0
-12 -22 0
-12 -40 0
-12 -48 0
-12 -57 0
-12 -69 0
-12 -79 0
-12 -88 0
-22 -40 0
-22 -48 0
-22 -57 0
-22 -69 0
-22 -79 0
-22 -88 0
-40 -48 0
-40 -57 0
-40 -69 0
-40 -79 0
-40 -88 0
-48 -57 0
-48 -69 0
-48 -79 0
-48 -88 0
-57 -69 0
-57 -79 0
-57 -88 0
-69 -79 0
-69 -88 0
-79 -88 0
-3 -23 0
-3 -31 0
-3 -41 0
-3 -58 0
-3 -70 0
-23 -31 0
-23 -41 0
-23 -58 0
-23 -70 0
-31 -41 0
-31 -58 0
-31 -70 0
-41 -58 0
-41 -70 0
-58 -70 0
-4 -13 0
-4 -32 0
-4 -42 0
-4 -59 0
-4 -71 0
-4 -80 0
-4 -89 0
-13 -32 0
-13 -42 0
-13 -59 0
-13 -71 0
-13 -80 0
-13 -89 0
-32 -42 0
-32 -59 0
-32 -71 0
-32 -80 0
-32 -89 0
-42 -59 0
-42 -71 0
-42 -80 0
-42 -89 0
-59 -71 0
-59 -80 0
-59 -89 0
-71 -80 0
-71 -89 0
-80 -89 0
-5 -14 0
-5 -24 0
-5 -43 0
-5 -60 0
-5 -72 0
-5 -90 0
-14 -24 0
-14 -43 0
-14 -60 0
-14 -72 0
-14 -90 0
-24 -43 0
-24 -60 0
-24 -72 0
-24 -90 0
-43 -60 0
-43 -72 0
-43 -90 0
-60 -72 0
-60 -90 0
-72 -90 0
-6 -15 0
-6 -33 0
-6 -49 0
-6 -61 0
-6 -73 0
-6 -81 0
-6 -91 0
-15 -33 0
-15 -49 0
-15 -61 0
-15 -73 0
-15 -81 0
-15 -91 0
-33 -49 0
-33 -61 0
-33 -73 0
-33 -81 0
-33 -91 0
-49 -61 0
-49 -73 0
-49 -81 0
-49 -91 0
-61 -73 0
-61 -81 0
-61 -91 0
-73 -81 0
-73 -91 0
-81 -91 0
-7 -16 0
-7 -25 0
-7 -34 0
-7 -50 0
-7 -62 0
-7 -74 0
-7 -82 0
-7 -92 0
-16 -25 0
-16 -34 0
-16 -50 0
-16 -62 0
-16 -74 0
-16 -82 0
-16 -92 0
-25 -34 0
-25 -50 0
-25 -62 0
-25 -74 0
-25 -82 0
-25 -92 0
-34 -50 0
-34 -62 0
-34 -74 0
-34 -82 0
-34 -92 0
-50 -62 0
-50 -74 0
-50 -82 0
-50 -92 0
-62 -74 0
-62 -82 0
-62 -92 0
-74 -82 0
-74 -92 0
-82 -92 0
-8 -17 0
-8 -26 0
-8 -35 0
-8 -51 0
-8 -63 0
-8 -75 0
-8 -83 0
-8 -93 0
-17 -26 0
-17 -35 0
-17 -51 0
-17 -63 0
-17 -75 0
-17 -83 0
-17 -93 0
-26 -35 0
-26 -51 0
-26 -63 0
-26 -75 0
-26 -83 0
-26 -93 0
-35 -51 0
-35 -63 0
-35 -75 0
-35 -83 0
-35 -93 0
-51 -63 0
-51 -75 0
-51 -83 0
-51 -93 0
-63 -75 0
-63 -83 0
-63 -93 0
-75 -83 0
-75 -93 0
-83 -93 0
-9 -18 0
-9 -36 0
-9 -44 0
-9 -52 0
-9 -64 0
-9 -76 0
-9 -84 0
-9 -94 0
-18 -36 0
-18 -44 0
-18 -52 0
-18 -64 0
-18 -76 0
-18 -84 0
-18 -94 0
-36 -44 0
-36 -52 0
-36 -64 0
-36 -76 0
-36 -84 0
-36 -94 0
-44 -52 0
-44 -64 0
-44 -76 0
-44 -84 0
-44 -94 0
-52 -64 0
-52 -76 0
-52 -84 0
-52 -94 0
-64 -76 0
-64 -84 0
-64 -94 0
-76 -84 0
-76 -94 0
-84 -94 0
-10 -19 0
-10 -27 0
-10 -45 0
-10 -53 0
-10 -65 0
-10 -95 0
-19 -27 0
-19 -45 0
-19 -53 0
-19 -65 0
-19 -95 0
-27 -45 0
-27 -53 0
-27 -65 0
-27 -95 0
-45 -53 0
-45 -65 0
-45 -95 0
-53 -65 0
-53 -95 0
-65 -95 0
