p cnf 34 62
1 2 3 0
-1 -2 0
-1 -3 0
-2 -3 0
4 5 0
-4 -5 0
6 7 0
-6 -7 0
8 9 10 0
-8 -9 0
-8 -10 0
-9 -10 0
11 12 0
-11 -12 0
13 14 0
-13 -14 0
15 16 17 0
-15 -16 0
-15 -17 0
-16 -17 0
18 19 20 0
-18 -19 0
-18 -20 0
-19 -20 0
21 22 23 0
-21 -22 0
-21 -23 0
-22 -23 0
24 25 0
-24 -25 0
26 27 28 0
-26 -27 0
-26 -28 0
-27 -28 0
29 30 31 0
-29 -30 0
-29 -31 0
-30 -31 0
32 33 34 0
-32 -33 0
-32 -34 0
-33 -34 0
-1 -13 0
-3 -14 0
-2 -27 0
-4 -33 0
-5 -34 0
-7 -14 0
-6 -16 0
-7 -17 0
-8 -19 0
-9 -20 0
-8 -29 0
-10 -31 0
-12 -14 0
-11 -24 0
-12 -25 0
-19 -29 0
-26 -33 0
-27 -34 0
-29 -33 0
-30 -34 0
