p cnf 67 221
20 21 22 23 24 25 26 27 0
-1 -6 0
-1 -12 0
-1 -20 0
-1 -28 0
-1 -35 0
-1 -49 0
-1 -62 0
-6 -12 0
-6 -20 0
-6 -28 0
-6 -35 0
-6 -49 0
-6 -62 0
-12 -20 0
-12 -28 0
-12 -35 0
-12 -49 0
-12 -62 0
-20 -28 0
-20 -35 0
-20 -49 0
-20 -62 0
-28 -35 0
-28 -49 0
-28 -62 0
-35 -49 0
-35 -62 0
-49 -62 0
-7 -13 0
-7 -21 0
-7 -29 0
-7 -42 0
-7 -50 0
-7 -56 0
-13 -21 0
-13 -29 0
-13 -42 0
-13 -50 0
-13 -56 0
-21 -29 0
-21 -42 0
-21 -50 0
-21 -56 0
-29 -42 0
-29 -50 0
-29 -56 0
-42 -50 0
-42 -56 0
-50 -56 0
-2 -8 0
-2 -14 0
-2 -22 0
-2 -30 0
-2 -36 0
-2 -43 0
-2 -57 0
-2 -63 0
-8 -14 0
-8 -22 0
-8 -30 0
-8 -36 0
-8 -43 0
-8 -57 0
-8 -63 0
-14 -22 0
-14 -30 0
-14 -36 0
-14 -43 0
-14 -57 0
-14 -63 0
-22 -30 0
-22 -36 0
-22 -43 0
-22 -57 0
-22 -63 0
-30 -36 0
-30 -43 0
-30 -57 0
-30 -63 0
-36 -43 0
-36 -57 0
-36 -63 0
-43 -57 0
-43 -63 0
-57 -63 0
-15 -23 0
-15 -31 0
-15 -37 0
-15 -44 0
-15 -51 0
-15 -58 0
-15 -64 0
-23 -31 0
-23 -37 0
-23 -44 0
-23 -51 0
-23 -58 0
-23 -64 0
-31 -37 0
-31 -44 0
-31 -51 0
-31 -58 0
-31 -64 0
-37 -44 0
-37 -51 0
-37 -58 0
-37 -64 0
-44 -51 0
-44 -58 0
-44 -64 0
-51 -58 0
-51 -64 0
-58 -64 0
-3 -24 0
-3 -32 0
-3 -45 0
-3 -52 0
-3 -65 0
-24 -32 0
-24 -45 0
-24 -52 0
-24 -65 0
-32 -45 0
-32 -52 0
-32 -65 0
-45 -52 0
-45 -65 0
-52 -65 0
-4 -16 0
-4 -25 0
-4 -38 0
-4 -46 0
-4 -53 0
-4 -59 0
-16 -25 0
-16 -38 0
-16 -46 0
-16 -53 0
-16 -59 0
-25 -38 0
-25 -46 0
-25 -53 0
-25 -59 0
-38 -46 0
-38 -53 0
-38 -59 0
-46 -53 0
-46 -59 0
-53 -59 0
-9 -17 0
-9 -26 0
-9 -33 0
-9 -39 0
-9 -47 0
-9 -54 0
-9 -66 0
-17 -26 0
-17 -33 0
-17 -39 0
-17 -47 0
-17 -54 0
-17 -66 0
-26 -33 0
-26 -39 0
-26 -47 0
-26 -54 0
-26 -66 0
-33 -39 0
-33 -47 0
-33 -54 0
-33 -66 0
-39 -47 0
-39 -54 0
-39 -66 0
-47 -54 0
-47 -66 0
-54 -66 0
-5 -10 0
-5 -18 0
-5 -27 0
-5 -40 0
-5 -55 0
-5 -60 0
-5 -67 0
-10 -18 0
-10 -27 0
-10 -40 0
-10 -55 0
-10 -60 0
-10 -67 0
-18 -27 0
-18 -40 0
-18 -55 0
-18 -60 0
-18 -67 0
-27 -40 0
-27 -55 0
-27 -60 0
-27 -67 0
-40 -55 0
-40 -60 0
-40 -67 0
-55 -60 0
-55 -67 0
-60 -67 0
-11 -19 0
-11 -34 0
-11 -41 0
-11 -48 0
-11 -61 0
-19 -34 0
-19 -41 0
-19 -48 0
-19 -61 0
-34 -41 0
-34 -48 0
-34 -61 0
-41 -48 0
-41 -61 0
-48 -61 0
