p cnf 29 400
1 2 3 4 5 6 -7 0
1 2 3 4 5 -6 7 0
1 2 3 4 -5 6 7 0
1 2 3 4 -5 -6 -7 0
1 2 3 -4 5 6 7 0
1 2 3 -4 5 -6 -7 0
1 2 3 -4 -5 6 -7 0
1 2 3 -4 -5 -6 7 0
1 2 -3 4 5 6 7 0
1 2 -3 4 5 -6 -7 0
1 2 -3 4 -5 6 -7 0
1 2 -3 4 -5 -6 7 0
1 2 -3 -4 5 6 -7 0
1 2 -3 -4 5 -6 7 0
1 2 -3 -4 -5 6 7 0
1 2 -3 -4 -5 -6 -7 0
1 -2 3 4 5 6 7 0
1 -2 3 4 5 -6 -7 0
1 -2 3 4 -5 6 -7 0
1 -2 3 4 -5 -6 7 0
1 -2 3 -4 5 6 -7 0
1 -2 3 -4 5 -6 7 0
1 -2 3 -4 -5 6 7 0
1 -2 3 -4 -5 -6 -7 0
1 -2 -3 4 5 6 -7 0
1 -2 -3 4 5 -6 7 0
1 -2 -3 4 -5 6 7 0
1 -2 -3 4 -5 -6 -7 0
1 -2 -3 -4 5 6 7 0
1 -2 -3 -4 5 -6 -7 0
1 -2 -3 -4 -5 6 -7 0
1 -2 -3 -4 -5 -6 7 0
-1 2 3 4 5 6 7 0
-1 2 3 4 5 -6 -7 0
-1 2 3 4 -5 6 -7 0
-1 2 3 4 -5 -6 7 0
-1 2 3 -4 5 6 -7 0
-1 2 3 -4 5 -6 7 0
-1 2 3 -4 -5 6 7 0
-1 2 3 -4 -5 -6 -7 0
-1 2 -3 4 5 6 -7 0
-1 2 -3 4 5 -6 7 0
-1 2 -3 4 -5 6 7 0
-1 2 -3 4 -5 -6 -7 0
-1 2 -3 -4 5 6 7 0
-1 2 -3 -4 5 -6 -7 0
-1 2 -3 -4 -5 6 -7 0
-1 2 -3 -4 -5 -6 7 0
-1 -2 3 4 5 6 -7 0
-1 -2 3 4 5 -6 7 0
-1 -2 3 4 -5 6 7 0
-1 -2 3 4 -5 -6 -7 0
-1 -2 3 -4 5 6 7 0
-1 -2 3 -4 5 -6 -7 0
-1 -2 3 -4 -5 6 -7 0
-1 -2 3 -4 -5 -6 7 0
-1 -2 -3 4 5 6 7 0
-1 -2 -3 4 5 -6 -7 0
-1 -2 -3 4 -5 6 -7 0
-1 -2 -3 4 -5 -6 7 0
-1 -2 -3 -4 5 6 -7 0
-1 -2 -3 -4 5 -6 7 0
-1 -2 -3 -4 -5 6 7 0
-1 -2 -3 -4 -5 -6 -7 0
8 9 10 -11 0
8 9 -10 11 0
8 -9 10 11 0
8 -9 -10 -11 0
-8 9 10 11 0
-8 9 -10 -11 0
-8 -9 10 -11 0
-8 -9 -10 11 0
1 8 12 13 14 -15 0
1 8 12 13 -14 15 0
1 8 12 -13 14 15 0
1 8 12 -13 -14 -15 0
1 8 -12 13 14 15 0
1 8 -12 13 -14 -15 0
1 8 -12 -13 14 -15 0
1 8 -12 -13 -14 15 0
1 -8 12 13 14 15 0
1 -8 12 13 -14 -15 0
1 -8 12 -13 14 -15 0
1 -8 12 -13 -14 15 0
1 -8 -12 13 14 -15 0
1 -8 -12 13 -14 15 0
1 -8 -12 -13 14 15 0
1 -8 -12 -13 -14 -15 0
-1 8 12 13 14 15 0
-1 8 12 13 -14 -15 0
-1 8 12 -13 14 -15 0
-1 8 12 -13 -14 15 0
-1 8 -12 13 14 -15 0
-1 8 -12 13 -14 15 0
-1 8 -12 -13 14 15 0
-1 8 -12 -13 -14 -15 0
-1 -8 12 13 14 -15 0
-1 -8 12 13 -14 15 0
-1 -8 12 -13 14 15 0
-1 -8 12 -13 -14 -15 0
-1 -8 -12 13 14 15 0
-1 -8 -12 13 -14 -15 0
-1 -8 -12 -13 14 -15 0
-1 -8 -12 -13 -14 15 0
2 16 17 18 -19 0
2 16 17 -18 19 0
2 16 -17 18 19 0
2 16 -17 -18 -19 0
2 -16 17 18 19 0
2 -16 17 -18 -19 0
2 -16 -17 18 -19 0
2 -16 -17 -18 19 0
-2 16 17 18 19 0
-2 16 17 -18 -19 0
-2 16 -17 18 -19 0
-2 16 -17 -18 19 0
-2 -16 17 18 -19 0
-2 -16 17 -18 19 0
-2 -16 -17 18 19 0
-2 -16 -17 -18 -19 0
9 12 16 20 21 22 -23 0
9 12 16 20 21 -22 23 0
9 12 16 20 -21 22 23 0
9 12 16 20 -21 -22 -23 0
9 12 16 -20 21 22 23 0
9 12 16 -20 21 -22 -23 0
9 12 16 -20 -21 22 -23 0
9 12 16 -20 -21 -22 23 0
9 12 -16 20 21 22 23 0
9 12 -16 20 21 -22 -23 0
9 12 -16 20 -21 22 -23 0
9 12 -16 20 -21 -22 23 0
9 12 -16 -20 21 22 -23 0
9 12 -16 -20 21 -22 23 0
9 12 -16 -20 -21 22 23 0
9 12 -16 -20 -21 -22 -23 0
9 -12 16 20 21 22 23 0
9 -12 16 20 21 -22 -23 0
9 -12 16 20 -21 22 -23 0
9 -12 16 20 -21 -22 23 0
9 -12 16 -20 21 22 -23 0
9 -12 16 -20 21 -22 23 0
9 -12 16 -20 -21 22 23 0
9 -12 16 -20 -21 -22 -23 0
9 -12 -16 20 21 22 -23 0
9 -12 -16 20 21 -22 23 0
9 -12 -16 20 -21 22 23 0
9 -12 -16 20 -21 -22 -23 0
9 -12 -16 -20 21 22 23 0
9 -12 -16 -20 21 -22 -23 0
9 -12 -16 -20 -21 22 -23 0
9 -12 -16 -20 -21 -22 23 0
-9 12 16 20 21 22 23 0
-9 12 16 20 21 -22 -23 0
-9 12 16 20 -21 22 -23 0
-9 12 16 20 -21 -22 23 0
-9 12 16 -20 21 22 -23 0
-9 12 16 -20 21 -22 23 0
-9 12 16 -20 -21 22 23 0
-9 12 16 -20 -21 -22 -23 0
-9 12 -16 20 21 22 -23 0
-9 12 -16 20 21 -22 23 0
-9 12 -16 20 -21 22 23 0
-9 12 -16 20 -21 -22 -23 0
-9 12 -16 -20 21 22 23 0
-9 12 -16 -20 21 -22 -23 0
-9 12 -16 -20 -21 22 -23 0
-9 12 -16 -20 -21 -22 23 0
-9 -12 16 20 21 22 -23 0
-9 -12 16 20 21 -22 23 0
-9 -12 16 20 -21 22 23 0
-9 -12 16 20 -21 -22 -23 0
-9 -12 16 -20 21 22 23 0
-9 -12 16 -20 21 -22 -23 0
-9 -12 16 -20 -21 22 -23 0
-9 -12 16 -20 -21 -22 23 0
-9 -12 -16 20 21 22 23 0
-9 -12 -16 20 21 -22 -23 0
-9 -12 -16 20 -21 22 -23 0
-9 -12 -16 20 -21 -22 23 0
-9 -12 -16 -20 21 22 -23 0
-9 -12 -16 -20 21 -22 23 0
-9 -12 -16 -20 -21 22 23 0
-9 -12 -16 -20 -21 -22 -23 0
3 10 17 20 24 25 26 -27 0
3 10 17 20 24 25 -26 27 0
3 10 17 20 24 -25 26 27 0
3 10 17 20 24 -25 -26 -27 0
3 10 17 20 -24 25 26 27 0
3 10 17 20 -24 25 -26 -27 0
3 10 17 20 -24 -25 26 -27 0
3 10 17 20 -24 -25 -26 27 0
3 10 17 -20 24 25 26 27 0
3 10 17 -20 24 25 -26 -27 0
3 10 17 -20 24 -25 26 -27 0
3 10 17 -20 24 -25 -26 27 0
3 10 17 -20 -24 25 26 -27 0
3 10 17 -20 -24 25 -26 27 0
3 10 17 -20 -24 -25 26 27 0
3 10 17 -20 -24 -25 -26 -27 0
3 10 -17 20 24 25 26 27 0
3 10 -17 20 24 25 -26 -27 0
3 10 -17 20 24 -25 26 -27 0
3 10 -17 20 24 -25 -26 27 0
3 10 -17 20 -24 25 26 -27 0
3 10 -17 20 -24 25 -26 27 0
3 10 -17 20 -24 -25 26 27 0
3 10 -17 20 -24 -25 -26 -27 0
3 10 -17 -20 24 25 26 -27 0
3 10 -17 -20 24 25 -26 27 0
3 10 -17 -20 24 -25 26 27 0
3 10 -17 -20 24 -25 -26 -27 0
3 10 -17 -20 -24 25 26 27 0
3 10 -17 -20 -24 25 -26 -27 0
3 10 -17 -20 -24 -25 26 -27 0
3 10 -17 -20 -24 -25 -26 27 0
3 -10 17 20 24 25 26 27 0
3 -10 17 20 24 25 -26 -27 0
3 -10 17 20 24 -25 26 -27 0
3 -10 17 20 24 -25 -26 27 0
3 -10 17 20 -24 25 26 -27 0
3 -10 17 20 -24 25 -26 27 0
3 -10 17 20 -24 -25 26 27 0
3 -10 17 20 -24 -25 -26 -27 0
3 -10 17 -20 24 25 26 -27 0
3 -10 17 -20 24 25 -26 27 0
3 -10 17 -20 24 -25 26 27 0
3 -10 17 -20 24 -25 -26 -27 0
3 -10 17 -20 -24 25 26 27 0
3 -10 17 -20 -24 25 -26 -27 0
3 -10 17 -20 -24 -25 26 -27 0
3 -10 17 -20 -24 -25 -26 27 0
3 -10 -17 20 24 25 26 -27 0
3 -10 -17 20 24 25 -26 27 0
3 -10 -17 20 24 -25 26 27 0
3 -10 -17 20 24 -25 -26 -27 0
3 -10 -17 20 -24 25 26 27 0
3 -10 -17 20 -24 25 -26 -27 0
3 -10 -17 20 -24 -25 26 -27 0
3 -10 -17 20 -24 -25 -26 27 0
3 -10 -17 -20 24 25 26 27 0
3 -10 -17 -20 24 25 -26 -27 0
3 -10 -17 -20 24 -25 26 -27 0
3 -10 -17 -20 24 -25 -26 27 0
3 -10 -17 -20 -24 25 26 -27 0
3 -10 -17 -20 -24 25 -26 27 0
3 -10 -17 -20 -24 -25 26 27 0
3 -10 -17 -20 -24 -25 -26 -27 0
-3 10 17 20 24 25 26 27 0
-3 10 17 20 24 25 -26 -27 0
-3 10 17 20 24 -25 26 -27 0
-3 10 17 20 24 -25 -26 27 0
-3 10 17 20 -24 25 26 -27 0
-3 10 17 20 -24 25 -26 27 0
-3 10 17 20 -24 -25 26 27 0
-3 10 17 20 -24 -25 -26 -27 0
-3 10 17 -20 24 25 26 -27 0
-3 10 17 -20 24 25 -26 27 0
-3 10 17 -20 24 -25 26 27 0
-3 10 17 -20 24 -25 -26 -27 0
-3 10 17 -20 -24 25 26 27 0
-3 10 17 -20 -24 25 -26 -27 0
-3 10 17 -20 -24 -25 26 -27 0
-3 10 17 -20 -24 -25 -26 27 0
-3 10 -17 20 24 25 26 -27 0
-3 10 -17 20 24 25 -26 27 0
-3 10 -17 20 24 -25 26 27 0
-3 10 -17 20 24 -25 -26 -27 0
-3 10 -17 20 -24 25 26 27 0
-3 10 -17 20 -24 25 -26 -27 0
-3 10 -17 20 -24 -25 26 -27 0
-3 10 -17 20 -24 -25 -26 27 0
-3 10 -17 -20 24 25 26 27 0
-3 10 -17 -20 24 25 -26 -27 0
-3 10 -17 -20 24 -25 26 -27 0
-3 10 -17 -20 24 -25 -26 27 0
-3 10 -17 -20 -24 25 26 -27 0
-3 10 -17 -20 -24 25 -26 27 0
-3 10 -17 -20 -24 -25 26 27 0
-3 10 -17 -20 -24 -25 -26 -27 0
-3 -10 17 20 24 25 26 -27 0
-3 -10 17 20 24 25 -26 27 0
-3 -10 17 20 24 -25 26 27 0
-3 -10 17 20 24 -25 -26 -27 0
-3 -10 17 20 -24 25 26 27 0
-3 -10 17 20 -24 25 -26 -27 0
-3 -10 17 20 -24 -25 26 -27 0
-3 -10 17 20 -24 -25 -26 27 0
-3 -10 17 -20 24 25 26 27 0
-3 -10 17 -20 24 25 -26 -27 0
-3 -10 17 -20 24 -25 26 -27 0
-3 -10 17 -20 24 -25 -26 27 0
-3 -10 17 -20 -24 25 26 -27 0
-3 -10 17 -20 -24 25 -26 27 0
-3 -10 17 -20 -24 -25 26 27 0
-3 -10 17 -20 -24 -25 -26 -27 0
-3 -10 -17 20 24 25 26 27 0
-3 -10 -17 20 24 25 -26 -27 0
-3 -10 -17 20 24 -25 26 -27 0
-3 -10 -17 20 24 -25 -26 27 0
-3 -10 -17 20 -24 25 26 -27 0
-3 -10 -17 20 -24 25 -26 27 0
-3 -10 -17 20 -24 -25 26 27 0
-3 -10 -17 20 -24 -25 -26 -27 0
-3 -10 -17 -20 24 25 26 -27 0
-3 -10 -17 -20 24 25 -26 27 0
-3 -10 -17 -20 24 -25 26 27 0
-3 -10 -17 -20 24 -25 -26 -27 0
-3 -10 -17 -20 -24 25 26 27 0
-3 -10 -17 -20 -24 25 -26 -27 0
-3 -10 -17 -20 -24 -25 26 -27 0
-3 -10 -17 -20 -24 -25 -26 27 0
4 18 24 -28 0
4 18 -24 28 0
4 -18 24 28 0
4 -18 -24 -28 0
-4 18 24 28 0
-4 18 -24 -28 0
-4 -18 24 -28 0
-4 -18 -24 28 0
5 11 13 21 -25 0
5 11 13 -21 25 0
5 11 -13 21 25 0
5 11 -13 -21 -25 0
5 -11 13 21 25 0
5 -11 13 -21 -25 0
5 -11 -13 21 -25 0
5 -11 -13 -21 25 0
-5 11 13 21 25 0
-5 11 13 -21 -25 0
-5 11 -13 21 -25 0
-5 11 -13 -21 25 0
-5 -11 13 21 -25 0
-5 -11 13 -21 25 0
-5 -11 -13 21 25 0
-5 -11 -13 -21 -25 0
6 14 19 22 26 -29 0
6 14 19 22 -26 29 0
6 14 19 -22 26 29 0
6 14 19 -22 -26 -29 0
6 14 -19 22 26 29 0
6 14 -19 22 -26 -29 0
6 14 -19 -22 26 -29 0
6 14 -19 -22 -26 29 0
6 -14 19 22 26 29 0
6 -14 19 22 -26 -29 0
6 -14 19 -22 26 -29 0
6 -14 19 -22 -26 29 0
6 -14 -19 22 26 -29 0
6 -14 -19 22 -26 29 0
6 -14 -19 -22 26 29 0
6 -14 -19 -22 -26 -29 0
-6 14 19 22 26 29 0
-6 14 19 22 -26 -29 0
-6 14 19 -22 26 -29 0
-6 14 19 -22 -26 29 0
-6 14 -19 22 26 -29 0
-6 14 -19 22 -26 29 0
-6 14 -19 -22 26 29 0
-6 14 -19 -22 -26 -29 0
-6 -14 19 22 26 -29 0
-6 -14 19 22 -26 29 0
-6 -14 19 -22 26 29 0
-6 -14 19 -22 -26 -29 0
-6 -14 -19 22 26 29 0
-6 -14 -19 22 -26 -29 0
-6 -14 -19 -22 26 -29 0
-6 -14 -19 -22 -26 29 0
7 15 23 27 28 -29 0
7 15 23 27 -28 29 0
7 15 23 -27 28 29 0
7 15 23 -27 -28 -29 0
7 15 -23 27 28 29 0
7 15 -23 27 -28 -29 0
7 15 -23 -27 28 -29 0
7 15 -23 -27 -28 29 0
7 -15 23 27 28 29 0
7 -15 23 27 -28 -29 0
7 -15 23 -27 28 -29 0
7 -15 23 -27 -28 29 0
7 -15 -23 27 28 -29 0
7 -15 -23 27 -28 29 0
7 -15 -23 -27 28 29 0
7 -15 -23 -27 -28 -29 0
-7 15 23 27 28 29 0
-7 15 23 27 -28 -29 0
-7 15 23 -27 28 -29 0
-7 15 23 -27 -28 29 0
-7 15 -23 27 28 -29 0
-7 15 -23 27 -28 29 0
-7 15 -23 -27 28 29 0
-7 15 -23 -27 -28 -29 0
-7 -15 23 27 28 -29 0
-7 -15 23 27 -28 29 0
-7 -15 23 -27 28 29 0
-7 -15 23 -27 -28 -29 0
-7 -15 -23 27 28 29 0
-7 -15 -23 27 -28 -29 0
-7 -15 -23 -27 28 -29 0
-7 -15 -23 -27 -28 29 0
