p cnf 28 120
1 -7 -9 0
-14 -16 0
4 -22 -23 0
13 19 23 0
-1 2 0
-1 3 0
-1 4 0
1 7 -5 0
-1 -7 5 0
1 8 -6 0
-1 -8 6 0
-1 -9 0
-10 3 0
-11 4 0
-12 5 0
-13 6 0
-2 3 0
-2 4 0
2 14 -5 0
-2 -14 5 0
2 15 -6 0
-2 -15 6 0
-2 -16 0
3 -4 0
3 17 0
3 18 -5 0
-3 -18 5 0
3 19 -6 0
-3 -19 6 0
-3 -20 0
4 21 0
4 22 -5 0
-4 -22 5 0
4 23 -6 0
-4 -23 6 0
-4 -24 0
-25 5 0
-26 6 0
5 -6 0
-5 -27 0
-6 -28 0
-12 7 0
-13 8 0
-14 7 0
-15 8 0
-16 9 0
-18 7 0
-19 8 0
-20 9 0
-22 7 0
-23 8 0
-24 9 0
-25 7 0
-26 8 0
7 -8 0
7 27 -9 0
-7 -27 9 0
8 28 -9 0
-8 -28 9 0
14 -12 0
15 -13 0
10 -11 0
-10 -17 0
10 18 -12 0
-10 -18 12 0
10 19 -13 0
-10 -19 13 0
-10 -20 0
-11 -21 0
11 22 -12 0
-11 -22 12 0
11 23 -13 0
-11 -23 13 0
-11 -24 0
25 -12 0
26 -13 0
12 -13 0
-12 -27 0
-13 -28 0
-18 14 0
-19 15 0
-20 16 0
-22 14 0
-23 15 0
-24 16 0
-25 14 0
-26 15 0
14 -15 0
14 27 -16 0
-14 -27 16 0
15 28 -16 0
-15 -28 16 0
21 -17 0
22 -18 0
23 -19 0
24 -20 0
17 25 -18 0
-17 -25 18 0
17 26 -19 0
-17 -26 19 0
17 -20 0
18 -19 0
18 27 -20 0
-18 -27 20 0
19 28 -20 0
-19 -28 20 0
21 25 -22 0
-21 -25 22 0
21 26 -23 0
-21 -26 23 0
21 -24 0
22 -23 0
22 27 -24 0
-22 -27 24 0
23 28 -24 0
-23 -28 24 0
25 -26 0
-25 -27 0
-26 -28 0
28 -27 0
