p cnf 21 54
8 9 0
10 11 12 0
-13 -16 0
-13 -19 0
-16 -19 0
-1 -4 0
-1 -8 0
-1 -10 0
-1 -14 0
-1 -17 0
-4 -8 0
-4 -10 0
-4 -14 0
-4 -17 0
-8 -10 0
-8 -14 0
-8 -17 0
-10 -14 0
-10 -17 0
-14 -17 0
-2 -6 0
-2 -11 0
-2 -20 0
-6 -11 0
-6 -20 0
-11 -20 0
-3 -5 0
-3 -7 0
-3 -9 0
-3 -12 0
-3 -15 0
-3 -18 0
-3 -21 0
-5 -7 0
-5 -9 0
-5 -12 0
-5 -15 0
-5 -18 0
-5 -21 0
-7 -9 0
-7 -12 0
-7 -15 0
-7 -18 0
-7 -21 0
-9 -12 0
-9 -15 0
-9 -18 0
-9 -21 0
-12 -15 0
-12 -18 0
-12 -21 0
-15 -18 0
-15 -21 0
-18 -21 0
