p cnf 32 94
-9 -10 0
-9 -11 0
-9 -12 0
-10 -11 0
-10 -12 0
-11 -12 0
9 10 11 12 0
4 -9 0
7 -11 0
8 -12 0
-13 -14 0
-13 -15 0
-13 -16 0
-13 -17 0
-13 -18 0
-13 -19 0
-14 -15 0
-14 -16 0
-14 -17 0
-14 -18 0
-14 -19 0
-15 -16 0
-15 -17 0
-15 -18 0
-15 -19 0
-16 -17 0
-16 -18 0
-16 -19 0
-17 -18 0
-17 -19 0
-18 -19 0
13 14 15 16 17 18 19 0
-20 -21 0
-20 -22 0
-20 -23 0
-20 -24 0
-20 -25 0
-20 -26 0
-21 -22 0
-21 -23 0
-21 -24 0
-21 -25 0
-21 -26 0
-22 -23 0
-22 -24 0
-22 -25 0
-22 -26 0
-23 -24 0
-23 -25 0
-23 -26 0
-24 -25 0
-24 -26 0
-25 -26 0
20 21 22 23 24 25 26 0
-27 -28 0
-27 -29 0
-27 -30 0
-27 -31 0
-27 -32 0
-28 -29 0
-28 -30 0
-28 -31 0
-28 -32 0
-29 -30 0
-29 -31 0
-29 -32 0
-30 -31 0
-30 -32 0
-31 -32 0
27 28 29 30 31 32 0
-1 -16 0
-2 -18 0
-3 -13 -20 0
-3 -14 -21 0
-3 -15 -22 0
-3 -16 -23 0
-3 -17 -24 0
-3 -18 -25 0
-3 -19 -26 0
-4 -13 -27 0
-4 -14 -28 0
-4 -15 -29 0
-4 -17 -30 0
-4 -18 -31 0
-4 -19 -32 0
-5 -23 0
-6 -25 0
-7 -31 0
-8 -20 -27 0
-8 -21 -28 0
-8 -22 -29 0
-8 -24 -30 0
-8 -25 -31 0
-8 -26 -32 0
