p cnf 144 549
41 42 43 44 45 46 47 48 49 50 51 52 53 54 55 56 0
57 58 59 60 61 62 63 64 65 66 67 68 0
69 70 71 72 73 74 75 76 77 78 79 80 81 82 83 84 85 0
102 103 104 105 106 107 108 109 110 111 112 113 114 0
115 116 117 118 119 120 121 122 123 124 125 126 127 128 129 130 0
-1 -13 0
-1 -26 0
-1 -41 0
-1 -57 0
-1 -69 0
-1 -86 0
-1 -131 0
-13 -26 0
-13 -41 0
-13 -57 0
-13 -69 0
-13 -86 0
-13 -131 0
-26 -41 0
-26 -57 0
-26 -69 0
-26 -86 0
-26 -131 0
-41 -57 0
-41 -69 0
-41 -86 0
-41 -131 0
-57 -69 0
-57 -86 0
-57 -131 0
-69 -86 0
-69 -131 0
-86 -131 0
-2 -14 0
-2 -27 0
-2 -42 0
-2 -70 0
-2 -87 0
-2 -102 0
-2 -115 0
-14 -27 0
-14 -42 0
-14 -70 0
-14 -87 0
-14 -102 0
-14 -115 0
-27 -42 0
-27 -70 0
-27 -87 0
-27 -102 0
-27 -115 0
-42 -70 0
-42 -87 0
-42 -102 0
-42 -115 0
-70 -87 0
-70 -102 0
-70 -115 0
-87 -102 0
-87 -115 0
-102 -115 0
-15 -28 0
-15 -43 0
-15 -58 0
-15 -71 0
-15 -88 0
-15 -103 0
-15 -116 0
-15 -132 0
-28 -43 0
-28 -58 0
-28 -71 0
-28 -88 0
-28 -103 0
-28 -116 0
-28 -132 0
-43 -58 0
-43 -71 0
-43 -88 0
-43 -103 0
-43 -116 0
-43 -132 0
-58 -71 0
-58 -88 0
-58 -103 0
-58 -116 0
-58 -132 0
-71 -88 0
-71 -103 0
-71 -116 0
-71 -132 0
-88 -103 0
-88 -116 0
-88 -132 0
-103 -116 0
-103 -132 0
-116 -132 0
-3 -16 0
-3 -29 0
-3 -44 0
-3 -59 0
-3 -72 0
-3 -89 0
-3 -104 0
-3 -117 0
-16 -29 0
-16 -44 0
-16 -59 0
-16 -72 0
-16 -89 0
-16 -104 0
-16 -117 0
-29 -44 0
-29 -59 0
-29 -72 0
-29 -89 0
-29 -104 0
-29 -117 0
-44 -59 0
-44 -72 0
-44 -89 0
-44 -104 0
-44 -117 0
-59 -72 0
-59 -89 0
-59 -104 0
-59 -117 0
-72 -89 0
-72 -104 0
-72 -117 0
-89 -104 0
-89 -117 0
-104 -117 0
-17 -30 0
-17 -45 0
-17 -60 0
-17 -73 0
-17 -90 0
-17 -105 0
-17 -118 0
-17 -133 0
-30 -45 0
-30 -60 0
-30 -73 0
-30 -90 0
-30 -105 0
-30 -118 0
-30 -133 0
-45 -60 0
-45 -73 0
-45 -90 0
-45 -105 0
-45 -118 0
-45 -133 0
-60 -73 0
-60 -90 0
-60 -105 0
-60 -118 0
-60 -133 0
-73 -90 0
-73 -105 0
-73 -118 0
-73 -133 0
-90 -105 0
-90 -118 0
-90 -133 0
-105 -118 0
-105 -133 0
-118 -133 0
-4 -18 0
-4 -31 0
-4 -46 0
-4 -61 0
-4 -74 0
-4 -91 0
-4 -119 0
-4 -134 0
-18 -31 0
-18 -46 0
-18 -61 0
-18 -74 0
-18 -91 0
-18 -119 0
-18 -134 0
-31 -46 0
-31 -61 0
-31 -74 0
-31 -91 0
-31 -119 0
-31 -134 0
-46 -61 0
-46 -74 0
-46 -91 0
-46 -119 0
-46 -134 0
-61 -74 0
-61 -91 0
-61 -119 0
-61 -134 0
-74 -91 0
-74 -119 0
-74 -134 0
-91 -119 0
-91 -134 0
-119 -134 0
-5 -19 0
-5 -32 0
-5 -47 0
-5 -75 0
-5 -92 0
-5 -106 0
-5 -120 0
-19 -32 0
-19 -47 0
-19 -75 0
-19 -92 0
-19 -106 0
-19 -120 0
-32 -47 0
-32 -75 0
-32 -92 0
-32 -106 0
-32 -120 0
-47 -75 0
-47 -92 0
-47 -106 0
-47 -120 0
-75 -92 0
-75 -106 0
-75 -120 0
-92 -106 0
-92 -120 0
-106 -120 0
-6 -20 0
-6 -33 0
-6 -48 0
-6 -62 0
-6 -76 0
-6 -93 0
-6 -107 0
-6 -121 0
-6 -135 0
-20 -33 0
-20 -48 0
-20 -62 0
-20 -76 0
-20 -93 0
-20 -107 0
-20 -121 0
-20 -135 0
-33 -48 0
-33 -62 0
-33 -76 0
-33 -93 0
-33 -107 0
-33 -121 0
-33 -135 0
-48 -62 0
-48 -76 0
-48 -93 0
-48 -107 0
-48 -121 0
-48 -135 0
-62 -76 0
-62 -93 0
-62 -107 0
-62 -121 0
-62 -135 0
-76 -93 0
-76 -107 0
-76 -121 0
-76 -135 0
-93 -107 0
-93 -121 0
-93 -135 0
-107 -121 0
-107 -135 0
-121 -135 0
-7 -21 0
-7 -49 0
-7 -63 0
-7 -77 0
-7 -94 0
-7 -108 0
-7 -122 0
-7 -136 0
-21 -49 0
-21 -63 0
-21 -77 0
-21 -94 0
-21 -108 0
-21 -122 0
-21 -136 0
-49 -63 0
-49 -77 0
-49 -94 0
-49 -108 0
-49 -122 0
-49 -136 0
-63 -77 0
-63 -94 0
-63 -108 0
-63 -122 0
-63 -136 0
-77 -94 0
-77 -108 0
-77 -122 0
-77 -136 0
-94 -108 0
-94 -122 0
-94 -136 0
-108 -122 0
-108 -136 0
-122 -136 0
-8 -34 0
-8 -50 0
-8 -78 0
-8 -95 0
-8 -109 0
-8 -123 0
-8 -137 0
-34 -50 0
-34 -78 0
-34 -95 0
-34 -109 0
-34 -123 0
-34 -137 0
-50 -78 0
-50 -95 0
-50 -109 0
-50 -123 0
-50 -137 0
-78 -95 0
-78 -109 0
-78 -123 0
-78 -137 0
-95 -109 0
-95 -123 0
-95 -137 0
-109 -123 0
-109 -137 0
-123 -137 0
-35 -51 0
-35 -64 0
-35 -79 0
-35 -96 0
-35 -124 0
-35 -138 0
-51 -64 0
-51 -79 0
-51 -96 0
-51 -124 0
-51 -138 0
-64 -79 0
-64 -96 0
-64 -124 0
-64 -138 0
-79 -96 0
-79 -124 0
-79 -138 0
-96 -124 0
-96 -138 0
-124 -138 0
-9 -22 0
-9 -36 0
-9 -52 0
-9 -65 0
-9 -80 0
-9 -97 0
-9 -110 0
-9 -125 0
-9 -139 0
-22 -36 0
-22 -52 0
-22 -65 0
-22 -80 0
-22 -97 0
-22 -110 0
-22 -125 0
-22 -139 0
-36 -52 0
-36 -65 0
-36 -80 0
-36 -97 0
-36 -110 0
-36 -125 0
-36 -139 0
-52 -65 0
-52 -80 0
-52 -97 0
-52 -110 0
-52 -125 0
-52 -139 0
-65 -80 0
-65 -97 0
-65 -110 0
-65 -125 0
-65 -139 0
-80 -97 0
-80 -110 0
-80 -125 0
-80 -139 0
-97 -110 0
-97 -125 0
-97 -139 0
-110 -125 0
-110 -139 0
-125 -139 0
-10 -23 0
-10 -37 0
-10 -66 0
-10 -81 0
-10 -98 0
-10 -111 0
-10 -126 0
-10 -140 0
-23 -37 0
-23 -66 0
-23 -81 0
-23 -98 0
-23 -111 0
-23 -126 0
-23 -140 0
-37 -66 0
-37 -81 0
-37 -98 0
-37 -111 0
-37 -126 0
-37 -140 0
-66 -81 0
-66 -98 0
-66 -111 0
-66 -126 0
-66 -140 0
-81 -98 0
-81 -111 0
-81 -126 0
-81 -140 0
-98 -111 0
-98 -126 0
-98 -140 0
-111 -126 0
-111 -140 0
-126 -140 0
-11 -24 0
-11 -53 0
-11 -82 0
-11 -112 0
-11 -127 0
-11 -141 0
-24 -53 0
-24 -82 0
-24 -112 0
-24 -127 0
-24 -141 0
-53 -82 0
-53 -112 0
-53 -127 0
-53 -141 0
-82 -112 0
-82 -127 0
-82 -141 0
-112 -127 0
-112 -141 0
-127 -141 0
-38 -54 0
-38 -67 0
-38 -83 0
-38 -99 0
-38 -113 0
-38 -128 0
-38 -142 0
-54 -67 0
-54 -83 0
-54 -99 0
-54 -113 0
-54 -128 0
-54 -142 0
-67 -83 0
-67 -99 0
-67 -113 0
-67 -128 0
-67 -142 0
-83 -99 0
-83 -113 0
-83 -128 0
-83 -142 0
-99 -113 0
-99 -128 0
-99 -142 0
-113 -128 0
-113 -142 0
-128 -142 0
-12 -25 0
-12 -39 0
-12 -55 0
-12 -84 0
-12 -100 0
-12 -129 0
-12 -143 0
-25 -39 0
-25 -55 0
-25 -84 0
-25 -100 0
-25 -129 0
-25 -143 0
-39 -55 0
-39 -84 0
-39 -100 0
-39 -129 0
-39 -143 0
-55 -84 0
-55 -100 0
-55 -129 0
-55 -143 0
-84 -100 0
-84 -129 0
-84 -143 0
-100 -129 0
-100 -143 0
-129 -143 0
-40 -56 0
-40 -68 0
-40 -85 0
-40 -101 0
-40 -114 0
-40 -130 0
-40 -144 0
-56 -68 0
-56 -85 0
-56 -101 0
-56 -114 0
-56 -130 0
-56 -144 0
-68 -85 0
-68 -101 0
-68 -114 0
-68 -130 0
-68 -144 0
-85 -101 0
-85 -114 0
-85 -130 0
-85 -144 0
-101 -114 0
-101 -130 0
-101 -144 0
-114 -130 0
-114 -144 0
-130 -144 0
