p cnf 108 404
1 2 3 4 5 6 7 8 9 0
21 22 23 24 25 26 27 28 29 30 31 32 0
87 88 89 90 91 92 93 94 95 96 97 0
98 99 100 101 102 103 104 105 106 107 108 0
-1 -10 0
-1 -21 0
-1 -33 0
-1 -54 0
-1 -65 0
-1 -76 0
-1 -87 0
-1 -98 0
-10 -21 0
-10 -33 0
-10 -54 0
-10 -65 0
-10 -76 0
-10 -87 0
-10 -98 0
-21 -33 0
-21 -54 0
-21 -65 0
-21 -76 0
-21 -87 0
-21 -98 0
-33 -54 0
-33 -65 0
-33 -76 0
-33 -87 0
-33 -98 0
-54 -65 0
-54 -76 0
-54 -87 0
-54 -98 0
-65 -76 0
-65 -87 0
-65 -98 0
-76 -87 0
-76 -98 0
-87 -98 0
-2 -11 0
-2 -22 0
-2 -34 0
-2 -55 0
-2 -66 0
-2 -77 0
-2 -88 0
-11 -22 0
-11 -34 0
-11 -55 0
-11 -66 0
-11 -77 0
-11 -88 0
-22 -34 0
-22 -55 0
-22 -66 0
-22 -77 0
-22 -88 0
-34 -55 0
-34 -66 0
-34 -77 0
-34 -88 0
-55 -66 0
-55 -77 0
-55 -88 0
-66 -77 0
-66 -88 0
-77 -88 0
-12 -23 0
-12 -35 0
-12 -45 0
-12 -56 0
-12 -67 0
-12 -78 0
-12 -89 0
-12 -99 0
-23 -35 0
-23 -45 0
-23 -56 0
-23 -67 0
-23 -78 0
-23 -89 0
-23 -99 0
-35 -45 0
-35 -56 0
-35 -67 0
-35 -78 0
-35 -89 0
-35 -99 0
-45 -56 0
-45 -67 0
-45 -78 0
-45 -89 0
-45 -99 0
-56 -67 0
-56 -78 0
-56 -89 0
-56 -99 0
-67 -78 0
-67 -89 0
-67 -99 0
-78 -89 0
-78 -99 0
-89 -99 0
-13 -24 0
-13 -36 0
-13 -46 0
-13 -57 0
-13 -79 0
-13 -90 0
-13 -100 0
-24 -36 0
-24 -46 0
-24 -57 0
-24 -79 0
-24 -90 0
-24 -100 0
-36 -46 0
-36 -57 0
-36 -79 0
-36 -90 0
-36 -100 0
-46 -57 0
-46 -79 0
-46 -90 0
-46 -100 0
-57 -79 0
-57 -90 0
-57 -100 0
-79 -90 0
-79 -100 0
-90 -100 0
-3 -14 0
-3 -25 0
-3 -37 0
-3 -47 0
-3 -58 0
-3 -68 0
-3 -80 0
-3 -91 0
-3 -101 0
-14 -25 0
-14 -37 0
-14 -47 0
-14 -58 0
-14 -68 0
-14 -80 0
-14 -91 0
-14 -101 0
-25 -37 0
-25 -47 0
-25 -58 0
-25 -68 0
-25 -80 0
-25 -91 0
-25 -101 0
-37 -47 0
-37 -58 0
-37 -68 0
-37 -80 0
-37 -91 0
-37 -101 0
-47 -58 0
-47 -68 0
-47 -80 0
-47 -91 0
-47 -101 0
-58 -68 0
-58 -80 0
-58 -91 0
-58 -101 0
-68 -80 0
-68 -91 0
-68 -101 0
-80 -91 0
-80 -101 0
-91 -101 0
-4 -15 0
-4 -26 0
-4 -38 0
-4 -59 0
-4 -69 0
-4 -81 0
-4 -92 0
-4 -102 0
-15 -26 0
-15 -38 0
-15 -59 0
-15 -69 0
-15 -81 0
-15 -92 0
-15 -102 0
-26 -38 0
-26 -59 0
-26 -69 0
-26 -81 0
-26 -92 0
-26 -102 0
-38 -59 0
-38 -69 0
-38 -81 0
-38 -92 0
-38 -102 0
-59 -69 0
-59 -81 0
-59 -92 0
-59 -102 0
-69 -81 0
-69 -92 0
-69 -102 0
-81 -92 0
-81 -102 0
-92 -102 0
-5 -16 0
-5 -27 0
-5 -39 0
-5 -48 0
-5 -60 0
-5 -70 0
-5 -93 0
-5 -103 0
-16 -27 0
-16 -39 0
-16 -48 0
-16 -60 0
-16 -70 0
-16 -93 0
-16 -103 0
-27 -39 0
-27 -48 0
-27 -60 0
-27 -70 0
-27 -93 0
-27 -103 0
-39 -48 0
-39 -60 0
-39 -70 0
-39 -93 0
-39 -103 0
-48 -60 0
-48 -70 0
-48 -93 0
-48 -103 0
-60 -70 0
-60 -93 0
-60 -103 0
-70 -93 0
-70 -103 0
-93 -103 0
-6 -17 0
-6 -28 0
-6 -40 0
-6 -49 0
-6 -61 0
-6 -71 0
-6 -82 0
-6 -94 0
-17 -28 0
-17 -40 0
-17 -49 0
-17 -61 0
-17 -71 0
-17 -82 0
-17 -94 0
-28 -40 0
-28 -49 0
-28 -61 0
-28 -71 0
-28 -82 0
-28 -94 0
-40 -49 0
-40 -61 0
-40 -71 0
-40 -82 0
-40 -94 0
-49 -61 0
-49 -71 0
-49 -82 0
-49 -94 0
-61 -71 0
-61 -82 0
-61 -94 0
-71 -82 0
-71 -94 0
-82 -94 0
-29 -41 0
-29 -50 0
-29 -62 0
-29 -72 0
-29 -83 0
-29 -104 0
-41 -50 0
-41 -62 0
-41 -72 0
-41 -83 0
-41 -104 0
-50 -62 0
-50 -72 0
-50 -83 0
-50 -104 0
-62 -72 0
-62 -83 0
-62 -104 0
-72 -83 0
-72 -104 0
-83 -104 0
-7 -18 0
-7 -30 0
-7 -51 0
-7 -73 0
-7 -84 0
-7 -95 0
-7 -105 0
-18 -30 0
-18 -51 0
-18 -73 0
-18 -84 0
-18 -95 0
-18 -105 0
-30 -51 0
-30 -73 0
-30 -84 0
-30 -95 0
-30 -105 0
-51 -73 0
-51 -84 0
-51 -95 0
-51 -105 0
-73 -84 0
-73 -95 0
-73 -105 0
-84 -95 0
-84 -105 0
-95 -105 0
-8 -19 0
-8 -42 0
-8 -63 0
-8 -85 0
-8 -96 0
-8 -106 0
-19 -42 0
-19 -63 0
-19 -85 0
-19 -96 0
-19 -106 0
-42 -63 0
-42 -85 0
-42 -96 0
-42 -106 0
-63 -85 0
-63 -96 0
-63 -106 0
-85 -96 0
-85 -106 0
-96 -106 0
-31 -43 0
-31 -52 0
-31 -64 0
-31 -74 0
-31 -86 0
-31 -97 0
-31 -107 0
-43 -52 0
-43 -64 0
-43 -74 0
-43 -86 0
-43 -97 0
-43 -107 0
-52 -64 0
-52 -74 0
-52 -86 0
-52 -97 0
-52 -107 0
-64 -74 0
-64 -86 0
-64 -97 0
-64 -107 0
-74 -86 0
-74 -97 0
-74 -107 0
-86 -97 0
-86 -107 0
-97 -107 0
-9 -20 0
-9 -32 0
-9 -44 0
-9 -53 0
-9 -75 0
-9 -108 0
-20 -32 0
-20 -44 0
-20 -53 0
-20 -75 0
-20 -108 0
-32 -44 0
-32 -53 0
-32 -75 0
-32 -108 0
-44 -53 0
-44 -75 0
-44 -108 0
-53 -75 0
-53 -108 0
-75 -108 0
