p cnf 128 464
1 2 3 4 5 6 7 8 9 10 11 12 13 14 15 0
41 42 43 44 45 46 47 48 49 50 51 52 53 0
87 88 89 90 91 92 93 94 95 96 97 98 99 100 101 0
102 103 104 105 106 107 108 109 110 111 112 113 0
-1 -16 0
-1 -28 0
-1 -54 0
-1 -76 0
-1 -87 0
-1 -102 0
-1 -114 0
-16 -28 0
-16 -54 0
-16 -76 0
-16 -87 0
-16 -102 0
-16 -114 0
-28 -54 0
-28 -76 0
-28 -87 0
-28 -102 0
-28 -114 0
-54 -76 0
-54 -87 0
-54 -102 0
-54 -114 0
-76 -87 0
-76 -102 0
-76 -114 0
-87 -102 0
-87 -114 0
-102 -114 0
-2 -29 0
-2 -41 0
-2 -55 0
-2 -63 0
-2 -77 0
-2 -103 0
-2 -115 0
-29 -41 0
-29 -55 0
-29 -63 0
-29 -77 0
-29 -103 0
-29 -115 0
-41 -55 0
-41 -63 0
-41 -77 0
-41 -103 0
-41 -115 0
-55 -63 0
-55 -77 0
-55 -103 0
-55 -115 0
-63 -77 0
-63 -103 0
-63 -115 0
-77 -103 0
-77 -115 0
-103 -115 0
-3 -17 0
-3 -30 0
-3 -56 0
-3 -64 0
-3 -88 0
-3 -116 0
-17 -30 0
-17 -56 0
-17 -64 0
-17 -88 0
-17 -116 0
-30 -56 0
-30 -64 0
-30 -88 0
-30 -116 0
-56 -64 0
-56 -88 0
-56 -116 0
-64 -88 0
-64 -116 0
-88 -116 0
-4 -18 0
-4 -31 0
-4 -42 0
-4 -57 0
-4 -65 0
-4 -89 0
-4 -117 0
-18 -31 0
-18 -42 0
-18 -57 0
-18 -65 0
-18 -89 0
-18 -117 0
-31 -42 0
-31 -57 0
-31 -65 0
-31 -89 0
-31 -117 0
-42 -57 0
-42 -65 0
-42 -89 0
-42 -117 0
-57 -65 0
-57 -89 0
-57 -117 0
-65 -89 0
-65 -117 0
-89 -117 0
-5 -19 0
-5 -43 0
-5 -58 0
-5 -66 0
-5 -78 0
-5 -90 0
-5 -104 0
-5 -118 0
-19 -43 0
-19 -58 0
-19 -66 0
-19 -78 0
-19 -90 0
-19 -104 0
-19 -118 0
-43 -58 0
-43 -66 0
-43 -78 0
-43 -90 0
-43 -104 0
-43 -118 0
-58 -66 0
-58 -78 0
-58 -90 0
-58 -104 0
-58 -118 0
-66 -78 0
-66 -90 0
-66 -104 0
-66 -118 0
-78 -90 0
-78 -104 0
-78 -118 0
-90 -104 0
-90 -118 0
-104 -118 0
-6 -44 0
-6 -79 0
-6 -91 0
-6 -119 0
-44 -79 0
-44 -91 0
-44 -119 0
-79 -91 0
-79 -119 0
-91 -119 0
-7 -20 0
-7 -45 0
-7 -67 0
-7 -92 0
-7 -105 0
-7 -120 0
-20 -45 0
-20 -67 0
-20 -92 0
-20 -105 0
-20 -120 0
-45 -67 0
-45 -92 0
-45 -105 0
-45 -120 0
-67 -92 0
-67 -105 0
-67 -120 0
-92 -105 0
-92 -120 0
-105 -120 0
-8 -32 0
-8 -46 0
-8 -68 0
-8 -80 0
-8 -93 0
-8 -106 0
-8 -121 0
-32 -46 0
-32 -68 0
-32 -80 0
-32 -93 0
-32 -106 0
-32 -121 0
-46 -68 0
-46 -80 0
-46 -93 0
-46 -106 0
-46 -121 0
-68 -80 0
-68 -93 0
-68 -106 0
-68 -121 0
-80 -93 0
-80 -106 0
-80 -121 0
-93 -106 0
-93 -121 0
-106 -121 0
-9 -21 0
-9 -33 0
-9 -47 0
-9 -59 0
-9 -69 0
-9 -94 0
-9 -107 0
-9 -122 0
-21 -33 0
-21 -47 0
-21 -59 0
-21 -69 0
-21 -94 0
-21 -107 0
-21 -122 0
-33 -47 0
-33 -59 0
-33 -69 0
-33 -94 0
-33 -107 0
-33 -122 0
-47 -59 0
-47 -69 0
-47 -94 0
-47 -107 0
-47 -122 0
-59 -69 0
-59 -94 0
-59 -107 0
-59 -122 0
-69 -94 0
-69 -107 0
-69 -122 0
-94 -107 0
-94 -122 0
-107 -122 0
-22 -34 0
-22 -48 0
-22 -70 0
-22 -81 0
-22 -95 0
-22 -108 0
-22 -123 0
-34 -48 0
-34 -70 0
-34 -81 0
-34 -95 0
-34 -108 0
-34 -123 0
-48 -70 0
-48 -81 0
-48 -95 0
-48 -108 0
-48 -123 0
-70 -81 0
-70 -95 0
-70 -108 0
-70 -123 0
-81 -95 0
-81 -108 0
-81 -123 0
-95 -108 0
-95 -123 0
-108 -123 0
-10 -23 0
-10 -35 0
-10 -49 0
-10 -60 0
-10 -71 0
-10 -82 0
-10 -96 0
-10 -109 0
-10 -124 0
-23 -35 0
-23 -49 0
-23 -60 0
-23 -71 0
-23 -82 0
-23 -96 0
-23 -109 0
-23 -124 0
-35 -49 0
-35 -60 0
-35 -71 0
-35 -82 0
-35 -96 0
-35 -109 0
-35 -124 0
-49 -60 0
-49 -71 0
-49 -82 0
-49 -96 0
-49 -109 0
-49 -124 0
-60 -71 0
-60 -82 0
-60 -96 0
-60 -109 0
-60 -124 0
-71 -82 0
-71 -96 0
-71 -109 0
-71 -124 0
-82 -96 0
-82 -109 0
-82 -124 0
-96 -109 0
-96 -124 0
-109 -124 0
-11 -24 0
-11 -36 0
-11 -72 0
-11 -83 0
-11 -97 0
-11 -110 0
-24 -36 0
-24 -72 0
-24 -83 0
-24 -97 0
-24 -110 0
-36 -72 0
-36 -83 0
-36 -97 0
-36 -110 0
-72 -83 0
-72 -97 0
-72 -110 0
-83 -97 0
-83 -110 0
-97 -110 0
-12 -25 0
-12 -37 0
-12 -50 0
-12 -61 0
-12 -98 0
-12 -125 0
-25 -37 0
-25 -50 0
-25 -61 0
-25 -98 0
-25 -125 0
-37 -50 0
-37 -61 0
-37 -98 0
-37 -125 0
-50 -61 0
-50 -98 0
-50 -125 0
-61 -98 0
-61 -125 0
-98 -125 0
-13 -38 0
-13 -51 0
-13 -73 0
-13 -84 0
-13 -99 0
-13 -111 0
-13 -126 0
-38 -51 0
-38 -73 0
-38 -84 0
-38 -99 0
-38 -111 0
-38 -126 0
-51 -73 0
-51 -84 0
-51 -99 0
-51 -111 0
-51 -126 0
-73 -84 0
-73 -99 0
-73 -111 0
-73 -126 0
-84 -99 0
-84 -111 0
-84 -126 0
-99 -111 0
-99 -126 0
-111 -126 0
-14 -26 0
-14 -39 0
-14 -52 0
-14 -62 0
-14 -74 0
-14 -85 0
-14 -100 0
-14 -112 0
-14 -127 0
-26 -39 0
-26 -52 0
-26 -62 0
-26 -74 0
-26 -85 0
-26 -100 0
-26 -112 0
-26 -127 0
-39 -52 0
-39 -62 0
-39 -74 0
-39 -85 0
-39 -100 0
-39 -112 0
-39 -127 0
-52 -62 0
-52 -74 0
-52 -85 0
-52 -100 0
-52 -112 0
-52 -127 0
-62 -74 0
-62 -85 0
-62 -100 0
-62 -112 0
-62 -127 0
-74 -85 0
-74 -100 0
-74 -112 0
-74 -127 0
-85 -100 0
-85 -112 0
-85 -127 0
-100 -112 0
-100 -127 0
-112 -127 0
-15 -27 0
-15 -40 0
-15 -53 0
-15 -75 0
-15 -86 0
-15 -101 0
-15 -113 0
-15 -128 0
-27 -40 0
-27 -53 0
-27 -75 0
-27 -86 0
-27 -101 0
-27 -113 0
-27 -128 0
-40 -53 0
-40 -75 0
-40 -86 0
-40 -101 0
-40 -113 0
-40 -128 0
-53 -75 0
-53 -86 0
-53 -101 0
-53 -113 0
-53 -128 0
-75 -86 0
-75 -101 0
-75 -113 0
-75 -128 0
-86 -101 0
-86 -113 0
-86 -128 0
-101 -113 0
-101 -128 0
-113 -128 0
