p cnf 160 612
16 17 18 19 20 21 22 23 24 25 26 27 28 29 30 31 0
50 51 52 53 54 55 56 57 58 59 60 61 62 63 64 65 0
82 83 84 85 86 87 88 89 90 91 92 93 94 95 96 97 0
115 116 117 118 119 120 121 122 123 124 125 126 127 128 129 0
-1 -16 0
-1 -32 0
-1 -50 0
-1 -66 0
-1 -82 0
-1 -98 0
-1 -115 0
-1 -130 0
-1 -145 0
-16 -32 0
-16 -50 0
-16 -66 0
-16 -82 0
-16 -98 0
-16 -115 0
-16 -130 0
-16 -145 0
-32 -50 0
-32 -66 0
-32 -82 0
-32 -98 0
-32 -115 0
-32 -130 0
-32 -145 0
-50 -66 0
-50 -82 0
-50 -98 0
-50 -115 0
-50 -130 0
-50 -145 0
-66 -82 0
-66 -98 0
-66 -115 0
-66 -130 0
-66 -145 0
-82 -98 0
-82 -115 0
-82 -130 0
-82 -145 0
-98 -115 0
-98 -130 0
-98 -145 0
-115 -130 0
-115 -145 0
-130 -145 0
-2 -17 0
-2 -33 0
-2 -51 0
-2 -83 0
-2 -99 0
-2 -116 0
-2 -146 0
-17 -33 0
-17 -51 0
-17 -83 0
-17 -99 0
-17 -116 0
-17 -146 0
-33 -51 0
-33 -83 0
-33 -99 0
-33 -116 0
-33 -146 0
-51 -83 0
-51 -99 0
-51 -116 0
-51 -146 0
-83 -99 0
-83 -116 0
-83 -146 0
-99 -116 0
-99 -146 0
-116 -146 0
-18 -34 0
-18 -52 0
-18 -67 0
-18 -84 0
-18 -100 0
-18 -117 0
-18 -131 0
-18 -147 0
-34 -52 0
-34 -67 0
-34 -84 0
-34 -100 0
-34 -117 0
-34 -131 0
-34 -147 0
-52 -67 0
-52 -84 0
-52 -100 0
-52 -117 0
-52 -131 0
-52 -147 0
-67 -84 0
-67 -100 0
-67 -117 0
-67 -131 0
-67 -147 0
-84 -100 0
-84 -117 0
-84 -131 0
-84 -147 0
-100 -117 0
-100 -131 0
-100 -147 0
-117 -131 0
-117 -147 0
-131 -147 0
-3 -19 0
-3 -35 0
-3 -53 0
-3 -68 0
-3 -85 0
-3 -118 0
-3 -132 0
-3 -148 0
-19 -35 0
-19 -53 0
-19 -68 0
-19 -85 0
-19 -118 0
-19 -132 0
-19 -148 0
-35 -53 0
-35 -68 0
-35 -85 0
-35 -118 0
-35 -132 0
-35 -148 0
-53 -68 0
-53 -85 0
-53 -118 0
-53 -132 0
-53 -148 0
-68 -85 0
-68 -118 0
-68 -132 0
-68 -148 0
-85 -118 0
-85 -132 0
-85 -148 0
-118 -132 0
-118 -148 0
-132 -148 0
-20 -36 0
-20 -54 0
-20 -86 0
-20 -101 0
-20 -119 0
-20 -133 0
-20 -149 0
-36 -54 0
-36 -86 0
-36 -101 0
-36 -119 0
-36 -133 0
-36 -149 0
-54 -86 0
-54 -101 0
-54 -119 0
-54 -133 0
-54 -149 0
-86 -101 0
-86 -119 0
-86 -133 0
-86 -149 0
-101 -119 0
-101 -133 0
-101 -149 0
-119 -133 0
-119 -149 0
-133 -149 0
-4 -21 0
-4 -37 0
-4 -69 0
-4 -102 0
-4 -120 0
-4 -134 0
-4 -150 0
-21 -37 0
-21 -69 0
-21 -102 0
-21 -120 0
-21 -134 0
-21 -150 0
-37 -69 0
-37 -102 0
-37 -120 0
-37 -134 0
-37 -150 0
-69 -102 0
-69 -120 0
-69 -134 0
-69 -150 0
-102 -120 0
-102 -134 0
-102 -150 0
-120 -134 0
-120 -150 0
-134 -150 0
-5 -22 0
-5 -38 0
-5 -55 0
-5 -70 0
-5 -87 0
-5 -103 0
-22 -38 0
-22 -55 0
-22 -70 0
-22 -87 0
-22 -103 0
-38 -55 0
-38 -70 0
-38 -87 0
-38 -103 0
-55 -70 0
-55 -87 0
-55 -103 0
-70 -87 0
-70 -103 0
-87 -103 0
-6 -23 0
-6 -39 0
-6 -56 0
-6 -71 0
-6 -88 0
-6 -104 0
-6 -121 0
-6 -135 0
-23 -39 0
-23 -56 0
-23 -71 0
-23 -88 0
-23 -104 0
-23 -121 0
-23 -135 0
-39 -56 0
-39 -71 0
-39 -88 0
-39 -104 0
-39 -121 0
-39 -135 0
-56 -71 0
-56 -88 0
-56 -104 0
-56 -121 0
-56 -135 0
-71 -88 0
-71 -104 0
-71 -121 0
-71 -135 0
-88 -104 0
-88 -121 0
-88 -135 0
-104 -121 0
-104 -135 0
-121 -135 0
-7 -40 0
-7 -72 0
-7 -89 0
-7 -105 0
-7 -122 0
-7 -151 0
-40 -72 0
-40 -89 0
-40 -105 0
-40 -122 0
-40 -151 0
-72 -89 0
-72 -105 0
-72 -122 0
-72 -151 0
-89 -105 0
-89 -122 0
-89 -151 0
-105 -122 0
-105 -151 0
-122 -151 0
-8 -41 0
-8 -57 0
-8 -73 0
-8 -90 0
-8 -106 0
-8 -123 0
-8 -136 0
-8 -152 0
-41 -57 0
-41 -73 0
-41 -90 0
-41 -106 0
-41 -123 0
-41 -136 0
-41 -152 0
-57 -73 0
-57 -90 0
-57 -106 0
-57 -123 0
-57 -136 0
-57 -152 0
-73 -90 0
-73 -106 0
-73 -123 0
-73 -136 0
-73 -152 0
-90 -106 0
-90 -123 0
-90 -136 0
-90 -152 0
-106 -123 0
-106 -136 0
-106 -152 0
-123 -136 0
-123 -152 0
-136 -152 0
-24 -42 0
-24 -58 0
-24 -74 0
-24 -91 0
-24 -107 0
-24 -124 0
-24 -137 0
-24 -153 0
-42 -58 0
-42 -74 0
-42 -91 0
-42 -107 0
-42 -124 0
-42 -137 0
-42 -153 0
-58 -74 0
-58 -91 0
-58 -107 0
-58 -124 0
-58 -137 0
-58 -153 0
-74 -91 0
-74 -107 0
-74 -124 0
-74 -137 0
-74 -153 0
-91 -107 0
-91 -124 0
-91 -137 0
-91 -153 0
-107 -124 0
-107 -137 0
-107 -153 0
-124 -137 0
-124 -153 0
-137 -153 0
-9 -25 0
-9 -108 0
-9 -125 0
-9 -154 0
-25 -108 0
-25 -125 0
-25 -154 0
-108 -125 0
-108 -154 0
-125 -154 0
-10 -26 0
-10 -43 0
-10 -59 0
-10 -75 0
-10 -92 0
-10 -109 0
-10 -138 0
-10 -155 0
-26 -43 0
-26 -59 0
-26 -75 0
-26 -92 0
-26 -109 0
-26 -138 0
-26 -155 0
-43 -59 0
-43 -75 0
-43 -92 0
-43 -109 0
-43 -138 0
-43 -155 0
-59 -75 0
-59 -92 0
-59 -109 0
-59 -138 0
-59 -155 0
-75 -92 0
-75 -109 0
-75 -138 0
-75 -155 0
-92 -109 0
-92 -138 0
-92 -155 0
-109 -138 0
-109 -155 0
-138 -155 0
-11 -27 0
-11 -44 0
-11 -60 0
-11 -76 0
-11 -93 0
-11 -110 0
-11 -126 0
-11 -139 0
-11 -156 0
-27 -44 0
-27 -60 0
-27 -76 0
-27 -93 0
-27 -110 0
-27 -126 0
-27 -139 0
-27 -156 0
-44 -60 0
-44 -76 0
-44 -93 0
-44 -110 0
-44 -126 0
-44 -139 0
-44 -156 0
-60 -76 0
-60 -93 0
-60 -110 0
-60 -126 0
-60 -139 0
-60 -156 0
-76 -93 0
-76 -110 0
-76 -126 0
-76 -139 0
-76 -156 0
-93 -110 0
-93 -126 0
-93 -139 0
-93 -156 0
-110 -126 0
-110 -139 0
-110 -156 0
-126 -139 0
-126 -156 0
-139 -156 0
-12 -28 0
-12 -45 0
-12 -61 0
-12 -77 0
-12 -94 0
-12 -111 0
-12 -127 0
-12 -140 0
-12 -157 0
-28 -45 0
-28 -61 0
-28 -77 0
-28 -94 0
-28 -111 0
-28 -127 0
-28 -140 0
-28 -157 0
-45 -61 0
-45 -77 0
-45 -94 0
-45 -111 0
-45 -127 0
-45 -140 0
-45 -157 0
-61 -77 0
-61 -94 0
-61 -111 0
-61 -127 0
-61 -140 0
-61 -157 0
-77 -94 0
-77 -111 0
-77 -127 0
-77 -140 0
-77 -157 0
-94 -111 0
-94 -127 0
-94 -140 0
-94 -157 0
-111 -127 0
-111 -140 0
-111 -157 0
-127 -140 0
-127 -157 0
-140 -157 0
-13 -29 0
-13 -46 0
-13 -62 0
-13 -78 0
-13 -95 0
-13 -112 0
-13 -128 0
-13 -141 0
-29 -46 0
-29 -62 0
-29 -78 0
-29 -95 0
-29 -112 0
-29 -128 0
-29 -141 0
-46 -62 0
-46 -78 0
-46 -95 0
-46 -112 0
-46 -128 0
-46 -141 0
-62 -78 0
-62 -95 0
-62 -112 0
-62 -128 0
-62 -141 0
-78 -95 0
-78 -112 0
-78 -128 0
-78 -141 0
-95 -112 0
-95 -128 0
-95 -141 0
-112 -128 0
-112 -141 0
-128 -141 0
-14 -30 0
-14 -47 0
-14 -63 0
-14 -79 0
-14 -113 0
-14 -142 0
-14 -158 0
-30 -47 0
-30 -63 0
-30 -79 0
-30 -113 0
-30 -142 0
-30 -158 0
-47 -63 0
-47 -79 0
-47 -113 0
-47 -142 0
-47 -158 0
-63 -79 0
-63 -113 0
-63 -142 0
-63 -158 0
-79 -113 0
-79 -142 0
-79 -158 0
-113 -142 0
-113 -158 0
-142 -158 0
-15 -31 0
-15 -48 0
-15 -64 0
-15 -80 0
-15 -96 0
-15 -129 0
-15 -143 0
-15 -159 0
-31 -48 0
-31 -64 0
-31 -80 0
-31 -96 0
-31 -129 0
-31 -143 0
-31 -159 0
-48 -64 0
-48 -80 0
-48 -96 0
-48 -129 0
-48 -143 0
-48 -159 0
-64 -80 0
-64 -96 0
-64 -129 0
-64 -143 0
-64 -159 0
-80 -96 0
-80 -129 0
-80 -143 0
-80 -159 0
-96 -129 0
-96 -143 0
-96 -159 0
-129 -143 0
-129 -159 0
-143 -159 0
-49 -65 0
-49 -81 0
-49 -97 0
-49 -114 0
-49 -144 0
-49 -160 0
-65 -81 0
-65 -97 0
-65 -114 0
-65 -144 0
-65 -160 0
-81 -97 0
-81 -114 0
-81 -144 0
-81 -160 0
-97 -114 0
-97 -144 0
-97 -160 0
-114 -144 0
-114 -160 0
-144 -160 0
