p cnf 28 122
1 -2 0
-1 2 0
3 4 5 6 7 -8 0
3 4 5 6 -7 8 0
3 4 5 -6 7 8 0
3 4 5 -6 -7 -8 0
3 4 -5 6 7 8 0
3 4 -5 6 -7 -8 0
3 4 -5 -6 7 -8 0
3 4 -5 -6 -7 8 0
3 -4 5 6 7 8 0
3 -4 5 6 -7 -8 0
3 -4 5 -6 7 -8 0
3 -4 5 -6 -7 8 0
3 -4 -5 6 7 -8 0
3 -4 -5 6 -7 8 0
3 -4 -5 -6 7 8 0
3 -4 -5 -6 -7 -8 0
-3 4 5 6 7 8 0
-3 4 5 6 -7 -8 0
-3 4 5 -6 7 -8 0
-3 4 5 -6 -7 8 0
-3 4 -5 6 7 -8 0
-3 4 -5 6 -7 8 0
-3 4 -5 -6 7 8 0
-3 4 -5 -6 -7 -8 0
-3 -4 5 6 7 -8 0
-3 -4 5 6 -7 8 0
-3 -4 5 -6 7 8 0
-3 -4 5 -6 -7 -8 0
-3 -4 -5 6 7 8 0
-3 -4 -5 6 -7 -8 0
-3 -4 -5 -6 7 -8 0
-3 -4 -5 -6 -7 8 0
9 10 11 12 0
9 10 -11 -12 0
9 -10 11 -12 0
9 -10 -11 12 0
-9 10 11 -12 0
-9 10 -11 12 0
-9 -10 11 12 0
-9 -10 -11 -12 0
1 3 13 14 0
1 3 -13 -14 0
1 -3 13 -14 0
1 -3 -13 14 0
-1 3 13 -14 0
-1 3 -13 14 0
-1 -3 13 14 0
-1 -3 -13 -14 0
4 9 -15 0
4 -9 15 0
-4 9 15 0
-4 -9 -15 0
5 10 16 -17 0
5 10 -16 17 0
5 -10 16 17 0
5 -10 -16 -17 0
-5 10 16 17 0
-5 10 -16 -17 0
-5 -10 16 -17 0
-5 -10 -16 17 0
6 18 19 0
6 -18 -19 0
-6 18 -19 0
-6 -18 19 0
11 16 -20 0
11 -16 20 0
-11 16 20 0
-11 -16 -20 0
7 18 21 -22 0
7 18 -21 22 0
7 -18 21 22 0
7 -18 -21 -22 0
-7 18 21 22 0
-7 18 -21 -22 0
-7 -18 21 -22 0
-7 -18 -21 22 0
21 23 24 0
21 -23 -24 0
-21 23 -24 0
-21 -23 24 0
25 -26 0
-25 26 0
22 -27 0
-22 27 0
2 12 13 -17 0
2 12 -13 17 0
2 -12 13 17 0
2 -12 -13 -17 0
-2 12 13 17 0
-2 12 -13 -17 0
-2 -12 13 -17 0
-2 -12 -13 17 0
14 15 19 25 -27 0
14 15 19 -25 27 0
14 15 -19 25 27 0
14 15 -19 -25 -27 0
14 -15 19 25 27 0
14 -15 19 -25 -27 0
14 -15 -19 25 -27 0
14 -15 -19 -25 27 0
-14 15 19 25 27 0
-14 15 19 -25 -27 0
-14 15 -19 25 -27 0
-14 15 -19 -25 27 0
-14 -15 19 25 -27 0
-14 -15 19 -25 27 0
-14 -15 -19 25 27 0
-14 -15 -19 -25 -27 0
20 23 -28 0
20 -23 28 0
-20 23 28 0
-20 -23 -28 0
8 24 26 -28 0
8 24 -26 28 0
8 -24 26 28 0
8 -24 -26 -28 0
-8 24 26 28 0
-8 24 -26 -28 0
-8 -24 26 -28 0
-8 -24 -26 28 0
