p cnf 129 504
1 2 3 4 5 6 7 8 9 10 11 12 0
26 27 28 29 30 31 32 33 34 35 36 37 0
38 39 40 41 42 43 44 45 46 47 48 49 50 0
51 52 53 54 55 56 57 58 59 60 61 62 63 64 0
90 91 92 93 94 95 96 97 98 99 100 101 102 0
103 104 105 106 107 108 109 110 111 112 113 114 115 116 0
-1 -13 0
-1 -26 0
-1 -38 0
-1 -51 0
-1 -65 0
-1 -79 0
-1 -103 0
-1 -117 0
-13 -26 0
-13 -38 0
-13 -51 0
-13 -65 0
-13 -79 0
-13 -103 0
-13 -117 0
-26 -38 0
-26 -51 0
-26 -65 0
-26 -79 0
-26 -103 0
-26 -117 0
-38 -51 0
-38 -65 0
-38 -79 0
-38 -103 0
-38 -117 0
-51 -65 0
-51 -79 0
-51 -103 0
-51 -117 0
-65 -79 0
-65 -103 0
-65 -117 0
-79 -103 0
-79 -117 0
-103 -117 0
-2 -14 0
-2 -27 0
-2 -39 0
-2 -52 0
-2 -66 0
-2 -90 0
-2 -104 0
-2 -118 0
-14 -27 0
-14 -39 0
-14 -52 0
-14 -66 0
-14 -90 0
-14 -104 0
-14 -118 0
-27 -39 0
-27 -52 0
-27 -66 0
-27 -90 0
-27 -104 0
-27 -118 0
-39 -52 0
-39 -66 0
-39 -90 0
-39 -104 0
-39 -118 0
-52 -66 0
-52 -90 0
-52 -104 0
-52 -118 0
-66 -90 0
-66 -104 0
-66 -118 0
-90 -104 0
-90 -118 0
-104 -118 0
-15 -28 0
-15 -53 0
-15 -67 0
-15 -80 0
-15 -91 0
-15 -105 0
-15 -119 0
-28 -53 0
-28 -67 0
-28 -80 0
-28 -91 0
-28 -105 0
-28 -119 0
-53 -67 0
-53 -80 0
-53 -91 0
-53 -105 0
-53 -119 0
-67 -80 0
-67 -91 0
-67 -105 0
-67 -119 0
-80 -91 0
-80 -105 0
-80 -119 0
-91 -105 0
-91 -119 0
-105 -119 0
-3 -16 0
-3 -29 0
-3 -54 0
-3 -81 0
-3 -92 0
-3 -106 0
-16 -29 0
-16 -54 0
-16 -81 0
-16 -92 0
-16 -106 0
-29 -54 0
-29 -81 0
-29 -92 0
-29 -106 0
-54 -81 0
-54 -92 0
-54 -106 0
-81 -92 0
-81 -106 0
-92 -106 0
-4 -17 0
-4 -30 0
-4 -40 0
-4 -55 0
-4 -68 0
-4 -82 0
-4 -93 0
-4 -107 0
-4 -120 0
-17 -30 0
-17 -40 0
-17 -55 0
-17 -68 0
-17 -82 0
-17 -93 0
-17 -107 0
-17 -120 0
-30 -40 0
-30 -55 0
-30 -68 0
-30 -82 0
-30 -93 0
-30 -107 0
-30 -120 0
-40 -55 0
-40 -68 0
-40 -82 0
-40 -93 0
-40 -107 0
-40 -120 0
-55 -68 0
-55 -82 0
-55 -93 0
-55 -107 0
-55 -120 0
-68 -82 0
-68 -93 0
-68 -107 0
-68 -120 0
-82 -93 0
-82 -107 0
-82 -120 0
-93 -107 0
-93 -120 0
-107 -120 0
-5 -18 0
-5 -31 0
-5 -41 0
-5 -56 0
-5 -69 0
-5 -83 0
-5 -94 0
-5 -108 0
-5 -121 0
-18 -31 0
-18 -41 0
-18 -56 0
-18 -69 0
-18 -83 0
-18 -94 0
-18 -108 0
-18 -121 0
-31 -41 0
-31 -56 0
-31 -69 0
-31 -83 0
-31 -94 0
-31 -108 0
-31 -121 0
-41 -56 0
-41 -69 0
-41 -83 0
-41 -94 0
-41 -108 0
-41 -121 0
-56 -69 0
-56 -83 0
-56 -94 0
-56 -108 0
-56 -121 0
-69 -83 0
-69 -94 0
-69 -108 0
-69 -121 0
-83 -94 0
-83 -108 0
-83 -121 0
-94 -108 0
-94 -121 0
-108 -121 0
-6 -19 0
-6 -32 0
-6 -42 0
-6 -70 0
-6 -84 0
-6 -95 0
-6 -109 0
-6 -122 0
-19 -32 0
-19 -42 0
-19 -70 0
-19 -84 0
-19 -95 0
-19 -109 0
-19 -122 0
-32 -42 0
-32 -70 0
-32 -84 0
-32 -95 0
-32 -109 0
-32 -122 0
-42 -70 0
-42 -84 0
-42 -95 0
-42 -109 0
-42 -122 0
-70 -84 0
-70 -95 0
-70 -109 0
-70 -122 0
-84 -95 0
-84 -109 0
-84 -122 0
-95 -109 0
-95 -122 0
-109 -122 0
-7 -20 0
-7 -43 0
-7 -57 0
-7 -71 0
-7 -96 0
-7 -110 0
-20 -43 0
-20 -57 0
-20 -71 0
-20 -96 0
-20 -110 0
-43 -57 0
-43 -71 0
-43 -96 0
-43 -110 0
-57 -71 0
-57 -96 0
-57 -110 0
-71 -96 0
-71 -110 0
-96 -110 0
-8 -33 0
-8 -44 0
-8 -58 0
-8 -72 0
-8 -85 0
-8 -97 0
-8 -111 0
-8 -123 0
-33 -44 0
-33 -58 0
-33 -72 0
-33 -85 0
-33 -97 0
-33 -111 0
-33 -123 0
-44 -58 0
-44 -72 0
-44 -85 0
-44 -97 0
-44 -111 0
-44 -123 0
-58 -72 0
-58 -85 0
-58 -97 0
-58 -111 0
-58 -123 0
-72 -85 0
-72 -97 0
-72 -111 0
-72 -123 0
-85 -97 0
-85 -111 0
-85 -123 0
-97 -111 0
-97 -123 0
-111 -123 0
-9 -21 0
-9 -45 0
-9 -59 0
-9 -73 0
-9 -86 0
-9 -98 0
-9 -112 0
-9 -124 0
-21 -45 0
-21 -59 0
-21 -73 0
-21 -86 0
-21 -98 0
-21 -112 0
-21 -124 0
-45 -59 0
-45 -73 0
-45 -86 0
-45 -98 0
-45 -112 0
-45 -124 0
-59 -73 0
-59 -86 0
-59 -98 0
-59 -112 0
-59 -124 0
-73 -86 0
-73 -98 0
-73 -112 0
-73 -124 0
-86 -98 0
-86 -112 0
-86 -124 0
-98 -112 0
-98 -124 0
-112 -124 0
-22 -34 0
-22 -46 0
-22 -60 0
-22 -74 0
-22 -99 0
-22 -125 0
-34 -46 0
-34 -60 0
-34 -74 0
-34 -99 0
-34 -125 0
-46 -60 0
-46 -74 0
-46 -99 0
-46 -125 0
-60 -74 0
-60 -99 0
-60 -125 0
-74 -99 0
-74 -125 0
-99 -125 0
-35 -47 0
-35 -61 0
-35 -75 0
-35 -87 0
-35 -100 0
-35 -113 0
-35 -126 0
-47 -61 0
-47 -75 0
-47 -87 0
-47 -100 0
-47 -113 0
-47 -126 0
-61 -75 0
-61 -87 0
-61 -100 0
-61 -113 0
-61 -126 0
-75 -87 0
-75 -100 0
-75 -113 0
-75 -126 0
-87 -100 0
-87 -113 0
-87 -126 0
-100 -113 0
-100 -126 0
-113 -126 0
-10 -23 0
-10 -36 0
-10 -48 0
-10 -62 0
-10 -76 0
-10 -101 0
-10 -114 0
-10 -127 0
-23 -36 0
-23 -48 0
-23 -62 0
-23 -76 0
-23 -101 0
-23 -114 0
-23 -127 0
-36 -48 0
-36 -62 0
-36 -76 0
-36 -101 0
-36 -114 0
-36 -127 0
-48 -62 0
-48 -76 0
-48 -101 0
-48 -114 0
-48 -127 0
-62 -76 0
-62 -101 0
-62 -114 0
-62 -127 0
-76 -101 0
-76 -114 0
-76 -127 0
-101 -114 0
-101 -127 0
-114 -127 0
-11 -24 0
-11 -37 0
-11 -49 0
-11 -63 0
-11 -77 0
-11 -88 0
-11 -102 0
-11 -115 0
-11 -128 0
-24 -37 0
-24 -49 0
-24 -63 0
-24 -77 0
-24 -88 0
-24 -102 0
-24 -115 0
-24 -128 0
-37 -49 0
-37 -63 0
-37 -77 0
-37 -88 0
-37 -102 0
-37 -115 0
-37 -128 0
-49 -63 0
-49 -77 0
-49 -88 0
-49 -102 0
-49 -115 0
-49 -128 0
-63 -77 0
-63 -88 0
-63 -102 0
-63 -115 0
-63 -128 0
-77 -88 0
-77 -102 0
-77 -115 0
-77 -128 0
-88 -102 0
-88 -115 0
-88 -128 0
-102 -115 0
-102 -128 0
-115 -128 0
-12 -25 0
-12 -50 0
-12 -64 0
-12 -78 0
-12 -89 0
-12 -116 0
-12 -129 0
-25 -50 0
-25 -64 0
-25 -78 0
-25 -89 0
-25 -116 0
-25 -129 0
-50 -64 0
-50 -78 0
-50 -89 0
-50 -116 0
-50 -129 0
-64 -78 0
-64 -89 0
-64 -116 0
-64 -129 0
-78 -89 0
-78 -116 0
-78 -129 0
-89 -116 0
-89 -129 0
-116 -129 0
