p cnf 32 198
1 2 -3 0
1 -2 3 0
-1 2 3 0
-1 -2 -3 0
1 4 5 6 7 8 -9 0
1 4 5 6 7 -8 9 0
1 4 5 6 -7 8 9 0
1 4 5 6 -7 -8 -9 0
1 4 5 -6 7 8 9 0
1 4 5 -6 7 -8 -9 0
1 4 5 -6 -7 8 -9 0
1 4 5 -6 -7 -8 9 0
1 4 -5 6 7 8 9 0
1 4 -5 6 7 -8 -9 0
1 4 -5 6 -7 8 -9 0
1 4 -5 6 -7 -8 9 0
1 4 -5 -6 7 8 -9 0
1 4 -5 -6 7 -8 9 0
1 4 -5 -6 -7 8 9 0
1 4 -5 -6 -7 -8 -9 0
1 -4 5 6 7 8 9 0
1 -4 5 6 7 -8 -9 0
1 -4 5 6 -7 8 -9 0
1 -4 5 6 -7 -8 9 0
1 -4 5 -6 7 8 -9 0
1 -4 5 -6 7 -8 9 0
1 -4 5 -6 -7 8 9 0
1 -4 5 -6 -7 -8 -9 0
1 -4 -5 6 7 8 -9 0
1 -4 -5 6 7 -8 9 0
1 -4 -5 6 -7 8 9 0
1 -4 -5 6 -7 -8 -9 0
1 -4 -5 -6 7 8 9 0
1 -4 -5 -6 7 -8 -9 0
1 -4 -5 -6 -7 8 -9 0
1 -4 -5 -6 -7 -8 9 0
-1 4 5 6 7 8 9 0
-1 4 5 6 7 -8 -9 0
-1 4 5 6 -7 8 -9 0
-1 4 5 6 -7 -8 9 0
-1 4 5 -6 7 8 -9 0
-1 4 5 -6 7 -8 9 0
-1 4 5 -6 -7 8 9 0
-1 4 5 -6 -7 -8 -9 0
-1 4 -5 6 7 8 -9 0
-1 4 -5 6 7 -8 9 0
-1 4 -5 6 -7 8 9 0
-1 4 -5 6 -7 -8 -9 0
-1 4 -5 -6 7 8 9 0
-1 4 -5 -6 7 -8 -9 0
-1 4 -5 -6 -7 8 -9 0
-1 4 -5 -6 -7 -8 9 0
-1 -4 5 6 7 8 -9 0
-1 -4 5 6 7 -8 9 0
-1 -4 5 6 -7 8 9 0
-1 -4 5 6 -7 -8 -9 0
-1 -4 5 -6 7 8 9 0
-1 -4 5 -6 7 -8 -9 0
-1 -4 5 -6 -7 8 -9 0
-1 -4 5 -6 -7 -8 9 0
-1 -4 -5 6 7 8 9 0
-1 -4 -5 6 7 -8 -9 0
-1 -4 -5 6 -7 8 -9 0
-1 -4 -5 6 -7 -8 9 0
-1 -4 -5 -6 7 8 -9 0
-1 -4 -5 -6 7 -8 9 0
-1 -4 -5 -6 -7 8 9 0
-1 -4 -5 -6 -7 -8 -9 0
10 11 12 13 0
10 11 -12 -13 0
10 -11 12 -13 0
10 -11 -12 13 0
-10 11 12 -13 0
-10 11 -12 13 0
-10 -11 12 13 0
-10 -11 -12 -13 0
2 4 14 15 -16 0
2 4 14 -15 16 0
2 4 -14 15 16 0
2 4 -14 -15 -16 0
2 -4 14 15 16 0
2 -4 14 -15 -16 0
2 -4 -14 15 -16 0
2 -4 -14 -15 16 0
-2 4 14 15 16 0
-2 4 14 -15 -16 0
-2 4 -14 15 -16 0
-2 4 -14 -15 16 0
-2 -4 14 15 -16 0
-2 -4 14 -15 16 0
-2 -4 -14 15 16 0
-2 -4 -14 -15 -16 0
5 10 -17 0
5 -10 17 0
-5 10 17 0
-5 -10 -17 0
6 11 18 -19 0
6 11 -18 19 0
6 -11 18 19 0
6 -11 -18 -19 0
-6 11 18 19 0
-6 11 -18 -19 0
-6 -11 18 -19 0
-6 -11 -18 19 0
7 20 21 0
7 -20 -21 0
-7 20 -21 0
-7 -20 21 0
12 18 -22 0
12 -18 22 0
-12 18 22 0
-12 -18 -22 0
8 14 20 23 24 -25 0
8 14 20 23 -24 25 0
8 14 20 -23 24 25 0
8 14 20 -23 -24 -25 0
8 14 -20 23 24 25 0
8 14 -20 23 -24 -25 0
8 14 -20 -23 24 -25 0
8 14 -20 -23 -24 25 0
8 -14 20 23 24 25 0
8 -14 20 23 -24 -25 0
8 -14 20 -23 24 -25 0
8 -14 20 -23 -24 25 0
8 -14 -20 23 24 -25 0
8 -14 -20 23 -24 25 0
8 -14 -20 -23 24 25 0
8 -14 -20 -23 -24 -25 0
-8 14 20 23 24 25 0
-8 14 20 23 -24 -25 0
-8 14 20 -23 24 -25 0
-8 14 20 -23 -24 25 0
-8 14 -20 23 24 -25 0
-8 14 -20 23 -24 25 0
-8 14 -20 -23 24 25 0
-8 14 -20 -23 -24 -25 0
-8 -14 20 23 24 -25 0
-8 -14 20 23 -24 25 0
-8 -14 20 -23 24 25 0
-8 -14 20 -23 -24 -25 0
-8 -14 -20 23 24 25 0
-8 -14 -20 23 -24 -25 0
-8 -14 -20 -23 24 -25 0
-8 -14 -20 -23 -24 25 0
23 26 27 0
23 -26 -27 0
-23 26 -27 0
-23 -26 27 0
24 -28 0
-24 28 0
29 -30 0
-29 30 0
25 -31 0
-25 31 0
3 13 15 19 28 0
3 13 15 -19 -28 0
3 13 -15 19 -28 0
3 13 -15 -19 28 0
3 -13 15 19 -28 0
3 -13 15 -19 28 0
3 -13 -15 19 28 0
3 -13 -15 -19 -28 0
-3 13 15 19 -28 0
-3 13 15 -19 28 0
-3 13 -15 19 28 0
-3 13 -15 -19 -28 0
-3 -13 15 19 28 0
-3 -13 15 -19 -28 0
-3 -13 -15 19 -28 0
-3 -13 -15 -19 28 0
16 17 21 29 -31 0
16 17 21 -29 31 0
16 17 -21 29 31 0
16 17 -21 -29 -31 0
16 -17 21 29 31 0
16 -17 21 -29 -31 0
16 -17 -21 29 -31 0
16 -17 -21 -29 31 0
-16 17 21 29 31 0
-16 17 21 -29 -31 0
-16 17 -21 29 -31 0
-16 17 -21 -29 31 0
-16 -17 21 29 -31 0
-16 -17 21 -29 31 0
-16 -17 -21 29 31 0
-16 -17 -21 -29 -31 0
22 26 -32 0
22 -26 32 0
-22 26 32 0
-22 -26 -32 0
9 27 30 -32 0
9 27 -30 32 0
9 -27 30 32 0
9 -27 -30 -32 0
-9 27 30 32 0
-9 27 -30 -32 0
-9 -27 30 -32 0
-9 -27 -30 32 0
