p cnf 101 381
43 44 45 46 47 48 49 50 51 0
-1 -24 0
-1 -52 0
-1 -62 0
-1 -71 0
-1 -82 0
-1 -92 0
-24 -52 0
-24 -62 0
-24 -71 0
-24 -82 0
-24 -92 0
-52 -62 0
-52 -71 0
-52 -82 0
-52 -92 0
-62 -71 0
-62 -82 0
-62 -92 0
-71 -82 0
-71 -92 0
-82 -92 0
-2 -13 0
-2 -25 0
-2 -36 0
-2 -43 0
-2 -53 0
-2 -72 0
-2 -83 0
-2 -93 0
-13 -25 0
-13 -36 0
-13 -43 0
-13 -53 0
-13 -72 0
-13 -83 0
-13 -93 0
-25 -36 0
-25 -43 0
-25 -53 0
-25 -72 0
-25 -83 0
-25 -93 0
-36 -43 0
-36 -53 0
-36 -72 0
-36 -83 0
-36 -93 0
-43 -53 0
-43 -72 0
-43 -83 0
-43 -93 0
-53 -72 0
-53 -83 0
-53 -93 0
-72 -83 0
-72 -93 0
-83 -93 0
-3 -14 0
-3 -26 0
-3 -37 0
-3 -44 0
-3 -54 0
-3 -63 0
-3 -84 0
-3 -94 0
-14 -26 0
-14 -37 0
-14 -44 0
-14 -54 0
-14 -63 0
-14 -84 0
-14 -94 0
-26 -37 0
-26 -44 0
-26 -54 0
-26 -63 0
-26 -84 0
-26 -94 0
-37 -44 0
-37 -54 0
-37 -63 0
-37 -84 0
-37 -94 0
-44 -54 0
-44 -63 0
-44 -84 0
-44 -94 0
-54 -63 0
-54 -84 0
-54 -94 0
-63 -84 0
-63 -94 0
-84 -94 0
-4 -15 0
-4 -27 0
-4 -45 0
-4 -55 0
-4 -73 0
-4 -85 0
-4 -95 0
-15 -27 0
-15 -45 0
-15 -55 0
-15 -73 0
-15 -85 0
-15 -95 0
-27 -45 0
-27 -55 0
-27 -73 0
-27 -85 0
-27 -95 0
-45 -55 0
-45 -73 0
-45 -85 0
-45 -95 0
-55 -73 0
-55 -85 0
-55 -95 0
-73 -85 0
-73 -95 0
-85 -95 0
-5 -16 0
-5 -28 0
-5 -56 0
-5 -64 0
-5 -74 0
-5 -86 0
-5 -96 0
-16 -28 0
-16 -56 0
-16 -64 0
-16 -74 0
-16 -86 0
-16 -96 0
-28 -56 0
-28 -64 0
-28 -74 0
-28 -86 0
-28 -96 0
-56 -64 0
-56 -74 0
-56 -86 0
-56 -96 0
-64 -74 0
-64 -86 0
-64 -96 0
-74 -86 0
-74 -96 0
-86 -96 0
-6 -17 0
-6 -29 0
-6 -38 0
-6 -46 0
-6 -57 0
-6 -65 0
-6 -75 0
-6 -87 0
-6 -97 0
-17 -29 0
-17 -38 0
-17 -46 0
-17 -57 0
-17 -65 0
-17 -75 0
-17 -87 0
-17 -97 0
-29 -38 0
-29 -46 0
-29 -57 0
-29 -65 0
-29 -75 0
-29 -87 0
-29 -97 0
-38 -46 0
-38 -57 0
-38 -65 0
-38 -75 0
-38 -87 0
-38 -97 0
-46 -57 0
-46 -65 0
-46 -75 0
-46 -87 0
-46 -97 0
-57 -65 0
-57 -75 0
-57 -87 0
-57 -97 0
-65 -75 0
-65 -87 0
-65 -97 0
-75 -87 0
-75 -97 0
-87 -97 0
-7 -18 0
-7 -30 0
-7 -39 0
-7 -47 0
-7 -66 0
-7 -76 0
-7 -88 0
-7 -98 0
-18 -30 0
-18 -39 0
-18 -47 0
-18 -66 0
-18 -76 0
-18 -88 0
-18 -98 0
-30 -39 0
-30 -47 0
-30 -66 0
-30 -76 0
-30 -88 0
-30 -98 0
-39 -47 0
-39 -66 0
-39 -76 0
-39 -88 0
-39 -98 0
-47 -66 0
-47 -76 0
-47 -88 0
-47 -98 0
-66 -76 0
-66 -88 0
-66 -98 0
-76 -88 0
-76 -98 0
-88 -98 0
-8 -19 0
-8 -31 0
-8 -48 0
-8 -58 0
-8 -77 0
-8 -89 0
-8 -99 0
-19 -31 0
-19 -48 0
-19 -58 0
-19 -77 0
-19 -89 0
-19 -99 0
-31 -48 0
-31 -58 0
-31 -77 0
-31 -89 0
-31 -99 0
-48 -58 0
-48 -77 0
-48 -89 0
-48 -99 0
-58 -77 0
-58 -89 0
-58 -99 0
-77 -89 0
-77 -99 0
-89 -99 0
-9 -20 0
-9 -32 0
-9 -49 0
-9 -67 0
-9 -78 0
-9 -100 0
-20 -32 0
-20 -49 0
-20 -67 0
-20 -78 0
-20 -100 0
-32 -49 0
-32 -67 0
-32 -78 0
-32 -100 0
-49 -67 0
-49 -78 0
-49 -100 0
-67 -78 0
-67 -100 0
-78 -100 0
-10 -21 0
-10 -33 0
-10 -40 0
-10 -50 0
-10 -59 0
-10 -68 0
-10 -79 0
-10 -90 0
-10 -101 0
-21 -33 0
-21 -40 0
-21 -50 0
-21 -59 0
-21 -68 0
-21 -79 0
-21 -90 0
-21 -101 0
-33 -40 0
-33 -50 0
-33 -59 0
-33 -68 0
-33 -79 0
-33 -90 0
-33 -101 0
-40 -50 0
-40 -59 0
-40 -68 0
-40 -79 0
-40 -90 0
-40 -101 0
-50 -59 0
-50 -68 0
-50 -79 0
-50 -90 0
-50 -101 0
-59 -68 0
-59 -79 0
-59 -90 0
-59 -101 0
-68 -79 0
-68 -90 0
-68 -101 0
-79 -90 0
-79 -101 0
-90 -101 0
-11 -22 0
-11 -34 0
-11 -41 0
-11 -60 0
-11 -69 0
-11 -80 0
-11 -91 0
-22 -34 0
-22 -41 0
-22 -60 0
-22 -69 0
-22 -80 0
-22 -91 0
-34 -41 0
-34 -60 0
-34 -69 0
-34 -80 0
-34 -91 0
-41 -60 0
-41 -69 0
-41 -80 0
-41 -91 0
-60 -69 0
-60 -80 0
-60 -91 0
-69 -80 0
-69 -91 0
-80 -91 0
-12 -23 0
-12 -35 0
-12 -42 0
-12 -51 0
-12 -61 0
-12 -70 0
-12 -81 0
-23 -35 0
-23 -42 0
-23 -51 0
-23 -61 0
-23 -70 0
-23 -81 0
-35 -42 0
-35 -51 0
-35 -61 0
-35 -70 0
-35 -81 0
-42 -51 0
-42 -61 0
-42 -70 0
-42 -81 0
-51 -61 0
-51 -70 0
-51 -81 0
-61 -70 0
-61 -81 0
-70 -81 0
