p cnf 52 248
-1 -2 0
-1 -3 0
-1 -4 0
-2 -3 0
-2 -4 0
-3 -4 0
1 2 3 4 0
-5 -6 0
-5 -7 0
-6 -7 0
5 6 7 0
-8 -9 0
-8 -10 0
-8 -11 0
-8 -12 0
-8 -13 0
-9 -10 0
-9 -11 0
-9 -12 0
-9 -13 0
-10 -11 0
-10 -12 0
-10 -13 0
-11 -12 0
-11 -13 0
-12 -13 0
8 9 10 11 12 13 0
-1 -5 0
-1 -8 0
-1 -14 0
-1 -15 0
-1 -16 0
-1 -17 0
-1 -18 0
-1 -19 0
-5 -8 0
-5 -14 0
-5 -15 0
-5 -16 0
-5 -17 0
-5 -18 0
-5 -19 0
-8 -14 0
-8 -15 0
-8 -16 0
-8 -17 0
-8 -18 0
-8 -19 0
-14 -15 0
-14 -16 0
-14 -17 0
-14 -18 0
-14 -19 0
-15 -16 0
-15 -17 0
-15 -18 0
-15 -19 0
-16 -17 0
-16 -18 0
-16 -19 0
-17 -18 0
-17 -19 0
-18 -19 0
1 5 8 14 15 16 17 18 19 0
-20 -21 0
20 21 0
-22 -23 0
-22 -24 0
-23 -24 0
22 23 24 0
-14 -22 0
-14 -25 0
-14 -26 0
-14 -27 0
-14 -28 0
-22 -25 0
-22 -26 0
-22 -27 0
-22 -28 0
-25 -26 0
-25 -27 0
-25 -28 0
-26 -27 0
-26 -28 0
-27 -28 0
14 22 25 26 27 28 0
-15 -29 0
-15 -30 0
-15 -31 0
-29 -30 0
-29 -31 0
-30 -31 0
15 29 30 31 0
-2 -9 0
-2 -32 0
-2 -33 0
-2 -34 0
-9 -32 0
-9 -33 0
-9 -34 0
-32 -33 0
-32 -34 0
-33 -34 0
2 9 32 33 34 0
-10 -29 0
-10 -32 0
-10 -35 0
-10 -36 0
-29 -32 0
-29 -35 0
-29 -36 0
-32 -35 0
-32 -36 0
-35 -36 0
10 29 32 35 36 0
-35 -37 0
-35 -38 0
-37 -38 0
35 37 38 0
-16 -25 0
16 25 0
-17 -26 0
-17 -39 0
-17 -40 0
-17 -41 0
-17 -42 0
-26 -39 0
-26 -40 0
-26 -41 0
-26 -42 0
-39 -40 0
-39 -41 0
-39 -42 0
-40 -41 0
-40 -42 0
-41 -42 0
17 26 39 40 41 42 0
-6 -27 0
-6 -37 0
-6 -43 0
-6 -44 0
-27 -37 0
-27 -43 0
-27 -44 0
-37 -43 0
-37 -44 0
-43 -44 0
6 27 37 43 44 0
-23 -45 0
-23 -46 0
-45 -46 0
23 45 46 0
-11 -18 0
-11 -39 0
-11 -47 0
-11 -48 0
-11 -49 0
-18 -39 0
-18 -47 0
-18 -48 0
-18 -49 0
-39 -47 0
-39 -48 0
-39 -49 0
-47 -48 0
-47 -49 0
-48 -49 0
11 18 39 47 48 49 0
-3 -19 0
-3 -33 0
-3 -36 0
-3 -40 0
-3 -45 0
-3 -47 0
-19 -33 0
-19 -36 0
-19 -40 0
-19 -45 0
-19 -47 0
-33 -36 0
-33 -40 0
-33 -45 0
-33 -47 0
-36 -40 0
-36 -45 0
-36 -47 0
-40 -45 0
-40 -47 0
-45 -47 0
3 19 33 36 40 45 47 0
-7 -20 0
-7 -24 0
-7 -28 0
-7 -30 0
-7 -50 0
-7 -51 0
-20 -24 0
-20 -28 0
-20 -30 0
-20 -50 0
-20 -51 0
-24 -28 0
-24 -30 0
-24 -50 0
-24 -51 0
-28 -30 0
-28 -50 0
-28 -51 0
-30 -50 0
-30 -51 0
-50 -51 0
7 20 24 28 30 50 51 0
-12 -21 0
-12 -34 0
-12 -41 0
-12 -48 0
-21 -34 0
-21 -41 0
-21 -48 0
-34 -41 0
-34 -48 0
-41 -48 0
12 21 34 41 48 0
-4 -31 0
-4 -43 0
-4 -49 0
-4 -52 0
-31 -43 0
-31 -49 0
-31 -52 0
-43 -49 0
-43 -52 0
-49 -52 0
4 31 43 49 52 0
-42 -46 0
-42 -50 0
-42 -52 0
-46 -50 0
-46 -52 0
-50 -52 0
42 46 50 52 0
-13 -38 0
-13 -44 0
-13 -51 0
-38 -44 0
-38 -51 0
-44 -51 0
13 38 44 51 0
