p cnf 150 598
1 2 3 4 5 6 7 8 9 10 11 12 13 0
45 46 47 48 49 50 51 52 53 54 55 56 57 58 0
102 103 104 105 106 107 108 109 110 111 112 113 114 115 116 117 0
118 119 120 121 122 123 124 125 126 127 128 129 130 131 132 133 0
-1 -14 0
-1 -29 0
-1 -45 0
-1 -59 0
-1 -75 0
-1 -89 0
-1 -102 0
-1 -118 0
-1 -134 0
-14 -29 0
-14 -45 0
-14 -59 0
-14 -75 0
-14 -89 0
-14 -102 0
-14 -118 0
-14 -134 0
-29 -45 0
-29 -59 0
-29 -75 0
-29 -89 0
-29 -102 0
-29 -118 0
-29 -134 0
-45 -59 0
-45 -75 0
-45 -89 0
-45 -102 0
-45 -118 0
-45 -134 0
-59 -75 0
-59 -89 0
-59 -102 0
-59 -118 0
-59 -134 0
-75 -89 0
-75 -102 0
-75 -118 0
-75 -134 0
-89 -102 0
-89 -118 0
-89 -134 0
-102 -118 0
-102 -134 0
-118 -134 0
-2 -15 0
-2 -30 0
-2 -60 0
-2 -76 0
-2 -90 0
-2 -103 0
-2 -119 0
-2 -135 0
-15 -30 0
-15 -60 0
-15 -76 0
-15 -90 0
-15 -103 0
-15 -119 0
-15 -135 0
-30 -60 0
-30 -76 0
-30 -90 0
-30 -103 0
-30 -119 0
-30 -135 0
-60 -76 0
-60 -90 0
-60 -103 0
-60 -119 0
-60 -135 0
-76 -90 0
-76 -103 0
-76 -119 0
-76 -135 0
-90 -103 0
-90 -119 0
-90 -135 0
-103 -119 0
-103 -135 0
-119 -135 0
-3 -16 0
-3 -31 0
-3 -46 0
-3 -61 0
-3 -77 0
-3 -91 0
-3 -104 0
-3 -120 0
-3 -136 0
-16 -31 0
-16 -46 0
-16 -61 0
-16 -77 0
-16 -91 0
-16 -104 0
-16 -120 0
-16 -136 0
-31 -46 0
-31 -61 0
-31 -77 0
-31 -91 0
-31 -104 0
-31 -120 0
-31 -136 0
-46 -61 0
-46 -77 0
-46 -91 0
-46 -104 0
-46 -120 0
-46 -136 0
-61 -77 0
-61 -91 0
-61 -104 0
-61 -120 0
-61 -136 0
-77 -91 0
-77 -104 0
-77 -120 0
-77 -136 0
-91 -104 0
-91 -120 0
-91 -136 0
-104 -120 0
-104 -136 0
-120 -136 0
-17 -32 0
-17 -62 0
-17 -78 0
-17 -92 0
-17 -105 0
-17 -121 0
-17 -137 0
-32 -62 0
-32 -78 0
-32 -92 0
-32 -105 0
-32 -121 0
-32 -137 0
-62 -78 0
-62 -92 0
-62 -105 0
-62 -121 0
-62 -137 0
-78 -92 0
-78 -105 0
-78 -121 0
-78 -137 0
-92 -105 0
-92 -121 0
-92 -137 0
-105 -121 0
-105 -137 0
-121 -137 0
-4 -18 0
-4 -33 0
-4 -47 0
-4 -63 0
-4 -79 0
-4 -106 0
-4 -122 0
-4 -138 0
-18 -33 0
-18 -47 0
-18 -63 0
-18 -79 0
-18 -106 0
-18 -122 0
-18 -138 0
-33 -47 0
-33 -63 0
-33 -79 0
-33 -106 0
-33 -122 0
-33 -138 0
-47 -63 0
-47 -79 0
-47 -106 0
-47 -122 0
-47 -138 0
-63 -79 0
-63 -106 0
-63 -122 0
-63 -138 0
-79 -106 0
-79 -122 0
-79 -138 0
-106 -122 0
-106 -138 0
-122 -138 0
-5 -19 0
-5 -34 0
-5 -48 0
-5 -64 0
-5 -80 0
-5 -93 0
-5 -107 0
-5 -123 0
-5 -139 0
-19 -34 0
-19 -48 0
-19 -64 0
-19 -80 0
-19 -93 0
-19 -107 0
-19 -123 0
-19 -139 0
-34 -48 0
-34 -64 0
-34 -80 0
-34 -93 0
-34 -107 0
-34 -123 0
-34 -139 0
-48 -64 0
-48 -80 0
-48 -93 0
-48 -107 0
-48 -123 0
-48 -139 0
-64 -80 0
-64 -93 0
-64 -107 0
-64 -123 0
-64 -139 0
-80 -93 0
-80 -107 0
-80 -123 0
-80 -139 0
-93 -107 0
-93 -123 0
-93 -139 0
-107 -123 0
-107 -139 0
-123 -139 0
-6 -20 0
-6 -35 0
-6 -49 0
-6 -94 0
-6 -108 0
-6 -124 0
-6 -140 0
-20 -35 0
-20 -49 0
-20 -94 0
-20 -108 0
-20 -124 0
-20 -140 0
-35 -49 0
-35 -94 0
-35 -108 0
-35 -124 0
-35 -140 0
-49 -94 0
-49 -108 0
-49 -124 0
-49 -140 0
-94 -108 0
-94 -124 0
-94 -140 0
-108 -124 0
-108 -140 0
-124 -140 0
-7 -50 0
-7 -65 0
-7 -95 0
-7 -109 0
-7 -125 0
-7 -141 0
-50 -65 0
-50 -95 0
-50 -109 0
-50 -125 0
-50 -141 0
-65 -95 0
-65 -109 0
-65 -125 0
-65 -141 0
-95 -109 0
-95 -125 0
-95 -141 0
-109 -125 0
-109 -141 0
-125 -141 0
-8 -36 0
-8 -66 0
-8 -81 0
-8 -110 0
-8 -126 0
-8 -142 0
-36 -66 0
-36 -81 0
-36 -110 0
-36 -126 0
-36 -142 0
-66 -81 0
-66 -110 0
-66 -126 0
-66 -142 0
-81 -110 0
-81 -126 0
-81 -142 0
-110 -126 0
-110 -142 0
-126 -142 0
-9 -21 0
-9 -37 0
-9 -51 0
-9 -67 0
-9 -82 0
-9 -96 0
-9 -127 0
-9 -143 0
-21 -37 0
-21 -51 0
-21 -67 0
-21 -82 0
-21 -96 0
-21 -127 0
-21 -143 0
-37 -51 0
-37 -67 0
-37 -82 0
-37 -96 0
-37 -127 0
-37 -143 0
-51 -67 0
-51 -82 0
-51 -96 0
-51 -127 0
-51 -143 0
-67 -82 0
-67 -96 0
-67 -127 0
-67 -143 0
-82 -96 0
-82 -127 0
-82 -143 0
-96 -127 0
-96 -143 0
-127 -143 0
-10 -22 0
-10 -38 0
-10 -52 0
-10 -68 0
-10 -83 0
-10 -97 0
-10 -111 0
-10 -128 0
-10 -144 0
-22 -38 0
-22 -52 0
-22 -68 0
-22 -83 0
-22 -97 0
-22 -111 0
-22 -128 0
-22 -144 0
-38 -52 0
-38 -68 0
-38 -83 0
-38 -97 0
-38 -111 0
-38 -128 0
-38 -144 0
-52 -68 0
-52 -83 0
-52 -97 0
-52 -111 0
-52 -128 0
-52 -144 0
-68 -83 0
-68 -97 0
-68 -111 0
-68 -128 0
-68 -144 0
-83 -97 0
-83 -111 0
-83 -128 0
-83 -144 0
-97 -111 0
-97 -128 0
-97 -144 0
-111 -128 0
-111 -144 0
-128 -144 0
-11 -23 0
-11 -39 0
-11 -53 0
-11 -69 0
-11 -84 0
-11 -112 0
-11 -129 0
-11 -145 0
-23 -39 0
-23 -53 0
-23 -69 0
-23 -84 0
-23 -112 0
-23 -129 0
-23 -145 0
-39 -53 0
-39 -69 0
-39 -84 0
-39 -112 0
-39 -129 0
-39 -145 0
-53 -69 0
-53 -84 0
-53 -112 0
-53 -129 0
-53 -145 0
-69 -84 0
-69 -112 0
-69 -129 0
-69 -145 0
-84 -112 0
-84 -129 0
-84 -145 0
-112 -129 0
-112 -145 0
-129 -145 0
-24 -40 0
-24 -54 0
-24 -70 0
-24 -85 0
-24 -98 0
-24 -113 0
-24 -130 0
-24 -146 0
-40 -54 0
-40 -70 0
-40 -85 0
-40 -98 0
-40 -113 0
-40 -130 0
-40 -146 0
-54 -70 0
-54 -85 0
-54 -98 0
-54 -113 0
-54 -130 0
-54 -146 0
-70 -85 0
-70 -98 0
-70 -113 0
-70 -130 0
-70 -146 0
-85 -98 0
-85 -113 0
-85 -130 0
-85 -146 0
-98 -113 0
-98 -130 0
-98 -146 0
-113 -130 0
-113 -146 0
-130 -146 0
-25 -41 0
-25 -55 0
-25 -71 0
-25 -86 0
-25 -99 0
-25 -114 0
-25 -131 0
-25 -147 0
-41 -55 0
-41 -71 0
-41 -86 0
-41 -99 0
-41 -114 0
-41 -131 0
-41 -147 0
-55 -71 0
-55 -86 0
-55 -99 0
-55 -114 0
-55 -131 0
-55 -147 0
-71 -86 0
-71 -99 0
-71 -114 0
-71 -131 0
-71 -147 0
-86 -99 0
-86 -114 0
-86 -131 0
-86 -147 0
-99 -114 0
-99 -131 0
-99 -147 0
-114 -131 0
-114 -147 0
-131 -147 0
-12 -26 0
-12 -42 0
-12 -56 0
-12 -72 0
-12 -87 0
-12 -115 0
-12 -148 0
-26 -42 0
-26 -56 0
-26 -72 0
-26 -87 0
-26 -115 0
-26 -148 0
-42 -56 0
-42 -72 0
-42 -87 0
-42 -115 0
-42 -148 0
-56 -72 0
-56 -87 0
-56 -115 0
-56 -148 0
-72 -87 0
-72 -115 0
-72 -148 0
-87 -115 0
-87 -148 0
-115 -148 0
-27 -43 0
-27 -57 0
-27 -73 0
-27 -88 0
-27 -100 0
-27 -116 0
-27 -132 0
-27 -149 0
-43 -57 0
-43 -73 0
-43 -88 0
-43 -100 0
-43 -116 0
-43 -132 0
-43 -149 0
-57 -73 0
-57 -88 0
-57 -100 0
-57 -116 0
-57 -132 0
-57 -149 0
-73 -88 0
-73 -100 0
-73 -116 0
-73 -132 0
-73 -149 0
-88 -100 0
-88 -116 0
-88 -132 0
-88 -149 0
-100 -116 0
-100 -132 0
-100 -149 0
-116 -132 0
-116 -149 0
-132 -149 0
-13 -28 0
-13 -44 0
-13 -58 0
-13 -74 0
-13 -101 0
-13 -117 0
-13 -133 0
-13 -150 0
-28 -44 0
-28 -58 0
-28 -74 0
-28 -101 0
-28 -117 0
-28 -133 0
-28 -150 0
-44 -58 0
-44 -74 0
-44 -101 0
-44 -117 0
-44 -133 0
-44 -150 0
-58 -74 0
-58 -101 0
-58 -117 0
-58 -133 0
-58 -150 0
-74 -101 0
-74 -117 0
-74 -133 0
-74 -150 0
-101 -117 0
-101 -133 0
-101 -150 0
-117 -133 0
-117 -150 0
-133 -150 0
