p cnf 121 338
1 2 3 0
-1 -2 0
-1 -3 0
-2 -3 0
4 5 6 0
-4 -5 0
-4 -6 0
-5 -6 0
7 8 0
-7 -8 0
9 10 0
-9 -10 0
11 12 13 0
-11 -12 0
-11 -13 0
-12 -13 0
14 15 16 0
-14 -15 0
-14 -16 0
-15 -16 0
17 18 0
-17 -18 0
19 20 21 22 0
-19 -20 0
-19 -21 0
-19 -22 0
-20 -21 0
-20 -22 0
-21 -22 0
23 24 25 0
-23 -24 0
-23 -25 0
-24 -25 0
26 27 28 29 0
-26 -27 0
-26 -28 0
-26 -29 0
-27 -28 0
-27 -29 0
-28 -29 0
30 31 32 0
-30 -31 0
-30 -32 0
-31 -32 0
33 34 35 36 0
-33 -34 0
-33 -35 0
-33 -36 0
-34 -35 0
-34 -36 0
-35 -36 0
37 38 39 40 0
-37 -38 0
-37 -39 0
-37 -40 0
-38 -39 0
-38 -40 0
-39 -40 0
41 42 43 44 0
-41 -42 0
-41 -43 0
-41 -44 0
-42 -43 0
-42 -44 0
-43 -44 0
45 46 47 0
-45 -46 0
-45 -47 0
-46 -47 0
48 49 50 0
-48 -49 0
-48 -50 0
-49 -50 0
51 52 53 54 0
-51 -52 0
-51 -53 0
-51 -54 0
-52 -53 0
-52 -54 0
-53 -54 0
55 56 57 58 0
-55 -56 0
-55 -57 0
-55 -58 0
-56 -57 0
-56 -58 0
-57 -58 0
59 60 0
-59 -60 0
61 62 63 64 0
-61 -62 0
-61 -63 0
-61 -64 0
-62 -63 0
-62 -64 0
-63 -64 0
65 66 67 0
-65 -66 0
-65 -67 0
-66 -67 0
68 69 0
-68 -69 0
70 71 72 0
-70 -71 0
-70 -72 0
-71 -72 0
73 74 75 76 0
-73 -74 0
-73 -75 0
-73 -76 0
-74 -75 0
-74 -76 0
-75 -76 0
77 78 0
-77 -78 0
79 80 81 82 0
-79 -80 0
-79 -81 0
-79 -82 0
-80 -81 0
-80 -82 0
-81 -82 0
83 84 85 0
-83 -84 0
-83 -85 0
-84 -85 0
86 87 88 0
-86 -87 0
-86 -88 0
-87 -88 0
89 90 91 0
-89 -90 0
-89 -91 0
-90 -91 0
92 93 0
-92 -93 0
94 95 96 97 0
-94 -95 0
-94 -96 0
-94 -97 0
-95 -96 0
-95 -97 0
-96 -97 0
98 99 100 0
-98 -99 0
-98 -100 0
-99 -100 0
101 102 103 104 0
-101 -102 0
-101 -103 0
-101 -104 0
-102 -103 0
-102 -104 0
-103 -104 0
105 106 107 108 0
-105 -106 0
-105 -107 0
-105 -108 0
-106 -107 0
-106 -108 0
-107 -108 0
109 110 111 0
-109 -110 0
-109 -111 0
-110 -111 0
112 113 114 0
-112 -113 0
-112 -114 0
-113 -114 0
115 116 117 118 0
-115 -116 0
-115 -117 0
-115 -118 0
-116 -117 0
-116 -118 0
-117 -118 0
119 120 121 0
-119 -120 0
-119 -121 0
-120 -121 0
-1 -19 0
-2 -20 0
-3 -21 0
-1 -86 0
-2 -87 0
-1 -101 0
-2 -102 0
-3 -103 0
-4 -9 0
-6 -10 0
-4 -27 0
-5 -28 0
-6 -29 0
-4 -30 0
-5 -31 0
-6 -32 0
-4 -68 0
-6 -69 0
-5 -77 0
-6 -78 0
-4 -99 0
-6 -100 0
-9 -23 0
-10 -25 0
-9 -52 0
-10 -54 0
-9 -56 0
-10 -58 0
-10 -91 0
-10 -121 0
-11 -14 0
-12 -15 0
-13 -16 0
-12 -49 0
-13 -50 0
-11 -65 0
-12 -66 0
-13 -67 0
-11 -92 0
-13 -93 0
-15 -60 0
-14 -115 0
-15 -117 0
-16 -118 0
-17 -28 0
-18 -29 0
-17 -75 0
-18 -76 0
-19 -26 0
-20 -27 0
-21 -28 0
-22 -29 0
-19 -41 0
-20 -42 0
-21 -43 0
-22 -44 0
-19 -109 0
-21 -110 0
-22 -111 0
-23 -42 0
-24 -43 0
-25 -44 0
-23 -80 0
-24 -81 0
-25 -82 0
-24 -110 0
-25 -111 0
-26 -65 0
-28 -66 0
-29 -67 0
-26 -119 0
-28 -120 0
-29 -121 0
-30 -80 0
-31 -81 0
-32 -82 0
-30 -87 0
-32 -88 0
-30 -95 0
-31 -96 0
-32 -97 0
-37 -41 0
-38 -42 0
-39 -43 0
-40 -44 0
-37 -61 0
-38 -62 0
-39 -63 0
-40 -64 0
-42 -70 0
-43 -71 0
-44 -72 0
-41 -101 0
-42 -102 0
-43 -103 0
-44 -104 0
-46 -59 0
-46 -112 0
-47 -114 0
-45 -119 0
-47 -121 0
-48 -102 0
-49 -103 0
-50 -104 0
-51 -86 0
-52 -87 0
-54 -88 0
-51 -101 0
-52 -102 0
-53 -103 0
-54 -104 0
-51 -115 0
-52 -116 0
-53 -117 0
-54 -118 0
-55 -119 0
-57 -120 0
-58 -121 0
-60 -66 0
-59 -99 0
-60 -120 0
-61 -65 0
-63 -66 0
-64 -67 0
-61 -86 0
-62 -87 0
-64 -88 0
-61 -115 0
-62 -116 0
-63 -117 0
-64 -118 0
-65 -79 0
-66 -81 0
-67 -82 0
-65 -101 0
-66 -103 0
-67 -104 0
-70 -95 0
-71 -96 0
-72 -97 0
-73 -83 0
-74 -84 0
-76 -85 0
-73 -109 0
-75 -110 0
-76 -111 0
-78 -93 0
-83 -105 0
-84 -106 0
-85 -108 0
-89 -119 0
-90 -120 0
-91 -121 0
-113 -120 0
-114 -121 0
-115 -119 0
-117 -120 0
-118 -121 0
