p cnf 23 85
-1 -3 -4 -5 -6 0
4 10 16 18 -21 0
5 14 17 19 21 -23 0
1 7 -2 0
-1 -7 2 0
1 8 -3 0
-1 -8 3 0
1 9 0
1 10 -4 0
-1 -10 4 0
1 -5 0
1 11 -6 0
-1 -11 6 0
2 12 -3 0
-2 -12 3 0
2 13 0
2 -4 0
2 14 -5 0
-2 -14 5 0
2 -6 0
3 15 0
3 16 -4 0
-3 -16 4 0
3 17 -5 0
-3 -17 5 0
3 -6 0
-18 4 0
-19 5 0
-20 6 0
4 21 -5 0
-4 -21 5 0
4 22 -6 0
-4 -22 6 0
5 23 -6 0
-5 -23 6 0
7 12 -8 0
-7 -12 8 0
7 13 -9 0
-7 -13 9 0
7 -10 0
-7 -14 0
7 -11 0
8 15 -9 0
-8 -15 9 0
8 16 -10 0
-8 -16 10 0
-8 -17 0
8 -11 0
9 18 -10 0
-9 -18 10 0
-9 -19 0
9 20 -11 0
-9 -20 11 0
-10 -21 0
10 22 -11 0
-10 -22 11 0
23 -11 0
12 15 -13 0
-12 -15 13 0
-12 -16 0
12 17 -14 0
-12 -17 14 0
-13 -18 0
13 19 -14 0
-13 -19 14 0
-13 -20 0
21 -14 0
-14 -23 0
15 18 -16 0
-15 -18 16 0
15 19 -17 0
-15 -19 17 0
-15 -20 0
16 21 -17 0
-16 -21 17 0
-16 -22 0
-17 -23 0
18 21 -19 0
-18 -21 19 0
18 22 -20 0
-18 -22 20 0
19 23 -20 0
-19 -23 20 0
21 23 -22 0
-21 -23 22 0
