p cnf 38 460
1 -2 0
-1 2 0
1 3 4 5 6 7 -8 0
1 3 4 5 6 -7 8 0
1 3 4 5 -6 7 8 0
1 3 4 5 -6 -7 -8 0
1 3 4 -5 6 7 8 0
1 3 4 -5 6 -7 -8 0
1 3 4 -5 -6 7 -8 0
1 3 4 -5 -6 -7 8 0
1 3 -4 5 6 7 8 0
1 3 -4 5 6 -7 -8 0
1 3 -4 5 -6 7 -8 0
1 3 -4 5 -6 -7 8 0
1 3 -4 -5 6 7 -8 0
1 3 -4 -5 6 -7 8 0
1 3 -4 -5 -6 7 8 0
1 3 -4 -5 -6 -7 -8 0
1 -3 4 5 6 7 8 0
1 -3 4 5 6 -7 -8 0
1 -3 4 5 -6 7 -8 0
1 -3 4 5 -6 -7 8 0
1 -3 4 -5 6 7 -8 0
1 -3 4 -5 6 -7 8 0
1 -3 4 -5 -6 7 8 0
1 -3 4 -5 -6 -7 -8 0
1 -3 -4 5 6 7 -8 0
1 -3 -4 5 6 -7 8 0
1 -3 -4 5 -6 7 8 0
1 -3 -4 5 -6 -7 -8 0
1 -3 -4 -5 6 7 8 0
1 -3 -4 -5 6 -7 -8 0
1 -3 -4 -5 -6 7 -8 0
1 -3 -4 -5 -6 -7 8 0
-1 3 4 5 6 7 8 0
-1 3 4 5 6 -7 -8 0
-1 3 4 5 -6 7 -8 0
-1 3 4 5 -6 -7 8 0
-1 3 4 -5 6 7 -8 0
-1 3 4 -5 6 -7 8 0
-1 3 4 -5 -6 7 8 0
-1 3 4 -5 -6 -7 -8 0
-1 3 -4 5 6 7 -8 0
-1 3 -4 5 6 -7 8 0
-1 3 -4 5 -6 7 8 0
-1 3 -4 5 -6 -7 -8 0
-1 3 -4 -5 6 7 8 0
-1 3 -4 -5 6 -7 -8 0
-1 3 -4 -5 -6 7 -8 0
-1 3 -4 -5 -6 -7 8 0
-1 -3 4 5 6 7 -8 0
-1 -3 4 5 6 -7 8 0
-1 -3 4 5 -6 7 8 0
-1 -3 4 5 -6 -7 -8 0
-1 -3 4 -5 6 7 8 0
-1 -3 4 -5 6 -7 -8 0
-1 -3 4 -5 -6 7 -8 0
-1 -3 4 -5 -6 -7 8 0
-1 -3 -4 5 6 7 8 0
-1 -3 -4 5 6 -7 -8 0
-1 -3 -4 5 -6 7 -8 0
-1 -3 -4 5 -6 -7 8 0
-1 -3 -4 -5 6 7 -8 0
-1 -3 -4 -5 6 -7 8 0
-1 -3 -4 -5 -6 7 8 0
-1 -3 -4 -5 -6 -7 -8 0
3 9 10 11 12 13 -14 0
3 9 10 11 12 -13 14 0
3 9 10 11 -12 13 14 0
3 9 10 11 -12 -13 -14 0
3 9 10 -11 12 13 14 0
3 9 10 -11 12 -13 -14 0
3 9 10 -11 -12 13 -14 0
3 9 10 -11 -12 -13 14 0
3 9 -10 11 12 13 14 0
3 9 -10 11 12 -13 -14 0
3 9 -10 11 -12 13 -14 0
3 9 -10 11 -12 -13 14 0
3 9 -10 -11 12 13 -14 0
3 9 -10 -11 12 -13 14 0
3 9 -10 -11 -12 13 14 0
3 9 -10 -11 -12 -13 -14 0
3 -9 10 11 12 13 14 0
3 -9 10 11 12 -13 -14 0
3 -9 10 11 -12 13 -14 0
3 -9 10 11 -12 -13 14 0
3 -9 10 -11 12 13 -14 0
3 -9 10 -11 12 -13 14 0
3 -9 10 -11 -12 13 14 0
3 -9 10 -11 -12 -13 -14 0
3 -9 -10 11 12 13 -14 0
3 -9 -10 11 12 -13 14 0
3 -9 -10 11 -12 13 14 0
3 -9 -10 11 -12 -13 -14 0
3 -9 -10 -11 12 13 14 0
3 -9 -10 -11 12 -13 -14 0
3 -9 -10 -11 -12 13 -14 0
3 -9 -10 -11 -12 -13 14 0
-3 9 10 11 12 13 14 0
-3 9 10 11 12 -13 -14 0
-3 9 10 11 -12 13 -14 0
-3 9 10 11 -12 -13 14 0
-3 9 10 -11 12 13 -14 0
-3 9 10 -11 12 -13 14 0
-3 9 10 -11 -12 13 14 0
-3 9 10 -11 -12 -13 -14 0
-3 9 -10 11 12 13 -14 0
-3 9 -10 11 12 -13 14 0
-3 9 -10 11 -12 13 14 0
-3 9 -10 11 -12 -13 -14 0
-3 9 -10 -11 12 13 14 0
-3 9 -10 -11 12 -13 -14 0
-3 9 -10 -11 -12 13 -14 0
-3 9 -10 -11 -12 -13 14 0
-3 -9 10 11 12 13 -14 0
-3 -9 10 11 12 -13 14 0
-3 -9 10 11 -12 13 14 0
-3 -9 10 11 -12 -13 -14 0
-3 -9 10 -11 12 13 14 0
-3 -9 10 -11 12 -13 -14 0
-3 -9 10 -11 -12 13 -14 0
-3 -9 10 -11 -12 -13 14 0
-3 -9 -10 11 12 13 14 0
-3 -9 -10 11 12 -13 -14 0
-3 -9 -10 11 -12 13 -14 0
-3 -9 -10 11 -12 -13 14 0
-3 -9 -10 -11 12 13 -14 0
-3 -9 -10 -11 12 -13 14 0
-3 -9 -10 -11 -12 13 14 0
-3 -9 -10 -11 -12 -13 -14 0
15 -16 0
-15 16 0
17 18 19 20 21 -22 0
17 18 19 20 -21 22 0
17 18 19 -20 21 22 0
17 18 19 -20 -21 -22 0
17 18 -19 20 21 22 0
17 18 -19 20 -21 -22 0
17 18 -19 -20 21 -22 0
17 18 -19 -20 -21 22 0
17 -18 19 20 21 22 0
17 -18 19 20 -21 -22 0
17 -18 19 -20 21 -22 0
17 -18 19 -20 -21 22 0
17 -18 -19 20 21 -22 0
17 -18 -19 20 -21 22 0
17 -18 -19 -20 21 22 0
17 -18 -19 -20 -21 -22 0
-17 18 19 20 21 22 0
-17 18 19 20 -21 -22 0
-17 18 19 -20 21 -22 0
-17 18 19 -20 -21 22 0
-17 18 -19 20 21 -22 0
-17 18 -19 20 -21 22 0
-17 18 -19 -20 21 22 0
-17 18 -19 -20 -21 -22 0
-17 -18 19 20 21 -22 0
-17 -18 19 20 -21 22 0
-17 -18 19 -20 21 22 0
-17 -18 19 -20 -21 -22 0
-17 -18 -19 20 21 22 0
-17 -18 -19 20 -21 -22 0
-17 -18 -19 -20 21 -22 0
-17 -18 -19 -20 -21 22 0
17 -23 0
-17 23 0
24 25 0
-24 -25 0
18 26 27 28 29 -30 0
18 26 27 28 -29 30 0
18 26 27 -28 29 30 0
18 26 27 -28 -29 -30 0
18 26 -27 28 29 30 0
18 26 -27 28 -29 -30 0
18 26 -27 -28 29 -30 0
18 26 -27 -28 -29 30 0
18 -26 27 28 29 30 0
18 -26 27 28 -29 -30 0
18 -26 27 -28 29 -30 0
18 -26 27 -28 -29 30 0
18 -26 -27 28 29 -30 0
18 -26 -27 28 -29 30 0
18 -26 -27 -28 29 30 0
18 -26 -27 -28 -29 -30 0
-18 26 27 28 29 30 0
-18 26 27 28 -29 -30 0
-18 26 27 -28 29 -30 0
-18 26 27 -28 -29 30 0
-18 26 -27 28 29 -30 0
-18 26 -27 28 -29 30 0
-18 26 -27 -28 29 30 0
-18 26 -27 -28 -29 -30 0
-18 -26 27 28 29 -30 0
-18 -26 27 28 -29 30 0
-18 -26 27 -28 29 30 0
-18 -26 27 -28 -29 -30 0
-18 -26 -27 28 29 30 0
-18 -26 -27 28 -29 -30 0
-18 -26 -27 -28 29 -30 0
-18 -26 -27 -28 -29 30 0
9 -31 0
-9 31 0
26 -32 0
-26 32 0
4 27 -33 0
4 -27 33 0
-4 27 33 0
-4 -27 -33 0
10 19 24 28 31 32 34 -35 0
10 19 24 28 31 32 -34 35 0
10 19 24 28 31 -32 34 35 0
10 19 24 28 31 -32 -34 -35 0
10 19 24 28 -31 32 34 35 0
10 19 24 28 -31 32 -34 -35 0
10 19 24 28 -31 -32 34 -35 0
10 19 24 28 -31 -32 -34 35 0
10 19 24 -28 31 32 34 35 0
10 19 24 -28 31 32 -34 -35 0
10 19 24 -28 31 -32 34 -35 0
10 19 24 -28 31 -32 -34 35 0
10 19 24 -28 -31 32 34 -35 0
10 19 24 -28 -31 32 -34 35 0
10 19 24 -28 -31 -32 34 35 0
10 19 24 -28 -31 -32 -34 -35 0
10 19 -24 28 31 32 34 35 0
10 19 -24 28 31 32 -34 -35 0
10 19 -24 28 31 -32 34 -35 0
10 19 -24 28 31 -32 -34 35 0
10 19 -24 28 -31 32 34 -35 0
10 19 -24 28 -31 32 -34 35 0
10 19 -24 28 -31 -32 34 35 0
10 19 -24 28 -31 -32 -34 -35 0
10 19 -24 -28 31 32 34 -35 0
10 19 -24 -28 31 32 -34 35 0
10 19 -24 -28 31 -32 34 35 0
10 19 -24 -28 31 -32 -34 -35 0
10 19 -24 -28 -31 32 34 35 0
10 19 -24 -28 -31 32 -34 -35 0
10 19 -24 -28 -31 -32 34 -35 0
10 19 -24 -28 -31 -32 -34 35 0
10 -19 24 28 31 32 34 35 0
10 -19 24 28 31 32 -34 -35 0
10 -19 24 28 31 -32 34 -35 0
10 -19 24 28 31 -32 -34 35 0
10 -19 24 28 -31 32 34 -35 0
10 -19 24 28 -31 32 -34 35 0
10 -19 24 28 -31 -32 34 35 0
10 -19 24 28 -31 -32 -34 -35 0
10 -19 24 -28 31 32 34 -35 0
10 -19 24 -28 31 32 -34 35 0
10 -19 24 -28 31 -32 34 35 0
10 -19 24 -28 31 -32 -34 -35 0
10 -19 24 -28 -31 32 34 35 0
10 -19 24 -28 -31 32 -34 -35 0
10 -19 24 -28 -31 -32 34 -35 0
10 -19 24 -28 -31 -32 -34 35 0
10 -19 -24 28 31 32 34 -35 0
10 -19 -24 28 31 32 -34 35 0
10 -19 -24 28 31 -32 34 35 0
10 -19 -24 28 31 -32 -34 -35 0
10 -19 -24 28 -31 32 34 35 0
10 -19 -24 28 -31 32 -34 -35 0
10 -19 -24 28 -31 -32 34 -35 0
10 -19 -24 28 -31 -32 -34 35 0
10 -19 -24 -28 31 32 34 35 0
10 -19 -24 -28 31 32 -34 -35 0
10 -19 -24 -28 31 -32 34 -35 0
10 -19 -24 -28 31 -32 -34 35 0
10 -19 -24 -28 -31 32 34 -35 0
10 -19 -24 -28 -31 32 -34 35 0
10 -19 -24 -28 -31 -32 34 35 0
10 -19 -24 -28 -31 -32 -34 -35 0
-10 19 24 28 31 32 34 35 0
-10 19 24 28 31 32 -34 -35 0
-10 19 24 28 31 -32 34 -35 0
-10 19 24 28 31 -32 -34 35 0
-10 19 24 28 -31 32 34 -35 0
-10 19 24 28 -31 32 -34 35 0
-10 19 24 28 -31 -32 34 35 0
-10 19 24 28 -31 -32 -34 -35 0
-10 19 24 -28 31 32 34 -35 0
-10 19 24 -28 31 32 -34 35 0
-10 19 24 -28 31 -32 34 35 0
-10 19 24 -28 31 -32 -34 -35 0
-10 19 24 -28 -31 32 34 35 0
-10 19 24 -28 -31 32 -34 -35 0
-10 19 24 -28 -31 -32 34 -35 0
-10 19 24 -28 -31 -32 -34 35 0
-10 19 -24 28 31 32 34 -35 0
-10 19 -24 28 31 32 -34 35 0
-10 19 -24 28 31 -32 34 35 0
-10 19 -24 28 31 -32 -34 -35 0
-10 19 -24 28 -31 32 34 35 0
-10 19 -24 28 -31 32 -34 -35 0
-10 19 -24 28 -31 -32 34 -35 0
-10 19 -24 28 -31 -32 -34 35 0
-10 19 -24 -28 31 32 34 35 0
-10 19 -24 -28 31 32 -34 -35 0
-10 19 -24 -28 31 -32 34 -35 0
-10 19 -24 -28 31 -32 -34 35 0
-10 19 -24 -28 -31 32 34 -35 0
-10 19 -24 -28 -31 32 -34 35 0
-10 19 -24 -28 -31 -32 34 35 0
-10 19 -24 -28 -31 -32 -34 -35 0
-10 -19 24 28 31 32 34 -35 0
-10 -19 24 28 31 32 -34 35 0
-10 -19 24 28 31 -32 34 35 0
-10 -19 24 28 31 -32 -34 -35 0
-10 -19 24 28 -31 32 34 35 0
-10 -19 24 28 -31 32 -34 -35 0
-10 -19 24 28 -31 -32 34 -35 0
-10 -19 24 28 -31 -32 -34 35 0
-10 -19 24 -28 31 32 34 35 0
-10 -19 24 -28 31 32 -34 -35 0
-10 -19 24 -28 31 -32 34 -35 0
-10 -19 24 -28 31 -32 -34 35 0
-10 -19 24 -28 -31 32 34 -35 0
-10 -19 24 -28 -31 32 -34 35 0
-10 -19 24 -28 -31 -32 34 35 0
-10 -19 24 -28 -31 -32 -34 -35 0
-10 -19 -24 28 31 32 34 35 0
-10 -19 -24 28 31 32 -34 -35 0
-10 -19 -24 28 31 -32 34 -35 0
-10 -19 -24 28 31 -32 -34 35 0
-10 -19 -24 28 -31 32 34 -35 0
-10 -19 -24 28 -31 32 -34 35 0
-10 -19 -24 28 -31 -32 34 35 0
-10 -19 -24 28 -31 -32 -34 -35 0
-10 -19 -24 -28 31 32 34 -35 0
-10 -19 -24 -28 31 32 -34 35 0
-10 -19 -24 -28 31 -32 34 35 0
-10 -19 -24 -28 31 -32 -34 -35 0
-10 -19 -24 -28 -31 32 34 35 0
-10 -19 -24 -28 -31 32 -34 -35 0
-10 -19 -24 -28 -31 -32 34 -35 0
-10 -19 -24 -28 -31 -32 -34 35 0
2 5 11 20 29 34 36 0
2 5 11 20 29 -34 -36 0
2 5 11 20 -29 34 -36 0
2 5 11 20 -29 -34 36 0
2 5 11 -20 29 34 -36 0
2 5 11 -20 29 -34 36 0
2 5 11 -20 -29 34 36 0
2 5 11 -20 -29 -34 -36 0
2 5 -11 20 29 34 -36 0
2 5 -11 20 29 -34 36 0
2 5 -11 20 -29 34 36 0
2 5 -11 20 -29 -34 -36 0
2 5 -11 -20 29 34 36 0
2 5 -11 -20 29 -34 -36 0
2 5 -11 -20 -29 34 -36 0
2 5 -11 -20 -29 -34 36 0
2 -5 11 20 29 34 -36 0
2 -5 11 20 29 -34 36 0
2 -5 11 20 -29 34 36 0
2 -5 11 20 -29 -34 -36 0
2 -5 11 -20 29 34 36 0
2 -5 11 -20 29 -34 -36 0
2 -5 11 -20 -29 34 -36 0
2 -5 11 -20 -29 -34 36 0
2 -5 -11 20 29 34 36 0
2 -5 -11 20 29 -34 -36 0
2 -5 -11 20 -29 34 -36 0
2 -5 -11 20 -29 -34 36 0
2 -5 -11 -20 29 34 -36 0
2 -5 -11 -20 29 -34 36 0
2 -5 -11 -20 -29 34 36 0
2 -5 -11 -20 -29 -34 -36 0
-2 5 11 20 29 34 -36 0
-2 5 11 20 29 -34 36 0
-2 5 11 20 -29 34 36 0
-2 5 11 20 -29 -34 -36 0
-2 5 11 -20 29 34 36 0
-2 5 11 -20 29 -34 -36 0
-2 5 11 -20 -29 34 -36 0
-2 5 11 -20 -29 -34 36 0
-2 5 -11 20 29 34 36 0
-2 5 -11 20 29 -34 -36 0
-2 5 -11 20 -29 34 -36 0
-2 5 -11 20 -29 -34 36 0
-2 5 -11 -20 29 34 -36 0
-2 5 -11 -20 29 -34 36 0
-2 5 -11 -20 -29 34 36 0
-2 5 -11 -20 -29 -34 -36 0
-2 -5 11 20 29 34 36 0
-2 -5 11 20 29 -34 -36 0
-2 -5 11 20 -29 34 -36 0
-2 -5 11 20 -29 -34 36 0
-2 -5 11 -20 29 34 -36 0
-2 -5 11 -20 29 -34 36 0
-2 -5 11 -20 -29 34 36 0
-2 -5 11 -20 -29 -34 -36 0
-2 -5 -11 20 29 34 -36 0
-2 -5 -11 20 29 -34 36 0
-2 -5 -11 20 -29 34 36 0
-2 -5 -11 20 -29 -34 -36 0
-2 -5 -11 -20 29 34 36 0
-2 -5 -11 -20 29 -34 -36 0
-2 -5 -11 -20 -29 34 -36 0
-2 -5 -11 -20 -29 -34 36 0
6 15 23 33 35 -37 0
6 15 23 33 -35 37 0
6 15 23 -33 35 37 0
6 15 23 -33 -35 -37 0
6 15 -23 33 35 37 0
6 15 -23 33 -35 -37 0
6 15 -23 -33 35 -37 0
6 15 -23 -33 -35 37 0
6 -15 23 33 35 37 0
6 -15 23 33 -35 -37 0
6 -15 23 -33 35 -37 0
6 -15 23 -33 -35 37 0
6 -15 -23 33 35 -37 0
6 -15 -23 33 -35 37 0
6 -15 -23 -33 35 37 0
6 -15 -23 -33 -35 -37 0
-6 15 23 33 35 37 0
-6 15 23 33 -35 -37 0
-6 15 23 -33 35 -37 0
-6 15 23 -33 -35 37 0
-6 15 -23 33 35 -37 0
-6 15 -23 33 -35 37 0
-6 15 -23 -33 35 37 0
-6 15 -23 -33 -35 -37 0
-6 -15 23 33 35 -37 0
-6 -15 23 33 -35 37 0
-6 -15 23 -33 35 37 0
-6 -15 23 -33 -35 -37 0
-6 -15 -23 33 35 37 0
-6 -15 -23 33 -35 -37 0
-6 -15 -23 -33 35 -37 0
-6 -15 -23 -33 -35 37 0
7 12 -38 0
7 -12 38 0
-7 12 38 0
-7 -12 -38 0
16 21 -38 0
16 -21 38 0
-16 21 38 0
-16 -21 -38 0
13 25 -36 0
13 -25 36 0
-13 25 36 0
-13 -25 -36 0
8 14 22 30 -37 0
8 14 22 -30 37 0
8 14 -22 30 37 0
8 14 -22 -30 -37 0
8 -14 22 30 37 0
8 -14 22 -30 -37 0
8 -14 -22 30 -37 0
8 -14 -22 -30 37 0
-8 14 22 30 37 0
-8 14 22 -30 -37 0
-8 14 -22 30 -37 0
-8 14 -22 -30 37 0
-8 -14 22 30 -37 0
-8 -14 22 -30 37 0
-8 -14 -22 30 37 0
-8 -14 -22 -30 -37 0
