p cnf 23 78
-1 -2 0
1 2 0
-3 -4 0
3 4 0
-1 -5 0
-1 -6 0
-5 -6 0
1 5 6 0
-7 -8 0
-7 -9 0
-7 -10 0
-7 -11 0
-7 -12 0
-8 -9 0
-8 -10 0
-8 -11 0
-8 -12 0
-9 -10 0
-9 -11 0
-9 -12 0
-10 -11 0
-10 -12 0
-11 -12 0
7 8 9 10 11 12 0
-7 -13 0
-7 -14 0
-13 -14 0
7 13 14 0
-2 -8 0
2 8 0
-3 -5 0
-3 -9 0
-3 -15 0
-3 -16 0
-5 -9 0
-5 -15 0
-5 -16 0
-9 -15 0
-9 -16 0
-15 -16 0
3 5 9 15 16 0
-4 -15 0
-4 -17 0
-4 -18 0
-15 -17 0
-15 -18 0
-17 -18 0
4 15 17 18 0
-13 -19 0
13 19 0
-17 -20 0
17 20 0
-20 -21 0
-20 -22 0
-21 -22 0
20 21 22 0
-6 -10 0
-6 -19 0
-6 -21 0
-6 -23 0
-10 -19 0
-10 -21 0
-10 -23 0
-19 -21 0
-19 -23 0
-21 -23 0
6 10 19 21 23 0
-11 -16 0
-11 -18 0
-16 -18 0
11 16 18 0
-12 -14 0
-12 -22 0
-12 -23 0
-14 -22 0
-14 -23 0
-22 -23 0
12 14 22 23 0
