p cnf 180 736
1 2 3 4 5 6 7 8 9 10 11 12 13 14 15 16 17 0
18 19 20 21 22 23 24 25 26 27 28 29 30 31 32 33 34 35 36 0
37 38 39 40 41 42 43 44 45 46 47 48 49 50 51 52 0
90 91 92 93 94 95 96 97 98 99 100 101 102 103 104 105 106 107 108 109 0
145 146 147 148 149 150 151 152 153 154 155 156 157 158 159 160 0
-1 -37 0
-1 -53 0
-1 -71 0
-1 -90 0
-1 -110 0
-1 -127 0
-1 -145 0
-1 -161 0
-37 -53 0
-37 -71 0
-37 -90 0
-37 -110 0
-37 -127 0
-37 -145 0
-37 -161 0
-53 -71 0
-53 -90 0
-53 -110 0
-53 -127 0
-53 -145 0
-53 -161 0
-71 -90 0
-71 -110 0
-71 -127 0
-71 -145 0
-71 -161 0
-90 -110 0
-90 -127 0
-90 -145 0
-90 -161 0
-110 -127 0
-110 -145 0
-110 -161 0
-127 -145 0
-127 -161 0
-145 -161 0
-2 -18 0
-2 -38 0
-2 -72 0
-2 -91 0
-2 -162 0
-18 -38 0
-18 -72 0
-18 -91 0
-18 -162 0
-38 -72 0
-38 -91 0
-38 -162 0
-72 -91 0
-72 -162 0
-91 -162 0
-19 -39 0
-19 -54 0
-19 -73 0
-19 -92 0
-19 -111 0
-19 -128 0
-19 -146 0
-19 -163 0
-39 -54 0
-39 -73 0
-39 -92 0
-39 -111 0
-39 -128 0
-39 -146 0
-39 -163 0
-54 -73 0
-54 -92 0
-54 -111 0
-54 -128 0
-54 -146 0
-54 -163 0
-73 -92 0
-73 -111 0
-73 -128 0
-73 -146 0
-73 -163 0
-92 -111 0
-92 -128 0
-92 -146 0
-92 -163 0
-111 -128 0
-111 -146 0
-111 -163 0
-128 -146 0
-128 -163 0
-146 -163 0
-3 -20 0
-3 -55 0
-3 -74 0
-3 -93 0
-3 -129 0
-3 -164 0
-20 -55 0
-20 -74 0
-20 -93 0
-20 -129 0
-20 -164 0
-55 -74 0
-55 -93 0
-55 -129 0
-55 -164 0
-74 -93 0
-74 -129 0
-74 -164 0
-93 -129 0
-93 -164 0
-129 -164 0
-4 -21 0
-4 -40 0
-4 -56 0
-4 -75 0
-4 -94 0
-4 -112 0
-4 -130 0
-4 -147 0
-4 -165 0
-21 -40 0
-21 -56 0
-21 -75 0
-21 -94 0
-21 -112 0
-21 -130 0
-21 -147 0
-21 -165 0
-40 -56 0
-40 -75 0
-40 -94 0
-40 -112 0
-40 -130 0
-40 -147 0
-40 -165 0
-56 -75 0
-56 -94 0
-56 -112 0
-56 -130 0
-56 -147 0
-56 -165 0
-75 -94 0
-75 -112 0
-75 -130 0
-75 -147 0
-75 -165 0
-94 -112 0
-94 -130 0
-94 -147 0
-94 -165 0
-112 -130 0
-112 -147 0
-112 -165 0
-130 -147 0
-130 -165 0
-147 -165 0
-5 -22 0
-5 -41 0
-5 -76 0
-5 -95 0
-5 -113 0
-5 -131 0
-5 -148 0
-5 -166 0
-22 -41 0
-22 -76 0
-22 -95 0
-22 -113 0
-22 -131 0
-22 -148 0
-22 -166 0
-41 -76 0
-41 -95 0
-41 -113 0
-41 -131 0
-41 -148 0
-41 -166 0
-76 -95 0
-76 -113 0
-76 -131 0
-76 -148 0
-76 -166 0
-95 -113 0
-95 -131 0
-95 -148 0
-95 -166 0
-113 -131 0
-113 -148 0
-113 -166 0
-131 -148 0
-131 -166 0
-148 -166 0
-23 -42 0
-23 -57 0
-23 -77 0
-23 -96 0
-23 -114 0
-23 -132 0
-23 -149 0
-23 -167 0
-42 -57 0
-42 -77 0
-42 -96 0
-42 -114 0
-42 -132 0
-42 -149 0
-42 -167 0
-57 -77 0
-57 -96 0
-57 -114 0
-57 -132 0
-57 -149 0
-57 -167 0
-77 -96 0
-77 -114 0
-77 -132 0
-77 -149 0
-77 -167 0
-96 -114 0
-96 -132 0
-96 -149 0
-96 -167 0
-114 -132 0
-114 -149 0
-114 -167 0
-132 -149 0
-132 -167 0
-149 -167 0
-6 -24 0
-6 -43 0
-6 -58 0
-6 -78 0
-6 -97 0
-6 -115 0
-6 -133 0
-6 -150 0
-6 -168 0
-24 -43 0
-24 -58 0
-24 -78 0
-24 -97 0
-24 -115 0
-24 -133 0
-24 -150 0
-24 -168 0
-43 -58 0
-43 -78 0
-43 -97 0
-43 -115 0
-43 -133 0
-43 -150 0
-43 -168 0
-58 -78 0
-58 -97 0
-58 -115 0
-58 -133 0
-58 -150 0
-58 -168 0
-78 -97 0
-78 -115 0
-78 -133 0
-78 -150 0
-78 -168 0
-97 -115 0
-97 -133 0
-97 -150 0
-97 -168 0
-115 -133 0
-115 -150 0
-115 -168 0
-133 -150 0
-133 -168 0
-150 -168 0
-7 -25 0
-7 -59 0
-7 -79 0
-7 -98 0
-7 -116 0
-7 -134 0
-7 -151 0
-7 -169 0
-25 -59 0
-25 -79 0
-25 -98 0
-25 -116 0
-25 -134 0
-25 -151 0
-25 -169 0
-59 -79 0
-59 -98 0
-59 -116 0
-59 -134 0
-59 -151 0
-59 -169 0
-79 -98 0
-79 -116 0
-79 -134 0
-79 -151 0
-79 -169 0
-98 -116 0
-98 -134 0
-98 -151 0
-98 -169 0
-116 -134 0
-116 -151 0
-116 -169 0
-134 -151 0
-134 -169 0
-151 -169 0
-8 -26 0
-8 -44 0
-8 -60 0
-8 -80 0
-8 -99 0
-8 -117 0
-8 -135 0
-8 -152 0
-8 -170 0
-26 -44 0
-26 -60 0
-26 -80 0
-26 -99 0
-26 -117 0
-26 -135 0
-26 -152 0
-26 -170 0
-44 -60 0
-44 -80 0
-44 -99 0
-44 -117 0
-44 -135 0
-44 -152 0
-44 -170 0
-60 -80 0
-60 -99 0
-60 -117 0
-60 -135 0
-60 -152 0
-60 -170 0
-80 -99 0
-80 -117 0
-80 -135 0
-80 -152 0
-80 -170 0
-99 -117 0
-99 -135 0
-99 -152 0
-99 -170 0
-117 -135 0
-117 -152 0
-117 -170 0
-135 -152 0
-135 -170 0
-152 -170 0
-9 -27 0
-9 -45 0
-9 -61 0
-9 -81 0
-9 -100 0
-9 -118 0
-9 -136 0
-9 -153 0
-9 -171 0
-27 -45 0
-27 -61 0
-27 -81 0
-27 -100 0
-27 -118 0
-27 -136 0
-27 -153 0
-27 -171 0
-45 -61 0
-45 -81 0
-45 -100 0
-45 -118 0
-45 -136 0
-45 -153 0
-45 -171 0
-61 -81 0
-61 -100 0
-61 -118 0
-61 -136 0
-61 -153 0
-61 -171 0
-81 -100 0
-81 -118 0
-81 -136 0
-81 -153 0
-81 -171 0
-100 -118 0
-100 -136 0
-100 -153 0
-100 -171 0
-118 -136 0
-118 -153 0
-118 -171 0
-136 -153 0
-136 -171 0
-153 -171 0
-10 -28 0
-10 -62 0
-10 -82 0
-10 -101 0
-10 -119 0
-10 -137 0
-10 -154 0
-10 -172 0
-28 -62 0
-28 -82 0
-28 -101 0
-28 -119 0
-28 -137 0
-28 -154 0
-28 -172 0
-62 -82 0
-62 -101 0
-62 -119 0
-62 -137 0
-62 -154 0
-62 -172 0
-82 -101 0
-82 -119 0
-82 -137 0
-82 -154 0
-82 -172 0
-101 -119 0
-101 -137 0
-101 -154 0
-101 -172 0
-119 -137 0
-119 -154 0
-119 -172 0
-137 -154 0
-137 -172 0
-154 -172 0
-11 -29 0
-11 -46 0
-11 -63 0
-11 -102 0
-11 -120 0
-11 -138 0
-11 -155 0
-11 -173 0
-29 -46 0
-29 -63 0
-29 -102 0
-29 -120 0
-29 -138 0
-29 -155 0
-29 -173 0
-46 -63 0
-46 -102 0
-46 -120 0
-46 -138 0
-46 -155 0
-46 -173 0
-63 -102 0
-63 -120 0
-63 -138 0
-63 -155 0
-63 -173 0
-102 -120 0
-102 -138 0
-102 -155 0
-102 -173 0
-120 -138 0
-120 -155 0
-120 -173 0
-138 -155 0
-138 -173 0
-155 -173 0
-30 -47 0
-30 -64 0
-30 -83 0
-30 -103 0
-30 -121 0
-30 -139 0
-30 -174 0
-47 -64 0
-47 -83 0
-47 -103 0
-47 -121 0
-47 -139 0
-47 -174 0
-64 -83 0
-64 -103 0
-64 -121 0
-64 -139 0
-64 -174 0
-83 -103 0
-83 -121 0
-83 -139 0
-83 -174 0
-103 -121 0
-103 -139 0
-103 -174 0
-121 -139 0
-121 -174 0
-139 -174 0
-12 -31 0
-12 -65 0
-12 -84 0
-12 -104 0
-12 -122 0
-12 -140 0
-12 -175 0
-31 -65 0
-31 -84 0
-31 -104 0
-31 -122 0
-31 -140 0
-31 -175 0
-65 -84 0
-65 -104 0
-65 -122 0
-65 -140 0
-65 -175 0
-84 -104 0
-84 -122 0
-84 -140 0
-84 -175 0
-104 -122 0
-104 -140 0
-104 -175 0
-122 -140 0
-122 -175 0
-140 -175 0
-13 -32 0
-13 -48 0
-13 -66 0
-13 -85 0
-13 -105 0
-13 -123 0
-13 -141 0
-13 -156 0
-13 -176 0
-32 -48 0
-32 -66 0
-32 -85 0
-32 -105 0
-32 -123 0
-32 -141 0
-32 -156 0
-32 -176 0
-48 -66 0
-48 -85 0
-48 -105 0
-48 -123 0
-48 -141 0
-48 -156 0
-48 -176 0
-66 -85 0
-66 -105 0
-66 -123 0
-66 -141 0
-66 -156 0
-66 -176 0
-85 -105 0
-85 -123 0
-85 -141 0
-85 -156 0
-85 -176 0
-105 -123 0
-105 -141 0
-105 -156 0
-105 -176 0
-123 -141 0
-123 -156 0
-123 -176 0
-141 -156 0
-141 -176 0
-156 -176 0
-14 -33 0
-14 -49 0
-14 -67 0
-14 -86 0
-14 -106 0
-14 -124 0
-14 -142 0
-14 -157 0
-14 -177 0
-33 -49 0
-33 -67 0
-33 -86 0
-33 -106 0
-33 -124 0
-33 -142 0
-33 -157 0
-33 -177 0
-49 -67 0
-49 -86 0
-49 -106 0
-49 -124 0
-49 -142 0
-49 -157 0
-49 -177 0
-67 -86 0
-67 -106 0
-67 -124 0
-67 -142 0
-67 -157 0
-67 -177 0
-86 -106 0
-86 -124 0
-86 -142 0
-86 -157 0
-86 -177 0
-106 -124 0
-106 -142 0
-106 -157 0
-106 -177 0
-124 -142 0
-124 -157 0
-124 -177 0
-142 -157 0
-142 -177 0
-157 -177 0
-15 -34 0
-15 -50 0
-15 -68 0
-15 -87 0
-15 -107 0
-15 -125 0
-15 -143 0
-15 -158 0
-15 -178 0
-34 -50 0
-34 -68 0
-34 -87 0
-34 -107 0
-34 -125 0
-34 -143 0
-34 -158 0
-34 -178 0
-50 -68 0
-50 -87 0
-50 -107 0
-50 -125 0
-50 -143 0
-50 -158 0
-50 -178 0
-68 -87 0
-68 -107 0
-68 -125 0
-68 -143 0
-68 -158 0
-68 -178 0
-87 -107 0
-87 -125 0
-87 -143 0
-87 -158 0
-87 -178 0
-107 -125 0
-107 -143 0
-107 -158 0
-107 -178 0
-125 -143 0
-125 -158 0
-125 -178 0
-143 -158 0
-143 -178 0
-158 -178 0
-16 -35 0
-16 -51 0
-16 -69 0
-16 -88 0
-16 -108 0
-16 -126 0
-16 -159 0
-16 -179 0
-35 -51 0
-35 -69 0
-35 -88 0
-35 -108 0
-35 -126 0
-35 -159 0
-35 -179 0
-51 -69 0
-51 -88 0
-51 -108 0
-51 -126 0
-51 -159 0
-51 -179 0
-69 -88 0
-69 -108 0
-69 -126 0
-69 -159 0
-69 -179 0
-88 -108 0
-88 -126 0
-88 -159 0
-88 -179 0
-108 -126 0
-108 -159 0
-108 -179 0
-126 -159 0
-126 -179 0
-159 -179 0
-17 -36 0
-17 -52 0
-17 -70 0
-17 -89 0
-17 -109 0
-17 -144 0
-17 -160 0
-17 -180 0
-36 -52 0
-36 -70 0
-36 -89 0
-36 -109 0
-36 -144 0
-36 -160 0
-36 -180 0
-52 -70 0
-52 -89 0
-52 -109 0
-52 -144 0
-52 -160 0
-52 -180 0
-70 -89 0
-70 -109 0
-70 -144 0
-70 -160 0
-70 -180 0
-89 -109 0
-89 -144 0
-89 -160 0
-89 -180 0
-109 -144 0
-109 -160 0
-109 -180 0
-144 -160 0
-144 -180 0
-160 -180 0
