p cnf 39 169
-1 -2 0
-1 -3 0
-1 -4 0
-2 -3 0
-2 -4 0
-3 -4 0
1 2 3 4 0
-1 -5 0
-1 -6 0
-1 -7 0
-1 -8 0
-1 -9 0
-5 -6 0
-5 -7 0
-5 -8 0
-5 -9 0
-6 -7 0
-6 -8 0
-6 -9 0
-7 -8 0
-7 -9 0
-8 -9 0
1 5 6 7 8 9 0
-10 -11 0
10 11 0
-2 -12 0
-2 -13 0
-2 -14 0
-12 -13 0
-12 -14 0
-13 -14 0
2 12 13 14 0
-15 -16 0
-15 -17 0
-15 -18 0
-15 -19 0
-15 -20 0
-16 -17 0
-16 -18 0
-16 -19 0
-16 -20 0
-17 -18 0
-17 -19 0
-17 -20 0
-18 -19 0
-18 -20 0
-19 -20 0
15 16 17 18 19 20 0
-15 -21 0
-15 -22 0
-15 -23 0
-15 -24 0
-21 -22 0
-21 -23 0
-21 -24 0
-22 -23 0
-22 -24 0
-23 -24 0
15 21 22 23 24 0
-3 -5 0
-3 -10 0
-3 -21 0
-3 -25 0
-3 -26 0
-3 -27 0
-5 -10 0
-5 -21 0
-5 -25 0
-5 -26 0
-5 -27 0
-10 -21 0
-10 -25 0
-10 -26 0
-10 -27 0
-21 -25 0
-21 -26 0
-21 -27 0
-25 -26 0
-25 -27 0
-26 -27 0
3 5 10 21 25 26 27 0
-4 -16 0
4 16 0
-6 -12 0
-6 -17 0
-6 -28 0
-6 -29 0
-6 -30 0
-12 -17 0
-12 -28 0
-12 -29 0
-12 -30 0
-17 -28 0
-17 -29 0
-17 -30 0
-28 -29 0
-28 -30 0
-29 -30 0
6 12 17 28 29 30 0
-7 -28 0
-7 -31 0
-7 -32 0
-28 -31 0
-28 -32 0
-31 -32 0
7 28 31 32 0
-22 -25 0
-22 -33 0
-22 -34 0
-25 -33 0
-25 -34 0
-33 -34 0
22 25 33 34 0
-31 -35 0
-31 -36 0
-35 -36 0
31 35 36 0
-35 -37 0
-35 -38 0
-37 -38 0
35 37 38 0
-13 -29 0
13 29 0
-8 -14 0
-8 -18 0
-8 -33 0
-8 -37 0
-8 -39 0
-14 -18 0
-14 -33 0
-14 -37 0
-14 -39 0
-18 -33 0
-18 -37 0
-18 -39 0
-33 -37 0
-33 -39 0
-37 -39 0
8 14 18 33 37 39 0
-19 -26 0
-19 -30 0
-19 -32 0
-26 -30 0
-26 -32 0
-30 -32 0
19 26 30 32 0
-20 -23 0
-20 -38 0
-20 -39 0
-23 -38 0
-23 -39 0
-38 -39 0
20 23 38 39 0
-9 -11 0
-9 -24 0
-9 -27 0
-9 -34 0
-9 -36 0
-11 -24 0
-11 -27 0
-11 -34 0
-11 -36 0
-24 -27 0
-24 -34 0
-24 -36 0
-27 -34 0
-27 -36 0
-34 -36 0
9 11 24 27 34 36 0
