p cnf 67 395
-1 -2 0
-1 -3 0
-1 -4 0
-1 -5 0
-2 -3 0
-2 -4 0
-2 -5 0
-3 -4 0
-3 -5 0
-4 -5 0
1 2 3 4 5 0
-6 -7 0
-6 -8 0
-6 -9 0
-7 -8 0
-7 -9 0
-8 -9 0
6 7 8 9 0
-10 -11 0
-10 -12 0
-11 -12 0
10 11 12 0
-6 -10 0
-6 -13 0
-6 -14 0
-6 -15 0
-6 -16 0
-6 -17 0
-6 -18 0
-6 -19 0
-10 -13 0
-10 -14 0
-10 -15 0
-10 -16 0
-10 -17 0
-10 -18 0
-10 -19 0
-13 -14 0
-13 -15 0
-13 -16 0
-13 -17 0
-13 -18 0
-13 -19 0
-14 -15 0
-14 -16 0
-14 -17 0
-14 -18 0
-14 -19 0
-15 -16 0
-15 -17 0
-15 -18 0
-15 -19 0
-16 -17 0
-16 -18 0
-16 -19 0
-17 -18 0
-17 -19 0
-18 -19 0
6 10 13 14 15 16 17 18 19 0
-20 -21 0
-20 -22 0
-21 -22 0
20 21 22 0
-23 -24 0
23 24 0
-23 -25 0
-23 -26 0
-23 -27 0
-23 -28 0
-23 -29 0
-23 -30 0
-25 -26 0
-25 -27 0
-25 -28 0
-25 -29 0
-25 -30 0
-26 -27 0
-26 -28 0
-26 -29 0
-26 -30 0
-27 -28 0
-27 -29 0
-27 -30 0
-28 -29 0
-28 -30 0
-29 -30 0
23 25 26 27 28 29 30 0
-1 -20 0
-1 -31 0
-1 -32 0
-1 -33 0
-1 -34 0
-1 -35 0
-1 -36 0
-1 -37 0
-1 -38 0
-20 -31 0
-20 -32 0
-20 -33 0
-20 -34 0
-20 -35 0
-20 -36 0
-20 -37 0
-20 -38 0
-31 -32 0
-31 -33 0
-31 -34 0
-31 -35 0
-31 -36 0
-31 -37 0
-31 -38 0
-32 -33 0
-32 -34 0
-32 -35 0
-32 -36 0
-32 -37 0
-32 -38 0
-33 -34 0
-33 -35 0
-33 -36 0
-33 -37 0
-33 -38 0
-34 -35 0
-34 -36 0
-34 -37 0
-34 -38 0
-35 -36 0
-35 -37 0
-35 -38 0
-36 -37 0
-36 -38 0
-37 -38 0
1 20 31 32 33 34 35 36 37 38 0
-2 -13 0
-2 -24 0
-2 -25 0
-2 -39 0
-2 -40 0
-2 -41 0
-2 -42 0
-13 -24 0
-13 -25 0
-13 -39 0
-13 -40 0
-13 -41 0
-13 -42 0
-24 -25 0
-24 -39 0
-24 -40 0
-24 -41 0
-24 -42 0
-25 -39 0
-25 -40 0
-25 -41 0
-25 -42 0
-39 -40 0
-39 -41 0
-39 -42 0
-40 -41 0
-40 -42 0
-41 -42 0
2 13 24 25 39 40 41 42 0
-3 -14 0
-3 -43 0
-3 -44 0
-14 -43 0
-14 -44 0
-43 -44 0
3 14 43 44 0
-4 -7 0
-4 -21 0
-4 -26 0
-4 -31 0
-4 -45 0
-4 -46 0
-4 -47 0
-7 -21 0
-7 -26 0
-7 -31 0
-7 -45 0
-7 -46 0
-7 -47 0
-21 -26 0
-21 -31 0
-21 -45 0
-21 -46 0
-21 -47 0
-26 -31 0
-26 -45 0
-26 -46 0
-26 -47 0
-31 -45 0
-31 -46 0
-31 -47 0
-45 -46 0
-45 -47 0
-46 -47 0
4 7 21 26 31 45 46 47 0
-43 -45 0
-43 -48 0
-43 -49 0
-45 -48 0
-45 -49 0
-48 -49 0
43 45 48 49 0
-27 -48 0
-27 -50 0
-27 -51 0
-27 -52 0
-48 -50 0
-48 -51 0
-48 -52 0
-50 -51 0
-50 -52 0
-51 -52 0
27 48 50 51 52 0
-15 -32 0
-15 -39 0
-15 -53 0
-15 -54 0
-32 -39 0
-32 -53 0
-32 -54 0
-39 -53 0
-39 -54 0
-53 -54 0
15 32 39 53 54 0
-16 -33 0
-16 -40 0
-16 -55 0
-16 -56 0
-16 -57 0
-16 -58 0
-16 -59 0
-33 -40 0
-33 -55 0
-33 -56 0
-33 -57 0
-33 -58 0
-33 -59 0
-40 -55 0
-40 -56 0
-40 -57 0
-40 -58 0
-40 -59 0
-55 -56 0
-55 -57 0
-55 -58 0
-55 -59 0
-56 -57 0
-56 -58 0
-56 -59 0
-57 -58 0
-57 -59 0
-58 -59 0
16 33 40 55 56 57 58 59 0
-5 -11 0
-5 -34 0
-5 -41 0
-5 -50 0
-11 -34 0
-11 -41 0
-11 -50 0
-34 -41 0
-34 -50 0
-41 -50 0
5 11 34 41 50 0
-17 -55 0
-17 -60 0
-17 -61 0
-55 -60 0
-55 -61 0
-60 -61 0
17 55 60 61 0
-8 -18 0
-8 -28 0
-8 -46 0
-8 -49 0
-8 -56 0
-8 -60 0
-8 -62 0
-8 -63 0
-18 -28 0
-18 -46 0
-18 -49 0
-18 -56 0
-18 -60 0
-18 -62 0
-18 -63 0
-28 -46 0
-28 -49 0
-28 -56 0
-28 -60 0
-28 -62 0
-28 -63 0
-46 -49 0
-46 -56 0
-46 -60 0
-46 -62 0
-46 -63 0
-49 -56 0
-49 -60 0
-49 -62 0
-49 -63 0
-56 -60 0
-56 -62 0
-56 -63 0
-60 -62 0
-60 -63 0
-62 -63 0
8 18 28 46 49 56 60 62 63 0
-9 -12 0
-9 -19 0
-9 -35 0
-9 -62 0
-9 -64 0
-9 -65 0
-12 -19 0
-12 -35 0
-12 -62 0
-12 -64 0
-12 -65 0
-19 -35 0
-19 -62 0
-19 -64 0
-19 -65 0
-35 -62 0
-35 -64 0
-35 -65 0
-62 -64 0
-62 -65 0
-64 -65 0
9 12 19 35 62 64 65 0
-22 -47 0
-22 -57 0
-22 -61 0
-22 -66 0
-47 -57 0
-47 -61 0
-47 -66 0
-57 -61 0
-57 -66 0
-61 -66 0
22 47 57 61 66 0
-29 -36 0
-29 -42 0
-29 -53 0
-29 -58 0
-29 -63 0
-29 -64 0
-29 -67 0
-36 -42 0
-36 -53 0
-36 -58 0
-36 -63 0
-36 -64 0
-36 -67 0
-42 -53 0
-42 -58 0
-42 -63 0
-42 -64 0
-42 -67 0
-53 -58 0
-53 -63 0
-53 -64 0
-53 -67 0
-58 -63 0
-58 -64 0
-58 -67 0
-63 -64 0
-63 -67 0
-64 -67 0
29 36 42 53 58 63 64 67 0
-37 -59 0
37 59 0
-30 -38 0
-30 -44 0
-30 -51 0
-30 -54 0
-30 -66 0
-38 -44 0
-38 -51 0
-38 -54 0
-38 -66 0
-44 -51 0
-44 -54 0
-44 -66 0
-51 -54 0
-51 -66 0
-54 -66 0
30 38 44 51 54 66 0
-52 -65 0
-52 -67 0
-65 -67 0
52 65 67 0
