p cnf 70 411
-1 -2 0
-1 -3 0
-1 -4 0
-1 -5 0
-2 -3 0
-2 -4 0
-2 -5 0
-3 -4 0
-3 -5 0
-4 -5 0
1 2 3 4 5 0
-6 -7 0
-6 -8 0
-6 -9 0
-7 -8 0
-7 -9 0
-8 -9 0
6 7 8 9 0
-1 -10 0
-1 -11 0
-1 -12 0
-1 -13 0
-1 -14 0
-1 -15 0
-1 -16 0
-1 -17 0
-10 -11 0
-10 -12 0
-10 -13 0
-10 -14 0
-10 -15 0
-10 -16 0
-10 -17 0
-11 -12 0
-11 -13 0
-11 -14 0
-11 -15 0
-11 -16 0
-11 -17 0
-12 -13 0
-12 -14 0
-12 -15 0
-12 -16 0
-12 -17 0
-13 -14 0
-13 -15 0
-13 -16 0
-13 -17 0
-14 -15 0
-14 -16 0
-14 -17 0
-15 -16 0
-15 -17 0
-16 -17 0
1 10 11 12 13 14 15 16 17 0
-18 -19 0
-18 -20 0
-18 -21 0
-19 -20 0
-19 -21 0
-20 -21 0
18 19 20 21 0
-10 -22 0
-10 -23 0
-10 -24 0
-10 -25 0
-10 -26 0
-22 -23 0
-22 -24 0
-22 -25 0
-22 -26 0
-23 -24 0
-23 -25 0
-23 -26 0
-24 -25 0
-24 -26 0
-25 -26 0
10 22 23 24 25 26 0
-11 -27 0
-11 -28 0
-27 -28 0
11 27 28 0
-12 -29 0
-12 -30 0
-12 -31 0
-29 -30 0
-29 -31 0
-30 -31 0
12 29 30 31 0
-2 -6 0
-2 -32 0
-2 -33 0
-6 -32 0
-6 -33 0
-32 -33 0
2 6 32 33 0
-22 -34 0
-22 -35 0
-22 -36 0
-34 -35 0
-34 -36 0
-35 -36 0
22 34 35 36 0
-3 -18 0
-3 -23 0
-3 -37 0
-3 -38 0
-3 -39 0
-3 -40 0
-3 -41 0
-3 -42 0
-3 -43 0
-3 -44 0
-18 -23 0
-18 -37 0
-18 -38 0
-18 -39 0
-18 -40 0
-18 -41 0
-18 -42 0
-18 -43 0
-18 -44 0
-23 -37 0
-23 -38 0
-23 -39 0
-23 -40 0
-23 -41 0
-23 -42 0
-23 -43 0
-23 -44 0
-37 -38 0
-37 -39 0
-37 -40 0
-37 -41 0
-37 -42 0
-37 -43 0
-37 -44 0
-38 -39 0
-38 -40 0
-38 -41 0
-38 -42 0
-38 -43 0
-38 -44 0
-39 -40 0
-39 -41 0
-39 -42 0
-39 -43 0
-39 -44 0
-40 -41 0
-40 -42 0
-40 -43 0
-40 -44 0
-41 -42 0
-41 -43 0
-41 -44 0
-42 -43 0
-42 -44 0
-43 -44 0
3 18 23 37 38 39 40 41 42 43 44 0
-13 -24 0
-13 -32 0
-13 -37 0
-13 -45 0
-13 -46 0
-13 -47 0
-24 -32 0
-24 -37 0
-24 -45 0
-24 -46 0
-24 -47 0
-32 -37 0
-32 -45 0
-32 -46 0
-32 -47 0
-37 -45 0
-37 -46 0
-37 -47 0
-45 -46 0
-45 -47 0
-46 -47 0
13 24 32 37 45 46 47 0
-4 -14 0
-4 -29 0
-4 -38 0
-4 -45 0
-4 -48 0
-4 -49 0
-4 -50 0
-14 -29 0
-14 -38 0
-14 -45 0
-14 -48 0
-14 -49 0
-14 -50 0
-29 -38 0
-29 -45 0
-29 -48 0
-29 -49 0
-29 -50 0
-38 -45 0
-38 -48 0
-38 -49 0
-38 -50 0
-45 -48 0
-45 -49 0
-45 -50 0
-48 -49 0
-48 -50 0
-49 -50 0
4 14 29 38 45 48 49 50 0
-27 -34 0
-27 -39 0
-27 -46 0
-27 -51 0
-27 -52 0
-27 -53 0
-34 -39 0
-34 -46 0
-34 -51 0
-34 -52 0
-34 -53 0
-39 -46 0
-39 -51 0
-39 -52 0
-39 -53 0
-46 -51 0
-46 -52 0
-46 -53 0
-51 -52 0
-51 -53 0
-52 -53 0
27 34 39 46 51 52 53 0
-5 -28 0
-5 -48 0
-5 -54 0
-5 -55 0
-5 -56 0
-28 -48 0
-28 -54 0
-28 -55 0
-28 -56 0
-48 -54 0
-48 -55 0
-48 -56 0
-54 -55 0
-54 -56 0
-55 -56 0
5 28 48 54 55 56 0
-15 -30 0
-15 -51 0
-15 -54 0
-15 -57 0
-15 -58 0
-15 -59 0
-15 -60 0
-30 -51 0
-30 -54 0
-30 -57 0
-30 -58 0
-30 -59 0
-30 -60 0
-51 -54 0
-51 -57 0
-51 -58 0
-51 -59 0
-51 -60 0
-54 -57 0
-54 -58 0
-54 -59 0
-54 -60 0
-57 -58 0
-57 -59 0
-57 -60 0
-58 -59 0
-58 -60 0
-59 -60 0
15 30 51 54 57 58 59 60 0
-19 -40 0
-19 -55 0
-19 -57 0
-19 -61 0
-19 -62 0
-40 -55 0
-40 -57 0
-40 -61 0
-40 -62 0
-55 -57 0
-55 -61 0
-55 -62 0
-57 -61 0
-57 -62 0
-61 -62 0
19 40 55 57 61 62 0
-7 -16 0
-7 -20 0
-7 -35 0
-7 -41 0
-7 -58 0
-7 -61 0
-7 -63 0
-16 -20 0
-16 -35 0
-16 -41 0
-16 -58 0
-16 -61 0
-16 -63 0
-20 -35 0
-20 -41 0
-20 -58 0
-20 -61 0
-20 -63 0
-35 -41 0
-35 -58 0
-35 -61 0
-35 -63 0
-41 -58 0
-41 -61 0
-41 -63 0
-58 -61 0
-58 -63 0
-61 -63 0
7 16 20 35 41 58 61 63 0
-42 -52 0
-42 -64 0
-42 -65 0
-52 -64 0
-52 -65 0
-64 -65 0
42 52 64 65 0
-33 -43 0
-33 -62 0
-33 -66 0
-43 -62 0
-43 -66 0
-62 -66 0
33 43 62 66 0
-8 -25 0
-8 -59 0
-8 -66 0
-25 -59 0
-25 -66 0
-59 -66 0
8 25 59 66 0
-17 -26 0
-17 -36 0
-17 -49 0
-17 -60 0
-17 -63 0
-17 -67 0
-17 -68 0
-26 -36 0
-26 -49 0
-26 -60 0
-26 -63 0
-26 -67 0
-26 -68 0
-36 -49 0
-36 -60 0
-36 -63 0
-36 -67 0
-36 -68 0
-49 -60 0
-49 -63 0
-49 -67 0
-49 -68 0
-60 -63 0
-60 -67 0
-60 -68 0
-63 -67 0
-63 -68 0
-67 -68 0
17 26 36 49 60 63 67 68 0
-9 -44 0
-9 -53 0
-9 -64 0
-9 -67 0
-9 -69 0
-44 -53 0
-44 -64 0
-44 -67 0
-44 -69 0
-53 -64 0
-53 -67 0
-53 -69 0
-64 -67 0
-64 -69 0
-67 -69 0
9 44 53 64 67 69 0
-31 -50 0
-31 -65 0
-31 -70 0
-50 -65 0
-50 -70 0
-65 -70 0
31 50 65 70 0
-21 -47 0
-21 -56 0
-21 -68 0
-21 -69 0
-21 -70 0
-47 -56 0
-47 -68 0
-47 -69 0
-47 -70 0
-56 -68 0
-56 -69 0
-56 -70 0
-68 -69 0
-68 -70 0
-69 -70 0
21 47 56 68 69 70 0
