p cnf 27 69
11 12 0
13 14 15 16 0
-17 -21 0
-17 -25 0
-21 -25 0
-1 -3 0
-1 -8 0
-1 -13 0
-1 -18 0
-1 -22 0
-3 -8 0
-3 -13 0
-3 -18 0
-3 -22 0
-8 -13 0
-8 -18 0
-8 -22 0
-13 -18 0
-13 -22 0
-18 -22 0
-2 -6 0
-2 -11 0
-2 -14 0
-2 -19 0
-2 -23 0
-6 -11 0
-6 -14 0
-6 -19 0
-6 -23 0
-11 -14 0
-11 -19 0
-11 -23 0
-14 -19 0
-14 -23 0
-19 -23 0
-4 -9 0
-4 -15 0
-4 -26 0
-9 -15 0
-9 -26 0
-15 -26 0
-5 -7 0
-5 -10 0
-5 -12 0
-5 -16 0
-5 -20 0
-5 -24 0
-5 -27 0
-7 -10 0
-7 -12 0
-7 -16 0
-7 -20 0
-7 -24 0
-7 -27 0
-10 -12 0
-10 -16 0
-10 -20 0
-10 -24 0
-10 -27 0
-12 -16 0
-12 -20 0
-12 -24 0
-12 -27 0
-16 -20 0
-16 -24 0
-16 -27 0
-20 -24 0
-20 -27 0
-24 -27 0
