p cnf 107 459
1 2 3 0
-1 -2 0
-1 -3 0
-2 -3 0
4 5 6 7 0
-4 -5 0
-4 -6 0
-4 -7 0
-5 -6 0
-5 -7 0
-6 -7 0
8 9 10 11 0
-8 -9 0
-8 -10 0
-8 -11 0
-9 -10 0
-9 -11 0
-10 -11 0
12 13 14 15 0
-12 -13 0
-12 -14 0
-12 -15 0
-13 -14 0
-13 -15 0
-14 -15 0
16 17 18 19 0
-16 -17 0
-16 -18 0
-16 -19 0
-17 -18 0
-17 -19 0
-18 -19 0
20 21 22 0
-20 -21 0
-20 -22 0
-21 -22 0
23 24 25 0
-23 -24 0
-23 -25 0
-24 -25 0
26 27 28 29 0
-26 -27 0
-26 -28 0
-26 -29 0
-27 -28 0
-27 -29 0
-28 -29 0
30 31 32 33 0
-30 -31 0
-30 -32 0
-30 -33 0
-31 -32 0
-31 -33 0
-32 -33 0
34 35 36 37 0
-34 -35 0
-34 -36 0
-34 -37 0
-35 -36 0
-35 -37 0
-36 -37 0
38 39 40 41 0
-38 -39 0
-38 -40 0
-38 -41 0
-39 -40 0
-39 -41 0
-40 -41 0
42 43 44 0
-42 -43 0
-42 -44 0
-43 -44 0
45 46 47 48 0
-45 -46 0
-45 -47 0
-45 -48 0
-46 -47 0
-46 -48 0
-47 -48 0
49 50 51 52 0
-49 -50 0
-49 -51 0
-49 -52 0
-50 -51 0
-50 -52 0
-51 -52 0
53 54 55 56 0
-53 -54 0
-53 -55 0
-53 -56 0
-54 -55 0
-54 -56 0
-55 -56 0
57 58 59 0
-57 -58 0
-57 -59 0
-58 -59 0
60 61 62 63 0
-60 -61 0
-60 -62 0
-60 -63 0
-61 -62 0
-61 -63 0
-62 -63 0
64 65 66 67 0
-64 -65 0
-64 -66 0
-64 -67 0
-65 -66 0
-65 -67 0
-66 -67 0
68 69 70 71 0
-68 -69 0
-68 -70 0
-68 -71 0
-69 -70 0
-69 -71 0
-70 -71 0
72 73 74 75 0
-72 -73 0
-72 -74 0
-72 -75 0
-73 -74 0
-73 -75 0
-74 -75 0
76 77 78 79 0
-76 -77 0
-76 -78 0
-76 -79 0
-77 -78 0
-77 -79 0
-78 -79 0
80 81 82 0
-80 -81 0
-80 -82 0
-81 -82 0
83 84 85 86 0
-83 -84 0
-83 -85 0
-83 -86 0
-84 -85 0
-84 -86 0
-85 -86 0
87 88 89 90 0
-87 -88 0
-87 -89 0
-87 -90 0
-88 -89 0
-88 -90 0
-89 -90 0
91 92 93 94 0
-91 -92 0
-91 -93 0
-91 -94 0
-92 -93 0
-92 -94 0
-93 -94 0
95 96 97 0
-95 -96 0
-95 -97 0
-96 -97 0
98 99 100 0
-98 -99 0
-98 -100 0
-99 -100 0
101 102 103 104 0
-101 -102 0
-101 -103 0
-101 -104 0
-102 -103 0
-102 -104 0
-103 -104 0
105 106 107 0
-105 -106 0
-105 -107 0
-106 -107 0
-1 -17 0
-2 -18 0
-3 -19 0
-1 -27 0
-2 -28 0
-3 -29 0
-1 -35 0
-2 -36 0
-3 -37 0
-1 -39 0
-2 -40 0
-3 -41 0
-1 -46 0
-2 -47 0
-3 -48 0
-1 -54 0
-2 -55 0
-3 -56 0
-1 -69 0
-2 -70 0
-3 -71 0
-4 -26 0
-5 -27 0
-6 -28 0
-7 -29 0
-4 -49 0
-5 -50 0
-6 -51 0
-7 -52 0
-5 -95 0
-6 -96 0
-7 -97 0
-8 -12 0
-9 -13 0
-10 -14 0
-11 -15 0
-8 -38 0
-9 -39 0
-10 -40 0
-11 -41 0
-9 -57 0
-10 -58 0
-11 -59 0
-8 -101 0
-9 -102 0
-10 -103 0
-11 -104 0
-13 -20 0
-14 -21 0
-15 -22 0
-12 -34 0
-13 -35 0
-14 -36 0
-15 -37 0
-12 -49 0
-13 -50 0
-14 -51 0
-15 -52 0
-12 -76 0
-13 -77 0
-14 -78 0
-15 -79 0
-13 -80 0
-14 -81 0
-15 -82 0
-12 -87 0
-13 -88 0
-14 -89 0
-15 -90 0
-12 -91 0
-13 -92 0
-14 -93 0
-15 -94 0
-16 -38 0
-17 -39 0
-18 -40 0
-19 -41 0
-16 -45 0
-17 -46 0
-18 -47 0
-19 -48 0
-17 -57 0
-18 -58 0
-19 -59 0
-16 -83 0
-17 -84 0
-18 -85 0
-19 -86 0
-16 -91 0
-17 -92 0
-18 -93 0
-19 -94 0
-16 -101 0
-17 -102 0
-18 -103 0
-19 -104 0
-20 -42 0
-21 -43 0
-22 -44 0
-20 -54 0
-21 -55 0
-22 -56 0
-20 -61 0
-21 -62 0
-22 -63 0
-20 -95 0
-21 -96 0
-22 -97 0
-20 -102 0
-21 -103 0
-22 -104 0
-23 -65 0
-24 -66 0
-25 -67 0
-23 -84 0
-24 -85 0
-25 -86 0
-23 -102 0
-24 -103 0
-25 -104 0
-26 -64 0
-27 -65 0
-28 -66 0
-29 -67 0
-26 -68 0
-27 -69 0
-28 -70 0
-29 -71 0
-27 -105 0
-28 -106 0
-29 -107 0
-30 -68 0
-31 -69 0
-32 -70 0
-33 -71 0
-30 -83 0
-31 -84 0
-32 -85 0
-33 -86 0
-31 -95 0
-32 -96 0
-33 -97 0
-30 -101 0
-31 -102 0
-32 -103 0
-33 -104 0
-34 -49 0
-35 -50 0
-36 -51 0
-37 -52 0
-34 -53 0
-35 -54 0
-36 -55 0
-37 -56 0
-34 -76 0
-35 -77 0
-36 -78 0
-37 -79 0
-35 -95 0
-36 -96 0
-37 -97 0
-35 -105 0
-36 -106 0
-37 -107 0
-38 -49 0
-39 -50 0
-40 -51 0
-41 -52 0
-38 -64 0
-39 -65 0
-40 -66 0
-41 -67 0
-38 -68 0
-39 -69 0
-40 -70 0
-41 -71 0
-38 -76 0
-39 -77 0
-40 -78 0
-41 -79 0
-39 -80 0
-40 -81 0
-41 -82 0
-39 -105 0
-40 -106 0
-41 -107 0
-42 -50 0
-43 -51 0
-44 -52 0
-42 -73 0
-43 -74 0
-44 -75 0
-42 -80 0
-43 -81 0
-44 -82 0
-42 -88 0
-43 -89 0
-44 -90 0
-45 -53 0
-46 -54 0
-47 -55 0
-48 -56 0
-46 -57 0
-47 -58 0
-48 -59 0
-46 -95 0
-47 -96 0
-48 -97 0
-49 -72 0
-50 -73 0
-51 -74 0
-52 -75 0
-50 -80 0
-51 -81 0
-52 -82 0
-49 -101 0
-50 -102 0
-51 -103 0
-52 -104 0
-53 -68 0
-54 -69 0
-55 -70 0
-56 -71 0
-53 -72 0
-54 -73 0
-55 -74 0
-56 -75 0
-53 -76 0
-54 -77 0
-55 -78 0
-56 -79 0
-54 -98 0
-55 -99 0
-56 -100 0
-57 -69 0
-58 -70 0
-59 -71 0
-57 -95 0
-58 -96 0
-59 -97 0
-60 -76 0
-61 -77 0
-62 -78 0
-63 -79 0
-64 -68 0
-65 -69 0
-66 -70 0
-67 -71 0
-65 -98 0
-66 -99 0
-67 -100 0
-65 -105 0
-66 -106 0
-67 -107 0
-68 -72 0
-69 -73 0
-70 -74 0
-71 -75 0
-68 -91 0
-69 -92 0
-70 -93 0
-71 -94 0
-68 -101 0
-69 -102 0
-70 -103 0
-71 -104 0
-72 -83 0
-73 -84 0
-74 -85 0
-75 -86 0
-72 -91 0
-73 -92 0
-74 -93 0
-75 -94 0
-77 -80 0
-78 -81 0
-79 -82 0
-80 -98 0
-81 -99 0
-82 -100 0
-92 -98 0
-93 -99 0
-94 -100 0
