p cnf 207 813
1 2 3 4 5 6 7 8 9 10 11 12 13 14 15 16 17 18 19 20 21 0
22 23 24 25 26 27 28 29 30 31 32 33 34 35 36 37 38 39 40 41 42 0
43 44 45 46 47 48 49 50 51 52 53 54 55 56 57 58 59 60 61 62 0
63 64 65 66 67 68 69 70 71 72 73 74 75 76 77 78 79 80 81 82 0
83 84 85 86 87 88 89 90 91 92 93 94 95 96 97 98 99 100 101 102 0
103 104 105 106 107 108 109 110 111 112 113 114 115 116 117 118 119 120 121 122 123 0
124 125 126 127 128 129 130 131 132 133 134 135 136 137 138 139 140 141 142 143 144 145 146 0
147 148 149 150 151 152 153 154 155 156 157 158 159 160 161 162 163 164 0
165 166 167 168 169 170 171 172 173 174 175 176 177 178 179 180 181 182 183 184 185 186 0
-1 -43 0
-1 -63 0
-1 -83 0
-1 -103 0
-1 -124 0
-1 -147 0
-1 -165 0
-1 -187 0
-43 -63 0
-43 -83 0
-43 -103 0
-43 -124 0
-43 -147 0
-43 -165 0
-43 -187 0
-63 -83 0
-63 -103 0
-63 -124 0
-63 -147 0
-63 -165 0
-63 -187 0
-83 -103 0
-83 -124 0
-83 -147 0
-83 -165 0
-83 -187 0
-103 -124 0
-103 -147 0
-103 -165 0
-103 -187 0
-124 -147 0
-124 -165 0
-124 -187 0
-147 -165 0
-147 -187 0
-165 -187 0
-2 -22 0
-2 -44 0
-2 -84 0
-2 -104 0
-2 -125 0
-2 -148 0
-2 -166 0
-2 -188 0
-22 -44 0
-22 -84 0
-22 -104 0
-22 -125 0
-22 -148 0
-22 -166 0
-22 -188 0
-44 -84 0
-44 -104 0
-44 -125 0
-44 -148 0
-44 -166 0
-44 -188 0
-84 -104 0
-84 -125 0
-84 -148 0
-84 -166 0
-84 -188 0
-104 -125 0
-104 -148 0
-104 -166 0
-104 -188 0
-125 -148 0
-125 -166 0
-125 -188 0
-148 -166 0
-148 -188 0
-166 -188 0
-3 -23 0
-3 -45 0
-3 -85 0
-3 -105 0
-3 -126 0
-3 -149 0
-3 -167 0
-3 -189 0
-23 -45 0
-23 -85 0
-23 -105 0
-23 -126 0
-23 -149 0
-23 -167 0
-23 -189 0
-45 -85 0
-45 -105 0
-45 -126 0
-45 -149 0
-45 -167 0
-45 -189 0
-85 -105 0
-85 -126 0
-85 -149 0
-85 -167 0
-85 -189 0
-105 -126 0
-105 -149 0
-105 -167 0
-105 -189 0
-126 -149 0
-126 -167 0
-126 -189 0
-149 -167 0
-149 -189 0
-167 -189 0
-4 -24 0
-4 -46 0
-4 -64 0
-4 -86 0
-4 -106 0
-4 -127 0
-4 -150 0
-4 -168 0
-4 -190 0
-24 -46 0
-24 -64 0
-24 -86 0
-24 -106 0
-24 -127 0
-24 -150 0
-24 -168 0
-24 -190 0
-46 -64 0
-46 -86 0
-46 -106 0
-46 -127 0
-46 -150 0
-46 -168 0
-46 -190 0
-64 -86 0
-64 -106 0
-64 -127 0
-64 -150 0
-64 -168 0
-64 -190 0
-86 -106 0
-86 -127 0
-86 -150 0
-86 -168 0
-86 -190 0
-106 -127 0
-106 -150 0
-106 -168 0
-106 -190 0
-127 -150 0
-127 -168 0
-127 -190 0
-150 -168 0
-150 -190 0
-168 -190 0
-5 -25 0
-5 -47 0
-5 -87 0
-5 -128 0
-5 -151 0
-5 -169 0
-5 -191 0
-25 -47 0
-25 -87 0
-25 -128 0
-25 -151 0
-25 -169 0
-25 -191 0
-47 -87 0
-47 -128 0
-47 -151 0
-47 -169 0
-47 -191 0
-87 -128 0
-87 -151 0
-87 -169 0
-87 -191 0
-128 -151 0
-128 -169 0
-128 -191 0
-151 -169 0
-151 -191 0
-169 -191 0
-6 -48 0
-6 -65 0
-6 -107 0
-6 -129 0
-6 -170 0
-48 -65 0
-48 -107 0
-48 -129 0
-48 -170 0
-65 -107 0
-65 -129 0
-65 -170 0
-107 -129 0
-107 -170 0
-129 -170 0
-7 -26 0
-7 -49 0
-7 -66 0
-7 -88 0
-7 -108 0
-7 -130 0
-7 -152 0
-7 -171 0
-7 -192 0
-26 -49 0
-26 -66 0
-26 -88 0
-26 -108 0
-26 -130 0
-26 -152 0
-26 -171 0
-26 -192 0
-49 -66 0
-49 -88 0
-49 -108 0
-49 -130 0
-49 -152 0
-49 -171 0
-49 -192 0
-66 -88 0
-66 -108 0
-66 -130 0
-66 -152 0
-66 -171 0
-66 -192 0
-88 -108 0
-88 -130 0
-88 -152 0
-88 -171 0
-88 -192 0
-108 -130 0
-108 -152 0
-108 -171 0
-108 -192 0
-130 -152 0
-130 -171 0
-130 -192 0
-152 -171 0
-152 -192 0
-171 -192 0
-8 -27 0
-8 -50 0
-8 -67 0
-8 -89 0
-8 -109 0
-8 -131 0
-8 -172 0
-8 -193 0
-27 -50 0
-27 -67 0
-27 -89 0
-27 -109 0
-27 -131 0
-27 -172 0
-27 -193 0
-50 -67 0
-50 -89 0
-50 -109 0
-50 -131 0
-50 -172 0
-50 -193 0
-67 -89 0
-67 -109 0
-67 -131 0
-67 -172 0
-67 -193 0
-89 -109 0
-89 -131 0
-89 -172 0
-89 -193 0
-109 -131 0
-109 -172 0
-109 -193 0
-131 -172 0
-131 -193 0
-172 -193 0
-9 -28 0
-9 -51 0
-9 -68 0
-9 -110 0
-9 -132 0
-9 -173 0
-9 -194 0
-28 -51 0
-28 -68 0
-28 -110 0
-28 -132 0
-28 -173 0
-28 -194 0
-51 -68 0
-51 -110 0
-51 -132 0
-51 -173 0
-51 -194 0
-68 -110 0
-68 -132 0
-68 -173 0
-68 -194 0
-110 -132 0
-110 -173 0
-110 -194 0
-132 -173 0
-132 -194 0
-173 -194 0
-10 -52 0
-10 -69 0
-10 -111 0
-10 -133 0
-10 -153 0
-10 -174 0
-10 -195 0
-52 -69 0
-52 -111 0
-52 -133 0
-52 -153 0
-52 -174 0
-52 -195 0
-69 -111 0
-69 -133 0
-69 -153 0
-69 -174 0
-69 -195 0
-111 -133 0
-111 -153 0
-111 -174 0
-111 -195 0
-133 -153 0
-133 -174 0
-133 -195 0
-153 -174 0
-153 -195 0
-174 -195 0
-11 -29 0
-11 -90 0
-11 -112 0
-11 -134 0
-11 -154 0
-11 -175 0
-29 -90 0
-29 -112 0
-29 -134 0
-29 -154 0
-29 -175 0
-90 -112 0
-90 -134 0
-90 -154 0
-90 -175 0
-112 -134 0
-112 -154 0
-112 -175 0
-134 -154 0
-134 -175 0
-154 -175 0
-12 -30 0
-12 -53 0
-12 -70 0
-12 -91 0
-12 -113 0
-12 -135 0
-12 -176 0
-12 -196 0
-30 -53 0
-30 -70 0
-30 -91 0
-30 -113 0
-30 -135 0
-30 -176 0
-30 -196 0
-53 -70 0
-53 -91 0
-53 -113 0
-53 -135 0
-53 -176 0
-53 -196 0
-70 -91 0
-70 -113 0
-70 -135 0
-70 -176 0
-70 -196 0
-91 -113 0
-91 -135 0
-91 -176 0
-91 -196 0
-113 -135 0
-113 -176 0
-113 -196 0
-135 -176 0
-135 -196 0
-176 -196 0
-31 -54 0
-31 -71 0
-31 -92 0
-31 -114 0
-31 -136 0
-31 -177 0
-31 -197 0
-54 -71 0
-54 -92 0
-54 -114 0
-54 -136 0
-54 -177 0
-54 -197 0
-71 -92 0
-71 -114 0
-71 -136 0
-71 -177 0
-71 -197 0
-92 -114 0
-92 -136 0
-92 -177 0
-92 -197 0
-114 -136 0
-114 -177 0
-114 -197 0
-136 -177 0
-136 -197 0
-177 -197 0
-13 -32 0
-13 -72 0
-13 -93 0
-13 -115 0
-13 -137 0
-13 -155 0
-13 -178 0
-13 -198 0
-32 -72 0
-32 -93 0
-32 -115 0
-32 -137 0
-32 -155 0
-32 -178 0
-32 -198 0
-72 -93 0
-72 -115 0
-72 -137 0
-72 -155 0
-72 -178 0
-72 -198 0
-93 -115 0
-93 -137 0
-93 -155 0
-93 -178 0
-93 -198 0
-115 -137 0
-115 -155 0
-115 -178 0
-115 -198 0
-137 -155 0
-137 -178 0
-137 -198 0
-155 -178 0
-155 -198 0
-178 -198 0
-33 -73 0
-33 -94 0
-33 -116 0
-33 -138 0
-33 -156 0
-33 -179 0
-33 -199 0
-73 -94 0
-73 -116 0
-73 -138 0
-73 -156 0
-73 -179 0
-73 -199 0
-94 -116 0
-94 -138 0
-94 -156 0
-94 -179 0
-94 -199 0
-116 -138 0
-116 -156 0
-116 -179 0
-116 -199 0
-138 -156 0
-138 -179 0
-138 -199 0
-156 -179 0
-156 -199 0
-179 -199 0
-14 -34 0
-14 -55 0
-14 -74 0
-14 -95 0
-14 -117 0
-14 -139 0
-14 -157 0
-14 -200 0
-34 -55 0
-34 -74 0
-34 -95 0
-34 -117 0
-34 -139 0
-34 -157 0
-34 -200 0
-55 -74 0
-55 -95 0
-55 -117 0
-55 -139 0
-55 -157 0
-55 -200 0
-74 -95 0
-74 -117 0
-74 -139 0
-74 -157 0
-74 -200 0
-95 -117 0
-95 -139 0
-95 -157 0
-95 -200 0
-117 -139 0
-117 -157 0
-117 -200 0
-139 -157 0
-139 -200 0
-157 -200 0
-15 -35 0
-15 -75 0
-15 -96 0
-15 -118 0
-15 -140 0
-35 -75 0
-35 -96 0
-35 -118 0
-35 -140 0
-75 -96 0
-75 -118 0
-75 -140 0
-96 -118 0
-96 -140 0
-118 -140 0
-16 -36 0
-16 -56 0
-16 -76 0
-16 -119 0
-16 -141 0
-16 -158 0
-16 -180 0
-16 -201 0
-36 -56 0
-36 -76 0
-36 -119 0
-36 -141 0
-36 -158 0
-36 -180 0
-36 -201 0
-56 -76 0
-56 -119 0
-56 -141 0
-56 -158 0
-56 -180 0
-56 -201 0
-76 -119 0
-76 -141 0
-76 -158 0
-76 -180 0
-76 -201 0
-119 -141 0
-119 -158 0
-119 -180 0
-119 -201 0
-141 -158 0
-141 -180 0
-141 -201 0
-158 -180 0
-158 -201 0
-180 -201 0
-17 -37 0
-17 -57 0
-17 -77 0
-17 -97 0
-17 -120 0
-17 -142 0
-17 -159 0
-17 -181 0
-17 -202 0
-37 -57 0
-37 -77 0
-37 -97 0
-37 -120 0
-37 -142 0
-37 -159 0
-37 -181 0
-37 -202 0
-57 -77 0
-57 -97 0
-57 -120 0
-57 -142 0
-57 -159 0
-57 -181 0
-57 -202 0
-77 -97 0
-77 -120 0
-77 -142 0
-77 -159 0
-77 -181 0
-77 -202 0
-97 -120 0
-97 -142 0
-97 -159 0
-97 -181 0
-97 -202 0
-120 -142 0
-120 -159 0
-120 -181 0
-120 -202 0
-142 -159 0
-142 -181 0
-142 -202 0
-159 -181 0
-159 -202 0
-181 -202 0
-38 -58 0
-38 -78 0
-38 -98 0
-38 -143 0
-38 -160 0
-38 -182 0
-38 -203 0
-58 -78 0
-58 -98 0
-58 -143 0
-58 -160 0
-58 -182 0
-58 -203 0
-78 -98 0
-78 -143 0
-78 -160 0
-78 -182 0
-78 -203 0
-98 -143 0
-98 -160 0
-98 -182 0
-98 -203 0
-143 -160 0
-143 -182 0
-143 -203 0
-160 -182 0
-160 -203 0
-182 -203 0
-18 -39 0
-18 -59 0
-18 -79 0
-18 -99 0
-18 -144 0
-18 -161 0
-18 -183 0
-18 -204 0
-39 -59 0
-39 -79 0
-39 -99 0
-39 -144 0
-39 -161 0
-39 -183 0
-39 -204 0
-59 -79 0
-59 -99 0
-59 -144 0
-59 -161 0
-59 -183 0
-59 -204 0
-79 -99 0
-79 -144 0
-79 -161 0
-79 -183 0
-79 -204 0
-99 -144 0
-99 -161 0
-99 -183 0
-99 -204 0
-144 -161 0
-144 -183 0
-144 -204 0
-161 -183 0
-161 -204 0
-183 -204 0
-19 -40 0
-19 -60 0
-19 -80 0
-19 -100 0
-19 -121 0
-19 -145 0
-19 -162 0
-19 -184 0
-19 -205 0
-40 -60 0
-40 -80 0
-40 -100 0
-40 -121 0
-40 -145 0
-40 -162 0
-40 -184 0
-40 -205 0
-60 -80 0
-60 -100 0
-60 -121 0
-60 -145 0
-60 -162 0
-60 -184 0
-60 -205 0
-80 -100 0
-80 -121 0
-80 -145 0
-80 -162 0
-80 -184 0
-80 -205 0
-100 -121 0
-100 -145 0
-100 -162 0
-100 -184 0
-100 -205 0
-121 -145 0
-121 -162 0
-121 -184 0
-121 -205 0
-145 -162 0
-145 -184 0
-145 -205 0
-162 -184 0
-162 -205 0
-184 -205 0
-20 -41 0
-20 -61 0
-20 -81 0
-20 -101 0
-20 -122 0
-20 -163 0
-20 -185 0
-20 -206 0
-41 -61 0
-41 -81 0
-41 -101 0
-41 -122 0
-41 -163 0
-41 -185 0
-41 -206 0
-61 -81 0
-61 -101 0
-61 -122 0
-61 -163 0
-61 -185 0
-61 -206 0
-81 -101 0
-81 -122 0
-81 -163 0
-81 -185 0
-81 -206 0
-101 -122 0
-101 -163 0
-101 -185 0
-101 -206 0
-122 -163 0
-122 -185 0
-122 -206 0
-163 -185 0
-163 -206 0
-185 -206 0
-21 -42 0
-21 -62 0
-21 -82 0
-21 -102 0
-21 -123 0
-21 -146 0
-21 -164 0
-21 -186 0
-21 -207 0
-42 -62 0
-42 -82 0
-42 -102 0
-42 -123 0
-42 -146 0
-42 -164 0
-42 -186 0
-42 -207 0
-62 -82 0
-62 -102 0
-62 -123 0
-62 -146 0
-62 -164 0
-62 -186 0
-62 -207 0
-82 -102 0
-82 -123 0
-82 -146 0
-82 -164 0
-82 -186 0
-82 -207 0
-102 -123 0
-102 -146 0
-102 -164 0
-102 -186 0
-102 -207 0
-123 -146 0
-123 -164 0
-123 -186 0
-123 -207 0
-146 -164 0
-146 -186 0
-146 -207 0
-164 -186 0
-164 -207 0
-186 -207 0
