p cnf 136 521
40 41 42 43 44 45 46 47 48 49 50 51 52 53 54 0
55 56 57 58 59 60 61 62 63 64 65 0
66 67 68 69 70 71 72 73 74 75 76 77 78 79 80 81 0
97 98 99 100 101 102 103 104 105 106 107 108 0
109 110 111 112 113 114 115 116 117 118 119 120 121 122 123 0
-1 -13 0
-1 -26 0
-1 -40 0
-1 -55 0
-1 -66 0
-1 -82 0
-1 -124 0
-13 -26 0
-13 -40 0
-13 -55 0
-13 -66 0
-13 -82 0
-13 -124 0
-26 -40 0
-26 -55 0
-26 -66 0
-26 -82 0
-26 -124 0
-40 -55 0
-40 -66 0
-40 -82 0
-40 -124 0
-55 -66 0
-55 -82 0
-55 -124 0
-66 -82 0
-66 -124 0
-82 -124 0
-2 -14 0
-2 -27 0
-2 -41 0
-2 -67 0
-2 -83 0
-2 -97 0
-2 -109 0
-14 -27 0
-14 -41 0
-14 -67 0
-14 -83 0
-14 -97 0
-14 -109 0
-27 -41 0
-27 -67 0
-27 -83 0
-27 -97 0
-27 -109 0
-41 -67 0
-41 -83 0
-41 -97 0
-41 -109 0
-67 -83 0
-67 -97 0
-67 -109 0
-83 -97 0
-83 -109 0
-97 -109 0
-15 -28 0
-15 -42 0
-15 -56 0
-15 -68 0
-15 -84 0
-15 -98 0
-15 -110 0
-15 -125 0
-28 -42 0
-28 -56 0
-28 -68 0
-28 -84 0
-28 -98 0
-28 -110 0
-28 -125 0
-42 -56 0
-42 -68 0
-42 -84 0
-42 -98 0
-42 -110 0
-42 -125 0
-56 -68 0
-56 -84 0
-56 -98 0
-56 -110 0
-56 -125 0
-68 -84 0
-68 -98 0
-68 -110 0
-68 -125 0
-84 -98 0
-84 -110 0
-84 -125 0
-98 -110 0
-98 -125 0
-110 -125 0
-3 -16 0
-3 -29 0
-3 -43 0
-3 -57 0
-3 -69 0
-3 -85 0
-3 -99 0
-3 -111 0
-16 -29 0
-16 -43 0
-16 -57 0
-16 -69 0
-16 -85 0
-16 -99 0
-16 -111 0
-29 -43 0
-29 -57 0
-29 -69 0
-29 -85 0
-29 -99 0
-29 -111 0
-43 -57 0
-43 -69 0
-43 -85 0
-43 -99 0
-43 -111 0
-57 -69 0
-57 -85 0
-57 -99 0
-57 -111 0
-69 -85 0
-69 -99 0
-69 -111 0
-85 -99 0
-85 -111 0
-99 -111 0
-17 -30 0
-17 -44 0
-17 -58 0
-17 -70 0
-17 -86 0
-17 -100 0
-17 -112 0
-17 -126 0
-30 -44 0
-30 -58 0
-30 -70 0
-30 -86 0
-30 -100 0
-30 -112 0
-30 -126 0
-44 -58 0
-44 -70 0
-44 -86 0
-44 -100 0
-44 -112 0
-44 -126 0
-58 -70 0
-58 -86 0
-58 -100 0
-58 -112 0
-58 -126 0
-70 -86 0
-70 -100 0
-70 -112 0
-70 -126 0
-86 -100 0
-86 -112 0
-86 -126 0
-100 -112 0
-100 -126 0
-112 -126 0
-4 -18 0
-4 -31 0
-4 -45 0
-4 -59 0
-4 -71 0
-4 -87 0
-4 -113 0
-4 -127 0
-18 -31 0
-18 -45 0
-18 -59 0
-18 -71 0
-18 -87 0
-18 -113 0
-18 -127 0
-31 -45 0
-31 -59 0
-31 -71 0
-31 -87 0
-31 -113 0
-31 -127 0
-45 -59 0
-45 -71 0
-45 -87 0
-45 -113 0
-45 -127 0
-59 -71 0
-59 -87 0
-59 -113 0
-59 -127 0
-71 -87 0
-71 -113 0
-71 -127 0
-87 -113 0
-87 -127 0
-113 -127 0
-5 -19 0
-5 -32 0
-5 -46 0
-5 -72 0
-5 -88 0
-5 -101 0
-5 -114 0
-19 -32 0
-19 -46 0
-19 -72 0
-19 -88 0
-19 -101 0
-19 -114 0
-32 -46 0
-32 -72 0
-32 -88 0
-32 -101 0
-32 -114 0
-46 -72 0
-46 -88 0
-46 -101 0
-46 -114 0
-72 -88 0
-72 -101 0
-72 -114 0
-88 -101 0
-88 -114 0
-101 -114 0
-6 -20 0
-6 -33 0
-6 -47 0
-6 -60 0
-6 -73 0
-6 -89 0
-6 -102 0
-6 -115 0
-6 -128 0
-20 -33 0
-20 -47 0
-20 -60 0
-20 -73 0
-20 -89 0
-20 -102 0
-20 -115 0
-20 -128 0
-33 -47 0
-33 -60 0
-33 -73 0
-33 -89 0
-33 -102 0
-33 -115 0
-33 -128 0
-47 -60 0
-47 -73 0
-47 -89 0
-47 -102 0
-47 -115 0
-47 -128 0
-60 -73 0
-60 -89 0
-60 -102 0
-60 -115 0
-60 -128 0
-73 -89 0
-73 -102 0
-73 -115 0
-73 -128 0
-89 -102 0
-89 -115 0
-89 -128 0
-102 -115 0
-102 -128 0
-115 -128 0
-7 -21 0
-7 -48 0
-7 -61 0
-7 -74 0
-7 -90 0
-7 -103 0
-7 -116 0
-7 -129 0
-21 -48 0
-21 -61 0
-21 -74 0
-21 -90 0
-21 -103 0
-21 -116 0
-21 -129 0
-48 -61 0
-48 -74 0
-48 -90 0
-48 -103 0
-48 -116 0
-48 -129 0
-61 -74 0
-61 -90 0
-61 -103 0
-61 -116 0
-61 -129 0
-74 -90 0
-74 -103 0
-74 -116 0
-74 -129 0
-90 -103 0
-90 -116 0
-90 -129 0
-103 -116 0
-103 -129 0
-116 -129 0
-8 -34 0
-8 -49 0
-8 -75 0
-8 -91 0
-8 -104 0
-8 -117 0
-8 -130 0
-34 -49 0
-34 -75 0
-34 -91 0
-34 -104 0
-34 -117 0
-34 -130 0
-49 -75 0
-49 -91 0
-49 -104 0
-49 -117 0
-49 -130 0
-75 -91 0
-75 -104 0
-75 -117 0
-75 -130 0
-91 -104 0
-91 -117 0
-91 -130 0
-104 -117 0
-104 -130 0
-117 -130 0
-35 -50 0
-35 -62 0
-35 -76 0
-35 -92 0
-35 -118 0
-35 -131 0
-50 -62 0
-50 -76 0
-50 -92 0
-50 -118 0
-50 -131 0
-62 -76 0
-62 -92 0
-62 -118 0
-62 -131 0
-76 -92 0
-76 -118 0
-76 -131 0
-92 -118 0
-92 -131 0
-118 -131 0
-9 -22 0
-9 -36 0
-9 -51 0
-9 -63 0
-9 -77 0
-9 -93 0
-9 -105 0
-9 -119 0
-9 -132 0
-22 -36 0
-22 -51 0
-22 -63 0
-22 -77 0
-22 -93 0
-22 -105 0
-22 -119 0
-22 -132 0
-36 -51 0
-36 -63 0
-36 -77 0
-36 -93 0
-36 -105 0
-36 -119 0
-36 -132 0
-51 -63 0
-51 -77 0
-51 -93 0
-51 -105 0
-51 -119 0
-51 -132 0
-63 -77 0
-63 -93 0
-63 -105 0
-63 -119 0
-63 -132 0
-77 -93 0
-77 -105 0
-77 -119 0
-77 -132 0
-93 -105 0
-93 -119 0
-93 -132 0
-105 -119 0
-105 -132 0
-119 -132 0
-10 -23 0
-10 -37 0
-10 -64 0
-10 -78 0
-10 -94 0
-10 -106 0
-10 -120 0
-10 -133 0
-23 -37 0
-23 -64 0
-23 -78 0
-23 -94 0
-23 -106 0
-23 -120 0
-23 -133 0
-37 -64 0
-37 -78 0
-37 -94 0
-37 -106 0
-37 -120 0
-37 -133 0
-64 -78 0
-64 -94 0
-64 -106 0
-64 -120 0
-64 -133 0
-78 -94 0
-78 -106 0
-78 -120 0
-78 -133 0
-94 -106 0
-94 -120 0
-94 -133 0
-106 -120 0
-106 -133 0
-120 -133 0
-11 -24 0
-11 -52 0
-11 -79 0
-11 -107 0
-11 -121 0
-11 -134 0
-24 -52 0
-24 -79 0
-24 -107 0
-24 -121 0
-24 -134 0
-52 -79 0
-52 -107 0
-52 -121 0
-52 -134 0
-79 -107 0
-79 -121 0
-79 -134 0
-107 -121 0
-107 -134 0
-121 -134 0
-38 -53 0
-38 -65 0
-38 -80 0
-38 -95 0
-38 -108 0
-38 -122 0
-38 -135 0
-53 -65 0
-53 -80 0
-53 -95 0
-53 -108 0
-53 -122 0
-53 -135 0
-65 -80 0
-65 -95 0
-65 -108 0
-65 -122 0
-65 -135 0
-80 -95 0
-80 -108 0
-80 -122 0
-80 -135 0
-95 -108 0
-95 -122 0
-95 -135 0
-108 -122 0
-108 -135 0
-122 -135 0
-12 -25 0
-12 -39 0
-12 -54 0
-12 -81 0
-12 -96 0
-12 -123 0
-12 -136 0
-25 -39 0
-25 -54 0
-25 -81 0
-25 -96 0
-25 -123 0
-25 -136 0
-39 -54 0
-39 -81 0
-39 -96 0
-39 -123 0
-39 -136 0
-54 -81 0
-54 -96 0
-54 -123 0
-54 -136 0
-81 -96 0
-81 -123 0
-81 -136 0
-96 -123 0
-96 -136 0
-123 -136 0
