p cnf 59 291
1 2 0
3 4 0
5 6 0
7 8 9 0
10 11 12 13 0
14 15 16 17 0
18 19 20 0
26 27 28 29 0
30 31 0
34 35 36 37 0
38 39 40 41 0
42 43 44 45 0
46 47 48 0
49 50 51 0
52 53 0
54 55 56 57 0
-3 -7 0
-3 -10 0
-3 -18 0
-3 -21 0
-3 -26 0
-3 -34 0
-3 -38 0
-3 -42 0
-3 -46 0
-3 -49 0
-7 -10 0
-7 -18 0
-7 -21 0
-7 -26 0
-7 -34 0
-7 -38 0
-7 -42 0
-7 -46 0
-7 -49 0
-10 -18 0
-10 -21 0
-10 -26 0
-10 -34 0
-10 -38 0
-10 -42 0
-10 -46 0
-10 -49 0
-18 -21 0
-18 -26 0
-18 -34 0
-18 -38 0
-18 -42 0
-18 -46 0
-18 -49 0
-21 -26 0
-21 -34 0
-21 -38 0
-21 -42 0
-21 -46 0
-21 -49 0
-26 -34 0
-26 -38 0
-26 -42 0
-26 -46 0
-26 -49 0
-34 -38 0
-34 -42 0
-34 -46 0
-34 -49 0
-38 -42 0
-38 -46 0
-38 -49 0
-42 -46 0
-42 -49 0
-46 -49 0
-1 -5 0
-1 -11 0
-1 -14 0
-1 -19 0
-1 -22 0
-1 -25 0
-1 -27 0
-1 -30 0
-1 -32 0
-1 -35 0
-1 -39 0
-1 -54 0
-5 -11 0
-5 -14 0
-5 -19 0
-5 -22 0
-5 -25 0
-5 -27 0
-5 -30 0
-5 -32 0
-5 -35 0
-5 -39 0
-5 -54 0
-11 -14 0
-11 -19 0
-11 -22 0
-11 -25 0
-11 -27 0
-11 -30 0
-11 -32 0
-11 -35 0
-11 -39 0
-11 -54 0
-14 -19 0
-14 -22 0
-14 -25 0
-14 -27 0
-14 -30 0
-14 -32 0
-14 -35 0
-14 -39 0
-14 -54 0
-19 -22 0
-19 -25 0
-19 -27 0
-19 -30 0
-19 -32 0
-19 -35 0
-19 -39 0
-19 -54 0
-22 -25 0
-22 -27 0
-22 -30 0
-22 -32 0
-22 -35 0
-22 -39 0
-22 -54 0
-25 -27 0
-25 -30 0
-25 -32 0
-25 -35 0
-25 -39 0
-25 -54 0
-27 -30 0
-27 -32 0
-27 -35 0
-27 -39 0
-27 -54 0
-30 -32 0
-30 -35 0
-30 -39 0
-30 -54 0
-32 -35 0
-32 -39 0
-32 -54 0
-35 -39 0
-35 -54 0
-39 -54 0
-12 -15 0
-12 -20 0
-12 -23 0
-12 -33 0
-12 -40 0
-12 -47 0
-12 -50 0
-12 -52 0
-12 -55 0
-15 -20 0
-15 -23 0
-15 -33 0
-15 -40 0
-15 -47 0
-15 -50 0
-15 -52 0
-15 -55 0
-20 -23 0
-20 -33 0
-20 -40 0
-20 -47 0
-20 -50 0
-20 -52 0
-20 -55 0
-23 -33 0
-23 -40 0
-23 -47 0
-23 -50 0
-23 -52 0
-23 -55 0
-33 -40 0
-33 -47 0
-33 -50 0
-33 -52 0
-33 -55 0
-40 -47 0
-40 -50 0
-40 -52 0
-40 -55 0
-47 -50 0
-47 -52 0
-47 -55 0
-50 -52 0
-50 -55 0
-52 -55 0
-6 -8 0
-6 -13 0
-6 -28 0
-6 -43 0
-6 -48 0
-6 -58 0
-8 -13 0
-8 -28 0
-8 -43 0
-8 -48 0
-8 -58 0
-13 -28 0
-13 -43 0
-13 -48 0
-13 -58 0
-28 -43 0
-28 -48 0
-28 -58 0
-43 -48 0
-43 -58 0
-48 -58 0
-2 -4 0
-2 -16 0
-2 -24 0
-2 -29 0
-2 -31 0
-2 -36 0
-2 -44 0
-2 -51 0
-2 -56 0
-2 -59 0
-4 -16 0
-4 -24 0
-4 -29 0
-4 -31 0
-4 -36 0
-4 -44 0
-4 -51 0
-4 -56 0
-4 -59 0
-16 -24 0
-16 -29 0
-16 -31 0
-16 -36 0
-16 -44 0
-16 -51 0
-16 -56 0
-16 -59 0
-24 -29 0
-24 -31 0
-24 -36 0
-24 -44 0
-24 -51 0
-24 -56 0
-24 -59 0
-29 -31 0
-29 -36 0
-29 -44 0
-29 -51 0
-29 -56 0
-29 -59 0
-31 -36 0
-31 -44 0
-31 -51 0
-31 -56 0
-31 -59 0
-36 -44 0
-36 -51 0
-36 -56 0
-36 -59 0
-44 -51 0
-44 -56 0
-44 -59 0
-51 -56 0
-51 -59 0
-56 -59 0
-9 -17 0
-9 -37 0
-9 -41 0
-9 -45 0
-9 -53 0
-9 -57 0
-17 -37 0
-17 -41 0
-17 -45 0
-17 -53 0
-17 -57 0
-37 -41 0
-37 -45 0
-37 -53 0
-37 -57 0
-41 -45 0
-41 -53 0
-41 -57 0
-45 -53 0
-45 -57 0
-53 -57 0
