p cnf 39 225
-11 -12 0
-11 -13 0
-12 -13 0
11 12 13 0
-14 -15 0
-14 -16 0
-14 -17 0
-15 -16 0
-15 -17 0
-16 -17 0
14 15 16 17 0
-18 -19 0
-18 -20 0
-18 -21 0
-19 -20 0
-19 -21 0
-20 -21 0
18 19 20 21 0
-22 -23 0
-22 -24 0
-22 -25 0
-23 -24 0
-23 -25 0
-24 -25 0
22 23 24 25 0
-26 -27 0
-26 -28 0
-26 -29 0
-27 -28 0
-27 -29 0
-28 -29 0
26 27 28 29 0
-14 -18 0
-14 -22 0
-14 -26 0
-18 -22 0
-18 -26 0
-22 -26 0
-11 -15 0
-11 -19 0
-11 -23 0
-11 -27 0
-15 -19 0
-15 -23 0
-15 -27 0
-19 -23 0
-19 -27 0
-23 -27 0
-12 -16 0
-12 -20 0
-12 -24 0
-12 -28 0
-16 -20 0
-16 -24 0
-16 -28 0
-20 -24 0
-20 -28 0
-24 -28 0
-13 -17 0
-13 -21 0
-13 -25 0
-13 -29 0
-17 -21 0
-17 -25 0
-17 -29 0
-21 -25 0
-21 -29 0
-25 -29 0
1 -14 0
1 -18 0
1 -22 0
1 -26 0
2 -14 -11 0
2 -14 -19 0
2 -14 -23 0
2 -14 -27 0
2 -18 -11 0
2 -18 -15 0
2 -18 -23 0
2 -18 -27 0
2 -22 -11 0
2 -22 -15 0
2 -22 -19 0
2 -22 -27 0
2 -26 -11 0
2 -26 -15 0
2 -26 -19 0
2 -26 -23 0
3 -14 -12 0
3 -14 -20 0
3 -14 -24 0
3 -14 -28 0
3 -18 -12 0
3 -18 -16 0
3 -18 -24 0
3 -18 -28 0
3 -22 -12 0
3 -22 -16 0
3 -22 -20 0
3 -22 -28 0
3 -26 -12 0
3 -26 -16 0
3 -26 -20 0
3 -26 -24 0
4 -14 -13 0
4 -14 -21 0
4 -14 -25 0
4 -14 -29 0
4 -18 -13 0
4 -18 -17 0
4 -18 -25 0
4 -18 -29 0
4 -22 -13 0
4 -22 -17 0
4 -22 -21 0
4 -22 -29 0
4 -26 -13 0
4 -26 -17 0
4 -26 -21 0
4 -26 -25 0
5 -11 0
5 -15 0
5 -19 0
5 -23 0
5 -27 0
6 -12 0
6 -16 0
6 -20 0
6 -24 0
6 -28 0
7 -13 0
7 -17 0
7 -21 0
7 -25 0
7 -29 0
8 -11 -16 0
8 -11 -20 0
8 -11 -24 0
8 -11 -28 0
8 -15 -12 0
8 -15 -20 0
8 -15 -24 0
8 -15 -28 0
8 -19 -12 0
8 -19 -16 0
8 -19 -24 0
8 -19 -28 0
8 -23 -12 0
8 -23 -16 0
8 -23 -20 0
8 -23 -28 0
8 -27 -12 0
8 -27 -16 0
8 -27 -20 0
8 -27 -24 0
9 -11 -17 0
9 -11 -21 0
9 -11 -25 0
9 -11 -29 0
9 -15 -13 0
9 -15 -21 0
9 -15 -25 0
9 -15 -29 0
9 -19 -13 0
9 -19 -17 0
9 -19 -25 0
9 -19 -29 0
9 -23 -13 0
9 -23 -17 0
9 -23 -21 0
9 -23 -29 0
9 -27 -13 0
9 -27 -17 0
9 -27 -21 0
9 -27 -25 0
10 -12 -17 0
10 -12 -21 0
10 -12 -25 0
10 -12 -29 0
10 -16 -13 0
10 -16 -21 0
10 -16 -25 0
10 -16 -29 0
10 -20 -13 0
10 -20 -17 0
10 -20 -25 0
10 -20 -29 0
10 -24 -13 0
10 -24 -17 0
10 -24 -21 0
10 -24 -29 0
10 -28 -13 0
10 -28 -17 0
10 -28 -21 0
10 -28 -25 0
-30 -31 0
30 31 0
-32 -33 0
32 33 0
-34 -35 0
34 35 0
-36 -37 0
36 37 0
-38 -39 0
38 39 0
-1 -30 -32 0
-1 -31 -33 0
-2 -30 -34 0
-2 -31 -35 0
-3 -30 -36 0
-3 -31 -37 0
-4 -30 -38 0
-4 -31 -39 0
-5 -32 -34 0
-5 -33 -35 0
-6 -32 -36 0
-6 -33 -37 0
-7 -32 -38 0
-7 -33 -39 0
-8 -34 -36 0
-8 -35 -37 0
-9 -34 -38 0
-9 -35 -39 0
-10 -36 -38 0
-10 -37 -39 0
