p cnf 146 619
1 2 3 0
-1 -2 0
-1 -3 0
-2 -3 0
4 5 6 0
-4 -5 0
-4 -6 0
-5 -6 0
7 8 9 0
-7 -8 0
-7 -9 0
-8 -9 0
10 11 12 0
-10 -11 0
-10 -12 0
-11 -12 0
13 14 15 0
-13 -14 0
-13 -15 0
-14 -15 0
16 17 18 0
-16 -17 0
-16 -18 0
-17 -18 0
19 20 21 0
-19 -20 0
-19 -21 0
-20 -21 0
22 23 24 0
-22 -23 0
-22 -24 0
-23 -24 0
25 26 27 0
-25 -26 0
-25 -27 0
-26 -27 0
28 29 30 0
-28 -29 0
-28 -30 0
-29 -30 0
31 32 33 0
-31 -32 0
-31 -33 0
-32 -33 0
34 35 36 0
-34 -35 0
-34 -36 0
-35 -36 0
37 38 39 0
-37 -38 0
-37 -39 0
-38 -39 0
40 41 42 0
-40 -41 0
-40 -42 0
-41 -42 0
43 44 45 0
-43 -44 0
-43 -45 0
-44 -45 0
46 47 48 0
-46 -47 0
-46 -48 0
-47 -48 0
49 50 51 0
-49 -50 0
-49 -51 0
-50 -51 0
52 53 54 0
-52 -53 0
-52 -54 0
-53 -54 0
55 56 57 0
-55 -56 0
-55 -57 0
-56 -57 0
58 59 60 0
-58 -59 0
-58 -60 0
-59 -60 0
61 62 63 0
-61 -62 0
-61 -63 0
-62 -63 0
64 65 66 0
-64 -65 0
-64 -66 0
-65 -66 0
67 68 69 0
-67 -68 0
-67 -69 0
-68 -69 0
70 71 72 0
-70 -71 0
-70 -72 0
-71 -72 0
73 74 75 0
-73 -74 0
-73 -75 0
-74 -75 0
76 77 78 0
-76 -77 0
-76 -78 0
-77 -78 0
79 80 81 0
-79 -80 0
-79 -81 0
-80 -81 0
82 83 84 0
-82 -83 0
-82 -84 0
-83 -84 0
85 86 87 0
-85 -86 0
-85 -87 0
-86 -87 0
88 89 90 0
-88 -89 0
-88 -90 0
-89 -90 0
91 92 93 0
-91 -92 0
-91 -93 0
-92 -93 0
94 95 96 0
-94 -95 0
-94 -96 0
-95 -96 0
97 98 0
-97 -98 0
99 100 101 0
-99 -100 0
-99 -101 0
-100 -101 0
102 103 104 0
-102 -103 0
-102 -104 0
-103 -104 0
105 106 107 0
-105 -106 0
-105 -107 0
-106 -107 0
108 109 110 0
-108 -109 0
-108 -110 0
-109 -110 0
111 112 113 0
-111 -112 0
-111 -113 0
-112 -113 0
114 115 116 0
-114 -115 0
-114 -116 0
-115 -116 0
117 118 119 0
-117 -118 0
-117 -119 0
-118 -119 0
120 121 122 0
-120 -121 0
-120 -122 0
-121 -122 0
123 124 0
-123 -124 0
125 126 0
-125 -126 0
127 128 129 0
-127 -128 0
-127 -129 0
-128 -129 0
130 131 132 0
-130 -131 0
-130 -132 0
-131 -132 0
133 134 135 0
-133 -134 0
-133 -135 0
-134 -135 0
136 137 138 0
-136 -137 0
-136 -138 0
-137 -138 0
139 140 141 0
-139 -140 0
-139 -141 0
-140 -141 0
142 143 144 0
-142 -143 0
-142 -144 0
-143 -144 0
145 146 0
-145 -146 0
-1 -13 0
-2 -14 0
-3 -15 0
-1 -28 0
-2 -29 0
-3 -30 0
-1 -58 0
-2 -59 0
-3 -60 0
-1 -61 0
-2 -62 0
-3 -63 0
-1 -73 0
-2 -74 0
-3 -75 0
-1 -82 0
-2 -83 0
-3 -84 0
-1 -105 0
-2 -106 0
-3 -107 0
-1 -123 0
-2 -124 0
-1 -125 0
-3 -126 0
-1 -130 0
-2 -131 0
-3 -132 0
-4 -7 0
-5 -8 0
-6 -9 0
-4 -58 0
-5 -59 0
-6 -60 0
-4 -85 0
-5 -86 0
-6 -87 0
-4 -88 0
-5 -89 0
-6 -90 0
-4 -136 0
-5 -137 0
-6 -138 0
-7 -58 0
-8 -59 0
-9 -60 0
-7 -105 0
-8 -106 0
-9 -107 0
-7 -108 0
-8 -109 0
-9 -110 0
-7 -120 0
-8 -121 0
-9 -122 0
-7 -123 0
-8 -124 0
-7 -136 0
-8 -137 0
-9 -138 0
-7 -145 0
-8 -146 0
-10 -34 0
-11 -35 0
-12 -36 0
-10 -125 0
-12 -126 0
-13 -46 0
-14 -47 0
-15 -48 0
-13 -67 0
-14 -68 0
-15 -69 0
-14 -97 0
-15 -98 0
-13 -102 0
-14 -103 0
-15 -104 0
-13 -108 0
-14 -109 0
-15 -110 0
-13 -117 0
-14 -118 0
-15 -119 0
-13 -127 0
-14 -128 0
-15 -129 0
-13 -145 0
-14 -146 0
-16 -22 0
-17 -23 0
-18 -24 0
-16 -46 0
-17 -47 0
-18 -48 0
-16 -91 0
-17 -92 0
-18 -93 0
-16 -139 0
-17 -140 0
-18 -141 0
-19 -28 0
-20 -29 0
-21 -30 0
-19 -40 0
-20 -41 0
-21 -42 0
-19 -94 0
-20 -95 0
-21 -96 0
-22 -28 0
-23 -29 0
-24 -30 0
-25 -73 0
-26 -74 0
-27 -75 0
-25 -88 0
-26 -89 0
-27 -90 0
-25 -102 0
-26 -103 0
-27 -104 0
-25 -117 0
-26 -118 0
-27 -119 0
-25 -123 0
-26 -124 0
-25 -130 0
-26 -131 0
-27 -132 0
-25 -133 0
-26 -134 0
-27 -135 0
-25 -145 0
-26 -146 0
-28 -31 0
-29 -32 0
-30 -33 0
-28 -79 0
-29 -80 0
-30 -81 0
-28 -102 0
-29 -103 0
-30 -104 0
-28 -105 0
-29 -106 0
-30 -107 0
-28 -130 0
-29 -131 0
-30 -132 0
-28 -145 0
-29 -146 0
-31 -61 0
-32 -62 0
-33 -63 0
-31 -88 0
-32 -89 0
-33 -90 0
-31 -142 0
-32 -143 0
-33 -144 0
-34 -43 0
-35 -44 0
-36 -45 0
-34 -58 0
-35 -59 0
-36 -60 0
-34 -73 0
-35 -74 0
-36 -75 0
-34 -85 0
-35 -86 0
-36 -87 0
-34 -127 0
-35 -128 0
-36 -129 0
-34 -133 0
-35 -134 0
-36 -135 0
-37 -46 0
-38 -47 0
-39 -48 0
-37 -108 0
-38 -109 0
-39 -110 0
-37 -114 0
-38 -115 0
-39 -116 0
-37 -127 0
-38 -128 0
-39 -129 0
-37 -139 0
-38 -140 0
-39 -141 0
-40 -46 0
-41 -47 0
-42 -48 0
-40 -117 0
-41 -118 0
-42 -119 0
-40 -127 0
-41 -128 0
-42 -129 0
-43 -49 0
-44 -50 0
-45 -51 0
-43 -55 0
-44 -56 0
-45 -57 0
-44 -97 0
-45 -98 0
-43 -105 0
-44 -106 0
-45 -107 0
-43 -120 0
-44 -121 0
-45 -122 0
-43 -136 0
-44 -137 0
-45 -138 0
-43 -139 0
-44 -140 0
-45 -141 0
-43 -145 0
-44 -146 0
-46 -76 0
-47 -77 0
-48 -78 0
-46 -79 0
-47 -80 0
-48 -81 0
-46 -82 0
-47 -83 0
-48 -84 0
-46 -91 0
-47 -92 0
-48 -93 0
-46 -117 0
-47 -118 0
-48 -119 0
-49 -64 0
-50 -65 0
-51 -66 0
-49 -67 0
-50 -68 0
-51 -69 0
-49 -88 0
-50 -89 0
-51 -90 0
-49 -105 0
-50 -106 0
-51 -107 0
-49 -108 0
-50 -109 0
-51 -110 0
-49 -136 0
-50 -137 0
-51 -138 0
-52 -61 0
-53 -62 0
-54 -63 0
-52 -76 0
-53 -77 0
-54 -78 0
-52 -108 0
-53 -109 0
-54 -110 0
-52 -123 0
-53 -124 0
-56 -97 0
-57 -98 0
-55 -120 0
-56 -121 0
-57 -122 0
-55 -136 0
-56 -137 0
-57 -138 0
-55 -139 0
-56 -140 0
-57 -141 0
-58 -61 0
-59 -62 0
-60 -63 0
-58 -67 0
-59 -68 0
-60 -69 0
-58 -70 0
-59 -71 0
-60 -72 0
-58 -94 0
-59 -95 0
-60 -96 0
-58 -117 0
-59 -118 0
-60 -119 0
-61 -85 0
-62 -86 0
-63 -87 0
-61 -99 0
-62 -100 0
-63 -101 0
-61 -136 0
-62 -137 0
-63 -138 0
-61 -142 0
-62 -143 0
-63 -144 0
-64 -114 0
-65 -115 0
-66 -116 0
-67 -114 0
-68 -115 0
-69 -116 0
-67 -125 0
-69 -126 0
-67 -145 0
-68 -146 0
-70 -79 0
-71 -80 0
-72 -81 0
-70 -85 0
-71 -86 0
-72 -87 0
-70 -117 0
-71 -118 0
-72 -119 0
-70 -142 0
-71 -143 0
-72 -144 0
-73 -85 0
-74 -86 0
-75 -87 0
-73 -94 0
-74 -95 0
-75 -96 0
-73 -102 0
-74 -103 0
-75 -104 0
-73 -125 0
-75 -126 0
-76 -102 0
-77 -103 0
-78 -104 0
-76 -105 0
-77 -106 0
-78 -107 0
-76 -139 0
-77 -140 0
-78 -141 0
-79 -85 0
-80 -86 0
-81 -87 0
-83 -97 0
-84 -98 0
-82 -105 0
-83 -106 0
-84 -107 0
-82 -114 0
-83 -115 0
-84 -116 0
-85 -102 0
-86 -103 0
-87 -104 0
-85 -133 0
-86 -134 0
-87 -135 0
-85 -139 0
-86 -140 0
-87 -141 0
-88 -94 0
-89 -95 0
-90 -96 0
-88 -117 0
-89 -118 0
-90 -119 0
-88 -120 0
-89 -121 0
-90 -122 0
-88 -139 0
-89 -140 0
-90 -141 0
-91 -99 0
-92 -100 0
-93 -101 0
-94 -111 0
-95 -112 0
-96 -113 0
-97 -109 0
-98 -110 0
-97 -137 0
-98 -138 0
-99 -105 0
-100 -106 0
-101 -107 0
-99 -108 0
-100 -109 0
-101 -110 0
-105 -111 0
-106 -112 0
-107 -113 0
-108 -111 0
-109 -112 0
-110 -113 0
-108 -125 0
-110 -126 0
-108 -130 0
-109 -131 0
-110 -132 0
-111 -130 0
-112 -131 0
-113 -132 0
-117 -136 0
-118 -137 0
-119 -138 0
-125 -127 0
-126 -129 0
-125 -133 0
-126 -135 0
-127 -139 0
-128 -140 0
-129 -141 0
-130 -142 0
-131 -143 0
-132 -144 0
-136 -139 0
-137 -140 0
-138 -141 0
