p cnf 77 297
1 2 3 0
-1 -2 0
-1 -3 0
-2 -3 0
4 5 6 0
-4 -5 0
-4 -6 0
-5 -6 0
7 8 0
-7 -8 0
9 10 11 0
-9 -10 0
-9 -11 0
-10 -11 0
12 13 0
-12 -13 0
14 15 0
-14 -15 0
16 17 18 0
-16 -17 0
-16 -18 0
-17 -18 0
19 20 0
-19 -20 0
21 22 0
-21 -22 0
23 24 25 0
-23 -24 0
-23 -25 0
-24 -25 0
26 27 28 0
-26 -27 0
-26 -28 0
-27 -28 0
29 30 0
-29 -30 0
31 32 33 0
-31 -32 0
-31 -33 0
-32 -33 0
34 35 36 0
-34 -35 0
-34 -36 0
-35 -36 0
37 38 39 0
-37 -38 0
-37 -39 0
-38 -39 0
40 41 42 0
-40 -41 0
-40 -42 0
-41 -42 0
43 44 45 0
-43 -44 0
-43 -45 0
-44 -45 0
46 47 0
-46 -47 0
48 49 50 0
-48 -49 0
-48 -50 0
-49 -50 0
51 52 53 0
-51 -52 0
-51 -53 0
-52 -53 0
54 55 56 0
-54 -55 0
-54 -56 0
-55 -56 0
57 58 59 0
-57 -58 0
-57 -59 0
-58 -59 0
60 61 0
-60 -61 0
62 63 0
-62 -63 0
64 65 0
-64 -65 0
66 67 68 0
-66 -67 0
-66 -68 0
-67 -68 0
69 70 71 0
-69 -70 0
-69 -71 0
-70 -71 0
72 73 74 0
-72 -73 0
-72 -74 0
-73 -74 0
75 76 77 0
-75 -76 0
-75 -77 0
-76 -77 0
-1 -7 0
-2 -8 0
-1 -9 0
-2 -10 0
-3 -11 0
-1 -14 0
-2 -15 0
-1 -23 0
-2 -24 0
-3 -25 0
-1 -31 0
-2 -32 0
-3 -33 0
-1 -34 0
-2 -35 0
-3 -36 0
-1 -37 0
-2 -38 0
-3 -39 0
-1 -46 0
-2 -47 0
-1 -57 0
-2 -58 0
-3 -59 0
-1 -60 0
-2 -61 0
-4 -31 0
-5 -32 0
-6 -33 0
-4 -66 0
-5 -67 0
-6 -68 0
-4 -69 0
-5 -70 0
-6 -71 0
-4 -72 0
-5 -73 0
-6 -74 0
-4 -75 0
-5 -76 0
-6 -77 0
-7 -16 0
-8 -17 0
-7 -23 0
-8 -24 0
-7 -29 0
-8 -30 0
-7 -31 0
-8 -32 0
-7 -40 0
-8 -41 0
-7 -57 0
-8 -58 0
-7 -69 0
-8 -70 0
-9 -14 0
-10 -15 0
-9 -19 0
-10 -20 0
-9 -40 0
-10 -41 0
-11 -42 0
-9 -46 0
-10 -47 0
-9 -66 0
-10 -67 0
-11 -68 0
-12 -51 0
-13 -52 0
-12 -57 0
-13 -58 0
-12 -60 0
-13 -61 0
-12 -66 0
-13 -67 0
-12 -72 0
-13 -73 0
-12 -75 0
-13 -76 0
-14 -16 0
-15 -17 0
-14 -19 0
-15 -20 0
-14 -23 0
-15 -24 0
-16 -51 0
-17 -52 0
-18 -53 0
-16 -66 0
-17 -67 0
-18 -68 0
-16 -69 0
-17 -70 0
-18 -71 0
-16 -72 0
-17 -73 0
-18 -74 0
-16 -75 0
-17 -76 0
-18 -77 0
-19 -21 0
-20 -22 0
-19 -31 0
-20 -32 0
-19 -37 0
-20 -38 0
-19 -43 0
-20 -44 0
-19 -66 0
-20 -67 0
-21 -51 0
-22 -52 0
-23 -26 0
-24 -27 0
-25 -28 0
-23 -37 0
-24 -38 0
-25 -39 0
-23 -57 0
-24 -58 0
-25 -59 0
-23 -69 0
-24 -70 0
-25 -71 0
-26 -40 0
-27 -41 0
-28 -42 0
-26 -62 0
-27 -63 0
-26 -69 0
-27 -70 0
-28 -71 0
-26 -72 0
-27 -73 0
-28 -74 0
-31 -51 0
-32 -52 0
-33 -53 0
-31 -60 0
-32 -61 0
-34 -37 0
-35 -38 0
-36 -39 0
-34 -46 0
-35 -47 0
-34 -48 0
-35 -49 0
-36 -50 0
-34 -51 0
-35 -52 0
-36 -53 0
-34 -54 0
-35 -55 0
-36 -56 0
-34 -62 0
-35 -63 0
-34 -75 0
-35 -76 0
-36 -77 0
-37 -75 0
-38 -76 0
-39 -77 0
-40 -46 0
-41 -47 0
-40 -51 0
-41 -52 0
-42 -53 0
-40 -54 0
-41 -55 0
-42 -56 0
-40 -66 0
-41 -67 0
-42 -68 0
-40 -72 0
-41 -73 0
-42 -74 0
-43 -51 0
-44 -52 0
-45 -53 0
-43 -69 0
-44 -70 0
-45 -71 0
-46 -66 0
-47 -67 0
-46 -69 0
-47 -70 0
-54 -57 0
-55 -58 0
-56 -59 0
-54 -62 0
-55 -63 0
-57 -75 0
-58 -76 0
-59 -77 0
-61 -64 0
-60 -66 0
-61 -67 0
-64 -67 0
-65 -68 0
-64 -70 0
-65 -71 0
