p cnf 84 690
9 27 35 59 67 0
19 68 0
10 29 44 52 61 0
2 20 37 0
22 55 63 81 0
23 38 46 64 82 0
6 24 39 47 56 0
7 16 0
49 58 0
-1 -19 0
-1 -20 2 0
-1 -21 3 0
-1 -22 4 0
-1 -23 5 0
-1 -24 6 0
-1 -25 7 0
-1 -26 8 0
-2 -28 0
-2 -29 1 0
-2 -30 3 0
-2 -31 4 0
-2 -32 5 0
-2 6 0
-2 -33 7 0
-2 -34 8 0
-3 -36 1 0
-3 -37 2 0
-3 -38 5 0
-3 -39 6 0
-3 -40 7 0
-3 -41 8 0
-4 -43 0
-4 -44 1 0
-4 -45 2 0
-4 3 0
-4 -46 5 0
-4 -47 6 0
-4 -48 7 0
-4 -49 8 0
-5 -51 0
-5 -52 1 0
-5 -53 2 0
-5 -54 3 0
-5 -55 4 0
-5 -56 6 0
-5 -57 7 0
-5 -58 8 0
-6 -60 0
-6 -61 1 0
-6 -62 3 0
-6 -63 4 0
-6 -64 5 0
-6 -65 7 0
-6 -66 8 0
-7 -68 0
-7 -69 1 0
-7 -70 2 0
-7 -71 3 0
-7 -72 4 0
-7 -73 5 0
-7 -74 6 0
-7 -75 8 0
-8 -77 0
-8 -78 1 0
-8 -79 2 0
-8 -80 3 0
-8 -81 4 0
-8 -82 5 0
-8 -83 6 0
-8 -84 7 0
-9 -1 10 0
-9 -2 11 0
-9 -3 12 0
-9 -4 13 0
-9 -5 14 0
-9 -6 15 0
-9 -7 16 0
-9 -8 17 0
-10 -18 9 0
-10 -20 11 0
-10 -21 12 0
-10 -22 13 0
-10 -23 14 0
-10 -24 15 0
-10 -25 16 0
-10 -26 17 0
-11 -27 9 0
-11 -29 10 0
-11 -30 12 0
-11 -31 13 0
-11 -32 14 0
-11 15 0
-11 -33 16 0
-11 -34 17 0
-12 -35 9 0
-12 -36 10 0
-12 -37 11 0
-12 -38 14 0
-12 -39 15 0
-12 -40 16 0
-12 -41 17 0
-13 -42 9 0
-13 -44 10 0
-13 -45 11 0
-13 12 0
-13 -46 14 0
-13 -47 15 0
-13 -48 16 0
-13 -49 17 0
-14 -50 9 0
-14 -52 10 0
-14 -53 11 0
-14 -54 12 0
-14 -55 13 0
-14 -56 15 0
-14 -57 16 0
-14 -58 17 0
-15 -59 9 0
-15 -61 10 0
-15 -62 12 0
-15 -63 13 0
-15 -64 14 0
-15 -65 16 0
-15 -66 17 0
-16 -67 9 0
-16 -69 10 0
-16 -70 11 0
-16 -71 12 0
-16 -72 13 0
-16 -73 14 0
-16 -74 15 0
-16 -75 17 0
-17 -76 9 0
-17 -78 10 0
-17 -79 11 0
-17 -80 12 0
-17 -81 13 0
-17 -82 14 0
-17 -83 15 0
-17 -84 16 0
-18 -2 20 0
-18 -3 21 0
-18 -4 22 0
-18 -5 23 0
-18 -6 24 0
-18 -7 25 0
-18 -8 26 0
-19 -9 18 0
-19 -11 20 0
-19 -12 21 0
-19 -13 22 0
-19 -14 23 0
-19 -15 24 0
-19 -16 25 0
-19 -17 26 0
-20 -27 18 0
-20 -28 19 0
-20 -30 21 0
-20 -31 22 0
-20 -32 23 0
-20 24 0
-20 -33 25 0
-20 -34 26 0
-21 -35 18 0
-21 -37 20 0
-21 -38 23 0
-21 -39 24 0
-21 -40 25 0
-21 -41 26 0
-22 -42 18 0
-22 -43 19 0
-22 -45 20 0
-22 21 0
-22 -46 23 0
-22 -47 24 0
-22 -48 25 0
-22 -49 26 0
-23 -50 18 0
-23 -51 19 0
-23 -53 20 0
-23 -54 21 0
-23 -55 22 0
-23 -56 24 0
-23 -57 25 0
-23 -58 26 0
-24 -59 18 0
-24 -60 19 0
-24 -62 21 0
-24 -63 22 0
-24 -64 23 0
-24 -65 25 0
-24 -66 26 0
-25 -67 18 0
-25 -68 19 0
-25 -70 20 0
-25 -71 21 0
-25 -72 22 0
-25 -73 23 0
-25 -74 24 0
-25 -75 26 0
-26 -76 18 0
-26 -77 19 0
-26 -79 20 0
-26 -80 21 0
-26 -81 22 0
-26 -82 23 0
-26 -83 24 0
-26 -84 25 0
-27 -1 29 0
-27 -3 30 0
-27 -4 31 0
-27 -5 32 0
-27 -7 33 0
-27 -8 34 0
-28 -9 27 0
-28 -10 29 0
-28 -12 30 0
-28 -13 31 0
-28 -14 32 0
-28 -16 33 0
-28 -17 34 0
-29 -18 27 0
-29 -19 28 0
-29 -21 30 0
-29 -22 31 0
-29 -23 32 0
-29 -25 33 0
-29 -26 34 0
-30 -35 27 0
-30 -36 29 0
-30 -38 32 0
-30 -40 33 0
-30 -41 34 0
-31 -42 27 0
-31 -43 28 0
-31 -44 29 0
-31 30 0
-31 -46 32 0
-31 -48 33 0
-31 -49 34 0
-32 -50 27 0
-32 -51 28 0
-32 -52 29 0
-32 -54 30 0
-32 -55 31 0
-32 -57 33 0
-32 -58 34 0
-59 27 0
-60 28 0
-61 29 0
-62 30 0
-63 31 0
-64 32 0
-65 33 0
-66 34 0
-33 -67 27 0
-33 -68 28 0
-33 -69 29 0
-33 -71 30 0
-33 -72 31 0
-33 -73 32 0
-33 -75 34 0
-34 -76 27 0
-34 -77 28 0
-34 -78 29 0
-34 -80 30 0
-34 -81 31 0
-34 -82 32 0
-34 -84 33 0
-35 -1 36 0
-35 -2 37 0
-35 -4 0
-35 -5 38 0
-35 -6 39 0
-35 -7 40 0
-35 -8 41 0
-36 -18 35 0
-36 -19 0
-36 -20 37 0
-36 -22 0
-36 -23 38 0
-36 -24 39 0
-36 -25 40 0
-36 -26 41 0
-37 -27 35 0
-37 -28 0
-37 -29 36 0
-37 -31 0
-37 -32 38 0
-37 39 0
-37 -33 40 0
-37 -34 41 0
-38 -50 35 0
-38 -51 0
-38 -52 36 0
-38 -53 37 0
-38 -55 0
-38 -56 39 0
-38 -57 40 0
-38 -58 41 0
-39 -59 35 0
-39 -60 0
-39 -61 36 0
-39 -63 0
-39 -64 38 0
-39 -65 40 0
-39 -66 41 0
-40 -67 35 0
-40 -68 0
-40 -69 36 0
-40 -70 37 0
-40 -72 0
-40 -73 38 0
-40 -74 39 0
-40 -75 41 0
-41 -76 35 0
-41 -77 0
-41 -78 36 0
-41 -79 37 0
-41 -81 0
-41 -82 38 0
-41 -83 39 0
-41 -84 40 0
-42 -1 44 0
-42 -2 45 0
-42 -5 46 0
-42 -6 47 0
-42 -7 48 0
-42 -8 49 0
-43 -9 42 0
-43 -10 44 0
-43 -11 45 0
-43 -14 46 0
-43 -15 47 0
-43 -16 48 0
-43 -17 49 0
-44 -18 42 0
-44 -19 43 0
-44 -20 45 0
-44 -23 46 0
-44 -24 47 0
-44 -25 48 0
-44 -26 49 0
-45 -27 42 0
-45 -28 43 0
-45 -29 44 0
-45 -32 46 0
-45 47 0
-45 -33 48 0
-45 -34 49 0
-35 42 0
-36 44 0
-37 45 0
-38 46 0
-39 47 0
-40 48 0
-41 49 0
-46 -50 42 0
-46 -51 43 0
-46 -52 44 0
-46 -53 45 0
-46 -56 47 0
-46 -57 48 0
-46 -58 49 0
-47 -59 42 0
-47 -60 43 0
-47 -61 44 0
-47 -64 46 0
-47 -65 48 0
-47 -66 49 0
-48 -67 42 0
-48 -68 43 0
-48 -69 44 0
-48 -70 45 0
-48 -73 46 0
-48 -74 47 0
-48 -75 49 0
-49 -76 42 0
-49 -77 43 0
-49 -78 44 0
-49 -79 45 0
-49 -82 46 0
-49 -83 47 0
-49 -84 48 0
-50 -1 52 0
-50 -2 53 0
-50 -3 54 0
-50 -4 55 0
-50 -6 56 0
-50 -7 57 0
-50 -8 58 0
-51 -9 50 0
-51 -10 52 0
-51 -11 53 0
-51 -12 54 0
-51 -13 55 0
-51 -15 56 0
-51 -16 57 0
-51 -17 58 0
-52 -18 50 0
-52 -19 51 0
-52 -20 53 0
-52 -21 54 0
-52 -22 55 0
-52 -24 56 0
-52 -25 57 0
-52 -26 58 0
-53 -27 50 0
-53 -28 51 0
-53 -29 52 0
-53 -30 54 0
-53 -31 55 0
-53 56 0
-53 -33 57 0
-53 -34 58 0
-54 -35 50 0
-54 -36 52 0
-54 -37 53 0
-54 -39 56 0
-54 -40 57 0
-54 -41 58 0
-55 -42 50 0
-55 -43 51 0
-55 -44 52 0
-55 -45 53 0
-55 54 0
-55 -47 56 0
-55 -48 57 0
-55 -49 58 0
-56 -59 50 0
-56 -60 51 0
-56 -61 52 0
-56 -62 54 0
-56 -63 55 0
-56 -65 57 0
-56 -66 58 0
-57 -67 50 0
-57 -68 51 0
-57 -69 52 0
-57 -70 53 0
-57 -71 54 0
-57 -72 55 0
-57 -74 56 0
-57 -75 58 0
-58 -76 50 0
-58 -77 51 0
-58 -78 52 0
-58 -79 53 0
-58 -80 54 0
-58 -81 55 0
-58 -83 56 0
-58 -84 57 0
-59 -1 61 0
-59 -2 0
-59 -3 62 0
-59 -4 63 0
-59 -5 64 0
-59 -7 65 0
-59 -8 66 0
-60 -9 59 0
-60 -10 61 0
-60 -11 0
-60 -12 62 0
-60 -13 63 0
-60 -14 64 0
-60 -16 65 0
-60 -17 66 0
-61 -18 59 0
-61 -19 60 0
-61 -20 0
-61 -21 62 0
-61 -22 63 0
-61 -23 64 0
-61 -25 65 0
-61 -26 66 0
-62 -35 59 0
-62 -36 61 0
-62 -37 0
-62 -38 64 0
-62 -40 65 0
-62 -41 66 0
-63 -42 59 0
-63 -43 60 0
-63 -44 61 0
-63 -45 0
-63 62 0
-63 -46 64 0
-63 -48 65 0
-63 -49 66 0
-64 -50 59 0
-64 -51 60 0
-64 -52 61 0
-64 -53 0
-64 -54 62 0
-64 -55 63 0
-64 -57 65 0
-64 -58 66 0
-65 -67 59 0
-65 -68 60 0
-65 -69 61 0
-65 -70 0
-65 -71 62 0
-65 -72 63 0
-65 -73 64 0
-65 -75 66 0
-66 -76 59 0
-66 -77 60 0
-66 -78 61 0
-66 -79 0
-66 -80 62 0
-66 -81 63 0
-66 -82 64 0
-66 -84 65 0
-67 -1 69 0
-67 -2 70 0
-67 -3 71 0
-67 -4 72 0
-67 -5 73 0
-67 -6 74 0
-67 -8 75 0
-68 -9 67 0
-68 -10 69 0
-68 -11 70 0
-68 -12 71 0
-68 -13 72 0
-68 -14 73 0
-68 -15 74 0
-68 -17 75 0
-69 -18 67 0
-69 -19 68 0
-69 -20 70 0
-69 -21 71 0
-69 -22 72 0
-69 -23 73 0
-69 -24 74 0
-69 -26 75 0
-70 -27 67 0
-70 -28 68 0
-70 -29 69 0
-70 -30 71 0
-70 -31 72 0
-70 -32 73 0
-70 74 0
-70 -34 75 0
-71 -35 67 0
-71 -36 69 0
-71 -37 70 0
-71 -38 73 0
-71 -39 74 0
-71 -41 75 0
-72 -42 67 0
-72 -43 68 0
-72 -44 69 0
-72 -45 70 0
-72 71 0
-72 -46 73 0
-72 -47 74 0
-72 -49 75 0
-73 -50 67 0
-73 -51 68 0
-73 -52 69 0
-73 -53 70 0
-73 -54 71 0
-73 -55 72 0
-73 -56 74 0
-73 -58 75 0
-74 -59 67 0
-74 -60 68 0
-74 -61 69 0
-74 -62 71 0
-74 -63 72 0
-74 -64 73 0
-74 -66 75 0
-75 -76 67 0
-75 -77 68 0
-75 -78 69 0
-75 -79 70 0
-75 -80 71 0
-75 -81 72 0
-75 -82 73 0
-75 -83 74 0
-76 -1 78 0
-76 -2 79 0
-76 -3 80 0
-76 -4 81 0
-76 -5 82 0
-76 -6 83 0
-76 -7 84 0
-77 -9 76 0
-77 -10 78 0
-77 -11 79 0
-77 -12 80 0
-77 -13 81 0
-77 -14 82 0
-77 -15 83 0
-77 -16 84 0
-78 -18 76 0
-78 -19 77 0
-78 -20 79 0
-78 -21 80 0
-78 -22 81 0
-78 -23 82 0
-78 -24 83 0
-78 -25 84 0
-79 -27 76 0
-79 -28 77 0
-79 -29 78 0
-79 -30 80 0
-79 -31 81 0
-79 -32 82 0
-79 83 0
-79 -33 84 0
-80 -35 76 0
-80 -36 78 0
-80 -37 79 0
-80 -38 82 0
-80 -39 83 0
-80 -40 84 0
-81 -42 76 0
-81 -43 77 0
-81 -44 78 0
-81 -45 79 0
-81 80 0
-81 -46 82 0
-81 -47 83 0
-81 -48 84 0
-82 -50 76 0
-82 -51 77 0
-82 -52 78 0
-82 -53 79 0
-82 -54 80 0
-82 -55 81 0
-82 -56 83 0
-82 -57 84 0
-83 -59 76 0
-83 -60 77 0
-83 -61 78 0
-83 -62 80 0
-83 -63 81 0
-83 -64 82 0
-83 -65 84 0
-84 -67 76 0
-84 -68 77 0
-84 -69 78 0
-84 -70 79 0
-84 -71 80 0
-84 -72 81 0
-84 -73 82 0
-84 -74 83 0
-1 -18 0
-2 -27 0
-3 -35 0
-4 -42 0
-5 -50 0
-6 -59 0
-7 -67 0
-8 -76 0
-10 -19 0
-11 -28 0
-13 -43 0
-14 -51 0
-15 -60 0
-16 -68 0
-17 -77 0
-20 -29 0
-21 -36 0
-22 -44 0
-23 -52 0
-24 -61 0
-25 -69 0
-26 -78 0
-30 -37 0
-31 -45 0
-32 -53 0
-33 -70 0
-34 -79 0
-38 -54 0
-39 -62 0
-40 -71 0
-41 -80 0
-46 -55 0
-47 -63 0
-48 -72 0
-49 -81 0
-56 -64 0
-57 -73 0
-58 -82 0
-65 -74 0
-66 -83 0
-75 -84 0
