p cnf 77 592
8 29 38 46 54 0
2 31 40 48 55 64 0
3 17 24 50 74 0
6 27 44 52 76 0
20 53 0
15 28 37 61 0
-1 -9 2 0
-1 -11 3 0
-1 -12 4 0
-1 -13 5 0
-1 -14 0
-1 -15 7 0
-2 -16 1 0
-2 -17 3 0
-2 -18 4 0
-2 -19 5 0
-2 -20 0
-2 -21 7 0
-22 1 0
-23 2 0
-24 3 0
-25 4 0
-26 5 0
-27 6 0
-28 7 0
-3 -30 1 0
-3 -31 2 0
-3 -33 4 0
-3 -34 5 0
-3 -35 6 0
-3 -36 0
-3 -37 7 0
-4 -39 1 0
-4 -40 2 0
-4 -42 3 0
-4 -43 5 0
-4 -44 6 0
-4 -45 7 0
-5 -47 1 0
-5 -48 2 0
-5 -50 3 0
-5 -51 4 0
-5 -52 6 0
-5 -53 0
-6 1 0
-6 -55 2 0
-6 -57 3 0
-6 -58 4 0
-6 -59 5 0
-6 -60 0
-6 -61 7 0
-7 -71 1 0
-7 -72 2 0
-7 -74 3 0
-7 -75 4 0
-7 5 0
-7 -76 6 0
-7 -77 0
-8 -2 9 0
-8 10 0
-8 -3 11 0
-8 -4 12 0
-8 -5 13 0
-8 -6 0
-8 -7 15 0
-9 -17 11 0
-9 -18 12 0
-9 -19 13 0
-9 -20 14 0
-9 -21 15 0
-10 -23 9 0
-10 -24 11 0
-10 -25 12 0
-10 -26 13 0
-10 -27 0
-10 -28 15 0
-11 -29 8 0
-11 -31 9 0
-11 -32 10 0
-11 -33 12 0
-11 -34 13 0
-11 -35 0
-11 -36 14 0
-11 -37 15 0
-12 -38 8 0
-12 -40 9 0
-12 -41 10 0
-12 -42 11 0
-12 -43 13 0
-12 -44 0
-12 -45 15 0
-13 -46 8 0
-13 -48 9 0
-13 -49 10 0
-13 -50 11 0
-13 -51 12 0
-13 -52 0
-13 -53 14 0
-14 -62 8 0
-14 -64 9 0
-14 -65 10 0
-14 -66 11 0
-14 12 0
-14 -67 13 0
-14 -68 0
-14 -69 15 0
-15 -70 8 0
-15 -72 9 0
-15 -73 10 0
-15 -74 11 0
-15 -75 12 0
-15 13 0
-15 -76 0
-15 -77 14 0
-16 -8 0
-16 -10 0
-16 -11 17 0
-16 -12 18 0
-16 -13 19 0
-16 -14 20 0
-16 -15 21 0
-17 -29 0
-17 -30 16 0
-17 -32 0
-17 -33 18 0
-17 -34 19 0
-17 -35 0
-17 -36 20 0
-17 -37 21 0
-18 -38 0
-18 -39 16 0
-18 -41 0
-18 -42 17 0
-18 -43 19 0
-18 -44 0
-18 -45 21 0
-19 -46 0
-19 -47 16 0
-19 -49 0
-19 -50 17 0
-19 -51 18 0
-19 -52 0
-19 -53 20 0
-20 -62 0
-20 -63 16 0
-20 -65 0
-20 -66 17 0
-20 18 0
-20 -67 19 0
-20 -68 0
-20 -69 21 0
-21 -70 0
-21 -71 16 0
-21 -73 0
-21 -74 17 0
-21 -75 18 0
-21 19 0
-21 -76 0
-21 -77 20 0
-22 -8 0
-22 -9 23 0
-22 -11 24 0
-22 -12 25 0
-22 -13 26 0
-22 -14 0
-22 -15 28 0
-23 -16 22 0
-23 -17 24 0
-23 -18 25 0
-23 -19 26 0
-23 -20 0
-23 -21 28 0
-24 -29 0
-24 -30 22 0
-24 -31 23 0
-24 -33 25 0
-24 -34 26 0
-24 -35 27 0
-24 -36 0
-24 -37 28 0
-25 -38 0
-25 -39 22 0
-25 -40 23 0
-25 -42 24 0
-25 -43 26 0
-25 -44 27 0
-25 -45 28 0
-26 -46 0
-26 -47 22 0
-26 -48 23 0
-26 -50 24 0
-26 -51 25 0
-26 -52 27 0
-26 -53 0
-27 -54 0
-27 22 0
-27 -55 23 0
-27 -57 24 0
-27 -58 25 0
-27 -59 26 0
-27 -60 0
-27 -61 28 0
-28 -70 0
-28 -71 22 0
-28 -72 23 0
-28 -74 24 0
-28 -75 25 0
-28 26 0
-28 -76 27 0
-28 -77 0
-29 -1 30 0
-29 -2 31 0
-29 32 0
-29 -4 33 0
-29 -5 34 0
-29 -6 35 0
-29 -7 37 0
-30 -8 29 0
-30 -9 31 0
-30 -10 32 0
-30 -12 33 0
-30 -13 34 0
-30 -14 36 0
-30 -15 37 0
-31 -16 30 0
-31 -18 33 0
-31 -19 34 0
-31 -20 36 0
-31 -21 37 0
-32 -22 30 0
-32 -23 31 0
-32 -25 33 0
-32 -26 34 0
-32 -27 35 0
-32 -28 37 0
-33 -38 29 0
-33 -39 30 0
-33 -40 31 0
-33 -41 32 0
-33 -43 34 0
-33 -44 35 0
-33 -45 37 0
-34 -46 29 0
-34 -47 30 0
-34 -48 31 0
-34 -49 32 0
-34 -51 33 0
-34 -52 35 0
-34 -53 36 0
-35 -54 29 0
-35 30 0
-35 -55 31 0
-35 -56 32 0
-35 -58 33 0
-35 -59 34 0
-35 -60 36 0
-35 -61 37 0
-36 -62 29 0
-36 -63 30 0
-36 -64 31 0
-36 -65 32 0
-36 33 0
-36 -67 34 0
-36 -68 35 0
-36 -69 37 0
-37 -70 29 0
-37 -71 30 0
-37 -72 31 0
-37 -73 32 0
-37 -75 33 0
-37 34 0
-37 -76 35 0
-37 -77 36 0
-38 -1 39 0
-38 -2 40 0
-38 41 0
-38 -3 42 0
-38 -5 43 0
-38 -6 44 0
-38 -7 45 0
-39 -8 38 0
-39 -9 40 0
-39 -10 41 0
-39 -11 42 0
-39 -13 43 0
-39 -14 0
-39 -15 45 0
-40 -16 39 0
-40 -17 42 0
-40 -19 43 0
-40 -20 0
-40 -21 45 0
-41 -22 39 0
-41 -23 40 0
-41 -24 42 0
-41 -26 43 0
-41 -27 44 0
-41 -28 45 0
-42 -29 38 0
-42 -30 39 0
-42 -31 40 0
-42 -32 41 0
-42 -34 43 0
-42 -35 44 0
-42 -36 0
-42 -37 45 0
-43 -46 38 0
-43 -47 39 0
-43 -48 40 0
-43 -49 41 0
-43 -50 42 0
-43 -52 44 0
-43 -53 0
-44 -54 38 0
-44 39 0
-44 -55 40 0
-44 -56 41 0
-44 -57 42 0
-44 -59 43 0
-44 -60 0
-44 -61 45 0
-45 -70 38 0
-45 -71 39 0
-45 -72 40 0
-45 -73 41 0
-45 -74 42 0
-45 43 0
-45 -76 44 0
-45 -77 0
-46 -1 47 0
-46 -2 48 0
-46 49 0
-46 -3 50 0
-46 -4 51 0
-46 -6 52 0
-46 -7 0
-47 -8 46 0
-47 -9 48 0
-47 -10 49 0
-47 -11 50 0
-47 -12 51 0
-47 -14 53 0
-47 -15 0
-48 -16 47 0
-48 -17 50 0
-48 -18 51 0
-48 -20 53 0
-48 -21 0
-49 -22 47 0
-49 -23 48 0
-49 -24 50 0
-49 -25 51 0
-49 -27 52 0
-49 -28 0
-50 -29 46 0
-50 -30 47 0
-50 -31 48 0
-50 -32 49 0
-50 -33 51 0
-50 -35 52 0
-50 -36 53 0
-50 -37 0
-51 -38 46 0
-51 -39 47 0
-51 -40 48 0
-51 -41 49 0
-51 -42 50 0
-51 -44 52 0
-51 -45 0
-52 -54 46 0
-52 47 0
-52 -55 48 0
-52 -56 49 0
-52 -57 50 0
-52 -58 51 0
-52 -60 53 0
-52 -61 0
-53 -62 46 0
-53 -63 47 0
-53 -64 48 0
-53 -65 49 0
-53 -66 50 0
-53 51 0
-53 -68 52 0
-53 -69 0
-54 -2 55 0
-54 56 0
-54 -3 57 0
-54 -4 58 0
-54 -5 59 0
-54 -7 61 0
-8 54 0
-9 55 0
-10 56 0
-11 57 0
-12 58 0
-13 59 0
-14 60 0
-15 61 0
-55 -17 57 0
-55 -18 58 0
-55 -19 59 0
-55 -20 60 0
-55 -21 61 0
-56 -23 55 0
-56 -24 57 0
-56 -25 58 0
-56 -26 59 0
-56 -28 61 0
-57 -29 54 0
-57 -31 55 0
-57 -32 56 0
-57 -33 58 0
-57 -34 59 0
-57 -36 60 0
-57 -37 61 0
-58 -38 54 0
-58 -40 55 0
-58 -41 56 0
-58 -42 57 0
-58 -43 59 0
-58 -45 61 0
-59 -46 54 0
-59 -48 55 0
-59 -49 56 0
-59 -50 57 0
-59 -51 58 0
-59 -53 60 0
-60 -62 54 0
-60 -64 55 0
-60 -65 56 0
-60 -66 57 0
-60 58 0
-60 -67 59 0
-60 -69 61 0
-61 -70 54 0
-61 -72 55 0
-61 -73 56 0
-61 -74 57 0
-61 -75 58 0
-61 59 0
-61 -77 60 0
-62 -1 63 0
-62 -2 64 0
-62 65 0
-62 -3 66 0
-62 -5 67 0
-62 -6 68 0
-62 -7 69 0
-63 -8 62 0
-63 -9 64 0
-63 -10 65 0
-63 -11 66 0
-63 -13 67 0
-63 -15 69 0
-64 -16 63 0
-64 -17 66 0
-64 -19 67 0
-64 -21 69 0
-65 -22 63 0
-65 -23 64 0
-65 -24 66 0
-65 -26 67 0
-65 -27 68 0
-65 -28 69 0
-66 -29 62 0
-66 -30 63 0
-66 -31 64 0
-66 -32 65 0
-66 -34 67 0
-66 -35 68 0
-66 -37 69 0
-38 62 0
-39 63 0
-40 64 0
-41 65 0
-42 66 0
-43 67 0
-44 68 0
-45 69 0
-67 -46 62 0
-67 -47 63 0
-67 -48 64 0
-67 -49 65 0
-67 -50 66 0
-67 -52 68 0
-68 -54 62 0
-68 63 0
-68 -55 64 0
-68 -56 65 0
-68 -57 66 0
-68 -59 67 0
-68 -61 69 0
-69 -70 62 0
-69 -71 63 0
-69 -72 64 0
-69 -73 65 0
-69 -74 66 0
-69 67 0
-69 -76 68 0
-70 -1 71 0
-70 -2 72 0
-70 73 0
-70 -3 74 0
-70 -4 75 0
-70 -6 76 0
-71 -8 70 0
-71 -9 72 0
-71 -10 73 0
-71 -11 74 0
-71 -12 75 0
-71 -14 77 0
-72 -16 71 0
-72 -17 74 0
-72 -18 75 0
-72 -20 77 0
-73 -22 71 0
-73 -23 72 0
-73 -24 74 0
-73 -25 75 0
-73 -27 76 0
-74 -29 70 0
-74 -30 71 0
-74 -31 72 0
-74 -32 73 0
-74 -33 75 0
-74 -35 76 0
-74 -36 77 0
-75 -38 70 0
-75 -39 71 0
-75 -40 72 0
-75 -41 73 0
-75 -42 74 0
-75 -44 76 0
-46 70 0
-47 71 0
-48 72 0
-49 73 0
-50 74 0
-51 75 0
-52 76 0
-53 77 0
-76 -54 70 0
-76 71 0
-76 -55 72 0
-76 -56 73 0
-76 -57 74 0
-76 -58 75 0
-76 -60 77 0
-77 -62 70 0
-77 -63 71 0
-77 -64 72 0
-77 -65 73 0
-77 -66 74 0
-77 75 0
-77 -68 76 0
-1 -8 0
-3 -29 0
-4 -38 0
-5 -46 0
-6 -54 0
-7 -70 0
-9 -16 0
-10 -22 0
-11 -30 0
-12 -39 0
-13 -47 0
-14 -63 0
-15 -71 0
-17 -31 0
-18 -40 0
-19 -48 0
-20 -64 0
-21 -72 0
-24 -32 0
-25 -41 0
-26 -49 0
-27 -56 0
-28 -73 0
-33 -42 0
-34 -50 0
-35 -57 0
-36 -66 0
-37 -74 0
-43 -51 0
-44 -58 0
-45 -75 0
-52 -59 0
-53 -67 0
-60 -68 0
-61 -76 0
-69 -77 0
