p cnf 69 494
9 23 31 47 55 0
19 56 0
10 25 49 0
2 20 32 0
21 33 39 52 68 0
6 22 34 40 45 0
7 16 0
-1 -19 0
-1 -20 2 0
-1 3 0
-1 4 0
-1 -21 5 0
-1 -22 6 0
-1 8 0
-2 -24 0
-2 -25 1 0
-2 -26 3 0
-2 -27 4 0
-2 -28 5 0
-2 6 0
-2 -29 7 0
-2 -30 8 0
-3 -32 2 0
-3 -33 5 0
-3 -34 6 0
-3 -35 8 0
-4 -37 0
-4 -38 2 0
-4 3 0
-4 -39 5 0
-4 -40 6 0
-4 8 0
-5 -42 0
-5 -43 2 0
-5 -44 3 0
-5 -45 6 0
-5 -46 7 0
-6 -48 0
-6 -49 1 0
-6 -50 3 0
-6 -51 4 0
-6 -52 5 0
-6 -53 7 0
-6 -54 8 0
-7 -56 0
-7 -57 1 0
-7 -58 2 0
-7 -59 3 0
-7 -60 4 0
-7 -61 5 0
-7 -62 6 0
-7 -63 8 0
-8 -65 0
-8 -66 2 0
-8 -67 3 0
-8 -68 5 0
-8 -69 6 0
-9 -1 10 0
-9 -2 11 0
-9 -3 12 0
-9 -4 13 0
-9 -5 14 0
-9 -6 15 0
-9 -7 16 0
-9 -8 17 0
-10 -18 9 0
-10 -20 11 0
-10 12 0
-10 13 0
-10 -21 14 0
-10 -22 15 0
-10 17 0
-11 -23 9 0
-11 -25 10 0
-11 -26 12 0
-11 -27 13 0
-11 -28 14 0
-11 15 0
-11 -29 16 0
-11 -30 17 0
-12 -31 9 0
-12 -32 11 0
-12 -33 14 0
-12 -34 15 0
-12 -35 17 0
-13 -36 9 0
-13 -38 11 0
-13 12 0
-13 -39 14 0
-13 -40 15 0
-13 17 0
-14 -41 9 0
-14 -43 11 0
-14 -44 12 0
-14 -45 15 0
-14 -46 16 0
-15 -47 9 0
-15 -49 10 0
-15 -50 12 0
-15 -51 13 0
-15 -52 14 0
-15 -53 16 0
-15 -54 17 0
-16 -55 9 0
-16 -57 10 0
-16 -58 11 0
-16 -59 12 0
-16 -60 13 0
-16 -61 14 0
-16 -62 15 0
-16 -63 17 0
-17 -64 9 0
-17 -66 11 0
-17 -67 12 0
-17 -68 14 0
-17 -69 15 0
-18 -2 20 0
-18 -5 21 0
-18 -6 22 0
-18 -7 0
-19 -9 18 0
-19 -11 20 0
-19 -14 21 0
-19 -15 22 0
-19 -16 0
-20 -23 18 0
-20 -24 19 0
-20 -28 21 0
-20 22 0
-20 -29 0
-31 18 0
-32 20 0
-33 21 0
-34 22 0
-36 18 0
-37 19 0
-38 20 0
-39 21 0
-40 22 0
-21 -41 18 0
-21 -42 19 0
-21 -43 20 0
-21 -45 22 0
-21 -46 0
-22 -47 18 0
-22 -48 19 0
-22 -52 21 0
-22 -53 0
-64 18 0
-65 19 0
-66 20 0
-68 21 0
-69 22 0
-23 -1 25 0
-23 -3 26 0
-23 -4 27 0
-23 -5 28 0
-23 -7 29 0
-23 -8 30 0
-24 -9 23 0
-24 -10 25 0
-24 -12 26 0
-24 -13 27 0
-24 -14 28 0
-24 -16 29 0
-24 -17 30 0
-25 -18 23 0
-25 -19 24 0
-25 26 0
-25 27 0
-25 -21 28 0
-25 30 0
-26 -31 23 0
-26 -33 28 0
-26 -35 30 0
-27 -36 23 0
-27 -37 24 0
-27 26 0
-27 -39 28 0
-27 30 0
-28 -41 23 0
-28 -42 24 0
-28 -44 26 0
-28 -46 29 0
-47 23 0
-48 24 0
-49 25 0
-50 26 0
-51 27 0
-52 28 0
-53 29 0
-54 30 0
-29 -55 23 0
-29 -56 24 0
-29 -57 25 0
-29 -59 26 0
-29 -60 27 0
-29 -61 28 0
-29 -63 30 0
-30 -64 23 0
-30 -65 24 0
-30 -67 26 0
-30 -68 28 0
-31 -1 0
-31 -2 32 0
-31 -4 0
-31 -5 33 0
-31 -6 34 0
-31 -7 0
-31 -8 35 0
-32 -23 31 0
-32 -24 0
-32 -25 0
-32 -27 0
-32 -28 33 0
-32 34 0
-32 -29 0
-32 -30 35 0
-33 -41 31 0
-33 -42 0
-33 -43 32 0
-33 -45 34 0
-33 -46 0
-34 -47 31 0
-34 -48 0
-34 -49 0
-34 -51 0
-34 -52 33 0
-34 -53 0
-34 -54 35 0
-35 -64 31 0
-35 -65 0
-35 -66 32 0
-35 -68 33 0
-35 -69 34 0
-36 -1 0
-36 -2 38 0
-36 -5 39 0
-36 -6 40 0
-36 -7 0
-37 -9 36 0
-37 -10 0
-37 -11 38 0
-37 -14 39 0
-37 -15 40 0
-37 -16 0
-38 -23 36 0
-38 -24 37 0
-38 -25 0
-38 -28 39 0
-38 40 0
-38 -29 0
-31 36 0
-32 38 0
-33 39 0
-34 40 0
-39 -41 36 0
-39 -42 37 0
-39 -43 38 0
-39 -45 40 0
-39 -46 0
-40 -47 36 0
-40 -48 37 0
-40 -49 0
-40 -52 39 0
-40 -53 0
-64 36 0
-65 37 0
-66 38 0
-68 39 0
-69 40 0
-41 -1 0
-41 -2 43 0
-41 -3 44 0
-41 -4 0
-41 -6 45 0
-41 -7 46 0
-41 -8 0
-42 -9 41 0
-42 -10 0
-42 -11 43 0
-42 -12 44 0
-42 -13 0
-42 -15 45 0
-42 -16 46 0
-42 -17 0
-43 -23 41 0
-43 -24 42 0
-43 -25 0
-43 -26 44 0
-43 -27 0
-43 45 0
-43 -29 46 0
-43 -30 0
-44 -31 41 0
-44 -32 43 0
-44 -34 45 0
-44 -35 0
-45 -47 41 0
-45 -48 42 0
-45 -49 0
-45 -50 44 0
-45 -51 0
-45 -53 46 0
-45 -54 0
-46 -55 41 0
-46 -56 42 0
-46 -57 0
-46 -58 43 0
-46 -59 44 0
-46 -60 0
-46 -62 45 0
-46 -63 0
-47 -1 49 0
-47 -2 0
-47 -3 50 0
-47 -4 51 0
-47 -5 52 0
-47 -7 53 0
-47 -8 54 0
-48 -9 47 0
-48 -10 49 0
-48 -11 0
-48 -12 50 0
-48 -13 51 0
-48 -14 52 0
-48 -16 53 0
-48 -17 54 0
-49 -18 47 0
-49 -19 48 0
-49 -20 0
-49 50 0
-49 51 0
-49 -21 52 0
-49 54 0
-50 -31 47 0
-50 -32 0
-50 -33 52 0
-50 -35 54 0
-51 -36 47 0
-51 -37 48 0
-51 -38 0
-51 50 0
-51 -39 52 0
-51 54 0
-52 -41 47 0
-52 -42 48 0
-52 -43 0
-52 -44 50 0
-52 -46 53 0
-53 -55 47 0
-53 -56 48 0
-53 -57 49 0
-53 -58 0
-53 -59 50 0
-53 -60 51 0
-53 -61 52 0
-53 -63 54 0
-54 -64 47 0
-54 -65 48 0
-54 -66 0
-54 -67 50 0
-54 -68 52 0
-55 -1 57 0
-55 -2 58 0
-55 -3 59 0
-55 -4 60 0
-55 -5 61 0
-55 -6 62 0
-55 -8 63 0
-56 -9 55 0
-56 -10 57 0
-56 -11 58 0
-56 -12 59 0
-56 -13 60 0
-56 -14 61 0
-56 -15 62 0
-56 -17 63 0
-57 -18 55 0
-57 -19 56 0
-57 -20 58 0
-57 59 0
-57 60 0
-57 -21 61 0
-57 -22 62 0
-57 63 0
-58 -23 55 0
-58 -24 56 0
-58 -25 57 0
-58 -26 59 0
-58 -27 60 0
-58 -28 61 0
-58 62 0
-58 -30 63 0
-59 -31 55 0
-59 -32 58 0
-59 -33 61 0
-59 -34 62 0
-59 -35 63 0
-60 -36 55 0
-60 -37 56 0
-60 -38 58 0
-60 59 0
-60 -39 61 0
-60 -40 62 0
-60 63 0
-61 -41 55 0
-61 -42 56 0
-61 -43 58 0
-61 -44 59 0
-61 -45 62 0
-62 -47 55 0
-62 -48 56 0
-62 -49 57 0
-62 -50 59 0
-62 -51 60 0
-62 -52 61 0
-62 -54 63 0
-63 -64 55 0
-63 -65 56 0
-63 -66 58 0
-63 -67 59 0
-63 -68 61 0
-63 -69 62 0
-64 -1 0
-64 -2 66 0
-64 -3 67 0
-64 -4 0
-64 -5 68 0
-64 -6 69 0
-64 -7 0
-65 -9 64 0
-65 -10 0
-65 -11 66 0
-65 -12 67 0
-65 -13 0
-65 -14 68 0
-65 -15 69 0
-65 -16 0
-66 -23 64 0
-66 -24 65 0
-66 -25 0
-66 -26 67 0
-66 -27 0
-66 -28 68 0
-66 69 0
-66 -29 0
-67 -31 64 0
-67 -32 66 0
-67 -33 68 0
-67 -34 69 0
-68 -41 64 0
-68 -42 65 0
-68 -43 66 0
-68 -44 67 0
-68 -45 69 0
-68 -46 0
-69 -47 64 0
-69 -48 65 0
-69 -49 0
-69 -50 67 0
-69 -51 0
-69 -52 68 0
-69 -53 0
-1 -18 0
-2 -23 0
-3 -31 0
-4 -36 0
-5 -41 0
-6 -47 0
-7 -55 0
-8 -64 0
-10 -19 0
-11 -24 0
-13 -37 0
-14 -42 0
-15 -48 0
-16 -56 0
-17 -65 0
-20 -25 0
-22 -49 0
-26 -32 0
-27 -38 0
-28 -43 0
-29 -58 0
-30 -66 0
-33 -44 0
-34 -50 0
-35 -67 0
-40 -51 0
-45 -52 0
-46 -61 0
-53 -62 0
-54 -69 0
