p cnf 32 219
1 2 3 4 0
1 2 3 5 0
1 2 3 6 0
1 2 4 5 0
1 2 4 6 0
1 2 5 6 0
1 3 4 5 0
1 3 4 6 0
1 3 5 6 0
1 4 5 6 0
2 3 4 5 0
2 3 4 6 0
2 3 5 6 0
2 4 5 6 0
3 4 5 6 0
1 2 3 4 5 0
1 2 3 4 6 0
1 2 3 5 6 0
1 2 4 5 6 0
1 3 4 5 6 0
2 3 4 5 6 0
7 8 9 0
7 8 10 0
7 8 11 0
7 8 12 0
7 9 10 0
7 9 11 0
7 9 12 0
7 10 11 0
7 10 12 0
7 11 12 0
8 9 10 0
8 9 11 0
8 9 12 0
8 10 11 0
8 10 12 0
8 11 12 0
9 10 11 0
9 10 12 0
9 11 12 0
10 11 12 0
7 8 9 10 0
7 8 9 11 0
7 8 9 12 0
7 8 10 11 0
7 8 10 12 0
7 8 11 12 0
7 9 10 11 0
7 9 10 12 0
7 9 11 12 0
7 10 11 12 0
8 9 10 11 0
8 9 10 12 0
8 9 11 12 0
8 10 11 12 0
9 10 11 12 0
7 8 9 10 0
7 8 9 11 0
7 8 9 12 0
7 8 10 11 0
7 8 10 12 0
7 8 11 12 0
7 9 10 11 0
7 9 10 12 0
7 9 11 12 0
7 10 11 12 0
8 9 10 11 0
8 9 10 12 0
8 9 11 12 0
8 10 11 12 0
9 10 11 12 0
7 8 9 10 11 0
7 8 9 10 12 0
7 8 9 11 12 0
7 8 10 11 12 0
7 9 10 11 12 0
8 9 10 11 12 0
13 14 15 16 0
13 14 15 17 0
13 14 16 17 0
13 15 16 17 0
14 15 16 17 0
18 19 20 21 0
18 19 20 22 0
18 19 20 0
18 19 21 22 0
18 19 21 0
18 19 22 0
18 20 21 22 0
18 20 21 0
18 20 22 0
18 21 22 0
19 20 21 22 0
19 20 21 0
19 20 22 0
19 21 22 0
20 21 22 0
23 24 25 26 0
23 24 25 27 0
23 24 26 27 0
23 25 26 27 0
23 24 25 26 27 0
24 25 26 27 0
28 29 30 0
28 29 0
28 29 31 0
28 29 32 0
28 29 30 0
28 29 30 31 0
28 29 30 32 0
28 29 31 0
28 29 32 0
28 29 31 32 0
28 30 0
28 30 31 0
28 30 32 0
28 31 0
28 32 0
28 31 32 0
28 30 31 0
28 30 32 0
28 30 31 32 0
28 31 32 0
28 29 30 0
28 29 30 31 0
28 29 30 32 0
28 29 31 0
28 29 32 0
28 29 31 32 0
28 29 30 31 0
28 29 30 32 0
28 29 30 31 32 0
28 29 31 32 0
28 30 31 0
28 30 32 0
28 30 31 32 0
28 31 32 0
28 30 31 32 0
29 30 0
29 30 31 0
29 30 32 0
29 31 0
29 32 0
29 31 32 0
29 30 31 0
29 30 32 0
29 30 31 32 0
29 31 32 0
30 31 0
30 32 0
30 31 32 0
31 32 0
30 31 32 0
29 30 31 0
29 30 32 0
29 30 31 32 0
29 31 32 0
29 30 31 32 0
30 31 32 0
-18 -23 -28 0
-2 -7 -14 -20 0
-2 -7 -14 -24 0
-2 -7 -14 -29 0
-2 -7 -20 -24 0
-2 -7 -20 -29 0
-2 -7 -24 -29 0
-2 -14 -20 -24 0
-2 -14 -20 -29 0
-2 -14 -24 -29 0
-2 -20 -24 -29 0
-7 -14 -20 -24 0
-7 -14 -20 -29 0
-7 -14 -24 -29 0
-7 -20 -24 -29 0
-14 -20 -24 -29 0
-3 -8 -21 0
-3 -8 0
-3 -8 -21 0
-3 -21 0
-8 -21 0
-4 -9 0
-4 -9 -25 0
-4 -9 -30 0
-4 -9 -25 0
-4 -9 -30 0
-4 -9 -25 -30 0
-4 -25 0
-4 -30 0
-4 -25 -30 0
-4 -25 -30 0
-9 -25 0
-9 -30 0
-9 -25 -30 0
-9 -25 -30 0
-25 -30 0
-5 -10 -15 0
-5 -10 -26 0
-5 -15 -26 0
-10 -15 -26 0
-6 -11 -16 -22 0
-6 -11 -16 0
-6 -11 -16 -31 0
-6 -11 -22 0
-6 -11 -22 -31 0
-6 -11 -31 0
-6 -16 -22 0
-6 -16 -22 -31 0
-6 -16 -31 0
-6 -22 -31 0
-11 -16 -22 0
-11 -16 -22 -31 0
-11 -16 -31 0
-11 -22 -31 0
-16 -22 -31 0
-12 -17 -27 0
-12 -17 -32 0
-12 -27 -32 0
-17 -27 -32 0
-12 -17 -27 -32 0
