p cnf 80 633
10 18 25 34 43 52 67 73 0
1 26 44 0
2 11 36 45 54 75 0
3 12 55 76 0
4 20 47 56 63 77 0
5 14 21 38 64 78 0
6 22 30 39 65 71 0
40 49 58 79 0
8 16 50 59 80 0
-1 -11 2 0
-1 -12 3 0
-1 -13 4 0
-1 -14 5 0
-1 -15 7 0
-1 -16 8 0
-1 -17 9 0
-2 -19 3 0
-2 -20 4 0
-2 -21 5 0
-2 -22 6 0
-2 -23 8 0
-2 -24 9 0
-3 -26 1 0
-3 -27 2 0
-3 -28 4 0
-3 -29 5 0
-3 -30 6 0
-3 -31 7 0
-3 -32 8 0
-3 -33 9 0
-4 -35 1 0
-4 -36 2 0
-4 -37 3 0
-4 -38 5 0
-4 -39 6 0
-4 -40 7 0
-4 -41 8 0
-4 -42 9 0
-5 -44 1 0
-5 -45 2 0
-5 -46 3 0
-5 -47 4 0
-5 -48 6 0
-5 -49 7 0
-5 -50 8 0
-5 -51 9 0
-6 -53 1 0
-6 -54 2 0
-6 -55 3 0
-6 -56 4 0
-6 -57 5 0
-6 -58 7 0
-6 -59 8 0
-6 9 0
-7 -61 1 0
-7 2 0
-7 -62 3 0
-7 -63 4 0
-7 -64 5 0
-7 -65 6 0
-7 8 0
-7 -66 9 0
-8 -68 2 0
-8 -69 3 0
-8 -70 4 0
-8 -71 6 0
-8 -72 9 0
-9 -74 1 0
-9 -75 2 0
-9 -76 3 0
-9 -77 4 0
-9 -78 5 0
-9 -79 7 0
-9 -80 8 0
-10 -2 11 0
-10 -3 12 0
-10 -4 13 0
-10 -5 14 0
-10 -6 0
-10 -7 15 0
-10 -8 16 0
-10 -9 17 0
-11 -18 10 0
-11 -19 12 0
-11 -20 13 0
-11 -21 14 0
-11 -22 0
-11 -23 16 0
-11 -24 17 0
-12 -25 10 0
-12 -27 11 0
-12 -28 13 0
-12 -29 14 0
-12 -30 0
-12 -31 15 0
-12 -32 16 0
-12 -33 17 0
-13 -34 10 0
-13 -36 11 0
-13 -37 12 0
-13 -38 14 0
-13 -39 0
-13 -40 15 0
-13 -41 16 0
-13 -42 17 0
-14 -43 10 0
-14 -45 11 0
-14 -46 12 0
-14 -47 13 0
-14 -48 0
-14 -49 15 0
-14 -50 16 0
-14 -51 17 0
-15 -60 10 0
-15 11 0
-15 -62 12 0
-15 -63 13 0
-15 -64 14 0
-15 -65 0
-15 16 0
-15 -66 17 0
-16 -67 10 0
-16 -68 11 0
-16 -69 12 0
-16 -70 13 0
-16 -71 0
-16 -72 17 0
-17 -73 10 0
-17 -75 11 0
-17 -76 12 0
-17 -77 13 0
-17 -78 14 0
-17 -79 15 0
-17 -80 16 0
-18 -1 0
-18 -3 19 0
-18 -4 20 0
-18 -5 21 0
-18 -6 22 0
-18 -7 0
-18 -8 23 0
-18 -9 24 0
-19 -25 18 0
-19 -26 0
-19 -28 20 0
-19 -29 21 0
-19 -30 22 0
-19 -31 0
-19 -32 23 0
-19 -33 24 0
-20 -34 18 0
-20 -35 0
-20 -37 19 0
-20 -38 21 0
-20 -39 22 0
-20 -40 0
-20 -41 23 0
-20 -42 24 0
-21 -43 18 0
-21 -44 0
-21 -46 19 0
-21 -47 20 0
-21 -48 22 0
-21 -49 0
-21 -50 23 0
-21 -51 24 0
-22 -52 18 0
-22 -53 0
-22 -55 19 0
-22 -56 20 0
-22 -57 21 0
-22 -58 0
-22 -59 23 0
-22 24 0
-23 -67 18 0
-23 -69 19 0
-23 -70 20 0
-23 -71 22 0
-23 -72 24 0
-24 -73 18 0
-24 -74 0
-24 -76 19 0
-24 -77 20 0
-24 -78 21 0
-24 -79 0
-24 -80 23 0
-25 -1 26 0
-25 -2 27 0
-25 -4 28 0
-25 -5 29 0
-25 -6 30 0
-25 -7 31 0
-25 -8 32 0
-25 -9 33 0
-26 -10 25 0
-26 -11 27 0
-26 -13 28 0
-26 -14 29 0
-26 -15 31 0
-26 -16 32 0
-26 -17 33 0
-27 -18 25 0
-27 -20 28 0
-27 -21 29 0
-27 -22 30 0
-27 -23 32 0
-27 -24 33 0
-28 -34 25 0
-28 -35 26 0
-28 -36 27 0
-28 -38 29 0
-28 -39 30 0
-28 -40 31 0
-28 -41 32 0
-28 -42 33 0
-29 -43 25 0
-29 -44 26 0
-29 -45 27 0
-29 -47 28 0
-29 -48 30 0
-29 -49 31 0
-29 -50 32 0
-29 -51 33 0
-30 -52 25 0
-30 -53 26 0
-30 -54 27 0
-30 -56 28 0
-30 -57 29 0
-30 -58 31 0
-30 -59 32 0
-30 33 0
-31 -60 25 0
-31 -61 26 0
-31 27 0
-31 -63 28 0
-31 -64 29 0
-31 -65 30 0
-31 32 0
-31 -66 33 0
-32 -67 25 0
-32 -68 27 0
-32 -70 28 0
-32 -71 30 0
-32 -72 33 0
-33 -73 25 0
-33 -74 26 0
-33 -75 27 0
-33 -77 28 0
-33 -78 29 0
-33 -79 31 0
-33 -80 32 0
-34 -1 35 0
-34 -2 36 0
-34 -3 37 0
-34 -5 38 0
-34 -6 39 0
-34 -7 40 0
-34 -8 41 0
-34 -9 42 0
-35 -10 34 0
-35 -11 36 0
-35 -12 37 0
-35 -14 38 0
-35 -15 40 0
-35 -16 41 0
-35 -17 42 0
-36 -18 34 0
-36 -19 37 0
-36 -21 38 0
-36 -22 39 0
-36 -23 41 0
-36 -24 42 0
-37 -25 34 0
-37 -26 35 0
-37 -27 36 0
-37 -29 38 0
-37 -30 39 0
-37 -31 40 0
-37 -32 41 0
-37 -33 42 0
-38 -43 34 0
-38 -44 35 0
-38 -45 36 0
-38 -46 37 0
-38 -48 39 0
-38 -49 40 0
-38 -50 41 0
-38 -51 42 0
-39 -52 34 0
-39 -53 35 0
-39 -54 36 0
-39 -55 37 0
-39 -57 38 0
-39 -58 40 0
-39 -59 41 0
-39 42 0
-40 -60 34 0
-40 -61 35 0
-40 36 0
-40 -62 37 0
-40 -64 38 0
-40 -65 39 0
-40 41 0
-40 -66 42 0
-41 -67 34 0
-41 -68 36 0
-41 -69 37 0
-41 -71 39 0
-41 -72 42 0
-42 -73 34 0
-42 -74 35 0
-42 -75 36 0
-42 -76 37 0
-42 -78 38 0
-42 -79 40 0
-42 -80 41 0
-43 -1 44 0
-43 -2 45 0
-43 -3 46 0
-43 -4 47 0
-43 -6 48 0
-43 -7 49 0
-43 -8 50 0
-43 -9 51 0
-44 -10 43 0
-44 -11 45 0
-44 -12 46 0
-44 -13 47 0
-44 -15 49 0
-44 -16 50 0
-44 -17 51 0
-45 -18 43 0
-45 -19 46 0
-45 -20 47 0
-45 -22 48 0
-45 -23 50 0
-45 -24 51 0
-46 -25 43 0
-46 -26 44 0
-46 -27 45 0
-46 -28 47 0
-46 -30 48 0
-46 -31 49 0
-46 -32 50 0
-46 -33 51 0
-47 -34 43 0
-47 -35 44 0
-47 -36 45 0
-47 -37 46 0
-47 -39 48 0
-47 -40 49 0
-47 -41 50 0
-47 -42 51 0
-48 -52 43 0
-48 -53 44 0
-48 -54 45 0
-48 -55 46 0
-48 -56 47 0
-48 -58 49 0
-48 -59 50 0
-48 51 0
-49 -60 43 0
-49 -61 44 0
-49 45 0
-49 -62 46 0
-49 -63 47 0
-49 -65 48 0
-49 50 0
-49 -66 51 0
-50 -67 43 0
-50 -68 45 0
-50 -69 46 0
-50 -70 47 0
-50 -71 48 0
-50 -72 51 0
-51 -73 43 0
-51 -74 44 0
-51 -75 45 0
-51 -76 46 0
-51 -77 47 0
-51 -79 49 0
-51 -80 50 0
-52 -1 53 0
-52 -2 54 0
-52 -3 55 0
-52 -4 56 0
-52 -5 57 0
-52 -7 58 0
-52 -8 59 0
-53 -10 52 0
-53 -11 54 0
-53 -12 55 0
-53 -13 56 0
-53 -14 57 0
-53 -15 58 0
-53 -16 59 0
-54 -18 52 0
-54 -19 55 0
-54 -20 56 0
-54 -21 57 0
-54 -23 59 0
-55 -25 52 0
-55 -26 53 0
-55 -27 54 0
-55 -28 56 0
-55 -29 57 0
-55 -31 58 0
-55 -32 59 0
-56 -34 52 0
-56 -35 53 0
-56 -36 54 0
-56 -37 55 0
-56 -38 57 0
-56 -40 58 0
-56 -41 59 0
-57 -43 52 0
-57 -44 53 0
-57 -45 54 0
-57 -46 55 0
-57 -47 56 0
-57 -49 58 0
-57 -50 59 0
-58 -60 52 0
-58 -61 53 0
-58 54 0
-58 -62 55 0
-58 -63 56 0
-58 -64 57 0
-58 59 0
-59 -67 52 0
-59 -68 54 0
-59 -69 55 0
-59 -70 56 0
-73 52 0
-74 53 0
-75 54 0
-76 55 0
-77 56 0
-78 57 0
-79 58 0
-80 59 0
-60 -1 61 0
-60 -3 62 0
-60 -4 63 0
-60 -5 64 0
-60 -6 65 0
-60 -9 66 0
-61 -10 60 0
-61 -12 62 0
-61 -13 63 0
-61 -14 64 0
-61 -17 66 0
-18 60 0
-19 62 0
-20 63 0
-21 64 0
-22 65 0
-24 66 0
-62 -25 60 0
-62 -26 61 0
-62 -28 63 0
-62 -29 64 0
-62 -30 65 0
-62 -33 66 0
-63 -34 60 0
-63 -35 61 0
-63 -37 62 0
-63 -38 64 0
-63 -39 65 0
-63 -42 66 0
-64 -43 60 0
-64 -44 61 0
-64 -46 62 0
-64 -47 63 0
-64 -48 65 0
-64 -51 66 0
-65 -52 60 0
-65 -53 61 0
-65 -55 62 0
-65 -56 63 0
-65 -57 64 0
-65 66 0
-67 60 0
-69 62 0
-70 63 0
-71 65 0
-72 66 0
-66 -73 60 0
-66 -74 61 0
-66 -76 62 0
-66 -77 63 0
-66 -78 64 0
-67 -1 0
-67 -2 68 0
-67 -3 69 0
-67 -4 70 0
-67 -5 0
-67 -6 71 0
-67 -7 0
-67 -9 72 0
-68 -18 67 0
-68 -19 69 0
-68 -20 70 0
-68 -21 0
-68 -22 71 0
-68 -24 72 0
-69 -25 67 0
-69 -26 0
-69 -27 68 0
-69 -28 70 0
-69 -29 0
-69 -30 71 0
-69 -31 0
-69 -33 72 0
-70 -34 67 0
-70 -35 0
-70 -36 68 0
-70 -37 69 0
-70 -38 0
-70 -39 71 0
-70 -40 0
-70 -42 72 0
-71 -52 67 0
-71 -53 0
-71 -54 68 0
-71 -55 69 0
-71 -56 70 0
-71 -57 0
-71 -58 0
-71 72 0
-72 -73 67 0
-72 -74 0
-72 -75 68 0
-72 -76 69 0
-72 -77 70 0
-72 -78 0
-72 -79 0
-73 -1 74 0
-73 -2 75 0
-73 -3 76 0
-73 -4 77 0
-73 -5 78 0
-73 -6 0
-73 -7 79 0
-73 -8 80 0
-74 -10 73 0
-74 -11 75 0
-74 -12 76 0
-74 -13 77 0
-74 -14 78 0
-74 -15 79 0
-74 -16 80 0
-75 -18 73 0
-75 -19 76 0
-75 -20 77 0
-75 -21 78 0
-75 -22 0
-75 -23 80 0
-76 -25 73 0
-76 -26 74 0
-76 -27 75 0
-76 -28 77 0
-76 -29 78 0
-76 -30 0
-76 -31 79 0
-76 -32 80 0
-77 -34 73 0
-77 -35 74 0
-77 -36 75 0
-77 -37 76 0
-77 -38 78 0
-77 -39 0
-77 -40 79 0
-77 -41 80 0
-78 -43 73 0
-78 -44 74 0
-78 -45 75 0
-78 -46 76 0
-78 -47 77 0
-78 -48 0
-78 -49 79 0
-78 -50 80 0
-79 -60 73 0
-79 -61 74 0
-79 75 0
-79 -62 76 0
-79 -63 77 0
-79 -64 78 0
-79 -65 0
-79 80 0
-80 -67 73 0
-80 -68 75 0
-80 -69 76 0
-80 -70 77 0
-80 -71 0
-1 -10 0
-2 -18 0
-3 -25 0
-4 -34 0
-5 -43 0
-6 -52 0
-7 -60 0
-8 -67 0
-9 -73 0
-12 -26 0
-13 -35 0
-14 -44 0
-15 -61 0
-17 -74 0
-19 -27 0
-20 -36 0
-21 -45 0
-22 -54 0
-23 -68 0
-24 -75 0
-28 -37 0
-29 -46 0
-30 -55 0
-31 -62 0
-32 -69 0
-33 -76 0
-38 -47 0
-39 -56 0
-40 -63 0
-41 -70 0
-42 -77 0
-48 -57 0
-49 -64 0
-51 -78 0
-58 -65 0
-59 -71 0
-66 -79 0
-72 -80 0
