p cnf 29 256
1 2 3 4 0
1 2 3 0
1 2 3 5 0
1 2 3 6 0
1 2 4 0
1 2 4 5 0
1 2 4 6 0
1 2 5 0
1 2 6 0
1 2 5 6 0
1 3 4 0
1 3 4 5 0
1 3 4 6 0
1 3 5 0
1 3 6 0
1 3 5 6 0
1 4 5 0
1 4 6 0
1 4 5 6 0
1 5 6 0
2 3 4 0
2 3 4 5 0
2 3 4 6 0
2 3 5 0
2 3 6 0
2 3 5 6 0
2 4 5 0
2 4 6 0
2 4 5 6 0
2 5 6 0
3 4 5 0
3 4 6 0
3 4 5 6 0
3 5 6 0
4 5 6 0
7 8 9 10 0
7 8 9 11 0
7 8 9 12 0
7 8 9 13 0
7 8 10 11 0
7 8 10 12 0
7 8 10 13 0
7 8 11 12 0
7 8 11 13 0
7 8 12 13 0
7 8 9 10 11 0
7 8 9 10 12 0
7 8 9 10 13 0
7 8 9 11 12 0
7 8 9 11 13 0
7 8 9 12 13 0
7 8 10 11 12 0
7 8 10 11 13 0
7 8 10 12 13 0
7 8 11 12 13 0
7 9 10 11 0
7 9 10 12 0
7 9 10 13 0
7 9 11 12 0
7 9 11 13 0
7 9 12 13 0
7 10 11 12 0
7 10 11 13 0
7 10 12 13 0
7 11 12 13 0
7 9 10 11 12 0
7 9 10 11 13 0
7 9 10 12 13 0
7 9 11 12 13 0
7 10 11 12 13 0
8 9 10 11 0
8 9 10 12 0
8 9 10 13 0
8 9 11 12 0
8 9 11 13 0
8 9 12 13 0
8 10 11 12 0
8 10 11 13 0
8 10 12 13 0
8 11 12 13 0
8 9 10 11 12 0
8 9 10 11 13 0
8 9 10 12 13 0
8 9 11 12 13 0
8 10 11 12 13 0
9 10 11 12 0
9 10 11 13 0
9 10 12 13 0
9 11 12 13 0
10 11 12 13 0
9 10 11 12 13 0
14 15 16 17 18 19 0
14 15 16 17 18 20 0
14 15 16 17 18 21 0
14 15 16 17 18 22 0
14 15 16 17 19 20 0
14 15 16 17 19 21 0
14 15 16 17 19 22 0
14 15 16 17 20 21 0
14 15 16 17 20 22 0
14 15 16 17 21 22 0
14 15 16 18 19 20 0
14 15 16 18 19 21 0
14 15 16 18 19 22 0
14 15 16 18 20 21 0
14 15 16 18 20 22 0
14 15 16 18 21 22 0
14 15 16 19 20 21 0
14 15 16 19 20 22 0
14 15 16 19 21 22 0
14 15 16 20 21 22 0
14 15 17 18 19 20 0
14 15 17 18 19 21 0
14 15 17 18 19 22 0
14 15 17 18 20 21 0
14 15 17 18 20 22 0
14 15 17 18 21 22 0
14 15 17 19 20 21 0
14 15 17 19 20 22 0
14 15 17 19 21 22 0
14 15 17 20 21 22 0
14 15 18 19 20 21 0
14 15 18 19 20 22 0
14 15 18 19 21 22 0
14 15 18 20 21 22 0
14 15 19 20 21 22 0
14 16 17 18 19 20 0
14 16 17 18 19 21 0
14 16 17 18 19 22 0
14 16 17 18 20 21 0
14 16 17 18 20 22 0
14 16 17 18 21 22 0
14 16 17 19 20 21 0
14 16 17 19 20 22 0
14 16 17 19 21 22 0
14 16 17 20 21 22 0
14 16 18 19 20 21 0
14 16 18 19 20 22 0
14 16 18 19 21 22 0
14 16 18 20 21 22 0
14 16 19 20 21 22 0
14 17 18 19 20 21 0
14 17 18 19 20 22 0
14 17 18 19 21 22 0
14 17 18 20 21 22 0
14 17 19 20 21 22 0
14 18 19 20 21 22 0
15 16 17 18 19 20 0
15 16 17 18 19 21 0
15 16 17 18 19 22 0
15 16 17 18 20 21 0
15 16 17 18 20 22 0
15 16 17 18 21 22 0
15 16 17 19 20 21 0
15 16 17 19 20 22 0
15 16 17 19 21 22 0
15 16 17 20 21 22 0
15 16 18 19 20 21 0
15 16 18 19 20 22 0
15 16 18 19 21 22 0
15 16 18 20 21 22 0
15 16 19 20 21 22 0
15 17 18 19 20 21 0
15 17 18 19 20 22 0
15 17 18 19 21 22 0
15 17 18 20 21 22 0
15 17 19 20 21 22 0
15 18 19 20 21 22 0
16 17 18 19 20 21 0
16 17 18 19 20 22 0
16 17 18 19 21 22 0
16 17 18 20 21 22 0
16 17 19 20 21 22 0
16 18 19 20 21 22 0
17 18 19 20 21 22 0
23 24 25 26 0
23 24 25 27 0
23 24 25 28 0
23 24 25 29 0
23 24 25 26 27 0
23 24 25 26 28 0
23 24 25 26 29 0
23 24 25 27 28 0
23 24 25 27 29 0
23 24 25 28 29 0
23 24 26 27 0
23 24 26 28 0
23 24 26 29 0
23 24 27 28 0
23 24 27 29 0
23 24 28 29 0
23 24 26 27 28 0
23 24 26 27 29 0
23 24 26 28 29 0
23 24 27 28 29 0
23 25 26 27 0
23 25 26 28 0
23 25 26 29 0
23 25 27 28 0
23 25 27 29 0
23 25 28 29 0
23 25 26 27 28 0
23 25 26 27 29 0
23 25 26 28 29 0
23 25 27 28 29 0
23 26 27 28 0
23 26 27 29 0
23 26 28 29 0
23 27 28 29 0
23 26 27 28 29 0
24 25 26 27 0
24 25 26 28 0
24 25 26 29 0
24 25 27 28 0
24 25 27 29 0
24 25 28 29 0
24 25 26 27 28 0
24 25 26 27 29 0
24 25 26 28 29 0
24 25 27 28 29 0
24 26 27 28 0
24 26 27 29 0
24 26 28 29 0
24 27 28 29 0
24 26 27 28 29 0
25 26 27 28 0
25 26 27 29 0
25 26 28 29 0
25 27 28 29 0
25 26 27 28 29 0
26 27 28 29 0
-1 -7 -14 0
-1 -7 -23 0
-1 -14 -23 0
-7 -14 -23 0
-2 -15 0
-16 -24 0
-3 -8 -17 0
-3 -8 -25 0
-3 -17 -25 0
-8 -17 -25 0
-4 -9 -18 0
-4 -9 -26 0
-4 -18 -26 0
-9 -18 -26 0
-10 -19 0
-10 -27 0
-19 -27 0
-11 -20 -28 0
-5 -12 0
-5 -21 0
-12 -21 0
-6 -13 -22 0
-6 -13 -29 0
-6 -22 -29 0
-13 -22 -29 0
