p cnf 80 396
1 2 3 0
4 5 6 0
7 8 9 0
10 11 12 0
13 14 15 16 17 0
18 19 20 21 22 0
23 24 25 26 0
27 28 29 30 31 32 0
33 34 35 0
36 37 38 39 40 0
41 42 43 44 0
45 46 0
47 48 49 50 0
51 52 53 54 55 0
60 61 62 63 64 65 0
71 72 73 0
74 75 76 77 0
78 79 80 0
-4 -10 0
-4 -13 0
-4 -23 0
-4 -27 0
-4 -36 0
-4 -47 0
-4 -51 0
-4 -56 0
-4 -60 0
-4 -66 0
-10 -13 0
-10 -23 0
-10 -27 0
-10 -36 0
-10 -47 0
-10 -51 0
-10 -56 0
-10 -60 0
-10 -66 0
-13 -23 0
-13 -27 0
-13 -36 0
-13 -47 0
-13 -51 0
-13 -56 0
-13 -60 0
-13 -66 0
-23 -27 0
-23 -36 0
-23 -47 0
-23 -51 0
-23 -56 0
-23 -60 0
-23 -66 0
-27 -36 0
-27 -47 0
-27 -51 0
-27 -56 0
-27 -60 0
-27 -66 0
-36 -47 0
-36 -51 0
-36 -56 0
-36 -60 0
-36 -66 0
-47 -51 0
-47 -56 0
-47 -60 0
-47 -66 0
-51 -56 0
-51 -60 0
-51 -66 0
-56 -60 0
-56 -66 0
-60 -66 0
-1 -7 0
-1 -14 0
-1 -18 0
-1 -24 0
-1 -28 0
-1 -33 0
-1 -37 0
-1 -41 0
-1 -45 0
-1 -48 0
-1 -52 0
-1 -61 0
-1 -74 0
-7 -14 0
-7 -18 0
-7 -24 0
-7 -28 0
-7 -33 0
-7 -37 0
-7 -41 0
-7 -45 0
-7 -48 0
-7 -52 0
-7 -61 0
-7 -74 0
-14 -18 0
-14 -24 0
-14 -28 0
-14 -33 0
-14 -37 0
-14 -41 0
-14 -45 0
-14 -48 0
-14 -52 0
-14 -61 0
-14 -74 0
-18 -24 0
-18 -28 0
-18 -33 0
-18 -37 0
-18 -41 0
-18 -45 0
-18 -48 0
-18 -52 0
-18 -61 0
-18 -74 0
-24 -28 0
-24 -33 0
-24 -37 0
-24 -41 0
-24 -45 0
-24 -48 0
-24 -52 0
-24 -61 0
-24 -74 0
-28 -33 0
-28 -37 0
-28 -41 0
-28 -45 0
-28 -48 0
-28 -52 0
-28 -61 0
-28 -74 0
-33 -37 0
-33 -41 0
-33 -45 0
-33 -48 0
-33 -52 0
-33 -61 0
-33 -74 0
-37 -41 0
-37 -45 0
-37 -48 0
-37 -52 0
-37 -61 0
-37 -74 0
-41 -45 0
-41 -48 0
-41 -52 0
-41 -61 0
-41 -74 0
-45 -48 0
-45 -52 0
-45 -61 0
-45 -74 0
-48 -52 0
-48 -61 0
-48 -74 0
-52 -61 0
-52 -74 0
-61 -74 0
-8 -19 0
-8 -29 0
-8 -34 0
-8 -42 0
-8 -53 0
-8 -62 0
-8 -67 0
-8 -75 0
-8 -78 0
-19 -29 0
-19 -34 0
-19 -42 0
-19 -53 0
-19 -62 0
-19 -67 0
-19 -75 0
-19 -78 0
-29 -34 0
-29 -42 0
-29 -53 0
-29 -62 0
-29 -67 0
-29 -75 0
-29 -78 0
-34 -42 0
-34 -53 0
-34 -62 0
-34 -67 0
-34 -75 0
-34 -78 0
-42 -53 0
-42 -62 0
-42 -67 0
-42 -75 0
-42 -78 0
-53 -62 0
-53 -67 0
-53 -75 0
-53 -78 0
-62 -67 0
-62 -75 0
-62 -78 0
-67 -75 0
-67 -78 0
-75 -78 0
-15 -20 0
-15 -25 0
-15 -30 0
-15 -46 0
-15 -54 0
-15 -63 0
-15 -68 0
-15 -71 0
-15 -76 0
-20 -25 0
-20 -30 0
-20 -46 0
-20 -54 0
-20 -63 0
-20 -68 0
-20 -71 0
-20 -76 0
-25 -30 0
-25 -46 0
-25 -54 0
-25 -63 0
-25 -68 0
-25 -71 0
-25 -76 0
-30 -46 0
-30 -54 0
-30 -63 0
-30 -68 0
-30 -71 0
-30 -76 0
-46 -54 0
-46 -63 0
-46 -68 0
-46 -71 0
-46 -76 0
-54 -63 0
-54 -68 0
-54 -71 0
-54 -76 0
-63 -68 0
-63 -71 0
-63 -76 0
-68 -71 0
-68 -76 0
-71 -76 0
-2 -16 0
-2 -26 0
-2 -31 0
-2 -35 0
-2 -38 0
-2 -43 0
-2 -55 0
-2 -64 0
-2 -69 0
-2 -72 0
-16 -26 0
-16 -31 0
-16 -35 0
-16 -38 0
-16 -43 0
-16 -55 0
-16 -64 0
-16 -69 0
-16 -72 0
-26 -31 0
-26 -35 0
-26 -38 0
-26 -43 0
-26 -55 0
-26 -64 0
-26 -69 0
-26 -72 0
-31 -35 0
-31 -38 0
-31 -43 0
-31 -55 0
-31 -64 0
-31 -69 0
-31 -72 0
-35 -38 0
-35 -43 0
-35 -55 0
-35 -64 0
-35 -69 0
-35 -72 0
-38 -43 0
-38 -55 0
-38 -64 0
-38 -69 0
-38 -72 0
-43 -55 0
-43 -64 0
-43 -69 0
-43 -72 0
-55 -64 0
-55 -69 0
-55 -72 0
-64 -69 0
-64 -72 0
-69 -72 0
-9 -11 0
-9 -17 0
-9 -39 0
-9 -57 0
-9 -65 0
-9 -79 0
-11 -17 0
-11 -39 0
-11 -57 0
-11 -65 0
-11 -79 0
-17 -39 0
-17 -57 0
-17 -65 0
-17 -79 0
-39 -57 0
-39 -65 0
-39 -79 0
-57 -65 0
-57 -79 0
-65 -79 0
-3 -5 0
-3 -21 0
-3 -32 0
-3 -40 0
-3 -44 0
-3 -49 0
-3 -58 0
-3 -70 0
-3 -80 0
-5 -21 0
-5 -32 0
-5 -40 0
-5 -44 0
-5 -49 0
-5 -58 0
-5 -70 0
-5 -80 0
-21 -32 0
-21 -40 0
-21 -44 0
-21 -49 0
-21 -58 0
-21 -70 0
-21 -80 0
-32 -40 0
-32 -44 0
-32 -49 0
-32 -58 0
-32 -70 0
-32 -80 0
-40 -44 0
-40 -49 0
-40 -58 0
-40 -70 0
-40 -80 0
-44 -49 0
-44 -58 0
-44 -70 0
-44 -80 0
-49 -58 0
-49 -70 0
-49 -80 0
-58 -70 0
-58 -80 0
-70 -80 0
-6 -12 0
-6 -22 0
-6 -50 0
-6 -59 0
-6 -73 0
-6 -77 0
-12 -22 0
-12 -50 0
-12 -59 0
-12 -73 0
-12 -77 0
-22 -50 0
-22 -59 0
-22 -73 0
-22 -77 0
-50 -59 0
-50 -73 0
-50 -77 0
-59 -73 0
-59 -77 0
-73 -77 0
