p cnf 61 592
-3 -4 0
-3 -5 0
-4 -5 0
3 4 5 0
-6 -7 0
-6 -8 0
-7 -8 0
6 7 8 0
-9 -10 0
-9 -11 0
-10 -11 0
9 10 11 0
-12 -13 0
-12 -14 0
-13 -14 0
12 13 14 0
-15 -16 0
-15 -17 0
-16 -17 0
15 16 17 0
-18 -19 0
-18 -20 0
-19 -20 0
18 19 20 0
-21 -22 0
-21 -23 0
-22 -23 0
21 22 23 0
-24 -25 0
-24 -26 0
-25 -26 0
24 25 26 0
-27 -28 0
-27 -29 0
-28 -29 0
27 28 29 0
-30 -31 0
-30 -32 0
-31 -32 0
30 31 32 0
-3 -6 0
-3 -9 0
-3 -12 0
-3 -15 0
-3 -18 0
-3 -21 0
-3 -24 0
-3 -27 0
-3 -30 0
-6 -9 0
-6 -12 0
-6 -15 0
-6 -18 0
-6 -21 0
-6 -24 0
-6 -27 0
-6 -30 0
-9 -12 0
-9 -15 0
-9 -18 0
-9 -21 0
-9 -24 0
-9 -27 0
-9 -30 0
-12 -15 0
-12 -18 0
-12 -21 0
-12 -24 0
-12 -27 0
-12 -30 0
-15 -18 0
-15 -21 0
-15 -24 0
-15 -27 0
-15 -30 0
-18 -21 0
-18 -24 0
-18 -27 0
-18 -30 0
-21 -24 0
-21 -27 0
-21 -30 0
-24 -27 0
-24 -30 0
-27 -30 0
-4 -7 0
-4 -10 0
-4 -13 0
-4 -16 0
-4 -19 0
-4 -22 0
-4 -25 0
-4 -28 0
-4 -31 0
-7 -10 0
-7 -13 0
-7 -16 0
-7 -19 0
-7 -22 0
-7 -25 0
-7 -28 0
-7 -31 0
-10 -13 0
-10 -16 0
-10 -19 0
-10 -22 0
-10 -25 0
-10 -28 0
-10 -31 0
-13 -16 0
-13 -19 0
-13 -22 0
-13 -25 0
-13 -28 0
-13 -31 0
-16 -19 0
-16 -22 0
-16 -25 0
-16 -28 0
-16 -31 0
-19 -22 0
-19 -25 0
-19 -28 0
-19 -31 0
-22 -25 0
-22 -28 0
-22 -31 0
-25 -28 0
-25 -31 0
-28 -31 0
-5 -8 0
-5 -11 0
-5 -14 0
-5 -17 0
-5 -20 0
-5 -23 0
-5 -26 0
-5 -29 0
-5 -32 0
-8 -11 0
-8 -14 0
-8 -17 0
-8 -20 0
-8 -23 0
-8 -26 0
-8 -29 0
-8 -32 0
-11 -14 0
-11 -17 0
-11 -20 0
-11 -23 0
-11 -26 0
-11 -29 0
-11 -32 0
-14 -17 0
-14 -20 0
-14 -23 0
-14 -26 0
-14 -29 0
-14 -32 0
-17 -20 0
-17 -23 0
-17 -26 0
-17 -29 0
-17 -32 0
-20 -23 0
-20 -26 0
-20 -29 0
-20 -32 0
-23 -26 0
-23 -29 0
-23 -32 0
-26 -29 0
-26 -32 0
-29 -32 0
-3 -7 0
-3 -10 0
-3 -13 0
-3 -16 0
-3 -19 0
-3 -22 0
-3 -25 0
-3 -28 0
-3 -31 0
-6 -4 0
-6 -10 0
-6 -13 0
-6 -16 0
-6 -19 0
-6 -22 0
-6 -25 0
-6 -28 0
-6 -31 0
-9 -4 0
-9 -7 0
-9 -13 0
-9 -16 0
-9 -19 0
-9 -22 0
-9 -25 0
-9 -28 0
-9 -31 0
-12 -4 0
-12 -7 0
-12 -10 0
-12 -16 0
-12 -19 0
-12 -22 0
-12 -25 0
-12 -28 0
-12 -31 0
-15 -4 0
-15 -7 0
-15 -10 0
-15 -13 0
-15 -19 0
-15 -22 0
-15 -25 0
-15 -28 0
-15 -31 0
-18 -4 0
-18 -7 0
-18 -10 0
-18 -13 0
-18 -16 0
-18 -22 0
-18 -25 0
-18 -28 0
-18 -31 0
-21 -4 0
-21 -7 0
-21 -10 0
-21 -13 0
-21 -16 0
-21 -19 0
-21 -25 0
-21 -28 0
-21 -31 0
-24 -4 0
-24 -7 0
-24 -10 0
-24 -13 0
-24 -16 0
-24 -19 0
-24 -22 0
-24 -28 0
-24 -31 0
-27 -4 0
-27 -7 0
-27 -10 0
-27 -13 0
-27 -16 0
-27 -19 0
-27 -22 0
-27 -25 0
-27 -31 0
-30 -4 0
-30 -7 0
-30 -10 0
-30 -13 0
-30 -16 0
-30 -19 0
-30 -22 0
-30 -25 0
-30 -28 0
1 -3 -8 0
1 -3 -11 0
1 -3 -14 0
1 -3 -17 0
1 -3 -20 0
1 -3 -23 0
1 -3 -26 0
1 -3 -29 0
1 -3 -32 0
1 -6 -5 0
1 -6 -11 0
1 -6 -14 0
1 -6 -17 0
1 -6 -20 0
1 -6 -23 0
1 -6 -26 0
1 -6 -29 0
1 -6 -32 0
1 -9 -5 0
1 -9 -8 0
1 -9 -14 0
1 -9 -17 0
1 -9 -20 0
1 -9 -23 0
1 -9 -26 0
1 -9 -29 0
1 -9 -32 0
1 -12 -5 0
1 -12 -8 0
1 -12 -11 0
1 -12 -17 0
1 -12 -20 0
1 -12 -23 0
1 -12 -26 0
1 -12 -29 0
1 -12 -32 0
1 -15 -5 0
1 -15 -8 0
1 -15 -11 0
1 -15 -14 0
1 -15 -20 0
1 -15 -23 0
1 -15 -26 0
1 -15 -29 0
1 -15 -32 0
1 -18 -5 0
1 -18 -8 0
1 -18 -11 0
1 -18 -14 0
1 -18 -17 0
1 -18 -23 0
1 -18 -26 0
1 -18 -29 0
1 -18 -32 0
1 -21 -5 0
1 -21 -8 0
1 -21 -11 0
1 -21 -14 0
1 -21 -17 0
1 -21 -20 0
1 -21 -26 0
1 -21 -29 0
1 -21 -32 0
1 -24 -5 0
1 -24 -8 0
1 -24 -11 0
1 -24 -14 0
1 -24 -17 0
1 -24 -20 0
1 -24 -23 0
1 -24 -29 0
1 -24 -32 0
1 -27 -5 0
1 -27 -8 0
1 -27 -11 0
1 -27 -14 0
1 -27 -17 0
1 -27 -20 0
1 -27 -23 0
1 -27 -26 0
1 -27 -32 0
1 -30 -5 0
1 -30 -8 0
1 -30 -11 0
1 -30 -14 0
1 -30 -17 0
1 -30 -20 0
1 -30 -23 0
1 -30 -26 0
1 -30 -29 0
2 -4 -8 0
2 -4 -11 0
2 -4 -14 0
2 -4 -17 0
2 -4 -20 0
2 -4 -23 0
2 -4 -26 0
2 -4 -29 0
2 -4 -32 0
2 -7 -5 0
2 -7 -11 0
2 -7 -14 0
2 -7 -17 0
2 -7 -20 0
2 -7 -23 0
2 -7 -26 0
2 -7 -29 0
2 -7 -32 0
2 -10 -5 0
2 -10 -8 0
2 -10 -14 0
2 -10 -17 0
2 -10 -20 0
2 -10 -23 0
2 -10 -26 0
2 -10 -29 0
2 -10 -32 0
2 -13 -5 0
2 -13 -8 0
2 -13 -11 0
2 -13 -17 0
2 -13 -20 0
2 -13 -23 0
2 -13 -26 0
2 -13 -29 0
2 -13 -32 0
2 -16 -5 0
2 -16 -8 0
2 -16 -11 0
2 -16 -14 0
2 -16 -20 0
2 -16 -23 0
2 -16 -26 0
2 -16 -29 0
2 -16 -32 0
2 -19 -5 0
2 -19 -8 0
2 -19 -11 0
2 -19 -14 0
2 -19 -17 0
2 -19 -23 0
2 -19 -26 0
2 -19 -29 0
2 -19 -32 0
2 -22 -5 0
2 -22 -8 0
2 -22 -11 0
2 -22 -14 0
2 -22 -17 0
2 -22 -20 0
2 -22 -26 0
2 -22 -29 0
2 -22 -32 0
2 -25 -5 0
2 -25 -8 0
2 -25 -11 0
2 -25 -14 0
2 -25 -17 0
2 -25 -20 0
2 -25 -23 0
2 -25 -29 0
2 -25 -32 0
2 -28 -5 0
2 -28 -8 0
2 -28 -11 0
2 -28 -14 0
2 -28 -17 0
2 -28 -20 0
2 -28 -23 0
2 -28 -26 0
2 -28 -32 0
2 -31 -5 0
2 -31 -8 0
2 -31 -11 0
2 -31 -14 0
2 -31 -17 0
2 -31 -20 0
2 -31 -23 0
2 -31 -26 0
2 -31 -29 0
-33 -34 0
-33 -35 0
-33 -36 0
-33 -37 0
-33 -38 0
-33 -39 0
-33 -40 0
-33 -41 0
-33 -42 0
-34 -35 0
-34 -36 0
-34 -37 0
-34 -38 0
-34 -39 0
-34 -40 0
-34 -41 0
-34 -42 0
-35 -36 0
-35 -37 0
-35 -38 0
-35 -39 0
-35 -40 0
-35 -41 0
-35 -42 0
-36 -37 0
-36 -38 0
-36 -39 0
-36 -40 0
-36 -41 0
-36 -42 0
-37 -38 0
-37 -39 0
-37 -40 0
-37 -41 0
-37 -42 0
-38 -39 0
-38 -40 0
-38 -41 0
-38 -42 0
-39 -40 0
-39 -41 0
-39 -42 0
-40 -41 0
-40 -42 0
-41 -42 0
33 34 35 36 37 38 39 40 41 42 0
-43 -44 0
-43 -45 0
-43 -46 0
-43 -47 0
-43 -48 0
-43 -49 0
-43 -50 0
-43 -51 0
-43 -52 0
-44 -45 0
-44 -46 0
-44 -47 0
-44 -48 0
-44 -49 0
-44 -50 0
-44 -51 0
-44 -52 0
-45 -46 0
-45 -47 0
-45 -48 0
-45 -49 0
-45 -50 0
-45 -51 0
-45 -52 0
-46 -47 0
-46 -48 0
-46 -49 0
-46 -50 0
-46 -51 0
-46 -52 0
-47 -48 0
-47 -49 0
-47 -50 0
-47 -51 0
-47 -52 0
-48 -49 0
-48 -50 0
-48 -51 0
-48 -52 0
-49 -50 0
-49 -51 0
-49 -52 0
-50 -51 0
-50 -52 0
-51 -52 0
43 44 45 46 47 48 49 50 51 52 0
-53 -54 0
-53 -55 0
-53 -56 0
-53 -57 0
-53 -58 0
-53 -59 0
-53 -60 0
-53 -61 0
-54 -55 0
-54 -56 0
-54 -57 0
-54 -58 0
-54 -59 0
-54 -60 0
-54 -61 0
-55 -56 0
-55 -57 0
-55 -58 0
-55 -59 0
-55 -60 0
-55 -61 0
-56 -57 0
-56 -58 0
-56 -59 0
-56 -60 0
-56 -61 0
-57 -58 0
-57 -59 0
-57 -60 0
-57 -61 0
-58 -59 0
-58 -60 0
-58 -61 0
-59 -60 0
-59 -61 0
-60 -61 0
53 54 55 56 57 58 59 60 61 0
-1 -33 -53 0
-1 -34 -54 0
-1 -35 -55 0
-1 -36 -56 0
-1 -37 -57 0
-1 -38 -58 0
-1 -39 -59 0
-1 -41 -60 0
-1 -42 -61 0
-2 -43 -53 0
-2 -44 -54 0
-2 -45 -55 0
-2 -46 -56 0
-2 -47 -57 0
-2 -48 -58 0
-2 -49 -59 0
-2 -51 -60 0
-2 -52 -61 0
