p cnf 87 405
1 2 3 4 5 0
11 12 13 0
14 15 16 17 0
18 19 20 21 0
22 23 24 25 0
26 27 28 29 30 0
31 32 33 34 35 0
36 37 38 39 0
40 41 0
42 43 44 45 46 47 0
48 49 50 51 52 0
53 54 55 56 0
57 58 59 60 61 0
62 63 64 0
65 66 67 68 69 0
70 71 72 0
73 74 75 76 77 78 0
79 80 81 82 83 0
84 85 86 87 0
-1 -6 0
-1 -18 0
-1 -36 0
-1 -42 0
-1 -53 0
-1 -70 0
-1 -73 0
-1 -79 0
-1 -84 0
-6 -18 0
-6 -36 0
-6 -42 0
-6 -53 0
-6 -70 0
-6 -73 0
-6 -79 0
-6 -84 0
-18 -36 0
-18 -42 0
-18 -53 0
-18 -70 0
-18 -73 0
-18 -79 0
-18 -84 0
-36 -42 0
-36 -53 0
-36 -70 0
-36 -73 0
-36 -79 0
-36 -84 0
-42 -53 0
-42 -70 0
-42 -73 0
-42 -79 0
-42 -84 0
-53 -70 0
-53 -73 0
-53 -79 0
-53 -84 0
-70 -73 0
-70 -79 0
-70 -84 0
-73 -79 0
-73 -84 0
-79 -84 0
-7 -11 0
-7 -14 0
-7 -19 0
-7 -22 0
-7 -26 0
-7 -43 0
-7 -57 0
-7 -65 0
-7 -71 0
-7 -74 0
-11 -14 0
-11 -19 0
-11 -22 0
-11 -26 0
-11 -43 0
-11 -57 0
-11 -65 0
-11 -71 0
-11 -74 0
-14 -19 0
-14 -22 0
-14 -26 0
-14 -43 0
-14 -57 0
-14 -65 0
-14 -71 0
-14 -74 0
-19 -22 0
-19 -26 0
-19 -43 0
-19 -57 0
-19 -65 0
-19 -71 0
-19 -74 0
-22 -26 0
-22 -43 0
-22 -57 0
-22 -65 0
-22 -71 0
-22 -74 0
-26 -43 0
-26 -57 0
-26 -65 0
-26 -71 0
-26 -74 0
-43 -57 0
-43 -65 0
-43 -71 0
-43 -74 0
-57 -65 0
-57 -71 0
-57 -74 0
-65 -71 0
-65 -74 0
-71 -74 0
-2 -23 0
-2 -27 0
-2 -37 0
-2 -40 0
-2 -58 0
-2 -66 0
-2 -72 0
-2 -75 0
-2 -80 0
-23 -27 0
-23 -37 0
-23 -40 0
-23 -58 0
-23 -66 0
-23 -72 0
-23 -75 0
-23 -80 0
-27 -37 0
-27 -40 0
-27 -58 0
-27 -66 0
-27 -72 0
-27 -75 0
-27 -80 0
-37 -40 0
-37 -58 0
-37 -66 0
-37 -72 0
-37 -75 0
-37 -80 0
-40 -58 0
-40 -66 0
-40 -72 0
-40 -75 0
-40 -80 0
-58 -66 0
-58 -72 0
-58 -75 0
-58 -80 0
-66 -72 0
-66 -75 0
-66 -80 0
-72 -75 0
-72 -80 0
-75 -80 0
-8 -15 0
-8 -31 0
-8 -41 0
-8 -44 0
-8 -48 0
-8 -54 0
-8 -62 0
-8 -85 0
-15 -31 0
-15 -41 0
-15 -44 0
-15 -48 0
-15 -54 0
-15 -62 0
-15 -85 0
-31 -41 0
-31 -44 0
-31 -48 0
-31 -54 0
-31 -62 0
-31 -85 0
-41 -44 0
-41 -48 0
-41 -54 0
-41 -62 0
-41 -85 0
-44 -48 0
-44 -54 0
-44 -62 0
-44 -85 0
-48 -54 0
-48 -62 0
-48 -85 0
-54 -62 0
-54 -85 0
-62 -85 0
-3 -9 0
-3 -20 0
-3 -28 0
-3 -45 0
-3 -49 0
-3 -63 0
-3 -67 0
-3 -76 0
-3 -86 0
-9 -20 0
-9 -28 0
-9 -45 0
-9 -49 0
-9 -63 0
-9 -67 0
-9 -76 0
-9 -86 0
-20 -28 0
-20 -45 0
-20 -49 0
-20 -63 0
-20 -67 0
-20 -76 0
-20 -86 0
-28 -45 0
-28 -49 0
-28 -63 0
-28 -67 0
-28 -76 0
-28 -86 0
-45 -49 0
-45 -63 0
-45 -67 0
-45 -76 0
-45 -86 0
-49 -63 0
-49 -67 0
-49 -76 0
-49 -86 0
-63 -67 0
-63 -76 0
-63 -86 0
-67 -76 0
-67 -86 0
-76 -86 0
-12 -16 0
-12 -24 0
-12 -29 0
-12 -32 0
-12 -38 0
-12 -46 0
-12 -50 0
-12 -55 0
-12 -59 0
-12 -68 0
-12 -81 0
-16 -24 0
-16 -29 0
-16 -32 0
-16 -38 0
-16 -46 0
-16 -50 0
-16 -55 0
-16 -59 0
-16 -68 0
-16 -81 0
-24 -29 0
-24 -32 0
-24 -38 0
-24 -46 0
-24 -50 0
-24 -55 0
-24 -59 0
-24 -68 0
-24 -81 0
-29 -32 0
-29 -38 0
-29 -46 0
-29 -50 0
-29 -55 0
-29 -59 0
-29 -68 0
-29 -81 0
-32 -38 0
-32 -46 0
-32 -50 0
-32 -55 0
-32 -59 0
-32 -68 0
-32 -81 0
-38 -46 0
-38 -50 0
-38 -55 0
-38 -59 0
-38 -68 0
-38 -81 0
-46 -50 0
-46 -55 0
-46 -59 0
-46 -68 0
-46 -81 0
-50 -55 0
-50 -59 0
-50 -68 0
-50 -81 0
-55 -59 0
-55 -68 0
-55 -81 0
-59 -68 0
-59 -81 0
-68 -81 0
-33 -39 0
-33 -47 0
-33 -51 0
-33 -64 0
-33 -69 0
-33 -82 0
-39 -47 0
-39 -51 0
-39 -64 0
-39 -69 0
-39 -82 0
-47 -51 0
-47 -64 0
-47 -69 0
-47 -82 0
-51 -64 0
-51 -69 0
-51 -82 0
-64 -69 0
-64 -82 0
-69 -82 0
-4 -13 0
-4 -25 0
-4 -34 0
-4 -56 0
-4 -60 0
-4 -77 0
-4 -87 0
-13 -25 0
-13 -34 0
-13 -56 0
-13 -60 0
-13 -77 0
-13 -87 0
-25 -34 0
-25 -56 0
-25 -60 0
-25 -77 0
-25 -87 0
-34 -56 0
-34 -60 0
-34 -77 0
-34 -87 0
-56 -60 0
-56 -77 0
-56 -87 0
-60 -77 0
-60 -87 0
-77 -87 0
-5 -10 0
-5 -17 0
-5 -21 0
-5 -30 0
-5 -35 0
-5 -52 0
-5 -61 0
-5 -78 0
-5 -83 0
-10 -17 0
-10 -21 0
-10 -30 0
-10 -35 0
-10 -52 0
-10 -61 0
-10 -78 0
-10 -83 0
-17 -21 0
-17 -30 0
-17 -35 0
-17 -52 0
-17 -61 0
-17 -78 0
-17 -83 0
-21 -30 0
-21 -35 0
-21 -52 0
-21 -61 0
-21 -78 0
-21 -83 0
-30 -35 0
-30 -52 0
-30 -61 0
-30 -78 0
-30 -83 0
-35 -52 0
-35 -61 0
-35 -78 0
-35 -83 0
-52 -61 0
-52 -78 0
-52 -83 0
-61 -78 0
-61 -83 0
-78 -83 0
