p cnf 53 157
1 2 0
-1 -2 0
3 4 0
-3 -4 0
5 6 0
-5 -6 0
7 8 0
-7 -8 0
9 10 0
-9 -10 0
11 12 0
-11 -12 0
13 14 0
-13 -14 0
15 16 0
-15 -16 0
17 18 19 0
-17 -18 0
-17 -19 0
-18 -19 0
20 21 0
-20 -21 0
22 23 0
-22 -23 0
24 25 0
-24 -25 0
26 27 28 0
-26 -27 0
-26 -28 0
-27 -28 0
29 30 31 0
-29 -30 0
-29 -31 0
-30 -31 0
32 33 0
-32 -33 0
34 35 36 0
-34 -35 0
-34 -36 0
-35 -36 0
37 38 0
-37 -38 0
39 40 41 0
-39 -40 0
-39 -41 0
-40 -41 0
42 43 0
-42 -43 0
44 45 0
-44 -45 0
46 47 0
-46 -47 0
48 49 0
-48 -49 0
50 51 0
-50 -51 0
52 53 0
-52 -53 0
-1 -5 0
-1 -7 0
-1 -9 0
-1 -17 0
-2 -19 0
-1 -24 0
-2 -25 0
-1 -26 0
-2 -28 0
-1 -29 0
-2 -31 0
-1 -37 0
-2 -47 0
-3 -24 0
-4 -50 0
-4 -52 0
-5 -11 0
-6 -12 0
-5 -17 0
-6 -18 0
-5 -22 0
-6 -23 0
-5 -24 0
-5 -32 0
-6 -33 0
-6 -46 0
-6 -50 0
-7 -9 0
-8 -10 0
-7 -13 0
-8 -14 0
-7 -32 0
-8 -33 0
-7 -37 0
-8 -38 0
-9 -11 0
-10 -12 0
-9 -13 0
-10 -14 0
-9 -17 0
-10 -18 0
-12 -42 0
-12 -50 0
-12 -52 0
-13 -15 0
-14 -16 0
-13 -24 0
-13 -29 0
-14 -30 0
-13 -34 0
-14 -35 0
-16 -42 0
-17 -20 0
-18 -21 0
-17 -29 0
-18 -30 0
-19 -31 0
-18 -46 0
-19 -47 0
-18 -50 0
-19 -51 0
-20 -32 0
-21 -33 0
-20 -48 0
-21 -49 0
-21 -50 0
-25 -43 0
-26 -29 0
-27 -30 0
-28 -31 0
-26 -37 0
-27 -38 0
-26 -39 0
-27 -40 0
-28 -41 0
-27 -42 0
-28 -43 0
-27 -44 0
-28 -45 0
-26 -48 0
-27 -49 0
-27 -52 0
-28 -53 0
-30 -52 0
-31 -53 0
-32 -37 0
-33 -38 0
-33 -42 0
-33 -44 0
-35 -42 0
-36 -43 0
-35 -50 0
-36 -51 0
-38 -50 0
-44 -46 0
-45 -47 0
-44 -49 0
-46 -52 0
-47 -53 0
