p cnf 23 152
1 2 -3 0
1 -2 3 0
-1 2 3 0
-1 -2 -3 0
1 4 5 6 7 -8 0
1 4 5 6 -7 8 0
1 4 5 -6 7 8 0
1 4 5 -6 -7 -8 0
1 4 -5 6 7 8 0
1 4 -5 6 -7 -8 0
1 4 -5 -6 7 -8 0
1 4 -5 -6 -7 8 0
1 -4 5 6 7 8 0
1 -4 5 6 -7 -8 0
1 -4 5 -6 7 -8 0
1 -4 5 -6 -7 8 0
1 -4 -5 6 7 -8 0
1 -4 -5 6 -7 8 0
1 -4 -5 -6 7 8 0
1 -4 -5 -6 -7 -8 0
-1 4 5 6 7 8 0
-1 4 5 6 -7 -8 0
-1 4 5 -6 7 -8 0
-1 4 5 -6 -7 8 0
-1 4 -5 6 7 -8 0
-1 4 -5 6 -7 8 0
-1 4 -5 -6 7 8 0
-1 4 -5 -6 -7 -8 0
-1 -4 5 6 7 -8 0
-1 -4 5 6 -7 8 0
-1 -4 5 -6 7 8 0
-1 -4 5 -6 -7 -8 0
-1 -4 -5 6 7 8 0
-1 -4 -5 6 -7 -8 0
-1 -4 -5 -6 7 -8 0
-1 -4 -5 -6 -7 8 0
9 10 11 12 -13 0
9 10 11 -12 13 0
9 10 -11 12 13 0
9 10 -11 -12 -13 0
9 -10 11 12 13 0
9 -10 11 -12 -13 0
9 -10 -11 12 -13 0
9 -10 -11 -12 13 0
-9 10 11 12 13 0
-9 10 11 -12 -13 0
-9 10 -11 12 -13 0
-9 10 -11 -12 13 0
-9 -10 11 12 -13 0
-9 -10 11 -12 13 0
-9 -10 -11 12 13 0
-9 -10 -11 -12 -13 0
4 9 14 15 16 0
4 9 14 -15 -16 0
4 9 -14 15 -16 0
4 9 -14 -15 16 0
4 -9 14 15 -16 0
4 -9 14 -15 16 0
4 -9 -14 15 16 0
4 -9 -14 -15 -16 0
-4 9 14 15 -16 0
-4 9 14 -15 16 0
-4 9 -14 15 16 0
-4 9 -14 -15 -16 0
-4 -9 14 15 16 0
-4 -9 14 -15 -16 0
-4 -9 -14 15 -16 0
-4 -9 -14 -15 16 0
5 10 14 17 -18 0
5 10 14 -17 18 0
5 10 -14 17 18 0
5 10 -14 -17 -18 0
5 -10 14 17 18 0
5 -10 14 -17 -18 0
5 -10 -14 17 -18 0
5 -10 -14 -17 18 0
-5 10 14 17 18 0
-5 10 14 -17 -18 0
-5 10 -14 17 -18 0
-5 10 -14 -17 18 0
-5 -10 14 17 -18 0
-5 -10 14 -17 18 0
-5 -10 -14 17 18 0
-5 -10 -14 -17 -18 0
15 17 -19 0
15 -17 19 0
-15 17 19 0
-15 -17 -19 0
6 11 20 21 0
6 11 -20 -21 0
6 -11 20 -21 0
6 -11 -20 21 0
-6 11 20 -21 0
-6 11 -20 21 0
-6 -11 20 21 0
-6 -11 -20 -21 0
12 16 19 20 22 0
12 16 19 -20 -22 0
12 16 -19 20 -22 0
12 16 -19 -20 22 0
12 -16 19 20 -22 0
12 -16 19 -20 22 0
12 -16 -19 20 22 0
12 -16 -19 -20 -22 0
-12 16 19 20 -22 0
-12 16 19 -20 22 0
-12 16 -19 20 22 0
-12 16 -19 -20 -22 0
-12 -16 19 20 22 0
-12 -16 19 -20 -22 0
-12 -16 -19 20 -22 0
-12 -16 -19 -20 22 0
2 7 13 18 22 -23 0
2 7 13 18 -22 23 0
2 7 13 -18 22 23 0
2 7 13 -18 -22 -23 0
2 7 -13 18 22 23 0
2 7 -13 18 -22 -23 0
2 7 -13 -18 22 -23 0
2 7 -13 -18 -22 23 0
2 -7 13 18 22 23 0
2 -7 13 18 -22 -23 0
2 -7 13 -18 22 -23 0
2 -7 13 -18 -22 23 0
2 -7 -13 18 22 -23 0
2 -7 -13 18 -22 23 0
2 -7 -13 -18 22 23 0
2 -7 -13 -18 -22 -23 0
-2 7 13 18 22 23 0
-2 7 13 18 -22 -23 0
-2 7 13 -18 22 -23 0
-2 7 13 -18 -22 23 0
-2 7 -13 18 22 -23 0
-2 7 -13 18 -22 23 0
-2 7 -13 -18 22 23 0
-2 7 -13 -18 -22 -23 0
-2 -7 13 18 22 -23 0
-2 -7 13 18 -22 23 0
-2 -7 13 -18 22 23 0
-2 -7 13 -18 -22 -23 0
-2 -7 -13 18 22 23 0
-2 -7 -13 18 -22 -23 0
-2 -7 -13 -18 22 -23 0
-2 -7 -13 -18 -22 23 0
3 8 21 -23 0
3 8 -21 23 0
3 -8 21 23 0
3 -8 -21 -23 0
-3 8 21 23 0
-3 8 -21 -23 0
-3 -8 21 -23 0
-3 -8 -21 23 0
