p cnf 24 346
1 2 3 4 0
1 2 3 4 5 0
1 2 3 4 6 0
1 2 3 4 5 0
1 2 3 4 6 0
1 2 3 4 5 6 0
1 2 3 5 0
1 2 3 6 0
1 2 3 5 6 0
1 2 3 5 6 0
1 2 4 5 0
1 2 4 6 0
1 2 4 5 6 0
1 2 4 5 6 0
1 2 5 6 0
1 3 4 5 0
1 3 4 6 0
1 3 4 5 6 0
1 3 4 5 6 0
1 3 5 6 0
1 4 5 6 0
2 3 4 5 0
2 3 4 6 0
2 3 4 5 6 0
2 3 4 5 6 0
2 3 5 6 0
2 4 5 6 0
3 4 5 6 0
7 8 9 0
7 8 9 10 0
7 8 9 11 0
7 8 9 12 0
7 8 9 0
7 8 9 10 0
7 8 9 11 0
7 8 9 12 0
7 8 9 0
7 8 9 10 11 0
7 8 9 10 12 0
7 8 9 10 0
7 8 9 11 12 0
7 8 9 11 0
7 8 9 12 0
7 8 10 0
7 8 11 0
7 8 12 0
7 8 0
7 8 10 11 0
7 8 10 12 0
7 8 10 0
7 8 11 12 0
7 8 11 0
7 8 12 0
7 8 10 11 0
7 8 10 12 0
7 8 10 0
7 8 11 12 0
7 8 11 0
7 8 12 0
7 8 10 11 12 0
7 8 10 11 0
7 8 10 12 0
7 8 11 12 0
7 8 9 10 0
7 8 9 11 0
7 8 9 12 0
7 8 9 0
7 8 9 10 11 0
7 8 9 10 12 0
7 8 9 10 0
7 8 9 11 12 0
7 8 9 11 0
7 8 9 12 0
7 8 9 10 11 0
7 8 9 10 12 0
7 8 9 10 0
7 8 9 11 12 0
7 8 9 11 0
7 8 9 12 0
7 8 9 10 11 12 0
7 8 9 10 11 0
7 8 9 10 12 0
7 8 9 11 12 0
7 8 10 11 0
7 8 10 12 0
7 8 10 0
7 8 11 12 0
7 8 11 0
7 8 12 0
7 8 10 11 12 0
7 8 10 11 0
7 8 10 12 0
7 8 11 12 0
7 8 10 11 12 0
7 8 10 11 0
7 8 10 12 0
7 8 11 12 0
7 8 10 11 12 0
7 9 10 0
7 9 11 0
7 9 12 0
7 9 0
7 9 10 11 0
7 9 10 12 0
7 9 10 0
7 9 11 12 0
7 9 11 0
7 9 12 0
7 9 10 11 0
7 9 10 12 0
7 9 10 0
7 9 11 12 0
7 9 11 0
7 9 12 0
7 9 10 11 12 0
7 9 10 11 0
7 9 10 12 0
7 9 11 12 0
7 10 11 0
7 10 12 0
7 10 0
7 11 12 0
7 11 0
7 12 0
7 10 11 12 0
7 10 11 0
7 10 12 0
7 11 12 0
7 10 11 12 0
7 10 11 0
7 10 12 0
7 11 12 0
7 10 11 12 0
7 9 10 11 0
7 9 10 12 0
7 9 10 0
7 9 11 12 0
7 9 11 0
7 9 12 0
7 9 10 11 12 0
7 9 10 11 0
7 9 10 12 0
7 9 11 12 0
7 9 10 11 12 0
7 9 10 11 0
7 9 10 12 0
7 9 11 12 0
7 9 10 11 12 0
7 10 11 12 0
7 10 11 0
7 10 12 0
7 11 12 0
7 10 11 12 0
7 10 11 12 0
8 9 10 0
8 9 11 0
8 9 12 0
8 9 0
8 9 10 11 0
8 9 10 12 0
8 9 10 0
8 9 11 12 0
8 9 11 0
8 9 12 0
8 9 10 11 0
8 9 10 12 0
8 9 10 0
8 9 11 12 0
8 9 11 0
8 9 12 0
8 9 10 11 12 0
8 9 10 11 0
8 9 10 12 0
8 9 11 12 0
8 10 11 0
8 10 12 0
8 10 0
8 11 12 0
8 11 0
8 12 0
8 10 11 12 0
8 10 11 0
8 10 12 0
8 11 12 0
8 10 11 12 0
8 10 11 0
8 10 12 0
8 11 12 0
8 10 11 12 0
8 9 10 11 0
8 9 10 12 0
8 9 10 0
8 9 11 12 0
8 9 11 0
8 9 12 0
8 9 10 11 12 0
8 9 10 11 0
8 9 10 12 0
8 9 11 12 0
8 9 10 11 12 0
8 9 10 11 0
8 9 10 12 0
8 9 11 12 0
8 9 10 11 12 0
8 10 11 12 0
8 10 11 0
8 10 12 0
8 11 12 0
8 10 11 12 0
8 10 11 12 0
9 10 11 0
9 10 12 0
9 10 0
9 11 12 0
9 11 0
9 12 0
9 10 11 12 0
9 10 11 0
9 10 12 0
9 11 12 0
9 10 11 12 0
9 10 11 0
9 10 12 0
9 11 12 0
9 10 11 12 0
10 11 12 0
10 11 0
10 12 0
11 12 0
10 11 12 0
10 11 12 0
9 10 11 12 0
9 10 11 0
9 10 12 0
9 11 12 0
9 10 11 12 0
9 10 11 12 0
10 11 12 0
13 14 15 0
13 14 15 16 0
13 14 15 16 0
13 14 16 0
13 15 16 0
14 15 16 0
17 18 19 20 21 22 0
17 18 19 20 21 23 0
17 18 19 20 21 24 0
17 18 19 20 21 0
17 18 19 20 22 23 0
17 18 19 20 22 24 0
17 18 19 20 22 0
17 18 19 20 23 24 0
17 18 19 20 23 0
17 18 19 20 24 0
17 18 19 21 22 23 0
17 18 19 21 22 24 0
17 18 19 21 22 0
17 18 19 21 23 24 0
17 18 19 21 23 0
17 18 19 21 24 0
17 18 19 22 23 24 0
17 18 19 22 23 0
17 18 19 22 24 0
17 18 19 23 24 0
17 18 20 21 22 23 0
17 18 20 21 22 24 0
17 18 20 21 22 0
17 18 20 21 23 24 0
17 18 20 21 23 0
17 18 20 21 24 0
17 18 20 22 23 24 0
17 18 20 22 23 0
17 18 20 22 24 0
17 18 20 23 24 0
17 18 21 22 23 24 0
17 18 21 22 23 0
17 18 21 22 24 0
17 18 21 23 24 0
17 18 22 23 24 0
17 19 20 21 22 23 0
17 19 20 21 22 24 0
17 19 20 21 22 0
17 19 20 21 23 24 0
17 19 20 21 23 0
17 19 20 21 24 0
17 19 20 22 23 24 0
17 19 20 22 23 0
17 19 20 22 24 0
17 19 20 23 24 0
17 19 21 22 23 24 0
17 19 21 22 23 0
17 19 21 22 24 0
17 19 21 23 24 0
17 19 22 23 24 0
17 20 21 22 23 24 0
17 20 21 22 23 0
17 20 21 22 24 0
17 20 21 23 24 0
17 20 22 23 24 0
17 21 22 23 24 0
18 19 20 21 22 23 0
18 19 20 21 22 24 0
18 19 20 21 22 0
18 19 20 21 23 24 0
18 19 20 21 23 0
18 19 20 21 24 0
18 19 20 22 23 24 0
18 19 20 22 23 0
18 19 20 22 24 0
18 19 20 23 24 0
18 19 21 22 23 24 0
18 19 21 22 23 0
18 19 21 22 24 0
18 19 21 23 24 0
18 19 22 23 24 0
18 20 21 22 23 24 0
18 20 21 22 23 0
18 20 21 22 24 0
18 20 21 23 24 0
18 20 22 23 24 0
18 21 22 23 24 0
19 20 21 22 23 24 0
19 20 21 22 23 0
19 20 21 22 24 0
19 20 21 23 24 0
19 20 22 23 24 0
19 21 22 23 24 0
20 21 22 23 24 0
-1 -7 0
-1 -17 0
-7 -17 0
-2 -8 -13 0
-2 -8 -18 0
-2 -13 -18 0
-8 -13 -18 0
-3 -14 -19 0
-4 -9 -15 0
-4 -9 -20 0
-4 -15 -20 0
-9 -15 -20 0
-10 -22 0
-5 -11 -23 0
-6 -12 -16 0
-6 -12 -24 0
-6 -16 -24 0
-12 -16 -24 0
