p cnf 80 386
6 7 8 0
9 10 11 0
12 13 14 15 16 0
17 18 19 20 21 0
22 23 24 25 0
26 27 0
28 29 30 31 0
32 33 34 35 0
36 37 38 39 0
40 41 42 43 0
44 45 0
46 47 48 49 0
50 51 52 0
53 54 55 56 57 0
58 59 60 61 62 0
63 64 65 66 67 68 0
69 70 71 0
72 73 74 75 76 0
77 78 79 80 0
-12 -17 0
-12 -22 0
-12 -40 0
-12 -46 0
-12 -58 0
-12 -63 0
-12 -72 0
-17 -22 0
-17 -40 0
-17 -46 0
-17 -58 0
-17 -63 0
-17 -72 0
-22 -40 0
-22 -46 0
-22 -58 0
-22 -63 0
-22 -72 0
-40 -46 0
-40 -58 0
-40 -63 0
-40 -72 0
-46 -58 0
-46 -63 0
-46 -72 0
-58 -63 0
-58 -72 0
-63 -72 0
-1 -13 0
-1 -26 0
-1 -32 0
-1 -44 0
-1 -47 0
-1 -53 0
-1 -59 0
-1 -64 0
-13 -26 0
-13 -32 0
-13 -44 0
-13 -47 0
-13 -53 0
-13 -59 0
-13 -64 0
-26 -32 0
-26 -44 0
-26 -47 0
-26 -53 0
-26 -59 0
-26 -64 0
-32 -44 0
-32 -47 0
-32 -53 0
-32 -59 0
-32 -64 0
-44 -47 0
-44 -53 0
-44 -59 0
-44 -64 0
-47 -53 0
-47 -59 0
-47 -64 0
-53 -59 0
-53 -64 0
-59 -64 0
-6 -14 0
-6 -18 0
-6 -28 0
-6 -33 0
-6 -36 0
-6 -41 0
-6 -54 0
-6 -65 0
-6 -73 0
-6 -77 0
-14 -18 0
-14 -28 0
-14 -33 0
-14 -36 0
-14 -41 0
-14 -54 0
-14 -65 0
-14 -73 0
-14 -77 0
-18 -28 0
-18 -33 0
-18 -36 0
-18 -41 0
-18 -54 0
-18 -65 0
-18 -73 0
-18 -77 0
-28 -33 0
-28 -36 0
-28 -41 0
-28 -54 0
-28 -65 0
-28 -73 0
-28 -77 0
-33 -36 0
-33 -41 0
-33 -54 0
-33 -65 0
-33 -73 0
-33 -77 0
-36 -41 0
-36 -54 0
-36 -65 0
-36 -73 0
-36 -77 0
-41 -54 0
-41 -65 0
-41 -73 0
-41 -77 0
-54 -65 0
-54 -73 0
-54 -77 0
-65 -73 0
-65 -77 0
-73 -77 0
-2 -7 0
-2 -29 0
-2 -34 0
-2 -37 0
-2 -50 0
-2 -55 0
-2 -60 0
-2 -66 0
-2 -74 0
-2 -78 0
-7 -29 0
-7 -34 0
-7 -37 0
-7 -50 0
-7 -55 0
-7 -60 0
-7 -66 0
-7 -74 0
-7 -78 0
-29 -34 0
-29 -37 0
-29 -50 0
-29 -55 0
-29 -60 0
-29 -66 0
-29 -74 0
-29 -78 0
-34 -37 0
-34 -50 0
-34 -55 0
-34 -60 0
-34 -66 0
-34 -74 0
-34 -78 0
-37 -50 0
-37 -55 0
-37 -60 0
-37 -66 0
-37 -74 0
-37 -78 0
-50 -55 0
-50 -60 0
-50 -66 0
-50 -74 0
-50 -78 0
-55 -60 0
-55 -66 0
-55 -74 0
-55 -78 0
-60 -66 0
-60 -74 0
-60 -78 0
-66 -74 0
-66 -78 0
-74 -78 0
-3 -15 0
-3 -19 0
-3 -35 0
-3 -38 0
-3 -42 0
-3 -51 0
-3 -67 0
-3 -79 0
-15 -19 0
-15 -35 0
-15 -38 0
-15 -42 0
-15 -51 0
-15 -67 0
-15 -79 0
-19 -35 0
-19 -38 0
-19 -42 0
-19 -51 0
-19 -67 0
-19 -79 0
-35 -38 0
-35 -42 0
-35 -51 0
-35 -67 0
-35 -79 0
-38 -42 0
-38 -51 0
-38 -67 0
-38 -79 0
-42 -51 0
-42 -67 0
-42 -79 0
-51 -67 0
-51 -79 0
-67 -79 0
-4 -9 0
-4 -20 0
-4 -23 0
-4 -48 0
-4 -56 0
-4 -68 0
-4 -69 0
-4 -75 0
-9 -20 0
-9 -23 0
-9 -48 0
-9 -56 0
-9 -68 0
-9 -69 0
-9 -75 0
-20 -23 0
-20 -48 0
-20 -56 0
-20 -68 0
-20 -69 0
-20 -75 0
-23 -48 0
-23 -56 0
-23 -68 0
-23 -69 0
-23 -75 0
-48 -56 0
-48 -68 0
-48 -69 0
-48 -75 0
-56 -68 0
-56 -69 0
-56 -75 0
-68 -69 0
-68 -75 0
-69 -75 0
-8 -10 0
-8 -21 0
-8 -24 0
-8 -30 0
-8 -39 0
-8 -45 0
-8 -57 0
-8 -61 0
-8 -70 0
-8 -76 0
-10 -21 0
-10 -24 0
-10 -30 0
-10 -39 0
-10 -45 0
-10 -57 0
-10 -61 0
-10 -70 0
-10 -76 0
-21 -24 0
-21 -30 0
-21 -39 0
-21 -45 0
-21 -57 0
-21 -61 0
-21 -70 0
-21 -76 0
-24 -30 0
-24 -39 0
-24 -45 0
-24 -57 0
-24 -61 0
-24 -70 0
-24 -76 0
-30 -39 0
-30 -45 0
-30 -57 0
-30 -61 0
-30 -70 0
-30 -76 0
-39 -45 0
-39 -57 0
-39 -61 0
-39 -70 0
-39 -76 0
-45 -57 0
-45 -61 0
-45 -70 0
-45 -76 0
-57 -61 0
-57 -70 0
-57 -76 0
-61 -70 0
-61 -76 0
-70 -76 0
-5 -11 0
-5 -16 0
-5 -25 0
-5 -27 0
-5 -31 0
-5 -43 0
-5 -49 0
-5 -52 0
-5 -62 0
-5 -71 0
-5 -80 0
-11 -16 0
-11 -25 0
-11 -27 0
-11 -31 0
-11 -43 0
-11 -49 0
-11 -52 0
-11 -62 0
-11 -71 0
-11 -80 0
-16 -25 0
-16 -27 0
-16 -31 0
-16 -43 0
-16 -49 0
-16 -52 0
-16 -62 0
-16 -71 0
-16 -80 0
-25 -27 0
-25 -31 0
-25 -43 0
-25 -49 0
-25 -52 0
-25 -62 0
-25 -71 0
-25 -80 0
-27 -31 0
-27 -43 0
-27 -49 0
-27 -52 0
-27 -62 0
-27 -71 0
-27 -80 0
-31 -43 0
-31 -49 0
-31 -52 0
-31 -62 0
-31 -71 0
-31 -80 0
-43 -49 0
-43 -52 0
-43 -62 0
-43 -71 0
-43 -80 0
-49 -52 0
-49 -62 0
-49 -71 0
-49 -80 0
-52 -62 0
-52 -71 0
-52 -80 0
-62 -71 0
-62 -80 0
-71 -80 0
