p cnf 36 188
1 2 0
-1 -2 0
1 3 4 5 -6 0
1 3 4 -5 6 0
1 3 -4 5 6 0
1 3 -4 -5 -6 0
1 -3 4 5 6 0
1 -3 4 -5 -6 0
1 -3 -4 5 -6 0
1 -3 -4 -5 6 0
-1 3 4 5 6 0
-1 3 4 -5 -6 0
-1 3 -4 5 -6 0
-1 3 -4 -5 6 0
-1 -3 4 5 -6 0
-1 -3 4 -5 6 0
-1 -3 -4 5 6 0
-1 -3 -4 -5 -6 0
7 8 9 -10 0
7 8 -9 10 0
7 -8 9 10 0
7 -8 -9 -10 0
-7 8 9 10 0
-7 8 -9 -10 0
-7 -8 9 -10 0
-7 -8 -9 10 0
3 7 11 -12 0
3 7 -11 12 0
3 -7 11 12 0
3 -7 -11 -12 0
-3 7 11 12 0
-3 7 -11 -12 0
-3 -7 11 -12 0
-3 -7 -11 12 0
13 -14 0
-13 14 0
8 13 15 16 17 -18 0
8 13 15 16 -17 18 0
8 13 15 -16 17 18 0
8 13 15 -16 -17 -18 0
8 13 -15 16 17 18 0
8 13 -15 16 -17 -18 0
8 13 -15 -16 17 -18 0
8 13 -15 -16 -17 18 0
8 -13 15 16 17 18 0
8 -13 15 16 -17 -18 0
8 -13 15 -16 17 -18 0
8 -13 15 -16 -17 18 0
8 -13 -15 16 17 -18 0
8 -13 -15 16 -17 18 0
8 -13 -15 -16 17 18 0
8 -13 -15 -16 -17 -18 0
-8 13 15 16 17 18 0
-8 13 15 16 -17 -18 0
-8 13 15 -16 17 -18 0
-8 13 15 -16 -17 18 0
-8 13 -15 16 17 -18 0
-8 13 -15 16 -17 18 0
-8 13 -15 -16 17 18 0
-8 13 -15 -16 -17 -18 0
-8 -13 15 16 17 -18 0
-8 -13 15 16 -17 18 0
-8 -13 15 -16 17 18 0
-8 -13 15 -16 -17 -18 0
-8 -13 -15 16 17 18 0
-8 -13 -15 16 -17 -18 0
-8 -13 -15 -16 17 -18 0
-8 -13 -15 -16 -17 18 0
9 15 19 20 21 -22 0
9 15 19 20 -21 22 0
9 15 19 -20 21 22 0
9 15 19 -20 -21 -22 0
9 15 -19 20 21 22 0
9 15 -19 20 -21 -22 0
9 15 -19 -20 21 -22 0
9 15 -19 -20 -21 22 0
9 -15 19 20 21 22 0
9 -15 19 20 -21 -22 0
9 -15 19 -20 21 -22 0
9 -15 19 -20 -21 22 0
9 -15 -19 20 21 -22 0
9 -15 -19 20 -21 22 0
9 -15 -19 -20 21 22 0
9 -15 -19 -20 -21 -22 0
-9 15 19 20 21 22 0
-9 15 19 20 -21 -22 0
-9 15 19 -20 21 -22 0
-9 15 19 -20 -21 22 0
-9 15 -19 20 21 -22 0
-9 15 -19 20 -21 22 0
-9 15 -19 -20 21 22 0
-9 15 -19 -20 -21 -22 0
-9 -15 19 20 21 -22 0
-9 -15 19 20 -21 22 0
-9 -15 19 -20 21 22 0
-9 -15 19 -20 -21 -22 0
-9 -15 -19 20 21 22 0
-9 -15 -19 20 -21 -22 0
-9 -15 -19 -20 21 -22 0
-9 -15 -19 -20 -21 22 0
23 24 25 0
23 -24 -25 0
-23 24 -25 0
-23 -24 25 0
16 26 27 0
16 -26 -27 0
-16 26 -27 0
-16 -26 27 0
4 26 28 -29 0
4 26 -28 29 0
4 -26 28 29 0
4 -26 -28 -29 0
-4 26 28 29 0
-4 26 -28 -29 0
-4 -26 28 -29 0
-4 -26 -28 29 0
19 30 0
-19 -30 0
5 14 20 27 31 0
5 14 20 -27 -31 0
5 14 -20 27 -31 0
5 14 -20 -27 31 0
5 -14 20 27 -31 0
5 -14 20 -27 31 0
5 -14 -20 27 31 0
5 -14 -20 -27 -31 0
-5 14 20 27 -31 0
-5 14 20 -27 31 0
-5 14 -20 27 31 0
-5 14 -20 -27 -31 0
-5 -14 20 27 31 0
-5 -14 20 -27 -31 0
-5 -14 -20 27 -31 0
-5 -14 -20 -27 31 0
10 11 17 -32 0
10 11 -17 32 0
10 -11 17 32 0
10 -11 -17 -32 0
-10 11 17 32 0
-10 11 -17 -32 0
-10 -11 17 -32 0
-10 -11 -17 32 0
2 21 33 -34 0
2 21 -33 34 0
2 -21 33 34 0
2 -21 -33 -34 0
-2 21 33 34 0
-2 21 -33 -34 0
-2 -21 33 -34 0
-2 -21 -33 34 0
12 22 28 -35 0
12 22 -28 35 0
12 -22 28 35 0
12 -22 -28 -35 0
-12 22 28 35 0
-12 22 -28 -35 0
-12 -22 28 -35 0
-12 -22 -28 35 0
23 30 -33 0
23 -30 33 0
-23 30 33 0
-23 -30 -33 0
6 24 31 -36 0
6 24 -31 36 0
6 -24 31 36 0
6 -24 -31 -36 0
-6 24 31 36 0
-6 24 -31 -36 0
-6 -24 31 -36 0
-6 -24 -31 36 0
18 29 34 35 -36 0
18 29 34 -35 36 0
18 29 -34 35 36 0
18 29 -34 -35 -36 0
18 -29 34 35 36 0
18 -29 34 -35 -36 0
18 -29 -34 35 -36 0
18 -29 -34 -35 36 0
-18 29 34 35 36 0
-18 29 34 -35 -36 0
-18 29 -34 35 -36 0
-18 29 -34 -35 36 0
-18 -29 34 35 -36 0
-18 -29 34 -35 36 0
-18 -29 -34 35 36 0
-18 -29 -34 -35 -36 0
25 -32 0
-25 32 0
