p cnf 52 443
1 2 0
3 4 0
5 6 7 0
8 9 10 0
11 12 0
13 14 0
18 19 20 0
21 22 0
23 24 25 0
29 30 0
31 32 0
33 34 35 0
36 37 38 0
39 40 41 0
42 43 44 0
45 46 47 0
48 49 0
50 51 52 0
-1 -3 0
-1 -5 0
-1 -8 0
-1 -11 0
-1 -13 0
-1 -15 0
-1 -18 0
-1 -21 0
-1 -23 0
-1 -26 0
-1 -33 0
-1 -36 0
-1 -39 0
-1 -42 0
-1 -45 0
-1 -50 0
-3 -5 0
-3 -8 0
-3 -11 0
-3 -13 0
-3 -15 0
-3 -18 0
-3 -21 0
-3 -23 0
-3 -26 0
-3 -33 0
-3 -36 0
-3 -39 0
-3 -42 0
-3 -45 0
-3 -50 0
-5 -8 0
-5 -11 0
-5 -13 0
-5 -15 0
-5 -18 0
-5 -21 0
-5 -23 0
-5 -26 0
-5 -33 0
-5 -36 0
-5 -39 0
-5 -42 0
-5 -45 0
-5 -50 0
-8 -11 0
-8 -13 0
-8 -15 0
-8 -18 0
-8 -21 0
-8 -23 0
-8 -26 0
-8 -33 0
-8 -36 0
-8 -39 0
-8 -42 0
-8 -45 0
-8 -50 0
-11 -13 0
-11 -15 0
-11 -18 0
-11 -21 0
-11 -23 0
-11 -26 0
-11 -33 0
-11 -36 0
-11 -39 0
-11 -42 0
-11 -45 0
-11 -50 0
-13 -15 0
-13 -18 0
-13 -21 0
-13 -23 0
-13 -26 0
-13 -33 0
-13 -36 0
-13 -39 0
-13 -42 0
-13 -45 0
-13 -50 0
-15 -18 0
-15 -21 0
-15 -23 0
-15 -26 0
-15 -33 0
-15 -36 0
-15 -39 0
-15 -42 0
-15 -45 0
-15 -50 0
-18 -21 0
-18 -23 0
-18 -26 0
-18 -33 0
-18 -36 0
-18 -39 0
-18 -42 0
-18 -45 0
-18 -50 0
-21 -23 0
-21 -26 0
-21 -33 0
-21 -36 0
-21 -39 0
-21 -42 0
-21 -45 0
-21 -50 0
-23 -26 0
-23 -33 0
-23 -36 0
-23 -39 0
-23 -42 0
-23 -45 0
-23 -50 0
-26 -33 0
-26 -36 0
-26 -39 0
-26 -42 0
-26 -45 0
-26 -50 0
-33 -36 0
-33 -39 0
-33 -42 0
-33 -45 0
-33 -50 0
-36 -39 0
-36 -42 0
-36 -45 0
-36 -50 0
-39 -42 0
-39 -45 0
-39 -50 0
-42 -45 0
-42 -50 0
-45 -50 0
-4 -6 0
-4 -9 0
-4 -12 0
-4 -16 0
-4 -19 0
-4 -22 0
-4 -24 0
-4 -27 0
-4 -29 0
-4 -31 0
-4 -34 0
-4 -37 0
-4 -40 0
-4 -43 0
-4 -46 0
-4 -48 0
-4 -51 0
-6 -9 0
-6 -12 0
-6 -16 0
-6 -19 0
-6 -22 0
-6 -24 0
-6 -27 0
-6 -29 0
-6 -31 0
-6 -34 0
-6 -37 0
-6 -40 0
-6 -43 0
-6 -46 0
-6 -48 0
-6 -51 0
-9 -12 0
-9 -16 0
-9 -19 0
-9 -22 0
-9 -24 0
-9 -27 0
-9 -29 0
-9 -31 0
-9 -34 0
-9 -37 0
-9 -40 0
-9 -43 0
-9 -46 0
-9 -48 0
-9 -51 0
-12 -16 0
-12 -19 0
-12 -22 0
-12 -24 0
-12 -27 0
-12 -29 0
-12 -31 0
-12 -34 0
-12 -37 0
-12 -40 0
-12 -43 0
-12 -46 0
-12 -48 0
-12 -51 0
-16 -19 0
-16 -22 0
-16 -24 0
-16 -27 0
-16 -29 0
-16 -31 0
-16 -34 0
-16 -37 0
-16 -40 0
-16 -43 0
-16 -46 0
-16 -48 0
-16 -51 0
-19 -22 0
-19 -24 0
-19 -27 0
-19 -29 0
-19 -31 0
-19 -34 0
-19 -37 0
-19 -40 0
-19 -43 0
-19 -46 0
-19 -48 0
-19 -51 0
-22 -24 0
-22 -27 0
-22 -29 0
-22 -31 0
-22 -34 0
-22 -37 0
-22 -40 0
-22 -43 0
-22 -46 0
-22 -48 0
-22 -51 0
-24 -27 0
-24 -29 0
-24 -31 0
-24 -34 0
-24 -37 0
-24 -40 0
-24 -43 0
-24 -46 0
-24 -48 0
-24 -51 0
-27 -29 0
-27 -31 0
-27 -34 0
-27 -37 0
-27 -40 0
-27 -43 0
-27 -46 0
-27 -48 0
-27 -51 0
-29 -31 0
-29 -34 0
-29 -37 0
-29 -40 0
-29 -43 0
-29 -46 0
-29 -48 0
-29 -51 0
-31 -34 0
-31 -37 0
-31 -40 0
-31 -43 0
-31 -46 0
-31 -48 0
-31 -51 0
-34 -37 0
-34 -40 0
-34 -43 0
-34 -46 0
-34 -48 0
-34 -51 0
-37 -40 0
-37 -43 0
-37 -46 0
-37 -48 0
-37 -51 0
-40 -43 0
-40 -46 0
-40 -48 0
-40 -51 0
-43 -46 0
-43 -48 0
-43 -51 0
-46 -48 0
-46 -51 0
-48 -51 0
-2 -7 0
-2 -10 0
-2 -14 0
-2 -17 0
-2 -20 0
-2 -25 0
-2 -28 0
-2 -30 0
-2 -32 0
-2 -35 0
-2 -38 0
-2 -41 0
-2 -44 0
-2 -47 0
-2 -49 0
-2 -52 0
-7 -10 0
-7 -14 0
-7 -17 0
-7 -20 0
-7 -25 0
-7 -28 0
-7 -30 0
-7 -32 0
-7 -35 0
-7 -38 0
-7 -41 0
-7 -44 0
-7 -47 0
-7 -49 0
-7 -52 0
-10 -14 0
-10 -17 0
-10 -20 0
-10 -25 0
-10 -28 0
-10 -30 0
-10 -32 0
-10 -35 0
-10 -38 0
-10 -41 0
-10 -44 0
-10 -47 0
-10 -49 0
-10 -52 0
-14 -17 0
-14 -20 0
-14 -25 0
-14 -28 0
-14 -30 0
-14 -32 0
-14 -35 0
-14 -38 0
-14 -41 0
-14 -44 0
-14 -47 0
-14 -49 0
-14 -52 0
-17 -20 0
-17 -25 0
-17 -28 0
-17 -30 0
-17 -32 0
-17 -35 0
-17 -38 0
-17 -41 0
-17 -44 0
-17 -47 0
-17 -49 0
-17 -52 0
-20 -25 0
-20 -28 0
-20 -30 0
-20 -32 0
-20 -35 0
-20 -38 0
-20 -41 0
-20 -44 0
-20 -47 0
-20 -49 0
-20 -52 0
-25 -28 0
-25 -30 0
-25 -32 0
-25 -35 0
-25 -38 0
-25 -41 0
-25 -44 0
-25 -47 0
-25 -49 0
-25 -52 0
-28 -30 0
-28 -32 0
-28 -35 0
-28 -38 0
-28 -41 0
-28 -44 0
-28 -47 0
-28 -49 0
-28 -52 0
-30 -32 0
-30 -35 0
-30 -38 0
-30 -41 0
-30 -44 0
-30 -47 0
-30 -49 0
-30 -52 0
-32 -35 0
-32 -38 0
-32 -41 0
-32 -44 0
-32 -47 0
-32 -49 0
-32 -52 0
-35 -38 0
-35 -41 0
-35 -44 0
-35 -47 0
-35 -49 0
-35 -52 0
-38 -41 0
-38 -44 0
-38 -47 0
-38 -49 0
-38 -52 0
-41 -44 0
-41 -47 0
-41 -49 0
-41 -52 0
-44 -47 0
-44 -49 0
-44 -52 0
-47 -49 0
-47 -52 0
-49 -52 0
