p cnf 89 432
1 2 3 0
4 5 6 0
7 8 9 10 11 0
12 13 14 15 0
16 17 18 19 20 21 0
22 23 24 25 0
26 27 28 29 0
30 31 32 33 34 35 0
36 37 38 39 0
40 41 42 43 0
44 45 46 47 0
48 49 50 0
51 52 53 54 55 0
56 57 58 59 60 61 0
62 63 64 65 0
66 67 68 69 70 0
71 72 73 74 75 76 0
77 78 79 0
86 87 88 89 0
-4 -12 0
-4 -16 0
-4 -26 0
-4 -30 0
-4 -40 0
-4 -51 0
-4 -56 0
-4 -62 0
-4 -66 0
-4 -71 0
-12 -16 0
-12 -26 0
-12 -30 0
-12 -40 0
-12 -51 0
-12 -56 0
-12 -62 0
-12 -66 0
-12 -71 0
-16 -26 0
-16 -30 0
-16 -40 0
-16 -51 0
-16 -56 0
-16 -62 0
-16 -66 0
-16 -71 0
-26 -30 0
-26 -40 0
-26 -51 0
-26 -56 0
-26 -62 0
-26 -66 0
-26 -71 0
-30 -40 0
-30 -51 0
-30 -56 0
-30 -62 0
-30 -66 0
-30 -71 0
-40 -51 0
-40 -56 0
-40 -62 0
-40 -66 0
-40 -71 0
-51 -56 0
-51 -62 0
-51 -66 0
-51 -71 0
-56 -62 0
-56 -66 0
-56 -71 0
-62 -66 0
-62 -71 0
-66 -71 0
-5 -7 0
-5 -13 0
-5 -17 0
-5 -36 0
-5 -44 0
-5 -48 0
-5 -52 0
-5 -63 0
-5 -80 0
-5 -86 0
-7 -13 0
-7 -17 0
-7 -36 0
-7 -44 0
-7 -48 0
-7 -52 0
-7 -63 0
-7 -80 0
-7 -86 0
-13 -17 0
-13 -36 0
-13 -44 0
-13 -48 0
-13 -52 0
-13 -63 0
-13 -80 0
-13 -86 0
-17 -36 0
-17 -44 0
-17 -48 0
-17 -52 0
-17 -63 0
-17 -80 0
-17 -86 0
-36 -44 0
-36 -48 0
-36 -52 0
-36 -63 0
-36 -80 0
-36 -86 0
-44 -48 0
-44 -52 0
-44 -63 0
-44 -80 0
-44 -86 0
-48 -52 0
-48 -63 0
-48 -80 0
-48 -86 0
-52 -63 0
-52 -80 0
-52 -86 0
-63 -80 0
-63 -86 0
-80 -86 0
-1 -8 0
-1 -18 0
-1 -22 0
-1 -27 0
-1 -31 0
-1 -37 0
-1 -41 0
-1 -45 0
-1 -49 0
-1 -53 0
-1 -57 0
-1 -81 0
-8 -18 0
-8 -22 0
-8 -27 0
-8 -31 0
-8 -37 0
-8 -41 0
-8 -45 0
-8 -49 0
-8 -53 0
-8 -57 0
-8 -81 0
-18 -22 0
-18 -27 0
-18 -31 0
-18 -37 0
-18 -41 0
-18 -45 0
-18 -49 0
-18 -53 0
-18 -57 0
-18 -81 0
-22 -27 0
-22 -31 0
-22 -37 0
-22 -41 0
-22 -45 0
-22 -49 0
-22 -53 0
-22 -57 0
-22 -81 0
-27 -31 0
-27 -37 0
-27 -41 0
-27 -45 0
-27 -49 0
-27 -53 0
-27 -57 0
-27 -81 0
-31 -37 0
-31 -41 0
-31 -45 0
-31 -49 0
-31 -53 0
-31 -57 0
-31 -81 0
-37 -41 0
-37 -45 0
-37 -49 0
-37 -53 0
-37 -57 0
-37 -81 0
-41 -45 0
-41 -49 0
-41 -53 0
-41 -57 0
-41 -81 0
-45 -49 0
-45 -53 0
-45 -57 0
-45 -81 0
-49 -53 0
-49 -57 0
-49 -81 0
-53 -57 0
-53 -81 0
-57 -81 0
-9 -23 0
-9 -32 0
-9 -38 0
-9 -46 0
-9 -58 0
-9 -67 0
-9 -72 0
-9 -82 0
-9 -87 0
-23 -32 0
-23 -38 0
-23 -46 0
-23 -58 0
-23 -67 0
-23 -72 0
-23 -82 0
-23 -87 0
-32 -38 0
-32 -46 0
-32 -58 0
-32 -67 0
-32 -72 0
-32 -82 0
-32 -87 0
-38 -46 0
-38 -58 0
-38 -67 0
-38 -72 0
-38 -82 0
-38 -87 0
-46 -58 0
-46 -67 0
-46 -72 0
-46 -82 0
-46 -87 0
-58 -67 0
-58 -72 0
-58 -82 0
-58 -87 0
-67 -72 0
-67 -82 0
-67 -87 0
-72 -82 0
-72 -87 0
-82 -87 0
-19 -24 0
-19 -33 0
-19 -50 0
-19 -59 0
-19 -68 0
-19 -73 0
-19 -77 0
-19 -83 0
-24 -33 0
-24 -50 0
-24 -59 0
-24 -68 0
-24 -73 0
-24 -77 0
-24 -83 0
-33 -50 0
-33 -59 0
-33 -68 0
-33 -73 0
-33 -77 0
-33 -83 0
-50 -59 0
-50 -68 0
-50 -73 0
-50 -77 0
-50 -83 0
-59 -68 0
-59 -73 0
-59 -77 0
-59 -83 0
-68 -73 0
-68 -77 0
-68 -83 0
-73 -77 0
-73 -83 0
-77 -83 0
-2 -20 0
-2 -28 0
-2 -34 0
-2 -39 0
-2 -42 0
-2 -47 0
-2 -60 0
-2 -69 0
-2 -74 0
-2 -78 0
-2 -84 0
-20 -28 0
-20 -34 0
-20 -39 0
-20 -42 0
-20 -47 0
-20 -60 0
-20 -69 0
-20 -74 0
-20 -78 0
-20 -84 0
-28 -34 0
-28 -39 0
-28 -42 0
-28 -47 0
-28 -60 0
-28 -69 0
-28 -74 0
-28 -78 0
-28 -84 0
-34 -39 0
-34 -42 0
-34 -47 0
-34 -60 0
-34 -69 0
-34 -74 0
-34 -78 0
-34 -84 0
-39 -42 0
-39 -47 0
-39 -60 0
-39 -69 0
-39 -74 0
-39 -78 0
-39 -84 0
-42 -47 0
-42 -60 0
-42 -69 0
-42 -74 0
-42 -78 0
-42 -84 0
-47 -60 0
-47 -69 0
-47 -74 0
-47 -78 0
-47 -84 0
-60 -69 0
-60 -74 0
-60 -78 0
-60 -84 0
-69 -74 0
-69 -78 0
-69 -84 0
-74 -78 0
-74 -84 0
-78 -84 0
-10 -14 0
-10 -21 0
-10 -43 0
-10 -64 0
-10 -70 0
-10 -88 0
-14 -21 0
-14 -43 0
-14 -64 0
-14 -70 0
-14 -88 0
-21 -43 0
-21 -64 0
-21 -70 0
-21 -88 0
-43 -64 0
-43 -70 0
-43 -88 0
-64 -70 0
-64 -88 0
-70 -88 0
-3 -11 0
-3 -29 0
-3 -35 0
-3 -54 0
-3 -75 0
-3 -89 0
-11 -29 0
-11 -35 0
-11 -54 0
-11 -75 0
-11 -89 0
-29 -35 0
-29 -54 0
-29 -75 0
-29 -89 0
-35 -54 0
-35 -75 0
-35 -89 0
-54 -75 0
-54 -89 0
-75 -89 0
-6 -15 0
-6 -25 0
-6 -55 0
-6 -61 0
-6 -65 0
-6 -76 0
-6 -79 0
-6 -85 0
-15 -25 0
-15 -55 0
-15 -61 0
-15 -65 0
-15 -76 0
-15 -79 0
-15 -85 0
-25 -55 0
-25 -61 0
-25 -65 0
-25 -76 0
-25 -79 0
-25 -85 0
-55 -61 0
-55 -65 0
-55 -76 0
-55 -79 0
-55 -85 0
-61 -65 0
-61 -76 0
-61 -79 0
-61 -85 0
-65 -76 0
-65 -79 0
-65 -85 0
-76 -79 0
-76 -85 0
-79 -85 0
