p cnf 37 209
9 25 0
11 27 0
1 6 17 0
7 30 0
2 8 18 21 24 0
-1 -10 0
-1 -11 0
-1 -14 0
-1 2 0
-17 1 0
-18 2 0
-20 1 0
-21 2 0
-2 -26 0
-2 -27 0
-2 -30 0
-33 1 0
-34 2 0
-35 1 0
-37 2 0
-3 -9 0
-3 -11 0
-3 -12 4 0
-3 -13 0
-3 -14 0
-3 5 0
-3 -15 0
-3 -16 0
-4 -17 3 0
-4 -18 5 0
-4 -19 0
-5 -25 0
-5 -27 0
-5 -28 4 0
-5 -29 0
-5 -30 0
-5 -31 0
-5 -32 0
-3 6 0
-5 8 0
-6 -9 0
-6 -14 7 0
-6 8 0
-6 -15 0
-17 6 0
-18 8 0
-20 6 0
-21 8 0
-7 -22 6 0
-7 -24 8 0
-8 -25 0
-8 -30 7 0
-8 -31 0
-35 6 0
-37 8 0
-9 12 0
-9 13 0
-9 15 0
-9 16 0
-10 -4 12 0
-11 10 0
-11 12 0
-11 13 0
-11 -7 14 0
-11 16 0
-12 -19 16 0
-13 12 0
-13 16 0
-14 10 0
-14 -23 12 0
-25 9 0
-26 10 0
-27 11 0
-28 12 0
-29 13 0
-30 14 0
-31 15 0
-32 16 0
-15 12 0
-15 13 0
-15 16 0
-16 -36 12 0
-17 -9 0
-17 -10 0
-17 -11 0
-17 -13 0
-17 -14 0
-17 18 0
-17 -15 0
-17 -16 19 0
-18 -25 0
-18 -26 0
-18 -27 0
-18 -29 0
-18 -30 0
-18 -31 0
-18 -32 19 0
-19 -35 17 0
-19 -37 18 0
-20 -9 0
-20 -10 0
-20 -11 0
-20 -14 0
-20 21 0
-20 -15 0
-17 20 0
-18 21 0
-21 -25 0
-21 -26 0
-21 -27 0
-21 -30 0
-21 -31 0
-35 20 0
-37 21 0
-3 22 0
-4 23 0
-5 24 0
-22 -9 0
-22 -11 0
-22 -12 23 0
-22 -13 0
-22 24 0
-22 -15 0
-22 -16 0
-23 -17 22 0
-23 -18 24 0
-23 -19 0
-24 -25 0
-24 -27 0
-24 -28 23 0
-24 -29 0
-24 -31 0
-24 -32 0
-25 -1 0
-25 28 0
-25 29 0
-25 31 0
-25 32 0
-26 -3 0
-26 -4 28 0
-27 26 0
-27 -6 0
-27 28 0
-27 29 0
-27 -7 30 0
-27 32 0
-28 -17 0
-28 -19 32 0
-29 -20 0
-29 28 0
-29 32 0
-30 26 0
-30 -22 0
-30 -23 28 0
-31 -33 0
-31 28 0
-31 29 0
-31 32 0
-32 -35 0
-32 -36 28 0
-33 -9 0
-33 -10 0
-33 -11 0
-33 -14 0
-33 34 0
-17 33 0
-18 34 0
-20 33 0
-21 34 0
-34 -25 0
-34 -26 0
-34 -27 0
-34 -30 0
-35 33 0
-37 34 0
-35 -9 0
-35 -10 0
-35 -11 0
-35 -12 36 0
-35 -13 0
-35 -14 0
-35 37 0
-35 -15 0
-36 -17 35 0
-36 -18 37 0
-37 -25 0
-37 -26 0
-37 -27 0
-37 -28 36 0
-37 -29 0
-37 -30 0
-37 -31 0
-1 -9 0
-2 -25 0
-3 -10 0
-5 -26 0
-6 -11 0
-8 -27 0
-12 -17 0
-13 -20 0
-14 -22 0
-15 -33 0
-16 -35 0
-18 -28 0
-19 -36 0
-21 -29 0
-24 -30 0
-31 -34 0
-32 -37 0
