p cnf 80 649
32 65 0
33 50 58 66 0
3 34 67 0
10 18 27 60 68 0
4 69 0
20 61 70 78 0
21 37 53 71 0
7 14 22 30 38 46 54 62 80 0
55 72 0
-1 -9 3 0
-1 -10 0
-1 -11 4 0
-1 -12 5 0
-1 -13 6 0
-1 -14 7 0
-1 -15 0
-2 1 0
-2 -17 3 0
-2 -18 0
-2 -19 4 0
-2 -20 5 0
-2 -21 6 0
-2 -22 7 0
-2 -23 0
-3 -25 1 0
-3 -26 2 0
-3 -27 0
-3 -28 4 0
-3 -29 6 0
-3 -30 7 0
-3 -31 0
-4 -41 1 0
-4 -42 2 0
-4 -43 3 0
-4 -44 0
-4 -45 5 0
-4 -46 7 0
-4 -47 0
-5 -49 1 0
-5 -50 2 0
-5 3 0
-5 -51 0
-5 -52 4 0
-5 -53 6 0
-5 -54 7 0
-5 -55 0
-6 -57 1 0
-6 -58 2 0
-6 -59 3 0
-6 -60 0
-6 4 0
-6 -61 5 0
-6 -62 7 0
-6 -63 0
-7 -65 1 0
-7 -66 2 0
-7 -67 3 0
-7 -68 0
-7 -69 4 0
-7 -70 5 0
-7 -71 6 0
-7 -72 0
-8 -2 0
-8 -3 9 0
-8 -4 11 0
-8 -5 12 0
-8 -6 13 0
-8 -7 14 0
-9 -24 8 0
-9 -26 0
-9 -27 10 0
-9 -28 11 0
-9 -29 13 0
-9 -30 14 0
-9 -31 15 0
-10 8 0
-10 -33 0
-10 -34 9 0
-10 -35 11 0
-10 -36 12 0
-10 -37 13 0
-10 -38 14 0
-10 -39 15 0
-11 -40 8 0
-11 -42 0
-11 -43 9 0
-11 -44 10 0
-11 -45 12 0
-11 -46 14 0
-11 -47 15 0
-12 -48 8 0
-12 -50 0
-12 9 0
-12 -51 10 0
-12 -52 11 0
-12 -53 13 0
-12 -54 14 0
-12 -55 15 0
-13 -56 8 0
-13 -58 0
-13 -59 9 0
-13 -60 10 0
-13 11 0
-13 -61 12 0
-13 -62 14 0
-13 -63 15 0
-14 -64 8 0
-14 -66 0
-14 -67 9 0
-14 -68 10 0
-14 -69 11 0
-14 -70 12 0
-14 -71 13 0
-14 -72 15 0
-15 8 0
-15 -74 0
-15 -75 9 0
-15 -76 10 0
-15 -77 11 0
-15 -78 12 0
-15 -79 13 0
-15 -80 14 0
-16 -3 17 0
-16 -4 19 0
-16 -5 20 0
-16 -6 21 0
-16 -7 22 0
-8 16 0
-9 17 0
-10 18 0
-11 19 0
-12 20 0
-13 21 0
-14 22 0
-15 23 0
-17 -24 16 0
-17 -27 18 0
-17 -28 19 0
-17 -29 21 0
-17 -30 22 0
-17 -31 23 0
-18 16 0
-18 -34 17 0
-18 -35 19 0
-18 -36 20 0
-18 -37 21 0
-18 -38 22 0
-18 -39 23 0
-19 -40 16 0
-19 -43 17 0
-19 -44 18 0
-19 -45 20 0
-19 -46 22 0
-19 -47 23 0
-20 -48 16 0
-20 17 0
-20 -51 18 0
-20 -52 19 0
-20 -53 21 0
-20 -54 22 0
-20 -55 23 0
-21 -56 16 0
-21 -59 17 0
-21 -60 18 0
-21 19 0
-21 -61 20 0
-21 -62 22 0
-21 -63 23 0
-22 -64 16 0
-22 -67 17 0
-22 -68 18 0
-22 -69 19 0
-22 -70 20 0
-22 -71 21 0
-22 -72 23 0
-23 16 0
-23 -75 17 0
-23 -76 18 0
-23 -77 19 0
-23 -78 20 0
-23 -79 21 0
-23 -80 22 0
-24 -1 25 0
-24 -2 26 0
-24 -4 28 0
-24 -5 0
-24 -6 29 0
-24 -7 30 0
-25 -8 24 0
-25 -10 27 0
-25 -11 28 0
-25 -12 0
-25 -13 29 0
-25 -14 30 0
-25 -15 31 0
-26 -16 24 0
-26 25 0
-26 -18 27 0
-26 -19 28 0
-26 -20 0
-26 -21 29 0
-26 -22 30 0
-26 -23 31 0
-27 24 0
-27 -32 25 0
-27 -33 26 0
-27 -35 28 0
-27 -36 0
-27 -37 29 0
-27 -38 30 0
-27 -39 31 0
-28 -40 24 0
-28 -41 25 0
-28 -42 26 0
-28 -44 27 0
-28 -45 0
-28 -46 30 0
-28 -47 31 0
-29 -56 24 0
-29 -57 25 0
-29 -58 26 0
-29 -60 27 0
-29 28 0
-29 -61 0
-29 -62 30 0
-29 -63 31 0
-30 -64 24 0
-30 -65 25 0
-30 -66 26 0
-30 -68 27 0
-30 -69 28 0
-30 -70 0
-30 -71 29 0
-30 -72 31 0
-31 24 0
-31 -73 25 0
-31 -74 26 0
-31 -76 27 0
-31 -77 28 0
-31 -78 0
-31 -79 29 0
-31 -80 30 0
-1 32 0
-2 33 0
-3 34 0
-4 35 0
-5 36 0
-6 37 0
-7 38 0
-32 -9 34 0
-32 -11 35 0
-32 -12 36 0
-32 -13 37 0
-32 -14 38 0
-32 -15 39 0
-33 32 0
-33 -17 34 0
-33 -19 35 0
-33 -20 36 0
-33 -21 37 0
-33 -22 38 0
-33 -23 39 0
-34 -25 32 0
-34 -26 33 0
-34 -28 35 0
-34 -29 37 0
-34 -30 38 0
-34 -31 39 0
-35 -41 32 0
-35 -42 33 0
-35 -43 34 0
-35 -45 36 0
-35 -46 38 0
-35 -47 39 0
-36 -49 32 0
-36 -50 33 0
-36 34 0
-36 -52 35 0
-36 -53 37 0
-36 -54 38 0
-36 -55 39 0
-37 -57 32 0
-37 -58 33 0
-37 -59 34 0
-37 35 0
-37 -61 36 0
-37 -62 38 0
-37 -63 39 0
-38 -65 32 0
-38 -66 33 0
-38 -67 34 0
-38 -69 35 0
-38 -70 36 0
-38 -71 37 0
-38 -72 39 0
-39 -73 32 0
-39 -74 33 0
-39 -75 34 0
-39 -77 35 0
-39 -78 36 0
-39 -79 37 0
-39 -80 38 0
-40 -1 41 0
-40 -2 42 0
-40 -3 43 0
-40 -5 45 0
-40 -6 0
-40 -7 46 0
-41 -8 40 0
-41 -9 43 0
-41 -10 44 0
-41 -12 45 0
-41 -13 0
-41 -14 46 0
-41 -15 47 0
-42 -16 40 0
-42 41 0
-42 -17 43 0
-42 -18 44 0
-42 -20 45 0
-42 -21 0
-42 -22 46 0
-42 -23 47 0
-43 -24 40 0
-43 -25 41 0
-43 -26 42 0
-43 -27 44 0
-43 -29 0
-43 -30 46 0
-43 -31 47 0
-44 40 0
-44 -32 41 0
-44 -33 42 0
-44 -34 43 0
-44 -36 45 0
-44 -37 0
-44 -38 46 0
-44 -39 47 0
-45 -48 40 0
-45 -49 41 0
-45 -50 42 0
-45 43 0
-45 -51 44 0
-45 -53 0
-45 -54 46 0
-45 -55 47 0
-46 -64 40 0
-46 -65 41 0
-46 -66 42 0
-46 -67 43 0
-46 -68 44 0
-46 -70 45 0
-46 -71 0
-46 -72 47 0
-47 40 0
-47 -73 41 0
-47 -74 42 0
-47 -75 43 0
-47 -76 44 0
-47 -78 45 0
-47 -79 0
-47 -80 46 0
-48 -1 49 0
-48 -2 50 0
-48 -4 52 0
-48 -6 53 0
-48 -7 54 0
-49 -8 48 0
-49 -10 51 0
-49 -11 52 0
-49 -13 53 0
-49 -14 54 0
-49 -15 55 0
-50 -16 48 0
-50 49 0
-50 -18 51 0
-50 -19 52 0
-50 -21 53 0
-50 -22 54 0
-50 -23 55 0
-24 48 0
-25 49 0
-26 50 0
-27 51 0
-28 52 0
-29 53 0
-30 54 0
-31 55 0
-51 48 0
-51 -32 49 0
-51 -33 50 0
-51 -35 52 0
-51 -37 53 0
-51 -38 54 0
-51 -39 55 0
-52 -40 48 0
-52 -41 49 0
-52 -42 50 0
-52 -44 51 0
-52 -46 54 0
-52 -47 55 0
-53 -56 48 0
-53 -57 49 0
-53 -58 50 0
-53 -60 51 0
-53 52 0
-53 -62 54 0
-53 -63 55 0
-54 -64 48 0
-54 -65 49 0
-54 -66 50 0
-54 -68 51 0
-54 -69 52 0
-54 -71 53 0
-54 -72 55 0
-55 48 0
-55 -73 49 0
-55 -74 50 0
-55 -76 51 0
-55 -77 52 0
-55 -79 53 0
-55 -80 54 0
-56 -1 57 0
-56 -2 58 0
-56 -3 59 0
-56 -5 61 0
-56 -7 62 0
-57 -8 56 0
-57 -9 59 0
-57 -10 60 0
-57 -12 61 0
-57 -14 62 0
-57 -15 63 0
-58 -16 56 0
-58 57 0
-58 -17 59 0
-58 -18 60 0
-58 -20 61 0
-58 -22 62 0
-58 -23 63 0
-59 -24 56 0
-59 -25 57 0
-59 -26 58 0
-59 -27 60 0
-59 -30 62 0
-59 -31 63 0
-60 56 0
-60 -32 57 0
-60 -33 58 0
-60 -34 59 0
-60 -36 61 0
-60 -38 62 0
-60 -39 63 0
-40 56 0
-41 57 0
-42 58 0
-43 59 0
-44 60 0
-45 61 0
-46 62 0
-47 63 0
-61 -48 56 0
-61 -49 57 0
-61 -50 58 0
-61 59 0
-61 -51 60 0
-61 -54 62 0
-61 -55 63 0
-62 -64 56 0
-62 -65 57 0
-62 -66 58 0
-62 -67 59 0
-62 -68 60 0
-62 -70 61 0
-62 -72 63 0
-63 56 0
-63 -73 57 0
-63 -74 58 0
-63 -75 59 0
-63 -76 60 0
-63 -78 61 0
-63 -80 62 0
-64 -1 65 0
-64 -2 66 0
-64 -3 67 0
-64 -4 69 0
-64 -5 70 0
-64 -6 71 0
-65 -8 64 0
-65 -9 67 0
-65 -10 68 0
-65 -11 69 0
-65 -12 70 0
-65 -13 71 0
-65 -15 72 0
-66 -16 64 0
-66 65 0
-66 -17 67 0
-66 -18 68 0
-66 -19 69 0
-66 -20 70 0
-66 -21 71 0
-66 -23 72 0
-67 -24 64 0
-67 -25 65 0
-67 -26 66 0
-67 -27 68 0
-67 -28 69 0
-67 -29 71 0
-67 -31 72 0
-68 64 0
-68 -32 65 0
-68 -33 66 0
-68 -34 67 0
-68 -35 69 0
-68 -36 70 0
-68 -37 71 0
-68 -39 72 0
-69 -40 64 0
-69 -41 65 0
-69 -42 66 0
-69 -43 67 0
-69 -44 68 0
-69 -45 70 0
-69 -47 72 0
-70 -48 64 0
-70 -49 65 0
-70 -50 66 0
-70 67 0
-70 -51 68 0
-70 -52 69 0
-70 -53 71 0
-70 -55 72 0
-71 -56 64 0
-71 -57 65 0
-71 -58 66 0
-71 -59 67 0
-71 -60 68 0
-71 69 0
-71 -61 70 0
-71 -63 72 0
-72 64 0
-72 -73 65 0
-72 -74 66 0
-72 -75 67 0
-72 -76 68 0
-72 -77 69 0
-72 -78 70 0
-72 -79 71 0
-1 73 0
-2 74 0
-3 75 0
-4 77 0
-5 78 0
-6 79 0
-7 80 0
-73 -9 75 0
-73 -10 76 0
-73 -11 77 0
-73 -12 78 0
-73 -13 79 0
-73 -14 80 0
-74 73 0
-74 -17 75 0
-74 -18 76 0
-74 -19 77 0
-74 -20 78 0
-74 -21 79 0
-74 -22 80 0
-75 -25 73 0
-75 -26 74 0
-75 -27 76 0
-75 -28 77 0
-75 -29 79 0
-75 -30 80 0
-76 -32 73 0
-76 -33 74 0
-76 -34 75 0
-76 -35 77 0
-76 -36 78 0
-76 -37 79 0
-76 -38 80 0
-77 -41 73 0
-77 -42 74 0
-77 -43 75 0
-77 -44 76 0
-77 -45 78 0
-77 -46 80 0
-78 -49 73 0
-78 -50 74 0
-78 75 0
-78 -51 76 0
-78 -52 77 0
-78 -53 79 0
-78 -54 80 0
-79 -57 73 0
-79 -58 74 0
-79 -59 75 0
-79 -60 76 0
-79 77 0
-79 -61 78 0
-79 -62 80 0
-80 -65 73 0
-80 -66 74 0
-80 -67 75 0
-80 -68 76 0
-80 -69 77 0
-80 -70 78 0
-80 -71 79 0
-1 -8 0
-2 -16 0
-3 -24 0
-4 -40 0
-5 -48 0
-6 -56 0
-7 -64 0
-9 -25 0
-10 -32 0
-11 -41 0
-12 -49 0
-13 -57 0
-14 -65 0
-15 -73 0
-17 -26 0
-18 -33 0
-19 -42 0
-20 -50 0
-21 -58 0
-22 -66 0
-23 -74 0
-27 -34 0
-28 -43 0
-29 -59 0
-30 -67 0
-31 -75 0
-35 -44 0
-36 -51 0
-37 -60 0
-38 -68 0
-39 -76 0
-45 -52 0
-46 -69 0
-47 -77 0
-53 -61 0
-54 -70 0
-55 -78 0
-62 -71 0
-63 -79 0
-72 -80 0
