p cnf 21 74
1 2 0
1 3 0
1 4 0
2 3 0
2 4 0
3 4 0
1 2 3 0
1 2 4 0
1 3 4 0
2 3 4 0
5 6 7 0
5 6 8 0
5 7 8 0
6 7 8 0
5 6 7 8 0
9 10 11 0
9 10 12 0
9 11 12 0
10 11 12 0
13 14 15 16 0
13 14 15 17 0
13 14 16 17 0
13 15 16 17 0
14 15 16 17 0
18 19 20 21 0
-5 -13 0
-5 -18 0
-5 -13 -18 0
-13 -18 0
-1 -6 -9 -14 0
-1 -6 -9 -19 0
-1 -6 -14 -19 0
-1 -9 -14 -19 0
-6 -9 -14 -19 0
-2 -7 -10 0
-2 -7 -10 -15 0
-2 -7 -10 -20 0
-2 -7 -15 0
-2 -7 -20 0
-2 -7 -15 -20 0
-2 -10 -15 0
-2 -10 -20 0
-2 -10 -15 -20 0
-2 -15 -20 0
-7 -10 -15 0
-7 -10 -20 0
-7 -10 -15 -20 0
-7 -15 -20 0
-10 -15 -20 0
-3 -8 -11 0
-3 -8 -16 0
-3 -8 0
-3 -11 -16 0
-3 -11 0
-3 -16 0
-8 -11 -16 0
-8 -11 0
-8 -16 0
-11 -16 0
-4 -12 0
-4 -12 -17 0
-4 -12 -21 0
-4 -17 0
-4 -21 0
-4 -17 -21 0
-4 -12 -17 0
-4 -12 -21 0
-4 -12 -17 -21 0
-4 -17 -21 0
-12 -17 0
-12 -21 0
-12 -17 -21 0
-17 -21 0
-12 -17 -21 0
