p cnf 32 192
-9 -10 0
-9 -11 0
-10 -11 0
9 10 11 0
-12 -13 0
-12 -14 0
-12 -15 0
-13 -14 0
-13 -15 0
-14 -15 0
12 13 14 15 0
-16 -17 0
-16 -18 0
-17 -18 0
16 17 18 0
-19 -20 0
-19 -21 0
-19 -22 0
-20 -21 0
-20 -22 0
-21 -22 0
19 20 21 22 0
-23 -24 0
-23 -25 0
-23 -26 0
-24 -25 0
-24 -26 0
-25 -26 0
23 24 25 26 0
-12 -16 0
-12 -19 0
-12 -23 0
-16 -19 0
-16 -23 0
-19 -23 0
-9 -13 0
-9 -20 0
-9 -24 0
-13 -20 0
-13 -24 0
-20 -24 0
-10 -14 0
-10 -17 0
-10 -21 0
-10 -25 0
-14 -17 0
-14 -21 0
-14 -25 0
-17 -21 0
-17 -25 0
-21 -25 0
-11 -15 0
-11 -18 0
-11 -22 0
-11 -26 0
-15 -18 0
-15 -22 0
-15 -26 0
-18 -22 0
-18 -26 0
-22 -26 0
1 -12 0
1 -16 0
1 -19 0
1 -23 0
2 -12 -9 0
2 -12 -20 0
2 -12 -24 0
2 -16 -9 0
2 -16 -13 0
2 -16 -20 0
2 -16 -24 0
2 -19 -9 0
2 -19 -13 0
2 -19 -24 0
2 -23 -9 0
2 -23 -13 0
2 -23 -20 0
-12 -10 0
-12 -17 0
-12 -21 0
-12 -25 0
-16 -10 0
-16 -14 0
-16 -21 0
-16 -25 0
-19 -10 0
-19 -14 0
-19 -17 0
-19 -25 0
-23 -10 0
-23 -14 0
-23 -17 0
-23 -21 0
3 -12 -11 0
3 -12 -18 0
3 -12 -22 0
3 -12 -26 0
3 -16 -11 0
3 -16 -15 0
3 -16 -22 0
3 -16 -26 0
3 -19 -11 0
3 -19 -15 0
3 -19 -18 0
3 -19 -26 0
3 -23 -11 0
3 -23 -15 0
3 -23 -18 0
3 -23 -22 0
4 -9 0
4 -13 0
4 -20 0
4 -24 0
5 -10 0
5 -14 0
5 -17 0
5 -21 0
5 -25 0
6 -11 0
6 -15 0
6 -18 0
6 -22 0
6 -26 0
-9 -14 0
-9 -17 0
-9 -21 0
-9 -25 0
-13 -10 0
-13 -17 0
-13 -21 0
-13 -25 0
-20 -10 0
-20 -14 0
-20 -17 0
-20 -25 0
-24 -10 0
-24 -14 0
-24 -17 0
-24 -21 0
7 -9 -15 0
7 -9 -18 0
7 -9 -22 0
7 -9 -26 0
7 -13 -11 0
7 -13 -18 0
7 -13 -22 0
7 -13 -26 0
7 -20 -11 0
7 -20 -15 0
7 -20 -18 0
7 -20 -26 0
7 -24 -11 0
7 -24 -15 0
7 -24 -18 0
7 -24 -22 0
8 -10 -15 0
8 -10 -18 0
8 -10 -22 0
8 -10 -26 0
8 -14 -11 0
8 -14 -18 0
8 -14 -22 0
8 -14 -26 0
8 -17 -11 0
8 -17 -15 0
8 -17 -22 0
8 -17 -26 0
8 -21 -11 0
8 -21 -15 0
8 -21 -18 0
8 -21 -26 0
8 -25 -11 0
8 -25 -15 0
8 -25 -18 0
8 -25 -22 0
-27 -28 0
27 28 0
-29 -30 0
29 30 0
-31 -32 0
31 32 0
-1 -27 -29 0
-1 -28 -30 0
-2 -27 -31 0
-2 -28 -32 0
-3 -28 0
-4 -29 -31 0
-4 -30 -32 0
-5 -29 0
-6 -30 0
-7 -32 0
