p cnf 60 404
9 13 18 24 33 39 52 54 0
3 42 57 0
4 14 34 43 48 58 0
5 28 49 59 0
6 15 20 29 50 0
30 36 45 60 0
-1 -10 4 0
-1 -11 7 0
-1 -12 8 0
-2 1 0
-2 -14 4 0
-2 -15 6 0
-2 -16 7 0
-2 -17 8 0
-3 1 0
-3 2 0
-3 -19 4 0
-3 5 0
-3 -20 6 0
-3 -21 0
-3 -22 7 0
-3 -23 8 0
-4 -25 1 0
-4 -26 2 0
-4 -27 3 0
-4 -28 5 0
-4 -29 6 0
-4 -30 0
-4 -31 7 0
-4 -32 8 0
-5 1 0
-5 2 0
-5 -34 4 0
-5 -35 6 0
-5 -36 0
-5 -37 7 0
-5 -38 8 0
-6 -40 1 0
-6 -41 2 0
-6 -42 3 0
-6 -43 4 0
-6 -44 5 0
-6 -45 0
-6 7 0
-6 8 0
-7 -53 4 0
-8 -55 1 0
-8 -56 2 0
-8 -57 3 0
-8 -58 4 0
-8 -59 5 0
-8 -60 0
-8 7 0
-9 -2 0
-9 -3 0
-9 -4 10 0
-9 -5 0
-9 -6 0
-9 -7 11 0
-9 -8 12 0
-10 -24 9 0
-10 -26 0
-10 -27 0
-10 -28 0
-10 -29 0
-10 -30 0
-10 -31 11 0
-10 -32 12 0
-11 -52 9 0
-11 -53 10 0
-12 -54 9 0
-12 -56 0
-12 -57 0
-12 -58 10 0
-12 -59 0
-12 -60 0
-12 11 0
-13 -3 0
-13 -4 14 0
-13 -5 0
-13 -6 15 0
-13 -7 16 0
-13 -8 17 0
-9 13 0
-10 14 0
-11 16 0
-12 17 0
-14 -24 13 0
-14 -27 0
-14 -28 0
-14 -29 15 0
-14 -30 0
-14 -31 16 0
-14 -32 17 0
-15 -39 13 0
-15 -42 0
-15 -43 14 0
-15 -44 0
-15 -45 0
-15 16 0
-15 17 0
-16 -52 13 0
-16 -53 14 0
-17 -54 13 0
-17 -57 0
-17 -58 14 0
-17 -59 0
-17 -60 0
-17 16 0
-18 -4 19 0
-18 -6 20 0
-18 -7 22 0
-18 -8 23 0
-9 18 0
-10 19 0
-11 22 0
-12 23 0
-13 18 0
-14 19 0
-15 20 0
-16 22 0
-17 23 0
-19 -24 18 0
-19 -29 20 0
-19 -30 21 0
-19 -31 22 0
-19 -32 23 0
-33 18 0
-34 19 0
-35 20 0
-36 21 0
-37 22 0
-38 23 0
-20 -39 18 0
-20 -43 19 0
-20 -45 21 0
-20 22 0
-20 23 0
-21 -46 18 0
-21 -48 19 0
-21 -50 20 0
-21 22 0
-21 -51 23 0
-22 -52 18 0
-22 -53 19 0
-23 -54 18 0
-23 -58 19 0
-23 -60 21 0
-23 22 0
-24 -1 25 0
-24 -2 26 0
-24 -3 27 0
-24 -5 28 0
-24 -6 29 0
-24 -7 31 0
-24 -8 32 0
-25 -9 24 0
-25 -11 31 0
-25 -12 32 0
-26 -13 24 0
-26 25 0
-26 -15 29 0
-26 -16 31 0
-26 -17 32 0
-27 -18 24 0
-27 25 0
-27 26 0
-27 28 0
-27 -20 29 0
-27 -21 30 0
-27 -22 31 0
-27 -23 32 0
-28 -33 24 0
-28 25 0
-28 26 0
-28 -35 29 0
-28 -36 30 0
-28 -37 31 0
-28 -38 32 0
-29 -39 24 0
-29 -40 25 0
-29 -41 26 0
-29 -42 27 0
-29 -44 28 0
-29 -45 30 0
-29 31 0
-29 32 0
-30 -46 24 0
-30 25 0
-30 26 0
-30 -47 27 0
-30 -49 28 0
-30 -50 29 0
-30 31 0
-30 -51 32 0
-31 -52 24 0
-32 -54 24 0
-32 -55 25 0
-32 -56 26 0
-32 -57 27 0
-32 -59 28 0
-32 -60 30 0
-32 31 0
-33 -3 0
-33 -4 34 0
-33 -6 35 0
-33 -7 37 0
-33 -8 38 0
-9 33 0
-10 34 0
-11 37 0
-12 38 0
-13 33 0
-14 34 0
-15 35 0
-16 37 0
-17 38 0
-34 -24 33 0
-34 -27 0
-34 -29 35 0
-34 -30 36 0
-34 -31 37 0
-34 -32 38 0
-35 -39 33 0
-35 -42 0
-35 -43 34 0
-35 -45 36 0
-35 37 0
-35 38 0
-36 -46 33 0
-36 -47 0
-36 -48 34 0
-36 -50 35 0
-36 37 0
-36 -51 38 0
-37 -52 33 0
-37 -53 34 0
-38 -54 33 0
-38 -57 0
-38 -58 34 0
-38 -60 36 0
-38 37 0
-39 -1 40 0
-39 -2 41 0
-39 -3 42 0
-39 -4 43 0
-39 -5 44 0
-40 -9 39 0
-40 -10 43 0
-41 -13 39 0
-41 40 0
-41 -14 43 0
-42 -18 39 0
-42 40 0
-42 41 0
-42 -19 43 0
-42 44 0
-42 -21 45 0
-43 -24 39 0
-43 -25 40 0
-43 -26 41 0
-43 -27 42 0
-43 -28 44 0
-43 -30 45 0
-44 -33 39 0
-44 40 0
-44 41 0
-44 -34 43 0
-44 -36 45 0
-45 -46 39 0
-45 40 0
-45 41 0
-45 -47 42 0
-45 -48 43 0
-45 -49 44 0
-52 39 0
-53 43 0
-54 39 0
-55 40 0
-56 41 0
-57 42 0
-58 43 0
-59 44 0
-60 45 0
-46 -3 47 0
-46 -4 48 0
-46 -5 49 0
-46 -6 50 0
-46 -8 51 0
-9 46 0
-10 48 0
-12 51 0
-13 46 0
-14 48 0
-15 50 0
-17 51 0
-47 -18 46 0
-47 -19 48 0
-47 49 0
-47 -20 50 0
-47 -23 51 0
-48 -24 46 0
-48 -27 47 0
-48 -28 49 0
-48 -29 50 0
-48 -32 51 0
-49 -33 46 0
-49 -34 48 0
-49 -35 50 0
-49 -38 51 0
-50 -39 46 0
-50 -42 47 0
-50 -43 48 0
-50 -44 49 0
-50 51 0
-52 46 0
-53 48 0
-51 -54 46 0
-51 -57 47 0
-51 -58 48 0
-51 -59 49 0
-52 -1 0
-52 -2 0
-52 -3 0
-52 -4 53 0
-52 -5 0
-52 -6 0
-52 -8 0
-53 -24 52 0
-53 -25 0
-53 -26 0
-53 -27 0
-53 -28 0
-53 -29 0
-53 -30 0
-53 -32 0
-54 -1 55 0
-54 -2 56 0
-54 -3 57 0
-54 -4 58 0
-54 -5 59 0
-54 -6 0
-55 -9 54 0
-55 -10 58 0
-56 -13 54 0
-56 55 0
-56 -14 58 0
-56 -15 0
-57 -18 54 0
-57 55 0
-57 56 0
-57 -19 58 0
-57 59 0
-57 -20 0
-57 -21 60 0
-58 -24 54 0
-58 -25 55 0
-58 -26 56 0
-58 -27 57 0
-58 -28 59 0
-58 -29 0
-58 -30 60 0
-59 -33 54 0
-59 55 0
-59 56 0
-59 -34 58 0
-59 -35 0
-59 -36 60 0
-60 -46 54 0
-60 55 0
-60 56 0
-60 -47 57 0
-60 -48 58 0
-60 -49 59 0
-60 -50 0
-52 54 0
-53 58 0
-1 -9 0
-2 -13 0
-3 -18 0
-4 -24 0
-5 -33 0
-6 -39 0
-7 -52 0
-8 -54 0
-10 -25 0
-12 -55 0
-14 -26 0
-15 -41 0
-17 -56 0
-19 -27 0
-20 -42 0
-21 -47 0
-23 -57 0
-28 -34 0
-29 -43 0
-30 -48 0
-31 -53 0
-32 -58 0
-35 -44 0
-36 -49 0
-38 -59 0
-45 -50 0
-51 -60 0
