p cnf 25 154
1 2 3 4 0
1 2 3 5 0
1 2 3 6 0
1 2 3 0
1 2 4 5 0
1 2 4 6 0
1 2 4 0
1 2 5 6 0
1 2 5 0
1 2 6 0
1 3 4 5 0
1 3 4 6 0
1 3 4 0
1 3 5 6 0
1 3 5 0
1 3 6 0
1 4 5 6 0
1 4 5 0
1 4 6 0
1 5 6 0
2 3 4 5 0
2 3 4 6 0
2 3 4 0
2 3 5 6 0
2 3 5 0
2 3 6 0
2 4 5 6 0
2 4 5 0
2 4 6 0
2 5 6 0
3 4 5 6 0
3 4 5 0
3 4 6 0
3 5 6 0
4 5 6 0
7 8 9 0
7 8 10 0
7 8 11 0
7 8 12 0
7 9 10 0
7 9 11 0
7 9 12 0
7 10 11 0
7 10 12 0
7 11 12 0
8 9 10 0
8 9 11 0
8 9 12 0
8 10 11 0
8 10 12 0
8 11 12 0
9 10 11 0
9 10 12 0
9 11 12 0
10 11 12 0
7 8 9 10 0
7 8 9 11 0
7 8 9 12 0
7 8 10 11 0
7 8 10 12 0
7 8 11 12 0
7 9 10 11 0
7 9 10 12 0
7 9 11 12 0
7 10 11 12 0
8 9 10 11 0
8 9 10 12 0
8 9 11 12 0
8 10 11 12 0
9 10 11 12 0
13 14 15 16 0
13 14 15 17 0
13 14 16 17 0
13 15 16 17 0
13 14 15 16 17 0
14 15 16 17 0
18 19 20 21 22 0
18 19 20 21 23 0
18 19 20 21 24 0
18 19 20 21 25 0
18 19 20 22 23 0
18 19 20 22 24 0
18 19 20 22 25 0
18 19 20 23 24 0
18 19 20 23 25 0
18 19 20 24 25 0
18 19 21 22 23 0
18 19 21 22 24 0
18 19 21 22 25 0
18 19 21 23 24 0
18 19 21 23 25 0
18 19 21 24 25 0
18 19 22 23 24 0
18 19 22 23 25 0
18 19 22 24 25 0
18 19 23 24 25 0
18 20 21 22 23 0
18 20 21 22 24 0
18 20 21 22 25 0
18 20 21 23 24 0
18 20 21 23 25 0
18 20 21 24 25 0
18 20 22 23 24 0
18 20 22 23 25 0
18 20 22 24 25 0
18 20 23 24 25 0
18 21 22 23 24 0
18 21 22 23 25 0
18 21 22 24 25 0
18 21 23 24 25 0
18 22 23 24 25 0
19 20 21 22 23 0
19 20 21 22 24 0
19 20 21 22 25 0
19 20 21 23 24 0
19 20 21 23 25 0
19 20 21 24 25 0
19 20 22 23 24 0
19 20 22 23 25 0
19 20 22 24 25 0
19 20 23 24 25 0
19 21 22 23 24 0
19 21 22 23 25 0
19 21 22 24 25 0
19 21 23 24 25 0
19 22 23 24 25 0
20 21 22 23 24 0
20 21 22 23 25 0
20 21 22 24 25 0
20 21 23 24 25 0
20 22 23 24 25 0
21 22 23 24 25 0
-1 -18 0
-2 -13 0
-2 -19 0
-13 -19 0
-7 -20 0
-3 -8 -14 0
-3 -8 -21 0
-3 -14 -21 0
-8 -14 -21 0
-4 -9 0
-4 -9 -22 0
-4 -22 0
-9 -22 0
-5 -10 -15 0
-5 -10 -23 0
-5 -15 -23 0
-10 -15 -23 0
-6 -11 -16 0
-6 -11 -24 0
-6 -16 -24 0
-11 -16 -24 0
-12 -17 -25 0
