p cnf 41 289
1 2 3 4 5 0
1 2 3 4 6 0
1 2 3 4 0
1 2 3 4 7 0
1 2 3 5 6 0
1 2 3 5 0
1 2 3 5 7 0
1 2 3 6 0
1 2 3 6 7 0
1 2 3 7 0
1 2 4 5 6 0
1 2 4 5 0
1 2 4 5 7 0
1 2 4 6 0
1 2 4 6 7 0
1 2 4 7 0
1 2 5 6 0
1 2 5 6 7 0
1 2 5 7 0
1 2 6 7 0
1 3 4 5 6 0
1 3 4 5 0
1 3 4 5 7 0
1 3 4 6 0
1 3 4 6 7 0
1 3 4 7 0
1 3 5 6 0
1 3 5 6 7 0
1 3 5 7 0
1 3 6 7 0
1 4 5 6 0
1 4 5 6 7 0
1 4 5 7 0
1 4 6 7 0
1 5 6 7 0
2 3 4 5 6 0
2 3 4 5 0
2 3 4 5 7 0
2 3 4 6 0
2 3 4 6 7 0
2 3 4 7 0
2 3 5 6 0
2 3 5 6 7 0
2 3 5 7 0
2 3 6 7 0
2 4 5 6 0
2 4 5 6 7 0
2 4 5 7 0
2 4 6 7 0
2 5 6 7 0
3 4 5 6 0
3 4 5 6 7 0
3 4 5 7 0
3 4 6 7 0
3 5 6 7 0
4 5 6 7 0
8 9 10 11 0
8 9 10 12 0
8 9 10 13 0
8 9 11 12 0
8 9 11 13 0
8 9 12 13 0
8 10 11 12 0
8 10 11 13 0
8 10 12 13 0
8 11 12 13 0
9 10 11 12 0
9 10 11 13 0
9 10 12 13 0
9 11 12 13 0
10 11 12 13 0
14 15 16 17 0
14 15 16 18 0
14 15 16 19 0
14 15 16 20 0
14 15 17 18 0
14 15 17 19 0
14 15 17 20 0
14 15 18 19 0
14 15 18 20 0
14 15 19 20 0
14 16 17 18 0
14 16 17 19 0
14 16 17 20 0
14 16 18 19 0
14 16 18 20 0
14 16 19 20 0
14 17 18 19 0
14 17 18 20 0
14 17 19 20 0
14 18 19 20 0
15 16 17 18 0
15 16 17 19 0
15 16 17 20 0
15 16 18 19 0
15 16 18 20 0
15 16 19 20 0
15 17 18 19 0
15 17 18 20 0
15 17 19 20 0
15 18 19 20 0
16 17 18 19 0
16 17 18 20 0
16 17 19 20 0
16 18 19 20 0
17 18 19 20 0
21 22 23 24 25 0
21 22 23 24 26 0
21 22 23 24 27 0
21 22 23 24 28 0
21 22 23 25 26 0
21 22 23 25 27 0
21 22 23 25 28 0
21 22 23 26 27 0
21 22 23 26 28 0
21 22 23 27 28 0
21 22 24 25 26 0
21 22 24 25 27 0
21 22 24 25 28 0
21 22 24 26 27 0
21 22 24 26 28 0
21 22 24 27 28 0
21 22 25 26 27 0
21 22 25 26 28 0
21 22 25 27 28 0
21 22 26 27 28 0
21 23 24 25 26 0
21 23 24 25 27 0
21 23 24 25 28 0
21 23 24 26 27 0
21 23 24 26 28 0
21 23 24 27 28 0
21 23 25 26 27 0
21 23 25 26 28 0
21 23 25 27 28 0
21 23 26 27 28 0
21 24 25 26 27 0
21 24 25 26 28 0
21 24 25 27 28 0
21 24 26 27 28 0
21 25 26 27 28 0
22 23 24 25 26 0
22 23 24 25 27 0
22 23 24 25 28 0
22 23 24 26 27 0
22 23 24 26 28 0
22 23 24 27 28 0
22 23 25 26 27 0
22 23 25 26 28 0
22 23 25 27 28 0
22 23 26 27 28 0
22 24 25 26 27 0
22 24 25 26 28 0
22 24 25 27 28 0
22 24 26 27 28 0
22 25 26 27 28 0
23 24 25 26 27 0
23 24 25 26 28 0
23 24 25 27 28 0
23 24 26 27 28 0
23 25 26 27 28 0
24 25 26 27 28 0
29 30 31 32 0
29 30 31 33 0
29 30 31 34 0
29 30 31 35 0
29 30 32 33 0
29 30 32 34 0
29 30 32 35 0
29 30 33 34 0
29 30 33 35 0
29 30 34 35 0
29 31 32 33 0
29 31 32 34 0
29 31 32 35 0
29 31 33 34 0
29 31 33 35 0
29 31 34 35 0
29 32 33 34 0
29 32 33 35 0
29 32 34 35 0
29 33 34 35 0
30 31 32 33 0
30 31 32 34 0
30 31 32 35 0
30 31 33 34 0
30 31 33 35 0
30 31 34 35 0
30 32 33 34 0
30 32 33 35 0
30 32 34 35 0
30 33 34 35 0
31 32 33 34 0
31 32 33 35 0
31 32 34 35 0
31 33 34 35 0
32 33 34 35 0
36 37 38 39 0
36 37 38 40 0
36 37 38 41 0
36 37 39 40 0
36 37 39 41 0
36 37 40 41 0
36 38 39 40 0
36 38 39 41 0
36 38 40 41 0
36 39 40 41 0
37 38 39 40 0
37 38 39 41 0
37 38 40 41 0
37 39 40 41 0
38 39 40 41 0
-1 -8 -14 -21 0
-1 -8 -14 -29 0
-1 -8 -14 -36 0
-1 -8 -21 -29 0
-1 -8 -21 -36 0
-1 -8 -29 -36 0
-1 -14 -21 -29 0
-1 -14 -21 -36 0
-1 -14 -29 -36 0
-1 -21 -29 -36 0
-8 -14 -21 -29 0
-8 -14 -21 -36 0
-8 -14 -29 -36 0
-8 -21 -29 -36 0
-14 -21 -29 -36 0
-2 -15 -22 0
-2 -15 -37 0
-2 -22 -37 0
-15 -22 -37 0
-3 -9 -23 0
-3 -9 -30 0
-3 -23 -30 0
-9 -23 -30 0
-4 -10 -16 -24 0
-4 -10 -16 -31 0
-4 -10 -16 -38 0
-4 -10 -24 -31 0
-4 -10 -24 -38 0
-4 -10 -31 -38 0
-4 -16 -24 -31 0
-4 -16 -24 -38 0
-4 -16 -31 -38 0
-4 -24 -31 -38 0
-10 -16 -24 -31 0
-10 -16 -24 -38 0
-10 -16 -31 -38 0
-10 -24 -31 -38 0
-16 -24 -31 -38 0
-5 -17 -25 0
-5 -17 -32 0
-5 -25 -32 0
-17 -25 -32 0
-6 -11 -18 -26 0
-6 -11 -18 -33 0
-6 -11 -18 -39 0
-6 -11 -26 -33 0
-6 -11 -26 -39 0
-6 -11 -33 -39 0
-6 -18 -26 -33 0
-6 -18 -26 -39 0
-6 -18 -33 -39 0
-6 -26 -33 -39 0
-11 -18 -26 -33 0
-11 -18 -26 -39 0
-11 -18 -33 -39 0
-11 -26 -33 -39 0
-18 -26 -33 -39 0
-12 -19 -27 -34 0
-12 -19 -27 -40 0
-12 -19 -34 -40 0
-12 -27 -34 -40 0
-19 -27 -34 -40 0
-7 -13 -20 -28 0
-7 -13 -20 -35 0
-7 -13 -20 -41 0
-7 -13 -28 -35 0
-7 -13 -28 -41 0
-7 -13 -35 -41 0
-7 -20 -28 -35 0
-7 -20 -28 -41 0
-7 -20 -35 -41 0
-7 -28 -35 -41 0
-13 -20 -28 -35 0
-13 -20 -28 -41 0
-13 -20 -35 -41 0
-13 -28 -35 -41 0
-20 -28 -35 -41 0
