p cnf 18 68
1 2 3 0
1 -2 -3 0
-1 2 -3 0
-1 -2 3 0
1 4 5 6 0
1 4 -5 -6 0
1 -4 5 -6 0
1 -4 -5 6 0
-1 4 5 -6 0
-1 4 -5 6 0
-1 -4 5 6 0
-1 -4 -5 -6 0
7 8 -9 0
7 -8 9 0
-7 8 9 0
-7 -8 -9 0
10 11 12 0
10 -11 -12 0
-10 11 -12 0
-10 -11 12 0
2 4 -13 0
2 -4 13 0
-2 4 13 0
-2 -4 -13 0
5 7 10 13 -14 0
5 7 10 -13 14 0
5 7 -10 13 14 0
5 7 -10 -13 -14 0
5 -7 10 13 14 0
5 -7 10 -13 -14 0
5 -7 -10 13 -14 0
5 -7 -10 -13 14 0
-5 7 10 13 14 0
-5 7 10 -13 -14 0
-5 7 -10 13 -14 0
-5 7 -10 -13 14 0
-5 -7 10 13 -14 0
-5 -7 10 -13 14 0
-5 -7 -10 13 14 0
-5 -7 -10 -13 -14 0
3 8 15 -16 0
3 8 -15 16 0
3 -8 15 16 0
3 -8 -15 -16 0
-3 8 15 16 0
-3 8 -15 -16 0
-3 -8 15 -16 0
-3 -8 -15 16 0
11 15 17 0
11 -15 -17 0
-11 15 -17 0
-11 -15 17 0
6 9 14 18 0
6 9 -14 -18 0
6 -9 14 -18 0
6 -9 -14 18 0
-6 9 14 -18 0
-6 9 -14 18 0
-6 -9 14 18 0
-6 -9 -14 -18 0
12 16 17 -18 0
12 16 -17 18 0
12 -16 17 18 0
12 -16 -17 -18 0
-12 16 17 18 0
-12 16 -17 -18 0
-12 -16 17 -18 0
-12 -16 -17 18 0
