p cnf 68 564
1 2 3 4 0
5 6 7 0
8 9 10 0
11 12 13 14 0
15 16 17 18 0
19 20 21 22 0
23 24 25 26 0
27 28 29 0
30 31 0
32 33 34 35 0
36 37 38 39 0
44 45 46 0
47 48 49 0
50 51 52 0
53 54 0
55 56 57 58 0
59 60 61 0
62 63 64 65 0
66 67 68 0
-1 -5 0
-1 -11 0
-1 -15 0
-1 -19 0
-1 -23 0
-1 -27 0
-1 -30 0
-1 -32 0
-1 -36 0
-1 -40 0
-1 -47 0
-1 -50 0
-1 -55 0
-1 -62 0
-1 -66 0
-5 -11 0
-5 -15 0
-5 -19 0
-5 -23 0
-5 -27 0
-5 -30 0
-5 -32 0
-5 -36 0
-5 -40 0
-5 -47 0
-5 -50 0
-5 -55 0
-5 -62 0
-5 -66 0
-11 -15 0
-11 -19 0
-11 -23 0
-11 -27 0
-11 -30 0
-11 -32 0
-11 -36 0
-11 -40 0
-11 -47 0
-11 -50 0
-11 -55 0
-11 -62 0
-11 -66 0
-15 -19 0
-15 -23 0
-15 -27 0
-15 -30 0
-15 -32 0
-15 -36 0
-15 -40 0
-15 -47 0
-15 -50 0
-15 -55 0
-15 -62 0
-15 -66 0
-19 -23 0
-19 -27 0
-19 -30 0
-19 -32 0
-19 -36 0
-19 -40 0
-19 -47 0
-19 -50 0
-19 -55 0
-19 -62 0
-19 -66 0
-23 -27 0
-23 -30 0
-23 -32 0
-23 -36 0
-23 -40 0
-23 -47 0
-23 -50 0
-23 -55 0
-23 -62 0
-23 -66 0
-27 -30 0
-27 -32 0
-27 -36 0
-27 -40 0
-27 -47 0
-27 -50 0
-27 -55 0
-27 -62 0
-27 -66 0
-30 -32 0
-30 -36 0
-30 -40 0
-30 -47 0
-30 -50 0
-30 -55 0
-30 -62 0
-30 -66 0
-32 -36 0
-32 -40 0
-32 -47 0
-32 -50 0
-32 -55 0
-32 -62 0
-32 -66 0
-36 -40 0
-36 -47 0
-36 -50 0
-36 -55 0
-36 -62 0
-36 -66 0
-40 -47 0
-40 -50 0
-40 -55 0
-40 -62 0
-40 -66 0
-47 -50 0
-47 -55 0
-47 -62 0
-47 -66 0
-50 -55 0
-50 -62 0
-50 -66 0
-55 -62 0
-55 -66 0
-62 -66 0
-2 -6 0
-2 -8 0
-2 -12 0
-2 -16 0
-2 -20 0
-2 -24 0
-2 -28 0
-2 -33 0
-2 -37 0
-2 -41 0
-2 -44 0
-2 -48 0
-2 -53 0
-2 -56 0
-2 -59 0
-2 -63 0
-6 -8 0
-6 -12 0
-6 -16 0
-6 -20 0
-6 -24 0
-6 -28 0
-6 -33 0
-6 -37 0
-6 -41 0
-6 -44 0
-6 -48 0
-6 -53 0
-6 -56 0
-6 -59 0
-6 -63 0
-8 -12 0
-8 -16 0
-8 -20 0
-8 -24 0
-8 -28 0
-8 -33 0
-8 -37 0
-8 -41 0
-8 -44 0
-8 -48 0
-8 -53 0
-8 -56 0
-8 -59 0
-8 -63 0
-12 -16 0
-12 -20 0
-12 -24 0
-12 -28 0
-12 -33 0
-12 -37 0
-12 -41 0
-12 -44 0
-12 -48 0
-12 -53 0
-12 -56 0
-12 -59 0
-12 -63 0
-16 -20 0
-16 -24 0
-16 -28 0
-16 -33 0
-16 -37 0
-16 -41 0
-16 -44 0
-16 -48 0
-16 -53 0
-16 -56 0
-16 -59 0
-16 -63 0
-20 -24 0
-20 -28 0
-20 -33 0
-20 -37 0
-20 -41 0
-20 -44 0
-20 -48 0
-20 -53 0
-20 -56 0
-20 -59 0
-20 -63 0
-24 -28 0
-24 -33 0
-24 -37 0
-24 -41 0
-24 -44 0
-24 -48 0
-24 -53 0
-24 -56 0
-24 -59 0
-24 -63 0
-28 -33 0
-28 -37 0
-28 -41 0
-28 -44 0
-28 -48 0
-28 -53 0
-28 -56 0
-28 -59 0
-28 -63 0
-33 -37 0
-33 -41 0
-33 -44 0
-33 -48 0
-33 -53 0
-33 -56 0
-33 -59 0
-33 -63 0
-37 -41 0
-37 -44 0
-37 -48 0
-37 -53 0
-37 -56 0
-37 -59 0
-37 -63 0
-41 -44 0
-41 -48 0
-41 -53 0
-41 -56 0
-41 -59 0
-41 -63 0
-44 -48 0
-44 -53 0
-44 -56 0
-44 -59 0
-44 -63 0
-48 -53 0
-48 -56 0
-48 -59 0
-48 -63 0
-53 -56 0
-53 -59 0
-53 -63 0
-56 -59 0
-56 -63 0
-59 -63 0
-3 -9 0
-3 -13 0
-3 -17 0
-3 -21 0
-3 -25 0
-3 -34 0
-3 -38 0
-3 -42 0
-3 -45 0
-3 -49 0
-3 -51 0
-3 -54 0
-3 -57 0
-3 -60 0
-3 -64 0
-3 -67 0
-9 -13 0
-9 -17 0
-9 -21 0
-9 -25 0
-9 -34 0
-9 -38 0
-9 -42 0
-9 -45 0
-9 -49 0
-9 -51 0
-9 -54 0
-9 -57 0
-9 -60 0
-9 -64 0
-9 -67 0
-13 -17 0
-13 -21 0
-13 -25 0
-13 -34 0
-13 -38 0
-13 -42 0
-13 -45 0
-13 -49 0
-13 -51 0
-13 -54 0
-13 -57 0
-13 -60 0
-13 -64 0
-13 -67 0
-17 -21 0
-17 -25 0
-17 -34 0
-17 -38 0
-17 -42 0
-17 -45 0
-17 -49 0
-17 -51 0
-17 -54 0
-17 -57 0
-17 -60 0
-17 -64 0
-17 -67 0
-21 -25 0
-21 -34 0
-21 -38 0
-21 -42 0
-21 -45 0
-21 -49 0
-21 -51 0
-21 -54 0
-21 -57 0
-21 -60 0
-21 -64 0
-21 -67 0
-25 -34 0
-25 -38 0
-25 -42 0
-25 -45 0
-25 -49 0
-25 -51 0
-25 -54 0
-25 -57 0
-25 -60 0
-25 -64 0
-25 -67 0
-34 -38 0
-34 -42 0
-34 -45 0
-34 -49 0
-34 -51 0
-34 -54 0
-34 -57 0
-34 -60 0
-34 -64 0
-34 -67 0
-38 -42 0
-38 -45 0
-38 -49 0
-38 -51 0
-38 -54 0
-38 -57 0
-38 -60 0
-38 -64 0
-38 -67 0
-42 -45 0
-42 -49 0
-42 -51 0
-42 -54 0
-42 -57 0
-42 -60 0
-42 -64 0
-42 -67 0
-45 -49 0
-45 -51 0
-45 -54 0
-45 -57 0
-45 -60 0
-45 -64 0
-45 -67 0
-49 -51 0
-49 -54 0
-49 -57 0
-49 -60 0
-49 -64 0
-49 -67 0
-51 -54 0
-51 -57 0
-51 -60 0
-51 -64 0
-51 -67 0
-54 -57 0
-54 -60 0
-54 -64 0
-54 -67 0
-57 -60 0
-57 -64 0
-57 -67 0
-60 -64 0
-60 -67 0
-64 -67 0
-4 -7 0
-4 -10 0
-4 -14 0
-4 -18 0
-4 -22 0
-4 -26 0
-4 -29 0
-4 -31 0
-4 -35 0
-4 -39 0
-4 -43 0
-4 -46 0
-4 -52 0
-4 -58 0
-4 -61 0
-4 -65 0
-4 -68 0
-7 -10 0
-7 -14 0
-7 -18 0
-7 -22 0
-7 -26 0
-7 -29 0
-7 -31 0
-7 -35 0
-7 -39 0
-7 -43 0
-7 -46 0
-7 -52 0
-7 -58 0
-7 -61 0
-7 -65 0
-7 -68 0
-10 -14 0
-10 -18 0
-10 -22 0
-10 -26 0
-10 -29 0
-10 -31 0
-10 -35 0
-10 -39 0
-10 -43 0
-10 -46 0
-10 -52 0
-10 -58 0
-10 -61 0
-10 -65 0
-10 -68 0
-14 -18 0
-14 -22 0
-14 -26 0
-14 -29 0
-14 -31 0
-14 -35 0
-14 -39 0
-14 -43 0
-14 -46 0
-14 -52 0
-14 -58 0
-14 -61 0
-14 -65 0
-14 -68 0
-18 -22 0
-18 -26 0
-18 -29 0
-18 -31 0
-18 -35 0
-18 -39 0
-18 -43 0
-18 -46 0
-18 -52 0
-18 -58 0
-18 -61 0
-18 -65 0
-18 -68 0
-22 -26 0
-22 -29 0
-22 -31 0
-22 -35 0
-22 -39 0
-22 -43 0
-22 -46 0
-22 -52 0
-22 -58 0
-22 -61 0
-22 -65 0
-22 -68 0
-26 -29 0
-26 -31 0
-26 -35 0
-26 -39 0
-26 -43 0
-26 -46 0
-26 -52 0
-26 -58 0
-26 -61 0
-26 -65 0
-26 -68 0
-29 -31 0
-29 -35 0
-29 -39 0
-29 -43 0
-29 -46 0
-29 -52 0
-29 -58 0
-29 -61 0
-29 -65 0
-29 -68 0
-31 -35 0
-31 -39 0
-31 -43 0
-31 -46 0
-31 -52 0
-31 -58 0
-31 -61 0
-31 -65 0
-31 -68 0
-35 -39 0
-35 -43 0
-35 -46 0
-35 -52 0
-35 -58 0
-35 -61 0
-35 -65 0
-35 -68 0
-39 -43 0
-39 -46 0
-39 -52 0
-39 -58 0
-39 -61 0
-39 -65 0
-39 -68 0
-43 -46 0
-43 -52 0
-43 -58 0
-43 -61 0
-43 -65 0
-43 -68 0
-46 -52 0
-46 -58 0
-46 -61 0
-46 -65 0
-46 -68 0
-52 -58 0
-52 -61 0
-52 -65 0
-52 -68 0
-58 -61 0
-58 -65 0
-58 -68 0
-61 -65 0
-61 -68 0
-65 -68 0
