p cnf 18 126
1 2 3 4 0
1 2 -3 -4 0
1 -2 3 -4 0
1 -2 -3 4 0
-1 2 3 -4 0
-1 2 -3 4 0
-1 -2 3 4 0
-1 -2 -3 -4 0
1 5 -6 0
1 -5 6 0
-1 5 6 0
-1 -5 -6 0
7 8 -9 0
7 -8 9 0
-7 8 9 0
-7 -8 -9 0
7 10 -11 0
7 -10 11 0
-7 10 11 0
-7 -10 -11 0
12 13 14 -15 0
12 13 -14 15 0
12 -13 14 15 0
12 -13 -14 -15 0
-12 13 14 15 0
-12 13 -14 -15 0
-12 -13 14 -15 0
-12 -13 -14 15 0
12 -16 0
-12 16 0
2 10 13 16 -17 0
2 10 13 -16 17 0
2 10 -13 16 17 0
2 10 -13 -16 -17 0
2 -10 13 16 17 0
2 -10 13 -16 -17 0
2 -10 -13 16 -17 0
2 -10 -13 -16 17 0
-2 10 13 16 17 0
-2 10 13 -16 -17 0
-2 10 -13 16 -17 0
-2 10 -13 -16 17 0
-2 -10 13 16 -17 0
-2 -10 13 -16 17 0
-2 -10 -13 16 17 0
-2 -10 -13 -16 -17 0
3 5 8 11 14 17 -18 0
3 5 8 11 14 -17 18 0
3 5 8 11 -14 17 18 0
3 5 8 11 -14 -17 -18 0
3 5 8 -11 14 17 18 0
3 5 8 -11 14 -17 -18 0
3 5 8 -11 -14 17 -18 0
3 5 8 -11 -14 -17 18 0
3 5 -8 11 14 17 18 0
3 5 -8 11 14 -17 -18 0
3 5 -8 11 -14 17 -18 0
3 5 -8 11 -14 -17 18 0
3 5 -8 -11 14 17 -18 0
3 5 -8 -11 14 -17 18 0
3 5 -8 -11 -14 17 18 0
3 5 -8 -11 -14 -17 -18 0
3 -5 8 11 14 17 18 0
3 -5 8 11 14 -17 -18 0
3 -5 8 11 -14 17 -18 0
3 -5 8 11 -14 -17 18 0
3 -5 8 -11 14 17 -18 0
3 -5 8 -11 14 -17 18 0
3 -5 8 -11 -14 17 18 0
3 -5 8 -11 -14 -17 -18 0
3 -5 -8 11 14 17 -18 0
3 -5 -8 11 14 -17 18 0
3 -5 -8 11 -14 17 18 0
3 -5 -8 11 -14 -17 -18 0
3 -5 -8 -11 14 17 18 0
3 -5 -8 -11 14 -17 -18 0
3 -5 -8 -11 -14 17 -18 0
3 -5 -8 -11 -14 -17 18 0
-3 5 8 11 14 17 18 0
-3 5 8 11 14 -17 -18 0
-3 5 8 11 -14 17 -18 0
-3 5 8 11 -14 -17 18 0
-3 5 8 -11 14 17 -18 0
-3 5 8 -11 14 -17 18 0
-3 5 8 -11 -14 17 18 0
-3 5 8 -11 -14 -17 -18 0
-3 5 -8 11 14 17 -18 0
-3 5 -8 11 14 -17 18 0
-3 5 -8 11 -14 17 18 0
-3 5 -8 11 -14 -17 -18 0
-3 5 -8 -11 14 17 18 0
-3 5 -8 -11 14 -17 -18 0
-3 5 -8 -11 -14 17 -18 0
-3 5 -8 -11 -14 -17 18 0
-3 -5 8 11 14 17 -18 0
-3 -5 8 11 14 -17 18 0
-3 -5 8 11 -14 17 18 0
-3 -5 8 11 -14 -17 -18 0
-3 -5 8 -11 14 17 18 0
-3 -5 8 -11 14 -17 -18 0
-3 -5 8 -11 -14 17 -18 0
-3 -5 8 -11 -14 -17 18 0
-3 -5 -8 11 14 17 18 0
-3 -5 -8 11 14 -17 -18 0
-3 -5 -8 11 -14 17 -18 0
-3 -5 -8 11 -14 -17 18 0
-3 -5 -8 -11 14 17 -18 0
-3 -5 -8 -11 14 -17 18 0
-3 -5 -8 -11 -14 17 18 0
-3 -5 -8 -11 -14 -17 -18 0
4 6 9 15 -18 0
4 6 9 -15 18 0
4 6 -9 15 18 0
4 6 -9 -15 -18 0
4 -6 9 15 18 0
4 -6 9 -15 -18 0
4 -6 -9 15 -18 0
4 -6 -9 -15 18 0
-4 6 9 15 18 0
-4 6 9 -15 -18 0
-4 6 -9 15 -18 0
-4 6 -9 -15 18 0
-4 -6 9 15 -18 0
-4 -6 9 -15 18 0
-4 -6 -9 15 18 0
-4 -6 -9 -15 -18 0
