p cnf 15 50
1 -2 0
-1 2 0
1 3 4 5 0
1 3 -4 -5 0
1 -3 4 -5 0
1 -3 -4 5 0
-1 3 4 -5 0
-1 3 -4 5 0
-1 -3 4 5 0
-1 -3 -4 -5 0
6 -7 0
-6 7 0
8 9 10 0
8 -9 -10 0
-8 9 -10 0
-8 -9 10 0
2 3 11 0
2 -3 -11 0
-2 3 -11 0
-2 -3 11 0
4 6 8 11 -12 0
4 6 8 -11 12 0
4 6 -8 11 12 0
4 6 -8 -11 -12 0
4 -6 8 11 12 0
4 -6 8 -11 -12 0
4 -6 -8 11 -12 0
4 -6 -8 -11 12 0
-4 6 8 11 12 0
-4 6 8 -11 -12 0
-4 6 -8 11 -12 0
-4 6 -8 -11 12 0
-4 -6 8 11 -12 0
-4 -6 8 -11 12 0
-4 -6 -8 11 12 0
-4 -6 -8 -11 -12 0
7 -13 0
-7 13 0
9 13 14 0
9 -13 -14 0
-9 13 -14 0
-9 -13 14 0
5 12 15 0
5 -12 -15 0
-5 12 -15 0
-5 -12 15 0
10 14 -15 0
10 -14 15 0
-10 14 15 0
-10 -14 -15 0
