p cnf 86 725
9 26 34 60 69 0
1 18 70 0
10 27 45 53 62 0
3 19 37 0
4 28 47 55 64 0
21 38 56 65 83 0
22 39 48 66 84 0
6 23 40 49 57 0
7 15 0
51 59 0
-1 -10 2 0
-1 -11 4 0
-1 -12 5 0
-1 -13 0
-1 -14 6 0
-1 -15 7 0
-1 -16 8 0
-2 -18 1 0
-2 -19 3 0
-2 -20 4 0
-2 -21 5 0
-2 -22 0
-2 -23 6 0
-2 -24 7 0
-2 -25 8 0
-3 1 0
-3 -27 2 0
-3 -28 4 0
-3 -29 5 0
-3 -30 0
-3 -31 6 0
-3 -32 7 0
-3 -33 8 0
-4 -35 1 0
-4 -36 2 0
-4 -37 3 0
-4 -38 5 0
-4 -39 0
-4 -40 6 0
-4 -41 7 0
-4 -42 8 0
-5 -44 1 0
-5 -45 2 0
-5 -46 3 0
-5 -47 4 0
-5 -48 0
-5 -49 6 0
-5 -50 7 0
-5 -51 8 0
-6 -61 1 0
-6 -62 2 0
-6 -63 3 0
-6 -64 4 0
-6 -65 5 0
-6 -66 0
-6 -67 7 0
-6 -68 8 0
-7 -70 1 0
-7 -71 2 0
-7 -72 3 0
-7 -73 4 0
-7 -74 5 0
-7 -75 0
-7 -76 6 0
-7 -77 8 0
-8 -79 1 0
-8 -80 2 0
-8 -81 3 0
-8 -82 4 0
-8 -83 5 0
-8 -84 0
-8 -85 6 0
-8 -86 7 0
-9 -2 10 0
-9 -3 0
-9 -4 11 0
-9 -5 12 0
-9 -6 14 0
-9 -7 15 0
-9 -8 16 0
-10 -17 9 0
-10 -19 0
-10 -20 11 0
-10 -21 12 0
-10 -22 13 0
-10 -23 14 0
-10 -24 15 0
-10 -25 16 0
-11 -34 9 0
-11 -36 10 0
-11 -37 0
-11 -38 12 0
-11 -39 13 0
-11 -40 14 0
-11 -41 15 0
-11 -42 16 0
-12 -43 9 0
-12 -45 10 0
-12 -46 0
-12 -47 11 0
-12 -48 13 0
-12 -49 14 0
-12 -50 15 0
-12 -51 16 0
-13 9 0
-13 -53 10 0
-13 -54 0
-13 -55 11 0
-13 -56 12 0
-13 -57 14 0
-13 -58 15 0
-13 -59 16 0
-14 -60 9 0
-14 -62 10 0
-14 -63 0
-14 -64 11 0
-14 -65 12 0
-14 -66 13 0
-14 -67 15 0
-14 -68 16 0
-15 -69 9 0
-15 -71 10 0
-15 -72 0
-15 -73 11 0
-15 -74 12 0
-15 -75 13 0
-15 -76 14 0
-15 -77 16 0
-16 -78 9 0
-16 -80 10 0
-16 -81 0
-16 -82 11 0
-16 -83 12 0
-16 -84 13 0
-16 -85 14 0
-16 -86 15 0
-17 -1 18 0
-17 -3 19 0
-17 -4 20 0
-17 -5 21 0
-17 -6 23 0
-17 -7 24 0
-17 -8 25 0
-18 -9 17 0
-18 -11 20 0
-18 -12 21 0
-18 -13 22 0
-18 -14 23 0
-18 -15 24 0
-18 -16 25 0
-19 -26 17 0
-19 18 0
-19 -28 20 0
-19 -29 21 0
-19 -30 22 0
-19 -31 23 0
-19 -32 24 0
-19 -33 25 0
-20 -34 17 0
-20 -35 18 0
-20 -37 19 0
-20 -38 21 0
-20 -39 22 0
-20 -40 23 0
-20 -41 24 0
-20 -42 25 0
-21 -43 17 0
-21 -44 18 0
-21 -46 19 0
-21 -47 20 0
-21 -48 22 0
-21 -49 23 0
-21 -50 24 0
-21 -51 25 0
-22 17 0
-22 -52 18 0
-22 -54 19 0
-22 -55 20 0
-22 -56 21 0
-22 -57 23 0
-22 -58 24 0
-22 -59 25 0
-23 -60 17 0
-23 -61 18 0
-23 -63 19 0
-23 -64 20 0
-23 -65 21 0
-23 -66 22 0
-23 -67 24 0
-23 -68 25 0
-24 -69 17 0
-24 -70 18 0
-24 -72 19 0
-24 -73 20 0
-24 -74 21 0
-24 -75 22 0
-24 -76 23 0
-24 -77 25 0
-25 -78 17 0
-25 -79 18 0
-25 -81 19 0
-25 -82 20 0
-25 -83 21 0
-25 -84 22 0
-25 -85 23 0
-25 -86 24 0
-26 -2 27 0
-26 -4 28 0
-26 -5 29 0
-26 -6 31 0
-26 -7 32 0
-26 -8 33 0
-9 26 0
-10 27 0
-11 28 0
-12 29 0
-13 30 0
-14 31 0
-15 32 0
-16 33 0
-27 -17 26 0
-27 -20 28 0
-27 -21 29 0
-27 -22 30 0
-27 -23 31 0
-27 -24 32 0
-27 -25 33 0
-28 -34 26 0
-28 -36 27 0
-28 -38 29 0
-28 -39 30 0
-28 -40 31 0
-28 -41 32 0
-28 -42 33 0
-29 -43 26 0
-29 -45 27 0
-29 -47 28 0
-29 -48 30 0
-29 -49 31 0
-29 -50 32 0
-29 -51 33 0
-30 26 0
-30 -53 27 0
-30 -55 28 0
-30 -56 29 0
-30 -57 31 0
-30 -58 32 0
-30 -59 33 0
-31 -60 26 0
-31 -62 27 0
-31 -64 28 0
-31 -65 29 0
-31 -66 30 0
-31 -67 32 0
-31 -68 33 0
-32 -69 26 0
-32 -71 27 0
-32 -73 28 0
-32 -74 29 0
-32 -75 30 0
-32 -76 31 0
-32 -77 33 0
-33 -78 26 0
-33 -80 27 0
-33 -82 28 0
-33 -83 29 0
-33 -84 30 0
-33 -85 31 0
-33 -86 32 0
-34 -1 35 0
-34 -2 36 0
-34 -3 37 0
-34 -5 38 0
-34 -6 40 0
-34 -7 41 0
-34 -8 42 0
-35 -9 34 0
-35 -10 36 0
-35 -12 38 0
-35 -13 39 0
-35 -14 40 0
-35 -15 41 0
-35 -16 42 0
-36 -17 34 0
-36 -18 35 0
-36 -19 37 0
-36 -21 38 0
-36 -22 39 0
-36 -23 40 0
-36 -24 41 0
-36 -25 42 0
-37 -26 34 0
-37 35 0
-37 -27 36 0
-37 -29 38 0
-37 -30 39 0
-37 -31 40 0
-37 -32 41 0
-37 -33 42 0
-38 -43 34 0
-38 -44 35 0
-38 -45 36 0
-38 -46 37 0
-38 -48 39 0
-38 -49 40 0
-38 -50 41 0
-38 -51 42 0
-39 34 0
-39 -52 35 0
-39 -53 36 0
-39 -54 37 0
-39 -56 38 0
-39 -57 40 0
-39 -58 41 0
-39 -59 42 0
-40 -60 34 0
-40 -61 35 0
-40 -62 36 0
-40 -63 37 0
-40 -65 38 0
-40 -66 39 0
-40 -67 41 0
-40 -68 42 0
-41 -69 34 0
-41 -70 35 0
-41 -71 36 0
-41 -72 37 0
-41 -74 38 0
-41 -75 39 0
-41 -76 40 0
-41 -77 42 0
-42 -78 34 0
-42 -79 35 0
-42 -80 36 0
-42 -81 37 0
-42 -83 38 0
-42 -84 39 0
-42 -85 40 0
-42 -86 41 0
-43 -1 44 0
-43 -2 45 0
-43 -3 46 0
-43 -4 47 0
-43 -6 49 0
-43 -7 50 0
-43 -8 51 0
-44 -9 43 0
-44 -10 45 0
-44 -11 47 0
-44 -13 48 0
-44 -14 49 0
-44 -15 50 0
-44 -16 51 0
-45 -17 43 0
-45 -18 44 0
-45 -19 46 0
-45 -20 47 0
-45 -22 48 0
-45 -23 49 0
-45 -24 50 0
-45 -25 51 0
-46 -26 43 0
-46 44 0
-46 -27 45 0
-46 -28 47 0
-46 -30 48 0
-46 -31 49 0
-46 -32 50 0
-46 -33 51 0
-47 -34 43 0
-47 -35 44 0
-47 -36 45 0
-47 -37 46 0
-47 -39 48 0
-47 -40 49 0
-47 -41 50 0
-47 -42 51 0
-48 43 0
-48 -52 44 0
-48 -53 45 0
-48 -54 46 0
-48 -55 47 0
-48 -57 49 0
-48 -58 50 0
-48 -59 51 0
-49 -60 43 0
-49 -61 44 0
-49 -62 45 0
-49 -63 46 0
-49 -64 47 0
-49 -66 48 0
-49 -67 50 0
-49 -68 51 0
-50 -69 43 0
-50 -70 44 0
-50 -71 45 0
-50 -72 46 0
-50 -73 47 0
-50 -75 48 0
-50 -76 49 0
-50 -77 51 0
-51 -78 43 0
-51 -79 44 0
-51 -80 45 0
-51 -81 46 0
-51 -82 47 0
-51 -84 48 0
-51 -85 49 0
-51 -86 50 0
-1 52 0
-2 53 0
-3 54 0
-4 55 0
-5 56 0
-6 57 0
-7 58 0
-8 59 0
-52 -10 53 0
-52 -11 55 0
-52 -12 56 0
-52 -14 57 0
-52 -15 58 0
-52 -16 59 0
-53 -18 52 0
-53 -19 54 0
-53 -20 55 0
-53 -21 56 0
-53 -23 57 0
-53 -24 58 0
-53 -25 59 0
-54 52 0
-54 -27 53 0
-54 -28 55 0
-54 -29 56 0
-54 -31 57 0
-54 -32 58 0
-54 -33 59 0
-55 -35 52 0
-55 -36 53 0
-55 -37 54 0
-55 -38 56 0
-55 -40 57 0
-55 -41 58 0
-55 -42 59 0
-56 -44 52 0
-56 -45 53 0
-56 -46 54 0
-56 -47 55 0
-56 -49 57 0
-56 -50 58 0
-56 -51 59 0
-57 -61 52 0
-57 -62 53 0
-57 -63 54 0
-57 -64 55 0
-57 -65 56 0
-57 -67 58 0
-57 -68 59 0
-58 -70 52 0
-58 -71 53 0
-58 -72 54 0
-58 -73 55 0
-58 -74 56 0
-58 -76 57 0
-58 -77 59 0
-59 -79 52 0
-59 -80 53 0
-59 -81 54 0
-59 -82 55 0
-59 -83 56 0
-59 -85 57 0
-59 -86 58 0
-60 -1 61 0
-60 -2 62 0
-60 -3 63 0
-60 -4 64 0
-60 -5 65 0
-60 -7 67 0
-60 -8 68 0
-61 -9 60 0
-61 -10 62 0
-61 -11 64 0
-61 -12 65 0
-61 -13 66 0
-61 -15 67 0
-61 -16 68 0
-62 -17 60 0
-62 -18 61 0
-62 -19 63 0
-62 -20 64 0
-62 -21 65 0
-62 -22 66 0
-62 -24 67 0
-62 -25 68 0
-63 -26 60 0
-63 61 0
-63 -27 62 0
-63 -28 64 0
-63 -29 65 0
-63 -30 66 0
-63 -32 67 0
-63 -33 68 0
-64 -34 60 0
-64 -35 61 0
-64 -36 62 0
-64 -37 63 0
-64 -38 65 0
-64 -39 66 0
-64 -41 67 0
-64 -42 68 0
-65 -43 60 0
-65 -44 61 0
-65 -45 62 0
-65 -46 63 0
-65 -47 64 0
-65 -48 66 0
-65 -50 67 0
-65 -51 68 0
-66 60 0
-66 -52 61 0
-66 -53 62 0
-66 -54 63 0
-66 -55 64 0
-66 -56 65 0
-66 -58 67 0
-66 -59 68 0
-67 -69 60 0
-67 -70 61 0
-67 -71 62 0
-67 -72 63 0
-67 -73 64 0
-67 -74 65 0
-67 -75 66 0
-67 -77 68 0
-68 -78 60 0
-68 -79 61 0
-68 -80 62 0
-68 -81 63 0
-68 -82 64 0
-68 -83 65 0
-68 -84 66 0
-68 -86 67 0
-69 -1 70 0
-69 -2 71 0
-69 -3 72 0
-69 -4 73 0
-69 -5 74 0
-69 -6 76 0
-69 -8 77 0
-70 -9 69 0
-70 -10 71 0
-70 -11 73 0
-70 -12 74 0
-70 -13 75 0
-70 -14 76 0
-70 -16 77 0
-71 -17 69 0
-71 -18 70 0
-71 -19 72 0
-71 -20 73 0
-71 -21 74 0
-71 -22 75 0
-71 -23 76 0
-71 -25 77 0
-72 -26 69 0
-72 70 0
-72 -27 71 0
-72 -28 73 0
-72 -29 74 0
-72 -30 75 0
-72 -31 76 0
-72 -33 77 0
-73 -34 69 0
-73 -35 70 0
-73 -36 71 0
-73 -37 72 0
-73 -38 74 0
-73 -39 75 0
-73 -40 76 0
-73 -42 77 0
-74 -43 69 0
-74 -44 70 0
-74 -45 71 0
-74 -46 72 0
-74 -47 73 0
-74 -48 75 0
-74 -49 76 0
-74 -51 77 0
-75 69 0
-75 -52 70 0
-75 -53 71 0
-75 -54 72 0
-75 -55 73 0
-75 -56 74 0
-75 -57 76 0
-75 -59 77 0
-76 -60 69 0
-76 -61 70 0
-76 -62 71 0
-76 -63 72 0
-76 -64 73 0
-76 -65 74 0
-76 -66 75 0
-76 -68 77 0
-77 -78 69 0
-77 -79 70 0
-77 -80 71 0
-77 -81 72 0
-77 -82 73 0
-77 -83 74 0
-77 -84 75 0
-77 -85 76 0
-78 -1 79 0
-78 -2 80 0
-78 -3 81 0
-78 -4 82 0
-78 -5 83 0
-78 -6 85 0
-78 -7 86 0
-79 -9 78 0
-79 -10 80 0
-79 -11 82 0
-79 -12 83 0
-79 -13 84 0
-79 -14 85 0
-79 -15 86 0
-80 -17 78 0
-80 -18 79 0
-80 -19 81 0
-80 -20 82 0
-80 -21 83 0
-80 -22 84 0
-80 -23 85 0
-80 -24 86 0
-81 -26 78 0
-81 79 0
-81 -27 80 0
-81 -28 82 0
-81 -29 83 0
-81 -30 84 0
-81 -31 85 0
-81 -32 86 0
-82 -34 78 0
-82 -35 79 0
-82 -36 80 0
-82 -37 81 0
-82 -38 83 0
-82 -39 84 0
-82 -40 85 0
-82 -41 86 0
-83 -43 78 0
-83 -44 79 0
-83 -45 80 0
-83 -46 81 0
-83 -47 82 0
-83 -48 84 0
-83 -49 85 0
-83 -50 86 0
-84 78 0
-84 -52 79 0
-84 -53 80 0
-84 -54 81 0
-84 -55 82 0
-84 -56 83 0
-84 -57 85 0
-84 -58 86 0
-85 -60 78 0
-85 -61 79 0
-85 -62 80 0
-85 -63 81 0
-85 -64 82 0
-85 -65 83 0
-85 -66 84 0
-85 -67 86 0
-86 -69 78 0
-86 -70 79 0
-86 -71 80 0
-86 -72 81 0
-86 -73 82 0
-86 -74 83 0
-86 -75 84 0
-86 -76 85 0
-1 -9 0
-2 -17 0
-3 -26 0
-4 -34 0
-5 -43 0
-6 -60 0
-7 -69 0
-8 -78 0
-10 -18 0
-11 -35 0
-12 -44 0
-13 -52 0
-14 -61 0
-15 -70 0
-16 -79 0
-19 -27 0
-20 -36 0
-21 -45 0
-22 -53 0
-23 -62 0
-24 -71 0
-25 -80 0
-28 -37 0
-29 -46 0
-30 -54 0
-31 -63 0
-32 -72 0
-33 -81 0
-38 -47 0
-39 -55 0
-40 -64 0
-41 -73 0
-42 -82 0
-48 -56 0
-49 -65 0
-50 -74 0
-51 -83 0
-57 -66 0
-58 -75 0
-59 -84 0
-67 -76 0
-68 -85 0
-77 -86 0
