p cnf 94 468
1 2 3 4 0
5 6 7 8 0
9 10 11 0
12 13 14 15 16 17 0
18 19 20 21 22 0
23 24 25 26 0
27 28 29 30 31 0
32 33 34 35 0
36 37 38 39 40 41 42 0
43 44 45 46 47 0
48 49 50 51 0
52 53 54 55 56 57 0
58 59 60 61 62 63 0
64 65 66 67 68 0
69 70 71 72 73 74 75 0
76 77 78 0
79 80 81 82 83 0
84 85 86 87 0
88 89 90 91 92 0
-12 -18 0
-12 -32 0
-12 -36 0
-12 -43 0
-12 -48 0
-12 -64 0
-12 -69 0
-12 -76 0
-12 -88 0
-12 -93 0
-18 -32 0
-18 -36 0
-18 -43 0
-18 -48 0
-18 -64 0
-18 -69 0
-18 -76 0
-18 -88 0
-18 -93 0
-32 -36 0
-32 -43 0
-32 -48 0
-32 -64 0
-32 -69 0
-32 -76 0
-32 -88 0
-32 -93 0
-36 -43 0
-36 -48 0
-36 -64 0
-36 -69 0
-36 -76 0
-36 -88 0
-36 -93 0
-43 -48 0
-43 -64 0
-43 -69 0
-43 -76 0
-43 -88 0
-43 -93 0
-48 -64 0
-48 -69 0
-48 -76 0
-48 -88 0
-48 -93 0
-64 -69 0
-64 -76 0
-64 -88 0
-64 -93 0
-69 -76 0
-69 -88 0
-69 -93 0
-76 -88 0
-76 -93 0
-88 -93 0
-9 -13 0
-9 -19 0
-9 -27 0
-9 -37 0
-9 -44 0
-9 -49 0
-9 -65 0
-9 -70 0
-9 -79 0
-13 -19 0
-13 -27 0
-13 -37 0
-13 -44 0
-13 -49 0
-13 -65 0
-13 -70 0
-13 -79 0
-19 -27 0
-19 -37 0
-19 -44 0
-19 -49 0
-19 -65 0
-19 -70 0
-19 -79 0
-27 -37 0
-27 -44 0
-27 -49 0
-27 -65 0
-27 -70 0
-27 -79 0
-37 -44 0
-37 -49 0
-37 -65 0
-37 -70 0
-37 -79 0
-44 -49 0
-44 -65 0
-44 -70 0
-44 -79 0
-49 -65 0
-49 -70 0
-49 -79 0
-65 -70 0
-65 -79 0
-70 -79 0
-1 -14 0
-1 -23 0
-1 -45 0
-1 -52 0
-1 -58 0
-1 -66 0
-1 -71 0
-1 -84 0
-14 -23 0
-14 -45 0
-14 -52 0
-14 -58 0
-14 -66 0
-14 -71 0
-14 -84 0
-23 -45 0
-23 -52 0
-23 -58 0
-23 -66 0
-23 -71 0
-23 -84 0
-45 -52 0
-45 -58 0
-45 -66 0
-45 -71 0
-45 -84 0
-52 -58 0
-52 -66 0
-52 -71 0
-52 -84 0
-58 -66 0
-58 -71 0
-58 -84 0
-66 -71 0
-66 -84 0
-71 -84 0
-2 -5 0
-2 -15 0
-2 -20 0
-2 -24 0
-2 -50 0
-2 -59 0
-2 -67 0
-2 -72 0
-2 -80 0
-2 -85 0
-2 -89 0
-5 -15 0
-5 -20 0
-5 -24 0
-5 -50 0
-5 -59 0
-5 -67 0
-5 -72 0
-5 -80 0
-5 -85 0
-5 -89 0
-15 -20 0
-15 -24 0
-15 -50 0
-15 -59 0
-15 -67 0
-15 -72 0
-15 -80 0
-15 -85 0
-15 -89 0
-20 -24 0
-20 -50 0
-20 -59 0
-20 -67 0
-20 -72 0
-20 -80 0
-20 -85 0
-20 -89 0
-24 -50 0
-24 -59 0
-24 -67 0
-24 -72 0
-24 -80 0
-24 -85 0
-24 -89 0
-50 -59 0
-50 -67 0
-50 -72 0
-50 -80 0
-50 -85 0
-50 -89 0
-59 -67 0
-59 -72 0
-59 -80 0
-59 -85 0
-59 -89 0
-67 -72 0
-67 -80 0
-67 -85 0
-67 -89 0
-72 -80 0
-72 -85 0
-72 -89 0
-80 -85 0
-80 -89 0
-85 -89 0
-16 -21 0
-16 -28 0
-16 -33 0
-16 -38 0
-16 -51 0
-16 -53 0
-16 -60 0
-16 -77 0
-16 -81 0
-16 -90 0
-21 -28 0
-21 -33 0
-21 -38 0
-21 -51 0
-21 -53 0
-21 -60 0
-21 -77 0
-21 -81 0
-21 -90 0
-28 -33 0
-28 -38 0
-28 -51 0
-28 -53 0
-28 -60 0
-28 -77 0
-28 -81 0
-28 -90 0
-33 -38 0
-33 -51 0
-33 -53 0
-33 -60 0
-33 -77 0
-33 -81 0
-33 -90 0
-38 -51 0
-38 -53 0
-38 -60 0
-38 -77 0
-38 -81 0
-38 -90 0
-51 -53 0
-51 -60 0
-51 -77 0
-51 -81 0
-51 -90 0
-53 -60 0
-53 -77 0
-53 -81 0
-53 -90 0
-60 -77 0
-60 -81 0
-60 -90 0
-77 -81 0
-77 -90 0
-81 -90 0
-3 -6 0
-3 -10 0
-3 -17 0
-3 -25 0
-3 -29 0
-3 -34 0
-3 -39 0
-3 -54 0
-3 -61 0
-3 -86 0
-3 -94 0
-6 -10 0
-6 -17 0
-6 -25 0
-6 -29 0
-6 -34 0
-6 -39 0
-6 -54 0
-6 -61 0
-6 -86 0
-6 -94 0
-10 -17 0
-10 -25 0
-10 -29 0
-10 -34 0
-10 -39 0
-10 -54 0
-10 -61 0
-10 -86 0
-10 -94 0
-17 -25 0
-17 -29 0
-17 -34 0
-17 -39 0
-17 -54 0
-17 -61 0
-17 -86 0
-17 -94 0
-25 -29 0
-25 -34 0
-25 -39 0
-25 -54 0
-25 -61 0
-25 -86 0
-25 -94 0
-29 -34 0
-29 -39 0
-29 -54 0
-29 -61 0
-29 -86 0
-29 -94 0
-34 -39 0
-34 -54 0
-34 -61 0
-34 -86 0
-34 -94 0
-39 -54 0
-39 -61 0
-39 -86 0
-39 -94 0
-54 -61 0
-54 -86 0
-54 -94 0
-61 -86 0
-61 -94 0
-86 -94 0
-4 -22 0
-4 -35 0
-4 -40 0
-4 -55 0
-4 -62 0
-4 -73 0
-4 -87 0
-4 -91 0
-22 -35 0
-22 -40 0
-22 -55 0
-22 -62 0
-22 -73 0
-22 -87 0
-22 -91 0
-35 -40 0
-35 -55 0
-35 -62 0
-35 -73 0
-35 -87 0
-35 -91 0
-40 -55 0
-40 -62 0
-40 -73 0
-40 -87 0
-40 -91 0
-55 -62 0
-55 -73 0
-55 -87 0
-55 -91 0
-62 -73 0
-62 -87 0
-62 -91 0
-73 -87 0
-73 -91 0
-87 -91 0
-7 -26 0
-7 -30 0
-7 -41 0
-7 -46 0
-7 -56 0
-7 -63 0
-7 -74 0
-7 -82 0
-7 -92 0
-26 -30 0
-26 -41 0
-26 -46 0
-26 -56 0
-26 -63 0
-26 -74 0
-26 -82 0
-26 -92 0
-30 -41 0
-30 -46 0
-30 -56 0
-30 -63 0
-30 -74 0
-30 -82 0
-30 -92 0
-41 -46 0
-41 -56 0
-41 -63 0
-41 -74 0
-41 -82 0
-41 -92 0
-46 -56 0
-46 -63 0
-46 -74 0
-46 -82 0
-46 -92 0
-56 -63 0
-56 -74 0
-56 -82 0
-56 -92 0
-63 -74 0
-63 -82 0
-63 -92 0
-74 -82 0
-74 -92 0
-82 -92 0
-8 -11 0
-8 -31 0
-8 -42 0
-8 -47 0
-8 -57 0
-8 -68 0
-8 -75 0
-8 -78 0
-8 -83 0
-11 -31 0
-11 -42 0
-11 -47 0
-11 -57 0
-11 -68 0
-11 -75 0
-11 -78 0
-11 -83 0
-31 -42 0
-31 -47 0
-31 -57 0
-31 -68 0
-31 -75 0
-31 -78 0
-31 -83 0
-42 -47 0
-42 -57 0
-42 -68 0
-42 -75 0
-42 -78 0
-42 -83 0
-47 -57 0
-47 -68 0
-47 -75 0
-47 -78 0
-47 -83 0
-57 -68 0
-57 -75 0
-57 -78 0
-57 -83 0
-68 -75 0
-68 -78 0
-68 -83 0
-75 -78 0
-75 -83 0
-78 -83 0
