p cnf 21 101
-9 -10 0
-9 -11 0
-9 -12 0
-9 -13 0
-9 -14 0
-9 -15 0
-9 -16 0
-9 -17 0
-10 -11 0
-10 -12 0
-10 -13 0
-10 -14 0
-10 -15 0
-10 -16 0
-10 -17 0
-11 -12 0
-11 -13 0
-11 -14 0
-11 -15 0
-11 -16 0
-11 -17 0
-12 -13 0
-12 -14 0
-12 -15 0
-12 -16 0
-12 -17 0
-13 -14 0
-13 -15 0
-13 -16 0
-13 -17 0
-14 -15 0
-14 -16 0
-14 -17 0
-15 -16 0
-15 -17 0
-16 -17 0
-18 -19 0
-20 -21 0
-10 -9 0
-11 -9 0
-12 -9 0
-13 -9 0
-14 -9 0
-15 -9 0
-16 -9 0
-17 -9 0
-11 -10 0
-12 -10 0
-13 -10 0
-14 -10 0
-15 -10 0
-16 -10 0
-17 -10 0
-12 -11 0
-13 -11 0
-14 -11 0
-15 -11 0
-16 -11 0
-17 -11 0
-13 -12 0
-14 -12 0
-15 -12 0
-16 -12 0
-17 -12 0
-14 -13 0
-15 -13 0
-16 -13 0
-17 -13 0
-15 -14 0
-16 -14 0
-17 -14 0
-16 -15 0
-17 -15 0
-17 -16 0
-19 -18 0
-19 -20 0
-21 -20 0
-9 1 0
-10 2 0
-11 3 0
-12 4 0
-13 5 0
-14 6 0
-15 7 0
-16 8 0
-1 9 0
-2 10 0
-3 11 0
-4 12 0
-5 13 0
-6 14 0
-7 15 0
-8 16 0
19 21 0
1 2 3 5 6 0
1 2 3 8 0
1 3 4 5 0
1 3 6 7 0
2 8 0
4 5 0
6 7 0
