p cnf 73 374
1 2 3 0
4 5 0
6 7 8 0
9 10 0
11 12 13 14 15 0
16 17 18 19 0
20 21 22 23 0
24 25 26 27 28 29 0
30 31 32 0
33 34 35 36 37 0
38 39 40 41 0
42 43 0
44 45 46 0
55 56 57 58 59 60 0
66 67 0
68 69 70 0
71 72 73 0
-4 -9 0
-4 -11 0
-4 -20 0
-4 -24 0
-4 -33 0
-4 -44 0
-4 -47 0
-4 -52 0
-4 -55 0
-4 -61 0
-9 -11 0
-9 -20 0
-9 -24 0
-9 -33 0
-9 -44 0
-9 -47 0
-9 -52 0
-9 -55 0
-9 -61 0
-11 -20 0
-11 -24 0
-11 -33 0
-11 -44 0
-11 -47 0
-11 -52 0
-11 -55 0
-11 -61 0
-20 -24 0
-20 -33 0
-20 -44 0
-20 -47 0
-20 -52 0
-20 -55 0
-20 -61 0
-24 -33 0
-24 -44 0
-24 -47 0
-24 -52 0
-24 -55 0
-24 -61 0
-33 -44 0
-33 -47 0
-33 -52 0
-33 -55 0
-33 -61 0
-44 -47 0
-44 -52 0
-44 -55 0
-44 -61 0
-47 -52 0
-47 -55 0
-47 -61 0
-52 -55 0
-52 -61 0
-55 -61 0
-1 -6 0
-1 -12 0
-1 -16 0
-1 -21 0
-1 -25 0
-1 -30 0
-1 -34 0
-1 -38 0
-1 -42 0
-1 -45 0
-1 -48 0
-1 -56 0
-1 -68 0
-6 -12 0
-6 -16 0
-6 -21 0
-6 -25 0
-6 -30 0
-6 -34 0
-6 -38 0
-6 -42 0
-6 -45 0
-6 -48 0
-6 -56 0
-6 -68 0
-12 -16 0
-12 -21 0
-12 -25 0
-12 -30 0
-12 -34 0
-12 -38 0
-12 -42 0
-12 -45 0
-12 -48 0
-12 -56 0
-12 -68 0
-16 -21 0
-16 -25 0
-16 -30 0
-16 -34 0
-16 -38 0
-16 -42 0
-16 -45 0
-16 -48 0
-16 -56 0
-16 -68 0
-21 -25 0
-21 -30 0
-21 -34 0
-21 -38 0
-21 -42 0
-21 -45 0
-21 -48 0
-21 -56 0
-21 -68 0
-25 -30 0
-25 -34 0
-25 -38 0
-25 -42 0
-25 -45 0
-25 -48 0
-25 -56 0
-25 -68 0
-30 -34 0
-30 -38 0
-30 -42 0
-30 -45 0
-30 -48 0
-30 -56 0
-30 -68 0
-34 -38 0
-34 -42 0
-34 -45 0
-34 -48 0
-34 -56 0
-34 -68 0
-38 -42 0
-38 -45 0
-38 -48 0
-38 -56 0
-38 -68 0
-42 -45 0
-42 -48 0
-42 -56 0
-42 -68 0
-45 -48 0
-45 -56 0
-45 -68 0
-48 -56 0
-48 -68 0
-56 -68 0
-7 -17 0
-7 -26 0
-7 -31 0
-7 -39 0
-7 -49 0
-7 -57 0
-7 -62 0
-7 -69 0
-7 -71 0
-17 -26 0
-17 -31 0
-17 -39 0
-17 -49 0
-17 -57 0
-17 -62 0
-17 -69 0
-17 -71 0
-26 -31 0
-26 -39 0
-26 -49 0
-26 -57 0
-26 -62 0
-26 -69 0
-26 -71 0
-31 -39 0
-31 -49 0
-31 -57 0
-31 -62 0
-31 -69 0
-31 -71 0
-39 -49 0
-39 -57 0
-39 -62 0
-39 -69 0
-39 -71 0
-49 -57 0
-49 -62 0
-49 -69 0
-49 -71 0
-57 -62 0
-57 -69 0
-57 -71 0
-62 -69 0
-62 -71 0
-69 -71 0
-13 -18 0
-13 -22 0
-13 -27 0
-13 -43 0
-13 -50 0
-13 -58 0
-13 -63 0
-13 -66 0
-13 -70 0
-18 -22 0
-18 -27 0
-18 -43 0
-18 -50 0
-18 -58 0
-18 -63 0
-18 -66 0
-18 -70 0
-22 -27 0
-22 -43 0
-22 -50 0
-22 -58 0
-22 -63 0
-22 -66 0
-22 -70 0
-27 -43 0
-27 -50 0
-27 -58 0
-27 -63 0
-27 -66 0
-27 -70 0
-43 -50 0
-43 -58 0
-43 -63 0
-43 -66 0
-43 -70 0
-50 -58 0
-50 -63 0
-50 -66 0
-50 -70 0
-58 -63 0
-58 -66 0
-58 -70 0
-63 -66 0
-63 -70 0
-66 -70 0
-2 -14 0
-2 -23 0
-2 -28 0
-2 -32 0
-2 -35 0
-2 -40 0
-2 -51 0
-2 -59 0
-2 -64 0
-2 -67 0
-14 -23 0
-14 -28 0
-14 -32 0
-14 -35 0
-14 -40 0
-14 -51 0
-14 -59 0
-14 -64 0
-14 -67 0
-23 -28 0
-23 -32 0
-23 -35 0
-23 -40 0
-23 -51 0
-23 -59 0
-23 -64 0
-23 -67 0
-28 -32 0
-28 -35 0
-28 -40 0
-28 -51 0
-28 -59 0
-28 -64 0
-28 -67 0
-32 -35 0
-32 -40 0
-32 -51 0
-32 -59 0
-32 -64 0
-32 -67 0
-35 -40 0
-35 -51 0
-35 -59 0
-35 -64 0
-35 -67 0
-40 -51 0
-40 -59 0
-40 -64 0
-40 -67 0
-51 -59 0
-51 -64 0
-51 -67 0
-59 -64 0
-59 -67 0
-64 -67 0
-8 -10 0
-8 -15 0
-8 -36 0
-8 -53 0
-8 -60 0
-8 -72 0
-10 -15 0
-10 -36 0
-10 -53 0
-10 -60 0
-10 -72 0
-15 -36 0
-15 -53 0
-15 -60 0
-15 -72 0
-36 -53 0
-36 -60 0
-36 -72 0
-53 -60 0
-53 -72 0
-60 -72 0
-3 -5 0
-3 -19 0
-3 -29 0
-3 -37 0
-3 -41 0
-3 -46 0
-3 -54 0
-3 -65 0
-3 -73 0
-5 -19 0
-5 -29 0
-5 -37 0
-5 -41 0
-5 -46 0
-5 -54 0
-5 -65 0
-5 -73 0
-19 -29 0
-19 -37 0
-19 -41 0
-19 -46 0
-19 -54 0
-19 -65 0
-19 -73 0
-29 -37 0
-29 -41 0
-29 -46 0
-29 -54 0
-29 -65 0
-29 -73 0
-37 -41 0
-37 -46 0
-37 -54 0
-37 -65 0
-37 -73 0
-41 -46 0
-41 -54 0
-41 -65 0
-41 -73 0
-46 -54 0
-46 -65 0
-46 -73 0
-54 -65 0
-54 -73 0
-65 -73 0
