p cnf 84 692
9 27 34 58 67 0
1 19 68 0
10 28 43 51 60 0
3 20 0
22 36 54 63 81 0
23 37 46 64 82 0
6 24 38 47 55 0
7 16 0
49 57 0
-1 -10 2 0
-1 -11 3 0
-1 -12 4 0
-1 -13 5 0
-1 -14 0
-1 -15 6 0
-1 -16 7 0
-1 -17 8 0
-2 -19 1 0
-2 -20 3 0
-2 -21 4 0
-2 -22 5 0
-2 -23 0
-2 -24 6 0
-2 -25 7 0
-2 -26 8 0
-3 -28 2 0
-3 4 0
-3 -29 5 0
-3 -30 0
-3 -31 6 0
-3 -32 7 0
-3 -33 8 0
-4 -35 2 0
-4 -36 5 0
-4 -37 0
-4 -38 6 0
-4 -39 7 0
-4 -40 8 0
-5 -42 1 0
-5 -43 2 0
-5 -44 3 0
-5 -45 4 0
-5 -46 0
-5 -47 6 0
-5 -48 7 0
-5 -49 8 0
-6 -59 1 0
-6 -60 2 0
-6 -61 3 0
-6 -62 4 0
-6 -63 5 0
-6 -64 0
-6 -65 7 0
-6 -66 8 0
-7 -68 1 0
-7 -69 2 0
-7 -70 3 0
-7 -71 4 0
-7 -72 5 0
-7 -73 0
-7 -74 6 0
-7 -75 8 0
-8 -77 1 0
-8 -78 2 0
-8 -79 3 0
-8 -80 4 0
-8 -81 5 0
-8 -82 0
-8 -83 6 0
-8 -84 7 0
-9 -2 10 0
-9 -3 11 0
-9 -4 12 0
-9 -5 13 0
-9 -6 15 0
-9 -7 16 0
-9 -8 17 0
-10 -18 9 0
-10 -20 11 0
-10 -21 12 0
-10 -22 13 0
-10 -23 14 0
-10 -24 15 0
-10 -25 16 0
-10 -26 17 0
-11 -27 9 0
-11 -28 10 0
-11 12 0
-11 -29 13 0
-11 -30 14 0
-11 -31 15 0
-11 -32 16 0
-11 -33 17 0
-12 -34 9 0
-12 -35 10 0
-12 -36 13 0
-12 -37 14 0
-12 -38 15 0
-12 -39 16 0
-12 -40 17 0
-13 -41 9 0
-13 -43 10 0
-13 -44 11 0
-13 -45 12 0
-13 -46 14 0
-13 -47 15 0
-13 -48 16 0
-13 -49 17 0
-14 9 0
-14 -51 10 0
-14 -52 11 0
-14 -53 12 0
-14 -54 13 0
-14 -55 15 0
-14 -56 16 0
-14 -57 17 0
-15 -58 9 0
-15 -60 10 0
-15 -61 11 0
-15 -62 12 0
-15 -63 13 0
-15 -64 14 0
-15 -65 16 0
-15 -66 17 0
-16 -67 9 0
-16 -69 10 0
-16 -70 11 0
-16 -71 12 0
-16 -72 13 0
-16 -73 14 0
-16 -74 15 0
-16 -75 17 0
-17 -76 9 0
-17 -78 10 0
-17 -79 11 0
-17 -80 12 0
-17 -81 13 0
-17 -82 14 0
-17 -83 15 0
-17 -84 16 0
-18 -1 19 0
-18 -3 20 0
-18 -4 21 0
-18 -5 22 0
-18 -6 24 0
-18 -7 25 0
-18 -8 26 0
-19 -9 18 0
-19 -11 20 0
-19 -12 21 0
-19 -13 22 0
-19 -14 23 0
-19 -15 24 0
-19 -16 25 0
-19 -17 26 0
-20 -27 18 0
-20 21 0
-20 -29 22 0
-20 -30 23 0
-20 -31 24 0
-20 -32 25 0
-20 -33 26 0
-21 -34 18 0
-21 -36 22 0
-21 -37 23 0
-21 -38 24 0
-21 -39 25 0
-21 -40 26 0
-22 -41 18 0
-22 -42 19 0
-22 -44 20 0
-22 -45 21 0
-22 -46 23 0
-22 -47 24 0
-22 -48 25 0
-22 -49 26 0
-23 18 0
-23 -50 19 0
-23 -52 20 0
-23 -53 21 0
-23 -54 22 0
-23 -55 24 0
-23 -56 25 0
-23 -57 26 0
-24 -58 18 0
-24 -59 19 0
-24 -61 20 0
-24 -62 21 0
-24 -63 22 0
-24 -64 23 0
-24 -65 25 0
-24 -66 26 0
-25 -67 18 0
-25 -68 19 0
-25 -70 20 0
-25 -71 21 0
-25 -72 22 0
-25 -73 23 0
-25 -74 24 0
-25 -75 26 0
-26 -76 18 0
-26 -77 19 0
-26 -79 20 0
-26 -80 21 0
-26 -81 22 0
-26 -82 23 0
-26 -83 24 0
-26 -84 25 0
-27 -1 0
-27 -2 28 0
-27 -5 29 0
-27 -6 31 0
-27 -7 32 0
-27 -8 33 0
-28 -18 27 0
-28 -19 0
-28 -22 29 0
-28 -23 30 0
-28 -24 31 0
-28 -25 32 0
-28 -26 33 0
-34 27 0
-35 28 0
-36 29 0
-37 30 0
-38 31 0
-39 32 0
-40 33 0
-29 -41 27 0
-29 -42 0
-29 -43 28 0
-29 -46 30 0
-29 -47 31 0
-29 -48 32 0
-29 -49 33 0
-30 27 0
-30 -50 0
-30 -51 28 0
-30 -54 29 0
-30 -55 31 0
-30 -56 32 0
-30 -57 33 0
-31 -58 27 0
-31 -59 0
-31 -60 28 0
-31 -63 29 0
-31 -64 30 0
-31 -65 32 0
-31 -66 33 0
-32 -67 27 0
-32 -68 0
-32 -69 28 0
-32 -72 29 0
-32 -73 30 0
-32 -74 31 0
-32 -75 33 0
-33 -76 27 0
-33 -77 0
-33 -78 28 0
-33 -81 29 0
-33 -82 30 0
-33 -83 31 0
-33 -84 32 0
-34 -1 0
-34 -2 35 0
-34 -3 0
-34 -5 36 0
-34 -6 38 0
-34 -7 39 0
-34 -8 40 0
-35 -18 34 0
-35 -19 0
-35 -20 0
-35 -22 36 0
-35 -23 37 0
-35 -24 38 0
-35 -25 39 0
-35 -26 40 0
-36 -41 34 0
-36 -42 0
-36 -43 35 0
-36 -44 0
-36 -46 37 0
-36 -47 38 0
-36 -48 39 0
-36 -49 40 0
-37 34 0
-37 -50 0
-37 -51 35 0
-37 -52 0
-37 -54 36 0
-37 -55 38 0
-37 -56 39 0
-37 -57 40 0
-38 -58 34 0
-38 -59 0
-38 -60 35 0
-38 -61 0
-38 -63 36 0
-38 -64 37 0
-38 -65 39 0
-38 -66 40 0
-39 -67 34 0
-39 -68 0
-39 -69 35 0
-39 -70 0
-39 -72 36 0
-39 -73 37 0
-39 -74 38 0
-39 -75 40 0
-40 -76 34 0
-40 -77 0
-40 -78 35 0
-40 -79 0
-40 -81 36 0
-40 -82 37 0
-40 -83 38 0
-40 -84 39 0
-41 -1 42 0
-41 -2 43 0
-41 -3 44 0
-41 -4 45 0
-41 -6 47 0
-41 -7 48 0
-41 -8 49 0
-42 -9 41 0
-42 -10 43 0
-42 -11 44 0
-42 -12 45 0
-42 -14 46 0
-42 -15 47 0
-42 -16 48 0
-42 -17 49 0
-43 -18 41 0
-43 -19 42 0
-43 -20 44 0
-43 -21 45 0
-43 -23 46 0
-43 -24 47 0
-43 -25 48 0
-43 -26 49 0
-44 -27 41 0
-44 -28 43 0
-44 45 0
-44 -30 46 0
-44 -31 47 0
-44 -32 48 0
-44 -33 49 0
-45 -34 41 0
-45 -35 43 0
-45 -37 46 0
-45 -38 47 0
-45 -39 48 0
-45 -40 49 0
-46 41 0
-46 -50 42 0
-46 -51 43 0
-46 -52 44 0
-46 -53 45 0
-46 -55 47 0
-46 -56 48 0
-46 -57 49 0
-47 -58 41 0
-47 -59 42 0
-47 -60 43 0
-47 -61 44 0
-47 -62 45 0
-47 -64 46 0
-47 -65 48 0
-47 -66 49 0
-48 -67 41 0
-48 -68 42 0
-48 -69 43 0
-48 -70 44 0
-48 -71 45 0
-48 -73 46 0
-48 -74 47 0
-48 -75 49 0
-49 -76 41 0
-49 -77 42 0
-49 -78 43 0
-49 -79 44 0
-49 -80 45 0
-49 -82 46 0
-49 -83 47 0
-49 -84 48 0
-1 50 0
-2 51 0
-3 52 0
-4 53 0
-5 54 0
-6 55 0
-7 56 0
-8 57 0
-50 -10 51 0
-50 -11 52 0
-50 -12 53 0
-50 -13 54 0
-50 -15 55 0
-50 -16 56 0
-50 -17 57 0
-51 -19 50 0
-51 -20 52 0
-51 -21 53 0
-51 -22 54 0
-51 -24 55 0
-51 -25 56 0
-51 -26 57 0
-52 -28 51 0
-52 53 0
-52 -29 54 0
-52 -31 55 0
-52 -32 56 0
-52 -33 57 0
-53 -35 51 0
-53 -36 54 0
-53 -38 55 0
-53 -39 56 0
-53 -40 57 0
-54 -42 50 0
-54 -43 51 0
-54 -44 52 0
-54 -45 53 0
-54 -47 55 0
-54 -48 56 0
-54 -49 57 0
-55 -59 50 0
-55 -60 51 0
-55 -61 52 0
-55 -62 53 0
-55 -63 54 0
-55 -65 56 0
-55 -66 57 0
-56 -68 50 0
-56 -69 51 0
-56 -70 52 0
-56 -71 53 0
-56 -72 54 0
-56 -74 55 0
-56 -75 57 0
-57 -77 50 0
-57 -78 51 0
-57 -79 52 0
-57 -80 53 0
-57 -81 54 0
-57 -83 55 0
-57 -84 56 0
-58 -1 59 0
-58 -2 60 0
-58 -3 61 0
-58 -4 62 0
-58 -5 63 0
-58 -7 65 0
-58 -8 66 0
-59 -9 58 0
-59 -10 60 0
-59 -11 61 0
-59 -12 62 0
-59 -13 63 0
-59 -14 64 0
-59 -16 65 0
-59 -17 66 0
-60 -18 58 0
-60 -19 59 0
-60 -20 61 0
-60 -21 62 0
-60 -22 63 0
-60 -23 64 0
-60 -25 65 0
-60 -26 66 0
-61 -27 58 0
-61 -28 60 0
-61 62 0
-61 -29 63 0
-61 -30 64 0
-61 -32 65 0
-61 -33 66 0
-62 -34 58 0
-62 -35 60 0
-62 -36 63 0
-62 -37 64 0
-62 -39 65 0
-62 -40 66 0
-63 -41 58 0
-63 -42 59 0
-63 -43 60 0
-63 -44 61 0
-63 -45 62 0
-63 -46 64 0
-63 -48 65 0
-63 -49 66 0
-64 58 0
-64 -50 59 0
-64 -51 60 0
-64 -52 61 0
-64 -53 62 0
-64 -54 63 0
-64 -56 65 0
-64 -57 66 0
-65 -67 58 0
-65 -68 59 0
-65 -69 60 0
-65 -70 61 0
-65 -71 62 0
-65 -72 63 0
-65 -73 64 0
-65 -75 66 0
-66 -76 58 0
-66 -77 59 0
-66 -78 60 0
-66 -79 61 0
-66 -80 62 0
-66 -81 63 0
-66 -82 64 0
-66 -84 65 0
-67 -1 68 0
-67 -2 69 0
-67 -3 70 0
-67 -4 71 0
-67 -5 72 0
-67 -6 74 0
-67 -8 75 0
-68 -9 67 0
-68 -10 69 0
-68 -11 70 0
-68 -12 71 0
-68 -13 72 0
-68 -14 73 0
-68 -15 74 0
-68 -17 75 0
-69 -18 67 0
-69 -19 68 0
-69 -20 70 0
-69 -21 71 0
-69 -22 72 0
-69 -23 73 0
-69 -24 74 0
-69 -26 75 0
-70 -27 67 0
-70 -28 69 0
-70 71 0
-70 -29 72 0
-70 -30 73 0
-70 -31 74 0
-70 -33 75 0
-71 -34 67 0
-71 -35 69 0
-71 -36 72 0
-71 -37 73 0
-71 -38 74 0
-71 -40 75 0
-72 -41 67 0
-72 -42 68 0
-72 -43 69 0
-72 -44 70 0
-72 -45 71 0
-72 -46 73 0
-72 -47 74 0
-72 -49 75 0
-73 67 0
-73 -50 68 0
-73 -51 69 0
-73 -52 70 0
-73 -53 71 0
-73 -54 72 0
-73 -55 74 0
-73 -57 75 0
-74 -58 67 0
-74 -59 68 0
-74 -60 69 0
-74 -61 70 0
-74 -62 71 0
-74 -63 72 0
-74 -64 73 0
-74 -66 75 0
-75 -76 67 0
-75 -77 68 0
-75 -78 69 0
-75 -79 70 0
-75 -80 71 0
-75 -81 72 0
-75 -82 73 0
-75 -83 74 0
-76 -1 77 0
-76 -2 78 0
-76 -3 79 0
-76 -4 80 0
-76 -5 81 0
-76 -6 83 0
-76 -7 84 0
-77 -9 76 0
-77 -10 78 0
-77 -11 79 0
-77 -12 80 0
-77 -13 81 0
-77 -14 82 0
-77 -15 83 0
-77 -16 84 0
-78 -18 76 0
-78 -19 77 0
-78 -20 79 0
-78 -21 80 0
-78 -22 81 0
-78 -23 82 0
-78 -24 83 0
-78 -25 84 0
-79 -27 76 0
-79 -28 78 0
-79 80 0
-79 -29 81 0
-79 -30 82 0
-79 -31 83 0
-79 -32 84 0
-80 -34 76 0
-80 -35 78 0
-80 -36 81 0
-80 -37 82 0
-80 -38 83 0
-80 -39 84 0
-81 -41 76 0
-81 -42 77 0
-81 -43 78 0
-81 -44 79 0
-81 -45 80 0
-81 -46 82 0
-81 -47 83 0
-81 -48 84 0
-82 76 0
-82 -50 77 0
-82 -51 78 0
-82 -52 79 0
-82 -53 80 0
-82 -54 81 0
-82 -55 83 0
-82 -56 84 0
-83 -58 76 0
-83 -59 77 0
-83 -60 78 0
-83 -61 79 0
-83 -62 80 0
-83 -63 81 0
-83 -64 82 0
-83 -65 84 0
-84 -67 76 0
-84 -68 77 0
-84 -69 78 0
-84 -70 79 0
-84 -71 80 0
-84 -72 81 0
-84 -73 82 0
-84 -74 83 0
-1 -9 0
-2 -18 0
-3 -27 0
-4 -34 0
-5 -41 0
-6 -58 0
-7 -67 0
-8 -76 0
-10 -19 0
-13 -42 0
-14 -50 0
-15 -59 0
-16 -68 0
-17 -77 0
-20 -28 0
-21 -35 0
-22 -43 0
-23 -51 0
-24 -60 0
-25 -69 0
-26 -78 0
-29 -44 0
-30 -52 0
-31 -61 0
-32 -70 0
-33 -79 0
-36 -45 0
-37 -53 0
-38 -62 0
-39 -71 0
-40 -80 0
-46 -54 0
-47 -63 0
-48 -72 0
-49 -81 0
-55 -64 0
-56 -73 0
-57 -82 0
-65 -74 0
-66 -83 0
-75 -84 0
