p cnf 13 62
1 2 3 4 0
1 2 -3 -4 0
1 -2 3 -4 0
1 -2 -3 4 0
-1 2 3 -4 0
-1 2 -3 4 0
-1 -2 3 4 0
-1 -2 -3 -4 0
1 -5 0
-1 5 0
6 -7 0
-6 7 0
8 9 -10 0
8 -9 10 0
-8 9 10 0
-8 -9 -10 0
8 -11 0
-8 11 0
2 9 11 -12 0
2 9 -11 12 0
2 -9 11 12 0
2 -9 -11 -12 0
-2 9 11 12 0
-2 9 -11 -12 0
-2 -9 11 -12 0
-2 -9 -11 12 0
3 5 6 10 12 -13 0
3 5 6 10 -12 13 0
3 5 6 -10 12 13 0
3 5 6 -10 -12 -13 0
3 5 -6 10 12 13 0
3 5 -6 10 -12 -13 0
3 5 -6 -10 12 -13 0
3 5 -6 -10 -12 13 0
3 -5 6 10 12 13 0
3 -5 6 10 -12 -13 0
3 -5 6 -10 12 -13 0
3 -5 6 -10 -12 13 0
3 -5 -6 10 12 -13 0
3 -5 -6 10 -12 13 0
3 -5 -6 -10 12 13 0
3 -5 -6 -10 -12 -13 0
-3 5 6 10 12 13 0
-3 5 6 10 -12 -13 0
-3 5 6 -10 12 -13 0
-3 5 6 -10 -12 13 0
-3 5 -6 10 12 -13 0
-3 5 -6 10 -12 13 0
-3 5 -6 -10 12 13 0
-3 5 -6 -10 -12 -13 0
-3 -5 6 10 12 -13 0
-3 -5 6 10 -12 13 0
-3 -5 6 -10 12 13 0
-3 -5 6 -10 -12 -13 0
-3 -5 -6 10 12 13 0
-3 -5 -6 10 -12 -13 0
-3 -5 -6 -10 12 -13 0
-3 -5 -6 -10 -12 13 0
4 7 -13 0
4 -7 13 0
-4 7 13 0
-4 -7 -13 0
