p cnf 26 194
1 2 3 0
1 2 0
1 2 4 0
1 2 5 0
1 2 3 0
1 2 3 4 0
1 2 3 5 0
1 2 4 0
1 2 5 0
1 2 4 5 0
1 3 0
1 3 4 0
1 3 5 0
1 4 0
1 5 0
1 4 5 0
1 3 4 0
1 3 5 0
1 3 4 5 0
1 4 5 0
2 3 0
2 3 4 0
2 3 5 0
2 4 0
2 5 0
2 4 5 0
2 3 4 0
2 3 5 0
2 3 4 5 0
2 4 5 0
3 4 0
3 5 0
3 4 5 0
4 5 0
3 4 5 0
6 7 8 9 0
6 7 8 10 0
6 7 8 11 0
6 7 8 12 0
6 7 9 10 0
6 7 9 11 0
6 7 9 12 0
6 7 10 11 0
6 7 10 12 0
6 7 11 12 0
6 7 8 9 10 0
6 7 8 9 11 0
6 7 8 9 12 0
6 7 8 10 11 0
6 7 8 10 12 0
6 7 8 11 12 0
6 7 9 10 11 0
6 7 9 10 12 0
6 7 9 11 12 0
6 7 10 11 12 0
6 8 9 10 0
6 8 9 11 0
6 8 9 12 0
6 8 10 11 0
6 8 10 12 0
6 8 11 12 0
6 9 10 11 0
6 9 10 12 0
6 9 11 12 0
6 10 11 12 0
6 8 9 10 11 0
6 8 9 10 12 0
6 8 9 11 12 0
6 8 10 11 12 0
6 9 10 11 12 0
7 8 9 10 0
7 8 9 11 0
7 8 9 12 0
7 8 10 11 0
7 8 10 12 0
7 8 11 12 0
7 9 10 11 0
7 9 10 12 0
7 9 11 12 0
7 10 11 12 0
7 8 9 10 11 0
7 8 9 10 12 0
7 8 9 11 12 0
7 8 10 11 12 0
7 9 10 11 12 0
8 9 10 11 0
8 9 10 12 0
8 9 11 12 0
8 10 11 12 0
9 10 11 12 0
8 9 10 11 12 0
13 14 15 16 17 18 0
13 14 15 16 17 19 0
13 14 15 16 17 0
13 14 15 16 18 19 0
13 14 15 16 18 0
13 14 15 16 19 0
13 14 15 17 18 19 0
13 14 15 17 18 0
13 14 15 17 19 0
13 14 15 18 19 0
13 14 16 17 18 19 0
13 14 16 17 18 0
13 14 16 17 19 0
13 14 16 18 19 0
13 14 17 18 19 0
13 15 16 17 18 19 0
13 15 16 17 18 0
13 15 16 17 19 0
13 15 16 18 19 0
13 15 17 18 19 0
13 16 17 18 19 0
14 15 16 17 18 19 0
14 15 16 17 18 0
14 15 16 17 19 0
14 15 16 18 19 0
14 15 17 18 19 0
14 16 17 18 19 0
15 16 17 18 19 0
20 21 22 23 0
20 21 22 24 0
20 21 22 25 0
20 21 22 26 0
20 21 22 23 24 0
20 21 22 23 25 0
20 21 22 23 26 0
20 21 22 24 25 0
20 21 22 24 26 0
20 21 22 25 26 0
20 21 23 24 0
20 21 23 25 0
20 21 23 26 0
20 21 24 25 0
20 21 24 26 0
20 21 25 26 0
20 21 23 24 25 0
20 21 23 24 26 0
20 21 23 25 26 0
20 21 24 25 26 0
20 22 23 24 0
20 22 23 25 0
20 22 23 26 0
20 22 24 25 0
20 22 24 26 0
20 22 25 26 0
20 22 23 24 25 0
20 22 23 24 26 0
20 22 23 25 26 0
20 22 24 25 26 0
20 23 24 25 0
20 23 24 26 0
20 23 25 26 0
20 24 25 26 0
20 23 24 25 26 0
21 22 23 24 0
21 22 23 25 0
21 22 23 26 0
21 22 24 25 0
21 22 24 26 0
21 22 25 26 0
21 22 23 24 25 0
21 22 23 24 26 0
21 22 23 25 26 0
21 22 24 25 26 0
21 23 24 25 0
21 23 24 26 0
21 23 25 26 0
21 24 25 26 0
21 23 24 25 26 0
22 23 24 25 0
22 23 24 26 0
22 23 25 26 0
22 24 25 26 0
22 23 24 25 26 0
23 24 25 26 0
-1 -6 0
-1 -6 -20 0
-1 -20 0
-6 -20 0
-2 -13 0
-14 -21 0
-7 -15 -22 0
-3 -8 -16 0
-3 -8 -23 0
-3 -16 -23 0
-8 -16 -23 0
-9 -17 0
-9 -24 0
-17 -24 0
-10 -18 -25 0
-4 -11 0
-4 -19 0
-11 -19 0
-5 -12 -26 0
