p cnf 22 78
1 2 0
-1 -2 0
1 3 4 -5 0
1 3 -4 5 0
1 -3 4 5 0
1 -3 -4 -5 0
-1 3 4 5 0
-1 3 -4 -5 0
-1 -3 4 -5 0
-1 -3 -4 5 0
6 -7 0
-6 7 0
8 9 10 11 -12 0
8 9 10 -11 12 0
8 9 -10 11 12 0
8 9 -10 -11 -12 0
8 -9 10 11 12 0
8 -9 10 -11 -12 0
8 -9 -10 11 -12 0
8 -9 -10 -11 12 0
-8 9 10 11 12 0
-8 9 10 -11 -12 0
-8 9 -10 11 -12 0
-8 9 -10 -11 12 0
-8 -9 10 11 -12 0
-8 -9 10 -11 12 0
-8 -9 -10 11 12 0
-8 -9 -10 -11 -12 0
6 8 13 14 15 0
6 8 13 -14 -15 0
6 8 -13 14 -15 0
6 8 -13 -14 15 0
6 -8 13 14 -15 0
6 -8 13 -14 15 0
6 -8 -13 14 15 0
6 -8 -13 -14 -15 0
-6 8 13 14 -15 0
-6 8 13 -14 15 0
-6 8 -13 14 15 0
-6 8 -13 -14 -15 0
-6 -8 13 14 15 0
-6 -8 13 -14 -15 0
-6 -8 -13 14 -15 0
-6 -8 -13 -14 15 0
16 -17 0
-16 17 0
9 -16 0
-9 16 0
3 18 19 0
3 -18 -19 0
-3 18 -19 0
-3 -18 19 0
13 20 0
-13 -20 0
4 20 -21 0
4 -20 21 0
-4 20 21 0
-4 -20 -21 0
7 10 0
-7 -10 0
2 14 -22 0
2 -14 22 0
-2 14 22 0
-2 -14 -22 0
15 -18 0
-15 18 0
5 11 17 21 0
5 11 -17 -21 0
5 -11 17 -21 0
5 -11 -17 21 0
-5 11 17 -21 0
-5 11 -17 21 0
-5 -11 17 21 0
-5 -11 -17 -21 0
12 19 22 0
12 -19 -22 0
-12 19 -22 0
-12 -19 22 0
