p cnf 16 66
1 2 -3 0
1 -2 3 0
-1 2 3 0
-1 -2 -3 0
1 4 5 6 -7 0
1 4 5 -6 7 0
1 4 -5 6 7 0
1 4 -5 -6 -7 0
1 -4 5 6 7 0
1 -4 5 -6 -7 0
1 -4 -5 6 -7 0
1 -4 -5 -6 7 0
-1 4 5 6 7 0
-1 4 5 -6 -7 0
-1 4 -5 6 -7 0
-1 4 -5 -6 7 0
-1 -4 5 6 -7 0
-1 -4 5 -6 7 0
-1 -4 -5 6 7 0
-1 -4 -5 -6 -7 0
8 9 -10 0
8 -9 10 0
-8 9 10 0
-8 -9 -10 0
4 8 11 -12 0
4 8 -11 12 0
4 -8 11 12 0
4 -8 -11 -12 0
-4 8 11 12 0
-4 8 -11 -12 0
-4 -8 11 -12 0
-4 -8 -11 12 0
5 9 11 -13 0
5 9 -11 13 0
5 -9 11 13 0
5 -9 -11 -13 0
-5 9 11 13 0
-5 9 -11 -13 0
-5 -9 11 -13 0
-5 -9 -11 13 0
12 13 -14 0
12 -13 14 0
-12 13 14 0
-12 -13 -14 0
14 -15 0
-14 15 0
2 6 10 15 -16 0
2 6 10 -15 16 0
2 6 -10 15 16 0
2 6 -10 -15 -16 0
2 -6 10 15 16 0
2 -6 10 -15 -16 0
2 -6 -10 15 -16 0
2 -6 -10 -15 16 0
-2 6 10 15 16 0
-2 6 10 -15 -16 0
-2 6 -10 15 -16 0
-2 6 -10 -15 16 0
-2 -6 10 15 -16 0
-2 -6 10 -15 16 0
-2 -6 -10 15 16 0
-2 -6 -10 -15 -16 0
3 7 16 0
3 -7 -16 0
-3 7 -16 0
-3 -7 16 0
