p cnf 33 195
1 2 3 0
1 2 3 0
1 2 0
1 2 3 0
1 3 0
2 3 0
4 5 6 7 8 0
4 5 6 7 9 0
4 5 6 7 0
4 5 6 8 9 0
4 5 6 8 0
4 5 6 9 0
4 5 7 8 9 0
4 5 7 8 0
4 5 7 9 0
4 5 8 9 0
4 6 7 8 9 0
4 6 7 8 0
4 6 7 9 0
4 6 8 9 0
4 7 8 9 0
5 6 7 8 9 0
5 6 7 8 0
5 6 7 9 0
5 6 8 9 0
5 7 8 9 0
6 7 8 9 0
10 11 12 13 0
10 11 12 14 0
10 11 12 0
10 11 12 15 0
10 11 13 14 0
10 11 13 0
10 11 13 15 0
10 11 14 0
10 11 14 15 0
10 11 15 0
10 12 13 14 0
10 12 13 0
10 12 13 15 0
10 12 14 0
10 12 14 15 0
10 12 15 0
10 13 14 0
10 13 14 15 0
10 13 15 0
10 14 15 0
11 12 13 14 0
11 12 13 0
11 12 13 15 0
11 12 14 0
11 12 14 15 0
11 12 15 0
11 13 14 0
11 13 14 15 0
11 13 15 0
11 14 15 0
12 13 14 0
12 13 14 15 0
12 13 15 0
12 14 15 0
13 14 15 0
16 17 18 0
16 17 19 0
16 17 20 0
16 18 19 0
16 18 20 0
16 19 20 0
16 17 18 19 0
16 17 18 20 0
16 17 19 20 0
16 18 19 20 0
17 18 19 0
17 18 20 0
17 19 20 0
18 19 20 0
17 18 19 20 0
21 22 23 24 25 0
21 22 23 24 26 0
21 22 23 25 26 0
21 22 24 25 26 0
21 23 24 25 26 0
22 23 24 25 26 0
27 28 29 30 0
27 28 29 31 0
27 28 29 32 0
27 28 29 33 0
27 28 30 31 0
27 28 30 32 0
27 28 30 33 0
27 28 31 32 0
27 28 31 33 0
27 28 32 33 0
27 28 29 30 31 0
27 28 29 30 32 0
27 28 29 30 33 0
27 28 29 31 32 0
27 28 29 31 33 0
27 28 29 32 33 0
27 28 30 31 32 0
27 28 30 31 33 0
27 28 30 32 33 0
27 28 31 32 33 0
27 29 30 31 0
27 29 30 32 0
27 29 30 33 0
27 29 31 32 0
27 29 31 33 0
27 29 32 33 0
27 30 31 32 0
27 30 31 33 0
27 30 32 33 0
27 31 32 33 0
27 29 30 31 32 0
27 29 30 31 33 0
27 29 30 32 33 0
27 29 31 32 33 0
27 30 31 32 33 0
28 29 30 31 0
28 29 30 32 0
28 29 30 33 0
28 29 31 32 0
28 29 31 33 0
28 29 32 33 0
28 30 31 32 0
28 30 31 33 0
28 30 32 33 0
28 31 32 33 0
28 29 30 31 32 0
28 29 30 31 33 0
28 29 30 32 33 0
28 29 31 32 33 0
28 30 31 32 33 0
29 30 31 32 0
29 30 31 33 0
29 30 32 33 0
29 31 32 33 0
30 31 32 33 0
29 30 31 32 33 0
-1 -4 -16 0
-1 -4 0
-1 -4 -27 0
-1 -16 0
-1 -16 -27 0
-1 -27 0
-4 -16 0
-4 -16 -27 0
-4 -27 0
-16 -27 0
-2 -5 -10 0
-2 -5 -10 -21 0
-2 -5 -10 -28 0
-2 -5 -21 0
-2 -5 -28 0
-2 -5 -21 -28 0
-2 -10 -21 0
-2 -10 -28 0
-2 -10 -21 -28 0
-2 -21 -28 0
-5 -10 -21 0
-5 -10 -28 0
-5 -10 -21 -28 0
-5 -21 -28 0
-10 -21 -28 0
-6 -11 0
-7 -12 -17 -22 0
-7 -12 -17 -29 0
-7 -12 -22 -29 0
-7 -17 -22 -29 0
-12 -17 -22 -29 0
-3 -13 -18 0
-3 -13 -23 0
-3 -13 -30 0
-3 -18 -23 0
-3 -18 -30 0
-3 -23 -30 0
-3 -13 -18 -23 0
-3 -13 -18 -30 0
-3 -13 -23 -30 0
-3 -18 -23 -30 0
-13 -18 -23 0
-13 -18 -30 0
-13 -23 -30 0
-18 -23 -30 0
-13 -18 -23 -30 0
-8 -14 -24 0
-8 -14 -31 0
-8 -24 -31 0
-14 -24 -31 0
-9 -19 -25 -32 0
-15 -20 -26 0
-15 -20 -33 0
-15 -26 -33 0
-20 -26 -33 0
-15 -20 -26 -33 0
