p cnf 73 549
9 24 32 50 58 0
19 59 0
10 26 52 0
2 20 33 0
21 34 41 55 71 0
6 22 35 42 48 0
7 16 0
-1 -19 0
-1 -20 2 0
-1 3 0
-1 4 0
-1 -21 5 0
-1 -22 6 0
-1 -23 7 0
-1 8 0
-2 -25 0
-2 -26 1 0
-2 -27 3 0
-2 -28 4 0
-2 -29 5 0
-2 6 0
-2 -30 7 0
-2 -31 8 0
-3 -33 2 0
-3 -34 5 0
-3 -35 6 0
-3 -36 7 0
-3 -37 8 0
-4 -39 0
-4 -40 2 0
-4 3 0
-4 -41 5 0
-4 -42 6 0
-4 -43 7 0
-4 8 0
-5 -45 0
-5 -46 2 0
-5 -47 3 0
-5 -48 6 0
-5 -49 7 0
-6 -51 0
-6 -52 1 0
-6 -53 3 0
-6 -54 4 0
-6 -55 5 0
-6 -56 7 0
-6 -57 8 0
-7 -59 0
-7 -60 1 0
-7 -61 2 0
-7 -62 3 0
-7 -63 4 0
-7 -64 5 0
-7 -65 6 0
-7 -66 8 0
-8 -68 0
-8 -69 2 0
-8 -70 3 0
-8 -71 5 0
-8 -72 6 0
-8 -73 7 0
-9 -1 10 0
-9 -2 11 0
-9 -3 12 0
-9 -4 13 0
-9 -5 14 0
-9 -6 15 0
-9 -7 16 0
-9 -8 17 0
-10 -18 9 0
-10 -20 11 0
-10 12 0
-10 13 0
-10 -21 14 0
-10 -22 15 0
-10 -23 16 0
-10 17 0
-11 -24 9 0
-11 -26 10 0
-11 -27 12 0
-11 -28 13 0
-11 -29 14 0
-11 15 0
-11 -30 16 0
-11 -31 17 0
-12 -32 9 0
-12 -33 11 0
-12 -34 14 0
-12 -35 15 0
-12 -36 16 0
-12 -37 17 0
-13 -38 9 0
-13 -40 11 0
-13 12 0
-13 -41 14 0
-13 -42 15 0
-13 -43 16 0
-13 17 0
-14 -44 9 0
-14 -46 11 0
-14 -47 12 0
-14 -48 15 0
-14 -49 16 0
-15 -50 9 0
-15 -52 10 0
-15 -53 12 0
-15 -54 13 0
-15 -55 14 0
-15 -56 16 0
-15 -57 17 0
-16 -58 9 0
-16 -60 10 0
-16 -61 11 0
-16 -62 12 0
-16 -63 13 0
-16 -64 14 0
-16 -65 15 0
-16 -66 17 0
-17 -67 9 0
-17 -69 11 0
-17 -70 12 0
-17 -71 14 0
-17 -72 15 0
-17 -73 16 0
-18 -2 20 0
-18 -5 21 0
-18 -6 22 0
-18 -7 23 0
-19 -9 18 0
-19 -11 20 0
-19 -14 21 0
-19 -15 22 0
-19 -16 23 0
-20 -24 18 0
-20 -25 19 0
-20 -29 21 0
-20 22 0
-20 -30 23 0
-32 18 0
-33 20 0
-34 21 0
-35 22 0
-36 23 0
-38 18 0
-39 19 0
-40 20 0
-41 21 0
-42 22 0
-43 23 0
-21 -44 18 0
-21 -45 19 0
-21 -46 20 0
-21 -48 22 0
-21 -49 23 0
-22 -50 18 0
-22 -51 19 0
-22 -55 21 0
-22 -56 23 0
-23 -58 18 0
-23 -59 19 0
-23 -61 20 0
-23 -64 21 0
-23 -65 22 0
-67 18 0
-68 19 0
-69 20 0
-71 21 0
-72 22 0
-73 23 0
-24 -1 26 0
-24 -3 27 0
-24 -4 28 0
-24 -5 29 0
-24 -7 30 0
-24 -8 31 0
-25 -9 24 0
-25 -10 26 0
-25 -12 27 0
-25 -13 28 0
-25 -14 29 0
-25 -16 30 0
-25 -17 31 0
-26 -18 24 0
-26 -19 25 0
-26 27 0
-26 28 0
-26 -21 29 0
-26 -23 30 0
-26 31 0
-27 -32 24 0
-27 -34 29 0
-27 -36 30 0
-27 -37 31 0
-28 -38 24 0
-28 -39 25 0
-28 27 0
-28 -41 29 0
-28 -43 30 0
-28 31 0
-29 -44 24 0
-29 -45 25 0
-29 -47 27 0
-29 -49 30 0
-50 24 0
-51 25 0
-52 26 0
-53 27 0
-54 28 0
-55 29 0
-56 30 0
-57 31 0
-30 -58 24 0
-30 -59 25 0
-30 -60 26 0
-30 -62 27 0
-30 -63 28 0
-30 -64 29 0
-30 -66 31 0
-31 -67 24 0
-31 -68 25 0
-31 -70 27 0
-31 -71 29 0
-31 -73 30 0
-32 -1 0
-32 -2 33 0
-32 -4 0
-32 -5 34 0
-32 -6 35 0
-32 -7 36 0
-32 -8 37 0
-33 -24 32 0
-33 -25 0
-33 -26 0
-33 -28 0
-33 -29 34 0
-33 35 0
-33 -30 36 0
-33 -31 37 0
-34 -44 32 0
-34 -45 0
-34 -46 33 0
-34 -48 35 0
-34 -49 36 0
-35 -50 32 0
-35 -51 0
-35 -52 0
-35 -54 0
-35 -55 34 0
-35 -56 36 0
-35 -57 37 0
-36 -58 32 0
-36 -59 0
-36 -60 0
-36 -61 33 0
-36 -63 0
-36 -64 34 0
-36 -65 35 0
-36 -66 37 0
-37 -67 32 0
-37 -68 0
-37 -69 33 0
-37 -71 34 0
-37 -72 35 0
-37 -73 36 0
-38 -1 0
-38 -2 40 0
-38 -5 41 0
-38 -6 42 0
-38 -7 43 0
-39 -9 38 0
-39 -10 0
-39 -11 40 0
-39 -14 41 0
-39 -15 42 0
-39 -16 43 0
-40 -24 38 0
-40 -25 39 0
-40 -26 0
-40 -29 41 0
-40 42 0
-40 -30 43 0
-32 38 0
-33 40 0
-34 41 0
-35 42 0
-36 43 0
-41 -44 38 0
-41 -45 39 0
-41 -46 40 0
-41 -48 42 0
-41 -49 43 0
-42 -50 38 0
-42 -51 39 0
-42 -52 0
-42 -55 41 0
-42 -56 43 0
-43 -58 38 0
-43 -59 39 0
-43 -60 0
-43 -61 40 0
-43 -64 41 0
-43 -65 42 0
-67 38 0
-68 39 0
-69 40 0
-71 41 0
-72 42 0
-73 43 0
-44 -1 0
-44 -2 46 0
-44 -3 47 0
-44 -4 0
-44 -6 48 0
-44 -7 49 0
-44 -8 0
-45 -9 44 0
-45 -10 0
-45 -11 46 0
-45 -12 47 0
-45 -13 0
-45 -15 48 0
-45 -16 49 0
-45 -17 0
-46 -24 44 0
-46 -25 45 0
-46 -26 0
-46 -27 47 0
-46 -28 0
-46 48 0
-46 -30 49 0
-46 -31 0
-47 -32 44 0
-47 -33 46 0
-47 -35 48 0
-47 -36 49 0
-47 -37 0
-48 -50 44 0
-48 -51 45 0
-48 -52 0
-48 -53 47 0
-48 -54 0
-48 -56 49 0
-48 -57 0
-49 -58 44 0
-49 -59 45 0
-49 -60 0
-49 -61 46 0
-49 -62 47 0
-49 -63 0
-49 -65 48 0
-49 -66 0
-50 -1 52 0
-50 -2 0
-50 -3 53 0
-50 -4 54 0
-50 -5 55 0
-50 -7 56 0
-50 -8 57 0
-51 -9 50 0
-51 -10 52 0
-51 -11 0
-51 -12 53 0
-51 -13 54 0
-51 -14 55 0
-51 -16 56 0
-51 -17 57 0
-52 -18 50 0
-52 -19 51 0
-52 -20 0
-52 53 0
-52 54 0
-52 -21 55 0
-52 -23 56 0
-52 57 0
-53 -32 50 0
-53 -33 0
-53 -34 55 0
-53 -36 56 0
-53 -37 57 0
-54 -38 50 0
-54 -39 51 0
-54 -40 0
-54 53 0
-54 -41 55 0
-54 -43 56 0
-54 57 0
-55 -44 50 0
-55 -45 51 0
-55 -46 0
-55 -47 53 0
-55 -49 56 0
-56 -58 50 0
-56 -59 51 0
-56 -60 52 0
-56 -61 0
-56 -62 53 0
-56 -63 54 0
-56 -64 55 0
-56 -66 57 0
-57 -67 50 0
-57 -68 51 0
-57 -69 0
-57 -70 53 0
-57 -71 55 0
-57 -73 56 0
-58 -1 60 0
-58 -2 61 0
-58 -3 62 0
-58 -4 63 0
-58 -5 64 0
-58 -6 65 0
-58 -8 66 0
-59 -9 58 0
-59 -10 60 0
-59 -11 61 0
-59 -12 62 0
-59 -13 63 0
-59 -14 64 0
-59 -15 65 0
-59 -17 66 0
-60 -18 58 0
-60 -19 59 0
-60 -20 61 0
-60 62 0
-60 63 0
-60 -21 64 0
-60 -22 65 0
-60 66 0
-61 -24 58 0
-61 -25 59 0
-61 -26 60 0
-61 -27 62 0
-61 -28 63 0
-61 -29 64 0
-61 65 0
-61 -31 66 0
-62 -32 58 0
-62 -33 61 0
-62 -34 64 0
-62 -35 65 0
-62 -37 66 0
-63 -38 58 0
-63 -39 59 0
-63 -40 61 0
-63 62 0
-63 -41 64 0
-63 -42 65 0
-63 66 0
-64 -44 58 0
-64 -45 59 0
-64 -46 61 0
-64 -47 62 0
-64 -48 65 0
-65 -50 58 0
-65 -51 59 0
-65 -52 60 0
-65 -53 62 0
-65 -54 63 0
-65 -55 64 0
-65 -57 66 0
-66 -67 58 0
-66 -68 59 0
-66 -69 61 0
-66 -70 62 0
-66 -71 64 0
-66 -72 65 0
-67 -1 0
-67 -2 69 0
-67 -3 70 0
-67 -4 0
-67 -5 71 0
-67 -6 72 0
-67 -7 73 0
-68 -9 67 0
-68 -10 0
-68 -11 69 0
-68 -12 70 0
-68 -13 0
-68 -14 71 0
-68 -15 72 0
-68 -16 73 0
-69 -24 67 0
-69 -25 68 0
-69 -26 0
-69 -27 70 0
-69 -28 0
-69 -29 71 0
-69 72 0
-69 -30 73 0
-70 -32 67 0
-70 -33 69 0
-70 -34 71 0
-70 -35 72 0
-70 -36 73 0
-71 -44 67 0
-71 -45 68 0
-71 -46 69 0
-71 -47 70 0
-71 -48 72 0
-71 -49 73 0
-72 -50 67 0
-72 -51 68 0
-72 -52 0
-72 -53 70 0
-72 -54 0
-72 -55 71 0
-72 -56 73 0
-73 -58 67 0
-73 -59 68 0
-73 -60 0
-73 -61 69 0
-73 -62 70 0
-73 -63 0
-73 -64 71 0
-73 -65 72 0
-1 -18 0
-2 -24 0
-3 -32 0
-4 -38 0
-5 -44 0
-6 -50 0
-7 -58 0
-8 -67 0
-10 -19 0
-11 -25 0
-13 -39 0
-14 -45 0
-15 -51 0
-16 -59 0
-17 -68 0
-20 -26 0
-22 -52 0
-23 -60 0
-27 -33 0
-28 -40 0
-29 -46 0
-30 -61 0
-31 -69 0
-34 -47 0
-35 -53 0
-36 -62 0
-37 -70 0
-42 -54 0
-43 -63 0
-48 -55 0
-49 -64 0
-56 -65 0
-57 -72 0
-66 -73 0
