p cnf 26 114
1 2 3 0
-1 -2 0
-1 -3 0
-2 -3 0
4 5 6 0
-4 -5 0
-4 -6 0
-5 -6 0
7 8 9 0
-7 -8 0
-7 -9 0
-8 -9 0
10 11 12 13 0
-10 -11 0
-10 -12 0
-10 -13 0
-11 -12 0
-11 -13 0
-12 -13 0
14 15 16 17 0
-14 -15 0
-14 -16 0
-14 -17 0
-15 -16 0
-15 -17 0
-16 -17 0
18 19 20 0
-18 -19 0
-18 -20 0
-19 -20 0
21 22 23 0
-21 -22 0
-21 -23 0
-22 -23 0
24 25 26 0
-24 -25 0
-24 -26 0
-25 -26 0
-1 -7 0
-2 -8 0
-3 -9 0
-1 -10 0
-2 -12 0
-3 -13 0
-1 -14 0
-2 -16 0
-3 -17 0
-1 -18 0
-2 -19 0
-3 -20 0
-1 -21 0
-2 -22 0
-3 -23 0
-1 -24 0
-2 -25 0
-3 -26 0
-4 -7 0
-5 -8 0
-6 -9 0
-4 -10 0
-5 -12 0
-6 -13 0
-4 -14 0
-5 -16 0
-6 -17 0
-4 -18 0
-5 -19 0
-6 -20 0
-4 -21 0
-5 -22 0
-6 -23 0
-4 -24 0
-5 -25 0
-6 -26 0
-7 -10 0
-8 -12 0
-9 -13 0
-7 -14 0
-8 -16 0
-9 -17 0
-7 -18 0
-8 -19 0
-9 -20 0
-7 -21 0
-8 -22 0
-9 -23 0
-10 -14 0
-11 -15 0
-12 -16 0
-13 -17 0
-10 -18 0
-12 -19 0
-13 -20 0
-10 -21 0
-12 -22 0
-13 -23 0
-10 -24 0
-12 -25 0
-13 -26 0
-14 -18 0
-16 -19 0
-17 -20 0
-14 -21 0
-16 -22 0
-17 -23 0
-14 -24 0
-16 -25 0
-17 -26 0
-18 -21 0
-19 -22 0
-20 -23 0
-21 -24 0
-22 -25 0
-23 -26 0
