p cnf 92 825
1 2 3 4 0
5 6 7 8 0
9 10 11 12 13 0
14 15 16 17 18 0
19 20 21 22 0
23 24 25 26 0
27 28 29 30 31 0
32 33 34 35 36 0
37 38 39 40 0
41 42 43 44 45 0
46 47 48 49 50 0
51 52 53 54 0
55 56 57 58 0
59 60 61 62 63 0
64 65 66 67 68 0
69 70 71 72 73 0
74 75 76 77 78 0
79 80 81 82 83 0
84 85 86 87 0
88 89 90 91 92 0
-1 -5 0
-1 -9 0
-1 -14 0
-1 -19 0
-1 -23 0
-1 -27 0
-1 -32 0
-1 -37 0
-1 -41 0
-1 -46 0
-1 -51 0
-1 -55 0
-1 -59 0
-1 -64 0
-1 -69 0
-1 -74 0
-1 -79 0
-1 -84 0
-1 -88 0
-5 -9 0
-5 -14 0
-5 -19 0
-5 -23 0
-5 -27 0
-5 -32 0
-5 -37 0
-5 -41 0
-5 -46 0
-5 -51 0
-5 -55 0
-5 -59 0
-5 -64 0
-5 -69 0
-5 -74 0
-5 -79 0
-5 -84 0
-5 -88 0
-9 -14 0
-9 -19 0
-9 -23 0
-9 -27 0
-9 -32 0
-9 -37 0
-9 -41 0
-9 -46 0
-9 -51 0
-9 -55 0
-9 -59 0
-9 -64 0
-9 -69 0
-9 -74 0
-9 -79 0
-9 -84 0
-9 -88 0
-14 -19 0
-14 -23 0
-14 -27 0
-14 -32 0
-14 -37 0
-14 -41 0
-14 -46 0
-14 -51 0
-14 -55 0
-14 -59 0
-14 -64 0
-14 -69 0
-14 -74 0
-14 -79 0
-14 -84 0
-14 -88 0
-19 -23 0
-19 -27 0
-19 -32 0
-19 -37 0
-19 -41 0
-19 -46 0
-19 -51 0
-19 -55 0
-19 -59 0
-19 -64 0
-19 -69 0
-19 -74 0
-19 -79 0
-19 -84 0
-19 -88 0
-23 -27 0
-23 -32 0
-23 -37 0
-23 -41 0
-23 -46 0
-23 -51 0
-23 -55 0
-23 -59 0
-23 -64 0
-23 -69 0
-23 -74 0
-23 -79 0
-23 -84 0
-23 -88 0
-27 -32 0
-27 -37 0
-27 -41 0
-27 -46 0
-27 -51 0
-27 -55 0
-27 -59 0
-27 -64 0
-27 -69 0
-27 -74 0
-27 -79 0
-27 -84 0
-27 -88 0
-32 -37 0
-32 -41 0
-32 -46 0
-32 -51 0
-32 -55 0
-32 -59 0
-32 -64 0
-32 -69 0
-32 -74 0
-32 -79 0
-32 -84 0
-32 -88 0
-37 -41 0
-37 -46 0
-37 -51 0
-37 -55 0
-37 -59 0
-37 -64 0
-37 -69 0
-37 -74 0
-37 -79 0
-37 -84 0
-37 -88 0
-41 -46 0
-41 -51 0
-41 -55 0
-41 -59 0
-41 -64 0
-41 -69 0
-41 -74 0
-41 -79 0
-41 -84 0
-41 -88 0
-46 -51 0
-46 -55 0
-46 -59 0
-46 -64 0
-46 -69 0
-46 -74 0
-46 -79 0
-46 -84 0
-46 -88 0
-51 -55 0
-51 -59 0
-51 -64 0
-51 -69 0
-51 -74 0
-51 -79 0
-51 -84 0
-51 -88 0
-55 -59 0
-55 -64 0
-55 -69 0
-55 -74 0
-55 -79 0
-55 -84 0
-55 -88 0
-59 -64 0
-59 -69 0
-59 -74 0
-59 -79 0
-59 -84 0
-59 -88 0
-64 -69 0
-64 -74 0
-64 -79 0
-64 -84 0
-64 -88 0
-69 -74 0
-69 -79 0
-69 -84 0
-69 -88 0
-74 -79 0
-74 -84 0
-74 -88 0
-79 -84 0
-79 -88 0
-84 -88 0
-2 -6 0
-2 -10 0
-2 -15 0
-2 -20 0
-2 -24 0
-2 -28 0
-2 -33 0
-2 -38 0
-2 -42 0
-2 -47 0
-2 -60 0
-2 -65 0
-2 -70 0
-2 -75 0
-2 -80 0
-2 -89 0
-6 -10 0
-6 -15 0
-6 -20 0
-6 -24 0
-6 -28 0
-6 -33 0
-6 -38 0
-6 -42 0
-6 -47 0
-6 -60 0
-6 -65 0
-6 -70 0
-6 -75 0
-6 -80 0
-6 -89 0
-10 -15 0
-10 -20 0
-10 -24 0
-10 -28 0
-10 -33 0
-10 -38 0
-10 -42 0
-10 -47 0
-10 -60 0
-10 -65 0
-10 -70 0
-10 -75 0
-10 -80 0
-10 -89 0
-15 -20 0
-15 -24 0
-15 -28 0
-15 -33 0
-15 -38 0
-15 -42 0
-15 -47 0
-15 -60 0
-15 -65 0
-15 -70 0
-15 -75 0
-15 -80 0
-15 -89 0
-20 -24 0
-20 -28 0
-20 -33 0
-20 -38 0
-20 -42 0
-20 -47 0
-20 -60 0
-20 -65 0
-20 -70 0
-20 -75 0
-20 -80 0
-20 -89 0
-24 -28 0
-24 -33 0
-24 -38 0
-24 -42 0
-24 -47 0
-24 -60 0
-24 -65 0
-24 -70 0
-24 -75 0
-24 -80 0
-24 -89 0
-28 -33 0
-28 -38 0
-28 -42 0
-28 -47 0
-28 -60 0
-28 -65 0
-28 -70 0
-28 -75 0
-28 -80 0
-28 -89 0
-33 -38 0
-33 -42 0
-33 -47 0
-33 -60 0
-33 -65 0
-33 -70 0
-33 -75 0
-33 -80 0
-33 -89 0
-38 -42 0
-38 -47 0
-38 -60 0
-38 -65 0
-38 -70 0
-38 -75 0
-38 -80 0
-38 -89 0
-42 -47 0
-42 -60 0
-42 -65 0
-42 -70 0
-42 -75 0
-42 -80 0
-42 -89 0
-47 -60 0
-47 -65 0
-47 -70 0
-47 -75 0
-47 -80 0
-47 -89 0
-60 -65 0
-60 -70 0
-60 -75 0
-60 -80 0
-60 -89 0
-65 -70 0
-65 -75 0
-65 -80 0
-65 -89 0
-70 -75 0
-70 -80 0
-70 -89 0
-75 -80 0
-75 -89 0
-80 -89 0
-3 -7 0
-3 -11 0
-3 -16 0
-3 -21 0
-3 -25 0
-3 -29 0
-3 -34 0
-3 -39 0
-3 -43 0
-3 -48 0
-3 -52 0
-3 -56 0
-3 -61 0
-3 -66 0
-3 -71 0
-3 -76 0
-3 -81 0
-3 -85 0
-3 -90 0
-7 -11 0
-7 -16 0
-7 -21 0
-7 -25 0
-7 -29 0
-7 -34 0
-7 -39 0
-7 -43 0
-7 -48 0
-7 -52 0
-7 -56 0
-7 -61 0
-7 -66 0
-7 -71 0
-7 -76 0
-7 -81 0
-7 -85 0
-7 -90 0
-11 -16 0
-11 -21 0
-11 -25 0
-11 -29 0
-11 -34 0
-11 -39 0
-11 -43 0
-11 -48 0
-11 -52 0
-11 -56 0
-11 -61 0
-11 -66 0
-11 -71 0
-11 -76 0
-11 -81 0
-11 -85 0
-11 -90 0
-16 -21 0
-16 -25 0
-16 -29 0
-16 -34 0
-16 -39 0
-16 -43 0
-16 -48 0
-16 -52 0
-16 -56 0
-16 -61 0
-16 -66 0
-16 -71 0
-16 -76 0
-16 -81 0
-16 -85 0
-16 -90 0
-21 -25 0
-21 -29 0
-21 -34 0
-21 -39 0
-21 -43 0
-21 -48 0
-21 -52 0
-21 -56 0
-21 -61 0
-21 -66 0
-21 -71 0
-21 -76 0
-21 -81 0
-21 -85 0
-21 -90 0
-25 -29 0
-25 -34 0
-25 -39 0
-25 -43 0
-25 -48 0
-25 -52 0
-25 -56 0
-25 -61 0
-25 -66 0
-25 -71 0
-25 -76 0
-25 -81 0
-25 -85 0
-25 -90 0
-29 -34 0
-29 -39 0
-29 -43 0
-29 -48 0
-29 -52 0
-29 -56 0
-29 -61 0
-29 -66 0
-29 -71 0
-29 -76 0
-29 -81 0
-29 -85 0
-29 -90 0
-34 -39 0
-34 -43 0
-34 -48 0
-34 -52 0
-34 -56 0
-34 -61 0
-34 -66 0
-34 -71 0
-34 -76 0
-34 -81 0
-34 -85 0
-34 -90 0
-39 -43 0
-39 -48 0
-39 -52 0
-39 -56 0
-39 -61 0
-39 -66 0
-39 -71 0
-39 -76 0
-39 -81 0
-39 -85 0
-39 -90 0
-43 -48 0
-43 -52 0
-43 -56 0
-43 -61 0
-43 -66 0
-43 -71 0
-43 -76 0
-43 -81 0
-43 -85 0
-43 -90 0
-48 -52 0
-48 -56 0
-48 -61 0
-48 -66 0
-48 -71 0
-48 -76 0
-48 -81 0
-48 -85 0
-48 -90 0
-52 -56 0
-52 -61 0
-52 -66 0
-52 -71 0
-52 -76 0
-52 -81 0
-52 -85 0
-52 -90 0
-56 -61 0
-56 -66 0
-56 -71 0
-56 -76 0
-56 -81 0
-56 -85 0
-56 -90 0
-61 -66 0
-61 -71 0
-61 -76 0
-61 -81 0
-61 -85 0
-61 -90 0
-66 -71 0
-66 -76 0
-66 -81 0
-66 -85 0
-66 -90 0
-71 -76 0
-71 -81 0
-71 -85 0
-71 -90 0
-76 -81 0
-76 -85 0
-76 -90 0
-81 -85 0
-81 -90 0
-85 -90 0
-8 -12 0
-8 -17 0
-8 -22 0
-8 -30 0
-8 -35 0
-8 -40 0
-8 -44 0
-8 -49 0
-8 -53 0
-8 -57 0
-8 -62 0
-8 -67 0
-8 -72 0
-8 -77 0
-8 -82 0
-8 -86 0
-8 -91 0
-12 -17 0
-12 -22 0
-12 -30 0
-12 -35 0
-12 -40 0
-12 -44 0
-12 -49 0
-12 -53 0
-12 -57 0
-12 -62 0
-12 -67 0
-12 -72 0
-12 -77 0
-12 -82 0
-12 -86 0
-12 -91 0
-17 -22 0
-17 -30 0
-17 -35 0
-17 -40 0
-17 -44 0
-17 -49 0
-17 -53 0
-17 -57 0
-17 -62 0
-17 -67 0
-17 -72 0
-17 -77 0
-17 -82 0
-17 -86 0
-17 -91 0
-22 -30 0
-22 -35 0
-22 -40 0
-22 -44 0
-22 -49 0
-22 -53 0
-22 -57 0
-22 -62 0
-22 -67 0
-22 -72 0
-22 -77 0
-22 -82 0
-22 -86 0
-22 -91 0
-30 -35 0
-30 -40 0
-30 -44 0
-30 -49 0
-30 -53 0
-30 -57 0
-30 -62 0
-30 -67 0
-30 -72 0
-30 -77 0
-30 -82 0
-30 -86 0
-30 -91 0
-35 -40 0
-35 -44 0
-35 -49 0
-35 -53 0
-35 -57 0
-35 -62 0
-35 -67 0
-35 -72 0
-35 -77 0
-35 -82 0
-35 -86 0
-35 -91 0
-40 -44 0
-40 -49 0
-40 -53 0
-40 -57 0
-40 -62 0
-40 -67 0
-40 -72 0
-40 -77 0
-40 -82 0
-40 -86 0
-40 -91 0
-44 -49 0
-44 -53 0
-44 -57 0
-44 -62 0
-44 -67 0
-44 -72 0
-44 -77 0
-44 -82 0
-44 -86 0
-44 -91 0
-49 -53 0
-49 -57 0
-49 -62 0
-49 -67 0
-49 -72 0
-49 -77 0
-49 -82 0
-49 -86 0
-49 -91 0
-53 -57 0
-53 -62 0
-53 -67 0
-53 -72 0
-53 -77 0
-53 -82 0
-53 -86 0
-53 -91 0
-57 -62 0
-57 -67 0
-57 -72 0
-57 -77 0
-57 -82 0
-57 -86 0
-57 -91 0
-62 -67 0
-62 -72 0
-62 -77 0
-62 -82 0
-62 -86 0
-62 -91 0
-67 -72 0
-67 -77 0
-67 -82 0
-67 -86 0
-67 -91 0
-72 -77 0
-72 -82 0
-72 -86 0
-72 -91 0
-77 -82 0
-77 -86 0
-77 -91 0
-82 -86 0
-82 -91 0
-86 -91 0
-4 -13 0
-4 -18 0
-4 -26 0
-4 -31 0
-4 -36 0
-4 -45 0
-4 -50 0
-4 -54 0
-4 -58 0
-4 -63 0
-4 -68 0
-4 -73 0
-4 -78 0
-4 -83 0
-4 -87 0
-4 -92 0
-13 -18 0
-13 -26 0
-13 -31 0
-13 -36 0
-13 -45 0
-13 -50 0
-13 -54 0
-13 -58 0
-13 -63 0
-13 -68 0
-13 -73 0
-13 -78 0
-13 -83 0
-13 -87 0
-13 -92 0
-18 -26 0
-18 -31 0
-18 -36 0
-18 -45 0
-18 -50 0
-18 -54 0
-18 -58 0
-18 -63 0
-18 -68 0
-18 -73 0
-18 -78 0
-18 -83 0
-18 -87 0
-18 -92 0
-26 -31 0
-26 -36 0
-26 -45 0
-26 -50 0
-26 -54 0
-26 -58 0
-26 -63 0
-26 -68 0
-26 -73 0
-26 -78 0
-26 -83 0
-26 -87 0
-26 -92 0
-31 -36 0
-31 -45 0
-31 -50 0
-31 -54 0
-31 -58 0
-31 -63 0
-31 -68 0
-31 -73 0
-31 -78 0
-31 -83 0
-31 -87 0
-31 -92 0
-36 -45 0
-36 -50 0
-36 -54 0
-36 -58 0
-36 -63 0
-36 -68 0
-36 -73 0
-36 -78 0
-36 -83 0
-36 -87 0
-36 -92 0
-45 -50 0
-45 -54 0
-45 -58 0
-45 -63 0
-45 -68 0
-45 -73 0
-45 -78 0
-45 -83 0
-45 -87 0
-45 -92 0
-50 -54 0
-50 -58 0
-50 -63 0
-50 -68 0
-50 -73 0
-50 -78 0
-50 -83 0
-50 -87 0
-50 -92 0
-54 -58 0
-54 -63 0
-54 -68 0
-54 -73 0
-54 -78 0
-54 -83 0
-54 -87 0
-54 -92 0
-58 -63 0
-58 -68 0
-58 -73 0
-58 -78 0
-58 -83 0
-58 -87 0
-58 -92 0
-63 -68 0
-63 -73 0
-63 -78 0
-63 -83 0
-63 -87 0
-63 -92 0
-68 -73 0
-68 -78 0
-68 -83 0
-68 -87 0
-68 -92 0
-73 -78 0
-73 -83 0
-73 -87 0
-73 -92 0
-78 -83 0
-78 -87 0
-78 -92 0
-83 -87 0
-83 -92 0
-87 -92 0
