p cnf 35 258
1 2 3 4 5 0
1 2 3 4 6 0
1 2 3 4 7 0
1 2 3 4 0
1 2 3 5 6 0
1 2 3 5 7 0
1 2 3 5 0
1 2 3 6 7 0
1 2 3 6 0
1 2 3 7 0
1 2 4 5 6 0
1 2 4 5 7 0
1 2 4 5 0
1 2 4 6 7 0
1 2 4 6 0
1 2 4 7 0
1 2 5 6 7 0
1 2 5 6 0
1 2 5 7 0
1 2 6 7 0
1 3 4 5 6 0
1 3 4 5 7 0
1 3 4 5 0
1 3 4 6 7 0
1 3 4 6 0
1 3 4 7 0
1 3 5 6 7 0
1 3 5 6 0
1 3 5 7 0
1 3 6 7 0
1 4 5 6 7 0
1 4 5 6 0
1 4 5 7 0
1 4 6 7 0
1 5 6 7 0
2 3 4 5 6 0
2 3 4 5 7 0
2 3 4 5 0
2 3 4 6 7 0
2 3 4 6 0
2 3 4 7 0
2 3 5 6 7 0
2 3 5 6 0
2 3 5 7 0
2 3 6 7 0
2 4 5 6 7 0
2 4 5 6 0
2 4 5 7 0
2 4 6 7 0
2 5 6 7 0
3 4 5 6 7 0
3 4 5 6 0
3 4 5 7 0
3 4 6 7 0
3 5 6 7 0
4 5 6 7 0
8 9 10 0
8 9 11 0
8 9 12 0
8 9 13 0
8 10 11 0
8 10 12 0
8 10 13 0
8 11 12 0
8 11 13 0
8 12 13 0
9 10 11 0
9 10 12 0
9 10 13 0
9 11 12 0
9 11 13 0
9 12 13 0
10 11 12 0
10 11 13 0
10 12 13 0
11 12 13 0
8 9 10 11 0
8 9 10 12 0
8 9 10 13 0
8 9 11 12 0
8 9 11 13 0
8 9 12 13 0
8 10 11 12 0
8 10 11 13 0
8 10 12 13 0
8 11 12 13 0
9 10 11 12 0
9 10 11 13 0
9 10 12 13 0
9 11 12 13 0
10 11 12 13 0
8 9 10 11 0
8 9 10 12 0
8 9 10 13 0
8 9 11 12 0
8 9 11 13 0
8 9 12 13 0
8 10 11 12 0
8 10 11 13 0
8 10 12 13 0
8 11 12 13 0
9 10 11 12 0
9 10 11 13 0
9 10 12 13 0
9 11 12 13 0
10 11 12 13 0
8 9 10 11 12 0
8 9 10 11 13 0
8 9 10 12 13 0
8 9 11 12 13 0
8 10 11 12 13 0
9 10 11 12 13 0
14 15 16 17 0
14 15 16 18 0
14 15 17 18 0
14 16 17 18 0
15 16 17 18 0
19 20 21 22 0
19 20 21 23 0
19 20 21 0
19 20 22 23 0
19 20 22 0
19 20 23 0
19 21 22 23 0
19 21 22 0
19 21 23 0
19 22 23 0
20 21 22 23 0
20 21 22 0
20 21 23 0
20 22 23 0
21 22 23 0
24 25 26 27 28 0
24 25 26 27 29 0
24 25 26 28 29 0
24 25 27 28 29 0
24 26 27 28 29 0
25 26 27 28 29 0
30 31 32 33 0
30 31 32 0
30 31 32 34 0
30 31 32 35 0
30 31 32 33 0
30 31 32 33 34 0
30 31 32 33 35 0
30 31 32 34 0
30 31 32 35 0
30 31 32 34 35 0
30 31 33 0
30 31 33 34 0
30 31 33 35 0
30 31 34 0
30 31 35 0
30 31 34 35 0
30 31 33 34 0
30 31 33 35 0
30 31 33 34 35 0
30 31 34 35 0
30 32 33 0
30 32 33 34 0
30 32 33 35 0
30 32 34 0
30 32 35 0
30 32 34 35 0
30 32 33 34 0
30 32 33 35 0
30 32 33 34 35 0
30 32 34 35 0
30 33 34 0
30 33 35 0
30 33 34 35 0
30 34 35 0
30 33 34 35 0
31 32 33 0
31 32 33 34 0
31 32 33 35 0
31 32 34 0
31 32 35 0
31 32 34 35 0
31 32 33 34 0
31 32 33 35 0
31 32 33 34 35 0
31 32 34 35 0
31 33 34 0
31 33 35 0
31 33 34 35 0
31 34 35 0
31 33 34 35 0
32 33 34 0
32 33 35 0
32 33 34 35 0
32 34 35 0
32 33 34 35 0
33 34 35 0
-1 -19 -24 0
-1 -19 -30 0
-1 -24 -30 0
-19 -24 -30 0
-2 -14 -20 -25 0
-2 -14 -20 -31 0
-2 -14 -25 -31 0
-2 -20 -25 -31 0
-14 -20 -25 -31 0
-3 -8 -15 -21 0
-3 -8 -15 -26 0
-3 -8 -15 -32 0
-3 -8 -21 -26 0
-3 -8 -21 -32 0
-3 -8 -26 -32 0
-3 -15 -21 -26 0
-3 -15 -21 -32 0
-3 -15 -26 -32 0
-3 -21 -26 -32 0
-8 -15 -21 -26 0
-8 -15 -21 -32 0
-8 -15 -26 -32 0
-8 -21 -26 -32 0
-15 -21 -26 -32 0
-4 -9 -22 0
-4 -9 0
-4 -9 -22 0
-4 -22 0
-9 -22 0
-5 -10 0
-5 -10 -27 0
-5 -10 -33 0
-5 -10 -27 0
-5 -10 -33 0
-5 -10 -27 -33 0
-5 -27 0
-5 -33 0
-5 -27 -33 0
-5 -27 -33 0
-10 -27 0
-10 -33 0
-10 -27 -33 0
-10 -27 -33 0
-27 -33 0
-6 -11 -16 0
-6 -11 -28 0
-6 -16 -28 0
-11 -16 -28 0
-7 -12 -17 -23 0
-7 -12 -17 0
-7 -12 -17 -34 0
-7 -12 -23 0
-7 -12 -23 -34 0
-7 -12 -34 0
-7 -17 -23 0
-7 -17 -23 -34 0
-7 -17 -34 0
-7 -23 -34 0
-12 -17 -23 0
-12 -17 -23 -34 0
-12 -17 -34 0
-12 -23 -34 0
-17 -23 -34 0
-13 -18 -29 -35 0
