p cnf 81 649
10 18 26 35 44 53 68 74 0
1 19 27 45 0
2 11 37 46 55 76 0
3 12 56 77 0
4 21 48 57 64 78 0
5 14 22 39 65 79 0
6 23 31 40 66 72 0
41 50 59 80 0
8 16 51 60 81 0
-1 -11 2 0
-1 -12 3 0
-1 -13 4 0
-1 -14 5 0
-1 -15 7 0
-1 -16 8 0
-1 -17 9 0
-2 -19 1 0
-2 -20 3 0
-2 -21 4 0
-2 -22 5 0
-2 -23 6 0
-2 -24 8 0
-2 -25 9 0
-3 -27 1 0
-3 -28 2 0
-3 -29 4 0
-3 -30 5 0
-3 -31 6 0
-3 -32 7 0
-3 -33 8 0
-3 -34 9 0
-4 -36 1 0
-4 -37 2 0
-4 -38 3 0
-4 -39 5 0
-4 -40 6 0
-4 -41 7 0
-4 -42 8 0
-4 -43 9 0
-5 -45 1 0
-5 -46 2 0
-5 -47 3 0
-5 -48 4 0
-5 -49 6 0
-5 -50 7 0
-5 -51 8 0
-5 -52 9 0
-6 -54 1 0
-6 -55 2 0
-6 -56 3 0
-6 -57 4 0
-6 -58 5 0
-6 -59 7 0
-6 -60 8 0
-6 9 0
-7 -62 1 0
-7 2 0
-7 -63 3 0
-7 -64 4 0
-7 -65 5 0
-7 -66 6 0
-7 8 0
-7 -67 9 0
-8 -69 2 0
-8 -70 3 0
-8 -71 4 0
-8 -72 6 0
-8 -73 9 0
-9 -75 1 0
-9 -76 2 0
-9 -77 3 0
-9 -78 4 0
-9 -79 5 0
-9 -80 7 0
-9 -81 8 0
-10 -2 11 0
-10 -3 12 0
-10 -4 13 0
-10 -5 14 0
-10 -6 0
-10 -7 15 0
-10 -8 16 0
-10 -9 17 0
-11 -18 10 0
-11 -20 12 0
-11 -21 13 0
-11 -22 14 0
-11 -23 0
-11 -24 16 0
-11 -25 17 0
-12 -26 10 0
-12 -28 11 0
-12 -29 13 0
-12 -30 14 0
-12 -31 0
-12 -32 15 0
-12 -33 16 0
-12 -34 17 0
-13 -35 10 0
-13 -37 11 0
-13 -38 12 0
-13 -39 14 0
-13 -40 0
-13 -41 15 0
-13 -42 16 0
-13 -43 17 0
-14 -44 10 0
-14 -46 11 0
-14 -47 12 0
-14 -48 13 0
-14 -49 0
-14 -50 15 0
-14 -51 16 0
-14 -52 17 0
-15 -61 10 0
-15 11 0
-15 -63 12 0
-15 -64 13 0
-15 -65 14 0
-15 -66 0
-15 16 0
-15 -67 17 0
-16 -68 10 0
-16 -69 11 0
-16 -70 12 0
-16 -71 13 0
-16 -72 0
-16 -73 17 0
-17 -74 10 0
-17 -76 11 0
-17 -77 12 0
-17 -78 13 0
-17 -79 14 0
-17 -80 15 0
-17 -81 16 0
-18 -1 19 0
-18 -3 20 0
-18 -4 21 0
-18 -5 22 0
-18 -6 23 0
-18 -7 0
-18 -8 24 0
-18 -9 25 0
-19 -10 18 0
-19 -12 20 0
-19 -13 21 0
-19 -14 22 0
-19 -15 0
-19 -16 24 0
-19 -17 25 0
-20 -26 18 0
-20 -27 19 0
-20 -29 21 0
-20 -30 22 0
-20 -31 23 0
-20 -32 0
-20 -33 24 0
-20 -34 25 0
-21 -35 18 0
-21 -36 19 0
-21 -38 20 0
-21 -39 22 0
-21 -40 23 0
-21 -41 0
-21 -42 24 0
-21 -43 25 0
-22 -44 18 0
-22 -45 19 0
-22 -47 20 0
-22 -48 21 0
-22 -49 23 0
-22 -50 0
-22 -51 24 0
-22 -52 25 0
-23 -53 18 0
-23 -54 19 0
-23 -56 20 0
-23 -57 21 0
-23 -58 22 0
-23 -59 0
-23 -60 24 0
-23 25 0
-24 -68 18 0
-24 -70 20 0
-24 -71 21 0
-24 -72 23 0
-24 -73 25 0
-25 -74 18 0
-25 -75 19 0
-25 -77 20 0
-25 -78 21 0
-25 -79 22 0
-25 -80 0
-25 -81 24 0
-26 -1 27 0
-26 -2 28 0
-26 -4 29 0
-26 -5 30 0
-26 -6 31 0
-26 -7 32 0
-26 -8 33 0
-26 -9 34 0
-27 -10 26 0
-27 -11 28 0
-27 -13 29 0
-27 -14 30 0
-27 -15 32 0
-27 -16 33 0
-27 -17 34 0
-28 -18 26 0
-28 -19 27 0
-28 -21 29 0
-28 -22 30 0
-28 -23 31 0
-28 -24 33 0
-28 -25 34 0
-29 -35 26 0
-29 -36 27 0
-29 -37 28 0
-29 -39 30 0
-29 -40 31 0
-29 -41 32 0
-29 -42 33 0
-29 -43 34 0
-30 -44 26 0
-30 -45 27 0
-30 -46 28 0
-30 -48 29 0
-30 -49 31 0
-30 -50 32 0
-30 -51 33 0
-30 -52 34 0
-31 -53 26 0
-31 -54 27 0
-31 -55 28 0
-31 -57 29 0
-31 -58 30 0
-31 -59 32 0
-31 -60 33 0
-31 34 0
-32 -61 26 0
-32 -62 27 0
-32 28 0
-32 -64 29 0
-32 -65 30 0
-32 -66 31 0
-32 33 0
-32 -67 34 0
-33 -68 26 0
-33 -69 28 0
-33 -71 29 0
-33 -72 31 0
-33 -73 34 0
-34 -74 26 0
-34 -75 27 0
-34 -76 28 0
-34 -78 29 0
-34 -79 30 0
-34 -80 32 0
-34 -81 33 0
-35 -1 36 0
-35 -2 37 0
-35 -3 38 0
-35 -5 39 0
-35 -6 40 0
-35 -7 41 0
-35 -8 42 0
-35 -9 43 0
-36 -10 35 0
-36 -11 37 0
-36 -12 38 0
-36 -14 39 0
-36 -15 41 0
-36 -16 42 0
-36 -17 43 0
-37 -18 35 0
-37 -19 36 0
-37 -20 38 0
-37 -22 39 0
-37 -23 40 0
-37 -24 42 0
-37 -25 43 0
-38 -26 35 0
-38 -27 36 0
-38 -28 37 0
-38 -30 39 0
-38 -31 40 0
-38 -32 41 0
-38 -33 42 0
-38 -34 43 0
-39 -44 35 0
-39 -45 36 0
-39 -46 37 0
-39 -47 38 0
-39 -49 40 0
-39 -50 41 0
-39 -51 42 0
-39 -52 43 0
-40 -53 35 0
-40 -54 36 0
-40 -55 37 0
-40 -56 38 0
-40 -58 39 0
-40 -59 41 0
-40 -60 42 0
-40 43 0
-41 -61 35 0
-41 -62 36 0
-41 37 0
-41 -63 38 0
-41 -65 39 0
-41 -66 40 0
-41 42 0
-41 -67 43 0
-42 -68 35 0
-42 -69 37 0
-42 -70 38 0
-42 -72 40 0
-42 -73 43 0
-43 -74 35 0
-43 -75 36 0
-43 -76 37 0
-43 -77 38 0
-43 -79 39 0
-43 -80 41 0
-43 -81 42 0
-44 -1 45 0
-44 -2 46 0
-44 -3 47 0
-44 -4 48 0
-44 -6 49 0
-44 -7 50 0
-44 -8 51 0
-44 -9 52 0
-45 -10 44 0
-45 -11 46 0
-45 -12 47 0
-45 -13 48 0
-45 -15 50 0
-45 -16 51 0
-45 -17 52 0
-46 -18 44 0
-46 -19 45 0
-46 -20 47 0
-46 -21 48 0
-46 -23 49 0
-46 -24 51 0
-46 -25 52 0
-47 -26 44 0
-47 -27 45 0
-47 -28 46 0
-47 -29 48 0
-47 -31 49 0
-47 -32 50 0
-47 -33 51 0
-47 -34 52 0
-48 -35 44 0
-48 -36 45 0
-48 -37 46 0
-48 -38 47 0
-48 -40 49 0
-48 -41 50 0
-48 -42 51 0
-48 -43 52 0
-49 -53 44 0
-49 -54 45 0
-49 -55 46 0
-49 -56 47 0
-49 -57 48 0
-49 -59 50 0
-49 -60 51 0
-49 52 0
-50 -61 44 0
-50 -62 45 0
-50 46 0
-50 -63 47 0
-50 -64 48 0
-50 -66 49 0
-50 51 0
-50 -67 52 0
-51 -68 44 0
-51 -69 46 0
-51 -70 47 0
-51 -71 48 0
-51 -72 49 0
-51 -73 52 0
-52 -74 44 0
-52 -75 45 0
-52 -76 46 0
-52 -77 47 0
-52 -78 48 0
-52 -80 50 0
-52 -81 51 0
-53 -1 54 0
-53 -2 55 0
-53 -3 56 0
-53 -4 57 0
-53 -5 58 0
-53 -7 59 0
-53 -8 60 0
-54 -10 53 0
-54 -11 55 0
-54 -12 56 0
-54 -13 57 0
-54 -14 58 0
-54 -15 59 0
-54 -16 60 0
-55 -18 53 0
-55 -19 54 0
-55 -20 56 0
-55 -21 57 0
-55 -22 58 0
-55 -24 60 0
-56 -26 53 0
-56 -27 54 0
-56 -28 55 0
-56 -29 57 0
-56 -30 58 0
-56 -32 59 0
-56 -33 60 0
-57 -35 53 0
-57 -36 54 0
-57 -37 55 0
-57 -38 56 0
-57 -39 58 0
-57 -41 59 0
-57 -42 60 0
-58 -44 53 0
-58 -45 54 0
-58 -46 55 0
-58 -47 56 0
-58 -48 57 0
-58 -50 59 0
-58 -51 60 0
-59 -61 53 0
-59 -62 54 0
-59 55 0
-59 -63 56 0
-59 -64 57 0
-59 -65 58 0
-59 60 0
-60 -68 53 0
-60 -69 55 0
-60 -70 56 0
-60 -71 57 0
-74 53 0
-75 54 0
-76 55 0
-77 56 0
-78 57 0
-79 58 0
-80 59 0
-81 60 0
-61 -1 62 0
-61 -3 63 0
-61 -4 64 0
-61 -5 65 0
-61 -6 66 0
-61 -9 67 0
-62 -10 61 0
-62 -12 63 0
-62 -13 64 0
-62 -14 65 0
-62 -17 67 0
-18 61 0
-19 62 0
-20 63 0
-21 64 0
-22 65 0
-23 66 0
-25 67 0
-63 -26 61 0
-63 -27 62 0
-63 -29 64 0
-63 -30 65 0
-63 -31 66 0
-63 -34 67 0
-64 -35 61 0
-64 -36 62 0
-64 -38 63 0
-64 -39 65 0
-64 -40 66 0
-64 -43 67 0
-65 -44 61 0
-65 -45 62 0
-65 -47 63 0
-65 -48 64 0
-65 -49 66 0
-65 -52 67 0
-66 -53 61 0
-66 -54 62 0
-66 -56 63 0
-66 -57 64 0
-66 -58 65 0
-66 67 0
-68 61 0
-70 63 0
-71 64 0
-72 66 0
-73 67 0
-67 -74 61 0
-67 -75 62 0
-67 -77 63 0
-67 -78 64 0
-67 -79 65 0
-68 -1 0
-68 -2 69 0
-68 -3 70 0
-68 -4 71 0
-68 -5 0
-68 -6 72 0
-68 -7 0
-68 -9 73 0
-69 -18 68 0
-69 -19 0
-69 -20 70 0
-69 -21 71 0
-69 -22 0
-69 -23 72 0
-69 -25 73 0
-70 -26 68 0
-70 -27 0
-70 -28 69 0
-70 -29 71 0
-70 -30 0
-70 -31 72 0
-70 -32 0
-70 -34 73 0
-71 -35 68 0
-71 -36 0
-71 -37 69 0
-71 -38 70 0
-71 -39 0
-71 -40 72 0
-71 -41 0
-71 -43 73 0
-72 -53 68 0
-72 -54 0
-72 -55 69 0
-72 -56 70 0
-72 -57 71 0
-72 -58 0
-72 -59 0
-72 73 0
-73 -74 68 0
-73 -75 0
-73 -76 69 0
-73 -77 70 0
-73 -78 71 0
-73 -79 0
-73 -80 0
-74 -1 75 0
-74 -2 76 0
-74 -3 77 0
-74 -4 78 0
-74 -5 79 0
-74 -6 0
-74 -7 80 0
-74 -8 81 0
-75 -10 74 0
-75 -11 76 0
-75 -12 77 0
-75 -13 78 0
-75 -14 79 0
-75 -15 80 0
-75 -16 81 0
-76 -18 74 0
-76 -19 75 0
-76 -20 77 0
-76 -21 78 0
-76 -22 79 0
-76 -23 0
-76 -24 81 0
-77 -26 74 0
-77 -27 75 0
-77 -28 76 0
-77 -29 78 0
-77 -30 79 0
-77 -31 0
-77 -32 80 0
-77 -33 81 0
-78 -35 74 0
-78 -36 75 0
-78 -37 76 0
-78 -38 77 0
-78 -39 79 0
-78 -40 0
-78 -41 80 0
-78 -42 81 0
-79 -44 74 0
-79 -45 75 0
-79 -46 76 0
-79 -47 77 0
-79 -48 78 0
-79 -49 0
-79 -50 80 0
-79 -51 81 0
-80 -61 74 0
-80 -62 75 0
-80 76 0
-80 -63 77 0
-80 -64 78 0
-80 -65 79 0
-80 -66 0
-80 81 0
-81 -68 74 0
-81 -69 76 0
-81 -70 77 0
-81 -71 78 0
-81 -72 0
-1 -10 0
-2 -18 0
-3 -26 0
-4 -35 0
-5 -44 0
-6 -53 0
-7 -61 0
-8 -68 0
-9 -74 0
-11 -19 0
-12 -27 0
-13 -36 0
-14 -45 0
-15 -62 0
-17 -75 0
-20 -28 0
-21 -37 0
-22 -46 0
-23 -55 0
-24 -69 0
-25 -76 0
-29 -38 0
-30 -47 0
-31 -56 0
-32 -63 0
-33 -70 0
-34 -77 0
-39 -48 0
-40 -57 0
-41 -64 0
-42 -71 0
-43 -78 0
-49 -58 0
-50 -65 0
-52 -79 0
-59 -66 0
-60 -72 0
-67 -80 0
-73 -81 0
