p cnf 76 582
8 16 28 37 45 53 0
2 30 39 47 54 63 0
3 18 24 49 73 0
6 43 51 75 0
21 52 0
15 27 36 60 0
-1 -9 2 0
-1 -11 3 0
-1 -12 4 0
-1 -13 5 0
-1 -14 0
-1 -15 7 0
-2 -17 1 0
-2 -18 3 0
-2 -19 4 0
-2 -20 5 0
-2 -21 0
-2 -22 7 0
-23 1 0
-24 3 0
-25 4 0
-26 5 0
-27 7 0
-3 -29 1 0
-3 -30 2 0
-3 -32 4 0
-3 -33 5 0
-3 -34 6 0
-3 -35 0
-3 -36 7 0
-4 -38 1 0
-4 -39 2 0
-4 -41 3 0
-4 -42 5 0
-4 -43 6 0
-4 -44 7 0
-5 -46 1 0
-5 -47 2 0
-5 -49 3 0
-5 -50 4 0
-5 -51 6 0
-5 -52 0
-6 1 0
-6 -54 2 0
-6 -56 3 0
-6 -57 4 0
-6 -58 5 0
-6 -59 0
-6 -60 7 0
-7 -70 1 0
-7 -71 2 0
-7 -73 3 0
-7 -74 4 0
-7 5 0
-7 -75 6 0
-7 -76 0
-8 -2 9 0
-8 10 0
-8 -3 11 0
-8 -4 12 0
-8 -5 13 0
-8 -6 0
-8 -7 15 0
-9 -16 8 0
-9 10 0
-9 -18 11 0
-9 -19 12 0
-9 -20 13 0
-9 -21 14 0
-9 -22 15 0
-10 -24 11 0
-10 -25 12 0
-10 -26 13 0
-10 -27 15 0
-11 -28 8 0
-11 -30 9 0
-11 -31 10 0
-11 -32 12 0
-11 -33 13 0
-11 -34 0
-11 -35 14 0
-11 -36 15 0
-12 -37 8 0
-12 -39 9 0
-12 -40 10 0
-12 -41 11 0
-12 -42 13 0
-12 -43 0
-12 -44 15 0
-13 -45 8 0
-13 -47 9 0
-13 -48 10 0
-13 -49 11 0
-13 -50 12 0
-13 -51 0
-13 -52 14 0
-14 -61 8 0
-14 -63 9 0
-14 -64 10 0
-14 -65 11 0
-14 12 0
-14 -66 13 0
-14 -67 0
-14 -68 15 0
-15 -69 8 0
-15 -71 9 0
-15 -72 10 0
-15 -73 11 0
-15 -74 12 0
-15 13 0
-15 -75 0
-15 -76 14 0
-16 -1 17 0
-16 -3 18 0
-16 -4 19 0
-16 -5 20 0
-16 -6 0
-16 -7 22 0
-17 -8 16 0
-17 -11 18 0
-17 -12 19 0
-17 -13 20 0
-17 -14 21 0
-17 -15 22 0
-23 17 0
-24 18 0
-25 19 0
-26 20 0
-27 22 0
-18 -28 16 0
-18 -29 17 0
-18 -32 19 0
-18 -33 20 0
-18 -34 0
-18 -35 21 0
-18 -36 22 0
-19 -37 16 0
-19 -38 17 0
-19 -41 18 0
-19 -42 20 0
-19 -43 0
-19 -44 22 0
-20 -45 16 0
-20 -46 17 0
-20 -49 18 0
-20 -50 19 0
-20 -51 0
-20 -52 21 0
-21 -61 16 0
-21 -62 17 0
-21 -65 18 0
-21 19 0
-21 -66 20 0
-21 -67 0
-21 -68 22 0
-22 -69 16 0
-22 -70 17 0
-22 -73 18 0
-22 -74 19 0
-22 20 0
-22 -75 0
-22 -76 21 0
-23 -8 0
-23 -9 0
-23 -11 24 0
-23 -12 25 0
-23 -13 26 0
-23 -14 0
-23 -15 27 0
-24 -28 0
-24 -29 23 0
-24 -30 0
-24 -32 25 0
-24 -33 26 0
-24 -34 0
-24 -35 0
-24 -36 27 0
-25 -37 0
-25 -38 23 0
-25 -39 0
-25 -41 24 0
-25 -42 26 0
-25 -43 0
-25 -44 27 0
-26 -45 0
-26 -46 23 0
-26 -47 0
-26 -49 24 0
-26 -50 25 0
-26 -51 0
-26 -52 0
-27 -69 0
-27 -70 23 0
-27 -71 0
-27 -73 24 0
-27 -74 25 0
-27 26 0
-27 -75 0
-27 -76 0
-28 -1 29 0
-28 -2 30 0
-28 31 0
-28 -4 32 0
-28 -5 33 0
-28 -6 34 0
-28 -7 36 0
-29 -8 28 0
-29 -9 30 0
-29 -10 31 0
-29 -12 32 0
-29 -13 33 0
-29 -14 35 0
-29 -15 36 0
-30 -16 28 0
-30 -17 29 0
-30 31 0
-30 -19 32 0
-30 -20 33 0
-30 -21 35 0
-30 -22 36 0
-31 -23 29 0
-31 -25 32 0
-31 -26 33 0
-31 -27 36 0
-32 -37 28 0
-32 -38 29 0
-32 -39 30 0
-32 -40 31 0
-32 -42 33 0
-32 -43 34 0
-32 -44 36 0
-33 -45 28 0
-33 -46 29 0
-33 -47 30 0
-33 -48 31 0
-33 -50 32 0
-33 -51 34 0
-33 -52 35 0
-34 -53 28 0
-34 29 0
-34 -54 30 0
-34 -55 31 0
-34 -57 32 0
-34 -58 33 0
-34 -59 35 0
-34 -60 36 0
-35 -61 28 0
-35 -62 29 0
-35 -63 30 0
-35 -64 31 0
-35 32 0
-35 -66 33 0
-35 -67 34 0
-35 -68 36 0
-36 -69 28 0
-36 -70 29 0
-36 -71 30 0
-36 -72 31 0
-36 -74 32 0
-36 33 0
-36 -75 34 0
-36 -76 35 0
-37 -1 38 0
-37 -2 39 0
-37 40 0
-37 -3 41 0
-37 -5 42 0
-37 -6 43 0
-37 -7 44 0
-38 -8 37 0
-38 -9 39 0
-38 -10 40 0
-38 -11 41 0
-38 -13 42 0
-38 -14 0
-38 -15 44 0
-39 -16 37 0
-39 -17 38 0
-39 40 0
-39 -18 41 0
-39 -20 42 0
-39 -21 0
-39 -22 44 0
-40 -23 38 0
-40 -24 41 0
-40 -26 42 0
-40 -27 44 0
-41 -28 37 0
-41 -29 38 0
-41 -30 39 0
-41 -31 40 0
-41 -33 42 0
-41 -34 43 0
-41 -35 0
-41 -36 44 0
-42 -45 37 0
-42 -46 38 0
-42 -47 39 0
-42 -48 40 0
-42 -49 41 0
-42 -51 43 0
-42 -52 0
-43 -53 37 0
-43 38 0
-43 -54 39 0
-43 -55 40 0
-43 -56 41 0
-43 -58 42 0
-43 -59 0
-43 -60 44 0
-44 -69 37 0
-44 -70 38 0
-44 -71 39 0
-44 -72 40 0
-44 -73 41 0
-44 42 0
-44 -75 43 0
-44 -76 0
-45 -1 46 0
-45 -2 47 0
-45 48 0
-45 -3 49 0
-45 -4 50 0
-45 -6 51 0
-45 -7 0
-46 -8 45 0
-46 -9 47 0
-46 -10 48 0
-46 -11 49 0
-46 -12 50 0
-46 -14 52 0
-46 -15 0
-47 -16 45 0
-47 -17 46 0
-47 48 0
-47 -18 49 0
-47 -19 50 0
-47 -21 52 0
-47 -22 0
-48 -23 46 0
-48 -24 49 0
-48 -25 50 0
-48 -27 0
-49 -28 45 0
-49 -29 46 0
-49 -30 47 0
-49 -31 48 0
-49 -32 50 0
-49 -34 51 0
-49 -35 52 0
-49 -36 0
-50 -37 45 0
-50 -38 46 0
-50 -39 47 0
-50 -40 48 0
-50 -41 49 0
-50 -43 51 0
-50 -44 0
-51 -53 45 0
-51 46 0
-51 -54 47 0
-51 -55 48 0
-51 -56 49 0
-51 -57 50 0
-51 -59 52 0
-51 -60 0
-52 -61 45 0
-52 -62 46 0
-52 -63 47 0
-52 -64 48 0
-52 -65 49 0
-52 50 0
-52 -67 51 0
-52 -68 0
-53 -2 54 0
-53 55 0
-53 -3 56 0
-53 -4 57 0
-53 -5 58 0
-53 -7 60 0
-8 53 0
-9 54 0
-10 55 0
-11 56 0
-12 57 0
-13 58 0
-14 59 0
-15 60 0
-54 -16 53 0
-54 55 0
-54 -18 56 0
-54 -19 57 0
-54 -20 58 0
-54 -21 59 0
-54 -22 60 0
-55 -24 56 0
-55 -25 57 0
-55 -26 58 0
-55 -27 60 0
-56 -28 53 0
-56 -30 54 0
-56 -31 55 0
-56 -32 57 0
-56 -33 58 0
-56 -35 59 0
-56 -36 60 0
-57 -37 53 0
-57 -39 54 0
-57 -40 55 0
-57 -41 56 0
-57 -42 58 0
-57 -44 60 0
-58 -45 53 0
-58 -47 54 0
-58 -48 55 0
-58 -49 56 0
-58 -50 57 0
-58 -52 59 0
-59 -61 53 0
-59 -63 54 0
-59 -64 55 0
-59 -65 56 0
-59 57 0
-59 -66 58 0
-59 -68 60 0
-60 -69 53 0
-60 -71 54 0
-60 -72 55 0
-60 -73 56 0
-60 -74 57 0
-60 58 0
-60 -76 59 0
-61 -1 62 0
-61 -2 63 0
-61 64 0
-61 -3 65 0
-61 -5 66 0
-61 -6 67 0
-61 -7 68 0
-62 -8 61 0
-62 -9 63 0
-62 -10 64 0
-62 -11 65 0
-62 -13 66 0
-62 -15 68 0
-63 -16 61 0
-63 -17 62 0
-63 64 0
-63 -18 65 0
-63 -20 66 0
-63 -22 68 0
-64 -23 62 0
-64 -24 65 0
-64 -26 66 0
-64 -27 68 0
-65 -28 61 0
-65 -29 62 0
-65 -30 63 0
-65 -31 64 0
-65 -33 66 0
-65 -34 67 0
-65 -36 68 0
-37 61 0
-38 62 0
-39 63 0
-40 64 0
-41 65 0
-42 66 0
-43 67 0
-44 68 0
-66 -45 61 0
-66 -46 62 0
-66 -47 63 0
-66 -48 64 0
-66 -49 65 0
-66 -51 67 0
-67 -53 61 0
-67 62 0
-67 -54 63 0
-67 -55 64 0
-67 -56 65 0
-67 -58 66 0
-67 -60 68 0
-68 -69 61 0
-68 -70 62 0
-68 -71 63 0
-68 -72 64 0
-68 -73 65 0
-68 66 0
-68 -75 67 0
-69 -1 70 0
-69 -2 71 0
-69 72 0
-69 -3 73 0
-69 -4 74 0
-69 -6 75 0
-70 -8 69 0
-70 -9 71 0
-70 -10 72 0
-70 -11 73 0
-70 -12 74 0
-70 -14 76 0
-71 -16 69 0
-71 -17 70 0
-71 72 0
-71 -18 73 0
-71 -19 74 0
-71 -21 76 0
-72 -23 70 0
-72 -24 73 0
-72 -25 74 0
-73 -28 69 0
-73 -29 70 0
-73 -30 71 0
-73 -31 72 0
-73 -32 74 0
-73 -34 75 0
-73 -35 76 0
-74 -37 69 0
-74 -38 70 0
-74 -39 71 0
-74 -40 72 0
-74 -41 73 0
-74 -43 75 0
-45 69 0
-46 70 0
-47 71 0
-48 72 0
-49 73 0
-50 74 0
-51 75 0
-52 76 0
-75 -53 69 0
-75 70 0
-75 -54 71 0
-75 -55 72 0
-75 -56 73 0
-75 -57 74 0
-75 -59 76 0
-76 -61 69 0
-76 -62 70 0
-76 -63 71 0
-76 -64 72 0
-76 -65 73 0
-76 74 0
-76 -67 75 0
-1 -8 0
-2 -16 0
-3 -28 0
-4 -37 0
-5 -45 0
-6 -53 0
-7 -69 0
-9 -17 0
-10 -23 0
-11 -29 0
-12 -38 0
-13 -46 0
-14 -62 0
-15 -70 0
-18 -30 0
-19 -39 0
-20 -47 0
-21 -63 0
-22 -71 0
-24 -31 0
-25 -40 0
-26 -48 0
-27 -72 0
-32 -41 0
-33 -49 0
-34 -56 0
-35 -65 0
-36 -73 0
-42 -50 0
-43 -57 0
-44 -74 0
-51 -58 0
-52 -66 0
-59 -67 0
-60 -75 0
-68 -76 0
