p cnf 73 329
1 2 3 0
4 5 0
6 7 8 9 0
10 11 12 13 0
14 15 16 17 18 0
19 20 21 0
22 23 0
24 25 26 27 0
28 29 30 0
35 36 37 0
38 39 40 0
41 42 0
43 44 45 46 47 48 49 0
50 51 52 53 54 0
61 62 63 64 65 0
66 67 68 0
69 70 71 0
72 73 0
-6 -14 0
-6 -28 0
-6 -31 0
-6 -43 0
-6 -50 0
-6 -55 0
-6 -61 0
-6 -69 0
-6 -72 0
-14 -28 0
-14 -31 0
-14 -43 0
-14 -50 0
-14 -55 0
-14 -61 0
-14 -69 0
-14 -72 0
-28 -31 0
-28 -43 0
-28 -50 0
-28 -55 0
-28 -61 0
-28 -69 0
-28 -72 0
-31 -43 0
-31 -50 0
-31 -55 0
-31 -61 0
-31 -69 0
-31 -72 0
-43 -50 0
-43 -55 0
-43 -61 0
-43 -69 0
-43 -72 0
-50 -55 0
-50 -61 0
-50 -69 0
-50 -72 0
-55 -61 0
-55 -69 0
-55 -72 0
-61 -69 0
-61 -72 0
-69 -72 0
-4 -7 0
-4 -10 0
-4 -15 0
-4 -29 0
-4 -35 0
-4 -41 0
-4 -44 0
-4 -51 0
-7 -10 0
-7 -15 0
-7 -29 0
-7 -35 0
-7 -41 0
-7 -44 0
-7 -51 0
-10 -15 0
-10 -29 0
-10 -35 0
-10 -41 0
-10 -44 0
-10 -51 0
-15 -29 0
-15 -35 0
-15 -41 0
-15 -44 0
-15 -51 0
-29 -35 0
-29 -41 0
-29 -44 0
-29 -51 0
-35 -41 0
-35 -44 0
-35 -51 0
-41 -44 0
-41 -51 0
-44 -51 0
-1 -8 0
-1 -11 0
-1 -24 0
-1 -42 0
-1 -66 0
-1 -70 0
-8 -11 0
-8 -24 0
-8 -42 0
-8 -66 0
-8 -70 0
-11 -24 0
-11 -42 0
-11 -66 0
-11 -70 0
-24 -42 0
-24 -66 0
-24 -70 0
-42 -66 0
-42 -70 0
-66 -70 0
-16 -19 0
-16 -22 0
-16 -25 0
-16 -32 0
-16 -38 0
-16 -45 0
-16 -56 0
-16 -62 0
-16 -67 0
-16 -71 0
-16 -73 0
-19 -22 0
-19 -25 0
-19 -32 0
-19 -38 0
-19 -45 0
-19 -56 0
-19 -62 0
-19 -67 0
-19 -71 0
-19 -73 0
-22 -25 0
-22 -32 0
-22 -38 0
-22 -45 0
-22 -56 0
-22 -62 0
-22 -67 0
-22 -71 0
-22 -73 0
-25 -32 0
-25 -38 0
-25 -45 0
-25 -56 0
-25 -62 0
-25 -67 0
-25 -71 0
-25 -73 0
-32 -38 0
-32 -45 0
-32 -56 0
-32 -62 0
-32 -67 0
-32 -71 0
-32 -73 0
-38 -45 0
-38 -56 0
-38 -62 0
-38 -67 0
-38 -71 0
-38 -73 0
-45 -56 0
-45 -62 0
-45 -67 0
-45 -71 0
-45 -73 0
-56 -62 0
-56 -67 0
-56 -71 0
-56 -73 0
-62 -67 0
-62 -71 0
-62 -73 0
-67 -71 0
-67 -73 0
-71 -73 0
-2 -5 0
-2 -9 0
-2 -20 0
-2 -23 0
-2 -33 0
-2 -36 0
-2 -39 0
-2 -46 0
-2 -57 0
-2 -63 0
-2 -68 0
-5 -9 0
-5 -20 0
-5 -23 0
-5 -33 0
-5 -36 0
-5 -39 0
-5 -46 0
-5 -57 0
-5 -63 0
-5 -68 0
-9 -20 0
-9 -23 0
-9 -33 0
-9 -36 0
-9 -39 0
-9 -46 0
-9 -57 0
-9 -63 0
-9 -68 0
-20 -23 0
-20 -33 0
-20 -36 0
-20 -39 0
-20 -46 0
-20 -57 0
-20 -63 0
-20 -68 0
-23 -33 0
-23 -36 0
-23 -39 0
-23 -46 0
-23 -57 0
-23 -63 0
-23 -68 0
-33 -36 0
-33 -39 0
-33 -46 0
-33 -57 0
-33 -63 0
-33 -68 0
-36 -39 0
-36 -46 0
-36 -57 0
-36 -63 0
-36 -68 0
-39 -46 0
-39 -57 0
-39 -63 0
-39 -68 0
-46 -57 0
-46 -63 0
-46 -68 0
-57 -63 0
-57 -68 0
-63 -68 0
-12 -17 0
-12 -37 0
-12 -40 0
-12 -47 0
-12 -52 0
-12 -58 0
-12 -64 0
-17 -37 0
-17 -40 0
-17 -47 0
-17 -52 0
-17 -58 0
-17 -64 0
-37 -40 0
-37 -47 0
-37 -52 0
-37 -58 0
-37 -64 0
-40 -47 0
-40 -52 0
-40 -58 0
-40 -64 0
-47 -52 0
-47 -58 0
-47 -64 0
-52 -58 0
-52 -64 0
-58 -64 0
-18 -26 0
-18 -34 0
-18 -48 0
-18 -53 0
-18 -59 0
-18 -65 0
-26 -34 0
-26 -48 0
-26 -53 0
-26 -59 0
-26 -65 0
-34 -48 0
-34 -53 0
-34 -59 0
-34 -65 0
-48 -53 0
-48 -59 0
-48 -65 0
-53 -59 0
-53 -65 0
-59 -65 0
-3 -13 0
-3 -21 0
-3 -27 0
-3 -30 0
-3 -49 0
-3 -54 0
-3 -60 0
-13 -21 0
-13 -27 0
-13 -30 0
-13 -49 0
-13 -54 0
-13 -60 0
-21 -27 0
-21 -30 0
-21 -49 0
-21 -54 0
-21 -60 0
-27 -30 0
-27 -49 0
-27 -54 0
-27 -60 0
-30 -49 0
-30 -54 0
-30 -60 0
-49 -54 0
-49 -60 0
-54 -60 0
