p cnf 81 394
5 6 7 0
8 9 10 0
11 12 13 14 0
15 16 17 18 0
19 20 21 22 23 0
24 25 0
26 27 28 29 30 0
31 32 33 0
34 35 36 37 0
38 39 40 41 0
42 43 44 0
45 46 47 48 0
51 52 53 54 55 0
56 57 58 59 60 61 0
62 63 64 65 66 67 0
68 69 70 71 0
72 73 74 75 76 77 0
78 79 80 81 0
-19 -26 0
-19 -34 0
-19 -38 0
-19 -42 0
-19 -56 0
-19 -62 0
-19 -68 0
-19 -72 0
-19 -78 0
-26 -34 0
-26 -38 0
-26 -42 0
-26 -56 0
-26 -62 0
-26 -68 0
-26 -72 0
-26 -78 0
-34 -38 0
-34 -42 0
-34 -56 0
-34 -62 0
-34 -68 0
-34 -72 0
-34 -78 0
-38 -42 0
-38 -56 0
-38 -62 0
-38 -68 0
-38 -72 0
-38 -78 0
-42 -56 0
-42 -62 0
-42 -68 0
-42 -72 0
-42 -78 0
-56 -62 0
-56 -68 0
-56 -72 0
-56 -78 0
-62 -68 0
-62 -72 0
-62 -78 0
-68 -72 0
-68 -78 0
-72 -78 0
-11 -15 0
-11 -20 0
-11 -39 0
-11 -45 0
-11 -57 0
-11 -63 0
-11 -73 0
-15 -20 0
-15 -39 0
-15 -45 0
-15 -57 0
-15 -63 0
-15 -73 0
-20 -39 0
-20 -45 0
-20 -57 0
-20 -63 0
-20 -73 0
-39 -45 0
-39 -57 0
-39 -63 0
-39 -73 0
-45 -57 0
-45 -63 0
-45 -73 0
-57 -63 0
-57 -73 0
-63 -73 0
-1 -12 0
-1 -24 0
-1 -31 0
-1 -43 0
-1 -46 0
-1 -51 0
-1 -58 0
-1 -64 0
-12 -24 0
-12 -31 0
-12 -43 0
-12 -46 0
-12 -51 0
-12 -58 0
-12 -64 0
-24 -31 0
-24 -43 0
-24 -46 0
-24 -51 0
-24 -58 0
-24 -64 0
-31 -43 0
-31 -46 0
-31 -51 0
-31 -58 0
-31 -64 0
-43 -46 0
-43 -51 0
-43 -58 0
-43 -64 0
-46 -51 0
-46 -58 0
-46 -64 0
-51 -58 0
-51 -64 0
-58 -64 0
-5 -13 0
-5 -16 0
-5 -27 0
-5 -32 0
-5 -35 0
-5 -40 0
-5 -52 0
-5 -65 0
-5 -74 0
-5 -79 0
-13 -16 0
-13 -27 0
-13 -32 0
-13 -35 0
-13 -40 0
-13 -52 0
-13 -65 0
-13 -74 0
-13 -79 0
-16 -27 0
-16 -32 0
-16 -35 0
-16 -40 0
-16 -52 0
-16 -65 0
-16 -74 0
-16 -79 0
-27 -32 0
-27 -35 0
-27 -40 0
-27 -52 0
-27 -65 0
-27 -74 0
-27 -79 0
-32 -35 0
-32 -40 0
-32 -52 0
-32 -65 0
-32 -74 0
-32 -79 0
-35 -40 0
-35 -52 0
-35 -65 0
-35 -74 0
-35 -79 0
-40 -52 0
-40 -65 0
-40 -74 0
-40 -79 0
-52 -65 0
-52 -74 0
-52 -79 0
-65 -74 0
-65 -79 0
-74 -79 0
-2 -6 0
-2 -28 0
-2 -33 0
-2 -36 0
-2 -49 0
-2 -53 0
-2 -59 0
-2 -66 0
-2 -75 0
-2 -80 0
-6 -28 0
-6 -33 0
-6 -36 0
-6 -49 0
-6 -53 0
-6 -59 0
-6 -66 0
-6 -75 0
-6 -80 0
-28 -33 0
-28 -36 0
-28 -49 0
-28 -53 0
-28 -59 0
-28 -66 0
-28 -75 0
-28 -80 0
-33 -36 0
-33 -49 0
-33 -53 0
-33 -59 0
-33 -66 0
-33 -75 0
-33 -80 0
-36 -49 0
-36 -53 0
-36 -59 0
-36 -66 0
-36 -75 0
-36 -80 0
-49 -53 0
-49 -59 0
-49 -66 0
-49 -75 0
-49 -80 0
-53 -59 0
-53 -66 0
-53 -75 0
-53 -80 0
-59 -66 0
-59 -75 0
-59 -80 0
-66 -75 0
-66 -80 0
-75 -80 0
-3 -8 0
-3 -17 0
-3 -21 0
-3 -47 0
-3 -54 0
-3 -67 0
-3 -69 0
-3 -76 0
-8 -17 0
-8 -21 0
-8 -47 0
-8 -54 0
-8 -67 0
-8 -69 0
-8 -76 0
-17 -21 0
-17 -47 0
-17 -54 0
-17 -67 0
-17 -69 0
-17 -76 0
-21 -47 0
-21 -54 0
-21 -67 0
-21 -69 0
-21 -76 0
-47 -54 0
-47 -67 0
-47 -69 0
-47 -76 0
-54 -67 0
-54 -69 0
-54 -76 0
-67 -69 0
-67 -76 0
-69 -76 0
-7 -9 0
-7 -18 0
-7 -22 0
-7 -29 0
-7 -37 0
-7 -44 0
-7 -55 0
-7 -60 0
-7 -70 0
-7 -77 0
-9 -18 0
-9 -22 0
-9 -29 0
-9 -37 0
-9 -44 0
-9 -55 0
-9 -60 0
-9 -70 0
-9 -77 0
-18 -22 0
-18 -29 0
-18 -37 0
-18 -44 0
-18 -55 0
-18 -60 0
-18 -70 0
-18 -77 0
-22 -29 0
-22 -37 0
-22 -44 0
-22 -55 0
-22 -60 0
-22 -70 0
-22 -77 0
-29 -37 0
-29 -44 0
-29 -55 0
-29 -60 0
-29 -70 0
-29 -77 0
-37 -44 0
-37 -55 0
-37 -60 0
-37 -70 0
-37 -77 0
-44 -55 0
-44 -60 0
-44 -70 0
-44 -77 0
-55 -60 0
-55 -70 0
-55 -77 0
-60 -70 0
-60 -77 0
-70 -77 0
-4 -10 0
-4 -14 0
-4 -23 0
-4 -25 0
-4 -30 0
-4 -41 0
-4 -48 0
-4 -50 0
-4 -61 0
-4 -71 0
-4 -81 0
-10 -14 0
-10 -23 0
-10 -25 0
-10 -30 0
-10 -41 0
-10 -48 0
-10 -50 0
-10 -61 0
-10 -71 0
-10 -81 0
-14 -23 0
-14 -25 0
-14 -30 0
-14 -41 0
-14 -48 0
-14 -50 0
-14 -61 0
-14 -71 0
-14 -81 0
-23 -25 0
-23 -30 0
-23 -41 0
-23 -48 0
-23 -50 0
-23 -61 0
-23 -71 0
-23 -81 0
-25 -30 0
-25 -41 0
-25 -48 0
-25 -50 0
-25 -61 0
-25 -71 0
-25 -81 0
-30 -41 0
-30 -48 0
-30 -50 0
-30 -61 0
-30 -71 0
-30 -81 0
-41 -48 0
-41 -50 0
-41 -61 0
-41 -71 0
-41 -81 0
-48 -50 0
-48 -61 0
-48 -71 0
-48 -81 0
-50 -61 0
-50 -71 0
-50 -81 0
-61 -71 0
-61 -81 0
-71 -81 0
