p cnf 27 240
1 2 3 -4 0
1 2 -3 4 0
1 -2 3 4 0
1 -2 -3 -4 0
-1 2 3 4 0
-1 2 -3 -4 0
-1 -2 3 -4 0
-1 -2 -3 4 0
1 5 6 7 8 -9 0
1 5 6 7 -8 9 0
1 5 6 -7 8 9 0
1 5 6 -7 -8 -9 0
1 5 -6 7 8 9 0
1 5 -6 7 -8 -9 0
1 5 -6 -7 8 -9 0
1 5 -6 -7 -8 9 0
1 -5 6 7 8 9 0
1 -5 6 7 -8 -9 0
1 -5 6 -7 8 -9 0
1 -5 6 -7 -8 9 0
1 -5 -6 7 8 -9 0
1 -5 -6 7 -8 9 0
1 -5 -6 -7 8 9 0
1 -5 -6 -7 -8 -9 0
-1 5 6 7 8 9 0
-1 5 6 7 -8 -9 0
-1 5 6 -7 8 -9 0
-1 5 6 -7 -8 9 0
-1 5 -6 7 8 -9 0
-1 5 -6 7 -8 9 0
-1 5 -6 -7 8 9 0
-1 5 -6 -7 -8 -9 0
-1 -5 6 7 8 -9 0
-1 -5 6 7 -8 9 0
-1 -5 6 -7 8 9 0
-1 -5 6 -7 -8 -9 0
-1 -5 -6 7 8 9 0
-1 -5 -6 7 -8 -9 0
-1 -5 -6 -7 8 -9 0
-1 -5 -6 -7 -8 9 0
10 11 12 13 -14 0
10 11 12 -13 14 0
10 11 -12 13 14 0
10 11 -12 -13 -14 0
10 -11 12 13 14 0
10 -11 12 -13 -14 0
10 -11 -12 13 -14 0
10 -11 -12 -13 14 0
-10 11 12 13 14 0
-10 11 12 -13 -14 0
-10 11 -12 13 -14 0
-10 11 -12 -13 14 0
-10 -11 12 13 -14 0
-10 -11 12 -13 14 0
-10 -11 -12 13 14 0
-10 -11 -12 -13 -14 0
5 10 15 16 17 -18 0
5 10 15 16 -17 18 0
5 10 15 -16 17 18 0
5 10 15 -16 -17 -18 0
5 10 -15 16 17 18 0
5 10 -15 16 -17 -18 0
5 10 -15 -16 17 -18 0
5 10 -15 -16 -17 18 0
5 -10 15 16 17 18 0
5 -10 15 16 -17 -18 0
5 -10 15 -16 17 -18 0
5 -10 15 -16 -17 18 0
5 -10 -15 16 17 -18 0
5 -10 -15 16 -17 18 0
5 -10 -15 -16 17 18 0
5 -10 -15 -16 -17 -18 0
-5 10 15 16 17 18 0
-5 10 15 16 -17 -18 0
-5 10 15 -16 17 -18 0
-5 10 15 -16 -17 18 0
-5 10 -15 16 17 -18 0
-5 10 -15 16 -17 18 0
-5 10 -15 -16 17 18 0
-5 10 -15 -16 -17 -18 0
-5 -10 15 16 17 -18 0
-5 -10 15 16 -17 18 0
-5 -10 15 -16 17 18 0
-5 -10 15 -16 -17 -18 0
-5 -10 -15 16 17 18 0
-5 -10 -15 16 -17 -18 0
-5 -10 -15 -16 17 -18 0
-5 -10 -15 -16 -17 18 0
2 6 11 15 19 -20 0
2 6 11 15 -19 20 0
2 6 11 -15 19 20 0
2 6 11 -15 -19 -20 0
2 6 -11 15 19 20 0
2 6 -11 15 -19 -20 0
2 6 -11 -15 19 -20 0
2 6 -11 -15 -19 20 0
2 -6 11 15 19 20 0
2 -6 11 15 -19 -20 0
2 -6 11 -15 19 -20 0
2 -6 11 -15 -19 20 0
2 -6 -11 15 19 -20 0
2 -6 -11 15 -19 20 0
2 -6 -11 -15 19 20 0
2 -6 -11 -15 -19 -20 0
-2 6 11 15 19 20 0
-2 6 11 15 -19 -20 0
-2 6 11 -15 19 -20 0
-2 6 11 -15 -19 20 0
-2 6 -11 15 19 -20 0
-2 6 -11 15 -19 20 0
-2 6 -11 -15 19 20 0
-2 6 -11 -15 -19 -20 0
-2 -6 11 15 19 -20 0
-2 -6 11 15 -19 20 0
-2 -6 11 -15 19 20 0
-2 -6 11 -15 -19 -20 0
-2 -6 -11 15 19 20 0
-2 -6 -11 15 -19 -20 0
-2 -6 -11 -15 19 -20 0
-2 -6 -11 -15 -19 20 0
16 19 21 22 0
16 19 -21 -22 0
16 -19 21 -22 0
16 -19 -21 22 0
-16 19 21 -22 0
-16 19 -21 22 0
-16 -19 21 22 0
-16 -19 -21 -22 0
7 12 17 21 23 -24 0
7 12 17 21 -23 24 0
7 12 17 -21 23 24 0
7 12 17 -21 -23 -24 0
7 12 -17 21 23 24 0
7 12 -17 21 -23 -24 0
7 12 -17 -21 23 -24 0
7 12 -17 -21 -23 24 0
7 -12 17 21 23 24 0
7 -12 17 21 -23 -24 0
7 -12 17 -21 23 -24 0
7 -12 17 -21 -23 24 0
7 -12 -17 21 23 -24 0
7 -12 -17 21 -23 24 0
7 -12 -17 -21 23 24 0
7 -12 -17 -21 -23 -24 0
-7 12 17 21 23 24 0
-7 12 17 21 -23 -24 0
-7 12 17 -21 23 -24 0
-7 12 17 -21 -23 24 0
-7 12 -17 21 23 -24 0
-7 12 -17 21 -23 24 0
-7 12 -17 -21 23 24 0
-7 12 -17 -21 -23 -24 0
-7 -12 17 21 23 -24 0
-7 -12 17 21 -23 24 0
-7 -12 17 -21 23 24 0
-7 -12 17 -21 -23 -24 0
-7 -12 -17 21 23 24 0
-7 -12 -17 21 -23 -24 0
-7 -12 -17 -21 23 -24 0
-7 -12 -17 -21 -23 24 0
13 18 22 23 25 26 0
13 18 22 23 -25 -26 0
13 18 22 -23 25 -26 0
13 18 22 -23 -25 26 0
13 18 -22 23 25 -26 0
13 18 -22 23 -25 26 0
13 18 -22 -23 25 26 0
13 18 -22 -23 -25 -26 0
13 -18 22 23 25 -26 0
13 -18 22 23 -25 26 0
13 -18 22 -23 25 26 0
13 -18 22 -23 -25 -26 0
13 -18 -22 23 25 26 0
13 -18 -22 23 -25 -26 0
13 -18 -22 -23 25 -26 0
13 -18 -22 -23 -25 26 0
-13 18 22 23 25 -26 0
-13 18 22 23 -25 26 0
-13 18 22 -23 25 26 0
-13 18 22 -23 -25 -26 0
-13 18 -22 23 25 26 0
-13 18 -22 23 -25 -26 0
-13 18 -22 -23 25 -26 0
-13 18 -22 -23 -25 26 0
-13 -18 22 23 25 26 0
-13 -18 22 23 -25 -26 0
-13 -18 22 -23 25 -26 0
-13 -18 22 -23 -25 26 0
-13 -18 -22 23 25 -26 0
-13 -18 -22 23 -25 26 0
-13 -18 -22 -23 25 26 0
-13 -18 -22 -23 -25 -26 0
3 8 14 20 25 27 0
3 8 14 20 -25 -27 0
3 8 14 -20 25 -27 0
3 8 14 -20 -25 27 0
3 8 -14 20 25 -27 0
3 8 -14 20 -25 27 0
3 8 -14 -20 25 27 0
3 8 -14 -20 -25 -27 0
3 -8 14 20 25 -27 0
3 -8 14 20 -25 27 0
3 -8 14 -20 25 27 0
3 -8 14 -20 -25 -27 0
3 -8 -14 20 25 27 0
3 -8 -14 20 -25 -27 0
3 -8 -14 -20 25 -27 0
3 -8 -14 -20 -25 27 0
-3 8 14 20 25 -27 0
-3 8 14 20 -25 27 0
-3 8 14 -20 25 27 0
-3 8 14 -20 -25 -27 0
-3 8 -14 20 25 27 0
-3 8 -14 20 -25 -27 0
-3 8 -14 -20 25 -27 0
-3 8 -14 -20 -25 27 0
-3 -8 14 20 25 27 0
-3 -8 14 20 -25 -27 0
-3 -8 14 -20 25 -27 0
-3 -8 14 -20 -25 27 0
-3 -8 -14 20 25 -27 0
-3 -8 -14 20 -25 27 0
-3 -8 -14 -20 25 27 0
-3 -8 -14 -20 -25 -27 0
4 9 24 26 -27 0
4 9 24 -26 27 0
4 9 -24 26 27 0
4 9 -24 -26 -27 0
4 -9 24 26 27 0
4 -9 24 -26 -27 0
4 -9 -24 26 -27 0
4 -9 -24 -26 27 0
-4 9 24 26 27 0
-4 9 24 -26 -27 0
-4 9 -24 26 -27 0
-4 9 -24 -26 27 0
-4 -9 24 26 -27 0
-4 -9 24 -26 27 0
-4 -9 -24 26 27 0
-4 -9 -24 -26 -27 0
