p cnf 93 461
1 2 3 4 0
5 6 7 8 9 0
10 11 0
12 13 14 15 16 17 0
18 19 20 21 0
22 23 24 25 26 0
27 28 29 30 31 0
32 33 34 35 0
36 37 38 39 40 41 0
42 43 44 45 46 0
47 48 49 0
50 51 52 53 54 55 56 0
57 58 59 60 61 62 0
63 64 65 66 0
67 68 69 70 71 72 0
73 74 75 76 0
77 78 79 80 0
86 87 88 89 90 0
91 92 93 0
-12 -18 0
-12 -32 0
-12 -36 0
-12 -42 0
-12 -47 0
-12 -63 0
-12 -67 0
-12 -73 0
-12 -86 0
-12 -91 0
-18 -32 0
-18 -36 0
-18 -42 0
-18 -47 0
-18 -63 0
-18 -67 0
-18 -73 0
-18 -86 0
-18 -91 0
-32 -36 0
-32 -42 0
-32 -47 0
-32 -63 0
-32 -67 0
-32 -73 0
-32 -86 0
-32 -91 0
-36 -42 0
-36 -47 0
-36 -63 0
-36 -67 0
-36 -73 0
-36 -86 0
-36 -91 0
-42 -47 0
-42 -63 0
-42 -67 0
-42 -73 0
-42 -86 0
-42 -91 0
-47 -63 0
-47 -67 0
-47 -73 0
-47 -86 0
-47 -91 0
-63 -67 0
-63 -73 0
-63 -86 0
-63 -91 0
-67 -73 0
-67 -86 0
-67 -91 0
-73 -86 0
-73 -91 0
-86 -91 0
-1 -13 0
-1 -22 0
-1 -43 0
-1 -50 0
-1 -57 0
-1 -64 0
-1 -68 0
-1 -81 0
-13 -22 0
-13 -43 0
-13 -50 0
-13 -57 0
-13 -64 0
-13 -68 0
-13 -81 0
-22 -43 0
-22 -50 0
-22 -57 0
-22 -64 0
-22 -68 0
-22 -81 0
-43 -50 0
-43 -57 0
-43 -64 0
-43 -68 0
-43 -81 0
-50 -57 0
-50 -64 0
-50 -68 0
-50 -81 0
-57 -64 0
-57 -68 0
-57 -81 0
-64 -68 0
-64 -81 0
-68 -81 0
-2 -5 0
-2 -14 0
-2 -19 0
-2 -23 0
-2 -48 0
-2 -58 0
-2 -65 0
-2 -69 0
-2 -77 0
-2 -82 0
-2 -87 0
-5 -14 0
-5 -19 0
-5 -23 0
-5 -48 0
-5 -58 0
-5 -65 0
-5 -69 0
-5 -77 0
-5 -82 0
-5 -87 0
-14 -19 0
-14 -23 0
-14 -48 0
-14 -58 0
-14 -65 0
-14 -69 0
-14 -77 0
-14 -82 0
-14 -87 0
-19 -23 0
-19 -48 0
-19 -58 0
-19 -65 0
-19 -69 0
-19 -77 0
-19 -82 0
-19 -87 0
-23 -48 0
-23 -58 0
-23 -65 0
-23 -69 0
-23 -77 0
-23 -82 0
-23 -87 0
-48 -58 0
-48 -65 0
-48 -69 0
-48 -77 0
-48 -82 0
-48 -87 0
-58 -65 0
-58 -69 0
-58 -77 0
-58 -82 0
-58 -87 0
-65 -69 0
-65 -77 0
-65 -82 0
-65 -87 0
-69 -77 0
-69 -82 0
-69 -87 0
-77 -82 0
-77 -87 0
-82 -87 0
-15 -20 0
-15 -27 0
-15 -33 0
-15 -37 0
-15 -49 0
-15 -51 0
-15 -59 0
-15 -74 0
-15 -78 0
-15 -88 0
-20 -27 0
-20 -33 0
-20 -37 0
-20 -49 0
-20 -51 0
-20 -59 0
-20 -74 0
-20 -78 0
-20 -88 0
-27 -33 0
-27 -37 0
-27 -49 0
-27 -51 0
-27 -59 0
-27 -74 0
-27 -78 0
-27 -88 0
-33 -37 0
-33 -49 0
-33 -51 0
-33 -59 0
-33 -74 0
-33 -78 0
-33 -88 0
-37 -49 0
-37 -51 0
-37 -59 0
-37 -74 0
-37 -78 0
-37 -88 0
-49 -51 0
-49 -59 0
-49 -74 0
-49 -78 0
-49 -88 0
-51 -59 0
-51 -74 0
-51 -78 0
-51 -88 0
-59 -74 0
-59 -78 0
-59 -88 0
-74 -78 0
-74 -88 0
-78 -88 0
-3 -6 0
-3 -10 0
-3 -16 0
-3 -24 0
-3 -28 0
-3 -34 0
-3 -38 0
-3 -52 0
-3 -60 0
-3 -83 0
-3 -92 0
-6 -10 0
-6 -16 0
-6 -24 0
-6 -28 0
-6 -34 0
-6 -38 0
-6 -52 0
-6 -60 0
-6 -83 0
-6 -92 0
-10 -16 0
-10 -24 0
-10 -28 0
-10 -34 0
-10 -38 0
-10 -52 0
-10 -60 0
-10 -83 0
-10 -92 0
-16 -24 0
-16 -28 0
-16 -34 0
-16 -38 0
-16 -52 0
-16 -60 0
-16 -83 0
-16 -92 0
-24 -28 0
-24 -34 0
-24 -38 0
-24 -52 0
-24 -60 0
-24 -83 0
-24 -92 0
-28 -34 0
-28 -38 0
-28 -52 0
-28 -60 0
-28 -83 0
-28 -92 0
-34 -38 0
-34 -52 0
-34 -60 0
-34 -83 0
-34 -92 0
-38 -52 0
-38 -60 0
-38 -83 0
-38 -92 0
-52 -60 0
-52 -83 0
-52 -92 0
-60 -83 0
-60 -92 0
-83 -92 0
-4 -21 0
-4 -35 0
-4 -39 0
-4 -53 0
-4 -61 0
-4 -70 0
-4 -84 0
-4 -89 0
-21 -35 0
-21 -39 0
-21 -53 0
-21 -61 0
-21 -70 0
-21 -84 0
-21 -89 0
-35 -39 0
-35 -53 0
-35 -61 0
-35 -70 0
-35 -84 0
-35 -89 0
-39 -53 0
-39 -61 0
-39 -70 0
-39 -84 0
-39 -89 0
-53 -61 0
-53 -70 0
-53 -84 0
-53 -89 0
-61 -70 0
-61 -84 0
-61 -89 0
-70 -84 0
-70 -89 0
-84 -89 0
-7 -25 0
-7 -29 0
-7 -40 0
-7 -44 0
-7 -54 0
-7 -62 0
-7 -71 0
-7 -79 0
-7 -90 0
-25 -29 0
-25 -40 0
-25 -44 0
-25 -54 0
-25 -62 0
-25 -71 0
-25 -79 0
-25 -90 0
-29 -40 0
-29 -44 0
-29 -54 0
-29 -62 0
-29 -71 0
-29 -79 0
-29 -90 0
-40 -44 0
-40 -54 0
-40 -62 0
-40 -71 0
-40 -79 0
-40 -90 0
-44 -54 0
-44 -62 0
-44 -71 0
-44 -79 0
-44 -90 0
-54 -62 0
-54 -71 0
-54 -79 0
-54 -90 0
-62 -71 0
-62 -79 0
-62 -90 0
-71 -79 0
-71 -90 0
-79 -90 0
-8 -17 0
-8 -30 0
-8 -45 0
-8 -55 0
-8 -75 0
-8 -85 0
-8 -93 0
-17 -30 0
-17 -45 0
-17 -55 0
-17 -75 0
-17 -85 0
-17 -93 0
-30 -45 0
-30 -55 0
-30 -75 0
-30 -85 0
-30 -93 0
-45 -55 0
-45 -75 0
-45 -85 0
-45 -93 0
-55 -75 0
-55 -85 0
-55 -93 0
-75 -85 0
-75 -93 0
-85 -93 0
-9 -11 0
-9 -26 0
-9 -31 0
-9 -41 0
-9 -46 0
-9 -56 0
-9 -66 0
-9 -72 0
-9 -76 0
-9 -80 0
-11 -26 0
-11 -31 0
-11 -41 0
-11 -46 0
-11 -56 0
-11 -66 0
-11 -72 0
-11 -76 0
-11 -80 0
-26 -31 0
-26 -41 0
-26 -46 0
-26 -56 0
-26 -66 0
-26 -72 0
-26 -76 0
-26 -80 0
-31 -41 0
-31 -46 0
-31 -56 0
-31 -66 0
-31 -72 0
-31 -76 0
-31 -80 0
-41 -46 0
-41 -56 0
-41 -66 0
-41 -72 0
-41 -76 0
-41 -80 0
-46 -56 0
-46 -66 0
-46 -72 0
-46 -76 0
-46 -80 0
-56 -66 0
-56 -72 0
-56 -76 0
-56 -80 0
-66 -72 0
-66 -76 0
-66 -80 0
-72 -76 0
-72 -80 0
-76 -80 0
