p cnf 56 358
9 14 20 22 31 38 49 51 0
4 16 33 41 45 54 0
5 26 46 55 0
6 17 27 47 0
28 35 43 56 0
-1 -10 3 0
-1 -11 4 0
-1 -12 7 0
-1 -13 8 0
-2 1 0
-2 -15 3 0
-2 -16 4 0
-2 -17 6 0
-2 -18 7 0
-2 -19 8 0
-3 -21 4 0
-4 -23 1 0
-4 -24 2 0
-4 -25 3 0
-4 -26 5 0
-4 -27 6 0
-4 -28 0
-4 -29 7 0
-4 -30 8 0
-5 1 0
-5 2 0
-5 -32 3 0
-5 -33 4 0
-5 -34 6 0
-5 -35 0
-5 -36 7 0
-5 -37 8 0
-6 -39 1 0
-6 -40 2 0
-6 3 0
-6 -41 4 0
-6 -42 5 0
-6 -43 0
-6 7 0
-6 8 0
-7 3 0
-7 -50 4 0
-8 -52 1 0
-8 -53 2 0
-8 3 0
-8 -54 4 0
-8 -55 5 0
-8 -56 0
-8 7 0
-9 -2 0
-9 -3 10 0
-9 -4 11 0
-9 -5 0
-9 -6 0
-9 -7 12 0
-9 -8 13 0
-10 -20 9 0
-10 -21 11 0
-11 -22 9 0
-11 -24 0
-11 -25 10 0
-11 -26 0
-11 -27 0
-11 -28 0
-11 -29 12 0
-11 -30 13 0
-12 -49 9 0
-12 10 0
-12 -50 11 0
-13 -51 9 0
-13 -53 0
-13 10 0
-13 -54 11 0
-13 -55 0
-13 -56 0
-13 12 0
-14 -3 15 0
-14 -4 16 0
-14 -5 0
-14 -6 17 0
-14 -7 18 0
-14 -8 19 0
-9 14 0
-10 15 0
-11 16 0
-12 18 0
-13 19 0
-15 -20 14 0
-15 -21 16 0
-16 -22 14 0
-16 -25 15 0
-16 -26 0
-16 -27 17 0
-16 -28 0
-16 -29 18 0
-16 -30 19 0
-17 -38 14 0
-17 15 0
-17 -41 16 0
-17 -42 0
-17 -43 0
-17 18 0
-17 19 0
-18 -49 14 0
-18 15 0
-18 -50 16 0
-19 -51 14 0
-19 15 0
-19 -54 16 0
-19 -55 0
-19 -56 0
-19 18 0
-20 -1 0
-20 -2 0
-20 -4 21 0
-20 -5 0
-20 -6 0
-20 -7 0
-20 -8 0
-21 -22 20 0
-21 -23 0
-21 -24 0
-21 -26 0
-21 -27 0
-21 -28 0
-21 -29 0
-21 -30 0
-22 -1 23 0
-22 -2 24 0
-22 -3 25 0
-22 -5 26 0
-22 -6 27 0
-22 -7 29 0
-22 -8 30 0
-23 -9 22 0
-23 -10 25 0
-23 -12 29 0
-23 -13 30 0
-24 -14 22 0
-24 23 0
-24 -15 25 0
-24 -17 27 0
-24 -18 29 0
-24 -19 30 0
-25 -20 22 0
-26 -31 22 0
-26 23 0
-26 24 0
-26 -32 25 0
-26 -34 27 0
-26 -35 28 0
-26 -36 29 0
-26 -37 30 0
-27 -38 22 0
-27 -39 23 0
-27 -40 24 0
-27 25 0
-27 -42 26 0
-27 -43 28 0
-27 29 0
-27 30 0
-28 -44 22 0
-28 23 0
-28 24 0
-28 25 0
-28 -46 26 0
-28 -47 27 0
-28 29 0
-28 -48 30 0
-29 -49 22 0
-29 25 0
-30 -51 22 0
-30 -52 23 0
-30 -53 24 0
-30 25 0
-30 -55 26 0
-30 -56 28 0
-30 29 0
-31 -3 32 0
-31 -4 33 0
-31 -6 34 0
-31 -7 36 0
-31 -8 37 0
-9 31 0
-10 32 0
-11 33 0
-12 36 0
-13 37 0
-14 31 0
-15 32 0
-16 33 0
-17 34 0
-18 36 0
-19 37 0
-32 -20 31 0
-32 -21 33 0
-33 -22 31 0
-33 -25 32 0
-33 -27 34 0
-33 -28 35 0
-33 -29 36 0
-33 -30 37 0
-34 -38 31 0
-34 32 0
-34 -41 33 0
-34 -43 35 0
-34 36 0
-34 37 0
-35 -44 31 0
-35 32 0
-35 -45 33 0
-35 -47 34 0
-35 36 0
-35 -48 37 0
-36 -49 31 0
-36 32 0
-36 -50 33 0
-37 -51 31 0
-37 32 0
-37 -54 33 0
-37 -56 35 0
-37 36 0
-38 -1 39 0
-38 -2 40 0
-38 -4 41 0
-38 -5 42 0
-39 -9 38 0
-39 -11 41 0
-40 -14 38 0
-40 39 0
-40 -16 41 0
-20 38 0
-21 41 0
-41 -22 38 0
-41 -23 39 0
-41 -24 40 0
-41 -26 42 0
-41 -28 43 0
-42 -31 38 0
-42 39 0
-42 40 0
-42 -33 41 0
-42 -35 43 0
-43 -44 38 0
-43 39 0
-43 40 0
-43 -45 41 0
-43 -46 42 0
-49 38 0
-50 41 0
-51 38 0
-52 39 0
-53 40 0
-54 41 0
-55 42 0
-56 43 0
-44 -4 45 0
-44 -5 46 0
-44 -6 47 0
-44 -8 48 0
-9 44 0
-11 45 0
-13 48 0
-14 44 0
-16 45 0
-17 47 0
-19 48 0
-20 44 0
-21 45 0
-45 -22 44 0
-45 -26 46 0
-45 -27 47 0
-45 -30 48 0
-46 -31 44 0
-46 -33 45 0
-46 -34 47 0
-46 -37 48 0
-47 -38 44 0
-47 -41 45 0
-47 -42 46 0
-47 48 0
-49 44 0
-50 45 0
-48 -51 44 0
-48 -54 45 0
-48 -55 46 0
-49 -1 0
-49 -2 0
-49 -4 50 0
-49 -5 0
-49 -6 0
-49 -8 0
-20 49 0
-21 50 0
-50 -22 49 0
-50 -23 0
-50 -24 0
-50 -26 0
-50 -27 0
-50 -28 0
-50 -30 0
-51 -1 52 0
-51 -2 53 0
-51 -4 54 0
-51 -5 55 0
-51 -6 0
-52 -9 51 0
-52 -11 54 0
-53 -14 51 0
-53 52 0
-53 -16 54 0
-53 -17 0
-20 51 0
-21 54 0
-54 -22 51 0
-54 -23 52 0
-54 -24 53 0
-54 -26 55 0
-54 -27 0
-54 -28 56 0
-55 -31 51 0
-55 52 0
-55 53 0
-55 -33 54 0
-55 -34 0
-55 -35 56 0
-56 -44 51 0
-56 52 0
-56 53 0
-56 -45 54 0
-56 -46 55 0
-56 -47 0
-49 51 0
-50 54 0
-1 -9 0
-2 -14 0
-3 -20 0
-4 -22 0
-5 -31 0
-6 -38 0
-7 -49 0
-8 -51 0
-11 -23 0
-13 -52 0
-16 -24 0
-17 -40 0
-19 -53 0
-21 -25 0
-26 -33 0
-27 -41 0
-28 -45 0
-29 -50 0
-30 -54 0
-34 -42 0
-35 -46 0
-37 -55 0
-43 -47 0
-48 -56 0
