p cnf 11 46
1 2 3 0
1 -2 -3 0
-1 2 -3 0
-1 -2 3 0
4 -5 0
-4 5 0
6 -7 0
-6 7 0
8 -9 0
-8 9 0
1 8 -10 0
1 -8 10 0
-1 8 10 0
-1 -8 -10 0
2 4 6 10 11 0
2 4 6 -10 -11 0
2 4 -6 10 -11 0
2 4 -6 -10 11 0
2 -4 6 10 -11 0
2 -4 6 -10 11 0
2 -4 -6 10 11 0
2 -4 -6 -10 -11 0
-2 4 6 10 -11 0
-2 4 6 -10 11 0
-2 4 -6 10 11 0
-2 4 -6 -10 -11 0
-2 -4 6 10 11 0
-2 -4 6 -10 -11 0
-2 -4 -6 10 -11 0
-2 -4 -6 -10 11 0
3 5 7 9 11 0
3 5 7 -9 -11 0
3 5 -7 9 -11 0
3 5 -7 -9 11 0
3 -5 7 9 -11 0
3 -5 7 -9 11 0
3 -5 -7 9 11 0
3 -5 -7 -9 -11 0
-3 5 7 9 -11 0
-3 5 7 -9 11 0
-3 5 -7 9 11 0
-3 5 -7 -9 -11 0
-3 -5 7 9 11 0
-3 -5 7 -9 -11 0
-3 -5 -7 9 -11 0
-3 -5 -7 -9 11 0
