p cnf 74 669
1 2 3 4 0
5 6 7 8 0
9 10 11 12 0
13 14 15 16 0
17 18 19 20 0
21 22 23 24 0
25 26 27 28 0
29 30 31 32 0
33 34 35 0
36 37 38 39 0
40 41 42 43 0
48 49 50 0
51 52 53 0
54 55 56 0
57 58 59 0
60 61 62 63 0
64 65 66 67 0
68 69 70 71 0
72 73 74 0
-1 -5 0
-1 -9 0
-1 -13 0
-1 -17 0
-1 -21 0
-1 -25 0
-1 -29 0
-1 -33 0
-1 -36 0
-1 -40 0
-1 -44 0
-1 -51 0
-1 -54 0
-1 -57 0
-1 -60 0
-1 -64 0
-1 -68 0
-1 -72 0
-5 -9 0
-5 -13 0
-5 -17 0
-5 -21 0
-5 -25 0
-5 -29 0
-5 -33 0
-5 -36 0
-5 -40 0
-5 -44 0
-5 -51 0
-5 -54 0
-5 -57 0
-5 -60 0
-5 -64 0
-5 -68 0
-5 -72 0
-9 -13 0
-9 -17 0
-9 -21 0
-9 -25 0
-9 -29 0
-9 -33 0
-9 -36 0
-9 -40 0
-9 -44 0
-9 -51 0
-9 -54 0
-9 -57 0
-9 -60 0
-9 -64 0
-9 -68 0
-9 -72 0
-13 -17 0
-13 -21 0
-13 -25 0
-13 -29 0
-13 -33 0
-13 -36 0
-13 -40 0
-13 -44 0
-13 -51 0
-13 -54 0
-13 -57 0
-13 -60 0
-13 -64 0
-13 -68 0
-13 -72 0
-17 -21 0
-17 -25 0
-17 -29 0
-17 -33 0
-17 -36 0
-17 -40 0
-17 -44 0
-17 -51 0
-17 -54 0
-17 -57 0
-17 -60 0
-17 -64 0
-17 -68 0
-17 -72 0
-21 -25 0
-21 -29 0
-21 -33 0
-21 -36 0
-21 -40 0
-21 -44 0
-21 -51 0
-21 -54 0
-21 -57 0
-21 -60 0
-21 -64 0
-21 -68 0
-21 -72 0
-25 -29 0
-25 -33 0
-25 -36 0
-25 -40 0
-25 -44 0
-25 -51 0
-25 -54 0
-25 -57 0
-25 -60 0
-25 -64 0
-25 -68 0
-25 -72 0
-29 -33 0
-29 -36 0
-29 -40 0
-29 -44 0
-29 -51 0
-29 -54 0
-29 -57 0
-29 -60 0
-29 -64 0
-29 -68 0
-29 -72 0
-33 -36 0
-33 -40 0
-33 -44 0
-33 -51 0
-33 -54 0
-33 -57 0
-33 -60 0
-33 -64 0
-33 -68 0
-33 -72 0
-36 -40 0
-36 -44 0
-36 -51 0
-36 -54 0
-36 -57 0
-36 -60 0
-36 -64 0
-36 -68 0
-36 -72 0
-40 -44 0
-40 -51 0
-40 -54 0
-40 -57 0
-40 -60 0
-40 -64 0
-40 -68 0
-40 -72 0
-44 -51 0
-44 -54 0
-44 -57 0
-44 -60 0
-44 -64 0
-44 -68 0
-44 -72 0
-51 -54 0
-51 -57 0
-51 -60 0
-51 -64 0
-51 -68 0
-51 -72 0
-54 -57 0
-54 -60 0
-54 -64 0
-54 -68 0
-54 -72 0
-57 -60 0
-57 -64 0
-57 -68 0
-57 -72 0
-60 -64 0
-60 -68 0
-60 -72 0
-64 -68 0
-64 -72 0
-68 -72 0
-2 -6 0
-2 -10 0
-2 -14 0
-2 -18 0
-2 -22 0
-2 -26 0
-2 -30 0
-2 -37 0
-2 -41 0
-2 -45 0
-2 -48 0
-2 -52 0
-2 -58 0
-2 -61 0
-2 -65 0
-2 -69 0
-6 -10 0
-6 -14 0
-6 -18 0
-6 -22 0
-6 -26 0
-6 -30 0
-6 -37 0
-6 -41 0
-6 -45 0
-6 -48 0
-6 -52 0
-6 -58 0
-6 -61 0
-6 -65 0
-6 -69 0
-10 -14 0
-10 -18 0
-10 -22 0
-10 -26 0
-10 -30 0
-10 -37 0
-10 -41 0
-10 -45 0
-10 -48 0
-10 -52 0
-10 -58 0
-10 -61 0
-10 -65 0
-10 -69 0
-14 -18 0
-14 -22 0
-14 -26 0
-14 -30 0
-14 -37 0
-14 -41 0
-14 -45 0
-14 -48 0
-14 -52 0
-14 -58 0
-14 -61 0
-14 -65 0
-14 -69 0
-18 -22 0
-18 -26 0
-18 -30 0
-18 -37 0
-18 -41 0
-18 -45 0
-18 -48 0
-18 -52 0
-18 -58 0
-18 -61 0
-18 -65 0
-18 -69 0
-22 -26 0
-22 -30 0
-22 -37 0
-22 -41 0
-22 -45 0
-22 -48 0
-22 -52 0
-22 -58 0
-22 -61 0
-22 -65 0
-22 -69 0
-26 -30 0
-26 -37 0
-26 -41 0
-26 -45 0
-26 -48 0
-26 -52 0
-26 -58 0
-26 -61 0
-26 -65 0
-26 -69 0
-30 -37 0
-30 -41 0
-30 -45 0
-30 -48 0
-30 -52 0
-30 -58 0
-30 -61 0
-30 -65 0
-30 -69 0
-37 -41 0
-37 -45 0
-37 -48 0
-37 -52 0
-37 -58 0
-37 -61 0
-37 -65 0
-37 -69 0
-41 -45 0
-41 -48 0
-41 -52 0
-41 -58 0
-41 -61 0
-41 -65 0
-41 -69 0
-45 -48 0
-45 -52 0
-45 -58 0
-45 -61 0
-45 -65 0
-45 -69 0
-48 -52 0
-48 -58 0
-48 -61 0
-48 -65 0
-48 -69 0
-52 -58 0
-52 -61 0
-52 -65 0
-52 -69 0
-58 -61 0
-58 -65 0
-58 -69 0
-61 -65 0
-61 -69 0
-65 -69 0
-3 -7 0
-3 -11 0
-3 -15 0
-3 -19 0
-3 -23 0
-3 -27 0
-3 -31 0
-3 -34 0
-3 -38 0
-3 -42 0
-3 -46 0
-3 -49 0
-3 -53 0
-3 -55 0
-3 -59 0
-3 -62 0
-3 -66 0
-3 -70 0
-3 -73 0
-7 -11 0
-7 -15 0
-7 -19 0
-7 -23 0
-7 -27 0
-7 -31 0
-7 -34 0
-7 -38 0
-7 -42 0
-7 -46 0
-7 -49 0
-7 -53 0
-7 -55 0
-7 -59 0
-7 -62 0
-7 -66 0
-7 -70 0
-7 -73 0
-11 -15 0
-11 -19 0
-11 -23 0
-11 -27 0
-11 -31 0
-11 -34 0
-11 -38 0
-11 -42 0
-11 -46 0
-11 -49 0
-11 -53 0
-11 -55 0
-11 -59 0
-11 -62 0
-11 -66 0
-11 -70 0
-11 -73 0
-15 -19 0
-15 -23 0
-15 -27 0
-15 -31 0
-15 -34 0
-15 -38 0
-15 -42 0
-15 -46 0
-15 -49 0
-15 -53 0
-15 -55 0
-15 -59 0
-15 -62 0
-15 -66 0
-15 -70 0
-15 -73 0
-19 -23 0
-19 -27 0
-19 -31 0
-19 -34 0
-19 -38 0
-19 -42 0
-19 -46 0
-19 -49 0
-19 -53 0
-19 -55 0
-19 -59 0
-19 -62 0
-19 -66 0
-19 -70 0
-19 -73 0
-23 -27 0
-23 -31 0
-23 -34 0
-23 -38 0
-23 -42 0
-23 -46 0
-23 -49 0
-23 -53 0
-23 -55 0
-23 -59 0
-23 -62 0
-23 -66 0
-23 -70 0
-23 -73 0
-27 -31 0
-27 -34 0
-27 -38 0
-27 -42 0
-27 -46 0
-27 -49 0
-27 -53 0
-27 -55 0
-27 -59 0
-27 -62 0
-27 -66 0
-27 -70 0
-27 -73 0
-31 -34 0
-31 -38 0
-31 -42 0
-31 -46 0
-31 -49 0
-31 -53 0
-31 -55 0
-31 -59 0
-31 -62 0
-31 -66 0
-31 -70 0
-31 -73 0
-34 -38 0
-34 -42 0
-34 -46 0
-34 -49 0
-34 -53 0
-34 -55 0
-34 -59 0
-34 -62 0
-34 -66 0
-34 -70 0
-34 -73 0
-38 -42 0
-38 -46 0
-38 -49 0
-38 -53 0
-38 -55 0
-38 -59 0
-38 -62 0
-38 -66 0
-38 -70 0
-38 -73 0
-42 -46 0
-42 -49 0
-42 -53 0
-42 -55 0
-42 -59 0
-42 -62 0
-42 -66 0
-42 -70 0
-42 -73 0
-46 -49 0
-46 -53 0
-46 -55 0
-46 -59 0
-46 -62 0
-46 -66 0
-46 -70 0
-46 -73 0
-49 -53 0
-49 -55 0
-49 -59 0
-49 -62 0
-49 -66 0
-49 -70 0
-49 -73 0
-53 -55 0
-53 -59 0
-53 -62 0
-53 -66 0
-53 -70 0
-53 -73 0
-55 -59 0
-55 -62 0
-55 -66 0
-55 -70 0
-55 -73 0
-59 -62 0
-59 -66 0
-59 -70 0
-59 -73 0
-62 -66 0
-62 -70 0
-62 -73 0
-66 -70 0
-66 -73 0
-70 -73 0
-4 -8 0
-4 -12 0
-4 -16 0
-4 -20 0
-4 -24 0
-4 -28 0
-4 -32 0
-4 -35 0
-4 -39 0
-4 -43 0
-4 -47 0
-4 -50 0
-4 -56 0
-4 -63 0
-4 -67 0
-4 -71 0
-4 -74 0
-8 -12 0
-8 -16 0
-8 -20 0
-8 -24 0
-8 -28 0
-8 -32 0
-8 -35 0
-8 -39 0
-8 -43 0
-8 -47 0
-8 -50 0
-8 -56 0
-8 -63 0
-8 -67 0
-8 -71 0
-8 -74 0
-12 -16 0
-12 -20 0
-12 -24 0
-12 -28 0
-12 -32 0
-12 -35 0
-12 -39 0
-12 -43 0
-12 -47 0
-12 -50 0
-12 -56 0
-12 -63 0
-12 -67 0
-12 -71 0
-12 -74 0
-16 -20 0
-16 -24 0
-16 -28 0
-16 -32 0
-16 -35 0
-16 -39 0
-16 -43 0
-16 -47 0
-16 -50 0
-16 -56 0
-16 -63 0
-16 -67 0
-16 -71 0
-16 -74 0
-20 -24 0
-20 -28 0
-20 -32 0
-20 -35 0
-20 -39 0
-20 -43 0
-20 -47 0
-20 -50 0
-20 -56 0
-20 -63 0
-20 -67 0
-20 -71 0
-20 -74 0
-24 -28 0
-24 -32 0
-24 -35 0
-24 -39 0
-24 -43 0
-24 -47 0
-24 -50 0
-24 -56 0
-24 -63 0
-24 -67 0
-24 -71 0
-24 -74 0
-28 -32 0
-28 -35 0
-28 -39 0
-28 -43 0
-28 -47 0
-28 -50 0
-28 -56 0
-28 -63 0
-28 -67 0
-28 -71 0
-28 -74 0
-32 -35 0
-32 -39 0
-32 -43 0
-32 -47 0
-32 -50 0
-32 -56 0
-32 -63 0
-32 -67 0
-32 -71 0
-32 -74 0
-35 -39 0
-35 -43 0
-35 -47 0
-35 -50 0
-35 -56 0
-35 -63 0
-35 -67 0
-35 -71 0
-35 -74 0
-39 -43 0
-39 -47 0
-39 -50 0
-39 -56 0
-39 -63 0
-39 -67 0
-39 -71 0
-39 -74 0
-43 -47 0
-43 -50 0
-43 -56 0
-43 -63 0
-43 -67 0
-43 -71 0
-43 -74 0
-47 -50 0
-47 -56 0
-47 -63 0
-47 -67 0
-47 -71 0
-47 -74 0
-50 -56 0
-50 -63 0
-50 -67 0
-50 -71 0
-50 -74 0
-56 -63 0
-56 -67 0
-56 -71 0
-56 -74 0
-63 -67 0
-63 -71 0
-63 -74 0
-67 -71 0
-67 -74 0
-71 -74 0
