p cnf 29 93
1 2 3 0
-1 -2 0
-1 -3 0
-2 -3 0
4 5 6 0
-4 -5 0
-4 -6 0
-5 -6 0
7 8 9 0
-7 -8 0
-7 -9 0
-8 -9 0
10 11 12 0
-10 -11 0
-10 -12 0
-11 -12 0
13 14 15 0
-13 -14 0
-13 -15 0
-14 -15 0
16 17 0
-16 -17 0
18 19 20 0
-18 -19 0
-18 -20 0
-19 -20 0
21 22 23 0
-21 -22 0
-21 -23 0
-22 -23 0
24 25 26 0
-24 -25 0
-24 -26 0
-25 -26 0
27 28 29 0
-27 -28 0
-27 -29 0
-28 -29 0
-1 -7 0
-2 -8 0
-3 -9 0
-1 -18 0
-2 -19 0
-3 -20 0
-1 -24 0
-2 -25 0
-3 -26 0
-4 -13 0
-5 -14 0
-6 -15 0
-4 -16 0
-6 -17 0
-4 -21 0
-5 -22 0
-6 -23 0
-7 -13 0
-8 -14 0
-9 -15 0
-7 -18 0
-8 -19 0
-9 -20 0
-7 -27 0
-8 -28 0
-9 -29 0
-10 -16 0
-12 -17 0
-10 -21 0
-11 -22 0
-12 -23 0
-10 -27 0
-11 -28 0
-12 -29 0
-13 -16 0
-15 -17 0
-13 -21 0
-14 -22 0
-15 -23 0
-13 -24 0
-14 -25 0
-15 -26 0
-13 -27 0
-14 -28 0
-15 -29 0
-16 -18 0
-17 -20 0
-16 -21 0
-17 -23 0
-18 -21 0
-19 -22 0
-20 -23 0
-21 -24 0
-22 -25 0
-23 -26 0
