p cnf 139 571
1 2 3 0
-1 -2 0
-1 -3 0
-2 -3 0
4 5 6 0
-4 -5 0
-4 -6 0
-5 -6 0
7 8 9 0
-7 -8 0
-7 -9 0
-8 -9 0
10 11 12 0
-10 -11 0
-10 -12 0
-11 -12 0
13 14 15 0
-13 -14 0
-13 -15 0
-14 -15 0
16 17 18 0
-16 -17 0
-16 -18 0
-17 -18 0
19 20 0
-19 -20 0
21 22 23 0
-21 -22 0
-21 -23 0
-22 -23 0
24 25 26 0
-24 -25 0
-24 -26 0
-25 -26 0
27 28 0
-27 -28 0
29 30 31 0
-29 -30 0
-29 -31 0
-30 -31 0
32 33 34 0
-32 -33 0
-32 -34 0
-33 -34 0
35 36 37 0
-35 -36 0
-35 -37 0
-36 -37 0
38 39 40 0
-38 -39 0
-38 -40 0
-39 -40 0
41 42 43 0
-41 -42 0
-41 -43 0
-42 -43 0
44 45 46 0
-44 -45 0
-44 -46 0
-45 -46 0
47 48 49 0
-47 -48 0
-47 -49 0
-48 -49 0
50 51 52 0
-50 -51 0
-50 -52 0
-51 -52 0
53 54 55 0
-53 -54 0
-53 -55 0
-54 -55 0
56 57 0
-56 -57 0
58 59 60 0
-58 -59 0
-58 -60 0
-59 -60 0
61 62 63 0
-61 -62 0
-61 -63 0
-62 -63 0
64 65 66 0
-64 -65 0
-64 -66 0
-65 -66 0
67 68 69 0
-67 -68 0
-67 -69 0
-68 -69 0
70 71 72 0
-70 -71 0
-70 -72 0
-71 -72 0
73 74 75 0
-73 -74 0
-73 -75 0
-74 -75 0
76 77 78 0
-76 -77 0
-76 -78 0
-77 -78 0
79 80 81 0
-79 -80 0
-79 -81 0
-80 -81 0
82 83 0
-82 -83 0
84 85 86 0
-84 -85 0
-84 -86 0
-85 -86 0
87 88 0
-87 -88 0
89 90 0
-89 -90 0
91 92 93 0
-91 -92 0
-91 -93 0
-92 -93 0
94 95 96 0
-94 -95 0
-94 -96 0
-95 -96 0
97 98 0
-97 -98 0
99 100 101 0
-99 -100 0
-99 -101 0
-100 -101 0
102 103 104 0
-102 -103 0
-102 -104 0
-103 -104 0
105 106 107 0
-105 -106 0
-105 -107 0
-106 -107 0
108 109 110 0
-108 -109 0
-108 -110 0
-109 -110 0
111 112 113 0
-111 -112 0
-111 -113 0
-112 -113 0
114 115 116 0
-114 -115 0
-114 -116 0
-115 -116 0
117 118 119 0
-117 -118 0
-117 -119 0
-118 -119 0
120 121 122 0
-120 -121 0
-120 -122 0
-121 -122 0
123 124 125 0
-123 -124 0
-123 -125 0
-124 -125 0
126 127 128 0
-126 -127 0
-126 -128 0
-127 -128 0
129 130 131 0
-129 -130 0
-129 -131 0
-130 -131 0
132 133 134 0
-132 -133 0
-132 -134 0
-133 -134 0
135 136 0
-135 -136 0
137 138 139 0
-137 -138 0
-137 -139 0
-138 -139 0
-1 -13 0
-2 -14 0
-3 -15 0
-2 -27 0
-3 -28 0
-1 -53 0
-2 -54 0
-3 -55 0
-2 -56 0
-3 -57 0
-1 -67 0
-2 -68 0
-3 -69 0
-1 -76 0
-2 -77 0
-3 -78 0
-1 -97 0
-3 -98 0
-1 -114 0
-2 -115 0
-3 -116 0
-1 -117 0
-2 -118 0
-3 -119 0
-1 -123 0
-2 -124 0
-3 -125 0
-4 -7 0
-5 -8 0
-6 -9 0
-4 -53 0
-5 -54 0
-6 -55 0
-4 -79 0
-5 -80 0
-6 -81 0
-5 -82 0
-6 -83 0
-4 -129 0
-5 -130 0
-6 -131 0
-7 -53 0
-8 -54 0
-9 -55 0
-7 -97 0
-9 -98 0
-7 -99 0
-8 -100 0
-9 -101 0
-7 -111 0
-8 -112 0
-9 -113 0
-7 -114 0
-8 -115 0
-9 -116 0
-7 -129 0
-8 -130 0
-9 -131 0
-7 -137 0
-8 -138 0
-9 -139 0
-10 -29 0
-11 -30 0
-12 -31 0
-10 -117 0
-11 -118 0
-12 -119 0
-13 -41 0
-14 -42 0
-15 -43 0
-13 -61 0
-14 -62 0
-15 -63 0
-14 -89 0
-15 -90 0
-13 -94 0
-14 -95 0
-15 -96 0
-13 -99 0
-14 -100 0
-15 -101 0
-13 -108 0
-14 -109 0
-15 -110 0
-13 -120 0
-14 -121 0
-15 -122 0
-13 -137 0
-14 -138 0
-15 -139 0
-16 -21 0
-17 -22 0
-18 -23 0
-16 -41 0
-17 -42 0
-18 -43 0
-16 -84 0
-17 -85 0
-18 -86 0
-16 -132 0
-17 -133 0
-18 -134 0
-20 -28 0
-19 -35 0
-20 -37 0
-19 -87 0
-22 -27 0
-23 -28 0
-24 -67 0
-25 -68 0
-26 -69 0
-25 -82 0
-26 -83 0
-24 -94 0
-25 -95 0
-26 -96 0
-24 -108 0
-25 -109 0
-26 -110 0
-24 -114 0
-25 -115 0
-26 -116 0
-24 -123 0
-25 -124 0
-26 -125 0
-24 -126 0
-25 -127 0
-26 -128 0
-24 -137 0
-25 -138 0
-26 -139 0
-27 -74 0
-28 -75 0
-27 -95 0
-28 -96 0
-28 -98 0
-27 -124 0
-28 -125 0
-27 -138 0
-28 -139 0
-29 -38 0
-30 -39 0
-31 -40 0
-29 -53 0
-30 -54 0
-31 -55 0
-29 -67 0
-30 -68 0
-31 -69 0
-29 -79 0
-30 -80 0
-31 -81 0
-29 -120 0
-30 -121 0
-31 -122 0
-29 -126 0
-30 -127 0
-31 -128 0
-32 -41 0
-33 -42 0
-34 -43 0
-32 -99 0
-33 -100 0
-34 -101 0
-32 -105 0
-33 -106 0
-34 -107 0
-32 -120 0
-33 -121 0
-34 -122 0
-32 -132 0
-33 -133 0
-34 -134 0
-35 -41 0
-36 -42 0
-37 -43 0
-35 -108 0
-36 -109 0
-37 -110 0
-35 -120 0
-36 -121 0
-37 -122 0
-38 -44 0
-39 -45 0
-40 -46 0
-38 -50 0
-39 -51 0
-40 -52 0
-39 -89 0
-40 -90 0
-38 -97 0
-40 -98 0
-38 -111 0
-39 -112 0
-40 -113 0
-38 -129 0
-39 -130 0
-40 -131 0
-38 -132 0
-39 -133 0
-40 -134 0
-38 -137 0
-39 -138 0
-40 -139 0
-41 -70 0
-42 -71 0
-43 -72 0
-41 -73 0
-42 -74 0
-43 -75 0
-41 -76 0
-42 -77 0
-43 -78 0
-41 -84 0
-42 -85 0
-43 -86 0
-41 -108 0
-42 -109 0
-43 -110 0
-44 -58 0
-45 -59 0
-46 -60 0
-44 -61 0
-45 -62 0
-46 -63 0
-45 -82 0
-46 -83 0
-44 -97 0
-46 -98 0
-44 -99 0
-45 -100 0
-46 -101 0
-44 -129 0
-45 -130 0
-46 -131 0
-48 -56 0
-49 -57 0
-47 -70 0
-48 -71 0
-49 -72 0
-47 -99 0
-48 -100 0
-49 -101 0
-47 -114 0
-48 -115 0
-49 -116 0
-51 -89 0
-52 -90 0
-50 -111 0
-51 -112 0
-52 -113 0
-50 -129 0
-51 -130 0
-52 -131 0
-50 -132 0
-51 -133 0
-52 -134 0
-54 -56 0
-55 -57 0
-53 -61 0
-54 -62 0
-55 -63 0
-53 -64 0
-54 -65 0
-55 -66 0
-53 -87 0
-54 -88 0
-53 -108 0
-54 -109 0
-55 -110 0
-56 -80 0
-57 -81 0
-56 -92 0
-57 -93 0
-56 -130 0
-57 -131 0
-56 -135 0
-57 -136 0
-58 -105 0
-59 -106 0
-60 -107 0
-61 -105 0
-62 -106 0
-63 -107 0
-61 -117 0
-62 -118 0
-63 -119 0
-61 -137 0
-62 -138 0
-63 -139 0
-64 -73 0
-65 -74 0
-66 -75 0
-64 -79 0
-65 -80 0
-66 -81 0
-64 -108 0
-65 -109 0
-66 -110 0
-65 -135 0
-66 -136 0
-67 -79 0
-68 -80 0
-69 -81 0
-67 -87 0
-68 -88 0
-67 -94 0
-68 -95 0
-69 -96 0
-67 -117 0
-68 -118 0
-69 -119 0
-70 -94 0
-71 -95 0
-72 -96 0
-70 -97 0
-72 -98 0
-70 -132 0
-71 -133 0
-72 -134 0
-73 -79 0
-74 -80 0
-75 -81 0
-77 -89 0
-78 -90 0
-76 -97 0
-78 -98 0
-76 -105 0
-77 -106 0
-78 -107 0
-79 -94 0
-80 -95 0
-81 -96 0
-79 -126 0
-80 -127 0
-81 -128 0
-79 -132 0
-80 -133 0
-81 -134 0
-82 -88 0
-82 -109 0
-83 -110 0
-82 -112 0
-83 -113 0
-82 -133 0
-83 -134 0
-84 -91 0
-85 -92 0
-86 -93 0
-87 -102 0
-88 -103 0
-89 -100 0
-90 -101 0
-89 -130 0
-90 -131 0
-91 -97 0
-93 -98 0
-91 -99 0
-92 -100 0
-93 -101 0
-97 -102 0
-98 -104 0
-99 -102 0
-100 -103 0
-101 -104 0
-99 -117 0
-100 -118 0
-101 -119 0
-99 -123 0
-100 -124 0
-101 -125 0
-102 -123 0
-103 -124 0
-104 -125 0
-108 -129 0
-109 -130 0
-110 -131 0
-117 -120 0
-118 -121 0
-119 -122 0
-117 -126 0
-118 -127 0
-119 -128 0
-120 -132 0
-121 -133 0
-122 -134 0
-124 -135 0
-125 -136 0
-129 -132 0
-130 -133 0
-131 -134 0
