p cnf 18 58
1 2 -3 0
1 -2 3 0
-1 2 3 0
-1 -2 -3 0
4 5 0
-4 -5 0
6 7 8 9 10 0
6 7 8 -9 -10 0
6 7 -8 9 -10 0
6 7 -8 -9 10 0
6 -7 8 9 -10 0
6 -7 8 -9 10 0
6 -7 -8 9 10 0
6 -7 -8 -9 -10 0
-6 7 8 9 -10 0
-6 7 8 -9 10 0
-6 7 -8 9 10 0
-6 7 -8 -9 -10 0
-6 -7 8 9 10 0
-6 -7 8 -9 -10 0
-6 -7 -8 9 -10 0
-6 -7 -8 -9 10 0
4 6 11 12 0
4 6 -11 -12 0
4 -6 11 -12 0
4 -6 -11 12 0
-4 6 11 -12 0
-4 6 -11 12 0
-4 -6 11 12 0
-4 -6 -11 -12 0
13 -14 0
-13 14 0
7 -13 0
-7 13 0
1 15 0
-1 -15 0
11 16 0
-11 -16 0
2 16 -17 0
2 -16 17 0
-2 16 17 0
-2 -16 -17 0
5 8 0
-5 -8 0
12 18 0
-12 -18 0
3 9 14 17 0
3 9 -14 -17 0
3 -9 14 -17 0
3 -9 -14 17 0
-3 9 14 -17 0
-3 9 -14 17 0
-3 -9 14 17 0
-3 -9 -14 -17 0
10 15 18 0
10 -15 -18 0
-10 15 -18 0
-10 -15 18 0
