p cnf 20 70
1 2 3 0
1 -2 -3 0
-1 2 -3 0
-1 -2 3 0
4 5 0
-4 -5 0
6 7 8 9 10 0
6 7 8 -9 -10 0
6 7 -8 9 -10 0
6 7 -8 -9 10 0
6 -7 8 9 -10 0
6 -7 8 -9 10 0
6 -7 -8 9 10 0
6 -7 -8 -9 -10 0
-6 7 8 9 -10 0
-6 7 8 -9 10 0
-6 7 -8 9 10 0
-6 7 -8 -9 -10 0
-6 -7 8 9 10 0
-6 -7 8 -9 -10 0
-6 -7 -8 9 -10 0
-6 -7 -8 -9 10 0
4 6 11 12 13 0
4 6 11 -12 -13 0
4 6 -11 12 -13 0
4 6 -11 -12 13 0
4 -6 11 12 -13 0
4 -6 11 -12 13 0
4 -6 -11 12 13 0
4 -6 -11 -12 -13 0
-4 6 11 12 -13 0
-4 6 11 -12 13 0
-4 6 -11 12 13 0
-4 6 -11 -12 -13 0
-4 -6 11 12 13 0
-4 -6 11 -12 -13 0
-4 -6 -11 12 -13 0
-4 -6 -11 -12 13 0
14 -15 0
-14 15 0
7 -14 0
-7 14 0
1 16 17 0
1 -16 -17 0
-1 16 -17 0
-1 -16 17 0
11 18 0
-11 -18 0
2 18 -19 0
2 -18 19 0
-2 18 19 0
-2 -18 -19 0
5 8 0
-5 -8 0
12 -20 0
-12 20 0
13 -16 0
-13 16 0
3 9 15 19 0
3 9 -15 -19 0
3 -9 15 -19 0
3 -9 -15 19 0
-3 9 15 -19 0
-3 9 -15 19 0
-3 -9 15 19 0
-3 -9 -15 -19 0
10 17 20 0
10 -17 -20 0
-10 17 -20 0
-10 -17 20 0
