p cnf 31 216
1 2 3 4 0
1 2 3 5 0
1 2 3 6 0
1 2 4 5 0
1 2 4 6 0
1 2 5 6 0
1 3 4 5 0
1 3 4 6 0
1 3 5 6 0
1 4 5 6 0
2 3 4 5 0
2 3 4 6 0
2 3 5 6 0
2 4 5 6 0
3 4 5 6 0
1 2 3 4 5 0
1 2 3 4 6 0
1 2 3 5 6 0
1 2 4 5 6 0
1 3 4 5 6 0
2 3 4 5 6 0
7 8 9 0
7 8 10 0
7 8 11 0
7 8 12 0
7 9 10 0
7 9 11 0
7 9 12 0
7 10 11 0
7 10 12 0
7 11 12 0
8 9 10 0
8 9 11 0
8 9 12 0
8 10 11 0
8 10 12 0
8 11 12 0
9 10 11 0
9 10 12 0
9 11 12 0
10 11 12 0
7 8 9 10 0
7 8 9 11 0
7 8 9 12 0
7 8 10 11 0
7 8 10 12 0
7 8 11 12 0
7 9 10 11 0
7 9 10 12 0
7 9 11 12 0
7 10 11 12 0
8 9 10 11 0
8 9 10 12 0
8 9 11 12 0
8 10 11 12 0
9 10 11 12 0
7 8 9 10 0
7 8 9 11 0
7 8 9 12 0
7 8 10 11 0
7 8 10 12 0
7 8 11 12 0
7 9 10 11 0
7 9 10 12 0
7 9 11 12 0
7 10 11 12 0
8 9 10 11 0
8 9 10 12 0
8 9 11 12 0
8 10 11 12 0
9 10 11 12 0
7 8 9 10 11 0
7 8 9 10 12 0
7 8 9 11 12 0
7 8 10 11 12 0
7 9 10 11 12 0
8 9 10 11 12 0
13 14 15 0
13 14 16 0
13 14 15 16 0
13 15 16 0
14 15 16 0
17 18 19 20 0
17 18 19 21 0
17 18 19 0
17 18 20 21 0
17 18 20 0
17 18 21 0
17 19 20 21 0
17 19 20 0
17 19 21 0
17 20 21 0
18 19 20 21 0
18 19 20 0
18 19 21 0
18 20 21 0
19 20 21 0
22 23 24 25 0
22 23 24 26 0
22 23 25 26 0
22 24 25 26 0
22 23 24 25 26 0
23 24 25 26 0
27 28 29 0
27 28 0
27 28 30 0
27 28 31 0
27 28 29 0
27 28 29 30 0
27 28 29 31 0
27 28 30 0
27 28 31 0
27 28 30 31 0
27 29 0
27 29 30 0
27 29 31 0
27 30 0
27 31 0
27 30 31 0
27 29 30 0
27 29 31 0
27 29 30 31 0
27 30 31 0
27 28 29 0
27 28 29 30 0
27 28 29 31 0
27 28 30 0
27 28 31 0
27 28 30 31 0
27 28 29 30 0
27 28 29 31 0
27 28 29 30 31 0
27 28 30 31 0
27 29 30 0
27 29 31 0
27 29 30 31 0
27 30 31 0
27 29 30 31 0
28 29 0
28 29 30 0
28 29 31 0
28 30 0
28 31 0
28 30 31 0
28 29 30 0
28 29 31 0
28 29 30 31 0
28 30 31 0
29 30 0
29 31 0
29 30 31 0
30 31 0
29 30 31 0
28 29 30 0
28 29 31 0
28 29 30 31 0
28 30 31 0
28 29 30 31 0
29 30 31 0
-17 -22 -27 0
-2 -7 -14 -19 0
-2 -7 -14 -23 0
-2 -7 -14 -28 0
-2 -7 -19 -23 0
-2 -7 -19 -28 0
-2 -7 -23 -28 0
-2 -14 -19 -23 0
-2 -14 -19 -28 0
-2 -14 -23 -28 0
-2 -19 -23 -28 0
-7 -14 -19 -23 0
-7 -14 -19 -28 0
-7 -14 -23 -28 0
-7 -19 -23 -28 0
-14 -19 -23 -28 0
-3 -8 -20 0
-3 -8 0
-3 -8 -20 0
-3 -20 0
-8 -20 0
-4 -9 0
-4 -9 -24 0
-4 -9 -29 0
-4 -9 -24 0
-4 -9 -29 0
-4 -9 -24 -29 0
-4 -24 0
-4 -29 0
-4 -24 -29 0
-4 -24 -29 0
-9 -24 0
-9 -29 0
-9 -24 -29 0
-9 -24 -29 0
-24 -29 0
-5 -10 -25 0
-6 -11 -15 -21 0
-6 -11 -15 0
-6 -11 -15 -30 0
-6 -11 -21 0
-6 -11 -21 -30 0
-6 -11 -30 0
-6 -15 -21 0
-6 -15 -21 -30 0
-6 -15 -30 0
-6 -21 -30 0
-11 -15 -21 0
-11 -15 -21 -30 0
-11 -15 -30 0
-11 -21 -30 0
-15 -21 -30 0
-12 -16 -26 0
-12 -16 -31 0
-12 -26 -31 0
-16 -26 -31 0
-12 -16 -26 -31 0
