p cnf 34 224
1 2 3 4 0
1 2 3 5 0
1 2 3 6 0
1 2 4 5 0
1 2 4 6 0
1 2 5 6 0
1 3 4 5 0
1 3 4 6 0
1 3 5 6 0
1 4 5 6 0
2 3 4 5 0
2 3 4 6 0
2 3 5 6 0
2 4 5 6 0
3 4 5 6 0
1 2 3 4 5 0
1 2 3 4 6 0
1 2 3 5 6 0
1 2 4 5 6 0
1 3 4 5 6 0
2 3 4 5 6 0
7 8 9 0
7 8 10 0
7 8 11 0
7 8 12 0
7 9 10 0
7 9 11 0
7 9 12 0
7 10 11 0
7 10 12 0
7 11 12 0
8 9 10 0
8 9 11 0
8 9 12 0
8 10 11 0
8 10 12 0
8 11 12 0
9 10 11 0
9 10 12 0
9 11 12 0
10 11 12 0
7 8 9 10 0
7 8 9 11 0
7 8 9 12 0
7 8 10 11 0
7 8 10 12 0
7 8 11 12 0
7 9 10 11 0
7 9 10 12 0
7 9 11 12 0
7 10 11 12 0
8 9 10 11 0
8 9 10 12 0
8 9 11 12 0
8 10 11 12 0
9 10 11 12 0
7 8 9 10 0
7 8 9 11 0
7 8 9 12 0
7 8 10 11 0
7 8 10 12 0
7 8 11 12 0
7 9 10 11 0
7 9 10 12 0
7 9 11 12 0
7 10 11 12 0
8 9 10 11 0
8 9 10 12 0
8 9 11 12 0
8 10 11 12 0
9 10 11 12 0
7 8 9 10 11 0
7 8 9 10 12 0
7 8 9 11 12 0
7 8 10 11 12 0
7 9 10 11 12 0
8 9 10 11 12 0
13 14 15 16 0
13 14 15 17 0
13 14 16 17 0
13 15 16 17 0
14 15 16 17 0
18 19 20 21 0
18 19 20 22 0
18 19 20 0
18 19 21 22 0
18 19 21 0
18 19 22 0
18 20 21 22 0
18 20 21 0
18 20 22 0
18 21 22 0
19 20 21 22 0
19 20 21 0
19 20 22 0
19 21 22 0
20 21 22 0
23 24 25 26 27 0
23 24 25 26 28 0
23 24 25 27 28 0
23 24 26 27 28 0
23 25 26 27 28 0
24 25 26 27 28 0
29 30 31 32 0
29 30 31 0
29 30 31 33 0
29 30 31 34 0
29 30 31 32 0
29 30 31 32 33 0
29 30 31 32 34 0
29 30 31 33 0
29 30 31 34 0
29 30 31 33 34 0
29 30 32 0
29 30 32 33 0
29 30 32 34 0
29 30 33 0
29 30 34 0
29 30 33 34 0
29 30 32 33 0
29 30 32 34 0
29 30 32 33 34 0
29 30 33 34 0
29 31 32 0
29 31 32 33 0
29 31 32 34 0
29 31 33 0
29 31 34 0
29 31 33 34 0
29 31 32 33 0
29 31 32 34 0
29 31 32 33 34 0
29 31 33 34 0
29 32 33 0
29 32 34 0
29 32 33 34 0
29 33 34 0
29 32 33 34 0
30 31 32 0
30 31 32 33 0
30 31 32 34 0
30 31 33 0
30 31 34 0
30 31 33 34 0
30 31 32 33 0
30 31 32 34 0
30 31 32 33 34 0
30 31 33 34 0
30 32 33 0
30 32 34 0
30 32 33 34 0
30 33 34 0
30 32 33 34 0
31 32 33 0
31 32 34 0
31 32 33 34 0
31 33 34 0
31 32 33 34 0
32 33 34 0
-18 -23 -29 0
-1 -13 -19 -24 0
-1 -13 -19 -30 0
-1 -13 -24 -30 0
-1 -19 -24 -30 0
-13 -19 -24 -30 0
-2 -7 -14 -20 0
-2 -7 -14 -25 0
-2 -7 -14 -31 0
-2 -7 -20 -25 0
-2 -7 -20 -31 0
-2 -7 -25 -31 0
-2 -14 -20 -25 0
-2 -14 -20 -31 0
-2 -14 -25 -31 0
-2 -20 -25 -31 0
-7 -14 -20 -25 0
-7 -14 -20 -31 0
-7 -14 -25 -31 0
-7 -20 -25 -31 0
-14 -20 -25 -31 0
-3 -8 -21 0
-3 -8 0
-3 -8 -21 0
-3 -21 0
-8 -21 0
-4 -9 0
-4 -9 -26 0
-4 -9 -32 0
-4 -9 -26 0
-4 -9 -32 0
-4 -9 -26 -32 0
-4 -26 0
-4 -32 0
-4 -26 -32 0
-4 -26 -32 0
-9 -26 0
-9 -32 0
-9 -26 -32 0
-9 -26 -32 0
-26 -32 0
-5 -10 -15 0
-5 -10 -27 0
-5 -15 -27 0
-10 -15 -27 0
-6 -11 -16 -22 0
-6 -11 -16 0
-6 -11 -16 -33 0
-6 -11 -22 0
-6 -11 -22 -33 0
-6 -11 -33 0
-6 -16 -22 0
-6 -16 -22 -33 0
-6 -16 -33 0
-6 -22 -33 0
-11 -16 -22 0
-11 -16 -22 -33 0
-11 -16 -33 0
-11 -22 -33 0
-16 -22 -33 0
-12 -17 -28 0
-12 -17 -34 0
-12 -28 -34 0
-17 -28 -34 0
-12 -17 -28 -34 0
