p cnf 87 363
1 2 0
-1 -2 0
3 4 0
-3 -4 0
5 6 7 0
-5 -6 0
-5 -7 0
-6 -7 0
8 9 10 0
-8 -9 0
-8 -10 0
-9 -10 0
11 12 13 0
-11 -12 0
-11 -13 0
-12 -13 0
14 15 16 0
-14 -15 0
-14 -16 0
-15 -16 0
17 18 19 0
-17 -18 0
-17 -19 0
-18 -19 0
20 21 22 0
-20 -21 0
-20 -22 0
-21 -22 0
23 24 25 0
-23 -24 0
-23 -25 0
-24 -25 0
26 27 0
-26 -27 0
28 29 30 0
-28 -29 0
-28 -30 0
-29 -30 0
31 32 33 0
-31 -32 0
-31 -33 0
-32 -33 0
34 35 36 0
-34 -35 0
-34 -36 0
-35 -36 0
37 38 39 0
-37 -38 0
-37 -39 0
-38 -39 0
40 41 42 0
-40 -41 0
-40 -42 0
-41 -42 0
43 44 45 0
-43 -44 0
-43 -45 0
-44 -45 0
46 47 48 0
-46 -47 0
-46 -48 0
-47 -48 0
49 50 51 0
-49 -50 0
-49 -51 0
-50 -51 0
52 53 54 0
-52 -53 0
-52 -54 0
-53 -54 0
55 56 57 0
-55 -56 0
-55 -57 0
-56 -57 0
58 59 60 0
-58 -59 0
-58 -60 0
-59 -60 0
61 62 63 0
-61 -62 0
-61 -63 0
-62 -63 0
64 65 66 0
-64 -65 0
-64 -66 0
-65 -66 0
67 68 69 0
-67 -68 0
-67 -69 0
-68 -69 0
70 71 72 0
-70 -71 0
-70 -72 0
-71 -72 0
73 74 75 0
-73 -74 0
-73 -75 0
-74 -75 0
76 77 78 0
-76 -77 0
-76 -78 0
-77 -78 0
79 80 81 0
-79 -80 0
-79 -81 0
-80 -81 0
82 83 84 0
-82 -83 0
-82 -84 0
-83 -84 0
85 86 87 0
-85 -86 0
-85 -87 0
-86 -87 0
-1 -5 0
-2 -7 0
-1 -8 0
-2 -10 0
-1 -14 0
-2 -16 0
-1 -26 0
-2 -27 0
-1 -34 0
-2 -36 0
-1 -37 0
-2 -39 0
-1 -40 0
-2 -42 0
-1 -52 0
-2 -54 0
-1 -64 0
-2 -66 0
-1 -67 0
-2 -69 0
-3 -35 0
-4 -36 0
-3 -77 0
-4 -78 0
-3 -80 0
-4 -81 0
-3 -83 0
-4 -84 0
-3 -86 0
-4 -87 0
-5 -17 0
-6 -18 0
-7 -19 0
-5 -26 0
-7 -27 0
-5 -31 0
-6 -32 0
-7 -33 0
-5 -34 0
-6 -35 0
-7 -36 0
-5 -43 0
-6 -44 0
-7 -45 0
-5 -49 0
-6 -50 0
-7 -51 0
-5 -64 0
-6 -65 0
-7 -66 0
-5 -79 0
-6 -80 0
-7 -81 0
-8 -14 0
-9 -15 0
-10 -16 0
-8 -20 0
-9 -21 0
-10 -22 0
-8 -43 0
-9 -44 0
-10 -45 0
-8 -52 0
-9 -53 0
-10 -54 0
-8 -76 0
-9 -77 0
-10 -78 0
-11 -49 0
-12 -50 0
-13 -51 0
-11 -58 0
-12 -59 0
-13 -60 0
-11 -64 0
-12 -65 0
-13 -66 0
-11 -67 0
-12 -68 0
-13 -69 0
-11 -76 0
-12 -77 0
-13 -78 0
-11 -82 0
-12 -83 0
-13 -84 0
-11 -85 0
-12 -86 0
-13 -87 0
-14 -17 0
-15 -18 0
-16 -19 0
-14 -20 0
-15 -21 0
-16 -22 0
-14 -26 0
-16 -27 0
-14 -49 0
-15 -50 0
-16 -51 0
-17 -58 0
-18 -59 0
-19 -60 0
-17 -76 0
-18 -77 0
-19 -78 0
-17 -79 0
-18 -80 0
-19 -81 0
-17 -82 0
-18 -83 0
-19 -84 0
-17 -85 0
-18 -86 0
-19 -87 0
-20 -23 0
-21 -24 0
-22 -25 0
-20 -34 0
-21 -35 0
-22 -36 0
-20 -40 0
-21 -41 0
-22 -42 0
-20 -46 0
-21 -47 0
-22 -48 0
-20 -49 0
-21 -50 0
-22 -51 0
-20 -76 0
-21 -77 0
-22 -78 0
-23 -49 0
-24 -50 0
-25 -51 0
-23 -58 0
-24 -59 0
-25 -60 0
-26 -28 0
-27 -30 0
-26 -40 0
-27 -42 0
-26 -64 0
-27 -66 0
-26 -79 0
-27 -81 0
-28 -43 0
-29 -44 0
-30 -45 0
-28 -70 0
-29 -71 0
-30 -72 0
-28 -79 0
-29 -80 0
-30 -81 0
-28 -82 0
-29 -83 0
-30 -84 0
-31 -49 0
-32 -50 0
-33 -51 0
-34 -58 0
-35 -59 0
-36 -60 0
-34 -67 0
-35 -68 0
-36 -69 0
-37 -40 0
-38 -41 0
-39 -42 0
-37 -52 0
-38 -53 0
-39 -54 0
-37 -55 0
-38 -56 0
-39 -57 0
-37 -58 0
-38 -59 0
-39 -60 0
-37 -61 0
-38 -62 0
-39 -63 0
-37 -70 0
-38 -71 0
-39 -72 0
-37 -85 0
-38 -86 0
-39 -87 0
-40 -85 0
-41 -86 0
-42 -87 0
-43 -52 0
-44 -53 0
-45 -54 0
-43 -58 0
-44 -59 0
-45 -60 0
-43 -61 0
-44 -62 0
-45 -63 0
-43 -76 0
-44 -77 0
-45 -78 0
-43 -82 0
-44 -83 0
-45 -84 0
-46 -58 0
-47 -59 0
-48 -60 0
-46 -79 0
-47 -80 0
-48 -81 0
-49 -52 0
-50 -53 0
-51 -54 0
-49 -67 0
-50 -68 0
-51 -69 0
-49 -70 0
-50 -71 0
-51 -72 0
-52 -76 0
-53 -77 0
-54 -78 0
-52 -79 0
-53 -80 0
-54 -81 0
-61 -64 0
-62 -65 0
-63 -66 0
-61 -70 0
-62 -71 0
-63 -72 0
-64 -85 0
-65 -86 0
-66 -87 0
-67 -73 0
-68 -74 0
-69 -75 0
-67 -76 0
-68 -77 0
-69 -78 0
-73 -76 0
-74 -77 0
-75 -78 0
-73 -79 0
-74 -80 0
-75 -81 0
