p cnf 85 707
9 27 35 60 68 0
19 69 0
10 29 45 53 62 0
2 20 38 0
22 56 64 82 0
23 39 47 65 83 0
6 24 40 48 57 0
7 16 0
50 59 0
-1 -19 0
-1 -20 2 0
-1 -21 3 0
-1 -22 4 0
-1 -23 5 0
-1 -24 6 0
-1 -25 7 0
-1 -26 8 0
-2 -28 0
-2 -29 1 0
-2 -30 3 0
-2 -31 4 0
-2 -32 5 0
-2 6 0
-2 -33 7 0
-2 -34 8 0
-3 -36 0
-3 -37 1 0
-3 -38 2 0
-3 -39 5 0
-3 -40 6 0
-3 -41 7 0
-3 -42 8 0
-4 -44 0
-4 -45 1 0
-4 -46 2 0
-4 3 0
-4 -47 5 0
-4 -48 6 0
-4 -49 7 0
-4 -50 8 0
-5 -52 0
-5 -53 1 0
-5 -54 2 0
-5 -55 3 0
-5 -56 4 0
-5 -57 6 0
-5 -58 7 0
-5 -59 8 0
-6 -61 0
-6 -62 1 0
-6 -63 3 0
-6 -64 4 0
-6 -65 5 0
-6 -66 7 0
-6 -67 8 0
-7 -69 0
-7 -70 1 0
-7 -71 2 0
-7 -72 3 0
-7 -73 4 0
-7 -74 5 0
-7 -75 6 0
-7 -76 8 0
-8 -78 0
-8 -79 1 0
-8 -80 2 0
-8 -81 3 0
-8 -82 4 0
-8 -83 5 0
-8 -84 6 0
-8 -85 7 0
-9 -1 10 0
-9 -2 11 0
-9 -3 12 0
-9 -4 13 0
-9 -5 14 0
-9 -6 15 0
-9 -7 16 0
-9 -8 17 0
-10 -18 9 0
-10 -20 11 0
-10 -21 12 0
-10 -22 13 0
-10 -23 14 0
-10 -24 15 0
-10 -25 16 0
-10 -26 17 0
-11 -27 9 0
-11 -29 10 0
-11 -30 12 0
-11 -31 13 0
-11 -32 14 0
-11 15 0
-11 -33 16 0
-11 -34 17 0
-12 -35 9 0
-12 -37 10 0
-12 -38 11 0
-12 -39 14 0
-12 -40 15 0
-12 -41 16 0
-12 -42 17 0
-13 -43 9 0
-13 -45 10 0
-13 -46 11 0
-13 12 0
-13 -47 14 0
-13 -48 15 0
-13 -49 16 0
-13 -50 17 0
-14 -51 9 0
-14 -53 10 0
-14 -54 11 0
-14 -55 12 0
-14 -56 13 0
-14 -57 15 0
-14 -58 16 0
-14 -59 17 0
-15 -60 9 0
-15 -62 10 0
-15 -63 12 0
-15 -64 13 0
-15 -65 14 0
-15 -66 16 0
-15 -67 17 0
-16 -68 9 0
-16 -70 10 0
-16 -71 11 0
-16 -72 12 0
-16 -73 13 0
-16 -74 14 0
-16 -75 15 0
-16 -76 17 0
-17 -77 9 0
-17 -79 10 0
-17 -80 11 0
-17 -81 12 0
-17 -82 13 0
-17 -83 14 0
-17 -84 15 0
-17 -85 16 0
-18 -2 20 0
-18 -3 21 0
-18 -4 22 0
-18 -5 23 0
-18 -6 24 0
-18 -7 25 0
-18 -8 26 0
-19 -9 18 0
-19 -11 20 0
-19 -12 21 0
-19 -13 22 0
-19 -14 23 0
-19 -15 24 0
-19 -16 25 0
-19 -17 26 0
-20 -27 18 0
-20 -28 19 0
-20 -30 21 0
-20 -31 22 0
-20 -32 23 0
-20 24 0
-20 -33 25 0
-20 -34 26 0
-21 -35 18 0
-21 -36 19 0
-21 -38 20 0
-21 -39 23 0
-21 -40 24 0
-21 -41 25 0
-21 -42 26 0
-22 -43 18 0
-22 -44 19 0
-22 -46 20 0
-22 21 0
-22 -47 23 0
-22 -48 24 0
-22 -49 25 0
-22 -50 26 0
-23 -51 18 0
-23 -52 19 0
-23 -54 20 0
-23 -55 21 0
-23 -56 22 0
-23 -57 24 0
-23 -58 25 0
-23 -59 26 0
-24 -60 18 0
-24 -61 19 0
-24 -63 21 0
-24 -64 22 0
-24 -65 23 0
-24 -66 25 0
-24 -67 26 0
-25 -68 18 0
-25 -69 19 0
-25 -71 20 0
-25 -72 21 0
-25 -73 22 0
-25 -74 23 0
-25 -75 24 0
-25 -76 26 0
-26 -77 18 0
-26 -78 19 0
-26 -80 20 0
-26 -81 21 0
-26 -82 22 0
-26 -83 23 0
-26 -84 24 0
-26 -85 25 0
-27 -1 29 0
-27 -3 30 0
-27 -4 31 0
-27 -5 32 0
-27 -7 33 0
-27 -8 34 0
-28 -9 27 0
-28 -10 29 0
-28 -12 30 0
-28 -13 31 0
-28 -14 32 0
-28 -16 33 0
-28 -17 34 0
-29 -18 27 0
-29 -19 28 0
-29 -21 30 0
-29 -22 31 0
-29 -23 32 0
-29 -25 33 0
-29 -26 34 0
-30 -35 27 0
-30 -36 28 0
-30 -37 29 0
-30 -39 32 0
-30 -41 33 0
-30 -42 34 0
-31 -43 27 0
-31 -44 28 0
-31 -45 29 0
-31 30 0
-31 -47 32 0
-31 -49 33 0
-31 -50 34 0
-32 -51 27 0
-32 -52 28 0
-32 -53 29 0
-32 -55 30 0
-32 -56 31 0
-32 -58 33 0
-32 -59 34 0
-60 27 0
-61 28 0
-62 29 0
-63 30 0
-64 31 0
-65 32 0
-66 33 0
-67 34 0
-33 -68 27 0
-33 -69 28 0
-33 -70 29 0
-33 -72 30 0
-33 -73 31 0
-33 -74 32 0
-33 -76 34 0
-34 -77 27 0
-34 -78 28 0
-34 -79 29 0
-34 -81 30 0
-34 -82 31 0
-34 -83 32 0
-34 -85 33 0
-35 -1 37 0
-35 -2 38 0
-35 -4 0
-35 -5 39 0
-35 -6 40 0
-35 -7 41 0
-35 -8 42 0
-36 -9 35 0
-36 -10 37 0
-36 -11 38 0
-36 -13 0
-36 -14 39 0
-36 -15 40 0
-36 -16 41 0
-36 -17 42 0
-37 -18 35 0
-37 -19 36 0
-37 -20 38 0
-37 -22 0
-37 -23 39 0
-37 -24 40 0
-37 -25 41 0
-37 -26 42 0
-38 -27 35 0
-38 -28 36 0
-38 -29 37 0
-38 -31 0
-38 -32 39 0
-38 40 0
-38 -33 41 0
-38 -34 42 0
-39 -51 35 0
-39 -52 36 0
-39 -53 37 0
-39 -54 38 0
-39 -56 0
-39 -57 40 0
-39 -58 41 0
-39 -59 42 0
-40 -60 35 0
-40 -61 36 0
-40 -62 37 0
-40 -64 0
-40 -65 39 0
-40 -66 41 0
-40 -67 42 0
-41 -68 35 0
-41 -69 36 0
-41 -70 37 0
-41 -71 38 0
-41 -73 0
-41 -74 39 0
-41 -75 40 0
-41 -76 42 0
-42 -77 35 0
-42 -78 36 0
-42 -79 37 0
-42 -80 38 0
-42 -82 0
-42 -83 39 0
-42 -84 40 0
-42 -85 41 0
-43 -1 45 0
-43 -2 46 0
-43 -5 47 0
-43 -6 48 0
-43 -7 49 0
-43 -8 50 0
-44 -9 43 0
-44 -10 45 0
-44 -11 46 0
-44 -14 47 0
-44 -15 48 0
-44 -16 49 0
-44 -17 50 0
-45 -18 43 0
-45 -19 44 0
-45 -20 46 0
-45 -23 47 0
-45 -24 48 0
-45 -25 49 0
-45 -26 50 0
-46 -27 43 0
-46 -28 44 0
-46 -29 45 0
-46 -32 47 0
-46 48 0
-46 -33 49 0
-46 -34 50 0
-35 43 0
-36 44 0
-37 45 0
-38 46 0
-39 47 0
-40 48 0
-41 49 0
-42 50 0
-47 -51 43 0
-47 -52 44 0
-47 -53 45 0
-47 -54 46 0
-47 -57 48 0
-47 -58 49 0
-47 -59 50 0
-48 -60 43 0
-48 -61 44 0
-48 -62 45 0
-48 -65 47 0
-48 -66 49 0
-48 -67 50 0
-49 -68 43 0
-49 -69 44 0
-49 -70 45 0
-49 -71 46 0
-49 -74 47 0
-49 -75 48 0
-49 -76 50 0
-50 -77 43 0
-50 -78 44 0
-50 -79 45 0
-50 -80 46 0
-50 -83 47 0
-50 -84 48 0
-50 -85 49 0
-51 -1 53 0
-51 -2 54 0
-51 -3 55 0
-51 -4 56 0
-51 -6 57 0
-51 -7 58 0
-51 -8 59 0
-52 -9 51 0
-52 -10 53 0
-52 -11 54 0
-52 -12 55 0
-52 -13 56 0
-52 -15 57 0
-52 -16 58 0
-52 -17 59 0
-53 -18 51 0
-53 -19 52 0
-53 -20 54 0
-53 -21 55 0
-53 -22 56 0
-53 -24 57 0
-53 -25 58 0
-53 -26 59 0
-54 -27 51 0
-54 -28 52 0
-54 -29 53 0
-54 -30 55 0
-54 -31 56 0
-54 57 0
-54 -33 58 0
-54 -34 59 0
-55 -35 51 0
-55 -36 52 0
-55 -37 53 0
-55 -38 54 0
-55 -40 57 0
-55 -41 58 0
-55 -42 59 0
-56 -43 51 0
-56 -44 52 0
-56 -45 53 0
-56 -46 54 0
-56 55 0
-56 -48 57 0
-56 -49 58 0
-56 -50 59 0
-57 -60 51 0
-57 -61 52 0
-57 -62 53 0
-57 -63 55 0
-57 -64 56 0
-57 -66 58 0
-57 -67 59 0
-58 -68 51 0
-58 -69 52 0
-58 -70 53 0
-58 -71 54 0
-58 -72 55 0
-58 -73 56 0
-58 -75 57 0
-58 -76 59 0
-59 -77 51 0
-59 -78 52 0
-59 -79 53 0
-59 -80 54 0
-59 -81 55 0
-59 -82 56 0
-59 -84 57 0
-59 -85 58 0
-60 -1 62 0
-60 -2 0
-60 -3 63 0
-60 -4 64 0
-60 -5 65 0
-60 -7 66 0
-60 -8 67 0
-61 -9 60 0
-61 -10 62 0
-61 -11 0
-61 -12 63 0
-61 -13 64 0
-61 -14 65 0
-61 -16 66 0
-61 -17 67 0
-62 -18 60 0
-62 -19 61 0
-62 -20 0
-62 -21 63 0
-62 -22 64 0
-62 -23 65 0
-62 -25 66 0
-62 -26 67 0
-63 -35 60 0
-63 -36 61 0
-63 -37 62 0
-63 -38 0
-63 -39 65 0
-63 -41 66 0
-63 -42 67 0
-64 -43 60 0
-64 -44 61 0
-64 -45 62 0
-64 -46 0
-64 63 0
-64 -47 65 0
-64 -49 66 0
-64 -50 67 0
-65 -51 60 0
-65 -52 61 0
-65 -53 62 0
-65 -54 0
-65 -55 63 0
-65 -56 64 0
-65 -58 66 0
-65 -59 67 0
-66 -68 60 0
-66 -69 61 0
-66 -70 62 0
-66 -71 0
-66 -72 63 0
-66 -73 64 0
-66 -74 65 0
-66 -76 67 0
-67 -77 60 0
-67 -78 61 0
-67 -79 62 0
-67 -80 0
-67 -81 63 0
-67 -82 64 0
-67 -83 65 0
-67 -85 66 0
-68 -1 70 0
-68 -2 71 0
-68 -3 72 0
-68 -4 73 0
-68 -5 74 0
-68 -6 75 0
-68 -8 76 0
-69 -9 68 0
-69 -10 70 0
-69 -11 71 0
-69 -12 72 0
-69 -13 73 0
-69 -14 74 0
-69 -15 75 0
-69 -17 76 0
-70 -18 68 0
-70 -19 69 0
-70 -20 71 0
-70 -21 72 0
-70 -22 73 0
-70 -23 74 0
-70 -24 75 0
-70 -26 76 0
-71 -27 68 0
-71 -28 69 0
-71 -29 70 0
-71 -30 72 0
-71 -31 73 0
-71 -32 74 0
-71 75 0
-71 -34 76 0
-72 -35 68 0
-72 -36 69 0
-72 -37 70 0
-72 -38 71 0
-72 -39 74 0
-72 -40 75 0
-72 -42 76 0
-73 -43 68 0
-73 -44 69 0
-73 -45 70 0
-73 -46 71 0
-73 72 0
-73 -47 74 0
-73 -48 75 0
-73 -50 76 0
-74 -51 68 0
-74 -52 69 0
-74 -53 70 0
-74 -54 71 0
-74 -55 72 0
-74 -56 73 0
-74 -57 75 0
-74 -59 76 0
-75 -60 68 0
-75 -61 69 0
-75 -62 70 0
-75 -63 72 0
-75 -64 73 0
-75 -65 74 0
-75 -67 76 0
-76 -77 68 0
-76 -78 69 0
-76 -79 70 0
-76 -80 71 0
-76 -81 72 0
-76 -82 73 0
-76 -83 74 0
-76 -84 75 0
-77 -1 79 0
-77 -2 80 0
-77 -3 81 0
-77 -4 82 0
-77 -5 83 0
-77 -6 84 0
-77 -7 85 0
-78 -9 77 0
-78 -10 79 0
-78 -11 80 0
-78 -12 81 0
-78 -13 82 0
-78 -14 83 0
-78 -15 84 0
-78 -16 85 0
-79 -18 77 0
-79 -19 78 0
-79 -20 80 0
-79 -21 81 0
-79 -22 82 0
-79 -23 83 0
-79 -24 84 0
-79 -25 85 0
-80 -27 77 0
-80 -28 78 0
-80 -29 79 0
-80 -30 81 0
-80 -31 82 0
-80 -32 83 0
-80 84 0
-80 -33 85 0
-81 -35 77 0
-81 -36 78 0
-81 -37 79 0
-81 -38 80 0
-81 -39 83 0
-81 -40 84 0
-81 -41 85 0
-82 -43 77 0
-82 -44 78 0
-82 -45 79 0
-82 -46 80 0
-82 81 0
-82 -47 83 0
-82 -48 84 0
-82 -49 85 0
-83 -51 77 0
-83 -52 78 0
-83 -53 79 0
-83 -54 80 0
-83 -55 81 0
-83 -56 82 0
-83 -57 84 0
-83 -58 85 0
-84 -60 77 0
-84 -61 78 0
-84 -62 79 0
-84 -63 81 0
-84 -64 82 0
-84 -65 83 0
-84 -66 85 0
-85 -68 77 0
-85 -69 78 0
-85 -70 79 0
-85 -71 80 0
-85 -72 81 0
-85 -73 82 0
-85 -74 83 0
-85 -75 84 0
-1 -18 0
-2 -27 0
-3 -35 0
-4 -43 0
-5 -51 0
-6 -60 0
-7 -68 0
-8 -77 0
-10 -19 0
-11 -28 0
-12 -36 0
-13 -44 0
-14 -52 0
-15 -61 0
-16 -69 0
-17 -78 0
-20 -29 0
-21 -37 0
-22 -45 0
-23 -53 0
-24 -62 0
-25 -70 0
-26 -79 0
-30 -38 0
-31 -46 0
-32 -54 0
-33 -71 0
-34 -80 0
-39 -55 0
-40 -63 0
-41 -72 0
-42 -81 0
-47 -56 0
-48 -64 0
-49 -73 0
-50 -82 0
-57 -65 0
-58 -74 0
-59 -83 0
-66 -75 0
-67 -84 0
-76 -85 0
