p cnf 73 548
9 25 29 50 59 0
1 19 60 0
10 36 45 52 0
4 38 47 54 0
20 31 48 55 70 0
21 32 39 56 71 0
6 22 33 40 0
7 16 0
42 49 0
-1 -10 2 0
-1 -11 3 0
-1 -12 4 0
-1 -13 0
-1 -14 5 0
-1 -15 6 0
-1 -16 7 0
-1 -17 8 0
-2 -19 1 0
-2 3 0
-2 4 0
-2 -20 0
-2 -21 5 0
-2 -22 6 0
-2 -23 7 0
-2 -24 8 0
-3 -26 1 0
-3 -27 0
-3 -28 5 0
-4 -30 1 0
-4 3 0
-4 -31 0
-4 -32 5 0
-4 -33 6 0
-4 -34 7 0
-5 -44 1 0
-5 -45 2 0
-5 -46 3 0
-5 -47 4 0
-5 -48 0
-5 -49 8 0
-6 -51 1 0
-6 -52 2 0
-6 -53 3 0
-6 -54 4 0
-6 -55 0
-6 -56 5 0
-6 -57 7 0
-6 -58 8 0
-7 -60 1 0
-7 -61 2 0
-7 3 0
-7 -62 4 0
-7 -63 0
-7 5 0
-7 -64 8 0
-8 -66 1 0
-8 -67 2 0
-8 -68 3 0
-8 -69 4 0
-8 -70 0
-8 -71 5 0
-8 -72 6 0
-8 -73 7 0
-9 -2 10 0
-9 -3 11 0
-9 -4 12 0
-9 -5 14 0
-9 -6 15 0
-9 -7 16 0
-9 -8 17 0
-10 -18 9 0
-10 11 0
-10 12 0
-10 -20 13 0
-10 -21 14 0
-10 -22 15 0
-10 -23 16 0
-10 -24 17 0
-11 -25 9 0
-11 -27 13 0
-11 -28 14 0
-12 -29 9 0
-12 11 0
-12 -31 13 0
-12 -32 14 0
-12 -33 15 0
-12 -34 16 0
-13 9 0
-13 -36 10 0
-13 -37 11 0
-13 -38 12 0
-13 -39 14 0
-13 -40 15 0
-13 -41 16 0
-13 -42 17 0
-14 -43 9 0
-14 -45 10 0
-14 -46 11 0
-14 -47 12 0
-14 -48 13 0
-14 -49 17 0
-15 -50 9 0
-15 -52 10 0
-15 -53 11 0
-15 -54 12 0
-15 -55 13 0
-15 -56 14 0
-15 -57 16 0
-15 -58 17 0
-16 -59 9 0
-16 -61 10 0
-16 11 0
-16 -62 12 0
-16 -63 13 0
-16 14 0
-16 -64 17 0
-17 -65 9 0
-17 -67 10 0
-17 -68 11 0
-17 -69 12 0
-17 -70 13 0
-17 -71 14 0
-17 -72 15 0
-17 -73 16 0
-18 -1 19 0
-18 -5 21 0
-18 -6 22 0
-18 -7 23 0
-18 -8 24 0
-19 -9 18 0
-19 -13 20 0
-19 -14 21 0
-19 -15 22 0
-19 -16 23 0
-19 -17 24 0
-25 18 0
-26 19 0
-27 20 0
-28 21 0
-29 18 0
-30 19 0
-31 20 0
-32 21 0
-33 22 0
-34 23 0
-20 18 0
-20 -35 19 0
-20 -39 21 0
-20 -40 22 0
-20 -41 23 0
-20 -42 24 0
-21 -43 18 0
-21 -44 19 0
-21 -48 20 0
-21 -49 24 0
-22 -50 18 0
-22 -51 19 0
-22 -55 20 0
-22 -56 21 0
-22 -57 23 0
-22 -58 24 0
-23 -59 18 0
-23 -60 19 0
-23 -63 20 0
-23 21 0
-23 -64 24 0
-24 -65 18 0
-24 -66 19 0
-24 -70 20 0
-24 -71 21 0
-24 -72 22 0
-24 -73 23 0
-25 -1 26 0
-25 -2 0
-25 -4 0
-25 -5 28 0
-25 -6 0
-25 -7 0
-25 -8 0
-26 -9 25 0
-26 -10 0
-26 -12 0
-26 -13 27 0
-26 -14 28 0
-26 -15 0
-26 -16 0
-26 -17 0
-27 25 0
-27 -35 26 0
-27 -36 0
-27 -38 0
-27 -39 28 0
-27 -40 0
-27 -41 0
-27 -42 0
-28 -43 25 0
-28 -44 26 0
-28 -45 0
-28 -47 0
-28 -48 27 0
-28 -49 0
-29 -1 30 0
-29 -2 0
-29 -5 32 0
-29 -6 33 0
-29 -7 34 0
-29 -8 0
-30 -9 29 0
-30 -10 0
-30 -13 31 0
-30 -14 32 0
-30 -15 33 0
-30 -16 34 0
-30 -17 0
-25 29 0
-26 30 0
-27 31 0
-28 32 0
-31 29 0
-31 -35 30 0
-31 -36 0
-31 -39 32 0
-31 -40 33 0
-31 -41 34 0
-31 -42 0
-32 -43 29 0
-32 -44 30 0
-32 -45 0
-32 -48 31 0
-32 -49 0
-33 -50 29 0
-33 -51 30 0
-33 -52 0
-33 -55 31 0
-33 -56 32 0
-33 -57 34 0
-33 -58 0
-34 -59 29 0
-34 -60 30 0
-34 -61 0
-34 -63 31 0
-34 32 0
-34 -64 0
-1 35 0
-2 36 0
-3 37 0
-4 38 0
-5 39 0
-6 40 0
-7 41 0
-8 42 0
-35 -10 36 0
-35 -11 37 0
-35 -12 38 0
-35 -14 39 0
-35 -15 40 0
-35 -16 41 0
-35 -17 42 0
-36 -19 35 0
-36 37 0
-36 38 0
-36 -21 39 0
-36 -22 40 0
-36 -23 41 0
-36 -24 42 0
-37 -26 35 0
-37 -28 39 0
-38 -30 35 0
-38 37 0
-38 -32 39 0
-38 -33 40 0
-38 -34 41 0
-39 -44 35 0
-39 -45 36 0
-39 -46 37 0
-39 -47 38 0
-39 -49 42 0
-40 -51 35 0
-40 -52 36 0
-40 -53 37 0
-40 -54 38 0
-40 -56 39 0
-40 -57 41 0
-40 -58 42 0
-41 -60 35 0
-41 -61 36 0
-41 37 0
-41 -62 38 0
-41 39 0
-41 -64 42 0
-42 -66 35 0
-42 -67 36 0
-42 -68 37 0
-42 -69 38 0
-42 -71 39 0
-42 -72 40 0
-42 -73 41 0
-43 -1 44 0
-43 -2 45 0
-43 -3 46 0
-43 -4 47 0
-43 -6 0
-43 -7 0
-43 -8 49 0
-44 -9 43 0
-44 -10 45 0
-44 -11 46 0
-44 -12 47 0
-44 -13 48 0
-44 -15 0
-44 -16 0
-44 -17 49 0
-45 -18 43 0
-45 -19 44 0
-45 46 0
-45 47 0
-45 -20 48 0
-45 -22 0
-45 -23 0
-45 -24 49 0
-46 -25 43 0
-46 -26 44 0
-46 -27 48 0
-47 -29 43 0
-47 -30 44 0
-47 46 0
-47 -31 48 0
-47 -33 0
-47 -34 0
-48 43 0
-48 -35 44 0
-48 -36 45 0
-48 -37 46 0
-48 -38 47 0
-48 -40 0
-48 -41 0
-48 -42 49 0
-49 -65 43 0
-49 -66 44 0
-49 -67 45 0
-49 -68 46 0
-49 -69 47 0
-49 -70 48 0
-49 -72 0
-49 -73 0
-50 -1 51 0
-50 -2 52 0
-50 -3 53 0
-50 -4 54 0
-50 -5 56 0
-50 -7 57 0
-50 -8 58 0
-51 -9 50 0
-51 -10 52 0
-51 -11 53 0
-51 -12 54 0
-51 -13 55 0
-51 -14 56 0
-51 -16 57 0
-51 -17 58 0
-52 -18 50 0
-52 -19 51 0
-52 53 0
-52 54 0
-52 -20 55 0
-52 -21 56 0
-52 -23 57 0
-52 -24 58 0
-53 -25 50 0
-53 -26 51 0
-53 -27 55 0
-53 -28 56 0
-54 -29 50 0
-54 -30 51 0
-54 53 0
-54 -31 55 0
-54 -32 56 0
-54 -34 57 0
-55 50 0
-55 -35 51 0
-55 -36 52 0
-55 -37 53 0
-55 -38 54 0
-55 -39 56 0
-55 -41 57 0
-55 -42 58 0
-56 -43 50 0
-56 -44 51 0
-56 -45 52 0
-56 -46 53 0
-56 -47 54 0
-56 -48 55 0
-56 -49 58 0
-57 -59 50 0
-57 -60 51 0
-57 -61 52 0
-57 53 0
-57 -62 54 0
-57 -63 55 0
-57 56 0
-57 -64 58 0
-58 -65 50 0
-58 -66 51 0
-58 -67 52 0
-58 -68 53 0
-58 -69 54 0
-58 -70 55 0
-58 -71 56 0
-58 -73 57 0
-59 -1 60 0
-59 -2 61 0
-59 -4 62 0
-59 -6 0
-59 -8 64 0
-60 -9 59 0
-60 -10 61 0
-60 -12 62 0
-60 -13 63 0
-60 -15 0
-60 -17 64 0
-61 -18 59 0
-61 -19 60 0
-61 62 0
-61 -20 63 0
-61 -22 0
-61 -24 64 0
-25 59 0
-26 60 0
-27 63 0
-62 -29 59 0
-62 -30 60 0
-62 -31 63 0
-62 -33 0
-63 59 0
-63 -35 60 0
-63 -36 61 0
-63 -38 62 0
-63 -40 0
-63 -42 64 0
-43 59 0
-44 60 0
-45 61 0
-47 62 0
-48 63 0
-49 64 0
-64 -65 59 0
-64 -66 60 0
-64 -67 61 0
-64 -69 62 0
-64 -70 63 0
-64 -72 0
-65 -1 66 0
-65 -2 67 0
-65 -3 68 0
-65 -4 69 0
-65 -5 71 0
-65 -6 72 0
-65 -7 73 0
-66 -9 65 0
-66 -10 67 0
-66 -11 68 0
-66 -12 69 0
-66 -13 70 0
-66 -14 71 0
-66 -15 72 0
-66 -16 73 0
-67 -18 65 0
-67 -19 66 0
-67 68 0
-67 69 0
-67 -20 70 0
-67 -21 71 0
-67 -22 72 0
-67 -23 73 0
-68 -25 65 0
-68 -26 66 0
-68 -27 70 0
-68 -28 71 0
-69 -29 65 0
-69 -30 66 0
-69 68 0
-69 -31 70 0
-69 -32 71 0
-69 -33 72 0
-69 -34 73 0
-70 65 0
-70 -35 66 0
-70 -36 67 0
-70 -37 68 0
-70 -38 69 0
-70 -39 71 0
-70 -40 72 0
-70 -41 73 0
-71 -43 65 0
-71 -44 66 0
-71 -45 67 0
-71 -46 68 0
-71 -47 69 0
-71 -48 70 0
-72 -50 65 0
-72 -51 66 0
-72 -52 67 0
-72 -53 68 0
-72 -54 69 0
-72 -55 70 0
-72 -56 71 0
-72 -57 73 0
-73 -59 65 0
-73 -60 66 0
-73 -61 67 0
-73 68 0
-73 -62 69 0
-73 -63 70 0
-73 71 0
-1 -9 0
-2 -18 0
-3 -25 0
-4 -29 0
-5 -43 0
-6 -50 0
-7 -59 0
-8 -65 0
-10 -19 0
-11 -26 0
-12 -30 0
-13 -35 0
-14 -44 0
-15 -51 0
-16 -60 0
-17 -66 0
-20 -36 0
-21 -45 0
-22 -52 0
-23 -61 0
-24 -67 0
-27 -37 0
-28 -46 0
-31 -38 0
-32 -47 0
-33 -54 0
-34 -62 0
-39 -48 0
-40 -55 0
-41 -63 0
-42 -70 0
-49 -71 0
-58 -72 0
-64 -73 0
