p cnf 17 115
1 2 3 4 5 0
1 2 3 4 0
1 2 3 4 5 0
1 2 3 5 0
1 2 4 5 0
1 3 4 5 0
2 3 4 5 0
6 7 8 9 10 0
6 7 8 9 0
6 7 8 9 11 0
6 7 8 9 0
6 7 8 10 0
6 7 8 10 11 0
6 7 8 10 0
6 7 8 11 0
6 7 8 0
6 7 8 11 0
6 7 9 10 0
6 7 9 10 11 0
6 7 9 10 0
6 7 9 11 0
6 7 9 0
6 7 9 11 0
6 7 10 11 0
6 7 10 0
6 7 10 11 0
6 7 11 0
6 8 9 10 0
6 8 9 10 11 0
6 8 9 10 0
6 8 9 11 0
6 8 9 0
6 8 9 11 0
6 8 10 11 0
6 8 10 0
6 8 10 11 0
6 8 11 0
6 9 10 11 0
6 9 10 0
6 9 10 11 0
6 9 11 0
6 10 11 0
6 7 8 9 10 0
6 7 8 9 10 11 0
6 7 8 9 10 0
6 7 8 9 11 0
6 7 8 9 0
6 7 8 9 11 0
6 7 8 10 11 0
6 7 8 10 0
6 7 8 10 11 0
6 7 8 11 0
6 7 9 10 11 0
6 7 9 10 0
6 7 9 10 11 0
6 7 9 11 0
6 7 10 11 0
6 8 9 10 11 0
6 8 9 10 0
6 8 9 10 11 0
6 8 9 11 0
6 8 10 11 0
6 9 10 11 0
7 8 9 10 0
7 8 9 10 11 0
7 8 9 10 0
7 8 9 11 0
7 8 9 0
7 8 9 11 0
7 8 10 11 0
7 8 10 0
7 8 10 11 0
7 8 11 0
7 9 10 11 0
7 9 10 0
7 9 10 11 0
7 9 11 0
7 10 11 0
8 9 10 11 0
8 9 10 0
8 9 10 11 0
8 9 11 0
8 10 11 0
9 10 11 0
7 8 9 10 11 0
7 8 9 10 0
7 8 9 10 11 0
7 8 9 11 0
7 8 10 11 0
7 9 10 11 0
8 9 10 11 0
12 13 14 15 16 0
12 13 14 15 17 0
12 13 14 16 17 0
12 13 15 16 17 0
12 14 15 16 17 0
12 13 14 15 16 17 0
13 14 15 16 17 0
-1 -6 0
-1 -12 0
-6 -12 0
-2 -7 0
-2 -7 -13 0
-2 -13 0
-7 -13 0
-3 -8 -14 0
-9 -15 0
-4 -10 0
-4 -10 -16 0
-4 -16 0
-10 -16 0
-5 -11 0
-5 -11 -17 0
-5 -17 0
-11 -17 0
