p cnf 88 303
-11 -12 -69 0
31 -48 65 0
-36 -77 81 0
-28 -30 58 0
13 -47 50 0
-47 -57 83 0
30 -32 67 0
-4 -54 73 0
9 -65 0
-7 -38 -71 0
42 71 74 0
-18 51 0
-21 34 57 0
-9 11 28 0
4 -25 -34 0
39 47 0
27 55 -68 0
49 86 0
-27 -66 76 0
5 -41 0
-46 48 0
-39 -59 -84 0
-7 36 82 0
5 -67 -76 0
17 -43 71 0
-16 80 -88 0
1 44 57 0
9 -41 -81 0
4 6 -70 0
-25 -73 -86 0
31 -33 -64 0
-15 -17 0
20 -22 -49 0
35 52 -75 0
8 -25 88 0
84 -85 0
16 27 53 0
30 -81 0
46 -66 -70 0
-33 56 88 0
18 60 70 0
27 59 -72 0
-1 -15 -71 0
-1 -77 -82 0
-6 70 0
-18 -86 0
21 25 72 0
43 54 68 0
-64 74 -85 0
17 25 -54 0
7 17 23 0
11 50 -74 0
33 80 -88 0
34 -43 0
14 -34 35 0
6 22 -48 0
-9 -54 -88 0
35 -57 -59 0
-4 -6 -62 0
7 34 49 0
-37 49 -66 0
25 -77 -84 0
-67 -81 -83 0
38 62 83 0
-9 18 -38 0
15 -52 56 0
5 -15 -83 0
-15 -27 -71 0
-21 60 0
11 39 46 0
46 -50 77 0
37 -44 -85 0
3 -23 -26 0
-9 84 0
7 13 32 0
-31 33 -50 0
37 48 61 0
-60 -85 0
38 66 -77 0
14 -36 -60 0
-18 -24 69 0
-23 -43 0
-4 -34 -87 0
-5 61 82 0
-13 38 62 0
-57 -73 84 0
-10 11 65 0
-37 -38 -65 0
40 61 0
24 -59 -85 0
1 -80 0
-12 -69 87 0
55 60 70 0
-32 -76 -85 0
-23 -86 0
3 -28 34 0
64 -70 -86 0
2 -35 -75 0
-36 -56 -57 0
28 57 64 0
-27 83 0
-57 77 -88 0
-20 -56 66 0
16 28 0
-47 -65 -66 0
7 -57 79 0
-42 -49 -55 0
-7 23 -72 0
-22 54 77 0
34 -59 64 0
27 42 -46 0
-5 -25 -83 0
-30 53 71 0
-11 29 -81 0
27 -42 76 0
1 -23 -64 0
-28 45 -60 0
-15 41 46 0
53 -59 69 0
-63 -67 79 0
3 33 -44 0
40 78 0
-58 63 -86 0
12 56 0
-5 8 30 0
12 -41 -57 0
-42 -57 -64 0
-35 41 60 0
-47 -53 0
29 57 -75 0
-11 -46 -62 0
59 -82 85 0
-17 75 77 0
-11 43 54 0
22 63 -70 0
5 25 48 0
10 38 76 0
-10 -18 65 0
-25 83 0
7 29 -55 0
27 47 -58 0
16 58 -78 0
-22 -49 66 0
71 -73 87 0
14 38 84 0
44 75 -81 0
-43 77 -78 0
-32 75 76 0
49 -66 76 0
15 65 80 0
-26 35 46 0
1 13 -54 0
9 -62 -72 0
-14 -32 86 0
-14 31 -75 0
-30 -71 75 0
29 53 58 0
46 68 -79 0
21 51 -55 0
14 34 35 0
-38 43 80 0
39 -41 50 0
-6 -7 -84 0
25 40 -52 0
25 28 -51 0
-33 36 -88 0
12 -29 70 0
-16 21 83 0
-24 54 72 0
-41 -55 77 0
4 -42 61 0
11 -75 84 0
-37 39 68 0
37 -66 -70 0
1 30 -50 0
-6 -42 46 0
-16 41 -53 0
-27 83 0
2 -44 -80 0
-11 -19 -56 0
-6 50 83 0
-13 47 72 0
2 39 83 0
15 41 -46 0
14 16 -19 0
16 74 -78 0
-7 9 -86 0
10 -27 77 0
2 -39 53 0
-18 32 80 0
3 -8 -62 0
-6 10 16 0
68 -80 -88 0
-21 -37 80 0
-23 -30 82 0
-34 42 -58 0
13 18 70 0
6 24 -79 0
1 -19 -42 0
11 84 -87 0
5 10 88 0
-41 -79 82 0
-31 75 88 0
-4 -9 -52 0
14 19 47 0
-4 18 65 0
33 -51 0
3 -31 -84 0
16 20 -43 0
18 -32 0
-36 54 -56 0
-21 -33 -60 0
-26 27 51 0
7 15 -86 0
-55 83 -86 0
38 51 -85 0
-37 -61 -84 0
-11 -23 -40 0
-36 -50 -88 0
12 -69 85 0
-17 -32 -42 0
14 -35 -37 0
12 23 -85 0
47 -62 -84 0
10 72 -80 0
40 -55 -69 0
13 14 -61 0
36 -46 51 0
-3 39 45 0
-41 66 -68 0
-25 -35 60 0
-44 -57 -83 0
5 10 -33 0
18 -51 76 0
-10 -26 -47 0
-8 -13 67 0
-30 -37 66 0
-36 88 0
-62 -73 85 0
14 -28 -39 0
8 47 68 0
10 -51 -64 0
-48 -84 0
25 73 0
6 -41 -80 0
11 29 -52 0
-14 15 59 0
58 59 -67 0
14 -68 -71 0
22 54 0
67 76 -77 0
28 68 70 0
35 62 66 0
-13 -26 -31 0
15 19 -56 0
-5 -12 -24 0
-27 -63 0
39 52 80 0
-55 -66 85 0
8 22 -78 0
20 -72 87 0
27 -48 -87 0
7 27 76 0
1 40 -72 0
5 -16 18 0
-36 -40 50 0
-16 -18 26 0
-22 34 36 0
21 -33 -58 0
-2 6 86 0
-60 78 -79 0
12 21 -42 0
-34 51 -55 0
-3 11 0
41 -63 -77 0
19 29 -88 0
-20 -51 -72 0
-21 41 -86 0
14 -25 69 0
41 42 0
-16 21 26 0
-78 81 0
-6 -21 59 0
-11 29 -63 0
-14 37 -45 0
-29 44 -48 0
-17 81 86 0
5 19 -21 0
17 72 -86 0
57 -58 85 0
9 52 65 0
1 -24 45 0
1 -50 53 0
-4 -52 0
-46 65 68 0
-4 -51 -52 0
43 -61 66 0
-9 62 0
6 31 -77 0
41 -51 82 0
59 60 -63 0
-60 64 0
-18 -38 -62 0
