p cnf 28 105
-4 -5 0
-4 -6 0
-4 -7 0
-4 -8 0
-5 -6 0
-5 -7 0
-5 -8 0
-6 -7 0
-6 -8 0
-7 -8 0
4 5 6 7 8 0
-9 -10 0
-9 -11 0
-9 -12 0
-9 -13 0
-10 -11 0
-10 -12 0
-10 -13 0
-11 -12 0
-11 -13 0
-12 -13 0
9 10 11 12 13 0
-14 -15 0
-14 -16 0
-14 -17 0
-14 -18 0
-15 -16 0
-15 -17 0
-15 -18 0
-16 -17 0
-16 -18 0
-17 -18 0
14 15 16 17 18 0
-19 -20 0
-19 -21 0
-19 -22 0
-19 -23 0
-20 -21 0
-20 -22 0
-20 -23 0
-21 -22 0
-21 -23 0
-22 -23 0
19 20 21 22 23 0
-24 -25 0
-24 -26 0
-24 -27 0
-24 -28 0
-25 -26 0
-25 -27 0
-25 -28 0
-26 -27 0
-26 -28 0
-27 -28 0
24 25 26 27 28 0
-4 -9 0
-5 -10 0
-6 -11 0
-7 -12 0
-8 -13 0
-4 -14 0
-5 -15 0
-6 -16 0
-7 -17 0
-8 -18 0
-1 -4 -19 0
-1 -5 -20 0
-1 -6 -21 0
-1 -7 -22 0
-1 -8 -23 0
-4 -24 0
-5 -25 0
-6 -26 0
-7 -27 0
-8 -28 0
-9 -14 0
-10 -15 0
-11 -16 0
-12 -17 0
-13 -18 0
-2 -9 -19 0
-2 -10 -20 0
-2 -11 -21 0
-2 -12 -22 0
-2 -13 -23 0
-9 -24 0
-10 -25 0
-11 -26 0
-12 -27 0
-13 -28 0
-3 -14 -19 0
-3 -15 -20 0
-3 -16 -21 0
-3 -17 -22 0
-3 -18 -23 0
-14 -24 0
-15 -25 0
-16 -26 0
-17 -27 0
-18 -28 0
-19 -24 0
-20 -25 0
-21 -26 0
-22 -27 0
-23 -28 0
