p cnf 40 204
4 17 22 -29 -30 -31 0
5 12 23 -33 -34 -35 0
7 20 25 29 33 -38 0
15 21 26 30 34 37 38 -40 0
1 9 -2 0
-1 -9 2 0
1 10 -3 0
-1 -10 3 0
1 11 -4 0
-1 -11 4 0
1 12 -5 0
-1 -12 5 0
1 13 -6 0
-1 -13 6 0
1 14 -7 0
-1 -14 7 0
1 15 -8 0
-1 -15 8 0
2 16 -3 0
-2 -16 3 0
2 17 -4 0
-2 -17 4 0
2 18 -5 0
-2 -18 5 0
2 19 -6 0
-2 -19 6 0
2 20 -7 0
-2 -20 7 0
2 21 -8 0
-2 -21 8 0
3 22 -4 0
-3 -22 4 0
3 23 -5 0
-3 -23 5 0
3 24 -6 0
-3 -24 6 0
3 25 -7 0
-3 -25 7 0
3 26 -8 0
-3 -26 8 0
4 27 -5 0
-4 -27 5 0
4 28 -6 0
-4 -28 6 0
4 29 -7 0
-4 -29 7 0
4 30 -8 0
-4 -30 8 0
-4 -31 0
5 32 -6 0
-5 -32 6 0
5 33 -7 0
-5 -33 7 0
5 34 -8 0
-5 -34 8 0
-5 -35 0
6 36 -7 0
-6 -36 7 0
6 37 -8 0
-6 -37 8 0
7 38 -8 0
-7 -38 8 0
-7 -39 0
-8 -40 0
9 16 -10 0
-9 -16 10 0
9 17 -11 0
-9 -17 11 0
9 18 -12 0
-9 -18 12 0
9 19 -13 0
-9 -19 13 0
9 20 -14 0
-9 -20 14 0
9 21 -15 0
-9 -21 15 0
10 22 -11 0
-10 -22 11 0
10 23 -12 0
-10 -23 12 0
10 24 -13 0
-10 -24 13 0
10 25 -14 0
-10 -25 14 0
10 26 -15 0
-10 -26 15 0
11 27 -12 0
-11 -27 12 0
11 28 -13 0
-11 -28 13 0
11 29 -14 0
-11 -29 14 0
11 30 -15 0
-11 -30 15 0
-11 -31 0
12 32 -13 0
-12 -32 13 0
12 33 -14 0
-12 -33 14 0
12 34 -15 0
-12 -34 15 0
-12 -35 0
13 36 -14 0
-13 -36 14 0
13 37 -15 0
-13 -37 15 0
14 38 -15 0
-14 -38 15 0
-14 -39 0
-15 -40 0
16 22 -17 0
-16 -22 17 0
16 23 -18 0
-16 -23 18 0
16 24 -19 0
-16 -24 19 0
16 25 -20 0
-16 -25 20 0
16 26 -21 0
-16 -26 21 0
17 27 -18 0
-17 -27 18 0
17 28 -19 0
-17 -28 19 0
17 29 -20 0
-17 -29 20 0
17 30 -21 0
-17 -30 21 0
-17 -31 0
18 32 -19 0
-18 -32 19 0
18 33 -20 0
-18 -33 20 0
18 34 -21 0
-18 -34 21 0
-18 -35 0
19 36 -20 0
-19 -36 20 0
19 37 -21 0
-19 -37 21 0
20 38 -21 0
-20 -38 21 0
-20 -39 0
-21 -40 0
22 27 -23 0
-22 -27 23 0
22 28 -24 0
-22 -28 24 0
22 29 -25 0
-22 -29 25 0
22 30 -26 0
-22 -30 26 0
-22 -31 0
23 32 -24 0
-23 -32 24 0
23 33 -25 0
-23 -33 25 0
23 34 -26 0
-23 -34 26 0
-23 -35 0
24 36 -25 0
-24 -36 25 0
24 37 -26 0
-24 -37 26 0
25 38 -26 0
-25 -38 26 0
-25 -39 0
-26 -40 0
27 32 -28 0
-27 -32 28 0
27 33 -29 0
-27 -33 29 0
27 34 -30 0
-27 -34 30 0
27 35 -31 0
-27 -35 31 0
28 36 -29 0
-28 -36 29 0
28 37 -30 0
-28 -37 30 0
28 -31 0
29 38 -30 0
-29 -38 30 0
29 39 -31 0
-29 -39 31 0
30 40 -31 0
-30 -40 31 0
32 36 -33 0
-32 -36 33 0
32 37 -34 0
-32 -37 34 0
32 -35 0
33 38 -34 0
-33 -38 34 0
33 39 -35 0
-33 -39 35 0
34 40 -35 0
-34 -40 35 0
36 38 -37 0
-36 -38 37 0
-36 -39 0
-37 -40 0
38 40 -39 0
-38 -40 39 0
