p cnf 32 304
1 2 3 4 0
1 2 -3 -4 0
1 -2 3 -4 0
1 -2 -3 4 0
-1 2 3 -4 0
-1 2 -3 4 0
-1 -2 3 4 0
-1 -2 -3 -4 0
5 6 -7 0
5 -6 7 0
-5 6 7 0
-5 -6 -7 0
8 -9 0
-8 9 0
1 10 11 12 13 -14 0
1 10 11 12 -13 14 0
1 10 11 -12 13 14 0
1 10 11 -12 -13 -14 0
1 10 -11 12 13 14 0
1 10 -11 12 -13 -14 0
1 10 -11 -12 13 -14 0
1 10 -11 -12 -13 14 0
1 -10 11 12 13 14 0
1 -10 11 12 -13 -14 0
1 -10 11 -12 13 -14 0
1 -10 11 -12 -13 14 0
1 -10 -11 12 13 -14 0
1 -10 -11 12 -13 14 0
1 -10 -11 -12 13 14 0
1 -10 -11 -12 -13 -14 0
-1 10 11 12 13 14 0
-1 10 11 12 -13 -14 0
-1 10 11 -12 13 -14 0
-1 10 11 -12 -13 14 0
-1 10 -11 12 13 -14 0
-1 10 -11 12 -13 14 0
-1 10 -11 -12 13 14 0
-1 10 -11 -12 -13 -14 0
-1 -10 11 12 13 -14 0
-1 -10 11 12 -13 14 0
-1 -10 11 -12 13 14 0
-1 -10 11 -12 -13 -14 0
-1 -10 -11 12 13 14 0
-1 -10 -11 12 -13 -14 0
-1 -10 -11 -12 13 -14 0
-1 -10 -11 -12 -13 14 0
10 15 16 -17 0
10 15 -16 17 0
10 -15 16 17 0
10 -15 -16 -17 0
-10 15 16 17 0
-10 15 -16 -17 0
-10 -15 16 -17 0
-10 -15 -16 17 0
15 -18 0
-15 18 0
2 5 19 -20 0
2 5 -19 20 0
2 -5 19 20 0
2 -5 -19 -20 0
-2 5 19 20 0
-2 5 -19 -20 0
-2 -5 19 -20 0
-2 -5 -19 20 0
3 8 11 21 22 23 -24 0
3 8 11 21 22 -23 24 0
3 8 11 21 -22 23 24 0
3 8 11 21 -22 -23 -24 0
3 8 11 -21 22 23 24 0
3 8 11 -21 22 -23 -24 0
3 8 11 -21 -22 23 -24 0
3 8 11 -21 -22 -23 24 0
3 8 -11 21 22 23 24 0
3 8 -11 21 22 -23 -24 0
3 8 -11 21 -22 23 -24 0
3 8 -11 21 -22 -23 24 0
3 8 -11 -21 22 23 -24 0
3 8 -11 -21 22 -23 24 0
3 8 -11 -21 -22 23 24 0
3 8 -11 -21 -22 -23 -24 0
3 -8 11 21 22 23 24 0
3 -8 11 21 22 -23 -24 0
3 -8 11 21 -22 23 -24 0
3 -8 11 21 -22 -23 24 0
3 -8 11 -21 22 23 -24 0
3 -8 11 -21 22 -23 24 0
3 -8 11 -21 -22 23 24 0
3 -8 11 -21 -22 -23 -24 0
3 -8 -11 21 22 23 -24 0
3 -8 -11 21 22 -23 24 0
3 -8 -11 21 -22 23 24 0
3 -8 -11 21 -22 -23 -24 0
3 -8 -11 -21 22 23 24 0
3 -8 -11 -21 22 -23 -24 0
3 -8 -11 -21 -22 23 -24 0
3 -8 -11 -21 -22 -23 24 0
-3 8 11 21 22 23 24 0
-3 8 11 21 22 -23 -24 0
-3 8 11 21 -22 23 -24 0
-3 8 11 21 -22 -23 24 0
-3 8 11 -21 22 23 -24 0
-3 8 11 -21 22 -23 24 0
-3 8 11 -21 -22 23 24 0
-3 8 11 -21 -22 -23 -24 0
-3 8 -11 21 22 23 -24 0
-3 8 -11 21 22 -23 24 0
-3 8 -11 21 -22 23 24 0
-3 8 -11 21 -22 -23 -24 0
-3 8 -11 -21 22 23 24 0
-3 8 -11 -21 22 -23 -24 0
-3 8 -11 -21 -22 23 -24 0
-3 8 -11 -21 -22 -23 24 0
-3 -8 11 21 22 23 -24 0
-3 -8 11 21 22 -23 24 0
-3 -8 11 21 -22 23 24 0
-3 -8 11 21 -22 -23 -24 0
-3 -8 11 -21 22 23 24 0
-3 -8 11 -21 22 -23 -24 0
-3 -8 11 -21 -22 23 -24 0
-3 -8 11 -21 -22 -23 24 0
-3 -8 -11 21 22 23 24 0
-3 -8 -11 21 22 -23 -24 0
-3 -8 -11 21 -22 23 -24 0
-3 -8 -11 21 -22 -23 24 0
-3 -8 -11 -21 22 23 -24 0
-3 -8 -11 -21 22 -23 24 0
-3 -8 -11 -21 -22 23 24 0
-3 -8 -11 -21 -22 -23 -24 0
6 21 25 -26 0
6 21 -25 26 0
6 -21 25 26 0
6 -21 -25 -26 0
-6 21 25 26 0
-6 21 -25 -26 0
-6 -21 25 -26 0
-6 -21 -25 26 0
18 -27 0
-18 27 0
4 12 16 19 22 28 29 -30 0
4 12 16 19 22 28 -29 30 0
4 12 16 19 22 -28 29 30 0
4 12 16 19 22 -28 -29 -30 0
4 12 16 19 -22 28 29 30 0
4 12 16 19 -22 28 -29 -30 0
4 12 16 19 -22 -28 29 -30 0
4 12 16 19 -22 -28 -29 30 0
4 12 16 -19 22 28 29 30 0
4 12 16 -19 22 28 -29 -30 0
4 12 16 -19 22 -28 29 -30 0
4 12 16 -19 22 -28 -29 30 0
4 12 16 -19 -22 28 29 -30 0
4 12 16 -19 -22 28 -29 30 0
4 12 16 -19 -22 -28 29 30 0
4 12 16 -19 -22 -28 -29 -30 0
4 12 -16 19 22 28 29 30 0
4 12 -16 19 22 28 -29 -30 0
4 12 -16 19 22 -28 29 -30 0
4 12 -16 19 22 -28 -29 30 0
4 12 -16 19 -22 28 29 -30 0
4 12 -16 19 -22 28 -29 30 0
4 12 -16 19 -22 -28 29 30 0
4 12 -16 19 -22 -28 -29 -30 0
4 12 -16 -19 22 28 29 -30 0
4 12 -16 -19 22 28 -29 30 0
4 12 -16 -19 22 -28 29 30 0
4 12 -16 -19 22 -28 -29 -30 0
4 12 -16 -19 -22 28 29 30 0
4 12 -16 -19 -22 28 -29 -30 0
4 12 -16 -19 -22 -28 29 -30 0
4 12 -16 -19 -22 -28 -29 30 0
4 -12 16 19 22 28 29 30 0
4 -12 16 19 22 28 -29 -30 0
4 -12 16 19 22 -28 29 -30 0
4 -12 16 19 22 -28 -29 30 0
4 -12 16 19 -22 28 29 -30 0
4 -12 16 19 -22 28 -29 30 0
4 -12 16 19 -22 -28 29 30 0
4 -12 16 19 -22 -28 -29 -30 0
4 -12 16 -19 22 28 29 -30 0
4 -12 16 -19 22 28 -29 30 0
4 -12 16 -19 22 -28 29 30 0
4 -12 16 -19 22 -28 -29 -30 0
4 -12 16 -19 -22 28 29 30 0
4 -12 16 -19 -22 28 -29 -30 0
4 -12 16 -19 -22 -28 29 -30 0
4 -12 16 -19 -22 -28 -29 30 0
4 -12 -16 19 22 28 29 -30 0
4 -12 -16 19 22 28 -29 30 0
4 -12 -16 19 22 -28 29 30 0
4 -12 -16 19 22 -28 -29 -30 0
4 -12 -16 19 -22 28 29 30 0
4 -12 -16 19 -22 28 -29 -30 0
4 -12 -16 19 -22 -28 29 -30 0
4 -12 -16 19 -22 -28 -29 30 0
4 -12 -16 -19 22 28 29 30 0
4 -12 -16 -19 22 28 -29 -30 0
4 -12 -16 -19 22 -28 29 -30 0
4 -12 -16 -19 22 -28 -29 30 0
4 -12 -16 -19 -22 28 29 -30 0
4 -12 -16 -19 -22 28 -29 30 0
4 -12 -16 -19 -22 -28 29 30 0
4 -12 -16 -19 -22 -28 -29 -30 0
-4 12 16 19 22 28 29 30 0
-4 12 16 19 22 28 -29 -30 0
-4 12 16 19 22 -28 29 -30 0
-4 12 16 19 22 -28 -29 30 0
-4 12 16 19 -22 28 29 -30 0
-4 12 16 19 -22 28 -29 30 0
-4 12 16 19 -22 -28 29 30 0
-4 12 16 19 -22 -28 -29 -30 0
-4 12 16 -19 22 28 29 -30 0
-4 12 16 -19 22 28 -29 30 0
-4 12 16 -19 22 -28 29 30 0
-4 12 16 -19 22 -28 -29 -30 0
-4 12 16 -19 -22 28 29 30 0
-4 12 16 -19 -22 28 -29 -30 0
-4 12 16 -19 -22 -28 29 -30 0
-4 12 16 -19 -22 -28 -29 30 0
-4 12 -16 19 22 28 29 -30 0
-4 12 -16 19 22 28 -29 30 0
-4 12 -16 19 22 -28 29 30 0
-4 12 -16 19 22 -28 -29 -30 0
-4 12 -16 19 -22 28 29 30 0
-4 12 -16 19 -22 28 -29 -30 0
-4 12 -16 19 -22 -28 29 -30 0
-4 12 -16 19 -22 -28 -29 30 0
-4 12 -16 -19 22 28 29 30 0
-4 12 -16 -19 22 28 -29 -30 0
-4 12 -16 -19 22 -28 29 -30 0
-4 12 -16 -19 22 -28 -29 30 0
-4 12 -16 -19 -22 28 29 -30 0
-4 12 -16 -19 -22 28 -29 30 0
-4 12 -16 -19 -22 -28 29 30 0
-4 12 -16 -19 -22 -28 -29 -30 0
-4 -12 16 19 22 28 29 -30 0
-4 -12 16 19 22 28 -29 30 0
-4 -12 16 19 22 -28 29 30 0
-4 -12 16 19 22 -28 -29 -30 0
-4 -12 16 19 -22 28 29 30 0
-4 -12 16 19 -22 28 -29 -30 0
-4 -12 16 19 -22 -28 29 -30 0
-4 -12 16 19 -22 -28 -29 30 0
-4 -12 16 -19 22 28 29 30 0
-4 -12 16 -19 22 28 -29 -30 0
-4 -12 16 -19 22 -28 29 -30 0
-4 -12 16 -19 22 -28 -29 30 0
-4 -12 16 -19 -22 28 29 -30 0
-4 -12 16 -19 -22 28 -29 30 0
-4 -12 16 -19 -22 -28 29 30 0
-4 -12 16 -19 -22 -28 -29 -30 0
-4 -12 -16 19 22 28 29 30 0
-4 -12 -16 19 22 28 -29 -30 0
-4 -12 -16 19 22 -28 29 -30 0
-4 -12 -16 19 22 -28 -29 30 0
-4 -12 -16 19 -22 28 29 -30 0
-4 -12 -16 19 -22 28 -29 30 0
-4 -12 -16 19 -22 -28 29 30 0
-4 -12 -16 19 -22 -28 -29 -30 0
-4 -12 -16 -19 22 28 29 -30 0
-4 -12 -16 -19 22 28 -29 30 0
-4 -12 -16 -19 22 -28 29 30 0
-4 -12 -16 -19 22 -28 -29 -30 0
-4 -12 -16 -19 -22 28 29 30 0
-4 -12 -16 -19 -22 28 -29 -30 0
-4 -12 -16 -19 -22 -28 29 -30 0
-4 -12 -16 -19 -22 -28 -29 30 0
13 17 25 28 -31 0
13 17 25 -28 31 0
13 17 -25 28 31 0
13 17 -25 -28 -31 0
13 -17 25 28 31 0
13 -17 25 -28 -31 0
13 -17 -25 28 -31 0
13 -17 -25 -28 31 0
-13 17 25 28 31 0
-13 17 25 -28 -31 0
-13 17 -25 28 -31 0
-13 17 -25 -28 31 0
-13 -17 25 28 -31 0
-13 -17 25 -28 31 0
-13 -17 -25 28 31 0
-13 -17 -25 -28 -31 0
27 29 32 0
27 -29 -32 0
-27 29 -32 0
-27 -29 32 0
9 23 26 -30 0
9 23 -26 30 0
9 -23 26 30 0
9 -23 -26 -30 0
-9 23 26 30 0
-9 23 -26 -30 0
-9 -23 26 -30 0
-9 -23 -26 30 0
20 -24 0
-20 24 0
7 14 31 -32 0
7 14 -31 32 0
7 -14 31 32 0
7 -14 -31 -32 0
-7 14 31 32 0
-7 14 -31 -32 0
-7 -14 31 -32 0
-7 -14 -31 32 0
