p cnf 110 820
-1 -2 0
-1 -3 0
-1 -4 0
-1 -5 0
-1 -6 0
-1 -7 0
-1 -8 0
-1 -9 0
-2 -3 0
-2 -4 0
-2 -5 0
-2 -6 0
-2 -7 0
-2 -8 0
-2 -9 0
-3 -4 0
-3 -5 0
-3 -6 0
-3 -7 0
-3 -8 0
-3 -9 0
-4 -5 0
-4 -6 0
-4 -7 0
-4 -8 0
-4 -9 0
-5 -6 0
-5 -7 0
-5 -8 0
-5 -9 0
-6 -7 0
-6 -8 0
-6 -9 0
-7 -8 0
-7 -9 0
-8 -9 0
1 2 3 4 5 6 7 8 9 0
-10 -11 0
-10 -12 0
-10 -13 0
-10 -14 0
-10 -15 0
-10 -16 0
-10 -17 0
-10 -18 0
-10 -19 0
-11 -12 0
-11 -13 0
-11 -14 0
-11 -15 0
-11 -16 0
-11 -17 0
-11 -18 0
-11 -19 0
-12 -13 0
-12 -14 0
-12 -15 0
-12 -16 0
-12 -17 0
-12 -18 0
-12 -19 0
-13 -14 0
-13 -15 0
-13 -16 0
-13 -17 0
-13 -18 0
-13 -19 0
-14 -15 0
-14 -16 0
-14 -17 0
-14 -18 0
-14 -19 0
-15 -16 0
-15 -17 0
-15 -18 0
-15 -19 0
-16 -17 0
-16 -18 0
-16 -19 0
-17 -18 0
-17 -19 0
-18 -19 0
10 11 12 13 14 15 16 17 18 19 0
-1 -20 0
-1 -21 0
-1 -22 0
-1 -23 0
-1 -24 0
-1 -25 0
-20 -21 0
-20 -22 0
-20 -23 0
-20 -24 0
-20 -25 0
-21 -22 0
-21 -23 0
-21 -24 0
-21 -25 0
-22 -23 0
-22 -24 0
-22 -25 0
-23 -24 0
-23 -25 0
-24 -25 0
1 20 21 22 23 24 25 0
-10 -26 0
-10 -27 0
-10 -28 0
-10 -29 0
-10 -30 0
-10 -31 0
-26 -27 0
-26 -28 0
-26 -29 0
-26 -30 0
-26 -31 0
-27 -28 0
-27 -29 0
-27 -30 0
-27 -31 0
-28 -29 0
-28 -30 0
-28 -31 0
-29 -30 0
-29 -31 0
-30 -31 0
10 26 27 28 29 30 31 0
-2 -32 0
-2 -33 0
-2 -34 0
-2 -35 0
-2 -36 0
-2 -37 0
-2 -38 0
-32 -33 0
-32 -34 0
-32 -35 0
-32 -36 0
-32 -37 0
-32 -38 0
-33 -34 0
-33 -35 0
-33 -36 0
-33 -37 0
-33 -38 0
-34 -35 0
-34 -36 0
-34 -37 0
-34 -38 0
-35 -36 0
-35 -37 0
-35 -38 0
-36 -37 0
-36 -38 0
-37 -38 0
2 32 33 34 35 36 37 38 0
-3 -11 0
-3 -20 0
-3 -39 0
-3 -40 0
-3 -41 0
-11 -20 0
-11 -39 0
-11 -40 0
-11 -41 0
-20 -39 0
-20 -40 0
-20 -41 0
-39 -40 0
-39 -41 0
-40 -41 0
3 11 20 39 40 41 0
-12 -42 0
-12 -43 0
-12 -44 0
-12 -45 0
-42 -43 0
-42 -44 0
-42 -45 0
-43 -44 0
-43 -45 0
-44 -45 0
12 42 43 44 45 0
-21 -46 0
-21 -47 0
-21 -48 0
-21 -49 0
-21 -50 0
-21 -51 0
-46 -47 0
-46 -48 0
-46 -49 0
-46 -50 0
-46 -51 0
-47 -48 0
-47 -49 0
-47 -50 0
-47 -51 0
-48 -49 0
-48 -50 0
-48 -51 0
-49 -50 0
-49 -51 0
-50 -51 0
21 46 47 48 49 50 51 0
-13 -26 0
-13 -52 0
-13 -53 0
-13 -54 0
-13 -55 0
-13 -56 0
-13 -57 0
-13 -58 0
-26 -52 0
-26 -53 0
-26 -54 0
-26 -55 0
-26 -56 0
-26 -57 0
-26 -58 0
-52 -53 0
-52 -54 0
-52 -55 0
-52 -56 0
-52 -57 0
-52 -58 0
-53 -54 0
-53 -55 0
-53 -56 0
-53 -57 0
-53 -58 0
-54 -55 0
-54 -56 0
-54 -57 0
-54 -58 0
-55 -56 0
-55 -57 0
-55 -58 0
-56 -57 0
-56 -58 0
-57 -58 0
13 26 52 53 54 55 56 57 58 0
-4 -46 0
-4 -59 0
-4 -60 0
-4 -61 0
-4 -62 0
-4 -63 0
-4 -64 0
-4 -65 0
-4 -66 0
-46 -59 0
-46 -60 0
-46 -61 0
-46 -62 0
-46 -63 0
-46 -64 0
-46 -65 0
-46 -66 0
-59 -60 0
-59 -61 0
-59 -62 0
-59 -63 0
-59 -64 0
-59 -65 0
-59 -66 0
-60 -61 0
-60 -62 0
-60 -63 0
-60 -64 0
-60 -65 0
-60 -66 0
-61 -62 0
-61 -63 0
-61 -64 0
-61 -65 0
-61 -66 0
-62 -63 0
-62 -64 0
-62 -65 0
-62 -66 0
-63 -64 0
-63 -65 0
-63 -66 0
-64 -65 0
-64 -66 0
-65 -66 0
4 46 59 60 61 62 63 64 65 66 0
-39 -42 0
-39 -67 0
-39 -68 0
-39 -69 0
-42 -67 0
-42 -68 0
-42 -69 0
-67 -68 0
-67 -69 0
-68 -69 0
39 42 67 68 69 0
-22 -70 0
-22 -71 0
-22 -72 0
-70 -71 0
-70 -72 0
-71 -72 0
22 70 71 72 0
-43 -59 0
-43 -73 0
-43 -74 0
-43 -75 0
-59 -73 0
-59 -74 0
-59 -75 0
-73 -74 0
-73 -75 0
-74 -75 0
43 59 73 74 75 0
-5 -23 0
-5 -27 0
-5 -47 0
-5 -60 0
-5 -67 0
-5 -76 0
-5 -77 0
-5 -78 0
-5 -79 0
-23 -27 0
-23 -47 0
-23 -60 0
-23 -67 0
-23 -76 0
-23 -77 0
-23 -78 0
-23 -79 0
-27 -47 0
-27 -60 0
-27 -67 0
-27 -76 0
-27 -77 0
-27 -78 0
-27 -79 0
-47 -60 0
-47 -67 0
-47 -76 0
-47 -77 0
-47 -78 0
-47 -79 0
-60 -67 0
-60 -76 0
-60 -77 0
-60 -78 0
-60 -79 0
-67 -76 0
-67 -77 0
-67 -78 0
-67 -79 0
-76 -77 0
-76 -78 0
-76 -79 0
-77 -78 0
-77 -79 0
-78 -79 0
5 23 27 47 60 67 76 77 78 79 0
-68 -73 0
-68 -80 0
-68 -81 0
-68 -82 0
-68 -83 0
-68 -84 0
-73 -80 0
-73 -81 0
-73 -82 0
-73 -83 0
-73 -84 0
-80 -81 0
-80 -82 0
-80 -83 0
-80 -84 0
-81 -82 0
-81 -83 0
-81 -84 0
-82 -83 0
-82 -84 0
-83 -84 0
68 73 80 81 82 83 84 0
-14 -32 0
-14 -40 0
-14 -61 0
-14 -76 0
-14 -80 0
-14 -85 0
-14 -86 0
-14 -87 0
-32 -40 0
-32 -61 0
-32 -76 0
-32 -80 0
-32 -85 0
-32 -86 0
-32 -87 0
-40 -61 0
-40 -76 0
-40 -80 0
-40 -85 0
-40 -86 0
-40 -87 0
-61 -76 0
-61 -80 0
-61 -85 0
-61 -86 0
-61 -87 0
-76 -80 0
-76 -85 0
-76 -86 0
-76 -87 0
-80 -85 0
-80 -86 0
-80 -87 0
-85 -86 0
-85 -87 0
-86 -87 0
14 32 40 61 76 80 85 86 87 0
-6 -74 0
-6 -88 0
-6 -89 0
-6 -90 0
-74 -88 0
-74 -89 0
-74 -90 0
-88 -89 0
-88 -90 0
-89 -90 0
6 74 88 89 90 0
-24 -28 0
-24 -33 0
-24 -48 0
-24 -52 0
-24 -70 0
-24 -91 0
-24 -92 0
-24 -93 0
-24 -94 0
-24 -95 0
-28 -33 0
-28 -48 0
-28 -52 0
-28 -70 0
-28 -91 0
-28 -92 0
-28 -93 0
-28 -94 0
-28 -95 0
-33 -48 0
-33 -52 0
-33 -70 0
-33 -91 0
-33 -92 0
-33 -93 0
-33 -94 0
-33 -95 0
-48 -52 0
-48 -70 0
-48 -91 0
-48 -92 0
-48 -93 0
-48 -94 0
-48 -95 0
-52 -70 0
-52 -91 0
-52 -92 0
-52 -93 0
-52 -94 0
-52 -95 0
-70 -91 0
-70 -92 0
-70 -93 0
-70 -94 0
-70 -95 0
-91 -92 0
-91 -93 0
-91 -94 0
-91 -95 0
-92 -93 0
-92 -94 0
-92 -95 0
-93 -94 0
-93 -95 0
-94 -95 0
24 28 33 48 52 70 91 92 93 94 95 0
-34 -41 0
-34 -53 0
-34 -96 0
-34 -97 0
-34 -98 0
-41 -53 0
-41 -96 0
-41 -97 0
-41 -98 0
-53 -96 0
-53 -97 0
-53 -98 0
-96 -97 0
-96 -98 0
-97 -98 0
34 41 53 96 97 98 0
-35 -49 0
-35 -62 0
-35 -81 0
-35 -99 0
-35 -100 0
-49 -62 0
-49 -81 0
-49 -99 0
-49 -100 0
-62 -81 0
-62 -99 0
-62 -100 0
-81 -99 0
-81 -100 0
-99 -100 0
35 49 62 81 99 100 0
-15 -44 0
-15 -71 0
-15 -101 0
-44 -71 0
-44 -101 0
-71 -101 0
15 44 71 101 0
-16 -36 0
-16 -54 0
-16 -77 0
-16 -91 0
-36 -54 0
-36 -77 0
-36 -91 0
-54 -77 0
-54 -91 0
-77 -91 0
16 36 54 77 91 0
-17 -25 0
-17 -50 0
-17 -85 0
-17 -92 0
-17 -101 0
-17 -102 0
-17 -103 0
-25 -50 0
-25 -85 0
-25 -92 0
-25 -101 0
-25 -102 0
-25 -103 0
-50 -85 0
-50 -92 0
-50 -101 0
-50 -102 0
-50 -103 0
-85 -92 0
-85 -101 0
-85 -102 0
-85 -103 0
-92 -101 0
-92 -102 0
-92 -103 0
-101 -102 0
-101 -103 0
-102 -103 0
17 25 50 85 92 101 102 103 0
-37 -63 0
-37 -82 0
-37 -88 0
-37 -93 0
-37 -104 0
-37 -105 0
-63 -82 0
-63 -88 0
-63 -93 0
-63 -104 0
-63 -105 0
-82 -88 0
-82 -93 0
-82 -104 0
-82 -105 0
-88 -93 0
-88 -104 0
-88 -105 0
-93 -104 0
-93 -105 0
-104 -105 0
37 63 82 88 93 104 105 0
-55 -64 0
-55 -69 0
-55 -94 0
-55 -96 0
-55 -106 0
-64 -69 0
-64 -94 0
-64 -96 0
-64 -106 0
-69 -94 0
-69 -96 0
-69 -106 0
-94 -96 0
-94 -106 0
-96 -106 0
55 64 69 94 96 106 0
-18 -86 0
-18 -95 0
-18 -107 0
-18 -108 0
-86 -95 0
-86 -107 0
-86 -108 0
-95 -107 0
-95 -108 0
-107 -108 0
18 86 95 107 108 0
-7 -56 0
-7 -89 0
-7 -104 0
-7 -107 0
-7 -109 0
-56 -89 0
-56 -104 0
-56 -107 0
-56 -109 0
-89 -104 0
-89 -107 0
-89 -109 0
-104 -107 0
-104 -109 0
-107 -109 0
7 56 89 104 107 109 0
-8 -19 0
-8 -29 0
-8 -38 0
-8 -45 0
-8 -51 0
-8 -65 0
-8 -72 0
-8 -78 0
-8 -83 0
-8 -97 0
-8 -99 0
-8 -102 0
-8 -106 0
-19 -29 0
-19 -38 0
-19 -45 0
-19 -51 0
-19 -65 0
-19 -72 0
-19 -78 0
-19 -83 0
-19 -97 0
-19 -99 0
-19 -102 0
-19 -106 0
-29 -38 0
-29 -45 0
-29 -51 0
-29 -65 0
-29 -72 0
-29 -78 0
-29 -83 0
-29 -97 0
-29 -99 0
-29 -102 0
-29 -106 0
-38 -45 0
-38 -51 0
-38 -65 0
-38 -72 0
-38 -78 0
-38 -83 0
-38 -97 0
-38 -99 0
-38 -102 0
-38 -106 0
-45 -51 0
-45 -65 0
-45 -72 0
-45 -78 0
-45 -83 0
-45 -97 0
-45 -99 0
-45 -102 0
-45 -106 0
-51 -65 0
-51 -72 0
-51 -78 0
-51 -83 0
-51 -97 0
-51 -99 0
-51 -102 0
-51 -106 0
-65 -72 0
-65 -78 0
-65 -83 0
-65 -97 0
-65 -99 0
-65 -102 0
-65 -106 0
-72 -78 0
-72 -83 0
-72 -97 0
-72 -99 0
-72 -102 0
-72 -106 0
-78 -83 0
-78 -97 0
-78 -99 0
-78 -102 0
-78 -106 0
-83 -97 0
-83 -99 0
-83 -102 0
-83 -106 0
-97 -99 0
-97 -102 0
-97 -106 0
-99 -102 0
-99 -106 0
-102 -106 0
8 19 29 38 45 51 65 72 78 83 97 99 102 106 0
-9 -30 0
-9 -57 0
-9 -66 0
-9 -79 0
-9 -84 0
-9 -87 0
-9 -98 0
-9 -100 0
-9 -103 0
-9 -105 0
-9 -108 0
-9 -110 0
-30 -57 0
-30 -66 0
-30 -79 0
-30 -84 0
-30 -87 0
-30 -98 0
-30 -100 0
-30 -103 0
-30 -105 0
-30 -108 0
-30 -110 0
-57 -66 0
-57 -79 0
-57 -84 0
-57 -87 0
-57 -98 0
-57 -100 0
-57 -103 0
-57 -105 0
-57 -108 0
-57 -110 0
-66 -79 0
-66 -84 0
-66 -87 0
-66 -98 0
-66 -100 0
-66 -103 0
-66 -105 0
-66 -108 0
-66 -110 0
-79 -84 0
-79 -87 0
-79 -98 0
-79 -100 0
-79 -103 0
-79 -105 0
-79 -108 0
-79 -110 0
-84 -87 0
-84 -98 0
-84 -100 0
-84 -103 0
-84 -105 0
-84 -108 0
-84 -110 0
-87 -98 0
-87 -100 0
-87 -103 0
-87 -105 0
-87 -108 0
-87 -110 0
-98 -100 0
-98 -103 0
-98 -105 0
-98 -108 0
-98 -110 0
-100 -103 0
-100 -105 0
-100 -108 0
-100 -110 0
-103 -105 0
-103 -108 0
-103 -110 0
-105 -108 0
-105 -110 0
-108 -110 0
9 30 57 66 79 84 87 98 100 103 105 108 110 0
-31 -58 0
-31 -75 0
-31 -90 0
-31 -109 0
-31 -110 0
-58 -75 0
-58 -90 0
-58 -109 0
-58 -110 0
-75 -90 0
-75 -109 0
-75 -110 0
-90 -109 0
-90 -110 0
-109 -110 0
31 58 75 90 109 110 0
