p cnf 57 287
-1 -2 0
-1 -3 0
-1 -4 0
-1 -5 0
-2 -3 0
-2 -4 0
-2 -5 0
-3 -4 0
-3 -5 0
-4 -5 0
1 2 3 4 5 0
-6 -7 0
-6 -8 0
-6 -9 0
-7 -8 0
-7 -9 0
-8 -9 0
6 7 8 9 0
-10 -11 0
-10 -12 0
-10 -13 0
-10 -14 0
-11 -12 0
-11 -13 0
-11 -14 0
-12 -13 0
-12 -14 0
-13 -14 0
10 11 12 13 14 0
-15 -16 0
-15 -17 0
-15 -18 0
-15 -19 0
-15 -20 0
-16 -17 0
-16 -18 0
-16 -19 0
-16 -20 0
-17 -18 0
-17 -19 0
-17 -20 0
-18 -19 0
-18 -20 0
-19 -20 0
15 16 17 18 19 20 0
-10 -15 0
-10 -21 0
-10 -22 0
-10 -23 0
-10 -24 0
-15 -21 0
-15 -22 0
-15 -23 0
-15 -24 0
-21 -22 0
-21 -23 0
-21 -24 0
-22 -23 0
-22 -24 0
-23 -24 0
10 15 21 22 23 24 0
-16 -21 0
-16 -25 0
-16 -26 0
-21 -25 0
-21 -26 0
-25 -26 0
16 21 25 26 0
-1 -17 0
-1 -27 0
-1 -28 0
-1 -29 0
-1 -30 0
-17 -27 0
-17 -28 0
-17 -29 0
-17 -30 0
-27 -28 0
-27 -29 0
-27 -30 0
-28 -29 0
-28 -30 0
-29 -30 0
1 17 27 28 29 30 0
-18 -31 0
-18 -32 0
-31 -32 0
18 31 32 0
-11 -33 0
-11 -34 0
-33 -34 0
11 33 34 0
-25 -27 0
-25 -35 0
-25 -36 0
-25 -37 0
-25 -38 0
-25 -39 0
-27 -35 0
-27 -36 0
-27 -37 0
-27 -38 0
-27 -39 0
-35 -36 0
-35 -37 0
-35 -38 0
-35 -39 0
-36 -37 0
-36 -38 0
-36 -39 0
-37 -38 0
-37 -39 0
-38 -39 0
25 27 35 36 37 38 39 0
-12 -40 0
-12 -41 0
-12 -42 0
-40 -41 0
-40 -42 0
-41 -42 0
12 40 41 42 0
-6 -35 0
-6 -43 0
-6 -44 0
-35 -43 0
-35 -44 0
-43 -44 0
6 35 43 44 0
-2 -45 0
2 45 0
-3 -22 0
-3 -40 0
-3 -46 0
-3 -47 0
-3 -48 0
-22 -40 0
-22 -46 0
-22 -47 0
-22 -48 0
-40 -46 0
-40 -47 0
-40 -48 0
-46 -47 0
-46 -48 0
-47 -48 0
3 22 40 46 47 48 0
-4 -7 0
-4 -36 0
-4 -41 0
-4 -43 0
-4 -46 0
-4 -49 0
-7 -36 0
-7 -41 0
-7 -43 0
-7 -46 0
-7 -49 0
-36 -41 0
-36 -43 0
-36 -46 0
-36 -49 0
-41 -43 0
-41 -46 0
-41 -49 0
-43 -46 0
-43 -49 0
-46 -49 0
4 7 36 41 43 46 49 0
-19 -28 0
-19 -33 0
-19 -50 0
-19 -51 0
-19 -52 0
-28 -33 0
-28 -50 0
-28 -51 0
-28 -52 0
-33 -50 0
-33 -51 0
-33 -52 0
-50 -51 0
-50 -52 0
-51 -52 0
19 28 33 50 51 52 0
-8 -13 0
-8 -23 0
-8 -37 0
-8 -44 0
-8 -53 0
-13 -23 0
-13 -37 0
-13 -44 0
-13 -53 0
-23 -37 0
-23 -44 0
-23 -53 0
-37 -44 0
-37 -53 0
-44 -53 0
8 13 23 37 44 53 0
-31 -34 0
-31 -50 0
-31 -53 0
-31 -54 0
-34 -50 0
-34 -53 0
-34 -54 0
-50 -53 0
-50 -54 0
-53 -54 0
31 34 50 53 54 0
-5 -29 0
-5 -32 0
-5 -42 0
-5 -47 0
-5 -51 0
-5 -55 0
-5 -56 0
-29 -32 0
-29 -42 0
-29 -47 0
-29 -51 0
-29 -55 0
-29 -56 0
-32 -42 0
-32 -47 0
-32 -51 0
-32 -55 0
-32 -56 0
-42 -47 0
-42 -51 0
-42 -55 0
-42 -56 0
-47 -51 0
-47 -55 0
-47 -56 0
-51 -55 0
-51 -56 0
-55 -56 0
5 29 32 42 47 51 55 56 0
-9 -14 0
-9 -24 0
-9 -38 0
-9 -49 0
-9 -54 0
-9 -55 0
-9 -57 0
-14 -24 0
-14 -38 0
-14 -49 0
-14 -54 0
-14 -55 0
-14 -57 0
-24 -38 0
-24 -49 0
-24 -54 0
-24 -55 0
-24 -57 0
-38 -49 0
-38 -54 0
-38 -55 0
-38 -57 0
-49 -54 0
-49 -55 0
-49 -57 0
-54 -55 0
-54 -57 0
-55 -57 0
9 14 24 38 49 54 55 57 0
-20 -45 0
-20 -48 0
-20 -57 0
-45 -48 0
-45 -57 0
-48 -57 0
20 45 48 57 0
-26 -30 0
-26 -39 0
-26 -52 0
-26 -56 0
-30 -39 0
-30 -52 0
-30 -56 0
-39 -52 0
-39 -56 0
-52 -56 0
26 30 39 52 56 0
