p cnf 54 636
1 2 3 4 5 0
1 2 3 4 6 0
1 2 3 4 7 0
1 2 3 4 8 0
1 2 3 5 6 0
1 2 3 5 7 0
1 2 3 5 8 0
1 2 3 6 7 0
1 2 3 6 8 0
1 2 3 7 8 0
1 2 4 5 6 0
1 2 4 5 7 0
1 2 4 5 8 0
1 2 4 6 7 0
1 2 4 6 8 0
1 2 4 7 8 0
1 2 5 6 7 0
1 2 5 6 8 0
1 2 5 7 8 0
1 2 6 7 8 0
1 3 4 5 6 0
1 3 4 5 7 0
1 3 4 5 8 0
1 3 4 6 7 0
1 3 4 6 8 0
1 3 4 7 8 0
1 3 5 6 7 0
1 3 5 6 8 0
1 3 5 7 8 0
1 3 6 7 8 0
1 4 5 6 7 0
1 4 5 6 8 0
1 4 5 7 8 0
1 4 6 7 8 0
1 5 6 7 8 0
2 3 4 5 6 0
2 3 4 5 7 0
2 3 4 5 8 0
2 3 4 6 7 0
2 3 4 6 8 0
2 3 4 7 8 0
2 3 5 6 7 0
2 3 5 6 8 0
2 3 5 7 8 0
2 3 6 7 8 0
2 4 5 6 7 0
2 4 5 6 8 0
2 4 5 7 8 0
2 4 6 7 8 0
2 5 6 7 8 0
3 4 5 6 7 0
3 4 5 6 8 0
3 4 5 7 8 0
3 4 6 7 8 0
3 5 6 7 8 0
4 5 6 7 8 0
9 10 11 12 13 0
14 15 16 17 18 0
14 15 16 17 19 0
14 15 16 17 20 0
14 15 16 17 21 0
14 15 16 18 19 0
14 15 16 18 20 0
14 15 16 18 21 0
14 15 16 19 20 0
14 15 16 19 21 0
14 15 16 20 21 0
14 15 17 18 19 0
14 15 17 18 20 0
14 15 17 18 21 0
14 15 17 19 20 0
14 15 17 19 21 0
14 15 17 20 21 0
14 15 18 19 20 0
14 15 18 19 21 0
14 15 18 20 21 0
14 15 19 20 21 0
14 16 17 18 19 0
14 16 17 18 20 0
14 16 17 18 21 0
14 16 17 19 20 0
14 16 17 19 21 0
14 16 17 20 21 0
14 16 18 19 20 0
14 16 18 19 21 0
14 16 18 20 21 0
14 16 19 20 21 0
14 17 18 19 20 0
14 17 18 19 21 0
14 17 18 20 21 0
14 17 19 20 21 0
14 18 19 20 21 0
15 16 17 18 19 0
15 16 17 18 20 0
15 16 17 18 21 0
15 16 17 19 20 0
15 16 17 19 21 0
15 16 17 20 21 0
15 16 18 19 20 0
15 16 18 19 21 0
15 16 18 20 21 0
15 16 19 20 21 0
15 17 18 19 20 0
15 17 18 19 21 0
15 17 18 20 21 0
15 17 19 20 21 0
15 18 19 20 21 0
16 17 18 19 20 0
16 17 18 19 21 0
16 17 18 20 21 0
16 17 19 20 21 0
16 18 19 20 21 0
17 18 19 20 21 0
22 23 24 25 26 0
22 23 24 25 27 0
22 23 24 25 28 0
22 23 24 26 27 0
22 23 24 26 28 0
22 23 24 27 28 0
22 23 25 26 27 0
22 23 25 26 28 0
22 23 25 27 28 0
22 23 26 27 28 0
22 24 25 26 27 0
22 24 25 26 28 0
22 24 25 27 28 0
22 24 26 27 28 0
22 25 26 27 28 0
23 24 25 26 27 0
23 24 25 26 28 0
23 24 25 27 28 0
23 24 26 27 28 0
23 25 26 27 28 0
24 25 26 27 28 0
29 30 31 32 33 0
29 30 31 32 34 0
29 30 31 32 35 0
29 30 31 33 34 0
29 30 31 33 35 0
29 30 31 34 35 0
29 30 32 33 34 0
29 30 32 33 35 0
29 30 32 34 35 0
29 30 33 34 35 0
29 31 32 33 34 0
29 31 32 33 35 0
29 31 32 34 35 0
29 31 33 34 35 0
29 32 33 34 35 0
30 31 32 33 34 0
30 31 32 33 35 0
30 31 32 34 35 0
30 31 33 34 35 0
30 32 33 34 35 0
31 32 33 34 35 0
36 37 38 39 40 0
36 37 38 39 41 0
36 37 38 40 41 0
36 37 39 40 41 0
36 38 39 40 41 0
37 38 39 40 41 0
42 43 44 45 46 0
42 43 44 45 47 0
42 43 44 46 47 0
42 43 45 46 47 0
42 44 45 46 47 0
43 44 45 46 47 0
48 49 50 51 52 0
48 49 50 51 53 0
48 49 50 51 54 0
48 49 50 52 53 0
48 49 50 52 54 0
48 49 50 53 54 0
48 49 51 52 53 0
48 49 51 52 54 0
48 49 51 53 54 0
48 49 52 53 54 0
48 50 51 52 53 0
48 50 51 52 54 0
48 50 51 53 54 0
48 50 52 53 54 0
48 51 52 53 54 0
49 50 51 52 53 0
49 50 51 52 54 0
49 50 51 53 54 0
49 50 52 53 54 0
49 51 52 53 54 0
50 51 52 53 54 0
-1 -9 -14 -22 -29 0
-1 -9 -14 -22 -36 0
-1 -9 -14 -22 -42 0
-1 -9 -14 -22 0
-1 -9 -14 -29 -36 0
-1 -9 -14 -29 -42 0
-1 -9 -14 -29 0
-1 -9 -14 -36 -42 0
-1 -9 -14 -36 0
-1 -9 -14 -42 0
-1 -9 -22 -29 -36 0
-1 -9 -22 -29 -42 0
-1 -9 -22 -29 0
-1 -9 -22 -36 -42 0
-1 -9 -22 -36 0
-1 -9 -22 -42 0
-1 -9 -29 -36 -42 0
-1 -9 -29 -36 0
-1 -9 -29 -42 0
-1 -9 -36 -42 0
-1 -14 -22 -29 -36 0
-1 -14 -22 -29 -42 0
-1 -14 -22 -29 0
-1 -14 -22 -36 -42 0
-1 -14 -22 -36 0
-1 -14 -22 -42 0
-1 -14 -29 -36 -42 0
-1 -14 -29 -36 0
-1 -14 -29 -42 0
-1 -14 -36 -42 0
-1 -22 -29 -36 -42 0
-1 -22 -29 -36 0
-1 -22 -29 -42 0
-1 -22 -36 -42 0
-1 -29 -36 -42 0
-9 -14 -22 -29 -36 0
-9 -14 -22 -29 -42 0
-9 -14 -22 -29 0
-9 -14 -22 -36 -42 0
-9 -14 -22 -36 0
-9 -14 -22 -42 0
-9 -14 -29 -36 -42 0
-9 -14 -29 -36 0
-9 -14 -29 -42 0
-9 -14 -36 -42 0
-9 -22 -29 -36 -42 0
-9 -22 -29 -36 0
-9 -22 -29 -42 0
-9 -22 -36 -42 0
-9 -29 -36 -42 0
-14 -22 -29 -36 -42 0
-14 -22 -29 -36 0
-14 -22 -29 -42 0
-14 -22 -36 -42 0
-14 -29 -36 -42 0
-22 -29 -36 -42 0
-2 -10 -15 -30 0
-2 -10 -15 -37 0
-2 -10 -15 -43 0
-2 -10 -15 -48 0
-2 -10 -15 -30 -37 0
-2 -10 -15 -30 -43 0
-2 -10 -15 -30 -48 0
-2 -10 -15 -37 -43 0
-2 -10 -15 -37 -48 0
-2 -10 -15 -43 -48 0
-2 -10 -30 -37 0
-2 -10 -30 -43 0
-2 -10 -30 -48 0
-2 -10 -37 -43 0
-2 -10 -37 -48 0
-2 -10 -43 -48 0
-2 -10 -30 -37 -43 0
-2 -10 -30 -37 -48 0
-2 -10 -30 -43 -48 0
-2 -10 -37 -43 -48 0
-2 -15 -30 -37 0
-2 -15 -30 -43 0
-2 -15 -30 -48 0
-2 -15 -37 -43 0
-2 -15 -37 -48 0
-2 -15 -43 -48 0
-2 -15 -30 -37 -43 0
-2 -15 -30 -37 -48 0
-2 -15 -30 -43 -48 0
-2 -15 -37 -43 -48 0
-2 -30 -37 -43 0
-2 -30 -37 -48 0
-2 -30 -43 -48 0
-2 -37 -43 -48 0
-2 -30 -37 -43 -48 0
-10 -15 -30 -37 0
-10 -15 -30 -43 0
-10 -15 -30 -48 0
-10 -15 -37 -43 0
-10 -15 -37 -48 0
-10 -15 -43 -48 0
-10 -15 -30 -37 -43 0
-10 -15 -30 -37 -48 0
-10 -15 -30 -43 -48 0
-10 -15 -37 -43 -48 0
-10 -30 -37 -43 0
-10 -30 -37 -48 0
-10 -30 -43 -48 0
-10 -37 -43 -48 0
-10 -30 -37 -43 -48 0
-15 -30 -37 -43 0
-15 -30 -37 -48 0
-15 -30 -43 -48 0
-15 -37 -43 -48 0
-15 -30 -37 -43 -48 0
-30 -37 -43 -48 0
-3 -11 -16 -23 -31 0
-3 -11 -16 -23 0
-3 -11 -16 -23 -44 0
-3 -11 -16 -23 -49 0
-3 -11 -16 -31 0
-3 -11 -16 -31 -44 0
-3 -11 -16 -31 -49 0
-3 -11 -16 -44 0
-3 -11 -16 -49 0
-3 -11 -16 -44 -49 0
-3 -11 -23 -31 0
-3 -11 -23 -31 -44 0
-3 -11 -23 -31 -49 0
-3 -11 -23 -44 0
-3 -11 -23 -49 0
-3 -11 -23 -44 -49 0
-3 -11 -31 -44 0
-3 -11 -31 -49 0
-3 -11 -31 -44 -49 0
-3 -11 -44 -49 0
-3 -16 -23 -31 0
-3 -16 -23 -31 -44 0
-3 -16 -23 -31 -49 0
-3 -16 -23 -44 0
-3 -16 -23 -49 0
-3 -16 -23 -44 -49 0
-3 -16 -31 -44 0
-3 -16 -31 -49 0
-3 -16 -31 -44 -49 0
-3 -16 -44 -49 0
-3 -23 -31 -44 0
-3 -23 -31 -49 0
-3 -23 -31 -44 -49 0
-3 -23 -44 -49 0
-3 -31 -44 -49 0
-11 -16 -23 -31 0
-11 -16 -23 -31 -44 0
-11 -16 -23 -31 -49 0
-11 -16 -23 -44 0
-11 -16 -23 -49 0
-11 -16 -23 -44 -49 0
-11 -16 -31 -44 0
-11 -16 -31 -49 0
-11 -16 -31 -44 -49 0
-11 -16 -44 -49 0
-11 -23 -31 -44 0
-11 -23 -31 -49 0
-11 -23 -31 -44 -49 0
-11 -23 -44 -49 0
-11 -31 -44 -49 0
-16 -23 -31 -44 0
-16 -23 -31 -49 0
-16 -23 -31 -44 -49 0
-16 -23 -44 -49 0
-16 -31 -44 -49 0
-23 -31 -44 -49 0
-4 -12 -17 -24 -32 0
-4 -12 -17 -24 -38 0
-4 -12 -17 -24 -45 0
-4 -12 -17 -24 -50 0
-4 -12 -17 -32 -38 0
-4 -12 -17 -32 -45 0
-4 -12 -17 -32 -50 0
-4 -12 -17 -38 -45 0
-4 -12 -17 -38 -50 0
-4 -12 -17 -45 -50 0
-4 -12 -24 -32 -38 0
-4 -12 -24 -32 -45 0
-4 -12 -24 -32 -50 0
-4 -12 -24 -38 -45 0
-4 -12 -24 -38 -50 0
-4 -12 -24 -45 -50 0
-4 -12 -32 -38 -45 0
-4 -12 -32 -38 -50 0
-4 -12 -32 -45 -50 0
-4 -12 -38 -45 -50 0
-4 -17 -24 -32 -38 0
-4 -17 -24 -32 -45 0
-4 -17 -24 -32 -50 0
-4 -17 -24 -38 -45 0
-4 -17 -24 -38 -50 0
-4 -17 -24 -45 -50 0
-4 -17 -32 -38 -45 0
-4 -17 -32 -38 -50 0
-4 -17 -32 -45 -50 0
-4 -17 -38 -45 -50 0
-4 -24 -32 -38 -45 0
-4 -24 -32 -38 -50 0
-4 -24 -32 -45 -50 0
-4 -24 -38 -45 -50 0
-4 -32 -38 -45 -50 0
-12 -17 -24 -32 -38 0
-12 -17 -24 -32 -45 0
-12 -17 -24 -32 -50 0
-12 -17 -24 -38 -45 0
-12 -17 -24 -38 -50 0
-12 -17 -24 -45 -50 0
-12 -17 -32 -38 -45 0
-12 -17 -32 -38 -50 0
-12 -17 -32 -45 -50 0
-12 -17 -38 -45 -50 0
-12 -24 -32 -38 -45 0
-12 -24 -32 -38 -50 0
-12 -24 -32 -45 -50 0
-12 -24 -38 -45 -50 0
-12 -32 -38 -45 -50 0
-17 -24 -32 -38 -45 0
-17 -24 -32 -38 -50 0
-17 -24 -32 -45 -50 0
-17 -24 -38 -45 -50 0
-17 -32 -38 -45 -50 0
-24 -32 -38 -45 -50 0
-5 -18 -25 -33 0
-5 -18 -25 -39 0
-5 -18 -25 0
-5 -18 -25 -51 0
-5 -18 -33 -39 0
-5 -18 -33 0
-5 -18 -33 -51 0
-5 -18 -39 0
-5 -18 -39 -51 0
-5 -18 -51 0
-5 -25 -33 -39 0
-5 -25 -33 0
-5 -25 -33 -51 0
-5 -25 -39 0
-5 -25 -39 -51 0
-5 -25 -51 0
-5 -33 -39 0
-5 -33 -39 -51 0
-5 -33 -51 0
-5 -39 -51 0
-5 -18 -25 -33 -39 0
-5 -18 -25 -33 0
-5 -18 -25 -33 -51 0
-5 -18 -25 -39 0
-5 -18 -25 -39 -51 0
-5 -18 -25 -51 0
-5 -18 -33 -39 0
-5 -18 -33 -39 -51 0
-5 -18 -33 -51 0
-5 -18 -39 -51 0
-5 -25 -33 -39 0
-5 -25 -33 -39 -51 0
-5 -25 -33 -51 0
-5 -25 -39 -51 0
-5 -33 -39 -51 0
-18 -25 -33 -39 0
-18 -25 -33 0
-18 -25 -33 -51 0
-18 -25 -39 0
-18 -25 -39 -51 0
-18 -25 -51 0
-18 -33 -39 0
-18 -33 -39 -51 0
-18 -33 -51 0
-18 -39 -51 0
-25 -33 -39 0
-25 -33 -39 -51 0
-25 -33 -51 0
-25 -39 -51 0
-33 -39 -51 0
-18 -25 -33 -39 0
-18 -25 -33 -39 -51 0
-18 -25 -33 -51 0
-18 -25 -39 -51 0
-18 -33 -39 -51 0
-25 -33 -39 -51 0
-6 -13 -19 -26 0
-6 -13 -19 -26 -40 0
-6 -13 -19 -26 0
-6 -13 -19 -26 -52 0
-6 -13 -19 -40 0
-6 -13 -19 0
-6 -13 -19 -52 0
-6 -13 -19 -40 0
-6 -13 -19 -40 -52 0
-6 -13 -19 -52 0
-6 -13 -26 -40 0
-6 -13 -26 0
-6 -13 -26 -52 0
-6 -13 -26 -40 0
-6 -13 -26 -40 -52 0
-6 -13 -26 -52 0
-6 -13 -40 0
-6 -13 -40 -52 0
-6 -13 -52 0
-6 -13 -40 -52 0
-6 -19 -26 -40 0
-6 -19 -26 0
-6 -19 -26 -52 0
-6 -19 -26 -40 0
-6 -19 -26 -40 -52 0
-6 -19 -26 -52 0
-6 -19 -40 0
-6 -19 -40 -52 0
-6 -19 -52 0
-6 -19 -40 -52 0
-6 -26 -40 0
-6 -26 -40 -52 0
-6 -26 -52 0
-6 -26 -40 -52 0
-6 -40 -52 0
-13 -19 -26 -40 0
-13 -19 -26 0
-13 -19 -26 -52 0
-13 -19 -26 -40 0
-13 -19 -26 -40 -52 0
-13 -19 -26 -52 0
-13 -19 -40 0
-13 -19 -40 -52 0
-13 -19 -52 0
-13 -19 -40 -52 0
-13 -26 -40 0
-13 -26 -40 -52 0
-13 -26 -52 0
-13 -26 -40 -52 0
-13 -40 -52 0
-19 -26 -40 0
-19 -26 -40 -52 0
-19 -26 -52 0
-19 -26 -40 -52 0
-19 -40 -52 0
-26 -40 -52 0
-7 -20 -27 -34 0
-7 -20 -27 -41 0
-7 -20 -27 -46 0
-7 -20 -27 -53 0
-7 -20 -34 -41 0
-7 -20 -34 -46 0
-7 -20 -34 -53 0
-7 -20 -41 -46 0
-7 -20 -41 -53 0
-7 -20 -46 -53 0
-7 -27 -34 -41 0
-7 -27 -34 -46 0
-7 -27 -34 -53 0
-7 -27 -41 -46 0
-7 -27 -41 -53 0
-7 -27 -46 -53 0
-7 -34 -41 -46 0
-7 -34 -41 -53 0
-7 -34 -46 -53 0
-7 -41 -46 -53 0
-7 -20 -27 -34 -41 0
-7 -20 -27 -34 -46 0
-7 -20 -27 -34 -53 0
-7 -20 -27 -41 -46 0
-7 -20 -27 -41 -53 0
-7 -20 -27 -46 -53 0
-7 -20 -34 -41 -46 0
-7 -20 -34 -41 -53 0
-7 -20 -34 -46 -53 0
-7 -20 -41 -46 -53 0
-7 -27 -34 -41 -46 0
-7 -27 -34 -41 -53 0
-7 -27 -34 -46 -53 0
-7 -27 -41 -46 -53 0
-7 -34 -41 -46 -53 0
-20 -27 -34 -41 0
-20 -27 -34 -46 0
-20 -27 -34 -53 0
-20 -27 -41 -46 0
-20 -27 -41 -53 0
-20 -27 -46 -53 0
-20 -34 -41 -46 0
-20 -34 -41 -53 0
-20 -34 -46 -53 0
-20 -41 -46 -53 0
-27 -34 -41 -46 0
-27 -34 -41 -53 0
-27 -34 -46 -53 0
-27 -41 -46 -53 0
-34 -41 -46 -53 0
-20 -27 -34 -41 -46 0
-20 -27 -34 -41 -53 0
-20 -27 -34 -46 -53 0
-20 -27 -41 -46 -53 0
-20 -34 -41 -46 -53 0
-27 -34 -41 -46 -53 0
-8 -21 -28 -35 0
-8 -21 -28 0
-8 -21 -28 -47 0
-8 -21 -28 -54 0
-8 -21 -35 0
-8 -21 -35 -47 0
-8 -21 -35 -54 0
-8 -21 -47 0
-8 -21 -54 0
-8 -21 -47 -54 0
-8 -28 -35 0
-8 -28 -35 -47 0
-8 -28 -35 -54 0
-8 -28 -47 0
-8 -28 -54 0
-8 -28 -47 -54 0
-8 -35 -47 0
-8 -35 -54 0
-8 -35 -47 -54 0
-8 -47 -54 0
-8 -21 -28 -35 0
-8 -21 -28 -35 -47 0
-8 -21 -28 -35 -54 0
-8 -21 -28 -47 0
-8 -21 -28 -54 0
-8 -21 -28 -47 -54 0
-8 -21 -35 -47 0
-8 -21 -35 -54 0
-8 -21 -35 -47 -54 0
-8 -21 -47 -54 0
-8 -28 -35 -47 0
-8 -28 -35 -54 0
-8 -28 -35 -47 -54 0
-8 -28 -47 -54 0
-8 -35 -47 -54 0
-21 -28 -35 0
-21 -28 -35 -47 0
-21 -28 -35 -54 0
-21 -28 -47 0
-21 -28 -54 0
-21 -28 -47 -54 0
-21 -35 -47 0
-21 -35 -54 0
-21 -35 -47 -54 0
-21 -47 -54 0
-28 -35 -47 0
-28 -35 -54 0
-28 -35 -47 -54 0
-28 -47 -54 0
-35 -47 -54 0
-21 -28 -35 -47 0
-21 -28 -35 -54 0
-21 -28 -35 -47 -54 0
-21 -28 -47 -54 0
-21 -35 -47 -54 0
-28 -35 -47 -54 0
