p cnf 57 151
-5 20 27 0
9 14 -38 0
-7 -27 32 0
16 29 0
-34 -38 0
-42 52 -54 0
4 22 55 0
5 26 37 0
-14 20 40 0
-8 -22 0
-49 55 0
-38 -52 0
-5 46 0
-9 -29 0
24 -43 0
8 10 0
36 56 0
20 -56 0
-7 18 -46 0
-19 -20 0
9 -36 37 0
-19 -24 -36 0
-10 -32 51 0
-18 -32 -42 0
-9 -19 39 0
41 48 0
1 -20 -33 0
-37 -55 0
17 -31 34 0
8 -11 42 0
3 -8 -30 0
34 49 -57 0
21 -49 50 0
48 52 0
17 -33 -44 0
11 45 -49 0
19 27 33 0
-16 40 55 0
-21 30 0
4 6 47 0
16 19 -25 0
1 19 54 0
11 44 0
-44 -48 0
-4 -19 0
13 28 42 0
6 -45 -48 0
33 -51 0
-3 -55 0
-30 40 0
4 29 0
27 -32 0
-18 -28 39 0
-1 57 0
-35 -52 0
-9 23 51 0
5 15 0
38 -51 54 0
-28 29 57 0
-32 34 -45 0
-14 -19 -29 0
-5 -21 0
-36 -47 0
7 -13 0
-8 -9 20 0
25 -49 0
9 22 0
29 -30 0
14 -34 0
11 17 37 0
7 17 29 0
-1 -2 52 0
-27 -39 -51 0
-16 35 0
-6 -20 32 0
30 -39 0
6 22 -48 0
5 28 0
18 -41 0
-15 33 40 0
-2 -7 -37 0
2 41 50 0
-17 -33 0
12 -32 -54 0
46 57 0
23 35 -38 0
-43 46 0
-4 18 -23 0
-35 41 42 0
-8 32 -35 0
-14 53 0
-29 -32 0
-33 38 54 0
18 24 43 0
-16 27 -45 0
34 38 -47 0
-14 -40 53 0
12 -17 29 0
-9 -22 0
-16 26 54 0
4 16 0
2 -33 37 0
-24 47 -57 0
-22 -40 49 0
-26 -50 0
40 57 0
-1 -6 -35 0
8 -25 50 0
-19 29 48 0
34 -54 0
-26 49 0
27 48 0
32 -50 0
-40 48 -56 0
9 57 0
12 17 -27 0
2 39 0
2 -37 45 0
17 20 23 0
-27 36 37 0
13 -23 0
-20 -48 0
21 -48 0
-17 -35 0
8 -50 56 0
-21 -46 -55 0
38 41 0
-4 -9 -43 0
27 28 40 0
-28 52 0
31 50 51 0
1 3 -20 0
-2 54 0
-20 34 36 0
24 -33 -48 0
5 -7 50 0
8 11 50 0
-35 46 0
25 43 45 0
38 -53 -55 0
16 35 -38 0
1 -13 -18 0
21 -48 53 0
-34 -39 0
-5 45 0
37 -55 0
-12 48 0
1 -52 0
-8 -45 0
40 47 56 0
-27 43 0
