p cnf 89 293
-10 -11 -71 0
34 -50 67 0
-38 -79 84 0
-29 -33 60 0
12 -49 52 0
33 -35 69 0
-4 -56 76 0
-6 -40 -74 0
44 74 77 0
31 57 -65 0
-18 -20 53 0
-22 37 59 0
-8 10 29 0
4 -23 -31 0
4 -23 27 0
-23 -58 72 0
41 49 0
28 57 -70 0
-32 51 87 0
32 34 -44 0
23 -48 50 0
-41 -61 -86 0
-6 38 85 0
10 31 71 0
17 -45 74 0
-16 83 -89 0
1 46 59 0
8 -43 -84 0
4 5 -72 0
-8 31 74 0
34 -36 -66 0
-15 -17 -31 0
21 -24 -51 0
16 28 55 0
33 -84 0
48 -68 -72 0
-36 58 89 0
18 62 72 0
28 61 -75 0
20 74 83 0
-1 -15 -74 0
-1 -79 -85 0
20 70 0
22 75 0
45 56 70 0
17 -56 0
16 20 45 0
6 17 25 0
10 52 -77 0
36 83 -89 0
37 -45 -82 0
5 24 -50 0
-8 -56 -89 0
-4 -5 -64 0
6 37 51 0
-39 51 -68 0
-79 -86 0
-69 -84 0
-8 18 -40 0
15 -54 58 0
-15 -28 -74 0
-13 -69 0
-14 32 0
-22 23 62 0
10 41 48 0
48 -52 79 0
3 -25 -27 0
31 -37 -41 0
31 57 64 0
6 12 35 0
-34 36 -52 0
39 50 63 0
40 68 -79 0
14 -38 -62 0
14 -57 -73 0
20 -22 0
-18 -26 71 0
-25 -45 0
-4 -37 -88 0
63 85 0
-12 40 64 0
-59 -76 86 0
-9 10 67 0
-39 -40 -67 0
-11 -71 88 0
57 62 72 0
-25 -87 0
3 -29 37 0
66 -72 -87 0
2 -78 0
-38 -58 -59 0
29 59 66 0
56 -73 -83 0
-59 79 -89 0
-21 -58 68 0
16 29 0
-49 -67 -68 0
6 -59 81 0
-44 -51 -57 0
-6 25 -75 0
-24 56 79 0
37 -61 66 0
28 44 -48 0
-33 55 74 0
-10 30 -84 0
1 -25 -66 0
-29 47 -62 0
-15 43 48 0
55 -61 71 0
-65 -69 81 0
3 36 -46 0
-60 65 -87 0
7 33 0
11 -43 -59 0
-44 -59 -66 0
43 62 0
13 -49 -55 0
30 59 -78 0
-10 -48 -64 0
61 -85 0
-17 78 79 0
-10 45 56 0
24 65 -72 0
-9 -18 67 0
6 30 -57 0
-5 60 82 0
28 49 -60 0
47 74 82 0
16 60 -80 0
-24 -51 68 0
74 -76 88 0
14 40 86 0
46 78 -84 0
-45 79 -80 0
-8 -60 82 0
15 67 83 0
1 12 -56 0
8 -64 -75 0
-14 -35 87 0
-13 39 84 0
-14 34 -78 0
-33 -74 78 0
30 55 60 0
22 -56 82 0
48 70 -81 0
22 53 -57 0
-40 45 83 0
41 -43 52 0
-5 -6 -86 0
42 -54 0
29 -53 0
-36 38 -89 0
11 -30 72 0
-26 56 75 0
-43 -57 79 0
4 -44 63 0
10 -78 86 0
-39 41 70 0
39 -68 -72 0
1 33 -52 0
33 -73 78 0
-5 -44 48 0
20 -37 -51 0
-16 43 -55 0
2 -46 -83 0
-10 -19 -58 0
-12 49 75 0
15 43 -48 0
23 36 82 0
30 -33 82 0
-23 -31 -87 0
14 16 -19 0
16 77 -80 0
-6 8 -87 0
9 -28 79 0
2 -41 55 0
-18 35 83 0
3 -7 -64 0
-5 9 16 0
70 -83 -89 0
-22 -39 83 0
-25 -33 85 0
-37 44 -60 0
12 18 72 0
5 26 -81 0
1 -19 -44 0
-5 20 -82 0
10 86 -88 0
-43 -81 85 0
10 -36 82 0
-34 78 89 0
-4 -8 -54 0
14 19 49 0
-4 18 67 0
-31 36 -53 0
3 -34 -86 0
16 21 -45 0
18 -31 -35 0
-38 56 -58 0
-22 -36 -62 0
-27 28 53 0
6 15 -87 0
-39 -63 -86 0
-10 -25 -42 0
-38 -52 -89 0
11 -71 0
31 63 73 0
-17 -35 -44 0
14 -39 0
49 -64 -86 0
9 75 -83 0
6 -9 -23 0
6 20 -34 0
42 -57 -71 0
12 14 -63 0
38 -48 53 0
-3 41 47 0
-43 68 -70 0
-46 -59 0
20 23 -82 0
-9 -27 -49 0
-7 -12 69 0
-33 -39 68 0
-38 -82 89 0
-64 -76 0
14 -29 -41 0
7 49 70 0
9 -53 -66 0
-50 -82 -86 0
-20 76 0
5 -43 -83 0
10 30 -54 0
-14 15 61 0
60 61 -69 0
14 -70 -74 0
18 31 -73 0
31 51 -54 0
10 -78 82 0
29 70 72 0
-12 -27 -34 0
17 -23 73 0
15 19 -58 0
-10 30 82 0
-11 -26 0
32 69 74 0
13 -28 -65 0
41 54 83 0
-57 -68 0
7 24 -80 0
21 -75 88 0
28 -50 -88 0
1 42 -75 0
-38 -42 52 0
-16 -18 27 0
-24 37 38 0
-45 66 82 0
22 -36 -60 0
-2 5 87 0
-62 80 -81 0
11 22 -44 0
-37 53 -57 0
43 -65 -79 0
19 30 -89 0
-21 -53 -75 0
-22 43 -87 0
43 44 0
-16 22 27 0
-80 84 0
-5 -22 61 0
-10 30 -65 0
-14 39 -47 0
-30 46 -50 0
-15 -23 -89 0
-17 84 87 0
17 75 -87 0
59 -60 0
8 54 67 0
-13 -22 -46 0
1 -26 47 0
1 -52 55 0
-4 -32 -54 0
-48 67 70 0
-4 -53 -54 0
45 -63 68 0
32 -82 0
-8 64 0
-23 -40 -51 0
-37 -41 0
5 34 -79 0
43 -53 85 0
61 62 -65 0
-62 66 0
-18 -40 -64 0
