p cnf 84 276
-3 -55 -65 0
-5 68 0
-2 33 77 0
25 -48 0
16 -35 -68 0
-13 -41 72 0
32 66 0
-15 59 -83 0
16 39 -59 0
3 63 0
5 59 -81 0
14 -39 -68 0
26 43 0
-42 -49 0
38 -42 66 0
16 -30 -52 0
45 -46 49 0
-40 -43 -79 0
-21 24 -38 0
14 23 0
19 -25 29 0
46 -50 -55 0
62 -66 0
17 -28 -33 0
-55 -81 0
21 26 77 0
-4 49 74 0
-17 33 -48 0
-15 38 39 0
6 -22 36 0
39 50 56 0
20 39 0
3 -62 -78 0
29 -69 82 0
1 -23 0
36 62 -68 0
32 -51 78 0
7 -77 0
-6 75 81 0
-58 -65 -75 0
31 42 82 0
-55 -57 -71 0
-17 46 58 0
40 -68 84 0
-65 69 0
-3 9 79 0
8 -65 -84 0
18 -25 -36 0
-10 59 79 0
-2 -22 50 0
-28 -34 -62 0
12 -36 52 0
-11 46 -79 0
1 -47 -67 0
-6 -32 54 0
17 54 0
21 -50 -63 0
-21 -35 -52 0
-12 -41 -52 0
-11 -33 83 0
15 24 75 0
-24 -62 -75 0
52 -65 0
-2 11 65 0
56 -82 0
-10 -16 83 0
-26 54 -60 0
60 67 -70 0
7 46 -60 0
-22 59 84 0
42 -79 0
-23 45 -65 0
9 -39 -81 0
-10 -27 55 0
44 -53 -67 0
-18 -72 -77 0
42 68 83 0
43 -44 72 0
-1 -25 -35 0
14 -67 0
-15 -58 59 0
-10 -17 -53 0
-43 -60 70 0
-14 -55 -61 0
-10 12 -42 0
29 -41 62 0
8 -80 0
35 64 66 0
-3 18 37 0
52 -58 -81 0
20 -54 -63 0
36 43 69 0
47 -64 66 0
-42 43 54 0
-50 60 -68 0
-46 56 -59 0
-2 46 68 0
4 23 -84 0
42 -49 84 0
10 -35 65 0
45 55 63 0
22 -35 -51 0
59 -68 -72 0
31 63 0
12 -47 79 0
28 -29 0
-57 79 82 0
-23 25 0
1 25 -72 0
14 24 25 0
-43 66 -82 0
6 -9 -78 0
-6 23 63 0
-27 41 54 0
7 13 -72 0
-16 27 -78 0
2 25 0
11 23 83 0
-14 -15 -66 0
41 -60 0
12 36 64 0
51 -76 -84 0
6 76 0
28 -42 -45 0
-8 26 -84 0
-14 -23 43 0
34 -37 -44 0
-18 50 -71 0
-19 37 0
-53 -63 74 0
31 41 49 0
-2 13 14 0
-13 25 36 0
-14 18 -68 0
-6 -39 68 0
40 41 65 0
-21 79 84 0
6 29 -31 0
-10 -65 -67 0
38 -62 -73 0
45 -63 0
39 52 0
-3 -32 -62 0
26 -39 0
21 -29 -58 0
-5 -13 -45 0
-14 -16 -75 0
53 -83 0
6 -56 -79 0
-23 -59 78 0
29 50 -64 0
7 -65 0
-11 -24 47 0
-31 -45 0
-19 -70 -78 0
28 57 72 0
8 -22 -50 0
-62 -64 -66 0
42 68 74 0
9 -17 0
18 72 80 0
20 35 -56 0
1 -8 67 0
-6 51 0
-59 62 -72 0
-2 -57 -73 0
-43 -48 0
8 -48 71 0
-20 30 39 0
-73 -77 0
-22 67 0
58 -61 74 0
33 38 -43 0
-3 -28 -69 0
30 -43 56 0
-20 54 0
5 42 -47 0
15 -37 78 0
7 -27 -62 0
33 -46 56 0
-9 22 39 0
31 37 -78 0
-1 62 0
6 19 22 0
-25 63 -79 0
28 60 -65 0
16 25 -71 0
48 55 0
-1 -13 14 0
-25 -40 -72 0
20 65 -81 0
35 46 -73 0
-45 60 0
13 65 -76 0
-9 -42 -47 0
-18 24 38 0
9 -22 -55 0
-39 50 61 0
23 -30 38 0
42 68 77 0
49 61 -71 0
25 -33 73 0
-31 -59 -79 0
34 35 -78 0
-9 -82 0
2 7 41 0
-67 -72 0
13 -30 40 0
-14 -38 -53 0
-17 46 -65 0
-27 -28 52 0
-5 -34 0
2 -53 0
-60 -67 -73 0
15 63 -83 0
25 -64 0
-24 42 46 0
-3 -30 36 0
-73 76 80 0
2 45 51 0
-34 35 45 0
17 20 31 0
-21 33 -84 0
5 -10 51 0
74 -79 0
19 -79 0
-19 -38 74 0
-31 -42 -60 0
33 -38 -51 0
-25 41 -80 0
9 18 69 0
24 -58 76 0
-7 -9 -24 0
49 50 0
1 27 58 0
60 -78 -84 0
-44 -73 74 0
-32 36 -40 0
-6 76 0
-8 60 79 0
-38 66 -84 0
-35 -47 -78 0
7 -22 59 0
20 50 64 0
3 -34 82 0
-16 -32 51 0
38 -44 -77 0
-35 -36 75 0
-32 52 -73 0
2 47 -70 0
9 24 -78 0
-29 -40 76 0
32 -66 0
37 58 -75 0
7 22 -53 0
-7 -15 0
-72 77 82 0
33 51 -80 0
-20 54 -77 0
-20 -31 -37 0
12 -68 -74 0
-3 47 74 0
-27 29 35 0
28 -52 0
13 -21 -78 0
22 32 -33 0
-26 -67 69 0
53 64 -80 0
-5 14 -35 0
35 59 -71 0
19 -50 72 0
-18 -36 60 0
5 -37 -64 0
31 -81 84 0
12 16 -23 0
-28 -45 54 0
