p cnf 88 293
-21 -59 72 0
67 71 76 0
-38 -47 63 0
-11 -41 0
-2 -43 -77 0
18 40 -60 0
20 -56 -79 0
-55 -87 0
-42 47 -71 0
-18 42 62 0
-20 29 -88 0
16 40 78 0
-2 66 85 0
-1 53 -54 0
19 38 0
-2 -30 32 0
65 -70 -73 0
45 73 86 0
-24 -55 -59 0
-17 27 -39 0
23 54 57 0
-14 -41 -83 0
12 -22 -50 0
6 -16 66 0
39 43 79 0
11 37 0
11 28 35 0
32 -64 0
2 -30 -51 0
49 51 0
13 67 -85 0
-64 -69 -71 0
55 -56 66 0
16 77 -83 0
7 86 87 0
55 67 73 0
-12 -38 43 0
29 35 73 0
-52 -76 81 0
35 -45 0
-24 -42 48 0
34 -49 -71 0
-27 67 0
-5 36 -46 0
-51 -56 86 0
46 55 0
-5 -10 56 0
13 61 81 0
4 -33 52 0
-4 -31 -75 0
27 31 50 0
-10 70 0
-26 30 -54 0
22 36 44 0
29 -30 73 0
-8 12 -20 0
-9 -81 0
16 -50 63 0
-7 39 85 0
-44 -58 81 0
-5 49 0
26 -62 -66 0
-20 -67 -70 0
-6 -48 70 0
-22 43 64 0
-18 19 85 0
32 -36 73 0
11 23 -69 0
34 49 64 0
1 -41 84 0
-16 31 73 0
49 -74 0
-16 -26 -46 0
18 27 -55 0
-5 -7 -42 0
-53 77 82 0
-20 -48 72 0
-33 -40 -46 0
-32 -37 42 0
-20 -35 82 0
17 -28 -45 0
-17 -52 -66 0
11 -46 -88 0
24 -29 43 0
-2 45 50 0
28 -30 42 0
41 63 87 0
5 -22 -86 0
14 -65 -79 0
-16 -20 29 0
5 25 -43 0
10 34 0
58 81 -82 0
-42 65 69 0
5 -11 67 0
-12 33 72 0
11 22 -29 0
-7 -47 48 0
-14 -65 69 0
30 32 43 0
13 -27 65 0
2 48 52 0
66 -68 71 0
28 46 -68 0
13 20 32 0
-29 46 -69 0
-15 44 54 0
52 -59 60 0
-26 -66 0
-22 -60 -75 0
-46 -49 51 0
-19 -22 -29 0
-27 34 67 0
-33 -44 66 0
-52 -76 -81 0
46 -65 0
-52 -57 -71 0
-25 39 84 0
-28 -66 -76 0
2 6 33 0
-23 -80 -86 0
12 -53 58 0
-25 -58 -88 0
19 -24 -58 0
25 -40 -59 0
-26 33 64 0
15 25 -60 0
-9 63 75 0
-7 10 84 0
-9 40 55 0
-6 -16 27 0
68 -77 0
11 15 0
-18 27 -48 0
-4 7 28 0
-21 33 87 0
8 59 64 0
5 15 30 0
-40 55 77 0
8 -13 -62 0
-38 42 -72 0
32 -55 -62 0
-9 -14 -72 0
-58 62 85 0
-35 -39 -63 0
50 71 -84 0
-12 13 -59 0
-69 70 76 0
33 -42 68 0
47 49 0
-2 14 41 0
12 30 -60 0
13 -28 -58 0
-7 -8 -64 0
-5 -44 -66 0
41 57 -80 0
-14 21 -43 0
71 -74 77 0
-28 52 63 0
5 32 -68 0
-4 -53 80 0
29 59 0
-85 -88 0
-24 -45 -69 0
-1 55 71 0
18 -27 47 0
8 -49 0
-8 50 -70 0
-20 57 81 0
-33 38 49 0
46 58 79 0
-82 84 -87 0
20 -22 0
20 63 -65 0
4 -77 0
3 64 0
-11 21 84 0
1 -27 65 0
-10 37 -63 0
-44 56 0
-14 -49 88 0
-27 -44 88 0
47 -63 85 0
-14 52 -57 0
-56 -76 0
-25 -29 -55 0
17 25 43 0
-22 27 85 0
-30 -36 -74 0
29 31 36 0
45 -83 0
38 52 -83 0
-21 -55 82 0
31 37 79 0
6 12 -88 0
6 35 -88 0
31 -74 86 0
-35 69 0
-45 -58 75 0
16 -47 72 0
-22 -65 -88 0
35 -75 0
-41 67 -70 0
35 52 -69 0
1 5 0
2 -76 0
-10 20 43 0
22 23 -39 0
-17 50 0
42 -58 88 0
5 49 -52 0
-6 26 41 0
36 -78 -83 0
-13 48 0
17 -42 -70 0
-4 12 82 0
-17 -30 -60 0
-38 -53 70 0
-24 63 69 0
21 48 -74 0
65 76 88 0
-26 -69 86 0
25 -29 0
-11 21 -73 0
12 -21 -34 0
6 8 0
28 44 -48 0
24 33 85 0
33 -41 43 0
-2 33 -70 0
4 -49 -77 0
31 -43 70 0
-13 50 84 0
-47 63 0
7 -39 -51 0
-17 -38 -64 0
-44 51 -79 0
27 68 78 0
10 -43 -68 0
3 -25 -36 0
8 48 77 0
-15 78 83 0
-6 17 -71 0
30 -36 -68 0
17 -39 -68 0
36 54 -74 0
6 40 44 0
1 -62 84 0
49 -60 61 0
16 33 -38 0
33 57 84 0
-36 48 77 0
-17 -48 52 0
-6 9 39 0
6 9 -28 0
22 -67 -84 0
11 55 72 0
40 51 88 0
53 56 -61 0
-14 -33 66 0
19 22 76 0
-30 -31 75 0
-50 59 74 0
14 -20 50 0
-21 -26 -28 0
16 20 -65 0
8 -39 55 0
31 -41 -75 0
-13 -32 80 0
3 36 -56 0
-4 50 77 0
-28 82 0
-31 48 -78 0
-10 38 -63 0
17 53 -83 0
3 -55 0
27 78 87 0
-17 24 59 0
-31 -46 -76 0
13 -49 67 0
-44 -47 52 0
-18 -28 -47 0
14 -31 39 0
72 -74 0
-4 81 87 0
36 85 0
-25 55 -56 0
-33 46 60 0
-23 -46 -71 0
-8 15 -42 0
33 69 86 0
6 -40 47 0
-3 -85 0
