p cnf 90 297
-10 34 83 0
-6 -31 47 0
8 48 -52 0
35 59 -70 0
-32 -63 89 0
-11 28 53 0
14 -15 -16 0
40 50 -87 0
10 12 -69 0
-20 26 87 0
23 -29 -50 0
37 -62 -86 0
49 -61 81 0
-43 -74 -86 0
25 -39 -71 0
-18 -22 -46 0
-49 -55 -59 0
3 -25 -27 0
-38 42 76 0
-15 23 -26 0
9 47 -54 0
-59 -70 88 0
-20 64 85 0
-11 -62 -82 0
1 18 -56 0
47 -52 54 0
-58 -72 0
-14 19 84 0
16 -35 -41 0
-16 -64 74 0
43 64 0
-14 59 -66 0
2 -34 -38 0
52 -61 66 0
61 -66 72 0
-16 64 88 0
23 25 -50 0
9 -46 0
-2 -85 -89 0
32 49 50 0
24 56 84 0
-35 -68 0
3 -23 83 0
-25 -32 0
-21 -37 59 0
24 70 -85 0
13 -73 78 0
57 -69 -90 0
48 -68 0
14 79 -88 0
-3 -19 -36 0
-36 -72 0
13 43 62 0
-38 -76 90 0
32 -76 -88 0
11 28 29 0
14 -27 68 0
30 36 -45 0
23 -78 -81 0
7 41 0
-13 20 45 0
11 64 -79 0
39 -42 -43 0
36 62 80 0
-45 -72 76 0
-13 -30 63 0
-33 37 72 0
41 -51 -69 0
58 -71 -77 0
4 -26 82 0
26 32 -54 0
-39 54 -90 0
-30 33 49 0
-6 -20 58 0
35 47 -66 0
-45 -52 0
18 74 90 0
-29 -39 0
-33 -40 74 0
-9 13 -80 0
-6 25 82 0
-5 -40 57 0
39 51 57 0
-18 -20 22 0
-19 26 -81 0
5 48 -52 0
66 72 -83 0
16 45 67 0
1 27 38 0
22 -59 86 0
-5 9 -48 0
33 -41 -58 0
9 -19 73 0
5 49 65 0
-35 64 0
7 21 30 0
-18 61 0
-5 8 -16 0
36 -66 -67 0
11 -14 33 0
10 -20 46 0
12 49 62 0
-17 28 -29 0
16 32 37 0
-3 -13 -26 0
-10 65 74 0
39 63 -73 0
-12 35 80 0
-20 -42 0
4 -6 84 0
25 26 -88 0
19 44 -79 0
22 -30 79 0
55 -68 0
-28 -64 86 0
44 -66 0
-39 -46 47 0
53 -73 -82 0
-24 77 87 0
-10 46 -87 0
-12 37 60 0
66 -79 0
39 -40 -42 0
26 59 -69 0
6 29 45 0
-35 -58 66 0
18 20 60 0
-24 40 -62 0
-14 42 0
-31 75 77 0
-48 -81 -86 0
-37 50 -66 0
51 56 0
-3 9 40 0
21 80 89 0
8 18 -66 0
8 38 -58 0
-61 -65 -90 0
27 69 82 0
-3 -66 89 0
35 37 -67 0
24 26 0
-11 49 -51 0
-8 -43 49 0
36 62 -69 0
-21 -63 -70 0
52 -57 88 0
6 -80 82 0
-46 71 0
-25 51 0
19 70 80 0
34 43 -79 0
33 55 83 0
-4 80 88 0
31 -34 55 0
-22 48 61 0
-11 -19 79 0
-20 -37 -62 0
-25 -36 83 0
-55 57 -74 0
34 -72 78 0
11 -12 26 0
6 49 52 0
11 34 -85 0
51 53 -73 0
-16 68 -84 0
9 -47 54 0
-1 12 72 0
-30 64 0
-32 48 51 0
-82 -84 87 0
-24 75 90 0
-20 34 66 0
10 -29 -81 0
-20 26 60 0
-49 -60 85 0
-50 72 0
3 19 -39 0
-9 25 62 0
-6 -35 36 0
10 -63 84 0
-14 52 77 0
60 78 -88 0
-9 -74 78 0
-19 -43 0
5 74 79 0
-47 -53 -72 0
-3 -48 -53 0
19 -23 41 0
-26 -81 0
14 66 -83 0
-22 -44 -85 0
24 38 -86 0
4 65 84 0
-9 52 0
-40 71 74 0
-8 -53 0
7 -50 -82 0
-35 -52 -73 0
25 39 73 0
-13 -55 -56 0
24 55 89 0
-5 20 -69 0
9 15 74 0
8 22 0
33 53 -58 0
11 -63 -89 0
-29 -35 51 0
-7 -27 85 0
-52 -68 -72 0
-2 24 -78 0
11 -32 -60 0
10 -24 -38 0
8 -55 77 0
-55 56 71 0
-29 36 56 0
4 18 -41 0
-23 83 -87 0
-6 -11 -57 0
-1 49 81 0
-3 38 79 0
-13 -48 -66 0
-14 -57 77 0
14 43 64 0
-43 -44 73 0
17 -49 0
51 -53 0
13 48 -70 0
2 35 -55 0
-17 54 0
81 -83 -90 0
-28 -53 72 0
-48 -86 0
29 56 84 0
55 65 84 0
-46 53 -69 0
-52 75 0
-12 -71 -84 0
74 -86 90 0
-27 -50 -80 0
4 -22 25 0
3 -15 -39 0
-10 11 29 0
41 -58 -83 0
-51 -55 -59 0
-38 -75 -82 0
9 27 -58 0
4 -50 -76 0
-24 63 86 0
20 38 -90 0
73 -82 0
2 54 -88 0
13 -54 -69 0
8 -32 -88 0
3 67 0
50 67 77 0
-49 79 -86 0
-15 -39 89 0
3 -14 -25 0
6 -14 80 0
63 76 -83 0
36 -43 58 0
-79 -84 87 0
-22 67 82 0
-35 49 61 0
-16 -65 -68 0
-15 22 45 0
12 -73 87 0
25 42 -49 0
20 -45 69 0
10 58 89 0
-16 -25 -52 0
-27 50 51 0
-5 -63 77 0
-10 -34 0
-57 -59 -64 0
19 45 -79 0
17 -37 73 0
17 33 -77 0
-21 59 89 0
60 -65 -88 0
27 -73 86 0
-46 -59 77 0
-3 25 71 0
16 -58 -88 0
-33 43 -81 0
-30 -57 62 0
10 11 -35 0
21 54 -78 0
-47 -78 0
6 13 -29 0
32 -45 61 0
-8 19 -51 0
6 18 27 0
14 40 72 0
-10 -34 -50 0
-30 83 85 0
