p cnf 88 311
-14 61 -83 0
-6 22 85 0
2 -41 51 0
26 -79 -81 0
-20 -41 -49 0
42 -74 -79 0
33 -38 -71 0
20 48 -51 0
-26 -42 69 0
-17 24 86 0
-48 -50 81 0
45 59 62 0
-15 58 0
4 7 -69 0
-39 59 64 0
4 28 61 0
-3 19 85 0
14 -23 -24 0
9 -76 84 0
-25 43 -56 0
34 37 -42 0
-29 -58 66 0
4 -10 86 0
35 -70 0
12 -17 0
4 46 -56 0
21 33 0
-15 17 29 0
-4 -10 64 0
-26 -73 76 0
3 31 -55 0
12 -48 -63 0
-8 32 71 0
-64 71 0
-2 11 72 0
15 -57 74 0
-47 50 -86 0
11 27 -36 0
-34 60 -70 0
-7 -31 78 0
2 -29 -39 0
25 -52 -88 0
63 -66 75 0
2 -6 53 0
26 32 0
-4 6 7 0
27 43 -64 0
-4 -44 87 0
-68 -76 84 0
4 -60 0
-4 -23 66 0
-38 -56 76 0
37 55 -62 0
-32 -33 85 0
3 4 -39 0
-4 -27 -53 0
8 -61 66 0
21 47 77 0
78 -84 0
22 54 77 0
-37 48 -84 0
-8 -47 0
-2 -42 57 0
-43 -80 -83 0
6 -55 0
-21 -77 84 0
-23 -26 60 0
25 -36 45 0
14 52 0
-25 -30 -47 0
10 -72 -76 0
57 -78 0
9 11 0
58 77 -84 0
19 34 83 0
39 74 0
-6 49 0
-22 53 68 0
-9 -27 62 0
23 30 -70 0
33 -37 73 0
-41 57 85 0
79 -84 88 0
-52 55 -83 0
9 15 72 0
64 78 0
20 57 -84 0
-2 -22 -32 0
19 -68 0
58 64 -87 0
46 54 -86 0
-38 -66 80 0
-41 42 -43 0
11 23 -60 0
8 -47 -82 0
24 -48 66 0
-7 -13 64 0
13 17 -19 0
23 -24 86 0
24 -69 -84 0
-1 30 82 0
65 -69 -84 0
-10 31 -50 0
-35 53 66 0
-57 80 81 0
43 49 0
29 30 63 0
-44 48 77 0
-29 83 0
-16 45 59 0
-6 8 -28 0
34 -35 -88 0
5 -33 34 0
31 -55 63 0
-43 57 81 0
-19 59 -82 0
27 28 -87 0
23 34 63 0
7 -72 81 0
19 -28 32 0
-9 -12 33 0
13 -20 52 0
-14 15 44 0
20 70 81 0
-11 -57 82 0
47 80 0
-6 23 -88 0
2 87 0
-17 -26 49 0
-67 -75 87 0
-2 4 -60 0
-10 -34 41 0
-36 -40 47 0
1 34 61 0
-13 15 -76 0
-2 -16 59 0
-26 53 82 0
-20 44 0
26 60 -66 0
-4 35 -72 0
-23 51 -77 0
74 79 0
-2 -55 -80 0
-11 30 -47 0
-42 70 -76 0
-24 45 -50 0
-37 65 85 0
6 24 85 0
7 72 79 0
27 -54 -82 0
-60 76 0
36 -70 86 0
-15 -83 -85 0
-11 78 -79 0
54 70 73 0
-24 48 0
48 52 -54 0
-23 -24 -70 0
3 -30 44 0
-10 12 37 0
18 -86 0
39 -53 58 0
-42 -80 84 0
-19 25 -69 0
14 16 -55 0
-51 63 0
23 25 80 0
-30 36 -48 0
47 -52 -54 0
-23 27 -44 0
-11 47 75 0
-20 22 37 0
24 47 70 0
40 -49 84 0
-55 -80 0
-59 63 -78 0
-15 43 48 0
-34 74 82 0
-69 71 -74 0
18 -58 78 0
-20 26 0
-83 86 0
-8 58 -65 0
-11 -64 -82 0
-4 16 -64 0
7 -77 84 0
13 51 74 0
-42 74 85 0
-45 52 54 0
-26 -57 68 0
-19 42 0
-6 -33 69 0
39 60 69 0
-10 -11 78 0
-18 43 74 0
12 -27 -57 0
-8 16 76 0
40 -53 0
55 -59 62 0
10 62 -63 0
2 40 0
-4 65 -76 0
6 67 0
-31 -59 68 0
-46 -62 77 0
16 -33 -88 0
29 -86 0
13 21 46 0
52 80 0
-39 -40 -42 0
-3 19 0
-10 -26 -35 0
-22 37 -75 0
10 36 -61 0
-52 55 69 0
-46 -51 71 0
-41 72 -74 0
-15 20 -36 0
11 -19 71 0
22 -70 0
31 -53 79 0
-22 -49 50 0
24 -57 -58 0
-70 -72 -79 0
-2 -10 15 0
-22 32 0
-45 63 86 0
-10 20 82 0
-33 84 86 0
-26 68 -82 0
1 -30 -49 0
-19 30 -34 0
38 -40 53 0
-7 -54 -82 0
15 46 -52 0
-6 -58 81 0
-12 -76 0
-1 -13 20 0
-22 -55 -81 0
-12 -50 -77 0
-18 -37 80 0
-46 -68 -84 0
13 49 -61 0
-7 21 52 0
49 59 78 0
-5 -31 50 0
-30 49 71 0
17 -46 -52 0
9 12 -27 0
33 -39 0
-62 80 -84 0
36 77 82 0
61 68 81 0
4 42 -68 0
16 44 -47 0
11 18 55 0
-2 -8 -68 0
-2 71 -80 0
55 58 59 0
-2 -31 -83 0
-20 30 -74 0
-33 46 -65 0
21 65 85 0
-27 -35 -81 0
-41 -59 -75 0
-12 -27 81 0
27 56 85 0
17 36 40 0
17 19 35 0
-32 47 -52 0
4 12 -73 0
-31 -79 0
7 -33 -86 0
10 47 0
-9 -54 70 0
28 -40 58 0
8 37 -43 0
-6 -70 82 0
-7 -36 59 0
-3 17 -61 0
-1 -40 59 0
-30 -79 0
-6 34 70 0
22 28 -79 0
30 44 45 0
-27 -76 77 0
11 -22 0
-59 -64 -72 0
15 -28 -85 0
-24 -59 0
-21 -25 0
40 -43 -62 0
48 -52 0
1 27 0
-31 -66 -69 0
-8 -30 37 0
-27 -68 0
14 35 -77 0
15 -21 -63 0
46 67 0
36 81 -87 0
17 -24 -45 0
-8 -13 -42 0
-21 -39 63 0
14 33 59 0
-13 39 0
-26 40 84 0
-64 69 82 0
-49 64 70 0
-39 75 0
-13 18 0
