p cnf 87 296
3 70 -87 0
-42 62 75 0
-42 68 -74 0
-27 28 79 0
-46 -47 73 0
28 79 84 0
-31 -42 87 0
11 26 27 0
56 61 0
-10 24 -86 0
37 70 0
-9 10 46 0
23 -40 51 0
18 -47 -79 0
-10 -35 0
22 50 61 0
63 79 0
9 29 -69 0
4 -15 -76 0
-16 39 -60 0
33 -71 -76 0
-18 32 -79 0
22 49 -81 0
-8 10 71 0
-15 55 -73 0
11 68 82 0
-51 57 64 0
-2 -11 -43 0
12 28 -29 0
-8 -55 77 0
5 -62 84 0
2 64 83 0
-3 -31 -56 0
-22 64 -75 0
-56 -63 0
-14 24 72 0
45 75 -84 0
-39 -48 0
12 -23 0
-19 -67 72 0
57 82 0
-7 -20 -70 0
65 -70 -80 0
12 50 68 0
-1 -11 60 0
-2 20 -47 0
-1 64 0
29 70 85 0
15 -27 56 0
-33 -59 -61 0
16 43 -47 0
19 24 35 0
-9 53 -61 0
-18 -21 41 0
32 35 64 0
-3 38 -54 0
-8 -17 43 0
25 -65 -66 0
31 49 50 0
28 -31 -55 0
-49 -52 -77 0
3 -11 78 0
8 40 79 0
24 74 -78 0
-50 61 -72 0
-2 10 61 0
41 -62 87 0
-3 12 -25 0
8 -29 83 0
-9 17 -35 0
37 -71 -80 0
22 -55 0
25 31 -83 0
20 -28 63 0
23 -48 74 0
22 -80 0
-7 54 -76 0
21 -22 -85 0
18 42 76 0
-5 -64 65 0
-41 -51 -59 0
-6 -34 -79 0
35 -49 -85 0
-41 51 75 0
27 -50 -77 0
-31 82 0
6 17 -26 0
-43 -59 74 0
6 -41 78 0
9 78 -84 0
13 36 -68 0
4 39 0
-12 -52 0
20 71 -72 0
-28 72 0
38 -41 55 0
2 -34 -67 0
3 -34 83 0
34 -60 0
-7 56 -86 0
48 -63 -71 0
-59 61 -77 0
18 -29 0
41 -71 72 0
-13 -24 58 0
-22 -45 69 0
-18 35 -87 0
27 -43 71 0
-58 60 87 0
29 44 -83 0
-13 -44 -81 0
21 42 44 0
-38 -45 -66 0
6 -22 40 0
33 -58 67 0
-14 44 -69 0
44 49 57 0
25 -31 60 0
1 65 -87 0
64 74 -84 0
-17 -22 -31 0
68 69 72 0
-7 -10 -58 0
25 55 -73 0
66 71 -74 0
7 20 54 0
-52 -76 -82 0
-62 -67 79 0
34 -60 77 0
-33 39 -51 0
-15 -50 -81 0
-11 -51 -85 0
-37 -44 62 0
-61 -67 0
-12 -75 77 0
8 -44 -52 0
-10 56 -74 0
17 -20 36 0
-5 -7 36 0
-30 -64 -70 0
43 -48 -61 0
-79 -83 0
30 -37 -73 0
55 -64 69 0
11 -16 -79 0
-34 -36 -64 0
27 -46 48 0
11 -18 61 0
-50 -69 87 0
34 -54 -55 0
-1 37 50 0
9 31 -80 0
-55 -64 0
-11 32 39 0
-42 -65 -66 0
15 -19 35 0
-36 57 -76 0
14 61 -64 0
7 -63 -76 0
20 -60 0
-10 -32 38 0
-57 63 65 0
75 -85 86 0
1 -14 -45 0
47 59 66 0
1 -34 -36 0
42 53 67 0
13 44 72 0
11 16 -42 0
3 8 -55 0
58 63 -69 0
14 -24 -78 0
-55 -73 0
-34 -63 0
-22 -28 69 0
73 -83 87 0
-28 34 -49 0
2 22 70 0
-16 24 53 0
36 49 -79 0
8 52 -68 0
-12 -50 -62 0
-7 35 -87 0
2 -68 -74 0
7 -19 -63 0
-20 47 53 0
44 78 80 0
5 -58 87 0
11 -55 73 0
48 -50 -51 0
27 45 77 0
-3 -19 41 0
43 46 63 0
62 63 72 0
-35 -60 0
-16 17 -23 0
-5 50 75 0
6 31 39 0
60 -75 83 0
46 -73 79 0
33 49 0
-5 -83 0
25 30 31 0
-45 -50 52 0
-7 40 75 0
31 -53 -71 0
-12 -26 -79 0
11 23 -37 0
-34 35 -83 0
-65 87 0
38 41 49 0
-18 22 0
-5 -19 -32 0
-36 61 64 0
30 -31 65 0
-7 40 -41 0
-7 34 86 0
-3 4 -26 0
-14 44 48 0
32 60 -70 0
-7 -30 -78 0
-66 67 -68 0
7 29 -67 0
5 53 56 0
7 -22 -74 0
30 38 65 0
23 24 0
-49 80 82 0
-6 -36 70 0
-17 -35 37 0
-6 -44 -62 0
5 52 85 0
11 32 86 0
19 -81 83 0
-54 66 -78 0
-51 58 -84 0
-18 -44 -46 0
-62 -63 0
-47 -52 -58 0
58 75 0
-22 27 -34 0
-22 -66 -77 0
28 -52 56 0
38 51 63 0
-8 18 -82 0
7 -8 -10 0
19 -56 -83 0
34 -71 74 0
44 -76 0
8 -44 -84 0
26 37 47 0
-5 -8 16 0
15 -30 0
-9 34 55 0
21 37 0
10 -56 73 0
-28 42 -55 0
-17 -41 50 0
27 79 -81 0
-48 -66 0
25 -30 85 0
23 27 83 0
33 50 -80 0
34 -52 77 0
-27 -75 79 0
24 -33 60 0
42 -43 -54 0
34 -56 -72 0
-3 -22 70 0
28 -57 -69 0
-59 76 0
13 17 -21 0
-15 -38 -71 0
-49 -50 -60 0
-6 81 86 0
-36 -61 65 0
18 -28 -67 0
-17 27 39 0
-9 -63 -66 0
-52 -61 -72 0
-61 -74 85 0
-28 43 57 0
3 -39 77 0
26 -36 42 0
2 21 -29 0
58 61 0
15 35 -38 0
23 79 -82 0
-24 -35 47 0
23 -50 0
-3 -47 86 0
19 -40 73 0
-51 -53 54 0
-29 -67 -78 0
28 -43 46 0
-1 6 -50 0
