p cnf 146 533
1 2 3 4 0
-1 -2 0
-1 -3 0
-1 -4 0
-2 -3 0
-2 -4 0
-3 -4 0
5 6 0
-5 -6 0
7 8 9 10 0
-7 -8 0
-7 -9 0
-7 -10 0
-8 -9 0
-8 -10 0
-9 -10 0
11 12 13 0
-11 -12 0
-11 -13 0
-12 -13 0
14 15 16 0
-14 -15 0
-14 -16 0
-15 -16 0
17 18 19 0
-17 -18 0
-17 -19 0
-18 -19 0
20 21 22 23 0
-20 -21 0
-20 -22 0
-20 -23 0
-21 -22 0
-21 -23 0
-22 -23 0
24 25 26 0
-24 -25 0
-24 -26 0
-25 -26 0
27 28 29 0
-27 -28 0
-27 -29 0
-28 -29 0
30 31 32 0
-30 -31 0
-30 -32 0
-31 -32 0
33 34 0
-33 -34 0
35 36 37 38 0
-35 -36 0
-35 -37 0
-35 -38 0
-36 -37 0
-36 -38 0
-37 -38 0
39 40 41 42 0
-39 -40 0
-39 -41 0
-39 -42 0
-40 -41 0
-40 -42 0
-41 -42 0
43 44 0
-43 -44 0
45 46 47 0
-45 -46 0
-45 -47 0
-46 -47 0
48 49 50 0
-48 -49 0
-48 -50 0
-49 -50 0
51 52 53 0
-51 -52 0
-51 -53 0
-52 -53 0
54 55 56 57 0
-54 -55 0
-54 -56 0
-54 -57 0
-55 -56 0
-55 -57 0
-56 -57 0
58 59 60 61 0
-58 -59 0
-58 -60 0
-58 -61 0
-59 -60 0
-59 -61 0
-60 -61 0
62 63 64 65 0
-62 -63 0
-62 -64 0
-62 -65 0
-63 -64 0
-63 -65 0
-64 -65 0
66 67 68 69 0
-66 -67 0
-66 -68 0
-66 -69 0
-67 -68 0
-67 -69 0
-68 -69 0
70 71 72 0
-70 -71 0
-70 -72 0
-71 -72 0
73 74 75 76 0
-73 -74 0
-73 -75 0
-73 -76 0
-74 -75 0
-74 -76 0
-75 -76 0
77 78 79 0
-77 -78 0
-77 -79 0
-78 -79 0
80 81 82 0
-80 -81 0
-80 -82 0
-81 -82 0
83 84 85 0
-83 -84 0
-83 -85 0
-84 -85 0
86 87 88 0
-86 -87 0
-86 -88 0
-87 -88 0
89 90 0
-89 -90 0
91 92 93 94 0
-91 -92 0
-91 -93 0
-91 -94 0
-92 -93 0
-92 -94 0
-93 -94 0
95 96 97 0
-95 -96 0
-95 -97 0
-96 -97 0
98 99 100 101 0
-98 -99 0
-98 -100 0
-98 -101 0
-99 -100 0
-99 -101 0
-100 -101 0
102 103 104 0
-102 -103 0
-102 -104 0
-103 -104 0
105 106 0
-105 -106 0
107 108 109 0
-107 -108 0
-107 -109 0
-108 -109 0
110 111 112 113 0
-110 -111 0
-110 -112 0
-110 -113 0
-111 -112 0
-111 -113 0
-112 -113 0
114 115 116 117 0
-114 -115 0
-114 -116 0
-114 -117 0
-115 -116 0
-115 -117 0
-116 -117 0
118 119 120 0
-118 -119 0
-118 -120 0
-119 -120 0
121 122 0
-121 -122 0
123 124 125 126 0
-123 -124 0
-123 -125 0
-123 -126 0
-124 -125 0
-124 -126 0
-125 -126 0
127 128 129 130 0
-127 -128 0
-127 -129 0
-127 -130 0
-128 -129 0
-128 -130 0
-129 -130 0
131 132 133 0
-131 -132 0
-131 -133 0
-132 -133 0
134 135 136 0
-134 -135 0
-134 -136 0
-135 -136 0
137 138 139 140 0
-137 -138 0
-137 -139 0
-137 -140 0
-138 -139 0
-138 -140 0
-139 -140 0
141 142 143 0
-141 -142 0
-141 -143 0
-142 -143 0
144 145 146 0
-144 -145 0
-144 -146 0
-145 -146 0
-1 -35 0
-2 -36 0
-3 -37 0
-4 -38 0
-1 -51 0
-2 -52 0
-4 -53 0
-1 -73 0
-2 -74 0
-3 -75 0
-4 -76 0
-1 -83 0
-2 -84 0
-4 -85 0
-1 -105 0
-3 -106 0
-5 -8 0
-6 -10 0
-5 -12 0
-5 -36 0
-6 -38 0
-5 -52 0
-6 -53 0
-5 -55 0
-6 -57 0
-5 -92 0
-6 -94 0
-5 -122 0
-5 -128 0
-6 -130 0
-5 -135 0
-8 -30 0
-9 -31 0
-10 -32 0
-7 -123 0
-8 -124 0
-9 -125 0
-10 -126 0
-7 -141 0
-8 -142 0
-10 -143 0
-11 -33 0
-13 -34 0
-12 -43 0
-11 -77 0
-12 -78 0
-13 -79 0
-11 -89 0
-12 -90 0
-11 -105 0
-13 -106 0
-11 -141 0
-12 -142 0
-15 -31 0
-16 -32 0
-14 -35 0
-15 -37 0
-16 -38 0
-14 -83 0
-16 -85 0
-14 -98 0
-15 -100 0
-16 -101 0
-14 -102 0
-15 -104 0
-14 -121 0
-17 -27 0
-18 -28 0
-17 -39 0
-18 -40 0
-19 -41 0
-17 -51 0
-18 -52 0
-17 -70 0
-18 -71 0
-19 -72 0
-17 -141 0
-18 -142 0
-20 -27 0
-21 -28 0
-23 -29 0
-20 -62 0
-21 -63 0
-22 -64 0
-23 -65 0
-25 -30 0
-26 -32 0
-24 -35 0
-25 -36 0
-26 -38 0
-24 -58 0
-25 -59 0
-26 -61 0
-24 -66 0
-25 -67 0
-26 -69 0
-24 -73 0
-25 -74 0
-26 -76 0
-24 -121 0
-25 -122 0
-24 -123 0
-25 -124 0
-26 -126 0
-24 -127 0
-25 -128 0
-26 -130 0
-25 -144 0
-26 -146 0
-28 -30 0
-29 -32 0
-27 -45 0
-28 -46 0
-27 -73 0
-28 -74 0
-29 -76 0
-27 -91 0
-28 -92 0
-29 -94 0
-27 -95 0
-28 -96 0
-29 -97 0
-27 -105 0
-27 -114 0
-28 -115 0
-29 -117 0
-27 -137 0
-28 -138 0
-29 -140 0
-30 -43 0
-32 -44 0
-30 -48 0
-31 -49 0
-32 -50 0
-30 -52 0
-32 -53 0
-30 -99 0
-31 -100 0
-32 -101 0
-31 -106 0
-30 -135 0
-31 -136 0
-33 -51 0
-35 -45 0
-36 -46 0
-37 -47 0
-35 -77 0
-36 -78 0
-37 -79 0
-35 -127 0
-36 -128 0
-37 -129 0
-38 -130 0
-36 -144 0
-37 -145 0
-38 -146 0
-39 -45 0
-40 -46 0
-41 -47 0
-39 -91 0
-40 -92 0
-41 -93 0
-42 -94 0
-39 -118 0
-40 -119 0
-42 -120 0
-43 -55 0
-44 -57 0
-43 -74 0
-44 -76 0
-43 -108 0
-44 -109 0
-43 -128 0
-44 -130 0
-45 -77 0
-46 -78 0
-47 -79 0
-45 -95 0
-46 -96 0
-45 -102 0
-46 -103 0
-47 -104 0
-45 -110 0
-46 -111 0
-47 -112 0
-46 -144 0
-47 -145 0
-48 -67 0
-49 -68 0
-50 -69 0
-48 -71 0
-49 -72 0
-51 -98 0
-52 -99 0
-53 -101 0
-51 -107 0
-52 -108 0
-53 -109 0
-52 -144 0
-53 -146 0
-54 -86 0
-56 -87 0
-57 -88 0
-54 -121 0
-55 -122 0
-58 -89 0
-59 -90 0
-58 -131 0
-59 -132 0
-60 -133 0
-58 -141 0
-59 -142 0
-61 -143 0
-62 -70 0
-63 -71 0
-64 -72 0
-63 -144 0
-64 -145 0
-65 -146 0
-66 -70 0
-67 -71 0
-68 -72 0
-66 -80 0
-67 -81 0
-69 -82 0
-66 -95 0
-67 -96 0
-69 -97 0
-66 -123 0
-67 -124 0
-68 -125 0
-69 -126 0
-73 -95 0
-74 -96 0
-76 -97 0
-73 -110 0
-74 -111 0
-75 -112 0
-76 -113 0
-80 -91 0
-81 -92 0
-82 -94 0
-80 -141 0
-81 -142 0
-82 -143 0
-83 -89 0
-84 -90 0
-83 -105 0
-83 -118 0
-84 -119 0
-85 -120 0
-86 -91 0
-87 -93 0
-88 -94 0
-86 -107 0
-88 -109 0
-86 -110 0
-87 -112 0
-88 -113 0
-86 -121 0
-89 -102 0
-90 -103 0
-89 -123 0
-90 -124 0
-91 -95 0
-92 -96 0
-94 -97 0
-91 -127 0
-92 -128 0
-93 -129 0
-94 -130 0
-91 -141 0
-92 -142 0
-94 -143 0
-95 -118 0
-96 -119 0
-97 -120 0
-98 -107 0
-99 -108 0
-101 -109 0
-98 -141 0
-99 -142 0
-101 -143 0
-102 -134 0
-103 -135 0
-104 -136 0
-107 -141 0
-108 -142 0
-109 -143 0
-110 -131 0
-111 -132 0
-112 -133 0
-110 -141 0
-111 -142 0
-113 -143 0
-114 -118 0
-115 -119 0
-117 -120 0
-114 -131 0
-115 -132 0
-116 -133 0
-118 -131 0
-119 -132 0
-123 -141 0
-124 -142 0
-126 -143 0
-124 -144 0
-125 -145 0
-126 -146 0
-131 -141 0
-132 -142 0
-138 -144 0
-139 -145 0
-140 -146 0
